601700 风范股份 日线 前复权
      日期	    开盘	    最高	    最低	    收盘	    成交量	    成交额
2011-01-18,5.48,6.02,5.14,5.48,10744376,328510976.00
2011-01-19,5.33,5.53,5.25,5.51,4734134,140209024.00
2011-01-20,5.42,5.80,5.40,5.64,5166428,158346960.00
2011-01-21,5.55,5.68,5.44,5.58,2908130,88423160.00
2011-01-24,5.54,5.60,5.27,5.32,2356346,69705464.00
2011-01-25,5.23,5.29,4.99,5.03,2872336,80506768.00
2011-01-26,5.06,5.14,5.01,5.08,1592399,44480440.00
2011-01-27,5.04,5.19,4.99,5.14,1764453,49528556.00
2011-01-28,5.14,5.18,5.10,5.16,1151809,32547120.00
2011-01-31,5.15,5.23,5.11,5.19,1133401,32292420.00
2011-02-01,5.19,5.25,5.17,5.19,887143,25354762.00
2011-02-09,5.13,5.17,5.09,5.10,774796,21801524.00
2011-02-10,5.11,5.34,5.07,5.32,1668154,47948504.00
2011-02-11,5.30,5.39,5.29,5.33,1432966,41876160.00
2011-02-14,5.34,5.45,5.32,5.41,1538530,45296444.00
2011-02-15,5.44,5.44,5.35,5.35,1421677,41999968.00
2011-02-16,5.35,5.53,5.35,5.50,1798366,53782788.00
2011-02-17,5.50,5.53,5.37,5.44,1405217,41723740.00
2011-02-18,5.41,5.48,5.37,5.38,835333,24712812.00
2011-02-21,5.36,5.44,5.34,5.44,851669,25233758.00
2011-02-22,5.44,5.47,5.25,5.26,1357385,39674320.00
2011-02-23,5.23,5.29,5.22,5.27,566531,16345777.00
2011-02-24,5.26,5.31,5.24,5.30,558644,16168300.00
2011-02-25,5.27,5.30,5.22,5.27,561303,16179121.00
2011-02-28,5.27,5.36,5.27,5.36,603929,17637010.00
2011-03-01,5.35,5.39,5.33,5.36,692894,20349458.00
2011-03-02,5.33,5.35,5.26,5.31,812484,23591734.00
2011-03-03,5.30,5.33,5.23,5.23,778639,22478422.00
2011-03-04,5.23,5.30,5.23,5.29,356689,10300973.00
2011-03-07,5.30,5.32,5.28,5.32,738134,21464952.00
2011-03-08,5.31,5.32,5.27,5.27,748700,21707828.00
2011-03-10,5.28,5.36,5.27,5.32,984666,28714780.00
2011-03-11,5.33,5.35,5.29,5.32,592546,17278682.00
2011-03-14,5.32,5.34,5.27,5.34,756589,22016518.00
2011-03-15,5.34,5.40,5.25,5.39,1356839,39601728.00
2011-03-16,5.38,5.42,5.33,5.40,1081077,31807540.00
2011-03-17,5.36,5.49,5.34,5.40,1674350,49785744.00
2011-03-18,5.44,5.49,5.40,5.43,1008731,30026896.00
2011-03-21,5.43,5.46,5.33,5.34,879642,25851312.00
2011-03-22,5.35,5.45,5.35,5.40,895322,26523384.00
2011-03-23,5.41,5.53,5.41,5.51,1848385,55471992.00
2011-03-24,5.50,5.53,5.45,5.47,1016835,30451716.00
2011-03-25,5.49,5.52,5.45,5.48,938159,28140420.00
2011-03-28,5.51,5.55,5.46,5.53,1353468,40660276.00
2011-03-29,5.55,5.55,5.32,5.32,1308441,38705116.00
2011-03-30,5.27,5.28,5.12,5.14,1393513,39692296.00
2011-03-31,5.15,5.19,5.13,5.16,582361,16479176.00
2011-04-01,5.16,5.19,5.13,5.18,356635,10112451.00
2011-04-06,5.17,5.18,5.12,5.15,539365,15243270.00
2011-04-07,5.15,5.18,5.13,5.17,523897,14837371.00
2011-04-08,5.17,5.20,5.15,5.19,452707,12875554.00
2011-04-11,5.19,5.22,4.99,5.11,706149,20024682.00
2011-04-12,5.11,5.16,5.11,5.14,341632,9644589.00
2011-04-13,5.09,5.14,5.07,5.14,371374,10457117.00
2011-04-14,5.15,5.16,5.10,5.11,342484,9673643.00
2011-04-15,5.11,5.14,5.08,5.09,598300,16777652.00
2011-04-18,4.93,5.07,4.93,4.98,3133863,85709432.00
2011-04-19,4.97,4.97,4.89,4.91,1502516,40720264.00
2011-04-21,4.93,4.96,4.92,4.95,1005193,27407690.00
2011-04-22,4.95,4.95,4.91,4.93,605027,16448718.00
2011-04-25,4.94,4.95,4.79,4.80,981984,26303920.00
2011-04-26,4.79,4.82,4.75,4.76,645408,17044032.00
2011-04-27,4.77,4.80,4.57,4.61,1054315,27301966.00
2011-04-28,4.61,4.64,4.53,4.53,763235,19361614.00
2011-04-29,4.54,4.64,4.54,4.58,583015,14851625.00
2011-05-03,4.55,4.64,4.55,4.62,445290,11418985.00
2011-05-04,4.60,4.64,4.56,4.57,738848,18876454.00
2011-05-05,4.60,4.66,4.55,4.62,553152,14139514.00
2011-05-06,4.61,4.64,4.57,4.58,345166,8832515.00
2011-05-09,4.60,4.63,4.58,4.60,473728,12112033.00
2011-05-10,4.62,4.68,4.59,4.66,668118,17240968.00
2011-05-11,4.67,4.72,4.66,4.69,475899,12387242.00
2011-05-12,4.67,4.69,4.64,4.66,550410,14237757.00
2011-05-13,4.66,4.71,4.62,4.70,509057,13177962.00
2011-05-16,4.69,4.69,4.62,4.64,242348,6156628.00
2011-05-17,4.66,4.70,4.64,4.68,385383,9845408.00
2011-05-18,4.67,4.69,4.62,4.65,423581,10774342.00
2011-05-19,4.64,4.67,4.57,4.57,512525,12937228.00
2011-05-20,4.60,4.60,4.54,4.58,349497,8752025.00
2011-05-23,4.57,4.58,4.35,4.36,709800,17250268.00
2011-05-24,4.34,4.35,4.20,4.30,534136,12579805.00
2011-05-25,4.26,4.30,4.20,4.20,495146,11558854.00
2011-05-26,4.24,4.28,4.14,4.14,473881,10973219.00
2011-05-27,4.14,4.16,4.06,4.06,459839,10416282.00
2011-05-30,4.06,4.10,3.98,4.01,481797,10818251.00
2011-05-31,4.01,4.14,4.01,4.12,481909,10916791.00
2011-06-01,4.10,4.14,4.09,4.13,344072,7844582.00
2011-06-02,4.07,4.13,4.02,4.11,459427,10400287.00
2011-06-03,4.09,4.18,4.06,4.17,359178,8234248.00
2011-06-07,4.12,4.19,4.12,4.18,220617,5076228.00
2011-06-08,4.22,4.22,4.10,4.17,266759,6112371.00
2011-06-09,4.12,4.18,4.07,4.07,219299,4991098.00
2011-06-10,4.04,4.10,3.99,4.08,347714,7785035.00
2011-06-13,4.04,4.08,3.98,4.05,187576,4190103.00
2011-06-14,4.05,4.19,4.05,4.18,464865,10612827.00
2011-06-15,4.16,4.29,4.12,4.23,887910,20779968.00
2011-06-16,4.17,4.19,4.10,4.18,406759,9334825.00
2011-06-17,4.20,4.22,4.14,4.19,404839,9376724.00
2011-06-20,4.19,4.21,4.06,4.20,467036,10660074.00
2011-06-21,4.20,4.66,4.20,4.63,2860865,70588152.00
2011-06-22,4.54,4.69,4.41,4.63,2331993,57789240.00
2011-06-23,4.62,4.75,4.46,4.46,3200560,79556192.00
2011-06-24,4.45,4.52,4.34,4.51,2386166,58074920.00
2011-06-27,4.43,4.58,4.43,4.51,1578311,39053724.00
2011-06-28,4.50,4.52,4.44,4.48,828059,20351964.00
2011-06-29,4.46,4.49,4.40,4.40,721714,17638216.00
2011-06-30,4.41,4.48,4.38,4.48,860479,21059088.00
2011-07-01,4.49,4.50,4.46,4.47,541425,13319822.00
2011-07-04,4.48,4.55,4.48,4.55,1137940,28282932.00
2011-07-05,4.52,4.61,4.52,4.60,1022330,25635432.00
2011-07-06,4.60,4.60,4.50,4.57,889625,22153788.00
2011-07-07,4.56,4.65,4.54,4.58,1068232,26950036.00
2011-07-08,4.58,4.61,4.52,4.53,585531,14576619.00
2011-07-11,4.50,4.53,4.47,4.52,469356,11596899.00
2011-07-12,4.52,4.66,4.50,4.53,1159285,29087842.00
2011-07-13,4.53,4.63,4.50,4.62,1097290,27613756.00
2011-07-14,4.62,4.79,4.60,4.76,1961527,50365164.00
2011-07-15,4.79,4.79,4.70,4.73,1086699,28148276.00
2011-07-18,4.75,4.81,4.71,4.72,972912,25253444.00
2011-07-19,4.70,4.71,4.64,4.66,696921,17797172.00
2011-07-20,4.69,4.73,4.61,4.65,539964,13746880.00
2011-07-21,4.64,4.69,4.59,4.62,716188,18183988.00
2011-07-22,4.65,4.65,4.57,4.59,541716,13670544.00
2011-07-25,4.56,4.58,4.29,4.29,1115443,27073924.00
2011-07-26,4.29,4.35,4.24,4.29,465889,10979538.00
2011-07-27,4.28,4.35,4.24,4.34,528916,12553838.00
2011-07-28,4.31,4.36,4.28,4.36,404857,9618731.00
2011-07-29,4.31,4.38,4.26,4.32,358537,8544603.00
2011-08-01,4.32,4.42,4.32,4.41,373142,8986746.00
2011-08-02,4.26,4.30,4.12,4.22,1065125,24636212.00
2011-08-03,4.20,4.23,4.13,4.22,607789,14077735.00
2011-08-04,4.22,4.26,4.19,4.22,510679,11901841.00
2011-08-05,4.14,4.30,4.08,4.28,1120749,26181132.00
2011-08-08,4.20,4.34,4.06,4.12,876747,20288884.00
2011-08-09,3.98,4.04,3.87,4.01,743078,16345143.00
2011-08-10,4.08,4.14,4.03,4.07,462858,10474690.00
2011-08-11,3.96,4.11,3.92,4.11,416575,9367566.00
2011-08-12,4.12,4.22,4.12,4.16,367665,8487182.00
2011-08-15,4.16,4.23,4.14,4.22,439875,10197656.00
2011-08-16,4.22,4.25,4.18,4.22,446623,10396872.00
2011-08-17,4.26,4.26,4.18,4.19,260649,6053471.00
2011-08-18,4.19,4.19,4.04,4.05,481701,10945673.00
2011-08-19,4.00,4.01,3.94,3.99,414679,9155681.00
2011-08-22,3.96,4.04,3.96,4.00,274699,6111337.00
2011-08-23,4.00,4.09,4.00,4.08,303332,6797095.00
2011-08-24,4.08,4.13,4.06,4.06,295131,6697184.00
2011-08-25,4.06,4.18,4.06,4.17,558232,12781007.00
2011-08-26,4.17,4.22,4.13,4.21,410758,9490825.00
2011-08-29,4.16,4.20,4.15,4.17,374905,8636879.00
2011-08-30,4.17,4.21,4.11,4.12,358899,8277336.00
2011-08-31,4.12,4.15,4.07,4.11,181006,4106661.00
2011-09-01,4.11,4.13,4.08,4.10,168359,3824338.00
2011-09-02,4.12,4.13,4.02,4.04,255800,5734533.00
2011-09-05,4.02,4.02,3.96,3.97,231917,5120707.00
2011-09-06,3.97,4.00,3.96,3.98,140703,3100749.00
2011-09-07,3.98,4.07,3.98,4.07,237467,5323785.00
2011-09-08,4.11,4.12,3.96,4.00,182701,4101425.00
2011-09-09,4.00,4.04,3.96,4.01,183661,4066284.00
2011-09-13,3.96,4.00,3.96,3.98,152656,3367151.00
2011-09-14,4.02,4.04,3.97,4.04,137750,3057474.00
2011-09-15,4.04,4.08,4.04,4.05,176000,3958479.00
2011-09-16,4.09,4.10,4.02,4.05,120859,2715593.00
2011-09-19,4.05,4.24,4.05,4.15,856964,19702896.00
2011-09-20,4.12,4.15,4.07,4.14,419922,9565386.00
2011-09-21,4.13,4.22,4.11,4.22,574229,13293218.00
2011-09-22,4.22,4.22,4.04,4.06,361209,8263012.00
2011-09-23,3.96,4.04,3.96,4.03,300727,6665890.00
2011-09-26,4.01,4.06,3.97,3.98,186780,4146547.00
2011-09-27,4.00,4.04,3.98,4.00,159419,3542508.00
2011-09-28,4.04,4.04,3.94,3.96,230799,5103100.00
2011-09-29,3.92,3.98,3.87,3.88,267443,5804233.00
2011-09-30,3.88,3.89,3.86,3.87,184974,3987999.00
2011-10-10,3.93,3.96,3.87,3.88,56200,1215799.00
2011-10-11,3.95,3.98,3.87,3.88,161490,3520602.00
2011-10-12,3.88,4.02,3.82,4.00,232566,5095320.00
2011-10-13,4.00,4.03,3.95,3.99,365181,8075340.00
2011-10-14,3.98,3.99,3.92,3.94,191331,4191838.00
2011-10-17,3.94,3.99,3.94,3.98,163755,3604228.00
2011-10-18,3.95,3.97,3.85,3.86,187729,4067939.00
2011-10-19,3.88,3.92,3.82,3.86,110856,2386712.00
2011-10-20,3.85,3.89,3.75,3.76,223696,4730323.00
2011-10-21,3.72,3.82,3.71,3.71,134711,2810738.00
2011-10-24,3.71,3.74,3.62,3.73,169650,3514496.00
2011-10-25,3.56,3.68,3.50,3.67,1318304,26714440.00
2011-10-26,3.60,3.70,3.57,3.65,876734,17868924.00
2011-10-27,3.69,3.69,3.59,3.62,593950,12070484.00
2011-10-28,3.64,3.68,3.62,3.66,620338,12686560.00
2011-10-31,3.68,3.71,3.66,3.71,528879,10908396.00
2011-11-01,3.70,3.70,3.65,3.68,520368,10715143.00
2011-11-02,3.65,3.70,3.58,3.70,634762,12954308.00
2011-11-03,3.74,3.82,3.71,3.77,1080640,22803326.00
2011-11-04,3.80,3.81,3.74,3.78,501806,10576178.00
2011-11-07,3.79,3.80,3.75,3.76,392974,8287610.00
2011-11-08,3.76,3.77,3.71,3.72,378602,7901433.00
2011-11-09,3.74,3.74,3.68,3.74,295049,6130311.00
2011-11-10,3.71,3.73,3.67,3.69,324391,6713127.00
2011-11-11,3.69,3.72,3.66,3.69,303699,6259716.00
2011-11-14,3.71,3.82,3.70,3.82,753650,15882630.00
2011-11-15,3.82,3.90,3.82,3.86,992543,21374760.00
2011-11-16,3.87,3.93,3.76,3.80,1036584,22349942.00
2011-11-17,3.81,3.85,3.78,3.79,337345,7148585.00
2011-11-18,3.78,3.78,3.66,3.66,527433,10951967.00
2011-11-21,3.60,3.66,3.60,3.65,250945,5091366.00
2011-11-22,3.63,3.63,3.60,3.61,254599,5154706.00
2011-11-23,3.64,3.89,3.60,3.83,1381517,29418696.00
2011-11-24,3.79,3.90,3.79,3.88,1412049,30405772.00
2011-11-25,3.88,3.91,3.78,3.82,758864,16137114.00
2011-11-28,3.82,3.86,3.75,3.77,443000,9362751.00
2011-11-29,3.82,3.82,3.76,3.81,424687,8984030.00
2011-11-30,3.77,3.81,3.65,3.79,1041482,21723106.00
2011-12-01,3.87,4.20,3.81,4.03,3080343,67928904.00
2011-12-02,4.05,4.16,3.91,4.07,2844564,63314572.00
2011-12-05,4.11,4.17,3.96,4.08,2932722,66080092.00
2011-12-06,4.13,4.19,4.00,4.06,3531419,79893936.00
2011-12-07,4.09,4.09,3.93,4.04,2805404,62561256.00
2011-12-08,4.08,4.36,3.98,4.23,4559884,104382096.00
2011-12-09,4.17,4.33,4.12,4.23,4554438,106327792.00
2011-12-12,4.29,4.32,4.15,4.18,4008150,92872400.00
2011-12-13,4.16,4.16,3.93,3.96,1918392,42512432.00
2011-12-14,3.92,4.03,3.86,4.01,4041157,89212112.00
2011-12-15,3.97,4.08,3.88,4.06,4208102,94126816.00
2011-12-16,4.03,4.26,4.01,4.12,4793267,108458536.00
2011-12-19,4.14,4.14,3.98,4.10,2917262,66001384.00
2011-12-20,4.12,4.16,3.65,3.69,3873394,84137928.00
2011-12-21,3.63,3.63,3.28,3.35,3044285,58291320.00
2011-12-22,3.21,3.26,3.06,3.15,2323776,41857088.00
2011-12-23,3.18,3.24,2.96,2.97,1874291,32850704.00
2011-12-26,2.95,2.98,2.88,2.90,1007860,16978756.00
2011-12-27,2.91,2.91,2.74,2.75,1078675,17576000.00
2011-12-28,2.76,2.76,2.61,2.67,970345,15158590.00
2011-12-29,2.66,2.73,2.66,2.68,615462,9652527.00
2011-12-30,2.68,2.72,2.67,2.71,543085,8532446.00
2012-01-04,2.74,2.76,2.61,2.61,531998,8365448.00
2012-01-05,2.56,2.63,2.42,2.43,831309,12293908.00
2012-01-06,2.42,2.45,2.33,2.44,848497,12017113.00
2012-01-09,2.44,2.59,2.43,2.57,975105,14385085.00
2012-01-10,2.56,2.74,2.51,2.71,1273420,19589616.00
2012-01-11,2.70,2.79,2.66,2.78,1578508,25118712.00
2012-01-12,2.83,2.83,2.70,2.70,1401750,22392760.00
2012-01-13,2.67,2.73,2.54,2.56,954691,14612641.00
2012-01-16,2.52,2.54,2.45,2.46,366486,5375436.00
2012-01-17,2.46,2.62,2.42,2.59,956700,14290739.00
2012-01-18,2.60,2.60,2.48,2.54,1553786,23126616.00
2012-01-19,2.46,2.46,2.37,2.38,4477130,63348916.00
2012-01-20,2.35,2.41,2.31,2.41,3119682,43753996.00
2012-01-30,2.40,2.46,2.38,2.42,1721973,24595956.00
2012-01-31,2.41,2.41,2.34,2.38,1068239,14998583.00
2012-02-01,2.38,2.43,2.37,2.40,1087529,15462897.00
2012-02-02,2.40,2.44,2.38,2.44,1170898,16683642.00
2012-02-03,2.43,2.52,2.42,2.51,2264976,33074550.00
2012-02-06,2.54,2.55,2.50,2.55,1703324,25279506.00
2012-02-07,2.52,2.54,2.47,2.48,1599380,23445426.00
2012-02-08,2.48,2.55,2.46,2.54,1585457,23471816.00
2012-02-09,2.55,2.60,2.54,2.56,3004853,45315980.00
2012-02-10,2.56,2.60,2.56,2.57,2597152,39224584.00
2012-02-13,2.56,2.70,2.53,2.67,5249336,80545056.00
2012-02-14,2.64,2.67,2.61,2.64,2449719,37696380.00
2012-02-15,2.76,2.80,2.68,2.74,7209257,114840088.00
2012-02-16,2.75,2.92,2.70,2.84,6750494,109369408.00
2012-02-17,2.81,2.84,2.74,2.77,3450948,55585388.00
2012-02-20,2.81,2.83,2.72,2.73,2679330,42995180.00
2012-02-21,2.72,2.75,2.67,2.75,2106926,33245048.00
2012-02-22,2.74,2.81,2.74,2.80,2941109,47343764.00
2012-02-23,2.81,2.86,2.78,2.85,3916534,63927760.00
2012-02-24,2.90,2.99,2.89,2.91,6149422,103647504.00
2012-02-27,2.92,2.94,2.86,2.87,4292778,71708752.00
2012-02-28,2.86,2.86,2.76,2.82,2935163,47799308.00
2012-02-29,2.81,2.85,2.79,2.80,1412439,23012048.00
2012-03-01,2.80,2.84,2.79,2.82,1154384,18809166.00
2012-03-02,2.83,2.90,2.83,2.87,2036533,33670648.00
2012-03-05,2.90,2.91,2.84,2.86,2242137,37102276.00
2012-03-06,2.84,2.85,2.78,2.78,1790755,29015246.00
2012-03-07,2.74,2.82,2.72,2.76,1434633,23051464.00
2012-03-08,2.78,2.81,2.77,2.80,1113283,18010328.00
2012-03-09,2.81,2.88,2.81,2.88,2575289,42397864.00
2012-03-12,2.89,2.91,2.84,2.88,1619001,26769216.00
2012-03-13,2.88,2.96,2.87,2.95,3019163,50785760.00
2012-03-14,2.99,2.99,2.74,2.76,4314100,71814192.00
2012-03-15,2.76,2.78,2.61,2.66,2216743,34693932.00
2012-03-16,2.67,2.74,2.65,2.73,1443856,22695284.00
2012-03-19,2.73,2.78,2.70,2.78,1411008,22453004.00
2012-03-20,2.76,2.76,2.67,2.68,1384784,21810698.00
2012-03-21,2.68,2.74,2.66,2.73,1011153,15866809.00
2012-03-22,2.73,2.78,2.72,2.73,989001,15758435.00
2012-03-23,2.73,2.73,2.65,2.66,968274,15098743.00
2012-03-26,2.68,2.69,2.63,2.67,550010,8512719.00
2012-03-27,2.68,2.70,2.67,2.67,693464,10834408.00
2012-03-28,2.67,2.67,2.44,2.47,1571710,23380532.00
2012-03-29,2.46,2.47,2.38,2.42,1035152,14854449.00
2012-03-30,2.42,2.44,2.40,2.42,577552,8256909.00
2012-04-05,2.38,2.50,2.38,2.50,887672,12889985.00
2012-04-06,2.50,2.53,2.48,2.50,690624,10162038.00
2012-04-09,2.47,2.53,2.47,2.49,468379,6915462.00
2012-04-10,2.48,2.56,2.46,2.56,503427,7396261.00
2012-04-11,2.54,2.59,2.46,2.55,685863,10275065.00
2012-04-12,2.59,2.62,2.53,2.60,661492,9996511.00
2012-04-13,2.60,2.68,2.60,2.64,962574,14794964.00
2012-04-16,2.64,2.67,2.60,2.64,685312,10570057.00
2012-04-17,2.65,2.66,2.57,2.57,824381,12534185.00
2012-04-18,2.58,2.66,2.58,2.65,921363,14123164.00
2012-04-19,2.66,2.67,2.63,2.66,740734,11457221.00
2012-04-20,2.66,2.69,2.63,2.69,950932,14794693.00
2012-04-23,2.69,2.77,2.69,2.72,2192948,34814344.00
2012-04-24,2.56,2.62,2.51,2.56,2091028,31428000.00
2012-04-25,2.56,2.59,2.54,2.58,1251487,18796754.00
2012-04-26,2.58,2.62,2.57,2.61,1149820,17436936.00
2012-04-27,2.62,2.86,2.62,2.79,4788720,76712832.00
2012-05-02,2.80,2.87,2.80,2.82,3982334,65262752.00
2012-05-03,2.82,2.84,2.78,2.82,1709604,27804840.00
2012-05-04,2.83,2.86,2.79,2.85,1802303,29467554.00
2012-05-07,2.81,2.95,2.81,2.93,3288060,55096420.00
2012-05-08,2.93,2.93,2.84,2.87,2123566,35168840.00
2012-05-09,2.86,2.86,2.77,2.78,1456713,23569732.00
2012-05-10,2.78,2.82,2.78,2.80,819745,13280313.00
2012-05-11,2.81,2.83,2.76,2.76,1048595,16945184.00
2012-05-14,2.78,2.80,2.72,2.72,1175105,18770380.00
2012-05-15,2.68,2.79,2.66,2.78,1145338,18001062.00
2012-05-16,2.79,2.81,2.73,2.76,994550,15935097.00
2012-05-17,2.78,2.81,2.73,2.78,958539,15436653.00
2012-05-18,2.76,2.78,2.67,2.67,1315060,20717222.00
2012-05-21,2.68,2.71,2.63,2.67,564752,8766446.00
2012-05-22,2.69,2.73,2.66,2.72,700504,10956376.00
2012-05-23,2.72,2.72,2.66,2.66,983168,15304178.00
2012-05-24,2.66,2.71,2.65,2.69,1084519,16915528.00
2012-05-28,2.66,2.66,2.49,2.62,1934561,28944034.00
2012-05-29,2.60,2.68,2.60,2.65,977329,15057751.00
2012-05-30,2.65,2.66,2.61,2.63,622958,9589532.00
2012-05-31,2.62,2.63,2.56,2.62,914189,13882038.00
2012-06-01,2.67,2.74,2.66,2.70,1842925,29044142.00
2012-06-04,2.65,2.65,2.56,2.56,1081074,16396987.00
2012-06-05,2.56,2.62,2.55,2.56,664836,10005487.00
2012-06-06,2.59,2.59,2.54,2.57,394549,5921372.00
2012-06-07,2.59,2.62,2.56,2.57,608397,9226310.00
2012-06-08,2.61,2.61,2.54,2.55,365000,5497066.00
2012-06-11,2.58,2.61,2.54,2.61,370576,5508697.00
2012-06-12,2.60,2.61,2.57,2.59,215590,3221334.00
2012-06-13,2.60,2.69,2.60,2.66,565330,8623900.00
2012-06-14,2.72,2.96,2.71,2.79,3947710,63899736.00
2012-06-15,2.74,2.77,2.68,2.69,2906190,45251264.00
2012-06-18,2.71,2.74,2.68,2.70,1439992,22385256.00
2012-06-19,2.70,2.70,2.66,2.68,825615,12690961.00
2012-06-20,2.69,2.72,2.68,2.69,617511,9570011.00
2012-06-21,2.68,2.72,2.66,2.70,1430379,22157082.00
2012-06-25,2.70,2.76,2.68,2.74,2241488,35146380.00
2012-06-26,2.72,2.80,2.72,2.80,3398455,53757916.00
2012-06-27,2.78,2.83,2.75,2.77,2613444,41503908.00
2012-06-28,2.77,2.80,2.56,2.61,2155535,33563504.00
2012-07-02,2.69,2.70,2.59,2.61,1888777,28582280.00
2012-07-03,2.62,2.65,2.59,2.60,1149050,17342070.00
2012-07-04,2.59,2.64,2.59,2.62,908196,13661886.00
2012-07-05,2.64,2.64,2.50,2.51,1256152,18561792.00
2012-07-06,2.52,2.57,2.47,2.56,875956,12905973.00
2012-07-09,2.58,2.63,2.54,2.57,1135052,17031576.00
2012-07-10,2.63,2.63,2.57,2.59,894562,13427443.00
2012-07-11,2.59,2.59,2.50,2.53,847345,12413819.00
2012-07-12,2.51,2.59,2.49,2.57,926985,13611959.00
2012-07-13,2.56,2.62,2.54,2.59,681866,10176884.00
2012-07-16,2.57,2.59,2.49,2.49,598446,8746767.00
2012-07-17,2.49,2.49,2.37,2.44,960155,13553250.00
2012-07-18,2.44,2.48,2.42,2.48,425081,6064794.00
2012-07-19,2.47,2.52,2.47,2.49,540852,7849331.00
2012-07-20,2.48,2.51,2.46,2.47,288950,4164897.00
2012-07-23,2.46,2.47,2.41,2.45,227301,3223818.00
2012-07-24,2.42,2.50,2.42,2.47,257793,3687512.00
2012-07-25,2.47,2.49,2.44,2.48,285120,4086733.00
2012-07-26,2.50,2.51,2.47,2.48,325610,4698879.00
2012-07-27,2.48,2.50,2.47,2.50,375701,5426524.00
2012-07-30,2.52,2.53,2.48,2.50,476514,6919375.00
2012-07-31,2.49,2.49,2.40,2.42,326464,4608176.00
2012-08-01,2.46,2.48,2.41,2.46,230400,3293584.00
2012-08-02,2.45,2.48,2.41,2.42,309009,4382668.00
2012-08-03,2.44,2.49,2.44,2.48,514945,7385412.00
2012-08-06,2.47,2.57,2.47,2.56,875447,12876394.00
2012-08-07,2.59,2.59,2.54,2.56,879526,13009419.00
2012-08-08,2.55,2.58,2.53,2.55,445174,6569662.00
2012-08-09,2.53,2.59,2.52,2.58,654687,9725539.00
2012-08-10,2.58,2.70,2.56,2.64,1010265,15226151.00
2012-08-13,2.62,2.63,2.55,2.55,634965,9485434.00
2012-08-14,2.55,2.57,2.50,2.56,536910,7893257.00
2012-08-15,2.54,2.59,2.54,2.57,581199,8647564.00
2012-08-16,2.53,2.59,2.52,2.56,309439,4583758.00
2012-08-17,2.56,2.62,2.53,2.62,768439,11507492.00
2012-08-20,2.63,2.64,2.55,2.60,616060,9169488.00
2012-08-21,2.60,2.63,2.58,2.62,669057,10078140.00
2012-08-22,2.61,2.63,2.56,2.59,575630,8658252.00
2012-08-23,2.59,2.65,2.56,2.64,690573,10359141.00
2012-08-24,2.64,2.64,2.55,2.55,692051,10318723.00
2012-08-27,2.54,2.55,2.50,2.53,451338,6588871.00
2012-08-28,2.52,2.57,2.52,2.55,317653,4681817.00
2012-08-29,2.55,2.61,2.54,2.56,437508,6521941.00
2012-08-30,2.54,2.57,2.47,2.51,426083,6217532.00
2012-08-31,2.49,2.53,2.49,2.51,239580,3490209.00
2012-09-03,2.51,2.58,2.47,2.56,222731,3290874.00
2012-09-04,2.55,2.58,2.53,2.54,259012,3833352.00
2012-09-05,2.52,2.57,2.52,2.56,243111,3586642.00
2012-09-06,2.59,2.60,2.58,2.60,448346,6699124.00
2012-09-07,2.60,2.72,2.60,2.67,2302563,35364504.00
2012-09-10,2.67,2.69,2.64,2.66,1405350,21588482.00
2012-09-11,2.64,2.72,2.63,2.72,1624574,25027330.00
2012-09-12,2.72,2.73,2.68,2.70,988300,15311772.00
2012-09-13,2.73,2.73,2.64,2.65,793259,12242349.00
2012-09-14,2.68,2.69,2.62,2.68,584250,8937793.00
2012-09-17,2.68,2.69,2.60,2.60,678656,10257559.00
2012-09-18,2.59,2.60,2.53,2.54,580728,8599289.00
2012-09-19,2.55,2.58,2.54,2.57,279818,4145403.00
2012-09-20,2.55,2.55,2.48,2.49,669366,9717650.00
2012-09-21,2.48,2.51,2.47,2.49,403455,5830919.00
2012-09-24,2.47,2.50,2.44,2.49,316358,4540695.00
2012-09-25,2.47,2.50,2.46,2.49,262990,3773544.00
2012-09-26,2.48,2.48,2.42,2.42,440588,6254016.00
2012-09-27,2.41,2.50,2.41,2.47,405676,5799612.00
2012-09-28,2.47,2.50,2.45,2.50,336412,4843810.00
2012-10-08,2.49,2.53,2.48,2.50,330755,4798044.00
2012-10-09,2.49,2.55,2.49,2.54,461253,6775580.00
2012-10-10,2.54,2.56,2.52,2.56,365195,5383620.00
2012-10-11,2.56,2.56,2.50,2.51,438776,6437888.00
2012-10-12,2.52,2.54,2.50,2.53,270159,3947356.00
2012-10-15,2.51,2.53,2.48,2.49,219338,3184347.00
2012-10-16,2.49,2.53,2.48,2.50,211191,3067277.00
2012-10-17,2.50,2.54,2.50,2.51,296300,4324246.00
2012-10-18,2.54,2.56,2.52,2.55,557320,8221576.00
2012-10-19,2.56,2.60,2.55,2.57,376205,5583677.00
2012-10-22,2.56,2.63,2.56,2.62,793724,11902102.00
2012-10-23,2.65,2.65,2.58,2.63,1431572,21641548.00
2012-10-24,2.60,2.60,2.55,2.58,994250,14768406.00
2012-10-25,2.56,2.59,2.54,2.56,411624,6107392.00
2012-10-26,2.54,2.56,2.48,2.49,514867,7489100.00
2012-10-29,2.48,2.50,2.47,2.48,339189,4891380.00
2012-10-30,2.48,2.50,2.48,2.48,187019,2699651.00
2012-10-31,2.48,2.50,2.47,2.50,249807,3603148.00
2012-11-01,2.49,2.55,2.48,2.54,310699,4550189.00
2012-11-02,2.54,2.55,2.51,2.54,245157,3597987.00
2012-11-05,2.52,2.54,2.52,2.54,336168,4915956.00
2012-11-06,2.53,2.55,2.48,2.50,298705,4325382.00
2012-11-07,2.49,2.51,2.48,2.50,257073,3724689.00
2012-11-08,2.48,2.49,2.44,2.44,547154,7824651.00
2012-11-09,2.44,2.46,2.42,2.44,286195,4062234.00
2012-11-12,2.44,2.46,2.43,2.44,209819,2980310.00
2012-11-13,2.46,2.46,2.42,2.42,329740,4662708.00
2012-11-14,2.41,2.45,2.40,2.43,197158,2773931.00
2012-11-15,2.42,2.44,2.38,2.39,223432,3145141.00
2012-11-16,2.42,2.42,2.35,2.36,391124,5407367.00
2012-11-19,2.34,2.38,2.34,2.37,237103,3272803.00
2012-11-20,2.39,2.39,2.37,2.38,240250,3334748.00
2012-11-21,2.38,2.40,2.35,2.40,216194,2998947.00
2012-11-22,2.40,2.40,2.37,2.39,176861,2466677.00
2012-11-23,2.38,2.40,2.38,2.38,153773,2147095.00
2012-11-26,2.37,2.40,2.35,2.36,125000,1728321.00
2012-11-27,2.36,2.38,2.27,2.27,299805,4057063.00
2012-11-28,2.27,2.30,2.24,2.26,182622,2433003.00
2012-11-29,2.24,2.29,2.16,2.17,333537,4353227.00
2012-11-30,2.20,2.20,2.15,2.19,279300,3601543.00
2012-12-03,2.16,2.19,2.10,2.13,193027,2467217.00
2012-12-04,2.13,2.14,2.06,2.13,315587,3948966.00
2012-12-05,2.11,2.24,2.11,2.21,454221,5895968.00
2012-12-06,2.22,2.22,2.19,2.19,219340,2857537.00
2012-12-07,2.19,2.28,2.19,2.25,338900,4470154.00
2012-12-10,2.24,2.29,2.22,2.29,413291,5509635.00
2012-12-11,2.30,2.31,2.26,2.28,458029,6150255.00
2012-12-12,2.28,2.29,2.26,2.27,264043,3528075.00
2012-12-13,2.25,2.27,2.22,2.23,292124,3872404.00
2012-12-14,2.24,2.34,2.23,2.32,986849,13350971.00
2012-12-17,2.32,2.36,2.30,2.33,626760,8562334.00
2012-12-18,2.32,2.35,2.32,2.32,424870,5807211.00
2012-12-19,2.32,2.34,2.31,2.32,263472,3586551.00
2012-12-20,2.31,2.35,2.31,2.34,493146,6742575.00
2012-12-21,2.34,2.39,2.34,2.37,720917,9940626.00
2012-12-24,2.37,2.45,2.37,2.43,1064429,15039830.00
2012-12-25,2.43,2.54,2.42,2.50,1625475,23427346.00
2012-12-26,2.51,2.63,2.51,2.62,2781125,41531012.00
2012-12-27,2.62,2.70,2.54,2.55,2523907,37960380.00
2012-12-28,2.54,2.64,2.52,2.63,1781380,26594304.00
2012-12-31,2.62,2.69,2.61,2.64,1412771,21473172.00
2013-01-04,2.66,2.69,2.57,2.62,1386720,20941060.00
2013-01-07,2.62,2.67,2.58,2.67,1737434,26401412.00
2013-01-08,2.66,2.92,2.64,2.83,5337230,85380680.00
2013-01-09,2.78,2.88,2.77,2.80,2463242,39527964.00
2013-01-10,2.81,2.87,2.78,2.82,1823751,29437268.00
2013-01-11,2.80,2.97,2.80,2.87,3528221,57883300.00
2013-01-14,2.90,3.12,2.88,3.07,4715227,80588128.00
2013-01-15,3.04,3.09,3.02,3.08,2525464,43615340.00
2013-01-16,3.08,3.26,3.04,3.25,4715890,83569152.00
2013-01-17,3.32,3.56,3.30,3.36,13305970,254733584.00
2013-01-18,3.29,3.38,3.26,3.29,6187758,115394248.00
2013-01-21,3.32,3.53,3.32,3.47,6349730,121392960.00
2013-01-22,3.42,3.48,3.25,3.28,4649041,87688160.00
2013-01-23,3.28,3.34,3.20,3.32,3290231,60397244.00
2013-01-24,3.30,3.30,3.11,3.14,3639216,65537928.00
2013-01-25,3.16,3.23,3.14,3.16,1921298,34411000.00
2013-01-28,3.19,3.30,3.16,3.26,2387702,43562464.00
2013-01-29,3.25,3.37,3.25,3.34,2716410,50699196.00
2013-01-30,3.35,3.35,3.20,3.24,3010763,55024648.00
2013-01-31,3.25,3.25,3.18,3.22,1656900,29916188.00
2013-02-01,3.22,3.27,3.19,3.27,1593797,29079268.00
2013-02-04,3.29,3.31,3.20,3.22,1979384,35895432.00
2013-02-05,3.20,3.27,3.16,3.26,1261535,22966764.00
2013-02-06,3.22,3.36,3.22,3.31,1935637,35955140.00
2013-02-07,3.32,3.34,3.28,3.34,1641194,30458304.00
2013-02-08,3.33,3.60,3.32,3.51,4632609,90139104.00
2013-02-18,3.57,3.57,3.42,3.45,3234811,62809608.00
2013-02-19,3.45,3.49,3.35,3.37,2539304,48439984.00
2013-02-20,3.40,3.46,3.35,3.45,2344684,44771744.00
2013-02-21,3.42,3.44,3.36,3.44,2445700,46444836.00
2013-02-22,3.44,3.45,3.39,3.45,1547668,29605774.00
2013-02-25,3.45,3.53,3.43,3.50,2357211,45739136.00
2013-02-26,3.56,3.56,3.32,3.35,6267087,120525448.00
2013-02-27,3.35,3.37,3.23,3.28,2906331,53633128.00
2013-02-28,3.26,3.35,3.26,3.35,1902681,35423708.00
2013-03-01,3.38,3.44,3.36,3.40,2585782,49099424.00
2013-03-04,3.37,3.37,3.22,3.26,2207501,40840788.00
2013-03-05,3.25,3.34,3.25,3.33,1236905,22960928.00
2013-03-06,3.46,3.56,3.46,3.48,4683863,91047680.00
2013-03-07,3.44,3.47,3.34,3.41,2705607,51632912.00
2013-03-08,3.41,3.43,3.33,3.34,1742902,32873300.00
2013-03-11,3.33,3.45,3.32,3.45,2353491,44732684.00
2013-03-12,3.41,3.45,3.30,3.32,2081779,39194096.00
2013-03-13,3.32,3.36,3.30,3.32,1000431,18642404.00
2013-03-14,3.33,3.35,3.25,3.26,1199183,22180680.00
2013-03-15,3.26,3.32,3.18,3.26,1441337,26329424.00
2013-03-18,3.23,3.28,3.20,3.22,910727,16516172.00
2013-03-19,3.25,3.26,3.19,3.25,707123,12830663.00
2013-03-20,3.29,3.37,3.24,3.35,1707443,31886056.00
2013-03-21,3.36,3.38,3.34,3.37,1378245,25958964.00
2013-03-22,3.36,3.42,3.35,3.42,1627231,30881148.00
2013-03-25,3.40,3.43,3.34,3.35,1161399,21889938.00
2013-03-26,3.33,3.33,3.25,3.32,1467754,27093670.00
2013-03-27,3.38,3.40,3.31,3.34,1991206,37313020.00
2013-03-28,3.35,3.35,3.26,3.26,1414407,25978652.00
2013-03-29,3.27,3.29,3.23,3.24,1138307,20746304.00
2013-04-01,3.24,3.28,3.21,3.23,1391170,25264898.00
2013-04-02,3.18,3.31,3.14,3.23,1358150,12083097.00
2013-04-03,3.21,3.21,3.06,3.08,2195392,18632246.00
2013-04-08,3.06,3.06,2.88,2.96,1860666,15023419.00
2013-04-09,2.96,3.03,2.96,3.02,1774264,14639575.00
2013-04-10,3.02,3.08,2.96,2.98,1775760,14734354.00
2013-04-11,2.98,3.03,2.98,3.00,1335907,11031252.00
2013-04-12,3.02,3.02,2.93,2.94,1392030,11362796.00
2013-04-15,2.93,2.95,2.88,2.88,1260003,10113286.00
2013-04-16,2.82,2.86,2.80,2.84,2214848,17274432.00
2013-04-17,2.84,2.89,2.84,2.87,1281868,10151176.00
2013-04-18,2.86,3.09,2.85,3.06,3684530,30520046.00
2013-04-19,3.05,3.10,3.02,3.06,4019956,33741032.00
2013-04-22,3.06,3.06,2.97,3.00,2523047,20805918.00
2013-04-23,2.99,3.00,2.82,2.83,4678046,37108088.00
2013-04-24,2.81,2.92,2.81,2.89,2013298,15940955.00
2013-04-25,2.88,2.88,2.82,2.82,2114258,16548122.00
2013-04-26,2.82,2.85,2.80,2.80,1056244,8219088.00
2013-05-02,2.80,2.82,2.78,2.78,886808,6872302.00
2013-05-03,2.81,2.87,2.79,2.85,1603074,12595032.00
2013-05-06,2.86,2.88,2.84,2.87,1461480,11561332.00
2013-05-07,2.88,2.88,2.85,2.87,1270413,10051358.00
2013-05-08,2.87,2.89,2.82,2.87,1826929,14364692.00
2013-05-09,2.85,2.85,2.80,2.82,1876593,14622872.00
2013-05-10,2.81,2.89,2.81,2.89,2143202,16898312.00
2013-05-13,2.89,2.92,2.86,2.90,2243849,17915702.00
2013-05-14,2.90,2.90,2.82,2.83,1222294,9612448.00
2013-05-15,2.83,2.88,2.82,2.88,1287599,10128000.00
2013-05-16,2.88,2.89,2.83,2.87,2155768,17055408.00
2013-05-17,2.87,2.92,2.84,2.92,3066814,24510656.00
2013-05-20,2.94,3.03,2.92,3.02,4353130,35899808.00
2013-05-21,3.04,3.08,2.97,3.08,4295348,35779424.00
2013-05-22,3.08,3.09,3.00,3.02,2834257,23660198.00
2013-05-23,3.01,3.06,2.99,3.01,2058690,17088340.00
2013-05-24,3.00,3.06,3.00,3.04,2269851,18917054.00
2013-05-27,3.04,3.25,3.04,3.24,6745115,58551768.00
2013-05-28,3.26,3.28,3.16,3.25,4031771,35539788.00
2013-05-29,3.24,3.28,3.17,3.26,3769467,33248022.00
2013-05-30,3.22,3.27,3.20,3.23,2607778,22990912.00
2013-05-31,3.23,3.23,3.11,3.12,3451704,29918992.00
2013-06-03,3.12,3.12,3.07,3.08,2010685,17046880.00
2013-06-04,3.08,3.10,2.96,2.99,2343697,19421696.00
2013-06-05,2.99,3.04,2.97,3.03,1148315,9485241.00
2013-06-06,3.03,3.04,2.95,2.96,1395364,11500003.00
2013-06-07,2.97,3.00,2.86,2.86,2051487,16467051.00
2013-06-13,2.86,2.86,2.73,2.76,1396299,10721774.00
2013-06-14,2.75,2.82,2.75,2.80,1008536,7809444.00
2013-06-17,2.82,2.83,2.79,2.80,903694,7032958.00
2013-06-18,2.80,2.85,2.80,2.83,924498,7223257.00
2013-06-19,2.81,2.84,2.77,2.84,822020,6374694.00
2013-06-20,2.81,2.83,2.72,2.73,989006,7647730.00
2013-06-21,2.71,2.71,2.60,2.64,1263431,9287079.00
2013-06-24,2.63,2.64,2.37,2.51,1650494,11574919.00
2013-06-25,2.58,2.78,2.40,2.78,4098996,29970020.00
2013-06-26,2.78,2.82,2.66,2.80,3461710,26427196.00
2013-06-27,2.79,2.80,2.60,2.62,2973977,22257362.00
2013-06-28,2.72,2.80,2.65,2.71,2881812,21785714.00
2013-07-01,2.66,2.73,2.64,2.70,1426786,10652489.00
2013-07-02,2.70,2.71,2.64,2.70,2166278,16124335.00
2013-07-03,2.67,2.67,2.57,2.62,1834057,13374358.00
2013-07-04,2.59,2.68,2.57,2.62,1499243,10972748.00
2013-07-05,2.62,2.65,2.58,2.59,1254124,9151959.00
2013-07-08,2.60,2.72,2.58,2.68,3178275,23631168.00
2013-07-09,2.70,2.71,2.62,2.64,1417129,10462098.00
2013-07-10,2.62,2.70,2.62,2.70,1623384,12013622.00
2013-07-11,2.70,2.81,2.67,2.77,2711717,20710284.00
2013-07-12,2.76,2.81,2.71,2.71,2205281,16813776.00
2013-07-15,2.70,2.77,2.70,2.74,1421978,10791175.00
2013-07-16,2.74,2.80,2.74,2.79,1874642,14423616.00
2013-07-17,2.78,2.81,2.73,2.74,1708129,13137855.00
2013-07-18,2.72,2.74,2.67,2.67,1264185,9456383.00
2013-07-19,2.67,2.84,2.67,2.81,3346055,25631042.00
2013-07-22,2.86,3.10,2.82,3.08,8141779,67690952.00
2013-07-23,3.08,3.38,3.03,3.28,11337801,99599048.00
2013-07-24,3.28,3.39,3.21,3.33,9146540,82354000.00
2013-07-25,3.30,3.36,3.26,3.26,5036675,45286072.00
2013-07-26,3.28,3.30,3.07,3.14,5289813,45710996.00
2013-07-29,3.20,3.30,3.12,3.18,4480162,39308016.00
2013-07-30,3.17,3.38,3.17,3.37,7574025,68373216.00
2013-07-31,3.40,3.44,3.30,3.31,5020897,45783284.00
2013-08-01,3.31,3.35,3.28,3.34,3905800,35388476.00
2013-08-02,3.35,3.53,3.32,3.48,8500614,79274800.00
2013-08-06,3.55,3.80,3.48,3.71,14060289,139229248.00
2013-08-07,3.70,3.74,3.62,3.70,7263880,72541128.00
2013-08-08,3.68,3.82,3.66,3.81,6657793,67534280.00
2013-08-09,3.85,3.86,3.70,3.76,6039434,61533644.00
2013-08-13,4.02,4.05,3.77,3.78,11506848,120809392.00
2013-08-14,3.78,3.83,3.62,3.66,8613115,85256040.00
2013-08-15,3.66,3.70,3.54,3.58,3880526,38115400.00
2013-08-16,3.52,3.66,3.45,3.46,4217710,40368708.00
2013-08-19,3.46,3.62,3.45,3.59,4033294,39107892.00
2013-08-20,3.56,3.67,3.55,3.64,4022204,39390744.00
2013-08-21,3.70,3.80,3.67,3.70,13209110,133489640.00
2013-08-22,3.70,3.70,3.58,3.61,5472920,53787416.00
2013-08-23,3.59,3.64,3.46,3.52,4364441,41994264.00
2013-08-26,3.48,3.56,3.48,3.54,3494866,33386724.00
2013-08-27,3.54,3.54,3.43,3.47,4143713,39044928.00
2013-08-28,3.47,3.52,3.43,3.44,3458024,32664810.00
2013-08-29,3.42,3.51,3.42,3.48,2312217,21813576.00
2013-08-30,3.48,3.52,3.43,3.44,2955497,27799084.00
2013-09-02,3.41,3.47,3.39,3.41,1991793,18480910.00
2013-09-03,3.40,3.45,3.40,3.45,2330248,21720104.00
2013-09-04,3.46,3.51,3.42,3.50,2572935,24152880.00
2013-09-05,3.51,3.67,3.47,3.57,6770957,65834776.00
2013-09-06,3.56,3.58,3.49,3.51,2553611,24346608.00
2013-09-09,3.50,3.54,3.49,3.51,2250262,21404784.00
2013-09-10,3.52,3.53,3.37,3.42,5337933,49795120.00
2013-09-11,3.42,3.48,3.40,3.42,2793226,26065862.00
2013-09-12,3.42,3.44,3.32,3.38,2565366,23554192.00
2013-09-13,3.36,3.40,3.33,3.39,1877283,17181756.00
2013-09-16,3.39,3.41,3.36,3.39,1454410,13407034.00
2013-09-17,3.39,3.40,3.34,3.36,1700946,15608226.00
2013-09-18,3.39,3.53,3.36,3.53,5197028,49176508.00
2013-09-23,3.56,3.86,3.55,3.82,14837695,149951424.00
2013-09-24,3.78,3.78,3.67,3.70,5588034,56112464.00
2013-09-25,3.70,3.85,3.68,3.69,4469276,45280752.00
2013-09-26,3.69,3.74,3.65,3.66,3083604,30759160.00
2013-09-27,3.63,3.70,3.58,3.66,2100332,20723728.00
2013-09-30,3.67,3.88,3.66,3.80,4678138,47851528.00
2013-10-08,3.80,3.93,3.72,3.88,4728468,49401976.00
2013-10-09,3.86,3.94,3.81,3.90,4061241,42464672.00
2013-10-10,3.91,3.94,3.82,3.86,3077217,32098760.00
2013-10-11,3.90,3.96,3.86,3.95,4428898,46851376.00
2013-10-14,3.99,4.37,3.97,4.37,12666525,145135456.00
2013-10-15,4.42,4.84,4.42,4.66,19303856,240995312.00
2013-10-16,4.68,4.78,4.54,4.66,10440760,129945368.00
2013-10-17,4.67,4.72,4.47,4.55,7276251,88597904.00
2013-10-18,4.56,4.63,4.50,4.58,3906811,47524764.00
2013-10-21,4.58,4.82,4.58,4.66,5148474,64228112.00
2013-10-22,4.66,4.67,4.51,4.66,5159480,62894944.00
2013-10-23,4.66,4.70,4.48,4.49,5853480,70968224.00
2013-10-24,4.49,4.58,4.46,4.52,2177743,26219156.00
2013-10-25,4.53,4.57,4.38,4.52,3785221,45429504.00
2013-10-28,4.48,4.54,4.46,4.50,1984166,23791416.00
2013-10-29,4.46,4.56,4.34,4.51,5038673,60060288.00
2013-10-30,4.51,4.89,4.48,4.87,9535347,121233536.00
2013-10-31,4.87,5.00,4.73,4.82,6036456,77723376.00
2013-11-01,4.70,4.78,4.46,4.48,8740173,106367304.00
2013-11-04,4.46,4.65,4.43,4.64,3534945,42902176.00
2013-11-05,4.62,4.79,4.50,4.73,3356777,41974364.00
2013-11-06,4.72,4.98,4.69,4.73,7141279,91582512.00
2013-11-07,4.80,4.95,4.74,4.90,6095711,78836184.00
2013-11-08,4.90,4.93,4.50,4.81,4157419,52532224.00
2013-11-11,4.70,4.81,4.70,4.74,1958007,24666624.00
2013-11-12,4.72,4.92,4.62,4.87,4168902,53141044.00
2013-11-13,4.85,4.86,4.70,4.70,2447724,31065396.00
2013-11-14,4.65,4.85,4.64,4.78,2017002,25585720.00
2013-11-15,4.78,4.94,4.74,4.87,4785987,61818632.00
2013-11-18,4.87,5.14,4.87,5.13,6472264,87144176.00
2013-11-19,5.17,5.21,5.04,5.06,3458391,46565504.00
2013-11-20,5.02,5.40,5.02,5.36,6901817,96414696.00
2013-11-21,5.38,5.41,5.22,5.40,4706034,65908060.00
2013-11-22,5.49,5.54,5.22,5.24,7189449,101881000.00
2013-11-25,5.18,5.34,5.04,5.11,4492569,61302904.00
2013-11-26,5.11,5.21,5.09,5.20,2109318,28757264.00
2013-11-27,5.22,5.22,5.09,5.15,2285466,31119864.00
2013-11-28,5.15,5.21,4.97,5.02,4937959,66311008.00
2013-11-29,5.03,5.22,5.03,5.21,3353774,45570096.00
2013-12-02,5.22,5.36,5.01,5.05,5536524,75481680.00
2013-12-03,5.02,5.20,5.02,5.14,2622046,35625508.00
2013-12-04,5.12,5.22,5.12,5.22,3197830,43804376.00
2013-12-05,5.22,5.45,5.22,5.25,5801641,81627448.00
2013-12-06,5.25,5.33,5.18,5.20,2268083,31402818.00
2013-12-09,5.22,5.29,5.20,5.28,1834218,25428388.00
2013-12-10,5.28,5.42,5.20,5.22,3669560,51220868.00
2013-12-11,5.20,5.21,5.01,5.07,3675144,49325480.00
2013-12-12,5.07,5.16,5.04,5.06,1570902,21174968.00
2013-12-13,5.02,5.12,5.02,5.09,1642237,22121904.00
2013-12-16,5.12,5.39,5.12,5.30,8740938,122437648.00
2013-12-17,5.38,5.46,4.95,4.95,10024365,137314896.00
2013-12-18,4.94,4.94,4.51,4.62,7074394,87437808.00
2013-12-19,4.59,4.76,4.59,4.63,2836313,35238576.00
2013-12-20,4.63,4.65,4.38,4.38,4319630,51388484.00
2013-12-23,4.58,4.62,4.45,4.52,5674214,68601328.00
2013-12-24,4.52,4.85,4.52,4.82,6751763,85100816.00
2013-12-25,4.83,5.04,4.83,5.03,6788094,89465672.00
2013-12-26,5.10,5.10,4.78,4.87,3172588,41433304.00
2013-12-27,4.86,5.01,4.79,4.97,2113270,27753056.00
2013-12-30,5.02,5.06,4.70,4.74,3609945,46782372.00
2013-12-31,4.74,4.94,4.58,4.87,4129831,51829608.00
2014-01-02,4.86,4.96,4.82,4.89,2159036,28080766.00
2014-01-03,4.85,4.97,4.81,4.94,2195865,28403904.00
2014-01-06,4.96,5.16,4.96,4.98,4390835,58869800.00
2014-01-07,4.96,5.12,4.90,5.06,2955687,39432904.00
2014-01-08,5.04,5.13,4.98,5.09,2849286,38264376.00
2014-01-09,5.09,5.38,5.06,5.29,9354278,129875064.00
2014-01-10,5.37,5.50,5.16,5.21,12919386,183567888.00
2014-01-13,5.25,5.25,5.02,5.17,4934669,66659792.00
2014-01-14,5.16,5.24,5.03,5.12,2955697,39965464.00
2014-01-15,5.02,5.13,4.98,5.06,4361309,58362520.00
2014-01-16,5.08,5.12,4.98,5.09,2843403,37959032.00
2014-01-17,5.03,5.11,5.02,5.02,2269099,30521268.00
2014-01-20,5.02,5.30,4.99,5.27,4510249,61589940.00
2014-01-21,5.24,5.44,5.22,5.30,4922878,69556592.00
2014-01-22,5.27,5.48,5.27,5.43,5744910,82130440.00
2014-01-23,5.48,5.53,5.40,5.42,4866088,70019464.00
2014-01-24,5.41,5.91,5.41,5.59,10188983,152435968.00
2014-01-27,5.58,5.82,5.56,5.80,6354290,95354584.00
2014-01-28,5.79,5.93,5.65,5.72,4311472,65597888.00
2014-01-29,5.79,5.83,5.66,5.80,2936108,44539744.00
2014-01-30,5.70,5.79,5.55,5.72,2080347,31194716.00
2014-02-07,5.58,5.80,5.54,5.74,1431726,21564392.00
2014-02-10,5.72,6.01,5.64,6.01,4423334,68546888.00
2014-02-11,6.01,6.14,5.82,5.92,4112728,64542308.00
2014-02-12,5.90,6.14,5.88,6.10,4845654,77086752.00
2014-02-13,6.10,6.18,5.94,6.01,3150249,49960024.00
2014-02-14,6.02,6.10,5.94,6.09,2039588,32255002.00
2014-02-17,6.28,6.73,6.26,6.73,14517867,251047664.00
2014-02-18,6.82,7.32,6.70,7.20,16762459,306152416.00
2014-02-19,7.18,7.18,6.86,7.06,6314486,115741984.00
2014-02-20,7.07,7.19,6.79,6.86,5720275,103140856.00
2014-02-21,6.90,7.07,6.81,6.88,3245063,58542492.00
2014-02-24,6.88,7.00,6.64,6.95,4329914,77425736.00
2014-02-25,6.94,7.04,6.50,6.61,4094567,72500032.00
2014-02-26,6.46,6.48,5.94,6.44,8239733,133344808.00
2014-02-27,6.10,6.68,6.10,6.26,4705335,78781752.00
2014-02-28,6.26,6.42,6.10,6.30,3532670,57744284.00
2014-03-03,6.27,6.61,6.27,6.58,3766789,64175700.00
2014-03-04,6.59,6.64,6.40,6.48,3317774,56239820.00
2014-03-05,6.50,6.58,6.38,6.43,1991686,33657168.00
2014-03-06,6.42,6.49,6.26,6.48,1871558,31202168.00
2014-03-07,6.46,6.52,6.42,6.48,1048562,17770700.00
2014-03-10,6.54,6.57,6.26,6.30,2999637,50125108.00
2014-03-11,6.26,6.39,6.26,6.30,1168399,19346788.00
2014-03-12,6.32,6.35,5.94,6.11,2786506,44758832.00
2014-03-13,6.11,6.26,6.10,6.23,1798515,29065310.00
2014-03-14,6.20,6.24,6.10,6.16,1167996,18893708.00
2014-03-17,6.16,6.28,6.11,6.27,1590460,25872014.00
2014-03-18,6.34,6.62,6.34,6.60,2938956,50215008.00
2014-03-19,6.59,6.90,6.52,6.74,2996256,52525512.00
2014-03-20,6.74,6.80,6.49,6.51,1725939,30161296.00
2014-03-21,6.50,6.58,6.26,6.54,1248562,21038404.00
2014-03-24,6.52,6.85,6.52,6.74,2819132,49450176.00
2014-03-25,6.70,6.72,6.06,6.35,5707913,94820792.00
2014-03-26,6.30,6.40,6.14,6.31,2453145,40479848.00
2014-03-27,6.30,6.66,6.19,6.28,1859083,30833890.00
2014-03-28,6.26,6.35,6.10,6.21,1339121,21828280.00
2014-03-31,6.17,6.21,6.05,6.18,2951004,47257500.00
2014-04-01,6.17,6.33,6.17,6.30,1007095,16541859.00
2014-04-02,6.30,6.30,6.18,6.26,681262,11150832.00
2014-04-03,6.30,6.45,6.22,6.34,1250161,20799768.00
2014-04-04,6.29,6.44,6.29,6.34,1180969,19631000.00
2014-04-08,6.32,6.48,6.30,6.43,2124233,35613544.00
2014-04-09,6.46,6.57,6.38,6.53,2088606,35454132.00
2014-04-10,6.53,6.69,6.42,6.45,4291378,73818208.00
2014-04-11,6.40,6.65,6.40,6.58,2196290,37545180.00
2014-04-14,6.58,6.69,6.52,6.66,1870575,32436424.00
2014-04-15,6.69,6.69,6.45,6.47,1765002,30156268.00
2014-04-16,6.47,6.64,6.46,6.58,1697533,29058332.00
2014-04-17,6.58,6.84,6.58,6.78,4122382,72424152.00
2014-04-18,6.81,7.06,6.75,7.00,5277675,95464576.00
2014-04-21,6.96,7.10,6.83,6.83,2875091,52116980.00
2014-04-22,6.78,6.93,6.58,6.68,2347952,41042928.00
2014-04-23,6.70,6.86,6.68,6.86,1649286,29175112.00
2014-04-24,6.87,7.10,6.86,6.95,4101708,75013552.00
2014-04-25,6.95,6.96,6.65,6.74,2220469,39402208.00
2014-04-28,6.86,6.86,6.43,6.46,1958832,33336112.00
2014-04-29,6.46,6.50,6.03,6.08,3929096,63778752.00
2014-04-30,6.17,6.25,6.12,6.20,1406334,22818412.00
2014-05-05,6.33,6.57,6.17,6.56,1497897,24771812.00
2014-05-06,6.54,6.73,6.44,6.47,1010617,17052108.00
2014-05-07,6.44,6.55,6.41,6.44,625830,10402794.00
2014-05-08,6.43,6.62,6.43,6.50,657663,11021303.00
2014-05-09,6.49,6.57,6.34,6.39,1479323,24413114.00
2014-05-12,6.51,6.58,5.87,5.92,7445376,115904344.00
2014-05-13,5.89,5.99,5.60,5.83,4384151,65177056.00
2014-05-14,5.78,5.78,5.61,5.66,3677212,53551808.00
2014-05-15,5.65,5.70,5.36,5.46,3272882,46569864.00
2014-05-16,5.43,5.43,5.32,5.40,1628384,22611080.00
2014-05-19,5.40,5.54,5.35,5.51,1610378,22769826.00
2014-05-20,5.51,5.57,5.48,5.50,1139266,16185502.00
2014-05-21,5.53,5.53,5.31,5.35,2197911,30418226.00
2014-05-22,5.36,5.49,5.35,5.48,1500476,20985674.00
2014-05-23,5.50,5.51,5.42,5.49,821285,11565176.00
2014-05-26,5.54,5.74,5.43,5.70,1630377,23317738.00
2014-05-27,5.67,5.67,5.50,5.50,2182533,31175040.00
2014-05-28,5.50,5.57,5.44,5.54,1477589,21095000.00
2014-05-29,5.51,5.57,5.50,5.54,1342231,19162996.00
2014-05-30,5.55,5.56,5.47,5.52,1055479,14981415.00
2014-06-03,5.52,5.54,5.48,5.51,614755,8720920.00
2014-06-04,5.50,5.50,5.39,5.43,1091394,15327931.00
2014-06-05,5.36,5.51,5.36,5.40,1002402,14015339.00
2014-06-06,5.42,5.58,5.37,5.41,1321107,18645214.00
2014-06-09,5.41,5.49,5.35,5.36,988973,13797962.00
2014-06-10,5.43,5.52,5.39,5.43,2737028,38519616.00
2014-06-11,5.43,5.57,5.43,5.46,2388423,33807336.00
2014-06-12,5.44,5.47,5.40,5.40,1454016,20351752.00
2014-06-13,5.40,5.44,5.36,5.39,1431107,19893864.00
2014-06-16,5.42,5.48,5.42,5.47,1729400,24335442.00
2014-06-17,5.47,5.47,5.40,5.42,804908,11251273.00
2014-06-18,5.42,5.42,5.02,5.04,4869164,64734512.00
2014-06-19,5.05,5.08,4.81,4.87,2874642,36624428.00
2014-06-20,4.86,4.93,4.85,4.86,1097222,13862679.00
2014-06-23,4.86,4.95,4.85,4.91,953493,12123941.00
2014-06-24,4.93,5.02,4.88,5.01,1057580,13494893.00
2014-06-25,4.99,5.00,4.90,4.91,938032,11975425.00
2014-06-26,4.94,5.06,4.87,4.98,1960744,25398732.00
2014-06-27,4.99,5.03,4.95,5.02,786796,10168296.00
2014-06-30,5.06,5.10,5.01,5.07,1120837,14658795.00
2014-07-01,5.10,5.15,5.05,5.08,2471154,32592744.00
2014-07-02,5.10,5.14,5.03,5.11,1622904,21361372.00
2014-07-03,5.11,5.23,5.10,5.22,2254363,30195272.00
2014-07-04,5.22,5.26,5.11,5.13,1977286,26377056.00
2014-07-07,5.03,5.11,4.98,5.05,1908999,24825548.00
2014-07-08,5.03,5.04,4.93,5.00,2354553,30202826.00
2014-07-09,5.00,5.00,4.89,4.91,2315627,29512188.00
2014-07-10,4.92,4.94,4.84,4.92,2257746,28539548.00
2014-07-11,4.91,4.94,4.87,4.91,1574738,19951948.00
2014-07-14,4.94,5.02,4.89,4.96,2749333,35143164.00
2014-07-15,4.96,4.96,4.87,4.91,2642568,33458974.00
2014-07-16,4.91,5.01,4.89,4.93,3585512,45899700.00
2014-07-17,4.92,4.96,4.85,4.92,3679580,46577840.00
2014-07-18,4.89,4.91,4.82,4.84,3410577,42807936.00
2014-07-21,4.82,4.84,4.34,4.38,12250016,142857936.00
2014-07-22,4.34,4.55,4.33,4.53,6699403,77219536.00
2014-07-23,4.52,4.55,4.45,4.46,3065384,35735680.00
2014-07-24,4.49,4.50,4.42,4.48,2393160,27741256.00
2014-07-25,4.48,4.57,4.45,4.54,2883427,33777868.00
2014-07-28,4.57,4.94,4.57,4.92,10521159,131165608.00
2014-07-29,4.97,5.17,4.92,5.10,9947405,130225248.00
2014-07-30,5.10,5.34,5.10,5.22,9061640,122298808.00
2014-07-31,5.22,5.27,5.07,5.22,4800166,64023000.00
2014-08-01,5.20,5.20,5.03,5.13,4174505,55081696.00
2014-08-04,5.14,5.20,5.07,5.15,3758345,49970476.00
2014-08-05,5.13,5.31,5.08,5.30,6502562,87671352.00
2014-08-06,5.31,5.63,5.24,5.60,7834919,110331576.00
2014-08-07,5.59,5.70,5.46,5.47,6063122,86850736.00
2014-08-08,5.45,5.58,5.43,5.50,3279703,46527036.00
2014-08-11,5.56,5.67,5.46,5.53,4185581,59561100.00
2014-08-12,5.53,5.56,5.47,5.54,2860874,40735648.00
2014-08-13,5.53,5.57,5.42,5.48,2875848,40598788.00
2014-08-14,5.48,5.49,5.23,5.30,5653565,78002048.00
2014-08-15,5.29,5.38,5.26,5.34,2473169,34057020.00
2014-08-18,5.36,5.46,5.36,5.39,2834327,39483824.00
2014-08-19,5.42,5.45,5.34,5.44,2881936,40203420.00
2014-08-20,5.44,5.46,5.41,5.43,2755660,38643756.00
2014-08-21,5.40,5.42,5.30,5.38,1982169,27433156.00
2014-08-22,5.38,5.46,5.29,5.32,2787871,38454688.00
2014-08-25,5.32,5.37,5.16,5.37,3800369,51603108.00
2014-08-26,5.31,5.47,5.26,5.46,3777343,52431132.00
2014-08-27,5.48,5.56,5.40,5.40,4234617,59669412.00
2014-08-28,5.40,5.45,5.31,5.31,1997830,27684048.00
2014-08-29,5.31,5.35,5.24,5.27,2529542,34456080.00
2014-09-01,5.26,5.40,5.25,5.37,1884512,25951900.00
2014-09-02,5.37,5.55,5.35,5.51,5421283,76494832.00
2014-09-03,5.53,5.58,5.45,5.52,4499236,63936116.00
2014-09-04,5.52,5.84,5.48,5.82,10588891,154657360.00
2014-09-05,5.82,5.89,5.73,5.83,5349953,79818416.00
2014-09-09,5.88,5.99,5.83,5.87,5775912,87559624.00
2014-09-10,5.84,5.96,5.74,5.89,5144505,77347976.00
2014-09-11,5.89,6.19,5.88,6.07,7859319,122943440.00
2014-09-12,6.04,6.15,6.02,6.09,4658888,72787352.00
2014-09-15,6.09,6.09,5.92,5.95,5961804,91573616.00
2014-09-16,5.99,5.99,5.71,5.74,5740980,86427208.00
2014-09-17,5.74,5.85,5.67,5.81,2716475,40343496.00
2014-09-18,5.81,5.86,5.72,5.86,2564886,38126492.00
2014-09-19,5.87,5.88,5.79,5.87,1892809,28433404.00
2014-09-22,5.85,5.86,5.74,5.78,2339610,34869772.00
2014-09-23,5.79,5.80,5.76,5.80,1496596,22289238.00
2014-09-24,5.80,6.02,5.77,6.02,4764662,72784696.00
2014-09-25,6.01,6.12,5.91,5.94,3573126,55343748.00
2014-09-26,5.91,6.06,5.89,5.94,2301126,35217940.00
2014-09-29,5.94,6.12,5.91,6.11,4332243,67358032.00
2014-09-30,6.11,6.54,6.11,6.39,6946405,113531040.00
2014-10-08,6.39,6.51,6.33,6.46,4315512,71260464.00
2014-10-09,6.47,6.50,6.38,6.43,3568206,58874716.00
2014-10-10,6.42,6.46,6.27,6.30,3063824,49983064.00
2014-10-13,6.29,6.29,6.03,6.21,3563241,56128144.00
2014-10-14,6.21,6.21,6.07,6.12,3175790,49996604.00
2014-10-15,6.13,6.35,6.07,6.26,2561637,40846180.00
2014-10-16,6.22,6.36,6.14,6.24,2570058,41566832.00
2014-10-17,6.24,6.36,6.11,6.36,3353615,53890512.00
2014-10-20,6.37,6.58,6.37,6.50,3645887,60836536.00
2014-10-21,6.47,6.52,6.36,6.50,2653443,43800196.00
2014-10-22,6.47,6.51,6.26,6.27,2865777,47220628.00
2014-10-23,6.26,6.35,5.81,5.92,5205010,80875328.00
2014-10-24,5.92,6.01,5.79,5.98,3116993,47179036.00
2014-10-27,5.89,6.16,5.89,6.05,1801213,28095802.00
2014-10-28,6.06,6.15,6.00,6.14,3325866,51941980.00
2014-10-29,6.13,6.20,6.07,6.10,2667268,42000148.00
2014-10-30,6.11,6.32,6.09,6.30,4480429,71427736.00
2014-10-31,6.29,6.43,6.20,6.41,4876430,79012232.00
2014-11-03,6.41,6.49,6.35,6.48,4569794,75527952.00
2014-11-04,6.48,6.48,6.17,6.17,5174700,83468112.00
2014-11-05,6.18,6.26,6.17,6.19,2558150,40816060.00
2014-11-06,6.18,6.33,6.18,6.28,2832456,45627328.00
2014-11-07,6.23,6.46,6.23,6.38,5117159,83981992.00
2014-11-10,6.42,6.46,6.32,6.44,3616716,59396664.00
2014-11-11,6.47,6.95,6.44,6.77,15241644,264680928.00
2014-11-12,6.74,6.97,6.60,6.86,7104834,124151496.00
2014-11-28,7.55,7.55,6.72,6.88,28238800,515175840.00
2014-12-01,6.64,6.64,6.23,6.24,16624813,270609408.00
2014-12-02,6.17,6.41,6.14,6.26,7885868,127664672.00
2014-12-03,6.26,6.34,6.06,6.24,9531069,150192624.00
2014-12-04,6.19,6.35,6.14,6.30,7450767,119578752.00
2014-12-05,6.27,6.27,5.98,6.05,8723251,136314848.00
2014-12-08,6.03,6.18,5.93,6.04,7218291,112504184.00
2014-12-09,6.01,6.01,5.84,5.88,7827800,118718040.00
2014-12-10,5.85,5.98,5.83,5.97,4816513,73253168.00
2014-12-11,5.96,6.14,5.89,6.13,6253596,96529968.00
2014-12-12,6.13,6.44,6.05,6.42,7393704,118957760.00
2014-12-15,6.39,6.40,6.24,6.31,6291386,101941608.00
2014-12-16,6.26,6.28,6.15,6.18,5895762,93727600.00
2014-12-17,6.17,6.17,5.97,5.98,5837392,90336416.00
2014-12-18,5.95,6.08,5.95,6.03,3444177,53286628.00
2014-12-19,6.07,6.09,5.95,5.98,2902494,44768072.00
2014-12-22,5.98,5.98,5.67,5.68,4526299,67731248.00
2014-12-23,5.63,5.87,5.59,5.72,2251283,33351032.00
2014-12-24,5.80,5.80,5.71,5.77,1561002,23115366.00
2014-12-25,5.78,5.89,5.77,5.82,1751027,26265988.00
2014-12-26,5.81,5.88,5.80,5.83,1980719,29729516.00
2014-12-29,5.80,5.83,5.63,5.68,3688120,54300704.00
2014-12-30,5.70,5.73,5.45,5.48,4204635,60416528.00
2014-12-31,5.48,5.52,5.26,5.31,4673575,64616660.00
2015-01-05,5.31,5.52,5.22,5.48,4691398,64735432.00
2015-01-06,5.46,5.84,5.36,5.77,7791902,112275840.00
2015-01-07,5.77,5.93,5.71,5.83,6812080,102685664.00
2015-01-08,5.83,5.95,5.79,5.85,3687796,55730960.00
2015-01-09,5.85,5.97,5.80,5.87,4650782,70475808.00
2015-01-12,5.87,6.14,5.83,6.14,8788442,136656400.00
2015-01-13,6.14,6.32,6.11,6.29,7732608,123434584.00
2015-01-14,6.29,6.44,6.20,6.26,5429195,87983416.00
2015-01-15,6.23,6.52,6.23,6.52,9995129,165656176.00
2015-01-16,6.53,6.91,6.53,6.78,12089139,210315360.00
2015-01-19,6.72,7.07,6.44,6.75,11144438,195924400.00
2015-01-20,6.75,7.06,6.75,7.06,8148696,145604736.00
2015-01-21,7.07,7.13,6.87,6.98,11044323,197176960.00
2015-01-22,6.99,7.45,6.90,7.41,10830622,199435168.00
2015-01-23,7.38,7.53,7.29,7.35,7471961,141428400.00
2015-01-26,7.35,7.71,7.23,7.69,8873511,171577872.00
2015-01-27,7.69,7.80,7.47,7.66,7038673,137603744.00
2015-01-28,7.66,8.08,7.43,8.00,19896311,398163936.00
2015-01-29,7.93,8.16,7.84,8.10,8730941,178722800.00
2015-01-30,8.14,8.34,8.09,8.18,9612452,202153312.00
2015-02-02,8.19,8.20,7.43,7.54,7471790,147006912.00
2015-02-03,7.47,7.94,7.43,7.52,5743422,112005128.00
2015-02-04,7.58,7.62,7.10,7.30,7936050,147734160.00
2015-02-05,7.37,7.73,7.18,7.50,8749633,167708784.00
2015-02-06,7.39,7.70,7.23,7.27,5207008,99947312.00
2015-02-09,7.27,7.62,6.92,7.59,8907658,163667040.00
2015-02-10,7.59,7.83,7.38,7.46,5877339,113843536.00
2015-02-11,7.44,7.56,7.27,7.29,4002173,75714616.00
2015-02-12,7.29,7.54,7.14,7.49,5756126,107510160.00
2015-02-13,7.49,7.54,7.29,7.49,4808390,91791440.00
2015-02-16,7.49,7.50,7.37,7.46,3312086,63043896.00
2015-02-17,7.46,7.63,7.39,7.58,4457392,85707792.00
2015-02-25,7.59,7.76,7.39,7.71,5814846,112371456.00
2015-02-26,7.71,8.04,7.71,8.01,12696708,258367248.00
2015-02-27,8.03,8.62,8.03,8.57,17621419,378543072.00
2015-03-02,8.63,9.03,8.39,8.62,14851093,328528000.00
2015-03-03,8.63,8.88,8.49,8.62,10546396,233375120.00
2015-03-04,8.62,8.81,8.51,8.80,7167877,159206848.00
2015-03-05,8.98,9.12,8.67,9.01,11619854,265202304.00
2015-03-06,9.09,9.46,8.83,9.15,17275197,403458432.00
2015-03-09,9.03,9.10,8.63,8.94,10458005,235447264.00
2015-03-10,9.03,9.46,8.59,8.60,34836685,797087168.00
2015-03-11,8.43,8.45,8.22,8.27,14757614,312600288.00
2015-03-12,8.32,8.43,8.11,8.34,11397244,240006016.00
2015-03-13,8.39,8.39,8.18,8.34,6980065,147772192.00
2015-03-16,8.38,8.71,8.37,8.67,11673275,255807440.00
2015-03-17,8.69,8.99,8.67,8.81,13939164,314201984.00
2015-03-18,8.90,9.02,8.80,8.92,14495906,327862976.00
2015-03-19,8.91,9.07,8.79,9.06,13358303,304535552.00
2015-03-20,9.14,9.47,9.12,9.36,16922634,401302496.00
2015-03-23,9.51,10.08,9.43,9.98,18402977,457123360.00
2015-03-24,10.07,10.07,9.31,9.81,18326091,456347008.00
2015-03-25,9.79,10.79,9.58,10.60,22035340,567708608.00
2015-03-26,10.51,11.08,10.18,10.39,20788203,561306944.00
2015-03-27,10.39,10.59,10.00,10.20,16972262,440866560.00
2015-03-30,10.21,10.86,10.20,10.68,16348645,440406496.00
2015-03-31,11.31,11.31,10.63,10.92,26998254,748900672.00
2015-04-01,10.87,11.54,10.79,11.42,22616592,643069632.00
2015-04-02,11.54,11.79,11.23,11.60,19495555,567683328.00
2015-04-03,11.35,12.74,11.35,12.62,24589708,757966912.00
2015-04-07,12.75,13.81,12.75,13.66,22456558,746443328.00
2015-04-08,13.53,15.03,13.39,14.97,25674250,919869120.00
2015-04-09,15.03,15.03,13.47,14.22,26009638,944385600.00
2015-04-10,14.03,15.27,13.90,15.21,24574738,922850560.00
2015-04-13,15.23,16.03,15.23,15.56,20040753,794383808.00
2015-04-14,15.14,15.44,14.45,14.48,21692016,816563584.00
2015-04-15,14.45,14.45,13.02,13.02,20370619,697842880.00
2015-04-16,12.55,13.62,11.96,13.16,15782644,518987648.00
2015-04-17,13.35,13.62,12.75,12.82,14001971,461578752.00
2015-04-20,12.82,12.82,11.94,11.95,16992765,532626944.00
2015-04-21,11.92,13.16,11.87,13.16,15337700,491660128.00
2015-04-22,13.48,14.03,13.38,13.39,16144600,557597376.00
2015-04-23,13.38,13.54,13.01,13.18,13681427,456865120.00
2015-04-24,12.83,12.91,12.51,12.80,12985411,418645856.00
2015-04-27,12.80,13.38,12.80,12.89,11589098,382996992.00
2015-04-28,12.91,13.01,12.07,12.21,13404141,419946048.00
2015-04-29,12.24,12.50,11.92,12.45,8913681,278464640.00
2015-04-30,12.45,12.89,12.35,12.74,11318370,363455232.00
2015-05-04,12.63,13.19,12.54,13.14,11688384,380176128.00
2015-05-05,13.07,13.07,12.18,12.43,13125389,419228416.00
2015-05-06,12.75,12.90,12.44,12.58,10187410,326598688.00
2015-05-07,12.62,13.47,12.61,13.24,17757702,590768000.00
2015-05-08,13.59,13.74,13.23,13.73,18688283,636698496.00
2015-05-11,14.07,14.74,14.07,14.69,20994960,767378304.00
2015-05-12,15.07,15.14,13.95,14.49,27481414,1006850240.00
2015-05-13,14.56,15.93,14.55,15.48,32397026,501394944.00
2015-05-14,14.90,15.14,14.56,14.59,63739856,939187648.00
2015-05-15,14.58,14.58,13.75,13.89,41072285,573375616.00
2015-05-18,13.75,14.26,13.50,13.97,30964982,431952192.00
2015-05-19,14.00,14.53,14.00,14.41,36787550,522786944.00
2015-05-20,14.41,14.97,14.24,14.54,51720113,758764800.00
2015-05-21,14.57,15.30,14.33,15.21,59930935,886062272.00
2015-05-22,15.33,16.73,14.98,16.73,85544190,1340706304.00
2015-05-25,16.72,17.56,16.00,17.00,85340236,1452187008.00
2015-05-26,16.98,17.42,16.50,17.15,71554181,1217164800.00
2015-05-27,17.12,18.30,16.80,18.18,84517485,1487950592.00
2015-05-28,18.10,18.59,16.36,16.36,83134368,1459406464.00
2015-05-29,16.00,16.58,14.72,15.71,58166659,915073472.00
2015-06-01,15.71,16.38,15.61,16.25,42979822,690453312.00
2015-06-02,16.30,17.55,15.97,17.35,58337706,965417152.00
2015-06-03,17.29,17.29,16.33,16.79,44916260,759380288.00
2015-06-04,16.71,16.75,15.11,16.45,34829446,561611264.00
2015-06-05,16.65,17.00,16.31,16.73,45805958,765657152.00
2015-06-08,16.73,16.91,16.31,16.40,36956685,611155456.00
2015-06-09,16.40,16.57,16.15,16.25,24596745,401295232.00
2015-06-10,16.24,16.50,16.00,16.32,28798039,469419712.00
2015-06-11,16.32,16.97,16.27,16.96,49967214,833881216.00
2015-06-12,17.03,17.24,16.70,16.73,43166054,728545024.00
2015-06-15,16.73,16.80,16.04,16.10,35749108,582402368.00
2015-06-16,15.90,15.90,14.80,14.94,33677704,514623744.00
2015-06-17,14.94,15.20,14.06,15.14,25689286,379126784.00
2015-06-18,15.10,15.68,14.81,14.91,23432844,358527584.00
2015-06-19,14.50,14.82,13.42,13.42,22103173,310324416.00
2015-06-23,13.10,13.78,12.09,13.24,21431004,276632448.00
2015-06-24,13.46,13.74,13.24,13.54,18783043,253545584.00
2015-06-25,13.54,13.62,12.41,12.69,19552111,257746080.00
2015-06-26,12.30,12.30,11.42,11.42,22511088,264323312.00
2015-06-29,11.73,11.80,10.28,10.28,28728202,303896128.00
2015-06-30,9.99,10.84,9.25,10.74,36355640,362981664.00
2015-07-01,10.51,10.86,9.67,9.67,27878659,290331552.00
2015-07-02,9.64,9.81,8.70,8.70,26319737,238232688.00
2015-07-03,8.40,8.70,7.83,7.83,24101178,193673104.00
2015-07-06,8.60,8.61,7.18,7.58,28260427,224331152.00
2015-07-07,7.30,7.40,6.82,6.82,18829892,131075768.00
2015-07-13,7.50,7.50,7.50,7.50,1019705,7647788.00
2015-07-14,8.25,8.25,8.25,8.25,666952,5502354.00
2015-07-15,9.08,9.08,7.90,8.16,62359431,539570816.00
2015-07-16,7.76,8.59,7.51,8.39,31888906,261597776.00
2015-07-17,8.44,9.23,8.44,9.23,40355501,361707904.00
2015-07-20,9.51,10.10,9.39,9.94,48021997,468247968.00
2015-07-21,9.88,10.30,9.52,10.14,36481047,367964064.00
2015-07-22,10.18,10.19,9.66,10.02,32196968,321570304.00
2015-07-23,9.95,10.33,9.83,10.28,31157055,315921184.00
2015-07-24,10.33,10.98,10.25,10.56,44331540,473237984.00
2015-07-27,10.45,10.85,9.50,9.50,36254313,371391520.00
2015-07-28,8.74,9.58,8.55,8.83,30274037,269426528.00
2015-07-29,8.99,9.48,8.64,9.47,22389213,202675696.00
2015-07-30,9.47,9.65,8.90,9.16,22612910,213542896.00
2015-07-31,8.97,9.15,8.66,8.87,14742441,131844264.00
2015-08-03,8.81,8.81,8.17,8.32,14195949,119995312.00
2015-08-04,8.37,9.08,8.37,9.07,16609005,144681920.00
2015-08-05,9.07,9.30,8.81,8.94,19213575,174231024.00
2015-08-06,8.88,9.27,8.75,9.11,16318653,149056432.00
2015-08-07,9.08,9.44,9.08,9.40,22808046,211397008.00
2015-08-10,9.40,9.98,9.32,9.85,29527435,285127200.00
2015-08-11,9.86,9.94,9.68,9.79,27451375,269089152.00
2015-08-12,9.56,9.78,9.45,9.47,19438245,186657728.00
2015-08-13,9.44,9.72,9.34,9.69,16132289,154085680.00
2015-08-14,9.71,9.91,9.65,9.75,21156996,206598544.00
2015-08-17,9.93,10.23,9.86,10.18,30050877,303695072.00
2015-08-18,10.21,10.28,9.16,9.16,31366969,304871040.00
2015-08-19,8.60,9.43,8.42,9.29,22130838,196593584.00
2015-08-20,9.15,9.27,8.80,8.81,14863480,133937424.00
2015-08-21,8.78,8.99,8.50,8.67,14458171,127436152.00
2015-08-24,8.42,8.42,7.80,7.80,14105875,111924512.00
2015-08-25,7.03,7.27,7.02,7.02,12573603,88885192.00
2015-08-26,7.14,7.29,6.50,6.64,16454378,114866792.00
2015-08-27,6.81,7.21,6.65,7.03,10808374,74302152.00
2015-08-28,7.20,7.56,7.07,7.55,15714756,114388864.00
2015-08-31,7.58,7.60,7.15,7.21,12413864,91121608.00
2015-09-01,7.19,7.20,6.60,6.63,11296662,76887064.00
2015-09-02,6.38,6.83,6.25,6.44,9439907,61434084.00
2015-09-07,6.54,6.90,6.54,6.66,8616350,57974120.00
2015-09-08,6.67,7.09,6.64,7.05,8412818,57341248.00
2015-09-09,7.14,7.35,7.00,7.29,12634365,91118192.00
2015-09-10,7.20,7.25,7.08,7.09,8134713,58248088.00
2015-09-11,7.08,7.17,6.96,7.04,7317049,51639564.00
2015-09-14,7.05,7.13,6.38,6.43,11079931,74100864.00
2015-09-15,6.50,6.58,6.14,6.19,8805429,56174608.00
2015-09-16,6.23,6.81,6.22,6.75,10405053,67548560.00
2015-09-17,6.75,6.84,6.51,6.53,11908338,79733416.00
2015-09-22,6.71,6.71,6.71,6.71,0,0.00
数据来源:通达信
