603006 联明股份 日线 前复权
      日期	    开盘	    最高	    最低	    收盘	    成交量	    成交额
2014-06-30,11.72,14.10,11.72,14.10,120085,1714548.00
2014-07-01,15.53,15.53,15.53,15.53,62400,981552.00
2014-07-02,17.10,17.10,17.10,17.10,62869,1087634.00
2014-07-03,18.83,18.83,18.83,18.83,97400,1853522.00
2014-07-04,20.73,20.73,20.73,20.73,344669,7213922.00
2014-07-07,22.82,22.82,22.82,22.82,555605,12790027.00
2014-07-08,25.12,25.12,25.12,25.12,685791,17364228.00
2014-07-09,27.65,27.65,27.65,27.65,503619,14025789.00
2014-07-11,30.44,30.44,30.44,30.44,493394,15117592.00
2014-07-14,33.50,33.50,33.50,33.50,635167,21405128.00
2014-07-15,36.87,36.87,34.96,35.47,15709276,568791488.00
2014-07-16,33.80,34.40,31.90,32.70,10940132,361655392.00
2014-07-17,31.90,33.09,31.43,32.08,5661792,183590112.00
2014-07-18,32.98,33.68,29.16,29.30,7614427,239180656.00
2014-07-21,28.50,29.30,28.04,28.29,4608794,132291904.00
2014-07-22,28.31,29.08,28.05,28.28,4048489,116001728.00
2014-07-23,28.48,29.24,27.90,28.42,4847610,139490016.00
2014-07-24,27.81,31.27,27.55,30.11,8701760,259557904.00
2014-07-25,29.29,29.54,27.80,28.37,5756851,165359328.00
2014-07-28,28.53,29.05,28.08,28.71,3876971,111645248.00
2014-07-29,28.60,29.70,28.51,29.08,4046343,118627784.00
2014-07-30,29.06,30.28,28.58,29.95,5240818,155780432.00
2014-07-31,29.60,29.88,29.05,29.36,2991137,88379840.00
2014-08-01,29.05,29.93,28.61,28.64,3277767,96571176.00
2014-08-04,28.40,28.80,28.13,28.54,2384839,68337168.00
2014-08-05,28.48,28.78,28.15,28.46,1589011,45448408.00
2014-08-06,28.25,28.46,28.14,28.30,1654585,47083172.00
2014-08-07,28.28,28.78,28.20,28.50,1900200,54590280.00
2014-08-08,28.35,28.67,28.15,28.34,1645852,47029552.00
2014-08-11,28.26,28.57,28.20,28.44,1369007,39140036.00
2014-08-12,28.48,28.68,28.21,28.52,1880052,53867892.00
2014-08-13,28.35,28.39,27.48,27.67,2447233,68771040.00
2014-08-14,27.60,28.07,27.51,27.80,1542025,43245736.00
2014-08-15,27.81,27.89,27.62,27.72,1048969,29272346.00
2014-08-18,27.81,28.05,27.67,28.01,1104379,31048094.00
2014-08-19,28.01,28.43,27.91,28.21,1717163,48771392.00
2014-08-20,28.25,29.95,28.06,29.32,4973561,145993184.00
2014-08-21,28.84,28.97,28.30,28.56,2622958,75603768.00
2014-08-22,28.54,28.99,28.20,28.65,1892332,54286544.00
2014-08-25,28.62,29.66,28.41,29.27,2806974,82269360.00
2014-08-26,29.26,29.39,28.15,28.25,2303485,66626104.00
2014-08-27,28.20,29.00,28.10,28.80,2259751,65133012.00
2014-08-28,28.90,31.38,28.88,30.42,7021011,215747008.00
2014-08-29,29.82,31.20,29.30,31.13,4354682,133172560.00
2014-09-01,31.28,31.28,30.30,30.90,3289231,101788952.00
2014-09-02,30.95,31.69,30.60,31.20,4019460,125876112.00
2014-09-03,31.19,31.19,30.44,30.56,3110958,96243360.00
2014-09-04,30.67,30.85,30.41,30.57,1889038,58219752.00
2014-09-05,30.63,30.77,30.22,30.41,1825237,55858136.00
2014-09-09,30.42,30.78,30.22,30.75,1663801,51097448.00
2014-09-10,30.80,31.64,30.58,31.41,3250131,102292000.00
2014-09-11,31.31,31.57,30.31,31.06,2735764,85597576.00
2014-09-12,30.95,30.95,30.44,30.69,1369098,42230168.00
2014-09-15,30.76,30.87,30.57,30.71,1064266,32891634.00
2014-09-16,30.75,30.75,29.70,29.76,1718403,52326460.00
2014-09-17,29.77,29.89,29.20,29.59,1111582,33099456.00
2014-09-18,29.54,29.74,29.32,29.60,757295,22519126.00
2014-09-19,29.63,29.87,29.48,29.77,602283,18011352.00
2014-09-22,29.68,29.73,28.72,28.74,1161244,34039956.00
2014-09-23,28.81,29.48,28.74,29.45,988000,28994506.00
2014-09-24,29.40,29.67,29.21,29.53,749975,22262340.00
2014-09-25,29.52,29.68,29.43,29.55,1014229,30181266.00
2014-09-26,29.59,29.65,29.37,29.53,750287,22276368.00
2014-09-29,29.59,30.06,29.59,30.00,915246,27586232.00
2014-09-30,29.98,30.00,29.70,29.93,687863,20674508.00
2014-10-08,29.97,30.50,29.81,30.47,1049388,32035092.00
2014-10-09,30.53,30.78,30.10,30.32,1097533,33575096.00
2014-10-10,30.22,30.62,29.98,30.35,962343,29318516.00
2014-10-13,30.31,31.00,30.11,30.94,2127396,65737952.00
2014-10-14,30.90,31.18,30.42,30.48,1539720,47821560.00
2014-10-15,30.57,30.80,30.23,30.73,1079058,33135210.00
2014-10-16,30.68,32.10,30.33,31.61,3824844,121281792.00
2014-10-17,31.45,34.68,31.17,33.78,5445180,180146560.00
2014-10-20,33.77,35.42,33.57,33.79,4248296,146527456.00
2014-10-21,33.60,37.19,33.48,37.19,5607503,203240864.00
2014-10-22,38.40,40.79,38.18,39.40,7386912,291871968.00
2014-10-23,39.50,41.29,38.38,40.93,6686320,267621072.00
2014-10-24,41.68,45.04,41.46,45.04,6609343,289633056.00
2014-10-27,41.80,42.78,40.52,40.52,6804479,282757184.00
2014-10-28,40.40,41.19,39.93,41.14,5793614,236036336.00
2014-10-29,40.93,43.60,40.80,42.62,7408771,313168128.00
2014-10-30,43.50,43.50,39.48,39.79,6710075,274465888.00
2014-10-31,39.50,40.30,38.40,39.21,4678298,184894848.00
2014-11-03,39.06,39.71,38.52,39.09,4061969,159293408.00
2014-11-04,38.88,39.77,38.65,38.72,3197899,125880336.00
2014-11-05,38.30,38.65,37.68,38.46,3037648,116436136.00
2014-11-06,38.46,41.10,38.33,40.64,6431417,258426048.00
2014-11-07,40.25,41.20,38.80,38.97,4551589,183819248.00
2014-11-10,39.00,40.22,38.21,40.01,3674198,145054672.00
2014-11-11,39.92,43.30,39.80,42.27,7448984,311881056.00
2014-11-12,41.50,44.39,40.81,43.67,6798720,292638208.00
2014-11-13,41.43,42.68,39.79,40.00,5391266,222482320.00
2014-11-14,39.50,40.24,36.50,36.69,4085834,156291232.00
2014-11-17,36.35,37.88,36.04,36.74,1914855,71259008.00
2014-11-18,36.58,37.80,36.53,37.50,1507892,56409028.00
2014-11-19,37.45,37.45,36.06,36.74,1734983,63971764.00
2014-11-20,36.20,37.45,36.01,37.02,1473163,54740248.00
2014-11-21,37.08,38.18,37.05,37.51,1787886,67744856.00
2014-11-24,37.80,38.15,37.30,37.82,1807608,68554000.00
2014-11-25,37.85,38.07,36.50,36.99,1907111,71008464.00
2014-11-26,37.29,37.78,36.91,37.55,1377858,51716764.00
2014-11-27,37.80,38.67,37.78,38.19,2106148,80936088.00
2014-11-28,38.31,38.60,37.63,38.14,1994187,76377648.00
2014-12-01,38.30,38.31,36.82,37.26,1749722,65933796.00
2014-12-02,37.35,39.20,37.27,39.09,2743824,106604512.00
2014-12-03,39.20,39.79,38.36,39.76,2507258,98402528.00
2014-12-04,39.82,41.30,39.41,40.59,2788048,113846248.00
2014-12-05,40.10,40.10,37.70,37.78,3094495,119389440.00
2014-12-08,37.29,37.29,35.80,36.02,2504334,91518688.00
2014-12-09,35.80,36.58,33.58,33.96,2186219,77405208.00
2014-12-10,33.81,35.35,33.60,34.88,1180087,40997656.00
2014-12-11,34.88,35.27,34.48,35.10,1152237,40334344.00
2014-12-12,34.72,35.18,34.51,34.95,929459,32490200.00
2014-12-15,34.91,36.20,34.73,36.05,1378246,49549384.00
2014-12-16,36.11,36.29,35.31,35.56,870717,31171304.00
2014-12-17,35.35,35.35,34.00,34.27,1393345,48266112.00
2014-12-18,33.89,34.60,33.89,34.00,694894,23909848.00
2014-12-19,33.80,33.81,31.65,31.79,1594926,52147024.00
2014-12-22,31.37,31.38,29.25,29.81,1250087,37652824.00
2014-12-23,29.85,31.18,29.85,30.44,1205886,37234948.00
2014-12-24,31.00,32.83,30.66,32.76,1525401,48978424.00
2014-12-25,32.30,32.77,31.83,32.40,1018837,33079504.00
2014-12-26,32.13,32.29,31.70,32.00,839722,26980284.00
2014-12-29,31.75,31.80,30.60,30.83,796182,24803656.00
2014-12-30,30.86,31.52,30.51,31.15,615434,19236748.00
2014-12-31,31.15,31.50,30.83,31.30,550349,17297612.00
2015-01-05,31.25,31.28,30.12,30.75,705227,21633770.00
2015-01-06,30.75,31.98,30.38,31.95,921389,29214594.00
2015-01-07,32.02,32.10,31.17,31.36,691358,21911848.00
2015-01-08,31.30,31.97,31.11,31.40,602966,19201784.00
2015-01-09,31.28,31.70,30.66,30.69,709793,22321864.00
2015-01-12,29.83,30.46,29.82,29.86,641921,19380834.00
2015-01-13,29.87,31.06,29.81,30.87,807997,24922828.00
2015-01-14,30.87,31.04,30.43,30.73,479708,14847280.00
2015-01-15,30.85,32.00,30.81,31.01,585180,18522452.00
2015-01-16,30.98,32.12,30.88,31.76,1001641,31932832.00
2015-01-19,31.61,33.20,31.17,32.20,1484728,48518592.00
2015-01-20,32.37,34.40,32.36,34.17,2274042,76726344.00
2015-01-21,34.27,34.39,33.37,33.97,1840381,62604936.00
2015-01-22,33.75,34.19,33.66,34.02,974370,33251816.00
2015-01-23,34.10,34.10,32.77,32.97,1211179,40682400.00
2015-01-26,33.00,33.56,33.00,33.49,572843,19151312.00
2015-01-27,33.50,34.21,33.41,33.92,1225757,41726416.00
2015-01-28,33.78,34.07,33.41,33.65,693674,23519092.00
2015-01-29,33.55,33.55,32.86,33.25,615994,20551196.00
2015-01-30,33.00,33.25,32.53,32.58,428600,14147343.00
2015-02-02,32.18,32.21,31.60,32.20,356566,11485288.00
2015-02-03,32.46,32.99,32.19,32.90,438360,14480509.00
2015-02-04,32.90,33.48,32.59,32.77,484451,16113941.00
2015-02-05,32.70,33.18,32.33,32.93,512130,16864552.00
2015-02-06,32.87,33.30,32.36,33.26,620328,20484980.00
2015-02-09,33.20,33.20,32.70,32.90,536028,17771668.00
2015-02-10,29.59,31.80,29.59,31.10,1335869,41031616.00
2015-02-11,30.80,31.09,30.44,30.70,864312,26740720.00
2015-02-12,30.81,31.00,30.65,30.88,627577,19480156.00
2015-02-13,31.10,31.60,31.02,31.49,992943,31291284.00
2015-02-16,31.54,32.10,31.41,31.82,612763,19651608.00
2015-02-17,32.05,32.20,31.84,31.98,422459,13594456.00
2015-02-25,31.98,31.98,31.64,31.78,346959,11098825.00
2015-02-26,31.85,32.13,31.70,32.12,425879,13673871.00
2015-02-27,32.13,32.56,31.96,32.51,527050,17171388.00
2015-03-02,32.69,33.32,32.50,33.31,938021,31096472.00
2015-03-03,33.25,34.00,32.81,33.95,1276904,42925168.00
2015-03-04,33.96,34.10,33.75,34.03,1063922,36332584.00
2015-03-05,34.05,34.60,33.81,34.57,1049265,36088968.00
2015-03-06,34.58,36.24,34.50,34.94,1559520,55226976.00
2015-03-09,34.80,34.80,32.80,34.23,880541,30124312.00
2015-03-10,34.05,34.43,33.89,34.07,748670,25737360.00
2015-03-11,34.07,35.09,34.01,35.05,1025242,35543056.00
2015-03-12,35.30,38.08,35.30,36.78,2925940,108404704.00
2015-03-13,36.65,37.30,36.21,37.29,1402133,51779588.00
2015-03-16,37.65,38.39,37.63,38.28,1807252,69245808.00
2015-03-17,38.80,38.80,37.10,37.73,2353187,89638040.00
2015-03-18,35.69,37.60,35.11,37.06,4918727,179169616.00
2015-03-19,36.52,36.78,36.18,36.54,2685255,98445072.00
2015-03-20,36.40,36.78,36.30,36.39,1930865,70902144.00
2015-03-23,36.50,37.29,35.98,37.15,2967882,108808304.00
2015-03-24,37.17,38.70,36.68,38.32,4428345,168397584.00
2015-03-25,38.74,38.74,37.36,38.24,2745150,104926872.00
2015-03-26,38.05,38.78,37.50,37.86,2595893,99731400.00
2015-03-27,37.80,40.03,37.50,39.77,3675091,143872640.00
2015-03-30,40.80,42.60,40.34,41.60,4274489,177926352.00
2015-03-31,41.00,43.60,39.32,41.76,4397186,182181312.00
2015-04-01,41.76,45.05,41.01,44.63,4381270,191329328.00
2015-04-02,44.80,48.15,44.79,45.95,3896618,180019648.00
2015-04-03,45.66,46.78,44.24,46.14,2572829,117582360.00
2015-04-07,45.79,46.27,44.60,45.61,2135060,97132464.00
2015-04-08,45.70,49.77,45.69,48.59,4192179,202244032.00
2015-04-09,48.79,49.05,43.76,48.08,2849799,134592208.00
2015-04-10,48.00,50.00,46.83,48.18,2395174,117681232.00
2015-04-13,51.70,53.02,49.81,53.02,2917426,150821360.00
2015-04-14,57.78,57.78,50.05,50.60,4981601,270447168.00
2015-04-15,49.73,49.78,46.80,47.30,2650450,128281872.00
2015-04-16,47.25,48.08,45.82,47.32,2681778,127364280.00
2015-04-17,47.00,48.25,46.78,46.90,2230765,106431792.00
2015-04-20,47.80,51.61,46.92,49.47,3967263,197125120.00
2015-06-30,44.52,48.00,44.52,44.52,3380678,152575856.00
2015-07-01,40.36,48.97,40.36,46.47,5812810,273479776.00
2015-07-02,41.82,46.19,41.82,41.82,3689850,157749024.00
2015-07-03,39.18,41.41,37.64,37.64,2607836,100663032.00
2015-07-06,40.00,40.79,33.88,33.88,2962591,106542040.00
2015-07-07,31.00,31.00,30.49,30.49,194800,5961174.00
2015-07-08,27.44,27.44,27.44,27.44,1021800,28038192.00
2015-07-09,24.70,30.18,24.70,30.18,4437784,120582512.00
2015-07-10,30.50,33.20,30.50,33.20,2032360,66401920.00
2015-07-13,34.45,36.52,33.80,36.52,3760914,133235656.00
2015-07-14,36.83,38.60,35.08,35.28,3262836,118906192.00
2015-07-15,34.00,34.00,31.75,31.75,1598153,51806296.00
2015-07-16,28.58,33.00,28.58,30.77,2397711,72116560.00
2015-07-17,30.95,33.20,30.87,33.06,1418865,45654864.00
2015-07-20,33.80,35.27,33.48,34.18,2005249,68885104.00
2015-07-21,33.21,35.72,33.17,34.94,1677662,58403060.00
2015-07-22,34.94,36.18,34.70,35.51,1567067,55249572.00
2015-07-23,35.68,38.00,35.58,37.74,1823179,67291496.00
2015-07-24,38.53,38.88,36.62,36.87,2092344,79367768.00
2015-07-27,35.90,36.98,33.18,33.18,1698868,60576268.00
2015-07-28,30.93,35.97,29.86,33.49,2414619,78749968.00
2015-07-29,34.97,36.03,32.68,36.00,1603561,55399864.00
2015-07-30,36.20,37.32,35.20,35.66,1380221,50554592.00
2015-07-31,35.21,35.98,32.09,34.53,1255625,43130344.00
2015-08-03,34.00,34.61,31.28,32.61,1100325,36282784.00
2015-08-04,32.98,34.69,32.00,34.60,1538849,51501100.00
2015-08-05,34.79,37.78,34.41,37.30,3145978,113867416.00
2015-08-06,35.71,36.98,35.52,35.60,2237014,80619576.00
2015-08-07,36.02,37.02,35.81,36.95,1937701,70925728.00
2015-08-10,37.19,39.12,36.66,38.88,2502305,94689240.00
2015-08-11,38.61,39.38,37.86,38.84,1967093,76009776.00
2015-08-12,38.50,39.10,38.16,38.28,1056244,40630788.00
2015-08-13,38.22,39.02,38.05,38.94,1136644,43962488.00
2015-08-14,39.80,40.50,39.18,39.41,1503803,59912536.00
2015-08-17,39.10,39.80,38.60,38.95,1190352,46492400.00
2015-08-18,38.95,39.19,35.06,35.06,1296013,48355936.00
2015-08-19,34.40,35.85,32.32,35.69,1514108,51521004.00
2015-08-20,35.30,37.00,34.30,35.27,1245459,44690520.00
2015-08-21,34.60,36.30,32.60,32.75,962017,32575620.00
2015-08-24,31.50,31.60,29.48,29.48,629793,18704932.00
2015-08-25,26.53,27.70,26.53,26.53,1335239,35708472.00
2015-08-26,26.53,28.11,25.90,26.58,1354861,36752368.00
2015-08-27,27.50,28.17,26.50,27.96,1181152,32247836.00
2015-08-28,27.97,29.40,27.51,29.37,1445893,41161496.00
2015-08-31,29.00,29.00,27.48,27.74,960480,27068906.00
2015-09-01,27.50,27.68,25.50,25.70,712600,18837842.00
2015-09-02,24.99,26.70,23.95,24.01,972951,24268396.00
2015-09-07,24.87,25.50,24.56,24.76,786894,19726488.00
2015-09-08,25.01,26.34,24.67,26.16,818524,20875518.00
2015-09-09,26.35,28.20,26.30,27.79,1296900,35557776.00
2015-09-10,27.02,28.10,27.00,27.43,764573,21126442.00
2015-09-11,27.75,28.30,27.30,27.98,703331,19557148.00
2015-09-14,28.10,28.80,25.18,25.18,984339,26591206.00
2015-09-15,24.88,25.98,24.09,24.37,654379,16325021.00
2015-09-16,25.04,26.81,24.54,26.08,858033,21936620.00
2015-09-17,26.00,27.50,25.72,26.02,1084721,28908184.00
2015-09-22,27.76,27.76,27.76,27.76,0,0.00
数据来源:通达信
