603806 福斯特 日线 前复权
      日期	    开盘	    最高	    最低	    收盘	    成交量	    成交额
2014-09-05,32.17,38.69,32.17,38.69,247399,9671167.00
2014-09-09,42.60,42.60,42.60,42.60,188513,8115485.00
2014-09-10,46.91,46.91,46.91,46.91,363070,17194996.00
2014-09-11,51.65,51.65,51.65,51.65,927409,48318008.00
2014-09-12,56.86,56.86,51.55,52.73,34001910,1846915840.00
2014-09-15,50.63,51.55,49.85,50.22,13777413,700524672.00
2014-09-16,49.65,50.23,47.11,47.33,13086265,639246656.00
2014-09-17,47.21,47.93,46.06,47.38,6758281,321152960.00
2014-09-18,47.05,47.05,46.08,46.14,5761521,269907200.00
2014-09-19,46.20,46.54,45.75,46.16,3576601,166647168.00
2014-09-22,45.95,46.05,44.08,44.55,6742574,304839392.00
2014-09-23,44.55,44.89,44.37,44.63,3498182,157745632.00
2014-09-24,44.54,46.38,44.35,45.48,6693279,308207264.00
2014-09-25,45.48,45.84,44.57,44.68,3992022,181678448.00
2014-09-26,44.58,44.67,44.15,44.18,2843571,127274072.00
2014-09-29,44.37,45.29,44.37,44.81,3017420,136697760.00
2014-09-30,44.82,45.33,44.82,45.17,2692301,122639408.00
2014-10-08,45.17,45.34,44.78,45.22,2542987,115737680.00
2014-10-09,45.24,45.28,44.56,44.74,3375444,152952976.00
2014-10-10,44.55,44.55,44.21,44.28,3007885,134748352.00
2014-10-13,44.15,44.15,43.33,43.55,3495644,153814960.00
2014-10-14,43.59,44.02,43.35,43.94,2462698,108603320.00
2014-10-15,43.84,43.90,43.37,43.71,1944933,85700520.00
2014-10-16,43.43,44.00,43.34,43.51,2667676,117707936.00
2014-10-17,43.95,44.79,43.65,44.74,6306604,282068224.00
2014-10-20,44.73,44.73,44.08,44.30,3026383,135389168.00
2014-10-21,44.26,44.71,44.15,44.53,3464805,155858928.00
2014-10-22,44.63,46.03,44.63,45.08,6225157,285074208.00
2014-10-23,44.84,44.93,43.06,43.09,4567248,201933616.00
2014-10-24,43.11,43.35,41.43,41.62,4109660,175431968.00
2014-10-27,41.65,41.65,40.41,40.46,2779860,114279632.00
2014-10-28,40.70,41.43,40.70,41.41,2342286,97588440.00
2014-10-29,41.45,42.13,41.45,41.94,3196411,135055520.00
2014-10-30,41.99,42.12,41.59,41.65,2643620,111563488.00
2014-10-31,41.67,43.10,41.67,42.78,4782094,205821664.00
2014-11-03,42.70,43.03,42.50,42.76,2877299,124342600.00
2014-11-04,42.76,42.76,41.82,41.83,3221951,137325792.00
2014-11-05,41.95,42.91,41.73,42.61,2908065,124747976.00
2014-11-06,42.45,44.21,42.33,44.16,6458943,284032064.00
2014-11-07,44.15,48.46,44.08,45.95,14267597,668134976.00
2014-11-10,45.98,47.05,45.17,46.19,6750187,314834144.00
2014-11-11,46.32,46.35,44.25,44.59,6605481,300242464.00
2014-11-12,44.36,48.15,44.28,47.68,11000153,516760448.00
2014-11-13,46.65,48.85,46.55,47.06,10779299,519967040.00
2014-11-14,46.75,46.75,44.25,44.58,6537966,297562400.00
2014-11-17,44.36,45.17,43.63,44.24,3553750,159670832.00
2014-11-18,44.29,45.14,44.04,44.89,2685572,121362568.00
2014-11-19,44.79,44.82,43.83,44.06,3237974,144406176.00
2014-11-20,44.00,44.88,43.83,44.23,2718619,122042784.00
2014-11-21,44.26,45.03,44.07,44.53,3066464,138140272.00
2014-11-24,44.81,44.98,44.26,44.32,3881553,174333696.00
2014-11-25,44.31,44.64,42.73,43.04,6085156,267060848.00
2014-11-26,42.95,43.38,42.83,43.22,3159877,137800480.00
2014-11-27,43.42,44.54,43.42,44.21,4470654,199045296.00
2014-11-28,44.25,44.50,43.42,43.58,3475979,153943584.00
2014-12-01,43.68,43.70,42.90,43.17,2858561,124541408.00
2014-12-02,43.19,44.42,43.16,44.14,3990310,177473360.00
2014-12-03,44.03,44.25,43.35,43.91,3675851,162123936.00
2014-12-04,43.93,44.18,43.05,43.94,3529392,156217760.00
2014-12-05,44.10,44.10,42.43,42.57,4914081,213327904.00
2014-12-08,42.44,43.02,42.01,42.87,2773164,118834744.00
2014-12-09,42.56,42.65,40.76,40.88,4448820,187526368.00
2014-12-10,40.88,41.88,40.88,41.73,1951948,81845288.00
2014-12-11,41.79,42.03,41.26,42.00,1812458,76562000.00
2014-12-12,42.03,42.03,41.57,41.96,1621714,68453736.00
2014-12-15,41.85,42.47,41.58,42.29,1941364,82454400.00
2014-12-16,42.22,42.40,41.75,41.82,1551491,65735640.00
2014-12-17,42.10,42.10,40.79,41.03,2420975,101009608.00
2014-12-18,40.93,41.61,40.64,41.14,1867062,77745800.00
2014-12-19,41.25,41.30,39.56,39.64,2955898,119680312.00
2014-12-22,39.63,39.63,36.65,36.66,3420113,129621224.00
2014-12-23,36.66,39.02,36.66,37.76,2690178,103780744.00
2014-12-24,38.10,38.93,38.07,38.79,1947171,75985936.00
2014-12-25,39.01,39.15,38.08,38.53,1788908,69590552.00
2014-12-26,38.50,38.63,38.25,38.41,1150870,44669240.00
2014-12-29,38.45,38.45,37.35,37.52,1428613,54311880.00
2014-12-30,37.52,38.03,37.46,37.59,978543,37348780.00
2014-12-31,37.59,37.85,37.26,37.73,964373,36674400.00
2015-01-05,37.67,38.44,37.66,38.33,1529132,59004992.00
2015-01-06,38.05,39.05,37.99,39.02,2097746,82125992.00
2015-01-07,39.02,39.02,38.30,38.56,1467012,57143620.00
2015-01-08,38.39,38.74,38.35,38.38,1269082,49444440.00
2015-01-09,38.22,38.46,37.75,37.83,1537441,59328112.00
2015-01-12,37.74,37.74,36.70,36.80,1550802,58084172.00
2015-01-13,36.85,37.43,36.74,37.31,1135543,42631304.00
2015-01-14,37.13,37.38,36.53,36.69,1615734,60281224.00
2015-01-15,36.76,37.45,36.76,37.09,1094767,41137656.00
2015-01-16,37.09,37.70,36.97,37.59,1551257,58801516.00
2015-01-19,37.39,38.53,36.83,37.62,2850395,109514208.00
2015-01-20,38.10,39.70,37.80,39.58,4471070,176216128.00
2015-01-21,39.64,39.85,39.12,39.50,2961793,118024024.00
2015-01-22,39.54,39.99,39.25,39.83,2372302,95151792.00
2015-01-23,39.83,40.05,39.05,39.08,2140746,85351752.00
2015-01-26,39.05,39.33,38.77,39.27,1426310,56369588.00
2015-01-27,39.25,39.30,38.58,38.93,1574556,62037872.00
2015-01-28,38.99,39.75,38.76,39.51,2283121,91293112.00
2015-01-29,39.25,39.51,38.95,39.15,1216219,48200368.00
2015-01-30,39.26,39.39,38.57,38.60,1175840,46241936.00
2015-02-02,38.55,38.55,38.09,38.18,843514,32645166.00
2015-02-03,38.24,39.15,38.24,39.03,1322464,51895592.00
2015-02-04,39.09,39.42,38.76,38.79,1148350,45393148.00
2015-02-05,39.07,39.26,38.31,38.33,1033637,40569560.00
2015-02-06,38.33,38.33,37.10,37.24,1436787,54614104.00
2015-02-09,37.26,37.26,36.85,37.05,781574,29290704.00
2015-02-10,37.03,37.19,36.58,36.93,986189,36806964.00
2015-02-11,36.93,37.49,36.93,37.14,861794,32405484.00
2015-02-12,37.28,37.67,37.25,37.55,890279,33754616.00
2015-02-13,37.93,38.36,37.77,38.00,1231988,47526368.00
2015-02-16,38.03,38.59,38.03,38.57,1113173,43254240.00
2015-02-17,38.69,38.80,38.35,38.45,1003973,39090720.00
2015-02-25,38.46,38.65,37.88,37.91,859504,33292436.00
2015-02-26,37.91,38.58,37.91,38.54,803523,31070444.00
2015-02-27,38.64,38.96,38.43,38.89,1453459,57040312.00
2015-03-02,38.96,39.33,38.79,39.28,1654289,65340224.00
2015-03-03,39.05,39.05,38.62,38.65,2137105,83753016.00
2015-03-04,38.55,39.05,38.48,39.02,1534038,60262348.00
2015-03-05,39.25,40.54,38.97,40.51,5059657,203607248.00
2015-03-06,40.66,44.10,40.54,42.42,9557732,410207296.00
2015-03-09,42.51,42.51,40.45,41.54,4148333,173481360.00
2015-03-10,41.43,45.11,41.13,44.24,11241996,498059520.00
2015-03-11,43.61,44.12,43.24,43.34,5771616,254158768.00
2015-03-12,43.25,43.25,40.98,41.76,5577511,236299952.00
2015-03-13,41.23,42.25,41.23,41.85,2616070,110391328.00
2015-03-16,42.24,43.23,42.11,43.08,4286551,184744592.00
2015-03-17,43.10,43.34,42.56,42.95,4381263,190061872.00
2015-03-18,42.95,43.55,42.76,43.53,4327804,188689248.00
2015-03-19,43.37,43.53,42.64,42.94,3571794,155224544.00
2015-03-20,42.92,43.32,42.57,42.71,2870402,124191152.00
2015-03-23,42.71,43.91,42.71,43.55,4656019,203789664.00
2015-03-24,43.55,43.55,41.94,42.68,4917823,212433216.00
2015-03-25,42.70,43.39,42.16,43.21,4878626,212052960.00
2015-03-26,42.66,43.57,42.55,43.55,5036339,219864208.00
2015-03-27,43.66,46.40,43.66,45.03,8310048,380048832.00
2015-03-30,44.57,45.05,44.29,44.66,4330858,194872336.00
2015-03-31,44.67,44.99,44.23,44.27,3738890,168412512.00
2015-04-01,44.16,44.60,43.75,44.49,3271754,146251520.00
2015-04-02,44.57,44.84,44.26,44.70,3637106,163578704.00
2015-04-03,44.56,46.14,44.31,45.94,6486645,297044256.00
2015-04-07,46.08,46.84,45.45,46.71,6278028,292643072.00
2015-04-08,46.92,46.93,45.00,45.40,5823858,268930976.00
2015-04-09,45.35,46.18,43.99,45.16,4551461,207401904.00
2015-04-10,43.83,45.55,43.56,45.47,6201886,278873280.00
2015-04-13,45.48,46.80,45.43,46.75,7060870,330573888.00
2015-04-14,46.60,46.65,45.53,45.60,4985371,231525904.00
2015-04-15,45.63,45.63,43.69,43.81,3977957,178502048.00
2015-04-16,43.56,46.18,43.05,45.89,5938007,271190656.00
2015-04-17,46.26,47.49,46.15,46.26,6312891,298147424.00
2015-04-20,45.80,46.53,45.13,45.96,5251149,242933984.00
2015-04-21,46.15,50.60,46.15,50.60,11569900,568259584.00
2015-04-22,51.52,54.42,50.09,54.07,11504000,603611648.00
2015-04-23,53.30,54.30,52.57,53.71,5829849,313668352.00
2015-04-24,52.68,56.01,52.57,54.57,5463790,300509952.00
2015-04-27,57.05,57.05,53.88,53.95,4777549,265563408.00
2015-04-28,55.15,55.15,52.86,53.83,3920132,212663504.00
2015-04-29,53.40,56.23,52.55,55.90,5209140,286312352.00
2015-04-30,55.74,58.32,55.55,55.93,4168345,239927840.00
2015-05-04,55.55,57.04,55.06,56.38,3489967,198111120.00
2015-05-05,55.61,56.31,52.20,52.95,3623835,197676688.00
2015-05-06,53.05,53.34,51.05,51.59,3768006,198208160.00
2015-05-07,51.55,52.74,50.56,51.62,2094992,109372880.00
2015-05-08,52.11,54.05,51.77,54.04,2622026,139970064.00
2015-05-11,54.23,55.25,53.85,54.70,4284802,235792000.00
2015-05-12,54.78,56.61,54.26,56.24,3996565,224860848.00
2015-05-13,56.24,56.92,54.44,56.63,4662625,259706880.00
2015-06-05,62.29,62.29,62.29,62.29,1016707,63330680.00
2015-06-08,62.66,66.00,58.45,64.98,8067517,504215744.00
2015-06-09,64.98,67.00,62.70,65.23,4708393,304786976.00
2015-06-10,63.95,66.30,63.02,65.99,4945737,323237888.00
2015-06-11,65.08,67.91,65.03,66.27,3376048,224071360.00
2015-06-12,65.41,66.38,63.68,63.96,3296516,212924096.00
2015-06-15,64.01,65.28,60.70,61.81,3166782,198380656.00
2015-06-16,62.00,67.99,59.81,66.02,5164026,332248960.00
2015-06-17,65.20,72.00,64.50,71.63,5253762,366652864.00
2015-06-18,70.10,73.49,67.47,68.24,2722879,190829200.00
2015-06-19,65.96,66.77,61.60,64.43,2294516,147472048.00
2015-06-23,64.66,68.98,64.00,68.90,3342366,224171504.00
2015-06-24,70.00,71.45,65.00,67.53,3842879,258393056.00
2015-06-25,66.85,67.00,63.60,65.35,2623130,170964352.00
2015-06-26,63.10,63.86,58.82,62.94,3036781,184426640.00
2015-06-29,63.59,64.69,56.65,62.65,4378890,265962512.00
2015-06-30,61.00,66.00,56.81,65.19,3546737,220965808.00
2015-07-01,65.00,68.49,63.00,63.25,3213740,213658048.00
2015-07-02,61.01,63.21,56.93,60.02,3113664,184917520.00
2015-07-03,58.47,58.87,54.02,55.34,2855217,157818208.00
2015-07-06,60.44,60.44,49.81,52.67,3932346,208596272.00
2015-07-07,48.35,50.87,47.40,47.40,648300,30982576.00
2015-07-13,52.14,52.14,50.92,52.14,2668578,138996128.00
2015-07-14,54.00,56.47,52.11,53.42,3834335,209123072.00
2015-07-15,51.00,51.00,48.08,49.15,3033443,148274192.00
2015-07-16,45.80,49.00,44.35,47.85,2643338,123447584.00
2015-07-17,47.65,50.94,47.22,49.72,2784596,137068800.00
2015-07-20,51.00,51.19,47.90,48.39,2790600,137643680.00
2015-07-21,48.28,50.28,46.72,48.85,3765537,180762144.00
2015-07-22,48.86,50.00,47.15,49.18,3819017,186590016.00
2015-07-23,49.13,52.63,48.06,51.90,5245374,267134176.00
2015-07-24,51.50,52.24,49.93,50.07,4162447,213370800.00
2015-07-27,49.00,49.40,45.06,45.06,3144832,149510688.00
2015-07-28,40.57,43.78,40.55,40.64,4348570,179331744.00
2015-07-29,41.50,44.01,39.79,43.74,3575917,148732336.00
2015-07-30,43.00,45.57,42.16,42.61,3777194,166847504.00
2015-07-31,41.58,42.75,40.80,42.09,2653628,110663688.00
2015-08-03,41.00,42.10,39.60,41.46,2772204,113365064.00
2015-08-04,41.03,44.09,41.03,44.07,4941794,212336096.00
2015-08-05,43.50,43.99,42.20,42.90,3957310,170827680.00
2015-08-06,41.80,42.75,41.45,42.06,2646772,110966560.00
2015-08-07,42.41,43.65,42.21,43.59,3663355,158245264.00
2015-08-10,43.70,45.88,43.60,45.60,4486768,201091856.00
2015-08-11,45.82,45.82,44.46,44.96,4297724,193944208.00
2015-08-12,44.58,47.06,44.32,44.86,4209242,192408816.00
2015-08-13,44.61,45.57,44.20,45.47,2897991,130087608.00
2015-08-14,45.78,45.86,44.90,45.47,3107194,141194112.00
2015-08-17,45.40,45.50,43.00,44.66,2459901,109319344.00
2015-08-18,44.52,44.63,40.41,40.94,3801407,163559040.00
2015-08-19,40.33,45.03,40.10,45.03,5102060,218617024.00
2015-08-20,45.04,47.92,44.45,46.30,6360770,294495360.00
2015-08-21,45.06,45.78,42.00,43.33,3052085,134316768.00
2015-08-24,41.88,41.88,39.00,39.00,2908401,114987312.00
2015-08-25,35.10,36.87,35.10,35.10,8661452,305230368.00
2015-08-26,35.20,36.88,32.30,32.69,9220691,316753280.00
2015-08-27,33.50,34.32,30.00,33.79,7523189,244177584.00
2015-08-28,33.74,36.07,33.20,35.99,7794850,268092048.00
2015-08-31,35.50,35.50,32.39,32.45,5793059,196908032.00
2015-09-01,32.00,32.00,29.21,29.21,8462953,251026208.00
2015-09-02,27.02,30.38,27.01,27.71,5909608,167908176.00
2015-09-07,28.60,30.10,28.58,28.86,5080761,148395472.00
2015-09-08,28.78,31.47,28.50,31.15,6073674,182176192.00
2015-09-09,31.29,33.77,31.02,33.45,8702513,281279360.00
2015-09-10,32.51,32.99,31.76,31.81,5731511,185646416.00
2015-09-11,32.00,32.86,31.80,32.61,3953358,127899744.00
2015-09-14,32.56,32.61,29.35,29.35,5380398,164631536.00
2015-09-15,28.50,28.86,27.01,27.46,4850093,134839872.00
2015-09-16,27.90,30.21,27.17,30.09,4915229,141247488.00
2015-09-17,30.00,31.08,28.77,28.88,5955875,179778560.00
2015-09-22,31.62,31.62,31.62,31.62,0,0.00
数据来源:通达信
