603000 人民网 日线 前复权
      日期	    开盘	    最高	    最低	    收盘	    成交量	    成交额
2012-04-27,7.40,8.55,7.40,8.33,47568898,1541491840.00
2012-05-02,8.40,9.20,8.34,9.20,19699320,718026112.00
2012-05-03,9.62,10.14,9.45,9.52,31913271,1281264256.00
2012-05-04,9.27,9.69,9.10,9.50,21230189,822971648.00
2012-05-07,9.44,10.37,9.26,9.90,21297332,859716416.00
2012-05-08,9.63,9.87,9.43,9.52,14277002,568915712.00
2012-05-09,9.40,10.01,9.28,9.82,13507172,545012288.00
2012-05-10,9.77,10.62,9.77,10.08,17557411,739805440.00
2012-05-11,10.00,10.37,9.90,10.34,11578719,487887232.00
2012-05-14,10.60,11.41,10.47,11.38,19679936,903041408.00
2012-05-15,11.21,11.61,11.05,11.55,13779948,643432064.00
2012-05-16,11.55,11.66,10.80,11.16,11461431,530334720.00
2012-05-17,10.95,11.02,10.62,10.81,13104125,583842368.00
2012-05-18,10.65,10.97,10.48,10.70,10982985,487675776.00
2012-05-21,10.76,10.80,9.94,9.98,13109119,553458624.00
2012-05-22,10.07,10.20,9.82,10.14,8743387,362690368.00
2012-05-23,10.04,10.15,9.94,9.98,6198846,256946112.00
2012-05-24,9.90,10.60,9.83,10.26,9506865,406459488.00
2012-05-25,10.25,10.52,9.95,10.11,6269971,264713488.00
2012-05-28,9.97,9.98,9.55,9.85,6502017,262115424.00
2012-05-29,9.75,10.17,9.68,10.02,6062761,250055280.00
2012-05-30,9.94,10.11,9.75,9.81,6057215,248015840.00
2012-05-31,9.65,10.04,9.59,9.90,6598755,268265168.00
2012-06-01,9.85,10.15,9.79,9.98,6128724,253666544.00
2012-06-04,9.65,9.95,9.65,9.75,4513400,183142288.00
2012-06-05,9.84,10.75,9.73,10.60,14129857,605263296.00
2012-06-06,10.42,10.72,10.41,10.58,10116388,441860992.00
2012-06-07,10.69,10.74,10.02,10.08,8778323,377036096.00
2012-06-08,10.10,10.26,9.87,10.01,6196304,259023776.00
2012-06-11,10.07,10.07,9.73,10.05,5489018,225061888.00
2012-06-12,10.02,10.02,9.80,9.91,3130143,128357048.00
2012-06-13,9.94,10.39,9.87,10.09,6634473,278502240.00
2012-06-14,10.02,10.29,9.90,10.11,5757130,241354976.00
2012-06-15,10.11,10.36,10.04,10.27,5886417,248366256.00
2012-06-18,10.35,10.84,10.32,10.68,9195603,405477888.00
2012-06-19,10.65,10.75,10.43,10.46,5857756,256764352.00
2012-06-20,10.54,11.02,10.51,10.80,8281579,369934656.00
2012-06-21,10.73,10.93,10.46,10.71,5992828,264248064.00
2012-06-25,10.59,11.02,10.50,10.80,7677276,344655872.00
2012-06-26,10.80,10.80,10.10,10.20,7363230,314173152.00
2012-06-27,10.15,10.22,9.90,9.91,5488663,228690800.00
2012-06-28,9.92,10.08,9.74,9.76,4742521,194553424.00
2012-06-29,9.68,9.97,9.68,9.91,3979587,162598064.00
2012-07-02,10.10,10.20,9.94,10.14,4082103,170218848.00
2012-07-03,10.17,10.22,9.97,10.03,4136819,172732176.00
2012-07-04,10.02,10.44,10.02,10.32,6039965,257393200.00
2012-07-05,10.26,10.28,9.82,9.83,6409055,264409632.00
2012-07-06,9.90,10.23,9.76,10.19,5742604,237740256.00
2012-07-09,10.11,10.25,9.85,9.99,4426406,184073728.00
2012-07-10,9.90,10.23,9.83,10.14,4873936,203721600.00
2012-07-11,10.07,10.12,9.87,9.96,3972828,163815392.00
2012-07-12,9.93,10.14,9.82,10.04,4985201,206257200.00
2012-07-13,9.96,9.97,9.72,9.78,5875128,239170848.00
2012-07-16,9.78,9.78,8.78,8.84,8450248,321998688.00
2012-07-17,8.78,8.84,8.43,8.68,4949448,177003408.00
2012-07-18,8.77,8.77,8.36,8.68,3968542,141413184.00
2012-07-19,8.58,8.95,8.57,8.80,4391064,160581520.00
2012-07-20,8.75,8.90,8.62,8.64,2288642,83503464.00
2012-07-23,8.40,8.40,7.90,8.12,4815670,162951824.00
2012-07-24,8.00,8.45,7.90,8.40,4562657,156080400.00
2012-07-25,8.25,8.52,8.20,8.40,3557893,124583768.00
2012-07-26,8.37,8.70,8.32,8.50,4657022,165532928.00
2012-07-27,8.41,9.37,8.40,8.94,14717562,543897280.00
2012-07-30,8.70,9.02,8.50,8.62,6471198,234260624.00
2012-07-31,8.57,8.59,8.15,8.16,4375624,150949344.00
2012-08-01,8.18,8.42,8.17,8.29,3804851,131531104.00
2012-08-02,8.29,8.32,7.96,7.98,5046499,170434656.00
2012-08-03,8.04,8.52,8.00,8.49,6045560,208300864.00
2012-08-06,8.35,8.75,8.30,8.63,7180818,256281792.00
2012-08-07,8.72,9.41,8.72,8.93,9212233,346815328.00
2012-08-08,8.86,9.22,8.72,9.14,7875057,293803328.00
2012-08-09,9.10,9.26,9.03,9.13,5088784,193331232.00
2012-08-10,9.10,9.27,9.04,9.14,3936571,149836608.00
2012-08-13,9.14,9.15,8.80,8.82,3005460,111796048.00
2012-08-14,8.79,9.19,8.69,9.18,4269511,158449184.00
2012-08-15,9.19,9.44,9.07,9.13,5018210,193019632.00
2012-08-16,9.05,9.27,8.96,9.00,2637561,99680056.00
2012-08-17,8.97,9.20,8.85,9.16,2719952,102198208.00
2012-08-20,9.06,9.21,8.98,9.16,2871558,108833128.00
2012-08-21,9.17,9.62,9.13,9.50,6717176,263026192.00
2012-08-22,9.70,9.78,9.32,9.38,6081791,239188320.00
2012-08-23,9.33,9.57,9.27,9.41,3907731,152646096.00
2012-08-24,9.39,9.39,8.97,8.99,3741942,141615856.00
2012-08-27,8.94,9.04,8.80,8.82,2420483,89388688.00
2012-08-28,8.78,9.07,8.78,8.89,3307153,122930936.00
2012-08-29,8.86,9.00,8.58,8.60,3370850,122970456.00
2012-08-30,8.56,8.74,8.18,8.60,4446848,157570048.00
2012-08-31,8.59,8.72,8.52,8.66,1747912,62648172.00
2012-09-03,8.66,9.56,8.62,9.56,9980530,385015584.00
2012-09-04,9.70,10.20,9.70,9.93,15618652,643242304.00
2012-09-05,9.87,10.37,9.83,9.93,12525224,522018272.00
2012-09-06,9.83,10.11,9.77,10.08,7593253,313415200.00
2012-09-07,10.17,11.02,10.08,10.64,12542444,545220096.00
2012-09-10,10.57,10.72,10.47,10.60,7122915,311326336.00
2012-09-11,10.55,10.76,10.15,10.37,8077589,349456064.00
2012-09-12,10.37,10.54,10.17,10.44,7667515,329219456.00
2012-09-13,10.40,10.65,10.20,10.25,6578542,283319168.00
2012-09-14,10.30,10.40,10.05,10.22,6033554,254998896.00
2012-09-17,10.25,10.44,10.04,10.05,4959854,210085392.00
2012-09-18,9.94,10.18,9.86,10.00,4876478,202631728.00
2012-09-19,10.06,10.09,9.87,10.05,3161778,131075920.00
2012-09-20,10.05,10.05,9.54,9.66,5977683,241175872.00
2012-09-21,9.60,9.82,9.41,9.42,3775255,151062928.00
2012-09-24,9.32,10.09,9.15,9.93,7176815,287462016.00
2012-09-25,9.81,9.89,9.53,9.76,3854875,155735616.00
2012-09-26,9.70,9.77,9.19,9.25,4073533,159357440.00
2012-09-27,9.27,10.21,9.25,10.21,7652172,312096864.00
2012-09-28,10.21,10.45,10.10,10.39,8653744,368275072.00
2012-10-08,10.30,10.32,9.87,10.07,7061342,294240896.00
2012-10-09,10.05,10.79,10.05,10.49,8282101,357675072.00
2012-10-10,10.37,10.70,10.31,10.41,6660560,288380896.00
2012-10-11,10.36,10.57,10.24,10.41,4228140,181488512.00
2012-10-12,10.65,10.80,10.20,10.26,4768051,205942080.00
2012-10-15,10.15,10.22,9.99,10.12,3596524,150045264.00
2012-10-16,10.11,10.56,10.09,10.35,5026623,215870320.00
2012-10-17,10.35,10.49,10.25,10.38,3215749,138078448.00
2012-10-18,10.37,10.62,10.35,10.51,4397521,191355136.00
2012-10-19,10.47,10.62,10.24,10.38,4005027,172059392.00
2012-10-22,10.31,10.99,10.28,10.81,7928402,349867584.00
2012-10-23,10.78,10.82,10.57,10.63,4326917,191120368.00
2012-10-24,10.59,10.69,10.47,10.53,2976183,129936216.00
2012-10-25,10.50,10.65,10.10,10.26,5519409,235332064.00
2012-10-26,10.19,10.30,9.87,9.93,4075706,169565488.00
2012-10-29,9.91,10.18,9.91,10.04,2910857,121115016.00
2012-10-30,9.96,10.18,9.95,10.01,3488857,145477376.00
2012-10-31,10.04,10.41,10.03,10.40,4508778,190940944.00
2012-11-01,10.44,10.54,10.32,10.49,4584910,197732528.00
2012-11-02,10.51,10.63,10.40,10.55,3622492,157417696.00
2012-11-05,10.55,10.69,10.37,10.45,3550895,154009040.00
2012-11-06,10.41,10.52,10.03,10.17,5600200,236137968.00
2012-11-07,10.16,10.44,10.15,10.33,4661969,198620496.00
2012-11-08,10.27,10.27,9.93,10.02,5499644,228262224.00
2012-11-09,9.94,10.00,9.52,9.61,5310202,213751024.00
2012-11-12,9.62,9.67,9.44,9.64,3871948,153625168.00
2012-11-13,9.67,9.69,9.32,9.33,2773098,109136688.00
2012-11-14,9.36,9.41,9.16,9.38,3400600,131370968.00
2012-11-15,9.34,9.47,9.19,9.21,2958803,114157896.00
2012-11-16,9.21,9.25,8.96,9.09,2996255,112596736.00
2012-11-19,9.07,9.12,8.91,9.11,2605734,97634184.00
2012-11-20,9.12,9.19,9.01,9.04,1692532,63959868.00
2012-11-21,9.09,9.11,8.82,9.09,2855992,106723648.00
2012-11-22,9.00,9.04,8.83,8.85,1785489,66358644.00
2012-11-23,8.87,8.93,8.71,8.85,2533338,93382768.00
2012-11-26,8.82,8.99,8.77,8.90,1992142,73810944.00
2012-11-27,8.90,8.90,8.50,8.50,3279554,117693496.00
2012-11-28,8.43,8.49,8.12,8.21,2713734,93812304.00
2012-11-29,8.23,8.30,8.01,8.10,2132228,72803312.00
2012-11-30,8.08,8.22,8.03,8.20,2177623,73924176.00
2012-12-03,8.15,8.28,7.99,8.00,2427186,82823704.00
2012-12-04,7.97,7.99,7.55,7.94,3485647,113063776.00
2012-12-05,7.84,8.77,7.81,8.44,6696047,235459504.00
2012-12-06,8.42,8.52,8.22,8.35,3163052,110138720.00
2012-12-07,8.32,8.55,8.26,8.48,2879208,101257880.00
2012-12-10,8.47,8.69,8.41,8.62,3336609,119007408.00
2012-12-11,8.60,8.60,8.38,8.42,2990715,105546552.00
2012-12-12,8.35,8.47,8.33,8.46,1854253,64928936.00
2012-12-13,8.45,8.45,8.24,8.25,2182311,75602976.00
2012-12-14,8.18,8.71,8.16,8.60,4073016,144502080.00
2012-12-17,8.61,8.72,8.54,8.68,3556226,127755680.00
2012-12-18,8.66,8.98,8.60,8.81,4137074,151311168.00
2012-12-19,8.81,8.89,8.71,8.79,2440234,89333528.00
2012-12-20,8.75,9.02,8.64,8.90,3567487,131809056.00
2012-12-21,8.90,9.08,8.85,8.97,3422207,127311816.00
2012-12-24,8.97,9.04,8.79,8.84,2586843,95822376.00
2012-12-25,8.80,9.08,8.72,9.02,4133843,153810912.00
2012-12-26,9.01,9.47,8.99,9.31,5318743,205207264.00
2012-12-27,9.32,9.39,9.07,9.12,4196334,159738112.00
2012-12-28,9.07,9.27,9.06,9.12,2917886,110846216.00
2012-12-31,9.12,9.29,9.04,9.08,4011346,152504704.00
2013-01-04,9.16,9.22,8.90,8.95,3218988,120870808.00
2013-01-07,8.89,9.24,8.80,9.19,4594051,173110448.00
2013-01-08,9.15,9.42,9.02,9.30,4645874,178173376.00
2013-01-09,9.24,9.52,9.12,9.32,4083991,157988656.00
2013-01-10,9.26,9.49,9.25,9.40,3384312,131581792.00
2013-01-11,9.45,9.59,9.37,9.43,5333337,209629424.00
2013-01-14,9.32,9.64,9.28,9.63,4146315,163454864.00
2013-01-15,9.61,9.90,9.49,9.80,4835776,194246800.00
2013-01-16,9.76,10.12,9.68,9.84,4370395,178988752.00
2013-01-17,9.80,9.82,9.49,9.51,2953668,117652824.00
2013-01-18,9.55,9.66,9.49,9.60,2414298,95881888.00
2013-01-21,9.60,9.63,9.43,9.50,1996391,78649672.00
2013-01-22,9.52,9.55,9.27,9.34,2125107,82976744.00
2013-01-23,9.30,9.47,9.12,9.22,3166549,121746304.00
2013-01-24,9.21,9.38,8.95,9.05,2872671,109641280.00
2013-01-25,9.06,9.17,9.02,9.09,1412738,53349056.00
2013-01-28,9.15,9.31,9.11,9.29,2427808,92840520.00
2013-01-29,9.30,9.47,9.25,9.42,2691169,104786792.00
2013-01-30,9.65,9.89,9.47,9.51,4443659,178360896.00
2013-01-31,9.50,9.58,9.25,9.33,2996639,116430000.00
2013-02-01,9.35,9.50,9.30,9.41,2004953,78172600.00
2013-02-04,9.40,9.51,9.22,9.25,2119740,81869368.00
2013-02-05,9.24,9.40,9.24,9.39,1864815,72371872.00
2013-02-06,9.39,9.64,9.38,9.51,2318279,91595072.00
2013-02-07,9.51,9.83,9.44,9.70,3550840,142113696.00
2013-02-08,9.70,9.84,9.60,9.62,3054296,122873616.00
2013-02-18,9.65,10.10,9.65,9.92,5218906,214035168.00
2013-02-19,9.92,9.99,9.60,9.64,3836983,155418464.00
2013-02-20,9.76,10.04,9.68,10.03,4721426,193965728.00
2013-02-21,9.99,10.19,9.85,10.12,5930897,246648672.00
2013-02-22,10.09,10.42,9.92,10.32,6307997,267645968.00
2013-02-25,10.24,10.34,10.11,10.27,4126692,174749168.00
2013-02-26,10.25,10.47,9.87,9.93,5539962,233065472.00
2013-02-27,10.03,10.05,9.59,9.70,5367096,216486432.00
2013-02-28,9.76,9.97,9.72,9.97,3563175,145493056.00
2013-03-01,9.94,10.10,9.77,10.00,4012002,164792160.00
2013-03-04,10.10,10.10,9.55,9.67,4798519,194288528.00
2013-03-05,9.62,9.75,9.55,9.72,2991852,119919392.00
2013-03-06,9.75,10.25,9.65,10.10,6905001,284065696.00
2013-03-07,10.07,10.07,9.65,9.84,4771196,194815776.00
2013-03-08,9.79,10.00,9.64,9.65,2938764,119035528.00
2013-03-11,9.65,9.66,9.37,9.43,3443988,135560752.00
2013-03-12,9.40,9.51,9.05,9.19,3739471,143509200.00
2013-03-13,9.17,9.31,9.05,9.21,1766575,67515648.00
2013-03-14,9.20,9.30,9.11,9.15,1412743,53919408.00
2013-03-15,9.15,9.33,9.07,9.11,1882507,71921136.00
2013-03-18,9.02,9.27,8.90,9.06,1445415,54588496.00
2013-03-19,9.06,9.19,9.04,9.19,1755697,66680012.00
2013-03-20,9.19,9.36,9.14,9.35,2561862,98667984.00
2013-03-21,9.35,9.42,9.27,9.34,2141756,83004400.00
2013-03-22,9.37,9.42,9.27,9.37,1721534,66743656.00
2013-03-25,9.44,9.48,9.35,9.38,1392157,54288592.00
2013-03-26,9.31,9.33,9.05,9.12,1980406,75318808.00
2013-03-27,9.12,9.24,9.09,9.10,1739158,66100944.00
2013-03-28,9.00,9.01,8.66,8.71,3050592,111352160.00
2013-03-29,8.77,8.82,8.70,8.75,1226988,44695680.00
2013-04-01,8.74,8.89,8.70,8.82,991913,36350432.00
2013-04-02,8.81,8.97,8.71,8.73,1268889,46683712.00
2013-04-03,8.73,8.84,8.62,8.64,1213613,44021736.00
2013-04-08,8.52,8.71,8.45,8.71,1198975,42953552.00
2013-04-09,8.68,8.87,8.68,8.82,1135281,41600316.00
2013-04-10,8.85,8.87,8.68,8.77,1000453,36480600.00
2013-04-11,8.78,9.07,8.78,8.95,2344251,87364808.00
2013-04-12,8.95,9.12,8.90,8.98,1823383,68422336.00
2013-04-15,8.95,9.02,8.70,8.73,1944498,71379504.00
2013-04-16,8.67,8.86,8.60,8.84,1463949,53101548.00
2013-04-17,8.84,9.17,8.80,9.16,2682099,100762176.00
2013-04-18,8.90,9.19,8.90,9.08,2931742,110518608.00
2013-04-19,9.09,9.38,9.05,9.32,3795045,146479696.00
2013-04-22,9.27,9.90,9.21,9.71,4978712,199179344.00
2013-04-23,9.65,9.71,9.37,9.44,3483300,137214912.00
2013-04-24,9.39,10.02,9.39,9.79,8119746,331147872.00
2013-04-25,9.86,10.27,9.66,9.97,8627070,358553152.00
2013-04-26,9.97,10.01,9.55,9.59,3886205,156012976.00
2013-05-02,9.52,9.81,9.27,9.78,4053791,159718704.00
2013-05-03,9.85,10.27,9.80,10.14,7472245,312253472.00
2013-05-06,10.35,11.19,10.35,11.19,5307520,242949168.00
2013-05-07,11.90,12.00,11.29,11.65,16463876,787261888.00
2013-05-08,11.80,11.99,11.50,11.89,10527424,510488096.00
2013-05-09,11.89,12.70,11.60,12.44,12914678,641058752.00
2013-05-10,12.35,12.35,11.59,11.65,9436822,460210208.00
2013-05-13,11.61,11.85,11.53,11.70,4841395,233386128.00
2013-05-14,11.70,11.78,11.27,11.39,5263028,248190592.00
2013-05-15,11.45,11.64,11.36,11.55,4109061,194827248.00
2013-05-16,11.57,11.96,11.27,11.36,7449085,357620480.00
2013-05-17,11.20,11.72,11.20,11.57,4924030,234005152.00
2013-05-20,11.62,12.14,11.42,12.02,7351520,361088480.00
2013-05-21,11.98,12.15,11.77,12.05,5398020,265706112.00
2013-05-22,12.01,12.16,11.40,11.47,6362232,305583392.00
2013-05-23,11.40,11.72,11.33,11.34,3863238,183333824.00
2013-05-24,11.41,11.93,11.41,11.85,5404336,262062480.00
2013-05-27,11.84,12.10,11.69,11.81,4059114,197689248.00
2013-05-28,11.82,11.87,11.35,11.49,5297894,251147024.00
2013-05-29,11.51,12.04,11.48,11.83,5335774,259672256.00
2013-05-30,11.87,12.29,11.79,12.04,5786666,288896832.00
2013-05-31,12.06,12.11,11.71,11.86,3836867,187275136.00
2013-06-03,11.84,12.00,11.52,11.62,3606432,173930688.00
2013-06-04,11.54,11.54,10.92,10.98,5329395,246206656.00
2013-06-05,10.99,11.10,10.84,10.89,2852937,128778968.00
2013-06-06,10.90,11.10,10.84,10.92,2574756,116335704.00
2013-06-07,10.92,11.01,10.46,10.59,2955214,130159304.00
2013-06-13,10.40,10.73,10.22,10.70,3851127,167036080.00
2013-06-14,10.63,11.10,10.63,11.02,4373798,197412592.00
2013-06-17,11.11,11.40,10.90,11.00,4768254,219994000.00
2013-06-18,10.93,11.37,10.93,11.23,3454228,159877808.00
2013-06-19,11.10,11.12,10.76,10.95,3322330,149378544.00
2013-06-20,10.87,11.05,10.40,10.48,3017563,133879264.00
2013-06-21,10.15,10.40,10.08,10.29,2377226,100647936.00
2013-06-24,10.31,10.50,9.82,10.00,3381903,142057232.00
2013-06-25,10.02,10.45,9.30,10.37,5350352,221140672.00
2013-06-26,10.27,10.88,10.16,10.84,4978767,217182272.00
2013-06-27,10.70,11.10,10.48,10.57,4710397,209665952.00
2013-06-28,10.40,10.94,10.16,10.63,3980658,175023792.00
2013-07-01,10.52,11.50,10.44,11.35,6915905,317456288.00
2013-07-02,11.36,11.76,11.22,11.41,7307194,347542784.00
2013-07-03,11.35,12.04,11.22,11.87,7941820,382550752.00
2013-07-04,11.75,11.96,11.37,11.46,5617083,269791840.00
2013-07-05,11.46,11.84,11.27,11.32,3728451,177586400.00
2013-07-08,11.00,11.55,10.90,11.21,3681612,170431792.00
2013-07-09,11.25,12.37,11.25,12.37,8826857,436584672.00
2013-07-10,12.60,12.68,12.22,12.52,9296756,475647968.00
2013-07-11,12.38,12.87,12.15,12.64,7743467,398107712.00
2013-07-12,12.68,13.34,12.56,12.59,8868496,467729376.00
2013-07-15,12.49,13.16,12.31,12.96,5980877,311664224.00
2013-07-16,12.81,13.11,12.50,12.73,4966806,257422864.00
2013-07-17,12.68,13.76,12.57,13.37,7945889,428900736.00
2013-07-18,13.25,14.53,13.16,14.02,8146532,459065856.00
2013-07-19,13.91,14.45,13.65,13.68,5931738,337127424.00
2013-07-22,13.76,14.45,13.71,14.29,4657935,266987168.00
2013-07-23,14.31,14.59,14.01,14.50,4127971,240732192.00
2013-07-24,14.50,14.66,14.21,14.35,3973216,233168928.00
2013-07-25,14.23,14.24,13.04,13.13,6470292,355733856.00
2013-07-26,13.24,13.54,12.74,13.19,4150854,221138320.00
2013-07-29,13.18,13.61,12.97,13.36,3170324,172127552.00
2013-07-30,13.27,13.46,12.49,12.94,3496620,183054624.00
2013-07-31,12.94,13.29,12.79,13.07,2212618,117487248.00
2013-08-01,13.09,13.65,12.94,13.58,3350039,182876832.00
2013-08-02,13.61,14.01,13.54,13.64,2928281,163662496.00
2013-08-05,13.62,13.74,13.41,13.59,1748073,96231960.00
2013-08-06,13.60,14.01,13.60,13.87,3009979,169323520.00
2013-08-07,13.76,13.76,13.16,13.37,3650018,198298768.00
2013-08-08,13.30,13.41,13.13,13.30,1939554,104818400.00
2013-08-09,13.28,13.67,13.18,13.38,2743580,149639152.00
2013-08-12,13.43,13.50,12.64,12.90,4853579,255215936.00
2013-08-13,12.89,13.02,12.64,12.85,3808120,198811584.00
2013-08-14,12.85,13.07,12.67,13.00,3182991,166725520.00
2013-08-15,12.97,13.16,12.79,12.80,2286873,120625480.00
2013-08-16,12.68,13.41,12.46,12.55,3602683,186727248.00
2013-08-19,12.36,12.92,12.36,12.89,2074039,107861432.00
2013-08-20,12.89,13.00,12.69,12.82,1392122,72780008.00
2013-08-21,12.83,13.33,12.82,13.32,3936093,209893344.00
2013-08-22,14.68,14.68,14.54,14.68,7239692,431159488.00
2013-08-23,15.29,16.17,14.78,16.17,15265714,971644288.00
2013-08-26,16.48,17.81,16.41,17.32,14364557,999798080.00
2013-08-27,17.18,18.09,16.92,17.95,10047008,710952384.00
2013-08-28,17.58,18.25,17.14,17.16,9758616,694998848.00
2013-08-29,17.03,17.66,16.79,17.22,6089093,425930592.00
2013-08-30,17.05,17.14,15.97,16.02,7463714,498707296.00
2013-09-02,16.04,16.90,16.04,16.67,5518325,370464160.00
2013-09-03,16.53,17.41,16.32,16.99,4958264,340257120.00
2013-09-04,16.99,17.24,16.64,16.93,3449053,237113216.00
2013-09-05,16.99,17.66,16.64,17.38,4885193,341518752.00
2013-09-06,17.29,17.89,17.09,17.25,3947766,278237856.00
2013-09-09,17.34,19.00,17.34,19.00,5210387,393400512.00
2013-09-10,19.78,20.92,19.26,20.07,7355576,593100736.00
2013-09-11,19.91,20.23,18.91,18.98,4181009,327806944.00
2013-09-12,19.04,20.53,19.04,19.73,4402129,353336128.00
2013-09-13,19.42,21.54,19.01,21.39,5225793,423342176.00
2013-09-16,21.03,23.55,20.94,23.07,7406834,687150144.00
2013-09-17,23.44,23.61,22.04,22.63,5930197,545069056.00
2013-09-18,22.51,23.48,22.17,22.79,4767155,438566336.00
2013-09-23,22.94,24.63,22.21,23.98,5961877,556360704.00
2013-09-24,23.91,24.42,23.29,23.57,3837119,369305024.00
2013-09-25,23.29,24.03,22.68,22.87,4144489,390151104.00
2013-09-26,23.00,23.14,21.04,21.28,4822487,429357344.00
2013-09-27,21.49,22.08,20.99,21.75,3106031,270669664.00
2013-09-30,21.89,23.66,21.79,23.26,4375550,404886464.00
2013-10-08,23.14,23.67,22.09,22.84,3736855,343156864.00
2013-10-09,22.79,23.04,22.14,22.68,2789745,254049696.00
2013-10-10,22.63,23.29,21.41,21.59,4758124,429589920.00
2013-10-11,22.01,22.24,19.81,20.60,6505892,549300416.00
2013-10-14,20.54,20.84,20.04,20.76,3873305,320795360.00
2013-10-15,20.76,21.04,20.24,20.33,3331342,277908576.00
2013-10-16,20.24,20.24,18.30,18.53,5645564,433629312.00
2013-10-17,18.66,18.81,18.26,18.40,3787848,284382144.00
2013-10-18,18.49,20.16,18.49,19.90,5116437,402930368.00
2013-10-21,20.09,20.74,19.54,20.22,4409584,361452736.00
2013-10-22,20.14,20.26,18.29,18.40,6410553,491848768.00
2013-10-23,18.36,18.64,17.41,18.47,4253889,312077024.00
2013-10-24,18.44,18.79,18.16,18.27,2818406,209948320.00
2013-10-25,18.42,18.49,17.04,17.71,5176958,370374048.00
2013-10-28,17.66,18.66,17.42,18.58,4401091,323495712.00
2013-10-29,17.91,18.54,16.70,16.71,9842590,689497280.00
2013-10-30,16.79,17.16,16.28,16.79,4954251,336453632.00
2013-10-31,16.61,16.66,15.74,15.76,6422894,417423296.00
2013-11-01,15.71,16.29,15.29,15.99,4869781,312523648.00
2013-11-04,15.85,16.44,15.54,15.78,4013730,262479552.00
2013-11-05,15.63,16.99,15.44,16.98,5825538,387431392.00
2013-11-06,16.78,17.23,16.36,16.55,5077200,346649856.00
2013-11-07,16.47,17.05,16.18,16.74,4319352,292600416.00
2013-11-08,16.54,17.16,16.20,16.84,3490570,235627840.00
2013-11-11,16.84,16.84,15.91,16.02,4643963,304600640.00
2013-11-12,15.88,16.36,15.78,16.07,3230144,210789088.00
2013-11-13,16.07,16.71,16.04,16.18,4781733,318224864.00
2013-11-14,16.18,17.82,15.99,17.82,8665629,605798272.00
2013-11-15,17.82,19.06,17.79,18.29,8921722,667101312.00
2013-11-18,18.35,19.04,18.35,18.78,5438131,410646368.00
2013-11-19,18.74,19.16,18.41,18.61,5731901,436166976.00
2013-11-20,18.74,19.45,18.61,19.41,6071829,468079744.00
2013-11-21,19.29,20.29,18.95,19.96,6321830,503468704.00
2013-11-22,20.29,20.65,19.34,19.88,6503396,524738336.00
2013-11-25,19.94,20.01,18.75,18.91,5883776,454519936.00
2013-11-26,18.79,19.08,18.31,18.35,5026700,377519872.00
2013-11-27,18.35,19.99,18.29,19.39,6307251,491472960.00
2013-11-28,19.36,19.49,19.11,19.29,2810420,219233216.00
2013-11-29,19.29,19.99,19.29,19.47,3996412,317622592.00
2013-12-02,18.29,18.81,17.50,17.50,7906239,574035776.00
2013-12-03,16.79,17.79,16.43,17.66,4432814,305343648.00
2013-12-04,17.34,17.96,17.25,17.55,3673028,262047120.00
2013-12-05,17.50,17.79,17.04,17.25,2961032,207996640.00
2013-12-06,17.10,17.29,16.67,16.78,3417245,234028560.00
2013-12-09,16.92,18.18,16.82,18.11,6009545,431029920.00
2013-12-10,18.01,18.19,17.71,17.89,3167747,229658384.00
2013-12-11,17.88,18.34,17.71,17.94,4285872,313459904.00
2013-12-12,17.84,18.91,17.67,18.64,4431100,330664032.00
2013-12-13,18.43,18.68,18.17,18.37,3157986,235387008.00
2013-12-16,18.61,19.07,18.36,18.66,4281501,325267168.00
2013-12-17,18.43,18.53,17.35,17.76,3048698,221011088.00
2013-12-18,17.81,17.86,17.14,17.34,2546168,179439152.00
2013-12-19,17.24,18.15,17.24,17.59,2968605,212793072.00
2013-12-20,17.69,17.87,17.41,17.59,1738297,124113576.00
2013-12-23,17.47,17.56,16.79,17.26,1882163,130893000.00
2013-12-24,17.21,17.86,17.09,17.69,2498938,178308208.00
2013-12-25,17.71,18.95,17.69,18.74,5168986,387031456.00
2013-12-26,18.75,18.75,17.94,18.04,3720631,275729248.00
2013-12-27,17.98,18.78,17.98,18.51,3160750,236658160.00
2013-12-30,18.56,19.38,18.56,19.21,4311451,334224288.00
2013-12-31,18.99,19.30,18.79,19.28,2860685,220906720.00
2014-01-02,19.30,19.86,19.19,19.41,3408968,270061728.00
2014-01-03,19.17,19.58,19.09,19.09,2959510,230545904.00
2014-01-06,18.80,19.16,18.71,19.02,2198433,168750256.00
2014-01-07,18.86,19.64,18.82,19.51,2588584,203410320.00
2014-01-08,19.51,20.40,19.51,20.04,4056857,326640864.00
2014-01-09,20.02,20.84,19.85,20.09,5230307,432187232.00
2014-01-10,19.82,20.26,19.04,19.25,2924188,231037040.00
2014-01-13,19.29,20.42,19.29,20.41,3374639,272170304.00
2014-01-14,20.36,20.68,19.86,20.55,2756194,226268880.00
2014-01-15,20.42,21.70,20.42,21.54,4501425,384018592.00
2014-01-16,21.54,21.91,20.79,21.48,3732500,322472960.00
2014-01-17,21.36,21.82,21.11,21.71,3428912,298860480.00
2014-01-20,21.66,22.38,21.26,21.44,3548064,313583936.00
2014-01-21,21.31,22.19,20.94,22.15,4555591,396045120.00
2014-01-22,22.01,23.09,21.83,22.75,5137163,469631552.00
2014-01-23,22.59,23.20,22.44,22.52,4250495,392869152.00
2014-01-24,22.29,22.84,22.20,22.53,3259140,296655520.00
2014-01-27,22.54,22.78,21.49,21.56,4164344,372676512.00
2014-01-28,21.50,21.98,20.95,21.42,3351597,289100896.00
2014-01-29,21.76,23.58,21.76,23.58,6457691,590362816.00
2014-01-30,23.26,23.91,22.76,22.98,3369497,317497344.00
2014-02-07,22.54,23.44,22.42,23.07,2140302,199392128.00
2014-02-10,23.06,23.40,22.61,23.10,3368976,313927712.00
2014-02-11,23.12,23.12,21.71,22.00,6428449,575243648.00
2014-02-12,22.02,22.04,21.17,21.66,3902736,338707840.00
2014-02-13,21.41,21.79,21.01,21.22,3810038,327967520.00
2014-02-14,21.09,21.70,21.01,21.36,2833301,245413248.00
2014-02-17,21.36,21.71,20.82,21.54,4067304,350188064.00
2014-02-18,21.55,21.61,21.01,21.34,2267843,194687984.00
2014-02-19,21.35,21.59,20.94,21.07,3050667,262056736.00
2014-02-20,20.91,20.99,19.92,20.00,4689699,383188864.00
2014-02-21,19.88,20.21,19.79,20.09,2165527,175355008.00
2014-02-24,20.15,21.13,20.14,20.96,4544104,381047552.00
2014-02-25,20.80,21.16,19.47,19.83,4291371,353022240.00
2014-02-26,19.42,19.42,18.60,19.01,4059847,311587424.00
2014-02-27,19.01,19.35,18.01,18.76,3039224,231740560.00
2014-02-28,18.84,19.29,18.13,18.67,2765043,207955408.00
2014-03-03,18.59,19.21,18.57,19.03,2582801,197186848.00
2014-03-04,18.74,19.16,18.64,18.82,1802071,137390480.00
2014-03-05,18.89,19.28,18.87,19.09,2018735,155667488.00
2014-03-06,19.03,19.26,18.29,19.24,2656727,203616416.00
2014-03-07,19.29,19.39,18.64,18.64,2362546,181025104.00
2014-03-10,18.49,18.49,17.21,17.23,4118247,294108224.00
2014-03-11,17.17,17.61,17.03,17.30,1766146,123774488.00
2014-03-12,17.29,17.66,17.11,17.45,1816229,127885256.00
2014-03-13,17.45,17.80,17.30,17.69,1781645,127095712.00
2014-03-14,17.41,19.04,17.41,18.43,3492121,259005424.00
2014-03-17,18.36,18.73,18.36,18.51,1725690,129046312.00
2014-03-18,18.60,18.73,18.46,18.58,1419918,106784328.00
2014-03-19,19.56,19.74,19.20,19.47,5439050,428176864.00
2014-03-20,19.15,20.60,19.14,19.57,5677750,462497888.00
2014-03-21,19.32,19.67,18.61,19.46,3161270,243197200.00
2014-03-24,19.29,19.71,18.64,18.70,2551650,196135024.00
2014-03-25,18.68,19.28,18.66,19.04,2034082,155925520.00
2014-03-26,19.14,19.19,18.71,18.87,1636369,124959464.00
2014-03-27,18.89,18.95,17.60,17.61,3849378,281257568.00
2014-03-28,17.56,17.83,17.22,17.30,2608192,184406016.00
2014-03-31,17.30,17.53,17.14,17.29,1491855,104571264.00
2014-04-01,17.29,17.89,17.29,17.76,1880778,134810784.00
2014-04-02,17.78,18.06,17.56,17.77,1497042,107779992.00
2014-04-03,17.79,18.59,17.65,18.00,4052064,298795104.00
2014-04-04,17.91,17.96,17.41,17.78,2739350,195375840.00
2014-04-08,17.46,17.78,17.19,17.77,2163936,154261280.00
2014-04-09,18.04,18.41,17.92,18.06,2034171,149201840.00
2014-04-10,18.10,18.41,17.96,18.22,2577833,190310144.00
2014-04-11,17.91,18.15,17.86,18.05,1546522,112725200.00
2014-04-14,17.99,18.21,17.99,18.16,855125,62680476.00
2014-04-15,18.16,18.93,18.07,18.76,3672446,276882272.00
2014-04-16,18.76,18.91,18.35,18.77,1833769,138386160.00
2014-04-17,18.77,19.76,18.77,19.48,4891655,383030048.00
2014-04-18,19.42,19.75,19.14,19.72,2956985,232187456.00
2014-04-21,19.54,19.62,18.86,18.88,3848789,298085440.00
2014-04-22,18.80,19.14,18.56,18.73,1906064,145103200.00
2014-04-23,18.79,19.00,18.26,18.34,1896798,142085520.00
2014-04-24,18.51,18.62,18.14,18.38,1883509,140121056.00
2014-04-25,18.37,18.38,18.03,18.04,1091065,80201832.00
2014-04-28,17.91,17.98,17.34,17.39,1445946,103577608.00
2014-04-29,17.39,17.81,17.39,17.73,1517273,108292760.00
2014-04-30,17.72,18.06,17.57,17.89,1335898,96426472.00
2014-05-05,17.74,18.04,17.74,18.03,1095360,79454520.00
2014-05-06,18.23,18.59,18.04,18.37,1446262,107524576.00
2014-05-07,18.16,18.36,17.70,17.82,1450389,106313824.00
2014-05-08,17.71,18.36,17.54,17.87,2819500,204715728.00
2014-05-09,17.90,17.90,17.48,17.52,1593921,113550760.00
2014-05-12,17.71,18.16,17.59,17.96,1719557,124450768.00
2014-05-13,17.98,18.25,17.87,18.03,1133833,82945904.00
2014-05-14,17.94,18.09,17.85,18.04,1064117,77377720.00
2014-05-15,18.00,18.28,17.92,17.97,1343847,98482288.00
2014-05-16,17.97,17.98,17.44,17.54,2183396,156393744.00
2014-05-19,17.48,17.74,17.44,17.67,1250382,89234080.00
2014-05-20,17.87,18.25,17.87,17.97,1832491,133858408.00
2014-05-21,17.89,18.11,17.74,18.05,1053672,76715312.00
2014-05-22,18.08,18.24,17.86,17.89,1507334,110344344.00
2014-05-23,17.84,18.29,17.84,18.26,2530472,185954912.00
2014-05-26,18.46,18.91,18.29,18.84,3653825,275777056.00
2014-05-27,18.73,18.98,18.69,18.76,1839527,139886832.00
2014-05-28,18.84,19.18,18.66,19.08,3087405,236179152.00
2014-05-29,19.01,19.20,18.34,18.38,2975089,225789344.00
2014-05-30,18.41,18.53,18.00,18.17,2797591,205830944.00
2014-06-03,18.17,18.84,18.16,18.68,2835090,212630912.00
2014-06-04,18.74,18.78,18.25,18.73,1949039,146029808.00
2014-06-05,18.64,19.39,18.64,19.35,4196446,325014912.00
2014-06-06,19.35,19.35,18.91,19.06,2945365,227463520.00
2014-06-09,19.08,19.73,19.08,19.30,3510467,276811360.00
2014-06-10,19.39,19.44,18.81,19.32,2733026,212039728.00
2014-06-11,19.29,19.53,19.08,19.30,1782547,139063728.00
2014-06-12,19.29,19.52,19.17,19.31,1746619,136804160.00
2014-06-13,19.29,19.55,19.11,19.49,2651193,208131248.00
2014-06-16,19.54,19.75,19.44,19.53,2706019,214247216.00
2014-06-17,19.45,19.61,19.11,19.12,2196049,171440784.00
2014-06-18,19.06,19.13,18.54,18.61,2930871,222478464.00
2014-06-19,18.56,18.77,17.74,17.96,2464427,182040288.00
2014-06-20,18.00,18.28,17.96,18.27,1526994,112080632.00
2014-06-23,18.58,18.92,18.57,18.75,2843202,215341616.00
2014-06-24,18.65,18.83,18.49,18.68,2427342,182614064.00
2014-06-25,18.68,18.68,18.28,18.59,1893521,141374144.00
2014-06-26,18.56,19.11,18.54,18.92,3815624,292985152.00
2014-06-27,19.16,20.66,18.91,20.17,10606143,427333120.00
2014-06-30,19.85,19.98,19.21,19.51,13628819,533828384.00
2014-07-01,19.59,19.64,19.22,19.55,6315286,247311872.00
2014-07-02,19.58,19.86,19.24,19.78,7645506,299838848.00
2014-07-03,19.83,19.91,19.61,19.65,6184495,245490912.00
2014-07-04,19.61,19.76,19.31,19.65,7352892,288089952.00
2014-07-07,19.66,19.66,19.35,19.40,4243812,165617136.00
2014-07-08,19.40,19.50,19.01,19.23,4681471,180710032.00
2014-07-09,19.16,19.41,18.54,18.60,7750928,294640832.00
2014-07-10,18.60,18.82,18.54,18.63,3390033,127232480.00
2014-07-11,18.63,18.84,18.41,18.61,3856300,144671280.00
2014-07-14,18.59,18.71,17.85,18.01,9426719,341700512.00
2014-07-15,18.01,18.04,17.50,17.53,9046809,321052704.00
2014-07-16,17.60,17.83,17.55,17.74,4054751,144582656.00
2014-07-17,17.79,17.83,17.54,17.56,2858592,101430256.00
2014-07-18,17.46,17.71,17.46,17.68,2386920,84491040.00
2014-07-21,17.69,17.81,17.66,17.78,2626795,93614240.00
2014-07-22,17.81,17.88,17.62,17.72,4063520,144897088.00
2014-07-23,17.76,17.78,15.94,16.16,14704363,495449760.00
2014-07-24,15.92,16.31,15.32,15.54,11858961,372048000.00
2014-07-25,15.51,15.76,15.42,15.72,5760139,181079264.00
2014-07-28,15.76,16.50,15.74,16.40,8875590,288682528.00
2014-07-29,16.40,16.85,16.26,16.57,6996066,233143616.00
2014-07-30,16.74,16.74,16.42,16.59,4907924,163443776.00
2014-07-31,16.66,17.01,16.53,16.96,7050842,238170096.00
2014-08-01,16.86,17.05,16.67,16.70,6607865,224069824.00
2014-08-04,16.57,16.86,16.57,16.81,3562103,119956128.00
2014-08-05,16.80,17.22,16.70,17.21,7299829,249576272.00
2014-08-06,17.07,17.38,17.00,17.25,5586900,193017856.00
2014-08-07,17.25,17.25,16.82,16.84,5725282,195890400.00
2014-08-08,16.82,17.06,16.81,16.91,4020452,136785760.00
2014-08-11,16.86,17.04,16.83,16.96,4405639,149969680.00
2014-08-12,16.91,16.91,16.67,16.82,4374215,147685312.00
2014-08-13,16.80,16.89,16.59,16.72,4154873,139602720.00
2014-08-14,16.71,16.96,16.66,16.75,4322107,145978560.00
2014-08-15,16.80,17.01,16.63,16.92,4646602,157868400.00
2014-08-18,17.11,18.62,17.05,18.62,19956280,724950336.00
2014-08-19,20.41,20.49,19.91,20.49,46848917,1920954880.00
2014-08-20,20.89,20.89,19.88,19.98,31469841,1283424640.00
2014-08-21,20.08,21.99,19.85,21.99,45556280,1966221568.00
2014-08-22,22.91,24.08,22.68,23.32,51348677,2391288064.00
2014-08-25,23.41,23.65,22.73,22.93,27456608,1270021632.00
2014-08-26,22.64,22.82,21.51,22.10,28874253,1285085696.00
2014-08-27,22.51,22.78,21.53,21.72,24175647,1076056832.00
2014-08-28,22.06,23.65,21.96,22.54,34134073,1563222656.00
2014-08-29,22.31,23.06,21.52,22.76,22570852,1009229248.00
2014-09-01,23.14,24.89,22.41,24.07,32645347,1571385344.00
2014-09-02,23.91,24.31,23.51,24.30,25456893,1220524416.00
2014-09-03,24.26,26.08,23.97,25.35,33196209,1668199168.00
2014-09-04,25.11,25.41,24.84,25.13,18338786,923136448.00
2014-09-05,25.13,25.66,24.56,24.83,17166478,859264896.00
2014-09-09,24.51,24.85,24.19,24.57,12903441,634498496.00
2014-09-10,24.39,25.07,24.21,24.85,13149201,653560704.00
2014-09-11,24.90,26.60,24.56,25.40,24872810,1274642432.00
2014-09-12,25.18,25.30,24.79,25.16,9719987,488386176.00
2014-09-15,25.11,26.08,24.99,25.24,15572239,797137536.00
2014-09-16,24.91,24.91,23.35,23.42,22216394,1078497280.00
2014-09-17,23.40,23.89,23.09,23.76,11646974,549905152.00
2014-09-18,23.74,23.74,23.25,23.38,6583801,309230112.00
2014-09-19,23.36,24.00,23.35,23.94,7853834,373354432.00
2014-09-22,23.87,23.87,22.86,23.05,10430630,483626848.00
2014-09-23,23.06,23.41,22.96,23.25,6354431,295949152.00
2014-09-24,23.06,24.16,22.91,23.89,9817129,465314496.00
2014-09-25,24.00,24.64,23.87,24.00,12360936,603644736.00
2014-09-26,23.91,24.46,23.82,24.22,7721080,375293440.00
2014-09-29,24.35,24.39,23.91,24.06,6222723,300894112.00
2014-09-30,24.17,24.64,24.17,24.42,9302073,456988000.00
2014-10-08,24.51,24.54,23.91,24.33,6499710,315482496.00
2014-10-09,24.36,24.41,23.99,24.15,6912980,335439648.00
2014-10-10,23.99,24.06,23.35,23.44,9499893,450064000.00
2014-10-13,23.36,23.36,22.61,23.23,7161167,329778592.00
2014-10-14,23.08,23.32,22.91,23.02,5880442,273061856.00
2014-10-15,23.08,23.84,22.95,23.71,8064819,379413024.00
2014-10-16,23.45,23.81,23.29,23.31,7791857,368419136.00
2014-10-17,23.15,23.17,22.61,22.91,5671209,260513568.00
2014-10-20,22.86,23.19,22.76,23.16,4247506,196253376.00
2014-10-21,23.11,23.29,22.81,23.16,5152924,238961152.00
2014-10-22,23.04,23.04,22.34,22.37,6184375,281191968.00
2014-10-23,22.39,22.60,21.61,21.89,5784020,255148608.00
2014-10-24,21.72,22.58,21.72,22.11,5563854,249196320.00
2014-10-27,21.91,22.01,21.41,21.97,5609841,243559872.00
2014-10-28,22.36,22.61,21.97,22.52,5950841,267557168.00
2014-10-29,22.66,22.85,22.35,22.84,8148887,370600448.00
2014-10-30,22.84,23.11,22.43,22.48,7437083,339414208.00
2014-10-31,22.32,22.66,22.07,22.41,6025971,269348512.00
2014-11-03,22.48,22.91,22.36,22.63,4732172,215201440.00
2014-11-04,22.71,22.71,22.07,22.13,5052933,226345632.00
2014-11-05,22.06,22.06,21.56,21.66,5826080,254445776.00
2014-11-06,21.66,22.16,21.57,22.11,4699759,207125104.00
2014-11-07,22.12,22.25,21.66,21.71,4902627,215441616.00
2014-11-10,21.60,22.11,21.59,21.95,3993458,175705888.00
2014-11-11,21.95,21.97,20.85,21.11,7052872,301554304.00
2014-11-12,21.01,21.37,20.91,21.33,3659646,156063472.00
2014-11-13,21.33,21.34,20.55,20.97,5730047,239887888.00
2014-11-14,20.93,21.16,20.82,21.14,3384354,142811728.00
2014-11-17,21.41,23.27,21.21,22.10,14449333,646219776.00
2014-11-18,21.96,22.51,21.86,22.20,7367180,328590720.00
2014-11-19,22.38,22.68,22.00,22.30,10493607,470914080.00
2014-11-20,22.05,22.14,21.54,21.79,6690435,293354976.00
2014-11-21,21.82,22.66,21.79,22.51,11710319,525642624.00
2014-11-24,22.71,22.76,22.28,22.36,9310769,419432768.00
2014-11-25,22.36,22.56,22.04,22.48,8590886,385510528.00
2014-11-26,22.36,22.59,22.17,22.36,6054684,271555040.00
2014-11-27,22.41,22.56,22.00,22.22,7533217,337229344.00
2014-11-28,22.22,22.22,21.58,21.71,8596107,375805632.00
2014-12-01,21.69,21.69,21.09,21.16,7878522,336589280.00
2014-12-02,21.16,21.75,21.14,21.50,7196353,310443520.00
2014-12-03,21.61,22.63,21.35,22.53,15074812,667831488.00
2014-12-04,22.59,22.74,22.30,22.50,11835390,533396192.00
2014-12-05,22.41,22.45,21.25,21.53,12848497,559349760.00
2014-12-08,21.29,22.39,20.92,21.74,12531169,547387776.00
2014-12-09,21.30,23.92,21.19,23.87,45440339,2137499520.00
2014-12-10,23.91,25.41,23.41,24.64,42118475,2073287552.00
2014-12-11,24.15,24.41,23.36,23.71,19315676,921230080.00
2014-12-12,23.73,25.01,23.41,24.36,19544403,949134464.00
2014-12-15,23.91,24.65,23.71,24.29,12965637,628707328.00
2014-12-16,24.51,24.62,23.58,24.05,13554992,655977216.00
2014-12-17,23.66,23.84,23.22,23.25,13230147,622358976.00
2014-12-18,23.09,23.81,22.99,23.20,9364928,440095872.00
2014-12-19,23.16,23.41,22.14,22.33,10725784,488004864.00
2014-12-22,22.32,22.32,21.21,21.61,10543297,459246336.00
2014-12-23,21.38,22.16,21.25,21.83,5898950,257618912.00
2014-12-24,21.86,22.21,21.66,22.12,7288827,322171136.00
2014-12-25,22.06,22.21,21.67,21.90,6872401,302017920.00
2014-12-26,21.90,22.21,21.74,22.07,6801476,300528832.00
2014-12-29,22.06,22.58,21.65,22.23,9936807,440810976.00
2014-12-30,22.13,22.13,20.66,20.67,13117987,560358080.00
2014-12-31,20.68,21.09,20.67,20.88,5941645,248974816.00
2015-01-05,20.81,21.21,20.25,20.90,7233755,301504160.00
2015-01-06,20.89,21.84,20.67,21.71,9909933,424681376.00
2015-01-07,21.47,21.68,21.11,21.36,6888364,295544320.00
2015-01-08,21.16,21.52,21.11,21.26,5311585,227802224.00
2015-01-09,20.95,21.49,20.92,21.07,6429072,274750688.00
2015-01-12,21.01,21.13,20.54,20.84,6017906,250894288.00
2015-01-13,20.76,22.11,20.71,21.52,11106159,482393312.00
2015-01-14,21.51,21.67,21.19,21.34,6001878,257846096.00
2015-01-15,21.33,21.48,21.17,21.37,5245668,224251424.00
2015-01-16,21.38,23.31,21.29,22.38,17846912,799138816.00
2015-01-19,21.91,23.46,21.65,22.72,21853859,994164544.00
2015-01-20,22.79,23.51,22.25,23.44,22105426,1026144640.00
2015-01-21,23.46,23.66,22.87,23.39,22213054,1038265280.00
2015-01-22,23.16,23.66,23.06,23.19,13671723,638941440.00
2015-01-23,23.41,23.41,22.41,22.48,12046651,549637632.00
2015-01-26,22.38,23.14,22.36,22.97,10055332,461767072.00
2015-01-27,23.01,23.01,22.21,22.53,9102449,412471008.00
2015-01-28,22.41,24.79,22.41,24.24,41241307,2002220672.00
2015-01-29,23.73,23.91,23.34,23.76,19219690,912936128.00
2015-01-30,23.76,24.65,22.85,22.87,22247275,1068300352.00
2015-02-02,22.44,23.01,22.35,22.75,9232801,420310272.00
2015-02-03,22.91,23.82,22.77,23.19,15681345,735924288.00
2015-02-04,23.05,23.64,22.91,23.23,12201262,570235648.00
2015-02-05,23.19,24.52,22.91,23.70,22190174,1063004352.00
2015-02-06,23.74,25.59,23.45,25.16,38290704,1899931392.00
2015-02-09,25.31,26.06,24.41,24.90,24497694,1234899072.00
2015-02-10,24.56,25.29,24.29,25.26,16046487,795219072.00
2015-02-11,25.31,26.08,24.66,24.77,19515785,992822400.00
2015-02-12,24.46,25.03,24.20,24.41,14818418,730147136.00
2015-02-13,24.47,26.66,24.32,26.58,26808220,1365606272.00
2015-02-16,26.91,29.25,26.16,29.25,33264832,1853644544.00
2015-02-17,29.41,29.76,28.21,28.48,22522787,1303889920.00
2015-02-25,28.22,29.21,27.31,27.72,19855770,1123949056.00
2015-02-26,27.72,28.31,26.90,27.90,16694866,923835264.00
2015-02-27,27.81,28.92,27.35,28.33,17880438,1010211264.00
2015-03-02,28.41,28.72,27.56,28.28,16470162,928115968.00
2015-03-03,27.76,27.76,26.74,26.77,20214239,1107856640.00
2015-03-04,26.76,27.65,26.51,27.31,13532699,739579328.00
2015-03-05,27.30,27.31,26.41,26.65,12268846,657818432.00
2015-03-06,26.81,27.05,26.01,26.12,9674527,512376576.00
2015-03-09,25.91,26.59,25.45,26.48,8127755,426930688.00
2015-03-10,26.41,27.32,26.31,26.82,10902814,590285440.00
2015-03-11,26.83,27.30,26.58,27.07,10213228,554263936.00
2015-03-12,26.96,27.15,25.81,26.06,11154133,589525888.00
2015-03-13,26.08,26.81,25.68,26.75,11300758,592350400.00
2015-03-16,26.85,27.65,26.85,27.44,15544802,852617984.00
2015-03-17,27.49,27.51,27.06,27.39,12608630,689467904.00
2015-03-18,27.31,27.91,27.14,27.74,14346410,794760000.00
2015-03-19,27.71,27.71,27.12,27.25,12073918,661405696.00
2015-03-20,27.26,28.90,27.26,28.63,21692417,1218217088.00
2015-03-23,28.42,28.89,28.24,28.75,17783635,1020069824.00
2015-03-24,28.97,30.75,28.84,30.42,28875701,1733929984.00
2015-03-25,30.34,30.34,29.52,29.63,15572331,932361216.00
2015-03-26,29.35,29.35,27.81,28.06,15472923,883899968.00
2015-03-27,28.14,28.61,27.91,28.27,8301386,469822144.00
2015-03-30,28.32,28.76,27.74,28.05,10543949,593795840.00
2015-03-31,28.06,28.51,27.81,27.97,11586147,654993344.00
2015-04-01,28.09,30.19,27.88,29.90,19940604,1157429248.00
2015-04-02,30.01,31.66,29.99,30.17,28563208,1766656000.00
2015-04-03,29.97,31.66,29.69,31.03,18824795,1169074176.00
2015-04-07,30.36,30.84,29.86,30.60,15538124,944926400.00
2015-04-08,30.41,31.19,28.81,29.32,20248388,1210212352.00
2015-04-09,29.16,29.81,28.04,29.25,12857237,741508736.00
2015-04-10,29.16,29.91,29.01,29.56,11244474,668141696.00
2015-04-13,29.91,29.95,28.92,29.78,11287475,668246208.00
2015-04-14,29.57,30.76,29.09,30.11,16407206,991218496.00
2015-04-15,31.41,32.89,30.75,31.60,30817606,1978374272.00
2015-04-16,31.34,32.57,30.85,31.72,18984071,1211658624.00
2015-04-17,31.73,32.06,30.92,31.13,16141541,1013023744.00
2015-04-20,30.46,30.66,29.77,29.89,15181381,917894400.00
2015-04-21,29.88,31.11,29.88,31.02,11870000,730635392.00
2015-04-22,30.91,31.71,30.74,31.15,15278200,958581632.00
2015-04-23,31.31,31.73,30.73,31.06,14782490,924038400.00
2015-04-24,30.41,32.23,30.07,32.03,18376492,1157976064.00
2015-04-27,32.35,32.66,31.41,31.80,16211921,1038013248.00
2015-04-28,31.70,31.75,30.20,30.53,12393194,763747584.00
2015-04-29,29.66,30.66,29.41,30.38,10203643,619790592.00
2015-04-30,30.21,31.16,30.14,30.16,10497178,647021760.00
2015-05-04,30.18,30.36,29.16,29.62,10422211,615769408.00
2015-05-05,29.51,29.81,28.56,28.73,8876156,520056480.00
2015-05-06,28.91,29.67,28.61,28.93,9015499,527659776.00
2015-05-07,28.76,29.55,28.76,29.07,7244876,425311904.00
2015-05-08,29.33,30.41,29.31,30.26,12342426,742808384.00
2015-05-11,30.34,31.11,29.72,31.01,15797023,969754112.00
2015-05-12,31.05,31.71,30.67,31.13,15546985,972392896.00
2015-05-13,30.76,34.25,30.62,34.25,42207809,2840211712.00
2015-05-14,34.08,34.64,32.54,32.85,29304924,1960764928.00
2015-05-15,33.00,33.06,31.78,32.25,16841856,1087893888.00
2015-05-18,31.91,32.91,31.81,32.48,13525229,876185728.00
2015-05-19,32.53,33.41,32.00,33.14,15383589,1012434112.00
2015-05-20,33.08,34.91,32.81,33.22,22183565,1504782976.00
2015-05-21,33.32,34.19,32.74,33.98,18302131,1230820352.00
2015-05-22,34.91,37.38,34.86,35.24,26172526,1882554368.00
2015-05-25,34.64,37.51,33.95,36.41,26727119,1908602880.00
2015-05-26,36.01,38.08,36.01,37.40,21124503,1576157824.00
2015-05-27,37.40,37.66,35.96,37.18,17552526,1290140672.00
2015-05-28,36.91,39.29,34.82,34.89,20725973,1549808768.00
2015-05-29,34.96,36.26,32.95,35.14,14801351,1036490688.00
2015-06-01,35.21,36.91,34.92,36.75,14269064,1035272704.00
2015-06-02,36.79,38.16,36.35,37.90,15400295,1148896640.00
2015-06-03,37.91,40.41,37.06,39.89,21222955,1657449984.00
2015-06-04,39.89,40.85,36.16,38.48,18144226,1404118400.00
2015-06-05,38.94,39.55,37.21,37.85,14372458,1104408448.00
2015-06-08,37.86,38.06,36.06,37.13,12523955,924527808.00
2015-06-09,36.99,38.06,36.56,37.23,9885782,738333120.00
2015-06-10,36.81,39.54,36.56,38.89,19472568,1503220224.00
2015-06-11,38.99,39.29,37.51,38.16,12365159,949837824.00
2015-06-12,38.36,39.66,38.08,38.36,13211083,1025470464.00
2015-06-15,38.26,38.26,35.41,35.55,14502830,1070791488.00
2015-06-16,35.06,35.31,33.26,33.64,12808892,876326656.00
2015-06-17,33.81,34.90,33.35,34.83,9207779,629950848.00
2015-06-18,34.81,34.81,31.91,31.93,9775637,657911872.00
2015-06-19,31.91,32.40,29.06,29.49,11332800,701674176.00
2015-06-23,29.82,31.06,28.58,30.90,9347388,561954816.00
2015-06-24,31.06,31.76,30.26,31.38,10657805,666419200.00
2015-06-25,31.41,31.49,28.90,29.13,11882259,721369920.00
2015-06-26,28.36,28.36,26.21,26.21,12268042,665528640.00
2015-06-29,26.71,27.91,23.58,23.61,16073015,805218752.00
2015-06-30,23.90,25.98,22.11,25.98,17522182,848909056.00
2015-07-01,25.41,26.58,24.42,24.63,16440382,853192768.00
2015-07-02,24.63,25.84,22.92,23.36,13834301,680359104.00
2015-07-03,23.01,24.71,21.50,23.04,15919112,742359232.00
2015-07-06,25.35,25.35,20.91,23.03,18581442,867920384.00
2015-07-07,21.92,22.53,20.72,20.72,17649748,741955904.00
2015-07-08,18.64,19.11,18.64,18.64,11918157,446719136.00
2015-07-09,16.77,20.52,16.77,20.52,21888148,828991040.00
2015-07-10,21.02,22.58,21.02,22.58,13219852,590535872.00
2015-07-13,23.31,24.84,22.91,24.84,16143938,787594944.00
2015-07-14,25.40,27.28,25.00,26.89,31436861,836537600.00
2015-07-15,25.20,25.70,24.20,24.20,25586522,628829824.00
2015-07-16,24.09,25.00,21.78,23.18,37436578,869459968.00
2015-07-17,23.19,24.98,23.19,24.76,29436051,711549184.00
2015-07-20,24.90,26.00,24.50,25.64,40048011,1011425856.00
2015-07-21,25.40,26.18,24.70,25.64,29469965,752932096.00
2015-07-22,25.20,26.22,25.09,25.69,26586746,680887488.00
2015-07-23,25.64,28.16,25.58,28.10,42349164,1139337728.00
2015-07-24,28.37,28.91,26.60,27.01,44952646,1262146432.00
2015-07-27,26.02,27.22,24.31,24.31,33908280,875803328.00
2015-07-28,22.80,24.20,21.88,22.66,31463379,715284608.00
2015-07-29,23.50,24.60,21.91,24.42,26351029,608739456.00
2015-07-30,24.00,24.51,22.85,23.15,24360383,584725248.00
2015-07-31,22.70,23.35,21.92,22.34,16322818,369596896.00
2015-08-03,22.00,22.26,20.11,20.54,22566357,472452352.00
2015-08-04,20.62,22.34,20.50,22.31,21086524,453169056.00
2015-08-05,22.30,22.55,21.44,21.74,18273689,402645536.00
2015-08-06,21.00,21.80,20.68,21.36,12062902,257169472.00
2015-08-07,21.80,22.62,21.62,22.50,18708715,416571136.00
2015-08-10,22.85,24.75,22.58,24.51,31064428,738413440.00
2015-08-11,24.48,25.44,24.02,24.70,31094954,770584832.00
2015-08-12,24.25,24.70,23.59,23.70,24562854,591353600.00
2015-08-13,23.40,24.60,23.30,24.53,20984672,504621408.00
2015-08-14,24.65,24.78,23.91,24.17,22043917,538776000.00
2015-08-17,23.99,24.25,23.52,24.23,16104272,384701920.00
2015-08-18,24.40,26.33,23.45,23.49,46045986,1147309952.00
2015-08-19,22.30,24.25,21.50,24.10,31599229,717682240.00
2015-08-20,23.80,24.25,22.83,22.86,20080731,472269120.00
2015-08-21,22.06,22.60,21.07,21.17,18426348,403224576.00
2015-08-24,20.00,20.59,19.05,19.05,19302335,371719200.00
2015-08-25,17.15,17.89,17.15,17.15,18255570,314981184.00
2015-08-26,16.99,17.85,15.44,15.45,29535889,489166784.00
2015-08-27,16.00,16.29,14.68,16.26,22556474,354662656.00
2015-08-28,16.38,16.95,16.10,16.63,15505860,255834576.00
2015-08-31,17.01,18.29,16.75,18.29,31782438,554120576.00
2015-09-01,17.58,17.71,16.50,17.49,31474716,542403968.00
2015-09-02,16.67,17.99,16.01,17.53,24181221,416826624.00
2015-09-07,17.50,18.87,17.49,17.59,14222770,257208736.00
2015-09-08,17.10,18.40,16.51,18.32,15090770,263648720.00
2015-09-09,18.30,19.38,18.03,18.84,23454131,438788320.00
2015-09-10,18.25,18.60,17.85,17.97,14766137,269742112.00
2015-09-11,17.71,18.35,17.69,17.96,10769951,193743040.00
2015-09-14,18.38,18.40,16.16,16.59,18862467,320730624.00
2015-09-15,16.01,16.39,14.93,14.94,12446296,193952544.00
2015-09-16,15.15,16.43,15.00,16.43,12972968,203777936.00
2015-09-17,16.43,17.20,16.01,16.12,18473987,306676544.00
2015-09-22,17.74,17.74,17.74,17.74,0,0.00
数据来源:通达信
