603123 翠微股份 日线 前复权
      日期	    开盘	    最高	    最低	    收盘	    成交量	    成交额
2012-05-03,10.87,13.52,10.87,13.45,52836110,649300160.00
2012-05-04,12.38,12.62,12.04,12.04,36320759,465245344.00
2012-05-07,11.47,11.89,11.40,11.76,23111744,282406848.00
2012-05-08,11.63,12.02,11.45,12.00,19246548,237863872.00
2012-05-09,11.76,11.83,11.42,11.45,12485422,152798976.00
2012-05-10,11.28,11.52,11.09,11.28,11044424,131649328.00
2012-05-11,11.19,11.32,11.08,11.22,6942016,82102904.00
2012-05-14,11.26,11.56,11.11,11.32,10172401,122082280.00
2012-05-15,11.17,11.26,10.88,11.20,8538244,99505688.00
2012-05-16,11.17,11.94,11.07,11.68,18999169,232302416.00
2012-05-17,11.61,11.75,11.44,11.74,12615698,154598912.00
2012-05-18,11.57,11.67,11.06,11.10,10493708,125304480.00
2012-05-21,10.98,11.10,10.49,10.54,8649647,98487528.00
2012-05-22,10.62,10.74,10.55,10.73,4852006,54722032.00
2012-05-23,10.64,10.71,10.36,10.48,7466174,83017784.00
2012-05-24,10.43,10.54,10.38,10.46,4329951,48046724.00
2012-05-25,10.46,10.49,10.00,10.08,7305094,78827824.00
2012-05-28,10.05,10.05,9.70,10.04,5703306,59871820.00
2012-05-29,9.97,10.29,9.90,10.26,7756789,83402256.00
2012-05-30,10.16,10.19,10.00,10.05,4778454,51259400.00
2012-05-31,10.00,10.84,9.90,10.48,10997157,120986584.00
2012-06-01,10.37,10.43,10.25,10.29,5023039,55081852.00
2012-06-04,10.03,10.14,9.86,9.86,3969139,42157760.00
2012-06-05,9.94,10.05,9.85,9.92,2761864,29180690.00
2012-06-06,9.89,10.05,9.80,9.85,2641459,27865264.00
2012-06-07,9.98,10.03,9.64,9.66,3090967,32335890.00
2012-06-08,9.81,9.84,9.58,9.63,2835170,29315844.00
2012-06-11,9.69,9.92,9.60,9.83,2576069,26768812.00
2012-06-12,9.69,9.73,9.57,9.61,2460184,25265458.00
2012-06-13,9.67,9.86,9.59,9.82,3056503,31755354.00
2012-06-14,9.76,9.95,9.74,9.78,3468602,36386560.00
2012-06-15,9.81,9.88,9.57,9.76,2602362,27021768.00
2012-06-18,9.78,9.95,9.78,9.94,3124043,32822568.00
2012-06-19,9.94,9.94,9.78,9.84,2514379,26278454.00
2012-06-21,9.81,10.65,9.76,10.25,13462709,147451872.00
2012-06-25,10.16,10.40,10.00,10.11,6242257,67667576.00
2012-06-26,9.97,9.97,9.45,9.58,4925110,50461656.00
2012-06-27,9.57,9.78,9.48,9.56,3589565,36794848.00
2012-06-28,9.58,9.69,9.38,9.39,3360698,34176776.00
2012-06-29,9.34,9.38,8.99,9.38,3142257,31043220.00
2012-07-02,9.39,9.60,9.30,9.45,4068224,41131840.00
2012-07-03,9.37,9.67,9.30,9.65,4834400,49228224.00
2012-07-04,9.61,9.82,9.52,9.58,3151060,32358828.00
2012-07-05,9.53,9.55,9.18,9.31,2690900,26809568.00
2012-07-06,9.36,9.60,9.22,9.55,2545655,25561972.00
2012-07-09,9.47,9.61,9.31,9.33,2412708,24264696.00
2012-07-10,9.28,9.38,9.21,9.23,1464389,14481436.00
2012-07-11,9.23,9.37,9.13,9.36,1575099,15629056.00
2012-07-12,9.35,9.53,9.20,9.47,2979282,29849246.00
2012-07-13,9.54,9.54,9.29,9.31,1779660,17846120.00
2012-07-16,9.31,9.31,8.86,8.90,2717911,26216080.00
2012-07-17,8.90,9.00,8.83,8.95,1281676,12244415.00
2012-07-18,8.95,8.95,8.49,8.68,3209083,29854564.00
2012-07-19,8.66,8.96,8.61,8.81,2157373,20141836.00
2012-07-20,8.92,9.75,8.91,9.50,11424322,115451880.00
2012-07-23,9.18,9.30,8.95,9.01,5356094,51719232.00
2012-07-24,8.90,9.11,8.78,9.00,3051911,29071344.00
2012-07-25,8.93,9.29,8.88,9.06,3310579,31926412.00
2012-07-26,9.02,9.09,8.84,8.86,2172144,20626760.00
2012-07-27,8.93,8.99,8.85,8.88,1476953,13969029.00
2012-07-30,8.86,8.96,8.71,8.73,1404712,13143062.00
2012-07-31,8.69,8.76,8.36,8.39,1672695,15230749.00
2012-08-01,8.50,8.73,8.42,8.63,2046494,18697206.00
2012-08-02,8.57,8.73,8.51,8.54,1561518,14252618.00
2012-08-03,8.54,8.75,8.16,8.64,9282193,82895760.00
2012-08-06,8.47,8.79,8.42,8.77,9683952,88590592.00
2012-08-07,8.70,8.98,8.68,8.82,8657144,81125920.00
2012-08-08,8.82,8.96,8.75,8.85,5355998,50339312.00
2012-08-09,8.86,8.95,8.76,8.91,4598806,43282072.00
2012-08-10,8.92,8.94,8.75,8.83,4545794,42627704.00
2012-08-13,8.79,8.79,8.45,8.48,4555808,41795024.00
2012-08-14,8.45,8.57,8.29,8.56,3413525,30618748.00
2012-08-15,8.53,8.53,8.34,8.35,2629948,23534034.00
2012-08-16,8.35,8.52,8.32,8.46,2124838,19043396.00
2012-08-17,8.47,8.49,8.31,8.41,1781545,15914555.00
2012-08-20,8.36,8.55,8.28,8.51,1736390,15563478.00
2012-08-21,8.48,8.78,8.44,8.67,4414522,40476308.00
2012-08-22,8.64,8.82,8.57,8.69,4929820,45712488.00
2012-08-23,8.68,9.14,8.63,8.92,9882289,93810152.00
2012-08-24,8.81,8.98,8.59,8.65,4745787,44333928.00
2012-08-27,8.62,8.64,8.35,8.37,2597678,23392764.00
2012-08-28,8.37,8.63,8.34,8.51,2410188,21750614.00
2012-08-29,8.47,8.65,8.46,8.52,2503090,22792396.00
2012-08-30,8.50,8.71,8.36,8.60,3651075,33182254.00
2012-08-31,8.59,8.89,8.57,8.81,5165177,48114104.00
2012-09-03,8.76,9.04,8.73,8.84,6244842,58916872.00
2012-09-04,8.90,9.03,8.78,8.92,5452591,51422200.00
2012-09-05,8.89,9.08,8.83,9.04,5127015,48808920.00
2012-09-06,9.01,9.11,8.89,9.01,5328242,50717944.00
2012-09-07,9.06,9.38,8.96,9.19,10774932,104677648.00
2012-09-10,9.10,9.25,9.07,9.19,5921822,57493364.00
2012-09-11,9.14,9.19,8.96,9.04,4501836,43155472.00
2012-09-12,9.08,9.43,9.02,9.36,8830827,86502088.00
2012-09-13,9.31,9.40,9.10,9.11,5478760,53644664.00
2012-09-14,9.15,9.28,9.04,9.13,3592223,34789864.00
2012-09-17,9.08,9.19,8.86,8.86,2849279,27222256.00
2012-09-18,8.83,8.91,8.76,8.80,2271105,21316162.00
2012-09-19,8.82,9.01,8.82,8.99,1920692,18159408.00
2012-09-20,8.95,8.96,8.51,8.52,3335077,30970880.00
2012-09-21,8.51,8.61,8.32,8.38,2885674,26051376.00
2012-09-24,8.39,8.52,8.26,8.45,1358467,12169099.00
2012-09-25,8.49,8.53,8.26,8.31,1563601,13935873.00
2012-09-26,8.32,8.36,7.96,8.02,2836877,24512124.00
2012-09-27,8.03,8.25,7.94,8.19,2713299,23469342.00
2012-09-28,8.10,8.33,8.07,8.32,2002135,17608712.00
2012-10-08,8.34,8.35,8.05,8.14,2343518,20427606.00
2012-10-09,8.20,8.48,8.14,8.44,3115803,27739554.00
2012-10-10,8.37,8.56,8.34,8.49,2219238,19944480.00
2012-10-11,8.50,8.51,8.24,8.26,2893729,25698116.00
2012-10-12,8.32,8.37,8.18,8.24,1666645,14683668.00
2012-10-15,8.21,8.23,7.98,8.11,1973091,16998616.00
2012-10-16,8.10,8.23,8.06,8.15,1537723,13383569.00
2012-10-17,8.17,8.20,8.02,8.19,1646257,14261460.00
2012-10-18,8.18,8.41,8.15,8.36,2858090,25253072.00
2012-10-19,8.35,8.37,8.28,8.31,1551592,13736715.00
2012-10-22,8.26,8.52,8.26,8.46,2805807,25078698.00
2012-10-23,8.46,8.60,8.39,8.41,3088818,27927056.00
2012-10-24,8.41,8.51,8.34,8.42,1822365,16350347.00
2012-10-25,8.40,8.49,8.14,8.16,1968173,17439826.00
2012-10-26,8.16,8.23,7.78,7.81,3857349,32674664.00
2012-10-29,7.79,7.89,7.71,7.82,1166349,9729065.00
2012-10-30,7.81,7.88,7.75,7.80,1159095,9677597.00
2012-10-31,7.83,7.83,7.69,7.79,1132802,9383927.00
2012-11-01,7.81,7.97,7.77,7.91,1989162,16777656.00
2012-11-02,7.91,7.95,7.85,7.93,1346788,11361566.00
2012-11-05,7.92,7.95,7.83,7.86,1144767,9630351.00
2012-11-06,7.87,7.87,7.71,7.80,1311045,10899794.00
2012-11-07,7.80,7.86,7.73,7.83,1092753,9111420.00
2012-11-08,7.79,7.80,7.54,7.55,2161200,17741376.00
2012-11-09,7.50,7.57,7.42,7.46,1593691,12773814.00
2012-11-12,7.49,7.53,7.45,7.50,790666,6345219.00
2012-11-13,7.51,7.53,7.36,7.37,1071790,8533779.00
2012-11-14,7.33,7.46,7.33,7.44,904348,7185284.00
2012-11-15,7.44,7.44,7.15,7.18,1225869,9619825.00
2012-11-16,7.16,7.18,7.04,7.11,1342620,10262888.00
2012-11-19,7.12,7.24,7.09,7.21,885201,6812208.00
2012-11-20,7.24,7.24,7.11,7.15,843728,6513634.00
2012-11-21,7.17,7.28,7.11,7.28,1160319,8998599.00
2012-11-22,7.23,7.29,7.14,7.20,1068592,8293609.00
2012-11-23,7.22,7.26,7.13,7.19,826569,6406018.00
2012-11-26,7.19,7.20,7.05,7.06,888260,6805689.00
2012-11-27,7.04,7.05,6.59,6.60,2220415,16190744.00
2012-11-28,6.60,6.61,6.31,6.34,2666755,18550456.00
2012-11-29,6.37,6.39,6.22,6.24,1439742,9863909.00
2012-11-30,6.25,6.33,6.13,6.29,1262144,8583525.00
2012-12-03,6.32,6.32,6.06,6.08,1108899,7461300.00
2012-12-04,6.08,6.30,6.00,6.25,1822211,12171278.00
2012-12-05,6.21,6.63,6.17,6.51,3403125,23823074.00
2012-12-06,6.50,6.53,6.37,6.42,1740565,12178394.00
2012-12-07,6.44,6.71,6.42,6.61,2765068,19795832.00
2012-12-10,6.61,6.81,6.57,6.77,3869391,28149518.00
2012-12-11,6.75,6.78,6.63,6.64,2758460,19940932.00
2012-12-12,6.62,6.68,6.50,6.61,2419212,17245304.00
2012-12-13,6.58,6.61,6.46,6.48,1700110,12017360.00
2012-12-14,6.48,7.03,6.48,6.91,5453246,39992556.00
2012-12-17,7.14,7.14,6.86,7.03,5257888,39659140.00
2012-12-18,7.01,7.07,6.90,6.92,3066203,23095956.00
2012-12-19,6.92,7.11,6.90,7.08,3045529,23097114.00
2012-12-20,7.02,7.20,6.98,7.16,3880607,29642212.00
2012-12-21,7.16,7.32,7.01,7.22,5342952,41290252.00
2012-12-24,7.17,7.25,7.12,7.15,2753268,21239380.00
2012-12-25,7.13,7.87,7.09,7.66,8646472,69483936.00
2012-12-26,7.60,8.30,7.57,8.18,11649385,98818032.00
2012-12-27,8.16,8.22,7.75,7.77,8409307,71241280.00
2012-12-28,7.75,7.90,7.57,7.82,6092991,50512520.00
2012-12-31,7.81,7.86,7.63,7.82,4398484,36490428.00
2013-01-04,7.88,7.91,7.64,7.77,3548221,29474416.00
2013-01-07,7.71,7.86,7.46,7.79,2899923,24027026.00
2013-01-08,7.79,7.96,7.71,7.92,4647434,39133632.00
2013-01-09,7.91,8.04,7.79,7.89,4343846,36815088.00
2013-01-10,7.84,7.97,7.79,7.85,2888699,24277932.00
2013-01-11,7.86,7.94,7.47,7.54,4400566,36275808.00
2013-01-14,7.46,7.81,7.45,7.80,4694875,38611156.00
2013-01-15,7.80,8.01,7.79,7.95,5230011,44229496.00
2013-01-16,7.93,8.13,7.84,8.06,7044304,60024392.00
2013-01-17,8.06,8.06,7.79,7.84,4433838,37389032.00
2013-01-18,7.83,7.97,7.75,7.96,3985490,33590912.00
2013-01-21,7.96,8.40,7.91,8.34,9513088,82874288.00
2013-01-22,8.34,8.34,8.02,8.14,5436532,47341372.00
2013-01-23,8.07,8.22,7.86,8.12,4072524,34967348.00
2013-01-24,8.06,8.19,7.64,7.71,6107671,51684264.00
2013-01-25,7.66,7.75,7.60,7.65,2195836,18025080.00
2013-01-28,7.65,7.87,7.65,7.84,2685107,22383982.00
2013-01-29,7.84,7.93,7.79,7.88,3080044,25854900.00
2013-01-30,7.89,7.91,7.76,7.87,2585776,21618812.00
2013-01-31,7.87,7.90,7.79,7.88,2053289,17219008.00
2013-02-01,7.86,8.08,7.82,8.01,3713961,31586180.00
2013-02-04,8.03,8.31,8.03,8.11,6210608,54017400.00
2013-02-05,8.05,8.21,7.99,8.20,4520525,39159712.00
2013-02-06,8.23,8.41,8.19,8.25,4145441,36575668.00
2013-02-07,8.21,8.30,8.06,8.21,3048394,26567320.00
2013-02-08,8.19,8.52,8.19,8.46,5558456,49616728.00
2013-02-18,8.48,8.48,8.23,8.27,4384451,38823192.00
2013-02-19,8.26,8.28,8.06,8.08,3157739,27351808.00
2013-02-20,8.14,8.32,8.14,8.26,3762487,33014264.00
2013-02-21,8.21,8.22,7.91,8.01,3763483,32423446.00
2013-02-22,7.94,8.06,7.91,7.97,2075201,17718544.00
2013-02-25,8.00,8.11,7.93,8.08,2187291,18673426.00
2013-02-26,8.04,8.17,7.96,8.00,2635987,22708764.00
2013-02-27,8.00,8.13,7.93,7.98,1655360,14166537.00
2013-02-28,8.01,8.14,7.94,8.13,2371232,20388524.00
2013-03-01,8.14,8.24,8.10,8.22,3952241,34411724.00
2013-03-04,8.14,8.16,7.67,7.85,3351129,28381896.00
2013-03-05,7.87,8.00,7.77,7.97,2135077,18051872.00
2013-03-06,7.98,8.18,7.94,8.17,3813259,32882456.00
2013-03-07,8.18,8.21,8.01,8.06,3751011,32500536.00
2013-03-08,8.02,8.10,7.92,7.97,2319086,19832734.00
2013-03-11,7.98,8.02,7.89,7.96,1369199,11647601.00
2013-03-12,7.96,8.07,7.76,7.92,4107420,34823508.00
2013-03-13,7.90,8.46,7.86,8.34,12751702,112231888.00
2013-03-14,8.24,8.71,8.20,8.51,12395033,111097128.00
2013-03-15,8.46,8.58,8.31,8.37,9607088,85845784.00
2013-03-18,8.38,8.41,7.76,7.89,7655371,65256672.00
2013-03-19,7.89,7.91,7.50,7.68,4078917,33445336.00
2013-03-20,7.64,7.82,7.61,7.82,3772454,31262974.00
2013-03-21,7.82,7.88,7.71,7.85,3974435,33197692.00
2013-03-22,7.86,7.90,7.78,7.87,2550481,21382160.00
2013-03-25,7.87,7.93,7.84,7.90,2088760,17594852.00
2013-03-26,7.88,7.89,7.59,7.66,2735273,22486606.00
2013-03-27,7.67,7.75,7.59,7.68,2056350,16883256.00
2013-03-28,7.64,7.64,7.38,7.44,2559549,20540236.00
2013-03-29,7.52,7.52,7.33,7.36,1485419,11819916.00
2013-04-01,7.24,7.40,7.24,7.33,1333376,10499837.00
2013-04-02,7.33,7.40,7.15,7.19,1645422,12829250.00
2013-04-03,7.20,7.23,7.01,7.07,1498881,11421782.00
2013-04-08,6.99,7.11,6.56,7.10,1332583,9962574.00
2013-04-09,7.12,7.24,7.08,7.19,1147149,8836840.00
2013-04-10,7.20,7.20,7.06,7.14,883168,6775915.00
2013-04-11,7.16,7.22,7.01,7.02,866145,6609976.00
2013-04-12,6.97,7.07,6.97,7.03,890252,6737056.00
2013-04-15,6.96,7.32,6.96,7.18,2155002,16563044.00
2013-04-16,7.18,7.29,7.04,7.25,1823623,14102393.00
2013-04-17,7.22,7.28,7.15,7.23,1083745,8389623.00
2013-04-18,7.18,7.25,7.07,7.21,684240,5291465.00
2013-04-19,7.20,7.35,7.17,7.32,1513750,11864306.00
2013-04-22,7.23,7.35,7.21,7.30,1177924,9229501.00
2013-04-23,7.31,7.33,6.95,6.98,1486789,11371358.00
2013-04-24,7.02,7.09,6.94,7.06,1164724,8803416.00
2013-04-25,7.04,7.07,6.72,6.75,1414658,10601439.00
2013-04-26,6.78,6.84,6.69,6.70,1111259,8122282.00
2013-05-02,6.76,7.05,6.72,6.90,1319402,9780520.00
2013-05-03,6.92,7.05,6.91,7.00,1206785,9100361.00
2013-05-06,7.00,7.28,6.96,7.23,1978923,15222450.00
2013-05-07,7.23,7.27,7.14,7.24,1542503,11950474.00
2013-05-08,7.28,7.33,7.18,7.27,1580496,12311585.00
2013-05-09,7.22,7.26,7.12,7.25,1560232,12075557.00
2013-05-10,7.19,7.30,7.19,7.29,1687963,13161887.00
2013-05-13,7.29,7.45,7.29,7.42,2307796,18315746.00
2013-05-14,7.42,7.42,7.22,7.26,1128000,8830370.00
2013-05-15,7.26,7.36,7.26,7.35,813657,6385422.00
2013-05-16,7.34,7.45,7.29,7.43,2362660,18750132.00
2013-05-17,7.46,7.52,7.41,7.51,1649320,12865507.00
2013-05-20,7.51,7.73,7.48,7.66,2549690,20362904.00
2013-05-21,7.64,7.80,7.63,7.79,2650608,21313784.00
2013-05-22,7.78,7.86,7.65,7.71,2533810,20483828.00
2013-05-23,7.67,7.81,7.64,7.70,1939934,15665708.00
2013-05-24,7.70,7.78,7.59,7.71,2400236,19263152.00
2013-05-27,7.73,7.77,7.64,7.72,2003603,16116749.00
2013-05-28,7.75,7.78,7.61,7.78,2881180,23216552.00
2013-05-29,7.82,8.00,7.76,7.93,3943391,32395272.00
2013-05-30,7.87,7.92,7.81,7.88,2730803,22375088.00
2013-05-31,7.92,8.09,7.89,7.90,4399410,36580320.00
2013-06-03,7.86,7.94,7.69,7.72,2994495,24402632.00
2013-06-04,7.72,7.77,7.54,7.62,2031761,16220687.00
2013-06-05,7.62,7.64,7.50,7.60,1356596,10725000.00
2013-06-06,7.59,7.64,7.45,7.49,1214512,9583624.00
2013-06-07,7.49,7.53,7.34,7.37,1307202,10158905.00
2013-06-13,7.31,7.31,7.02,7.06,1152894,8570029.00
2013-06-14,7.05,7.18,7.05,7.14,926681,6908167.00
2013-06-17,7.14,7.20,7.07,7.10,835224,6224605.00
2013-06-18,7.15,7.16,7.06,7.14,739694,5513961.00
2013-06-19,7.12,7.12,6.86,7.02,1137542,8283081.00
2013-06-20,6.97,6.98,6.73,6.75,1052645,7557290.00
2013-06-21,6.71,6.76,6.57,6.74,954675,6693064.00
2013-06-24,6.73,6.73,6.26,6.29,1613329,10973732.00
2013-06-25,6.20,6.39,5.85,6.27,1834872,11917366.00
2013-06-26,6.20,6.38,6.20,6.33,1182146,7851709.00
2013-06-27,6.32,6.41,6.17,6.26,1225516,8158300.00
2013-06-28,6.23,6.36,6.06,6.29,1006859,6625860.00
2013-07-01,6.29,6.35,6.16,6.34,938359,6188271.00
2013-07-02,6.32,6.44,6.25,6.43,993029,6628784.00
2013-07-03,6.39,6.39,6.22,6.36,918946,6110932.00
2013-07-04,6.34,6.48,6.21,6.43,1555600,10433773.00
2013-07-05,6.38,6.48,6.32,6.42,1020567,6904146.00
2013-07-08,6.31,6.31,6.06,6.07,1028555,6675668.00
2013-07-09,6.11,6.16,5.99,6.14,686975,4417491.00
2013-07-10,6.13,6.37,6.08,6.36,1080232,7116560.00
2013-07-11,6.38,6.62,6.34,6.49,2313677,15853319.00
2013-07-12,6.51,6.62,6.46,6.60,2815174,19405488.00
2013-07-15,6.59,6.85,6.57,6.82,3219375,22845860.00
2013-07-16,6.83,6.94,6.79,6.93,2132075,15372301.00
2013-07-17,6.91,7.01,6.83,6.85,2614145,18989974.00
2013-07-18,6.78,6.94,6.78,6.93,2092884,15063745.00
2013-07-19,6.71,7.26,6.71,6.97,4218287,31444968.00
2013-07-22,6.98,7.25,6.84,6.91,5353795,39401524.00
2013-07-23,6.86,6.91,6.66,6.82,7150262,51020248.00
2013-07-24,6.80,6.82,6.46,6.61,4844569,33727080.00
2013-07-25,6.56,6.66,6.49,6.50,2256444,15615952.00
2013-07-26,6.47,6.59,6.46,6.50,1756182,12024324.00
2013-07-29,6.42,6.43,6.25,6.29,1679692,11182318.00
2013-07-30,6.33,6.45,6.25,6.40,1470069,9865009.00
2013-07-31,6.42,6.60,6.42,6.54,2134959,14671639.00
2013-08-01,6.54,6.68,6.53,6.67,2646893,18423300.00
2013-08-02,6.68,6.72,6.63,6.69,1691991,11871950.00
2013-08-05,6.67,6.92,6.67,6.89,2719404,19554158.00
2013-08-06,6.95,7.17,6.82,7.11,3908747,28962918.00
2013-08-07,7.10,7.31,7.01,7.01,3559772,26728560.00
2013-08-08,7.01,7.35,7.01,7.21,4358846,33061704.00
2013-08-09,7.21,7.46,7.18,7.26,4351168,33137280.00
2013-08-12,7.31,7.66,7.17,7.41,7444024,57681380.00
2013-08-13,7.39,7.61,7.21,7.26,4595511,35250724.00
2013-08-14,7.26,7.32,7.06,7.13,2863226,21526796.00
2013-08-15,7.13,7.18,6.96,6.97,2178448,16130382.00
2013-08-16,6.92,7.13,6.91,6.94,2327083,17122432.00
2013-08-19,6.87,7.08,6.86,7.05,1856429,13634846.00
2013-08-20,7.10,7.11,6.97,6.98,1513069,11164979.00
2013-08-21,6.99,7.37,6.91,7.35,4218929,31778076.00
2013-08-22,7.33,7.47,7.19,7.24,2712188,20730528.00
2013-08-23,7.23,7.31,7.01,7.18,2592508,19552812.00
2013-08-26,7.17,7.43,7.08,7.42,2969245,22626604.00
2013-08-27,7.36,7.46,7.33,7.40,2489507,19261950.00
2013-08-28,7.34,7.38,7.25,7.26,2237512,17130668.00
2013-08-29,7.27,7.45,7.22,7.41,2103441,16140329.00
2013-08-30,7.40,7.57,7.31,7.41,3751211,29212716.00
2013-09-02,7.44,7.45,7.22,7.27,2477168,18874026.00
2013-09-03,7.28,7.37,7.24,7.36,2169743,16622101.00
2013-09-04,7.39,7.39,7.21,7.26,2794290,21299068.00
2013-09-05,7.26,7.26,7.11,7.21,2699232,20255024.00
2013-09-06,7.17,7.24,7.16,7.21,1402075,10570698.00
2013-09-09,7.30,7.35,7.21,7.34,2728699,20844520.00
2013-09-10,7.36,7.50,7.31,7.47,3296392,25525968.00
2013-09-11,7.49,7.53,7.38,7.50,3003310,23399236.00
2013-09-12,7.51,7.90,7.49,7.80,7011863,56350852.00
2013-09-13,7.89,7.89,7.72,7.74,4240661,34497904.00
2013-09-16,7.66,7.80,7.52,7.68,3149369,25135684.00
2013-12-16,8.48,8.48,8.48,8.48,677290,5973698.00
2013-12-17,9.36,9.36,9.36,9.36,1625421,15766584.00
2013-12-18,10.16,10.33,9.73,10.33,21650939,225607456.00
2013-12-19,10.25,10.72,9.84,10.07,28576469,301368640.00
2013-12-20,9.86,10.11,9.03,9.07,21082452,208178624.00
2013-12-23,9.07,9.08,8.44,8.72,15490146,140444320.00
2013-12-24,8.63,9.03,8.54,8.84,14688282,133982312.00
2013-12-25,8.69,8.88,8.63,8.80,9256990,84300240.00
2013-12-26,8.86,8.86,8.32,8.36,8014660,71847088.00
2013-12-27,8.33,8.64,8.27,8.52,7146339,62839192.00
2013-12-30,8.57,8.58,8.38,8.53,5426721,47815344.00
2013-12-31,8.48,8.60,8.41,8.53,4197500,37141636.00
2014-01-02,8.46,8.81,8.44,8.79,6251747,56160520.00
2014-01-03,8.75,8.85,8.55,8.62,5147959,46331560.00
2014-01-06,8.64,8.64,7.82,7.94,6383442,54122988.00
2014-01-07,7.86,8.02,7.77,7.97,3178382,26304910.00
2014-01-08,7.96,8.05,7.83,7.91,3255572,27012788.00
2014-01-09,7.88,7.92,7.64,7.66,3882758,31550484.00
2014-01-10,7.66,8.06,7.54,7.94,6271142,51332376.00
2014-01-13,7.96,8.01,7.70,7.77,3133751,25504730.00
2014-01-14,7.84,8.00,7.76,8.00,3884009,32151944.00
2014-01-15,7.93,8.03,7.89,8.00,3419302,28330742.00
2014-01-16,7.99,8.33,7.94,8.23,6790133,57518752.00
2014-01-17,8.16,8.17,7.88,7.93,4232141,35327208.00
2014-01-20,7.92,8.05,7.77,8.00,2393244,19807148.00
2014-01-21,7.95,8.10,7.95,8.02,2443030,20416148.00
2014-01-22,8.01,8.26,7.95,8.23,5022511,42596648.00
2014-01-23,8.17,8.32,8.10,8.24,4726369,40360272.00
2014-01-24,8.24,8.53,8.19,8.45,6667120,58308800.00
2014-01-27,8.41,8.60,8.32,8.33,4769767,41948976.00
2014-01-28,8.36,8.52,8.18,8.49,3705092,32164360.00
2014-01-29,8.43,8.51,8.39,8.43,2834661,24936838.00
2014-01-30,8.34,8.44,8.27,8.29,1947028,16881644.00
2014-02-07,8.18,8.22,8.02,8.21,2536266,21488576.00
2014-02-10,8.21,8.60,8.21,8.58,5164159,45468364.00
2014-02-11,8.56,8.77,8.48,8.61,6400206,57473376.00
2014-02-12,8.61,9.42,8.57,9.05,10443665,98145160.00
2014-02-13,9.06,9.09,8.73,8.75,6062145,55790652.00
2014-02-14,8.76,8.97,8.75,8.90,3912760,36098732.00
2014-02-17,9.00,9.13,8.92,9.10,4815934,45158672.00
2014-02-18,9.21,9.21,8.96,8.98,4478733,41990204.00
2014-02-19,8.97,8.97,8.76,8.83,4346136,39922512.00
2014-02-20,8.83,9.08,8.75,8.88,4703558,43591732.00
2014-02-21,8.86,8.86,8.59,8.75,3659167,33155384.00
2014-02-24,8.78,8.78,8.37,8.44,3838338,34032964.00
2014-02-25,8.50,8.58,8.02,8.04,3380271,29448520.00
2014-02-26,8.05,8.14,7.91,8.12,2389616,19995558.00
2014-02-27,8.12,8.24,7.96,7.99,2285139,19282448.00
2014-02-28,7.95,8.39,7.91,8.35,2692572,22961310.00
2014-03-03,8.28,8.52,8.21,8.46,2358952,20638880.00
2014-03-04,8.47,8.87,8.40,8.63,4182443,37717204.00
2014-03-05,8.73,8.74,8.44,8.47,2825441,25045996.00
2014-03-06,8.43,8.48,8.18,8.34,2135056,18461778.00
2014-03-07,8.31,8.46,8.17,8.20,1869196,16116685.00
2014-03-10,8.07,8.07,7.81,7.81,2227524,18442736.00
2014-03-11,7.80,7.96,7.75,7.91,1538816,12624994.00
2014-03-12,7.90,7.96,7.79,7.89,1382408,11359069.00
2014-03-13,7.93,8.05,7.89,8.00,1177629,9803018.00
2014-03-14,8.01,8.01,7.89,7.96,803577,6653494.00
2014-03-17,7.98,8.14,7.96,8.12,1300222,10934377.00
2014-03-18,8.14,8.16,8.01,8.09,1573241,13252767.00
2014-03-19,8.11,8.11,7.88,7.97,1882507,15580290.00
2014-03-20,7.96,8.03,7.84,7.84,1364569,11314619.00
2014-03-21,7.76,8.11,7.76,8.10,1950827,16177329.00
2014-03-24,8.06,8.28,8.02,8.24,2338468,19926112.00
2014-03-25,8.27,8.52,8.27,8.30,4017336,35088840.00
2014-03-26,8.38,8.38,8.18,8.21,1808006,15548179.00
2014-03-27,8.16,8.39,8.16,8.22,1813521,15625257.00
2014-03-28,8.22,8.27,7.99,8.00,1776790,14989521.00
2014-03-31,8.00,8.12,7.95,7.99,921400,7716893.00
2014-04-01,7.99,8.15,7.98,8.15,825808,6953478.00
2014-04-02,8.16,8.27,8.16,8.26,1350454,11555757.00
2014-04-03,8.26,8.29,8.16,8.26,1018865,8719358.00
2014-04-04,8.26,8.38,8.18,8.33,1982059,17178172.00
2014-04-08,8.34,8.44,8.27,8.40,2281724,19896076.00
2014-04-09,8.44,8.45,8.32,8.37,2130456,18533874.00
2014-04-10,8.36,8.47,8.27,8.42,2888766,25255428.00
2014-04-11,8.41,8.73,8.37,8.66,6096698,54454664.00
2014-04-14,8.64,8.87,8.52,8.81,6522102,59295208.00
2014-04-15,8.80,8.93,8.67,8.73,4760645,43487136.00
2014-04-16,8.74,8.86,8.69,8.74,2911287,26542412.00
2014-04-17,8.70,8.78,8.56,8.57,2662330,23916274.00
2014-04-18,8.55,8.63,8.43,8.51,3059724,27062660.00
2014-04-21,8.44,8.65,8.44,8.48,2222228,19780216.00
2014-04-22,8.50,8.81,8.41,8.81,4380708,39345544.00
2014-04-23,8.87,8.94,8.66,8.76,3461990,31496178.00
2014-04-24,8.74,8.77,8.26,8.31,2699032,23905300.00
2014-04-25,8.16,8.33,7.96,8.01,2403594,20398672.00
2014-04-28,8.02,8.02,7.67,7.74,1655255,13488307.00
2014-04-29,7.72,7.97,7.72,7.96,1017001,8326074.00
2014-04-30,7.95,7.97,7.75,7.91,1185071,9724422.00
2014-05-05,7.88,7.91,7.79,7.90,1431374,11719977.00
2014-05-06,7.97,8.09,7.90,8.08,1742292,14588461.00
2014-05-07,8.01,8.10,7.81,7.84,1045714,8692187.00
2014-05-08,7.80,8.21,7.78,8.16,2320536,19509236.00
2014-05-09,8.11,8.20,8.05,8.17,1385417,11714647.00
2014-05-12,8.21,8.54,8.16,8.45,4636050,40395976.00
2014-05-13,8.32,8.45,8.26,8.34,2797728,24259222.00
2014-05-14,8.33,8.40,8.30,8.39,1060164,9216568.00
2014-05-15,8.39,8.41,7.99,8.00,1652652,14048169.00
2014-05-16,7.96,7.96,7.86,7.93,1247712,10288245.00
2014-05-19,7.95,8.03,7.86,7.97,683384,5657647.00
2014-05-20,8.10,8.10,7.93,8.01,654361,5452572.00
2014-05-21,7.98,8.06,7.92,8.05,626290,5222541.00
2014-05-22,8.03,8.12,8.01,8.03,691810,5820310.00
2014-05-23,8.00,8.09,7.94,8.07,506500,4234568.00
2014-05-26,8.04,8.30,8.04,8.23,1065663,9088027.00
2014-05-27,8.23,8.32,8.14,8.17,1223791,10465252.00
2014-05-28,8.21,8.25,8.08,8.23,999937,8514703.00
2014-05-29,8.22,8.30,8.06,8.09,907000,7735091.00
2014-05-30,8.16,8.16,8.01,8.03,797073,6688703.00
2014-06-03,8.03,8.17,7.98,8.16,1342680,11285403.00
2014-06-04,8.13,8.24,8.11,8.23,1544352,13128238.00
2014-06-05,8.20,8.49,8.14,8.48,4636285,40388984.00
2014-06-06,8.46,8.56,8.36,8.54,5276717,46386436.00
2014-06-09,8.46,8.60,8.29,8.32,4055528,35619964.00
2014-06-10,8.27,8.38,8.20,8.37,2024103,17466852.00
2014-06-11,8.32,8.41,8.26,8.36,1354256,11755181.00
2014-06-12,8.32,8.38,8.28,8.29,1280948,11086080.00
2014-06-13,8.29,8.48,8.27,8.45,2095761,18341328.00
2014-06-16,8.46,8.61,8.41,8.52,2762641,24510688.00
2014-06-17,8.51,8.56,8.38,8.40,1583959,13916236.00
2014-06-18,8.38,8.75,8.33,8.71,5004857,44681576.00
2014-06-19,8.66,8.66,8.36,8.45,3256887,28899596.00
2014-06-20,8.53,8.53,8.03,8.17,2851884,23932454.00
2014-06-23,8.15,8.32,8.14,8.26,2125487,17876138.00
2014-06-24,8.24,8.32,8.21,8.30,1235584,10415549.00
2014-07-03,8.07,8.28,7.96,8.14,6384118,52766420.00
2014-07-04,8.13,8.62,8.12,8.57,6523548,55693280.00
2014-07-07,8.52,8.77,8.49,8.72,6940468,61278288.00
2014-07-08,8.69,8.72,8.55,8.69,3617406,31801332.00
2014-07-09,8.67,8.73,8.49,8.54,4062212,35674952.00
2014-07-10,8.54,8.80,8.45,8.79,4921226,43210440.00
2014-07-11,8.70,8.93,8.64,8.74,4676996,41705840.00
2014-07-14,8.69,8.80,8.55,8.78,4316128,38183364.00
2014-07-15,8.77,9.02,8.74,8.90,8134999,73951896.00
2014-07-16,8.91,9.04,8.59,8.60,5511124,49286284.00
2014-07-17,8.61,8.77,8.56,8.76,3184701,28203780.00
2014-07-18,8.69,8.74,8.58,8.65,2629658,23202216.00
2014-07-21,8.82,8.99,8.68,8.88,6671976,60112876.00
2014-07-22,8.82,8.94,8.73,8.88,3363816,30264096.00
2014-07-23,8.93,8.94,8.67,8.72,3257330,29174020.00
2014-07-24,8.68,8.78,8.56,8.71,3391048,29880640.00
2014-07-25,8.71,8.99,8.61,8.97,5170017,46643208.00
2014-07-28,9.06,9.12,8.91,9.03,6855641,62912864.00
2014-07-29,8.98,9.25,8.93,9.22,7253056,67242784.00
2014-07-30,9.14,9.41,9.04,9.35,7154090,67280336.00
2014-07-31,9.42,9.49,9.25,9.42,5537677,52763908.00
2014-08-01,9.38,9.56,9.25,9.48,9248989,88404968.00
2014-08-04,9.45,10.32,9.41,10.00,16402989,163762944.00
2014-08-05,9.84,9.92,9.69,9.83,8634749,85959792.00
2014-08-06,9.76,9.91,9.70,9.78,5249650,52112128.00
2014-08-07,9.81,9.81,9.37,9.39,8261062,80031480.00
2014-08-08,9.42,9.50,9.30,9.41,4183102,39967740.00
2014-08-11,9.47,9.58,9.35,9.57,4421792,42653016.00
2014-08-12,9.56,9.56,9.44,9.49,3338009,32164852.00
2014-08-13,9.50,9.58,9.39,9.57,5101998,49282296.00
2014-08-14,9.51,9.66,9.50,9.56,4725401,46021100.00
2014-08-15,9.56,9.89,9.50,9.86,6931725,68461208.00
2014-08-18,9.83,10.01,9.74,10.00,10316591,103780480.00
2014-08-19,9.92,9.99,9.79,9.96,7674097,76931544.00
2014-08-20,9.84,10.02,9.70,9.75,6217602,62335896.00
2014-08-21,9.75,9.81,9.59,9.78,4182177,41280904.00
2014-08-22,9.77,9.83,9.70,9.79,2865980,28479572.00
2014-08-25,9.79,9.79,9.42,9.46,4944612,48034700.00
2014-08-26,9.45,9.49,9.14,9.16,3972700,37694984.00
2014-08-27,9.16,9.29,9.15,9.20,2026699,18990148.00
2014-08-28,9.22,9.32,9.19,9.27,2190019,20648936.00
2014-08-29,9.27,9.33,9.22,9.32,1675498,15829758.00
2014-09-01,9.32,9.41,9.28,9.40,2680517,25486276.00
2014-09-02,9.40,9.54,9.39,9.53,4203891,40536880.00
2014-09-03,9.52,9.58,9.45,9.55,3635167,35196684.00
2014-09-04,9.55,10.03,9.49,9.97,9343833,92849712.00
2014-09-05,9.89,10.47,9.87,10.12,16193307,167268624.00
2014-09-09,10.02,10.27,9.86,9.97,8689528,88383240.00
2014-09-10,9.91,10.00,9.74,9.98,5560465,55770496.00
2014-09-19,10.50,10.99,10.35,10.99,6066821,66518688.00
2014-09-22,11.34,11.79,10.70,10.79,23846531,271623936.00
2014-09-23,10.76,11.42,10.76,10.90,14708908,164659824.00
2014-09-24,10.74,10.90,10.44,10.75,11543874,124693640.00
2014-09-25,10.72,10.99,10.70,10.78,9752363,107264992.00
2014-09-26,10.65,11.30,10.65,11.24,16395886,183885760.00
2014-09-29,11.09,11.48,11.07,11.29,15164808,173791072.00
2014-09-30,11.22,11.24,11.04,11.08,7714101,86866200.00
2014-10-08,11.08,11.26,10.88,11.24,6029472,67770992.00
2014-10-09,11.19,11.62,11.15,11.49,15320976,177247824.00
2014-10-10,11.33,11.34,11.08,11.09,7681308,87283152.00
2014-10-13,11.13,11.13,10.69,10.90,5680935,62539356.00
2014-10-14,10.89,11.33,10.84,11.30,7400586,83215112.00
2014-10-15,11.25,11.43,11.19,11.34,11892073,136616144.00
2014-10-16,11.19,11.51,11.06,11.18,11472258,131775296.00
2014-10-17,11.10,11.44,10.86,11.26,10026777,113360896.00
2014-10-20,11.25,11.32,11.08,11.31,7082239,80508208.00
2014-10-21,11.39,11.98,11.29,11.86,18229862,215365184.00
2014-10-22,11.74,11.83,11.09,11.23,10269185,119738352.00
2014-10-23,11.07,11.07,10.36,10.40,9308178,101233872.00
2014-10-24,10.41,10.51,10.31,10.36,3674185,38776580.00
2014-10-27,10.28,10.49,10.06,10.47,2815221,29382456.00
2014-10-28,10.45,10.72,10.44,10.65,4268119,45958964.00
2014-10-29,10.67,10.84,10.52,10.79,6399037,69458544.00
2014-10-30,10.69,11.13,10.62,11.11,8670744,95404192.00
2014-10-31,11.04,12.18,11.03,11.58,21204932,249065408.00
2014-11-03,11.34,11.63,11.24,11.48,8935153,103590544.00
2014-11-04,11.37,11.48,11.29,11.30,4852199,55833160.00
2014-11-05,11.29,11.59,11.22,11.30,4366901,50448248.00
2014-11-06,11.42,11.43,10.76,10.96,8982657,100148784.00
2014-11-07,11.00,11.01,10.64,10.74,5764843,63584436.00
2014-11-10,10.71,10.93,10.69,10.93,3586146,39359316.00
2014-11-11,10.92,10.92,10.26,10.37,5667888,60661936.00
2014-11-12,10.42,10.66,10.36,10.64,3011692,32243232.00
2014-11-13,10.59,10.62,10.37,10.39,3383462,35926720.00
2014-11-14,10.32,10.41,10.16,10.23,2778949,28887858.00
2014-11-17,10.27,10.54,10.20,10.51,2557541,27002772.00
2014-11-18,10.52,10.71,10.38,10.66,3836463,41206272.00
2014-11-19,10.59,10.90,10.57,10.85,4662546,50908496.00
2014-11-20,10.84,11.08,10.74,11.01,8681583,96436056.00
2014-11-21,10.88,10.96,10.73,10.89,6427891,70851112.00
2014-11-24,10.93,10.95,10.77,10.79,4668114,51489436.00
2014-11-25,10.79,10.85,10.66,10.82,4566902,49781848.00
2014-11-26,10.79,10.94,10.71,10.93,4388253,48188528.00
2014-11-27,10.94,11.22,10.93,11.10,7344564,82259080.00
2014-11-28,11.04,11.14,10.72,10.87,6269564,69610040.00
2014-12-01,10.89,10.97,10.67,10.72,4496368,49065352.00
2014-12-02,10.70,10.91,10.70,10.85,3829645,42107156.00
2014-12-03,10.85,10.85,10.64,10.80,5129055,55805128.00
2014-12-04,10.84,11.07,10.79,11.02,7192063,79978680.00
2014-12-05,11.03,11.04,10.24,10.63,6470619,70114640.00
2014-12-08,10.50,10.59,10.40,10.48,4247815,45151504.00
2014-12-09,10.46,10.54,9.83,9.86,6462327,66764288.00
2014-12-10,9.90,10.16,9.87,10.11,2193676,22378608.00
2014-12-11,10.14,10.40,10.04,10.35,4163040,43555768.00
2014-12-12,10.35,10.56,10.29,10.54,4234417,44936968.00
2014-12-15,10.56,10.87,10.48,10.86,9927705,107948128.00
2014-12-16,10.89,10.94,10.76,10.84,6166945,67847144.00
2014-12-17,10.81,10.97,10.74,10.93,11339718,125270520.00
2014-12-18,10.85,11.09,10.74,10.99,10362474,114799424.00
2014-12-19,10.98,10.98,10.59,10.89,6316955,69143568.00
2014-12-22,10.79,10.90,10.05,10.09,4524437,47896804.00
2014-12-23,10.05,10.42,10.05,10.39,3102975,32316740.00
2014-12-24,10.39,10.89,10.29,10.84,12678480,137439920.00
2014-12-25,10.76,11.32,10.76,11.19,15758319,176989968.00
2014-12-26,10.95,11.09,10.80,10.92,9839940,108845752.00
2014-12-29,10.94,10.95,10.44,10.59,6298713,67878136.00
2014-12-30,10.48,10.74,10.45,10.62,4209699,45381132.00
2014-12-31,10.54,10.69,10.46,10.60,3081029,33024572.00
2015-01-05,10.62,10.62,10.29,10.56,3463640,36815512.00
2015-01-06,10.53,10.80,10.45,10.77,4012423,43364536.00
2015-01-07,10.77,11.12,10.72,10.94,8915392,99182048.00
2015-01-08,10.94,10.94,10.69,10.74,4669472,51235424.00
2015-01-09,10.64,11.07,10.57,10.68,6348491,70327960.00
2015-01-12,10.62,10.70,10.45,10.52,4311932,46214508.00
2015-01-13,10.48,10.59,10.42,10.53,2168403,23122812.00
2015-01-14,10.47,10.53,10.16,10.21,3432866,36018400.00
2015-01-15,10.26,10.43,10.17,10.23,2017313,21061548.00
2015-01-16,10.24,10.43,10.19,10.36,2561300,26764576.00
2015-01-19,10.21,10.34,9.84,9.93,3450676,35279500.00
2015-01-20,9.94,10.24,9.94,10.23,3214585,32867712.00
2015-01-21,10.24,10.42,10.17,10.41,3537359,37143220.00
2015-01-22,10.41,10.51,10.36,10.49,2237036,23714032.00
2015-01-23,10.46,10.49,10.12,10.21,3291650,34482504.00
2015-01-26,10.22,10.42,9.99,10.39,2653280,27755816.00
2015-01-27,10.34,10.50,10.31,10.47,3528700,37345572.00
2015-01-28,10.35,10.69,10.35,10.61,5049063,54158196.00
2015-01-29,10.49,10.58,10.38,10.45,2929720,31155284.00
2015-01-30,10.48,10.67,10.47,10.51,3427644,36724692.00
2015-02-02,10.44,10.49,10.19,10.23,2797444,29221608.00
2015-02-03,10.23,10.33,10.13,10.30,2078091,21635506.00
2015-02-04,10.32,10.38,10.16,10.20,2822028,29438968.00
2015-02-05,10.30,10.34,10.13,10.14,2158221,22420840.00
2015-02-06,10.15,10.35,10.10,10.18,2502195,26065136.00
2015-02-09,10.15,10.16,9.99,10.03,1349701,13795566.00
2015-02-10,10.03,10.10,9.94,10.02,1819614,18491578.00
2015-02-11,10.05,10.18,10.02,10.12,1333001,13669475.00
2015-02-12,10.17,10.20,10.09,10.17,1408416,14517622.00
2015-02-13,10.20,10.38,10.20,10.30,2122335,22222512.00
2015-02-16,10.30,10.44,10.28,10.41,2387457,25188124.00
2015-02-17,10.44,10.47,10.31,10.37,1932382,20316432.00
2015-02-25,10.39,10.41,10.29,10.31,2177588,22875716.00
2015-02-26,10.32,10.49,10.27,10.48,3285846,34739572.00
2015-02-27,10.49,10.97,10.46,10.71,7261656,78673592.00
2015-03-02,10.71,10.81,10.67,10.80,5665462,61757468.00
2015-03-03,10.78,10.78,10.60,10.63,3965246,42955668.00
2015-03-04,10.62,10.82,10.53,10.82,5013145,54581660.00
2015-03-05,10.82,10.92,10.68,10.90,4783015,52468572.00
2015-03-06,10.90,10.93,10.71,10.74,4274424,46947880.00
2015-03-09,10.78,10.80,10.54,10.77,3578513,38841360.00
2015-03-10,10.77,11.09,10.74,10.97,7724305,85646512.00
2015-03-11,10.98,11.13,10.77,11.10,6868034,76225472.00
2015-03-12,11.20,11.62,11.16,11.27,10402003,120056688.00
2015-03-13,11.17,11.46,11.10,11.38,6389672,72900216.00
2015-03-16,11.39,11.64,11.39,11.48,8156565,95157928.00
2015-03-17,11.48,11.56,11.37,11.44,7565726,87839168.00
2015-03-18,11.44,11.73,11.39,11.57,7074539,83156432.00
2015-03-19,11.57,11.67,11.39,11.48,7569286,88541432.00
2015-03-20,11.50,11.57,11.40,11.55,6280315,73195632.00
2015-03-23,11.58,11.93,11.58,11.86,10013313,119828656.00
2015-03-24,11.86,11.86,11.30,11.55,7969860,93637960.00
2015-03-25,11.53,12.08,11.45,11.92,9444220,112697840.00
2015-03-26,11.92,12.16,11.70,11.83,6321563,76156944.00
2015-03-27,11.87,12.06,11.70,11.93,5360305,64406884.00
2015-03-30,12.09,12.26,11.94,12.04,6811341,83364488.00
2015-03-31,12.09,12.13,11.88,11.96,5649515,68668088.00
2015-04-01,11.98,12.24,11.89,12.20,7067683,86640464.00
2015-04-02,12.17,12.37,12.04,12.35,7657084,94639056.00
2015-04-03,12.28,12.68,12.22,12.66,9746444,123705528.00
2015-04-07,12.68,12.93,12.59,12.80,8098441,104498424.00
2015-04-08,12.84,12.98,12.14,12.56,8690240,111085968.00
2015-04-09,12.60,12.60,11.99,12.41,7468943,93055960.00
2015-04-10,12.33,13.13,12.24,13.06,10130317,131614576.00
2015-04-13,13.06,13.48,12.94,13.29,8289685,111642960.00
2015-04-14,13.34,13.34,12.86,13.07,6446940,85603208.00
2015-04-15,12.97,14.32,12.69,13.74,12740040,172955536.00
2015-04-16,13.44,14.24,13.42,13.97,10661614,149694720.00
2015-04-17,14.05,14.28,13.74,14.01,9745875,137748704.00
2015-04-20,13.54,13.64,12.85,12.98,13179367,177487616.00
2015-04-21,12.98,13.39,12.90,13.31,6326100,84133032.00
2015-04-22,13.86,13.86,13.45,13.59,9808800,135568176.00
2015-04-23,13.69,13.73,13.43,13.52,10011369,137695792.00
2015-04-24,13.22,13.40,12.85,13.24,8262027,110171752.00
2015-04-27,13.34,13.82,13.24,13.44,7909442,108021256.00
2015-04-28,13.46,13.50,12.76,12.88,6850632,90641424.00
2015-04-29,13.01,13.33,12.84,13.24,7718134,102043920.00
2015-04-30,13.24,13.64,13.07,13.09,9369182,126652280.00
2015-05-04,13.03,13.44,12.82,13.29,7029635,93968608.00
2015-05-05,13.24,13.33,12.76,12.84,5540710,73066976.00
2015-05-06,12.85,13.00,12.15,12.30,5395741,69487024.00
2015-05-07,12.29,12.29,11.84,11.89,4501351,54914564.00
2015-05-08,12.10,12.40,12.02,12.35,4550449,56115688.00
2015-05-11,12.54,12.77,12.42,12.71,5757826,73561264.00
2015-05-12,12.72,12.87,12.60,12.79,5318081,68653888.00
2015-05-13,13.10,13.10,12.72,12.77,5740543,74695712.00
2015-05-14,12.74,12.97,12.56,12.90,5793272,74955096.00
2015-05-15,12.90,12.90,12.44,12.57,5244327,67174728.00
2015-05-18,12.45,12.93,12.40,12.82,5766316,74262000.00
2015-05-19,12.82,13.34,12.82,13.31,9418477,125338304.00
2015-05-20,13.31,13.59,13.14,13.28,12264572,167159664.00
2015-05-21,13.28,13.71,13.28,13.67,11039926,151160704.00
2015-05-22,13.84,14.09,13.54,14.03,11876338,166096208.00
2015-05-25,13.97,15.00,13.74,14.85,15406034,226674016.00
2015-05-26,14.92,15.19,14.74,15.12,13117888,198552928.00
2015-05-27,15.09,16.01,14.69,15.72,16673783,255996752.00
2015-05-28,15.64,17.31,15.24,15.79,25092662,418444864.00
2015-05-29,16.24,16.49,14.84,15.82,19589471,312954400.00
2015-06-01,15.85,17.08,15.69,17.01,17377985,288560320.00
2015-06-02,17.04,17.63,16.66,17.62,15438341,267247184.00
2015-06-03,17.64,17.64,16.61,16.80,14378334,247244256.00
2015-06-04,16.60,16.80,15.28,16.24,11106518,180727856.00
2015-06-05,16.54,17.09,16.34,16.68,10725444,180698752.00
2015-06-08,16.50,16.74,15.78,16.16,10253568,167906960.00
2015-06-09,16.17,16.40,15.95,16.29,6944138,113572864.00
2015-06-10,16.14,16.93,15.95,16.70,9368516,156594160.00
2015-06-11,16.57,17.36,16.53,17.34,11418971,195137952.00
2015-06-12,17.34,17.64,16.95,17.39,12424946,217339968.00
2015-06-15,17.39,18.54,17.14,18.04,14454236,260161792.00
2015-06-16,17.72,17.72,16.34,16.46,11573500,198529552.00
2015-06-17,16.55,16.99,15.63,16.76,8961281,148008528.00
2015-06-18,16.64,17.49,16.35,16.53,11628959,200218160.00
2015-06-19,15.92,16.33,14.86,14.86,7832219,123835568.00
2015-06-23,14.44,15.14,13.46,15.06,7624567,111459864.00
2015-06-24,15.06,15.52,14.66,15.37,7706588,118291696.00
2015-06-25,15.37,15.47,14.35,14.74,7021704,106895480.00
2015-06-26,14.44,15.23,13.25,13.44,9011266,125948912.00
2015-06-29,13.85,13.98,12.10,12.71,9370179,124552488.00
2015-06-30,12.70,13.55,11.57,13.44,11587923,149446976.00
2015-07-01,13.30,13.48,12.11,12.18,12022216,156706656.00
2015-07-02,12.11,12.38,11.04,11.07,8000580,93079088.00
2015-07-03,10.99,11.24,10.02,10.08,8671146,90562920.00
2015-07-06,11.09,11.09,9.20,9.62,10745035,108808208.00
2015-07-07,9.25,9.60,8.66,8.66,10732173,94880464.00
2015-07-08,7.79,8.39,7.79,7.90,14246037,112401104.00
2015-07-09,7.94,8.69,7.94,8.69,8402884,71471496.00
2015-07-10,9.40,9.56,9.03,9.56,5160467,48529756.00
2015-07-13,10.43,10.52,10.05,10.52,15761014,164340176.00
2015-07-14,10.55,11.57,10.55,11.11,22422522,248214592.00
2015-07-15,10.60,10.84,10.00,10.00,12338201,126606800.00
2015-07-16,9.50,10.66,9.23,10.35,11259372,114083968.00
2015-07-17,10.35,11.14,10.29,11.00,10855032,117224552.00
2015-07-20,10.91,11.24,10.62,10.92,11157016,122367664.00
2015-07-21,10.83,11.13,10.52,10.91,8314629,90743056.00
2015-07-22,10.92,11.14,10.70,11.04,9691378,106037104.00
2015-07-23,11.05,11.62,10.96,11.47,12948590,146581760.00
2015-07-24,11.51,11.60,11.00,11.13,12590015,143027248.00
2015-07-27,10.84,11.07,10.02,10.02,9480118,100724664.00
2015-07-28,9.45,10.28,9.07,9.73,10357299,99870512.00
2015-07-29,9.84,10.42,8.80,10.38,7917403,78247672.00
2015-07-30,10.30,10.70,10.02,10.06,7879802,82288648.00
2015-07-31,9.89,10.16,9.60,9.92,5348739,52849168.00
2015-08-03,9.97,10.18,9.51,9.81,5474216,54118272.00
2015-08-04,9.82,10.50,9.82,10.49,7371794,75384304.00
2015-08-05,10.51,10.68,10.26,10.40,7156761,75076280.00
2015-08-06,10.21,10.42,10.05,10.27,3976041,40913336.00
2015-08-07,10.39,10.75,10.35,10.74,6628462,70320616.00
2015-08-10,10.90,11.29,10.76,11.21,10272977,113648560.00
2015-08-11,11.25,11.88,11.15,11.73,17018523,197688272.00
2015-08-12,11.30,11.57,11.15,11.21,10531123,119327104.00
2015-08-13,11.20,11.52,11.12,11.51,8785108,99800072.00
2015-08-14,11.60,12.18,11.60,11.81,15033130,178815200.00
2015-08-17,11.68,12.25,11.43,12.21,11643351,138034864.00
2015-08-18,12.22,12.24,10.99,10.99,13242391,154876528.00
2015-08-19,10.12,11.29,10.12,11.17,8586079,91258688.00
2015-08-20,10.86,11.27,10.50,10.54,5639305,61758072.00
2015-08-21,10.38,10.53,9.98,10.03,5818025,59551568.00
2015-08-24,9.74,9.79,9.03,9.03,5814200,53821560.00
2015-08-25,8.40,8.78,8.13,8.14,8296366,69280080.00
2015-08-26,8.45,8.88,8.15,8.60,7807451,66633272.00
2015-08-27,8.78,9.12,8.56,9.10,6252050,55637056.00
2015-08-28,9.10,9.66,9.00,9.59,9116414,84148264.00
2015-08-31,9.39,9.40,9.05,9.10,5275762,48462272.00
2015-09-01,9.01,9.10,8.40,8.50,4081760,35482244.00
2015-09-02,8.43,8.84,8.15,8.35,4658207,39535904.00
2015-09-07,8.60,8.84,8.50,8.66,2691697,23399136.00
2015-09-08,8.66,9.20,8.53,9.19,4689844,41600620.00
2015-09-09,9.25,9.51,9.19,9.40,6331711,59204268.00
2015-09-10,9.22,9.34,9.10,9.15,2589256,23883648.00
2015-09-11,9.20,9.29,9.14,9.27,1728844,15950368.00
2015-09-14,9.31,9.50,8.38,8.46,4364012,39212008.00
2015-09-15,8.23,8.57,8.17,8.18,2874252,23929964.00
2015-09-16,8.20,9.00,8.20,8.87,3829584,33116956.00
2015-09-17,8.72,9.05,8.60,8.62,4133246,36512776.00
2015-09-22,8.98,8.98,8.98,8.98,0,0.00
数据来源:通达信
