601890 亚星锚链 日线 前复权
      日期	    开盘	    最高	    最低	    收盘	    成交量	    成交额
2010-12-28,9.60,9.85,8.82,8.84,50063701,1262386816.00
2010-12-29,8.28,8.48,7.95,8.29,25550167,565762240.00
2010-12-30,8.05,8.19,7.91,7.96,14211356,309845120.00
2010-12-31,7.86,8.01,7.83,7.91,12312285,264647232.00
2011-01-04,7.95,8.05,7.83,7.99,9880620,213517472.00
2011-01-05,7.97,8.41,7.85,8.20,15008746,333565952.00
2011-01-06,8.09,8.17,7.94,7.97,7855871,171363280.00
2011-01-07,7.90,8.05,7.88,7.92,5877891,127127232.00
2011-01-10,7.88,8.15,7.86,7.91,6145405,133200416.00
2011-01-11,7.87,7.93,7.44,7.51,8825699,183636288.00
2011-01-12,7.57,7.60,7.36,7.45,5773358,117224064.00
2011-01-13,7.45,7.48,7.37,7.40,3329014,67015200.00
2011-01-14,7.35,7.35,7.01,7.05,6323893,122994744.00
2011-01-17,7.00,7.10,6.80,6.83,3734381,70631680.00
2011-01-18,6.83,6.97,6.75,6.96,2599373,48768712.00
2011-01-19,6.93,7.20,6.91,7.08,4123916,79418432.00
2011-01-20,7.02,7.05,6.73,6.74,3290695,61678444.00
2011-01-21,6.71,7.05,6.70,6.94,3843734,72511984.00
2011-01-24,6.97,7.23,6.88,7.06,4514811,86979008.00
2011-01-25,7.05,7.05,6.78,6.99,2679349,50376456.00
2011-01-26,6.97,7.33,6.94,7.24,4671257,91396040.00
2011-01-27,7.19,7.47,7.10,7.29,6065337,121168408.00
2011-01-28,7.21,7.33,7.20,7.28,3147547,62288736.00
2011-01-31,7.26,7.45,7.20,7.44,4440336,88836792.00
2011-02-01,7.59,7.70,7.49,7.51,4777250,98394464.00
2011-02-09,7.51,7.51,7.27,7.35,3030644,60637888.00
2011-02-10,7.35,7.53,7.24,7.52,3506773,70662712.00
2011-02-11,7.57,7.87,7.57,7.77,7316073,154533168.00
2011-02-14,7.76,7.93,7.65,7.82,5704407,120806776.00
2011-02-15,7.83,7.87,7.68,7.69,4571607,96617600.00
2011-02-16,7.68,7.91,7.64,7.91,4243849,89992040.00
2011-02-17,7.91,7.95,7.72,7.85,3386706,72016912.00
2011-02-18,7.80,7.85,7.64,7.65,3351698,70180392.00
2011-02-21,7.65,7.76,7.60,7.74,2778074,58168304.00
2011-02-22,7.84,8.03,7.80,7.85,9439814,203017744.00
2011-02-23,7.77,7.93,7.76,7.92,2988010,63603888.00
2011-02-24,7.97,8.18,7.97,7.99,5339364,117118776.00
2011-02-25,7.95,7.95,7.84,7.92,2348681,50390328.00
2011-02-28,7.93,8.09,7.93,8.07,3669474,80132968.00
2011-03-01,8.08,8.27,7.98,8.01,5136450,113335296.00
2011-03-03,7.94,8.08,7.70,7.70,4116669,87953784.00
2011-03-04,7.70,7.79,7.69,7.79,1707483,35943580.00
2011-03-07,7.77,7.83,7.72,7.79,2742180,57924404.00
2011-03-08,7.79,7.98,7.74,7.91,3078298,65962276.00
2011-03-09,7.93,8.23,7.93,8.22,7466028,164533616.00
2011-03-10,8.22,8.39,8.10,8.12,5917871,132299408.00
2011-03-11,8.13,8.27,8.09,8.12,3515635,78107416.00
2011-03-14,7.94,8.12,7.91,7.99,3556050,77003344.00
2011-03-15,7.94,7.99,7.66,7.78,3296942,69774576.00
2011-03-16,7.78,7.83,7.73,7.78,2552218,53982836.00
2011-03-17,7.76,7.76,7.53,7.54,2789990,57708412.00
2011-03-18,7.57,7.65,7.53,7.60,1250686,25838030.00
2011-03-21,7.59,7.72,7.59,7.65,1220492,25356488.00
2011-03-22,7.62,7.69,7.53,7.65,1365952,28338092.00
2011-03-23,7.65,7.70,7.61,7.70,1800037,37514568.00
2011-03-24,7.73,7.76,7.65,7.69,1435329,30056226.00
2011-03-25,7.68,7.95,7.68,7.91,3377320,72171064.00
2011-03-28,7.93,8.02,7.76,7.77,3507684,74762712.00
2011-03-29,7.76,7.77,7.53,7.54,2677367,55379740.00
2011-03-30,7.45,7.45,6.93,7.18,5835229,113389912.00
2011-03-31,7.10,7.12,6.97,7.04,3106562,59702408.00
2011-04-01,7.07,7.17,7.05,7.17,1573986,30556476.00
2011-04-06,7.17,7.30,7.12,7.16,2952776,57722176.00
2011-04-07,7.16,7.23,7.01,7.05,3240544,62355872.00
2011-04-08,7.04,7.14,7.03,7.12,2699399,51976792.00
2011-04-11,7.14,7.17,7.05,7.05,2058247,39884856.00
2011-04-12,7.05,7.11,7.00,7.04,2271494,43531580.00
2011-04-13,7.02,7.10,6.98,7.09,1590649,30512140.00
2011-04-14,7.08,7.09,7.03,7.05,1604864,30837164.00
2011-04-15,7.05,7.05,6.91,6.93,3022639,57318344.00
2011-04-18,6.93,7.14,6.82,7.10,3788950,72110184.00
2011-04-19,7.06,7.06,6.97,7.01,1627636,31119020.00
2011-04-20,7.03,7.08,7.01,7.07,1488234,28602792.00
2011-04-21,7.08,7.15,7.03,7.14,2349208,45413240.00
2011-04-22,7.06,7.31,7.06,7.18,3689323,72525008.00
2011-04-25,7.21,7.21,7.06,7.08,2125599,41318440.00
2011-04-26,7.08,7.12,6.90,6.95,1803717,34261896.00
2011-04-27,6.97,7.03,6.90,6.93,1326966,25166980.00
2011-04-28,6.94,7.21,6.91,6.93,2215725,42466648.00
2011-04-29,6.91,6.96,6.82,6.93,1577184,29613056.00
2011-05-03,6.93,7.10,6.93,7.07,1355127,25941160.00
2011-05-04,7.03,7.08,6.84,6.85,1929088,36437640.00
2011-05-05,6.87,6.96,6.87,6.92,1156650,21780758.00
2011-05-06,6.91,6.97,6.85,6.93,1149400,21655996.00
2011-05-09,6.93,7.00,6.93,6.95,1434996,27270258.00
2011-05-10,6.97,6.97,6.90,6.95,948367,17902100.00
2011-05-11,6.96,6.98,6.92,6.96,1254167,23799092.00
2011-05-13,6.87,6.93,6.82,6.93,1081079,20235084.00
2011-05-16,6.91,6.93,6.83,6.86,795975,14934672.00
2011-05-17,6.88,6.88,6.71,6.83,1196385,22198084.00
2011-05-18,6.83,6.84,6.79,6.83,844662,15702321.00
2011-05-19,6.83,6.89,6.77,6.81,705471,13141797.00
2011-05-20,6.79,6.84,6.78,6.79,640137,11863515.00
2011-05-23,6.75,6.78,6.26,6.29,2680661,47535520.00
2011-05-24,6.30,6.36,6.11,6.25,1413559,23988412.00
2011-05-25,6.22,6.24,6.07,6.17,1396817,23412594.00
2011-05-26,6.17,6.18,6.07,6.07,1096533,18337096.00
2011-05-27,6.11,6.11,5.84,5.92,1458547,23699108.00
2011-05-30,5.88,5.96,5.84,5.86,879973,14210016.00
2011-05-31,5.86,5.98,5.86,5.98,859235,13944010.00
2011-06-01,6.01,6.10,5.97,6.09,1164368,19249476.00
2011-06-02,6.02,6.09,5.91,5.97,938165,15381632.00
2011-06-03,6.03,6.09,5.93,6.08,744290,12291732.00
2011-06-07,6.08,6.16,6.08,6.14,1038180,17363824.00
2011-06-08,6.18,6.48,6.02,6.26,1270264,16642150.00
2011-06-09,6.18,6.27,6.00,6.01,1256261,16103122.00
2011-06-10,5.95,6.28,5.95,6.23,3122789,40238160.00
2011-06-13,6.20,6.87,6.13,6.70,10159353,141853280.00
2011-06-14,6.58,6.77,6.52,6.71,6006806,83015296.00
2011-06-15,6.60,6.70,6.44,6.45,3319947,45378736.00
2011-06-16,6.43,6.67,6.37,6.46,4257555,58144348.00
2011-06-17,6.40,6.52,6.26,6.37,2799939,37326652.00
2011-06-20,6.37,6.42,6.24,6.40,2016070,26568510.00
2011-06-21,6.43,6.57,6.37,6.56,2732957,36857104.00
2011-06-22,6.58,6.65,6.47,6.49,1992031,27097168.00
2011-06-23,6.48,6.58,6.34,6.56,2332893,31543672.00
2011-06-24,6.55,6.92,6.48,6.82,8092030,114525400.00
2011-06-27,6.82,7.18,6.82,7.05,10084044,147225104.00
2011-06-28,7.00,7.07,6.88,6.98,5478182,79267544.00
2011-06-29,6.98,7.03,6.85,6.90,3710575,53519648.00
2011-06-30,6.86,6.99,6.86,6.95,3250142,46861548.00
2011-07-01,6.96,6.97,6.82,6.84,4373046,62596028.00
2011-07-04,6.92,7.04,6.87,7.00,3977106,57690232.00
2011-07-05,7.00,7.17,6.96,7.06,5614550,82632456.00
2011-07-06,7.00,7.00,6.89,6.98,2936088,42415192.00
2011-07-07,6.94,7.23,6.93,7.11,7869125,116657880.00
2011-07-08,7.08,7.32,7.07,7.30,7569769,113862184.00
2011-07-11,7.23,7.48,7.19,7.42,6850615,104647592.00
2011-07-12,7.35,7.51,7.25,7.25,6376761,97656888.00
2011-07-13,7.30,7.46,7.16,7.42,6709807,102286656.00
2011-07-14,7.40,7.68,7.40,7.41,6169628,96462024.00
2011-07-15,7.41,7.49,7.27,7.32,4650384,71193520.00
2011-07-18,7.28,7.48,7.28,7.34,3843387,59060568.00
2011-07-19,7.34,7.34,7.08,7.21,3614963,54015808.00
2011-07-20,7.27,7.32,7.14,7.21,2088332,31424640.00
2011-07-21,7.21,7.21,7.02,7.03,2574911,37942932.00
2011-07-22,7.04,7.11,7.02,7.03,1447794,21251696.00
2011-07-25,7.02,7.26,6.83,6.85,3357549,49388732.00
2011-07-26,6.83,6.97,6.66,6.93,2432454,34468472.00
2011-07-27,6.98,7.18,6.81,7.09,3183718,46763924.00
2011-07-28,7.03,7.14,6.87,6.93,2508876,36486744.00
2011-07-29,6.93,6.94,6.58,6.66,3081790,43176616.00
2011-08-01,6.67,6.76,6.67,6.68,1065609,14876539.00
2011-08-02,6.68,6.70,6.34,6.51,1475802,19983350.00
2011-08-03,6.48,6.81,6.38,6.75,2106449,28896476.00
2011-08-04,6.76,6.83,6.71,6.72,1425019,20062988.00
2011-08-05,6.53,6.82,6.39,6.69,1764072,24420592.00
2011-08-08,6.44,6.56,6.04,6.17,2302859,30266324.00
2011-08-09,6.00,6.39,5.87,6.21,2358254,30228008.00
2011-08-10,6.36,6.43,6.17,6.20,2795744,36670744.00
2011-08-11,6.02,6.26,6.00,6.25,1389001,17923820.00
2011-08-12,6.34,6.41,6.29,6.35,2116919,28000238.00
2011-08-15,6.40,6.49,6.34,6.48,1909723,25527448.00
2011-08-16,6.41,6.41,6.24,6.28,3079738,40562936.00
2011-08-17,6.23,6.29,6.17,6.17,1393410,18054774.00
2011-08-18,6.16,6.21,6.00,6.01,1593746,20208660.00
2011-08-19,5.94,5.96,5.84,5.91,1941118,23816444.00
2011-08-22,5.91,5.99,5.87,5.90,1017981,12573610.00
2011-08-23,5.98,6.00,5.89,5.99,1153234,14313229.00
2011-08-24,6.00,6.13,5.98,6.00,1554004,19619644.00
2011-08-25,6.00,6.15,5.98,6.13,2026847,25736978.00
2011-08-26,6.13,6.20,6.09,6.16,1487482,19053464.00
2011-08-29,6.14,6.19,6.09,6.13,1142661,14610054.00
2011-08-30,6.17,6.22,6.04,6.05,1353589,17348614.00
2011-08-31,6.07,6.10,5.92,5.96,1069137,13326046.00
2011-09-01,5.95,6.13,5.93,6.12,2554084,32242562.00
2011-09-02,6.14,6.29,5.95,6.20,2844995,36385032.00
2011-09-05,6.08,6.23,5.87,5.89,2969041,37481440.00
2011-09-06,5.78,5.86,5.69,5.85,1823162,21975492.00
2011-09-07,5.86,5.97,5.84,5.96,1276100,15710018.00
2011-09-08,5.95,5.97,5.80,5.80,1462018,17881320.00
2011-09-09,5.86,5.86,5.74,5.82,728309,8817456.00
2011-09-13,5.70,5.72,5.64,5.69,664820,7873652.00
2011-09-14,5.67,5.77,5.65,5.76,663801,7907569.00
2011-09-15,5.79,5.79,5.73,5.73,558924,6714995.00
2011-09-16,5.75,5.79,5.71,5.71,669280,8019351.00
2011-09-19,5.73,5.77,5.56,5.61,1171430,13876618.00
2011-09-20,5.60,5.84,5.52,5.73,1595314,18902856.00
2011-09-21,5.75,5.95,5.64,5.88,2193144,26730268.00
2011-09-22,5.81,5.87,5.66,5.66,1139587,13736887.00
2011-09-23,5.61,5.68,5.56,5.67,964245,11311660.00
2011-09-26,5.67,5.78,5.57,5.63,676547,7959761.00
2011-09-27,5.63,5.67,5.58,5.61,601700,7058501.00
2011-09-28,5.71,5.80,5.57,5.59,946238,11183750.00
2011-09-29,5.57,5.59,5.39,5.40,992656,11360828.00
2011-09-30,5.41,5.47,5.34,5.37,541271,6094910.00
2011-10-10,5.39,5.41,5.33,5.34,454190,5082976.00
2011-10-11,5.43,5.52,5.33,5.42,810777,9173173.00
2011-10-12,5.39,5.89,5.31,5.84,6737903,80916672.00
2011-10-13,5.80,6.18,5.76,6.17,8648242,107560160.00
2011-10-14,6.06,6.23,6.00,6.11,12580521,159426352.00
2011-10-17,6.00,6.17,5.93,6.02,8152112,101966976.00
2011-10-18,5.99,6.09,5.82,5.93,5530472,68554960.00
2011-10-19,5.93,6.00,5.81,5.94,3303055,40838884.00
2011-10-20,5.86,5.90,5.60,5.68,2959274,35576156.00
2011-10-21,5.69,5.77,5.61,5.66,1776381,21076364.00
2011-10-24,5.67,6.12,5.61,6.07,6517562,80342672.00
2011-10-25,5.99,6.18,5.95,6.12,7519102,95327648.00
2011-10-26,6.02,6.14,5.96,6.09,7418391,93883336.00
2011-10-27,6.09,6.29,6.03,6.12,7157233,91965616.00
2011-10-28,6.20,6.32,6.13,6.26,7180068,93145344.00
2011-10-31,6.26,6.28,6.12,6.18,4581921,59040672.00
2011-11-01,6.09,6.33,6.05,6.28,5280890,68640560.00
2011-11-02,6.15,6.41,6.10,6.40,5809221,75883664.00
2011-11-03,6.39,6.50,6.29,6.29,6797198,90427952.00
2011-11-04,6.35,6.48,6.22,6.33,4826948,63664772.00
2011-11-07,6.28,6.33,6.16,6.18,3536685,45901920.00
2011-11-08,6.18,6.30,6.17,6.20,2675361,34666544.00
2011-11-09,6.21,6.43,6.20,6.33,3463959,45380028.00
2011-11-10,6.24,6.24,6.08,6.09,3274385,42120368.00
2011-11-11,6.14,6.31,6.08,6.18,2916077,37558256.00
2011-11-14,6.26,6.33,6.20,6.29,2349346,30781564.00
2011-11-15,6.29,6.43,6.27,6.33,3457484,45743652.00
2011-11-16,6.34,6.36,6.10,6.13,3169457,40963216.00
2011-11-17,6.13,6.18,6.06,6.08,1580880,20165806.00
2011-11-18,6.06,6.09,5.75,5.87,2401383,29581576.00
2011-11-21,5.87,5.87,5.63,5.72,2281110,27201352.00
2011-11-22,5.67,5.71,5.60,5.70,1501139,17738500.00
2011-11-23,5.71,5.90,5.63,5.83,3383345,41037956.00
2011-11-24,5.72,5.91,5.72,5.84,2090898,25425828.00
2011-11-25,5.78,5.92,5.78,5.81,1581404,19372538.00
2011-11-28,5.86,5.90,5.79,5.85,1872449,22856182.00
2011-11-29,5.90,6.20,5.90,6.10,3865637,48572488.00
2011-11-30,6.01,6.06,5.83,5.98,5804125,71909512.00
2011-12-01,6.09,6.45,6.00,6.29,12176632,158260400.00
2011-12-02,6.28,6.42,6.11,6.35,12657586,166243744.00
2011-12-05,6.38,6.46,6.20,6.35,11217421,147960160.00
2011-12-06,6.42,6.48,6.10,6.35,14094174,184082384.00
2011-12-07,6.33,6.42,6.18,6.28,11880199,155760480.00
2011-12-08,6.34,6.39,6.06,6.28,14367683,187278672.00
2011-12-09,6.31,6.36,6.12,6.31,14299954,186387392.00
2011-12-12,6.38,6.53,6.20,6.30,18149789,239390560.00
2011-12-13,6.24,6.24,5.70,5.84,11494700,143428400.00
2011-12-14,5.75,5.85,5.41,5.82,11335879,131992696.00
2011-12-15,5.66,5.88,5.60,5.79,11262903,136231664.00
2011-12-16,5.80,5.88,5.73,5.84,11481490,138856832.00
2011-12-19,5.85,5.87,5.63,5.84,9201802,111170664.00
2011-12-20,5.89,5.89,5.78,5.84,6396683,77866640.00
2011-12-21,5.92,5.92,5.71,5.77,5772535,69650968.00
2011-12-22,5.61,5.85,5.52,5.63,9030434,106225800.00
2011-12-23,5.68,5.72,5.06,5.06,12886907,144634368.00
2011-12-26,4.78,4.78,4.54,4.54,9064144,86549984.00
2011-12-27,4.10,4.39,4.08,4.15,10428213,91849592.00
2011-12-28,4.11,4.28,3.82,4.15,14112844,118021488.00
2011-12-29,4.11,4.19,4.01,4.11,14438269,124558384.00
2011-12-30,4.18,4.24,3.97,4.00,14434666,122444224.00
2012-01-04,4.01,4.03,3.65,3.66,9416859,76691608.00
2012-01-05,3.60,3.60,3.33,3.35,9152357,66550808.00
2012-01-06,3.31,3.40,3.26,3.39,6027727,42383988.00
2012-01-09,3.38,3.55,3.33,3.53,8262009,60405712.00
2012-01-10,3.51,3.71,3.49,3.67,9803799,74879360.00
2012-01-11,3.65,3.74,3.60,3.66,7190605,55665592.00
2012-01-12,3.64,3.80,3.62,3.70,7322104,57352480.00
2012-01-13,3.70,3.73,3.41,3.44,7660811,56870504.00
2012-01-16,3.38,3.42,3.28,3.28,4203844,29817300.00
2012-01-17,3.28,3.53,3.28,3.52,6489356,47000680.00
2012-01-18,3.52,3.60,3.44,3.47,6155248,45724388.00
2012-01-19,3.47,3.51,3.41,3.47,3551304,26022032.00
2012-01-20,3.47,3.53,3.46,3.51,3057806,22603980.00
2012-01-30,3.52,3.60,3.49,3.54,4282933,32052764.00
2012-01-31,3.52,3.55,3.47,3.52,2556883,18938472.00
2012-02-01,3.52,3.55,3.48,3.49,2538187,18804902.00
2012-02-02,3.48,3.55,3.46,3.55,3531899,26179960.00
2012-02-03,3.54,3.68,3.53,3.65,6849596,52297404.00
2012-02-06,3.62,3.76,3.61,3.74,7752825,60544512.00
2012-02-07,3.70,3.71,3.59,3.62,5342899,40994892.00
2012-02-08,3.62,3.78,3.61,3.74,7510525,58777780.00
2012-02-09,3.70,3.83,3.69,3.80,8616493,68440752.00
2012-02-10,3.79,3.87,3.76,3.86,8931159,71476888.00
2012-02-13,3.82,3.93,3.81,3.89,9199789,74806520.00
2012-02-14,3.89,3.93,3.82,3.87,6794875,55242048.00
2012-02-15,3.84,3.98,3.81,3.98,9618675,79044400.00
2012-02-16,3.95,4.02,3.89,3.95,8527822,71003264.00
2012-02-17,3.96,3.99,3.87,3.93,5465965,45281152.00
2012-02-20,3.97,4.02,3.91,3.92,5970097,49792468.00
2012-02-21,3.91,3.94,3.82,3.93,6141878,50199612.00
2012-02-22,3.96,4.06,3.92,4.05,11573195,96868224.00
2012-02-23,4.07,4.11,4.00,4.05,8299885,70722576.00
2012-02-24,4.05,4.13,4.02,4.11,7932399,67929320.00
2012-02-27,4.12,4.22,4.11,4.11,9475585,82871232.00
2012-02-28,4.05,4.13,4.01,4.09,6665300,57120632.00
2012-02-29,4.08,4.16,4.05,4.05,5259506,45243656.00
2012-03-01,4.03,4.13,4.02,4.10,4945956,42345516.00
2012-03-02,4.11,4.24,4.09,4.23,9467389,82865392.00
2012-03-05,4.27,4.37,4.19,4.23,11145547,100057408.00
2012-03-06,4.18,4.21,4.11,4.13,6029555,52480216.00
2012-03-07,4.06,4.31,4.05,4.19,9827293,86791552.00
2012-03-08,4.18,4.25,4.15,4.21,5809392,51186568.00
2012-03-09,4.22,4.30,4.22,4.27,6247056,55949084.00
2012-03-12,4.32,4.44,4.26,4.43,10896300,99180696.00
2012-03-13,4.46,4.47,4.37,4.42,9046480,83756856.00
2012-03-14,4.47,4.47,4.00,4.12,10851304,97812408.00
2012-03-15,4.10,4.16,3.90,3.96,7640130,64325752.00
2012-03-16,3.96,4.03,3.90,4.02,5760999,48217112.00
2012-03-19,4.00,4.09,3.96,4.08,4217303,35674024.00
2012-03-20,4.07,4.07,3.91,3.93,4499231,37649616.00
2012-03-21,3.94,3.99,3.90,3.98,3835309,31811946.00
2012-03-22,4.00,4.06,3.98,4.00,4457228,37700460.00
2012-03-23,3.97,4.00,3.86,3.88,3946178,32403184.00
2012-03-26,3.88,3.91,3.81,3.86,2431220,19712760.00
2012-03-27,3.86,3.92,3.82,3.84,1864499,15175944.00
2012-03-28,3.84,3.84,3.59,3.59,3649965,28353852.00
2012-03-29,3.59,3.60,3.43,3.46,2677453,19866828.00
2012-03-30,3.49,3.52,3.43,3.46,2194437,16047976.00
2012-04-05,3.46,3.67,3.46,3.64,2973845,22412048.00
2012-04-06,3.64,3.68,3.61,3.67,2363115,18149684.00
2012-04-09,3.64,3.67,3.57,3.59,1606930,12260347.00
2012-04-10,3.56,3.62,3.47,3.61,2296571,17243428.00
2012-04-11,3.58,3.67,3.51,3.64,2783020,21284624.00
2012-04-12,3.66,3.73,3.62,3.72,3738499,29085640.00
2012-04-13,3.72,3.80,3.70,3.77,3664369,28960108.00
2012-04-16,3.74,3.82,3.70,3.78,2634202,20817456.00
2012-04-17,3.82,3.82,3.71,3.73,2290860,18134816.00
2012-04-18,3.73,3.86,3.73,3.84,3936648,31520980.00
2012-04-19,3.82,3.90,3.82,3.89,5108063,41586472.00
2012-04-20,3.88,3.92,3.84,3.91,3767582,30810052.00
2012-04-23,3.92,4.13,3.90,4.06,10642200,89492384.00
2012-04-24,4.04,4.04,3.65,3.83,8959343,72850272.00
2012-04-25,3.78,3.81,3.71,3.79,5756517,45607312.00
2012-04-26,3.80,3.85,3.76,3.83,5409523,43356520.00
2012-04-27,3.81,3.82,3.70,3.73,3514762,27804284.00
2012-05-02,3.78,3.83,3.75,3.80,3849307,30769692.00
2012-05-03,3.78,3.83,3.78,3.80,2679647,21438676.00
2012-05-04,3.80,3.84,3.79,3.83,3280670,26334294.00
2012-05-07,3.81,3.83,3.71,3.79,4325055,34289056.00
2012-05-08,3.80,3.97,3.78,3.93,9401045,76883760.00
2012-05-09,3.97,4.34,3.97,4.34,15765339,141204816.00
2012-05-10,4.78,4.78,4.49,4.78,59293370,585160832.00
2012-05-11,4.78,4.97,4.56,4.62,33234017,324606176.00
2012-05-14,4.56,4.64,4.45,4.60,27780716,263901040.00
2012-05-16,4.46,4.51,4.35,4.42,16467957,152376128.00
2012-05-17,4.38,4.47,4.34,4.46,14340638,132625808.00
2012-05-18,4.40,4.45,4.11,4.19,18431439,164941712.00
2012-05-21,4.24,4.36,4.09,4.24,14023164,124074856.00
2012-05-22,4.22,4.47,4.20,4.40,17478146,159580864.00
2012-05-23,4.37,4.39,4.20,4.37,11344067,102781016.00
2012-05-24,4.32,4.81,4.31,4.57,32130972,309340704.00
2012-05-25,4.49,4.49,4.24,4.28,19590222,179066080.00
2012-05-28,4.19,4.26,4.02,4.22,13037842,113072120.00
2012-05-29,4.21,4.33,4.16,4.30,12293134,110370024.00
2012-05-30,4.29,4.33,4.22,4.30,9229736,82755656.00
2012-05-31,4.24,4.30,4.17,4.20,7632382,67766080.00
2012-06-01,4.20,4.37,4.19,4.27,9171720,82718224.00
2012-06-04,4.14,4.21,3.97,3.98,9208812,79313960.00
2012-06-05,3.99,4.04,3.84,3.87,8342617,68591520.00
2012-06-06,3.85,3.99,3.84,3.91,6495220,53458684.00
2012-06-07,3.97,3.98,3.76,3.78,7041054,56958528.00
2012-06-08,3.80,3.84,3.77,3.80,5064340,40534948.00
2012-06-11,3.80,3.89,3.79,3.88,4251293,34461116.00
2012-06-12,3.87,3.96,3.80,3.89,5345818,43748700.00
2012-06-13,3.90,3.94,3.86,3.93,4435315,36014308.00
2012-06-14,3.93,3.97,3.89,3.91,4091377,33442504.00
2012-06-15,3.92,3.95,3.84,3.94,4278720,34734736.00
2012-06-18,3.94,4.00,3.92,3.97,4068564,33496876.00
2012-06-19,3.97,3.97,3.88,3.91,3835677,31144484.00
2012-06-20,3.93,3.93,3.84,3.87,3596969,28980288.00
2012-06-21,3.86,3.86,3.73,3.74,4535653,35502388.00
2012-06-25,3.74,3.81,3.63,3.65,4430947,34525972.00
2012-06-26,3.60,3.79,3.57,3.76,5065710,38789128.00
2012-06-27,3.80,4.02,3.80,3.83,11581467,94410752.00
2012-06-28,3.88,3.91,3.68,3.69,6277717,49819592.00
2012-06-29,3.65,3.77,3.60,3.76,4713716,36119152.00
2012-07-02,3.79,3.83,3.71,3.75,4819481,37651220.00
2012-07-03,3.83,4.13,3.81,4.13,9894334,83470568.00
2012-07-04,4.33,4.39,4.15,4.23,28877789,255394560.00
2012-07-05,4.17,4.39,4.10,4.20,19896944,176119680.00
2012-07-06,4.21,4.28,4.02,4.27,15554210,133626960.00
2012-07-09,4.17,4.35,4.08,4.13,12563657,110434672.00
2012-07-10,4.06,4.13,3.94,4.01,9058135,75482200.00
2012-07-11,4.00,4.10,3.92,4.10,8186187,68448168.00
2012-07-12,4.07,4.16,3.97,4.11,9362656,79170656.00
2012-07-13,4.07,4.21,4.04,4.08,9560206,81860016.00
2012-07-16,4.07,4.07,3.67,3.67,15122171,117489272.00
2012-07-17,3.47,3.65,3.47,3.60,6801916,50458372.00
2012-07-18,3.55,3.74,3.54,3.70,7810101,59461420.00
2012-07-19,3.66,3.74,3.60,3.68,7148523,54834036.00
2012-07-20,3.66,3.74,3.60,3.61,4849644,37130888.00
2012-07-23,3.57,3.59,3.46,3.54,4470137,32836048.00
2012-07-24,3.54,3.62,3.51,3.60,3682433,27472496.00
2012-07-25,3.57,3.97,3.55,3.97,17559476,140258720.00
2012-07-26,3.93,3.98,3.80,3.81,13123705,105813296.00
2012-07-27,3.82,3.87,3.70,3.76,7669256,60353148.00
2012-07-30,3.74,4.03,3.73,3.93,13915392,112922792.00
2012-07-31,3.88,3.90,3.71,3.76,7719533,60690568.00
2012-08-01,3.75,3.90,3.74,3.81,6774745,53804612.00
2012-08-02,3.80,3.88,3.65,3.72,5856310,45876264.00
2012-08-03,3.71,3.87,3.71,3.86,7427725,58659192.00
2012-08-06,3.84,3.97,3.80,3.94,9199324,74441864.00
2012-08-07,3.93,4.03,3.90,4.00,10120208,83521480.00
2012-08-08,4.01,4.01,3.88,3.93,7471471,61042448.00
2012-08-09,3.96,4.23,3.94,4.04,13237581,111992808.00
2012-08-10,3.97,4.04,3.94,3.97,6851892,56650612.00
2012-08-13,3.99,4.05,3.95,3.99,7948312,66011916.00
2012-08-14,4.00,4.00,3.81,3.97,7538397,61233192.00
2012-08-15,3.95,4.14,3.94,3.97,10088033,84774584.00
2012-08-16,3.96,4.17,3.87,4.06,13929399,117721032.00
2012-08-17,4.00,4.05,3.93,4.00,7581198,62666296.00
2012-08-20,3.92,3.98,3.85,3.94,6432357,52181540.00
2012-08-21,3.92,4.10,3.91,4.06,9737612,81270360.00
2012-08-22,4.04,4.15,4.00,4.06,9819829,82929096.00
2012-08-23,4.06,4.10,4.00,4.05,6054905,50899216.00
2012-08-24,4.04,4.13,3.90,3.90,6942393,58016048.00
2012-08-27,3.85,3.85,3.68,3.68,6544964,51087380.00
2012-08-28,3.64,3.77,3.64,3.73,3225834,24946344.00
2012-08-29,3.74,3.83,3.71,3.72,4215694,33044620.00
2012-08-30,3.69,3.74,3.57,3.67,4851641,36876824.00
2012-08-31,3.67,3.71,3.60,3.68,2687555,20493328.00
2012-09-03,3.67,3.77,3.67,3.76,3465733,26896860.00
2012-09-04,3.76,3.82,3.68,3.70,4332913,33857084.00
2012-09-05,3.67,3.77,3.65,3.76,3883474,30069304.00
2012-09-06,3.76,3.80,3.73,3.80,3805574,29872860.00
2012-09-07,3.82,3.99,3.78,3.93,8536842,69045424.00
2012-09-10,3.94,4.03,3.91,3.95,6905233,57020512.00
2012-09-11,4.35,4.35,4.19,4.35,34227485,306453376.00
2012-09-12,4.56,4.67,4.21,4.42,39493354,361316960.00
2012-09-13,4.31,4.87,4.24,4.87,54184604,523630240.00
2012-09-14,4.87,5.10,4.39,4.60,45525888,437600736.00
2012-09-17,4.51,4.73,4.40,4.42,32107920,302924768.00
2012-09-18,4.39,4.41,4.25,4.33,18501556,165802000.00
2012-09-19,4.33,4.40,4.24,4.30,14606759,130584792.00
2012-09-20,4.27,4.73,4.25,4.38,34506015,322726752.00
2012-09-21,4.19,4.21,3.94,3.96,25206526,209993584.00
2012-09-24,3.95,4.06,3.92,3.97,12533616,103989272.00
2012-09-25,3.95,4.14,3.85,4.01,16712968,139006320.00
2012-09-26,3.93,3.99,3.75,3.76,13601867,108850896.00
2012-09-27,3.72,3.87,3.71,3.83,11044038,87145696.00
2012-09-28,3.80,3.90,3.77,3.89,9108846,72958864.00
2012-10-08,3.84,4.00,3.84,3.99,10844905,88455272.00
2012-10-09,3.95,4.04,3.93,4.02,12078417,100439456.00
2012-10-10,4.00,4.09,3.97,4.05,11514957,96631312.00
2012-10-11,4.06,4.06,3.87,3.88,12163298,99633776.00
2012-10-12,3.88,3.94,3.79,3.85,7030969,56317376.00
2012-10-15,3.83,3.88,3.76,3.82,4968100,39390936.00
2012-10-16,3.82,3.95,3.80,3.94,9302498,75509520.00
2012-10-17,4.00,4.07,3.94,4.00,12725645,105974504.00
2012-10-18,3.95,4.03,3.95,4.01,8915001,73998576.00
2012-10-19,4.09,4.12,3.99,4.00,8374669,70332560.00
2012-10-22,3.95,3.96,3.86,3.95,6972458,56635908.00
2012-10-23,3.93,3.96,3.89,3.91,5383313,43829424.00
2012-10-24,3.87,3.90,3.84,3.87,4124637,33201944.00
2012-10-25,3.88,3.93,3.86,3.90,4336293,35104176.00
2012-10-26,3.91,3.92,3.74,3.75,5877531,46532564.00
2012-10-29,3.75,3.77,3.68,3.71,3302236,25545616.00
2012-10-30,3.73,3.78,3.68,3.74,3007581,23275694.00
2012-10-31,3.75,3.78,3.71,3.75,2754770,21456488.00
2012-11-01,3.75,3.83,3.74,3.81,4217828,33336758.00
2012-11-02,3.82,3.88,3.79,3.82,3527633,28066656.00
2012-11-05,3.81,3.89,3.78,3.83,4551684,36275660.00
2012-11-06,3.84,3.87,3.70,3.77,4181413,32610916.00
2012-11-07,3.80,3.82,3.74,3.79,2972576,23352066.00
2012-11-08,3.73,3.75,3.66,3.68,3707499,28631866.00
2012-11-09,3.68,3.73,3.66,3.70,2304988,17682884.00
2012-11-12,3.69,3.83,3.65,3.74,3673032,28559076.00
2012-11-13,3.74,3.76,3.56,3.57,4415691,33424196.00
2012-11-14,3.58,3.60,3.54,3.58,2379534,17644080.00
2012-11-15,3.56,3.56,3.47,3.48,2691776,19709642.00
2012-11-16,3.45,3.48,3.40,3.43,2948935,21059894.00
2012-11-19,3.43,3.48,3.37,3.47,2893489,20630866.00
2012-11-20,3.46,3.54,3.45,3.51,3732012,27049066.00
2012-11-21,3.51,3.56,3.44,3.55,3641326,26524634.00
2012-11-22,3.53,3.53,3.45,3.45,2705360,19600184.00
2012-11-23,3.44,3.50,3.44,3.45,2149167,15518774.00
2012-11-26,3.47,3.54,3.45,3.46,3968415,28910652.00
2012-11-27,3.45,3.45,3.21,3.22,4559469,31562498.00
2012-11-28,3.21,3.24,3.14,3.14,2956841,19556700.00
2012-11-29,3.15,3.19,3.03,3.04,2436494,15835045.00
2012-11-30,3.04,3.09,3.02,3.07,2144034,13722594.00
2012-12-03,3.07,3.10,2.89,2.90,2522918,15842620.00
2012-12-04,2.90,3.01,2.88,3.00,3320652,20441804.00
2012-12-05,2.97,3.15,2.96,3.11,4740396,30498536.00
2012-12-06,3.11,3.26,3.09,3.14,4942687,32672484.00
2012-12-07,3.09,3.22,3.09,3.20,5556115,36707984.00
2012-12-10,3.20,3.27,3.18,3.26,5980170,40297272.00
2012-12-11,3.25,3.43,3.20,3.31,10383349,72195520.00
2012-12-12,3.27,3.30,3.19,3.25,5968461,40350720.00
2012-12-13,3.24,3.25,3.14,3.15,3901872,25909850.00
2012-12-14,3.16,3.37,3.16,3.36,9670350,66249448.00
2012-12-17,3.34,3.46,3.32,3.40,9267492,65384312.00
2012-12-18,3.38,3.42,3.31,3.34,7048749,49359536.00
2012-12-19,3.33,3.43,3.30,3.37,5724577,40280792.00
2012-12-20,3.34,3.40,3.31,3.36,3997016,27906604.00
2012-12-21,3.36,3.42,3.31,3.33,5021153,35029480.00
2012-12-24,3.32,3.38,3.31,3.35,3940055,27412262.00
2012-12-25,3.36,3.45,3.33,3.44,10794175,76364384.00
2012-12-26,3.45,3.52,3.42,3.51,10140188,73350656.00
2012-12-27,3.51,3.54,3.42,3.43,9702213,70229512.00
2012-12-28,3.41,3.59,3.40,3.53,11356867,82699512.00
2012-12-31,3.53,3.65,3.49,3.58,12811342,95306520.00
2013-01-04,3.58,3.60,3.45,3.50,7097068,52002904.00
2013-01-07,3.48,3.59,3.45,3.55,6274874,46091208.00
2013-01-08,3.54,3.64,3.50,3.60,9996687,74833104.00
2013-01-09,3.57,3.65,3.54,3.61,9419092,70635928.00
2013-01-10,3.62,3.72,3.58,3.71,13066397,99421968.00
2013-01-11,3.78,3.96,3.72,3.73,23524337,186591344.00
2013-01-14,3.69,4.04,3.60,3.99,25094915,203621312.00
2013-01-15,3.98,4.33,3.92,4.01,27218171,230954608.00
2013-01-16,4.04,4.33,3.94,4.31,27724758,238080752.00
2013-01-17,4.22,4.28,3.95,3.99,20002501,170615488.00
2013-01-18,3.97,4.23,3.97,4.05,14747674,125404336.00
2013-01-21,4.03,4.09,3.96,4.00,10755716,89328176.00
2013-01-22,4.00,4.09,3.93,3.99,10392205,86496488.00
2013-01-23,3.97,4.09,3.95,4.04,11485999,96082000.00
2013-01-24,4.04,4.19,3.97,4.13,22850399,194904064.00
2013-01-25,4.05,4.08,3.88,3.88,11503102,94560976.00
2013-01-28,3.91,4.07,3.90,4.00,9092857,75517008.00
2013-01-29,4.00,4.09,3.92,3.99,11740580,97326544.00
2013-01-30,3.96,4.08,3.92,4.05,12488064,104323736.00
2013-01-31,4.01,4.03,3.93,3.96,8150909,67080724.00
2013-02-01,3.94,4.07,3.89,3.98,8216178,68277200.00
2013-02-04,4.02,4.11,3.95,4.08,13944937,117111648.00
2013-02-05,4.05,4.14,4.00,4.08,11235482,94804736.00
2013-02-06,4.08,4.14,4.03,4.04,8748982,74009560.00
2013-02-07,4.06,4.06,3.95,3.98,7423099,61673132.00
2013-02-08,3.97,4.02,3.96,4.00,4681755,38829008.00
2013-02-18,4.01,4.07,3.98,4.04,6405799,53678108.00
2013-02-19,4.05,4.07,3.94,3.96,6189721,51350528.00
2013-02-20,3.94,3.99,3.92,3.99,4470382,36816328.00
2013-02-21,3.95,3.96,3.79,3.80,7936217,63793700.00
2013-02-22,3.80,4.01,3.79,3.87,9449964,76992104.00
2013-02-25,3.86,3.89,3.82,3.86,4180856,33486112.00
2013-02-26,3.83,3.92,3.80,3.82,5180901,41551344.00
2013-02-27,3.82,3.89,3.81,3.89,4744961,38077988.00
2013-02-28,3.87,3.96,3.87,3.95,7342643,59939360.00
2013-03-01,3.95,3.98,3.91,3.96,5917707,48483680.00
2013-03-04,3.95,3.95,3.80,3.83,6936625,55465772.00
2013-03-05,3.84,3.88,3.81,3.87,4146423,33175550.00
2013-03-06,3.87,3.93,3.87,3.92,5118549,41541964.00
2013-03-07,3.90,4.02,3.89,3.94,8845183,72704376.00
2013-03-08,3.95,3.98,3.88,3.89,4455636,36374696.00
2013-03-11,3.89,4.13,3.89,4.08,17892264,150596736.00
2013-03-12,4.07,4.09,3.90,4.01,11170580,92826368.00
2013-03-13,4.00,4.03,3.86,3.89,6342704,51707848.00
2013-03-14,3.88,3.93,3.84,3.86,4217351,34020728.00
2013-03-15,3.84,3.91,3.78,3.81,5456843,43517872.00
2013-03-18,3.80,3.83,3.69,3.70,4483445,35118168.00
2013-03-19,3.68,3.72,3.56,3.65,4862991,36810292.00
2013-03-20,3.67,3.85,3.64,3.78,4658404,36247360.00
2013-03-21,3.78,3.81,3.74,3.78,5090999,39986236.00
2013-03-22,3.74,3.78,3.73,3.77,2788145,21771090.00
2013-03-25,3.77,3.81,3.74,3.77,3177216,24860592.00
2013-03-26,3.76,3.77,3.61,3.67,4331398,32986100.00
2013-03-27,3.67,3.73,3.64,3.67,3168906,24255996.00
2013-03-28,3.65,3.66,3.48,3.48,4561325,33699680.00
2013-03-29,3.50,3.53,3.44,3.46,2708628,19666308.00
2013-04-01,3.44,3.50,3.44,3.46,2125396,15366065.00
2013-04-02,3.47,3.50,3.39,3.41,2803459,20055720.00
2013-04-03,3.42,3.52,3.41,3.48,3100409,22383488.00
2013-04-08,3.41,3.53,3.34,3.52,3314498,23859016.00
2013-04-09,3.52,3.54,3.49,3.51,2323342,16967474.00
2013-04-10,3.51,3.59,3.47,3.56,3498760,25771528.00
2013-04-11,3.54,3.56,3.46,3.47,2460229,18013436.00
2013-04-12,3.47,3.52,3.42,3.43,1798707,12963989.00
2013-04-15,3.41,3.41,3.30,3.32,2884152,20101504.00
2013-04-16,3.28,3.36,3.26,3.35,2053262,14131554.00
2013-04-17,3.35,3.39,3.32,3.36,1678294,11716572.00
2013-04-18,3.35,3.38,3.29,3.34,1649119,11466763.00
2013-04-19,3.32,3.42,3.32,3.41,2639636,18646736.00
2013-04-22,3.39,3.53,3.36,3.53,4318530,31135740.00
2013-04-23,3.51,3.51,3.38,3.40,3221503,23027106.00
2013-04-24,3.46,3.48,3.41,3.47,2201758,15831622.00
2013-04-25,3.46,3.47,3.40,3.41,2079369,14830842.00
2013-04-26,3.41,3.43,3.28,3.29,2361388,16436155.00
2013-05-02,3.29,3.32,3.27,3.29,1021311,7007430.00
2013-05-03,3.30,3.38,3.30,3.34,1374099,9597948.00
2013-05-06,3.38,3.41,3.35,3.40,1793450,12669436.00
2013-05-07,3.40,3.40,3.36,3.40,1257197,8862258.00
2013-05-08,3.40,3.46,3.40,3.43,2323368,16627774.00
2013-05-09,3.43,3.53,3.41,3.46,3346000,24098276.00
2013-05-10,3.49,3.55,3.46,3.53,4852788,35502104.00
2013-05-13,3.52,3.60,3.47,3.55,4894398,36123856.00
2013-05-14,3.55,3.55,3.44,3.46,3473331,25151604.00
2013-05-15,3.45,3.51,3.45,3.48,1956546,14164147.00
2013-05-16,3.50,3.54,3.45,3.50,3133856,22852084.00
2013-05-17,3.51,3.56,3.49,3.55,3378463,24851024.00
2013-05-20,3.62,3.77,3.58,3.70,8211789,62830576.00
2013-05-21,3.65,3.75,3.65,3.70,6199538,47785936.00
2013-05-22,3.71,3.75,3.67,3.70,5389474,41598060.00
2013-05-23,3.70,3.78,3.70,3.71,6783941,52853356.00
2013-05-24,3.72,3.74,3.64,3.70,4381406,33537660.00
2013-05-27,3.73,3.73,3.67,3.70,3581613,27484396.00
2013-05-28,3.71,3.71,3.62,3.69,3844072,29372492.00
2013-05-29,3.70,3.77,3.68,3.76,6074460,47232536.00
2013-05-30,3.74,3.76,3.65,3.70,4152808,31970088.00
2013-05-31,3.69,3.70,3.62,3.62,3225900,24586476.00
2013-06-03,3.61,3.65,3.61,3.62,2230325,16838556.00
2013-06-04,3.62,3.62,3.50,3.52,3142816,23220332.00
2013-06-05,3.52,3.58,3.48,3.52,2112950,15507976.00
2013-06-06,3.50,3.53,3.43,3.45,2060954,14896060.00
2013-06-07,3.46,3.49,3.34,3.38,2474265,17528252.00
2013-06-13,3.38,3.38,3.15,3.21,2618634,17585944.00
2013-06-14,3.21,3.24,3.19,3.23,1999956,13428768.00
2013-06-17,3.25,3.50,3.23,3.47,8492703,60845512.00
2013-06-18,3.43,3.50,3.37,3.40,4643740,32958158.00
2013-06-19,3.36,3.36,3.24,3.31,2845006,19518984.00
2013-06-20,3.31,3.47,3.27,3.33,5359303,37964800.00
2013-06-21,3.24,3.32,3.17,3.29,3418596,23154864.00
2013-06-24,3.25,3.26,3.02,3.06,3078528,20221444.00
2013-06-25,3.04,3.04,2.75,3.00,3962237,24083704.00
2013-06-26,3.03,3.03,2.91,3.00,1837633,11290857.00
2013-06-27,3.01,3.04,2.92,2.93,2515613,15529444.00
2013-06-28,2.90,2.99,2.88,2.94,1520556,9228260.00
2013-07-01,2.93,2.98,2.91,2.97,1366554,8314051.00
2013-07-02,2.97,3.02,2.97,3.01,2133076,13196581.00
2013-07-03,3.02,3.02,2.90,2.94,2421238,14731559.00
2013-07-04,2.90,3.01,2.90,2.99,2978675,18301468.00
2013-07-05,2.98,3.02,2.98,3.00,2309437,14321266.00
2013-07-08,2.96,2.97,2.84,2.86,1898778,11359714.00
2013-07-09,2.86,2.89,2.83,2.86,1494760,8835405.00
2013-07-10,2.88,2.95,2.84,2.95,1918817,11530447.00
2013-07-11,2.95,3.06,2.95,3.03,3839161,23906348.00
2013-07-12,3.01,3.05,2.97,2.98,2775948,17249232.00
2013-07-15,2.98,3.03,2.97,3.03,2221411,13807887.00
2013-07-16,3.03,3.13,2.99,3.09,4484033,28426010.00
2013-07-17,3.08,3.11,3.01,3.01,2493786,15754154.00
2013-07-18,3.01,3.01,2.95,2.98,2349916,14476717.00
2013-07-19,2.98,3.06,2.95,2.95,3010698,18656328.00
2013-07-22,2.90,2.95,2.87,2.95,2186585,13161115.00
2013-07-23,2.95,3.02,2.93,3.02,2875205,17787400.00
2013-07-24,3.01,3.02,2.95,3.01,2571178,15908501.00
2013-07-25,3.01,3.06,2.99,3.02,3162907,19797116.00
2013-07-26,3.00,3.01,2.95,2.98,2266807,13945143.00
2013-07-29,2.99,2.99,2.90,2.91,2012555,12153871.00
2013-07-30,2.91,2.94,2.85,2.92,1600050,9610343.00
2013-07-31,2.92,2.98,2.91,2.96,2179472,13270246.00
2013-08-01,3.09,3.18,3.06,3.09,7147703,45739672.00
2013-08-02,3.05,3.31,3.05,3.24,12929917,85917424.00
2013-08-05,3.24,3.46,3.15,3.36,15243999,103801504.00
2013-08-06,3.29,3.31,3.24,3.30,6651900,45077320.00
2013-08-07,3.27,3.43,3.25,3.28,8390460,57775252.00
2013-08-08,3.25,3.26,3.19,3.20,4830839,32027768.00
2013-08-09,3.20,3.23,3.17,3.21,2965449,19560166.00
2013-08-12,3.22,3.28,3.20,3.27,3750897,25115620.00
2013-08-13,3.29,3.31,3.26,3.28,3233402,21893288.00
2013-08-14,3.28,3.29,3.21,3.25,3515993,23541444.00
2013-08-15,3.24,3.27,3.19,3.19,2582461,17173978.00
2013-08-16,3.18,3.24,3.13,3.13,3205456,21035628.00
2013-08-19,3.13,3.18,3.10,3.18,1587883,10334221.00
2013-08-20,3.15,3.21,3.15,3.16,1946162,12775085.00
2013-08-21,3.15,3.25,3.14,3.24,3598843,23812824.00
2013-08-22,3.22,3.24,3.21,3.22,2253008,15004280.00
2013-08-23,3.23,3.26,3.15,3.20,2841656,18843072.00
2013-08-26,3.18,3.25,3.18,3.25,2963990,19768836.00
2013-08-27,3.24,3.37,3.23,3.33,6282138,43061012.00
2013-08-28,3.31,3.47,3.27,3.42,10014340,70092760.00
2013-08-29,3.43,3.43,3.29,3.33,5465791,37767528.00
2013-08-30,3.31,3.40,3.26,3.29,4632796,31883148.00
2013-09-02,3.34,3.38,3.26,3.32,2915403,19987048.00
2013-09-03,3.35,3.39,3.32,3.39,4492182,31211178.00
2013-09-04,3.39,3.48,3.34,3.41,5384625,37947080.00
2013-09-05,3.38,3.39,3.30,3.30,3517426,24184032.00
2013-09-06,3.27,3.46,3.27,3.44,6623216,46411024.00
2013-09-09,3.43,3.55,3.40,3.50,10228154,73672824.00
2013-09-10,3.50,3.78,3.44,3.70,17523071,130415288.00
2013-09-11,3.85,4.07,3.73,3.75,28944090,234143216.00
2013-09-12,3.63,3.71,3.59,3.65,10209812,76688720.00
2013-09-13,3.63,3.63,3.53,3.57,6453616,47578356.00
2013-09-16,3.55,3.60,3.50,3.51,5105941,37376832.00
2013-09-17,3.51,3.56,3.47,3.49,4038421,29341974.00
2013-09-18,3.48,3.51,3.46,3.49,2591471,18647076.00
2013-09-23,3.52,3.53,3.48,3.53,3775466,27324880.00
2013-09-24,3.53,3.55,3.47,3.54,3889028,28190534.00
2013-09-25,3.52,3.55,3.44,3.44,3508339,25302252.00
2013-09-26,3.43,3.45,3.36,3.37,3539514,24846468.00
2013-09-27,3.36,3.39,3.30,3.33,2835015,19542480.00
2013-09-30,3.34,3.39,3.34,3.38,1576554,10966211.00
2013-10-08,3.40,3.45,3.40,3.44,2480488,17554284.00
2013-10-09,3.43,3.46,3.41,3.45,2342145,16616810.00
2013-10-10,3.45,3.46,3.38,3.38,3264549,22978232.00
2013-10-11,3.39,3.46,3.38,3.45,2830859,20073988.00
2013-10-14,3.46,3.52,3.44,3.51,3603487,26025528.00
2013-10-15,3.49,3.50,3.43,3.46,2848485,20356300.00
2013-10-16,3.47,3.48,3.32,3.35,3031226,21190628.00
2013-10-17,3.36,3.41,3.33,3.36,1782593,12408871.00
2013-10-18,3.37,3.40,3.34,3.38,1142703,7966234.00
2013-10-21,3.39,3.43,3.35,3.42,2882639,20233616.00
2013-10-22,3.42,3.43,3.39,3.40,2123237,14934486.00
2013-10-23,3.40,3.46,3.34,3.36,2763998,19432596.00
2013-10-24,3.36,3.36,3.24,3.25,4016721,27173000.00
2013-10-25,3.25,3.26,3.09,3.16,2623650,17277942.00
2013-10-28,3.15,3.18,3.15,3.17,1199227,7844397.00
2013-10-29,3.17,3.22,3.01,3.09,2334510,15017286.00
2013-10-30,3.12,3.24,3.07,3.20,2538159,16582657.00
2013-10-31,3.19,3.20,3.13,3.17,1255625,8215347.00
2013-11-01,3.21,3.21,3.14,3.17,1293460,8473389.00
2013-11-04,3.15,3.21,3.15,3.19,1119902,7364840.00
2013-11-05,3.19,3.21,3.12,3.20,1603968,10506989.00
2013-11-06,3.19,3.28,3.17,3.19,2801552,18554230.00
2013-11-07,3.17,3.20,3.15,3.16,1547919,10122607.00
2013-11-08,3.15,3.15,3.00,3.05,1927841,12237370.00
2013-11-11,3.06,3.07,3.01,3.06,841302,5297136.00
2013-11-12,3.04,3.12,3.04,3.10,921351,5875598.00
2013-11-13,3.11,3.20,3.08,3.10,2305247,14899036.00
2013-11-14,3.08,3.24,3.00,3.19,3456859,22537390.00
2013-11-15,3.17,3.29,3.15,3.23,4702155,31476196.00
2013-11-18,3.23,3.32,3.23,3.28,3929117,26695328.00
2013-11-19,3.29,3.31,3.25,3.25,2610131,17634136.00
2013-11-20,3.25,3.41,3.23,3.35,5518324,38026744.00
2013-11-21,3.35,3.35,3.26,3.30,3673669,25018168.00
2013-11-22,3.30,3.38,3.29,3.33,3871812,26723740.00
2013-11-25,3.33,3.40,3.31,3.32,3678226,25551902.00
2013-11-26,3.33,3.40,3.26,3.38,4383296,30190702.00
2013-11-27,3.38,3.44,3.35,3.44,5656527,39708280.00
2013-11-28,3.43,3.46,3.39,3.40,5284100,37287896.00
2013-11-29,3.41,3.60,3.38,3.53,11032802,79986208.00
2013-12-02,3.42,3.48,3.26,3.31,7184253,50070156.00
2013-12-03,3.27,3.40,3.25,3.39,4101161,28480076.00
2013-12-04,3.40,3.55,3.40,3.49,7277914,52553616.00
2013-12-05,3.49,3.50,3.44,3.47,4464298,31937066.00
2013-12-06,3.46,3.51,3.44,3.46,3143348,22506032.00
2013-12-09,3.44,3.55,3.44,3.53,5242559,37850316.00
2013-12-10,3.52,3.52,3.45,3.48,3494452,25069928.00
2013-12-11,3.46,3.47,3.36,3.39,3485590,24469190.00
2013-12-12,3.35,3.40,3.35,3.36,2063459,14364247.00
2013-12-13,3.34,3.39,3.32,3.37,1918657,13301348.00
2013-12-16,3.38,3.40,3.28,3.29,2245347,15485416.00
2013-12-17,3.28,3.31,3.21,3.29,2457336,16535215.00
2013-12-18,3.29,3.31,3.25,3.27,1440226,9748182.00
2013-12-19,3.29,3.30,3.23,3.24,1307819,8819356.00
2013-12-20,3.24,3.27,3.19,3.21,1250999,8309864.00
2013-12-23,3.21,3.23,3.16,3.19,1330470,8762735.00
2013-12-24,3.20,3.25,3.18,3.22,1713845,11393673.00
2013-12-25,3.21,3.24,3.20,3.23,1175485,7818396.00
2013-12-26,3.22,3.23,3.13,3.13,1330233,8720053.00
2013-12-27,3.13,3.30,3.12,3.25,2702366,17931408.00
2013-12-30,3.24,3.27,3.20,3.25,1949892,13083845.00
2013-12-31,3.25,3.31,3.24,3.28,2359941,16027732.00
2014-01-02,3.28,3.30,3.25,3.29,1276075,8635299.00
2014-01-03,3.27,3.31,3.20,3.21,2447628,16453603.00
2014-01-06,3.20,3.23,3.10,3.10,1944163,12597401.00
2014-01-07,3.09,3.14,3.06,3.11,1204773,7728014.00
2014-01-08,3.15,3.17,3.09,3.10,1595088,10302091.00
2014-01-09,3.11,3.14,3.05,3.06,1447852,9256837.00
2014-01-10,3.07,3.08,3.01,3.04,1254105,7888637.00
2014-01-13,3.03,3.09,3.02,3.08,875336,5534782.00
2014-01-14,3.08,3.12,3.05,3.11,1077604,6890634.00
2014-01-15,3.12,3.15,3.10,3.12,1032700,6670484.00
2014-01-16,3.12,3.14,3.09,3.12,1189049,7656159.00
2014-01-17,3.12,3.12,3.04,3.05,1010058,6411565.00
2014-01-20,3.06,3.13,3.05,3.10,1132678,7234057.00
2014-01-21,3.08,3.13,3.08,3.13,1006465,6480297.00
2014-01-22,3.14,3.24,3.11,3.23,2478630,16396677.00
2014-01-23,3.20,3.22,3.19,3.20,1487759,9855160.00
2014-01-24,3.20,3.25,3.19,3.25,1447565,9661051.00
2014-01-27,3.23,3.28,3.19,3.20,1621548,10836209.00
2014-01-28,3.19,3.25,3.19,3.22,1099411,7323520.00
2014-01-29,3.09,3.18,3.06,3.09,4201242,26887300.00
2014-01-30,3.08,3.09,3.03,3.06,2109378,13335269.00
2014-02-07,3.04,3.23,3.03,3.20,3153616,20502888.00
2014-02-10,3.20,3.27,3.19,3.27,4329323,28947624.00
2014-02-11,3.25,3.27,3.20,3.26,3096564,20717232.00
2014-02-12,3.26,3.31,3.22,3.30,3612891,24446452.00
2014-02-13,3.31,3.32,3.24,3.24,2971058,20149062.00
2014-02-14,3.24,3.30,3.22,3.29,2368115,16024056.00
2014-02-17,3.31,3.37,3.30,3.36,4182203,28921896.00
2014-02-18,3.36,3.37,3.32,3.35,3015258,20805190.00
2014-02-19,3.32,3.39,3.32,3.34,2850171,19749130.00
2014-02-20,3.32,3.38,3.29,3.30,2839693,19495882.00
2014-02-21,3.30,3.34,3.26,3.29,1947747,13249722.00
2014-02-24,3.29,3.29,3.21,3.24,1684842,11292050.00
2014-02-25,3.23,3.28,3.07,3.11,2106512,13873731.00
2014-02-26,3.06,3.15,3.06,3.14,1752693,11253556.00
2014-02-27,3.19,3.34,3.14,3.21,4304455,28872526.00
2014-02-28,3.20,3.28,3.11,3.25,2551399,16861556.00
2014-03-03,3.25,3.32,3.25,3.31,3095945,21017356.00
2014-03-04,3.29,3.35,3.27,3.33,3503271,23976668.00
2014-03-05,3.32,3.36,3.28,3.34,4181937,28772346.00
2014-03-06,3.33,3.34,3.26,3.32,2589320,17636840.00
2014-03-07,3.32,3.35,3.29,3.31,2173605,14922237.00
2014-03-10,3.30,3.30,3.15,3.18,2899142,19235622.00
2014-03-11,3.15,3.20,3.15,3.17,1740195,11400000.00
2014-03-12,3.17,3.17,3.10,3.15,2071321,13401719.00
2014-03-13,3.16,3.21,3.15,3.17,1542036,10132176.00
2014-03-14,3.16,3.20,3.14,3.20,1760079,11519727.00
2014-03-17,3.19,3.26,3.19,3.24,1917994,12797772.00
2014-03-18,3.23,3.26,3.21,3.22,1715972,11476382.00
2014-03-19,3.23,3.31,3.18,3.30,2869517,19207482.00
2014-03-20,3.36,3.44,3.28,3.28,7240220,50141544.00
2014-03-21,3.23,3.32,3.18,3.32,4286451,28789920.00
2014-03-24,3.32,3.39,3.31,3.37,5737985,39675860.00
2014-03-25,3.36,3.37,3.31,3.33,2635766,18175178.00
2014-03-26,3.32,3.35,3.30,3.35,2943023,20198620.00
2014-03-27,3.35,3.38,3.29,3.29,2213661,15193896.00
2014-03-28,3.28,3.32,3.23,3.25,2214765,15036490.00
2014-03-31,3.25,3.47,3.24,3.46,7454350,51785016.00
2014-04-01,3.43,3.43,3.36,3.41,6500244,45633656.00
2014-04-02,3.41,3.45,3.37,3.42,4672456,32903688.00
2014-04-03,3.40,3.45,3.36,3.36,3913602,27485906.00
2014-04-04,3.35,3.44,3.35,3.43,4326166,30439992.00
2014-04-08,3.43,3.51,3.41,3.44,6222848,44382920.00
2014-04-09,3.44,3.47,3.40,3.42,3750327,26519468.00
2014-04-10,3.43,3.43,3.39,3.40,3999097,28154744.00
2014-04-11,3.40,3.50,3.37,3.46,6218351,44283012.00
2014-04-14,3.44,3.49,3.43,3.47,3013207,21535560.00
2014-04-15,3.49,3.49,3.39,3.40,4007099,28253252.00
2014-04-16,3.41,3.42,3.35,3.38,2446153,17056004.00
2014-04-17,3.40,3.58,3.40,3.45,6544931,47093292.00
2014-04-18,3.40,3.44,3.39,3.43,3152162,22217372.00
2014-04-21,3.40,3.46,3.35,3.35,3060453,21503532.00
2014-04-22,3.35,3.39,3.26,3.32,3153881,21550828.00
2014-04-23,3.33,3.38,3.29,3.38,2577757,17825780.00
2014-04-24,3.37,3.38,3.31,3.31,1606511,11096428.00
2014-04-25,3.31,3.37,3.30,3.31,2246264,15415949.00
2014-04-28,3.31,3.32,3.21,3.21,3461336,23357120.00
2014-04-29,3.21,3.28,3.21,3.25,1482748,9929469.00
2014-04-30,3.24,3.30,3.23,3.28,1079029,7275085.00
2014-05-05,3.29,3.33,3.25,3.32,1807024,12278623.00
2014-05-06,3.30,3.34,3.30,3.33,2330801,15981795.00
2014-05-07,3.31,3.33,3.23,3.25,1961571,13370560.00
2014-05-08,3.27,3.30,3.23,3.26,1859534,12528154.00
2014-05-09,3.26,3.40,3.23,3.39,4525325,31139992.00
2014-05-12,3.42,3.43,3.37,3.43,5308743,37404520.00
2014-05-13,3.43,3.43,3.39,3.42,3264977,22988568.00
2014-05-14,3.42,3.49,3.40,3.41,3394851,24145640.00
2014-05-15,3.41,3.58,3.37,3.45,9934254,71722688.00
2014-05-16,3.37,3.43,3.35,3.41,4956635,34665732.00
2014-05-19,3.41,3.51,3.40,3.50,7122804,50963824.00
2014-05-20,3.49,3.53,3.44,3.48,5025202,36238608.00
2014-05-21,3.47,3.52,3.41,3.51,3654549,26259704.00
2014-05-22,3.51,3.52,3.44,3.45,4437020,31808054.00
2014-05-23,3.44,3.47,3.40,3.46,3195876,22665636.00
2014-05-26,3.46,3.51,3.42,3.51,3623404,25922632.00
2014-05-27,3.50,3.55,3.48,3.51,5828827,42320652.00
2014-05-28,3.51,3.58,3.48,3.57,7073909,51725828.00
2014-05-29,3.57,3.57,3.44,3.45,5003691,36296464.00
2014-05-30,3.48,3.63,3.43,3.61,9987983,73330776.00
2014-06-03,3.62,3.91,3.60,3.76,20888678,162713536.00
2014-06-04,3.70,3.84,3.66,3.80,13592241,105590504.00
2014-06-05,3.73,3.86,3.72,3.82,11303269,88843504.00
2014-06-06,3.83,3.92,3.69,3.76,10891011,85091952.00
2014-06-09,3.71,3.81,3.69,3.74,6049849,46649664.00
2014-06-10,3.71,3.76,3.66,3.74,6488425,49740356.00
2014-06-11,3.74,3.93,3.71,3.92,14666303,116173432.00
2014-06-12,3.89,3.92,3.82,3.85,8531075,67827016.00
2014-06-13,3.83,4.01,3.81,3.96,10965041,88431600.00
2014-06-16,3.94,3.98,3.91,3.92,6706171,54466384.00
2014-06-17,3.92,3.92,3.82,3.82,6802516,53950408.00
2014-06-18,3.79,3.82,3.71,3.73,6376855,49306552.00
2014-06-19,3.73,3.78,3.49,3.58,7939337,59760464.00
2014-06-20,3.55,3.62,3.55,3.62,3728549,27677120.00
2014-06-23,3.61,3.66,3.57,3.60,3927910,29343666.00
2014-06-24,3.58,3.68,3.56,3.68,3346436,25099060.00
2014-06-25,3.66,3.67,3.60,3.63,2837763,21210364.00
2014-06-26,3.62,3.69,3.61,3.65,3560923,26935096.00
2014-06-27,3.63,3.82,3.63,3.75,5267264,40472392.00
2014-06-30,3.76,3.90,3.76,3.84,9749902,77380896.00
2014-07-01,3.85,3.86,3.76,3.80,6515176,50828884.00
2014-07-02,3.80,4.01,3.79,3.94,13163146,106407904.00
2014-07-03,3.93,3.93,3.85,3.89,7225049,57818640.00
2014-07-04,3.89,3.89,3.80,3.83,5451214,43048160.00
2014-07-07,3.80,4.00,3.80,3.94,11880441,96362000.00
2014-07-08,3.93,4.00,3.86,3.94,6708107,54220120.00
2014-07-09,3.93,4.10,3.84,3.85,15584097,128257392.00
2014-07-10,3.80,3.89,3.80,3.84,7024002,55577908.00
2014-07-11,3.84,4.05,3.80,4.02,11567082,94433296.00
2014-07-14,4.02,4.13,3.96,4.07,11276954,93930752.00
2014-07-15,4.06,4.07,3.98,4.03,6769602,56117036.00
2014-07-16,4.06,4.20,3.99,4.00,12921309,109203968.00
2014-07-17,3.98,4.09,3.94,4.07,5827772,48294568.00
2014-07-18,4.04,4.09,3.97,3.97,4764893,39575096.00
2014-07-21,3.99,4.17,3.98,4.13,9531134,80428848.00
2014-07-22,4.10,4.22,4.07,4.15,8245701,70489496.00
2014-07-23,4.14,4.19,4.04,4.14,5890694,49812944.00
2014-07-24,4.12,4.13,4.00,4.03,5348481,44650160.00
2014-07-25,4.02,4.07,3.98,4.05,3540224,29418180.00
2014-07-28,4.04,4.14,4.01,4.09,6338372,53269616.00
2014-07-29,4.15,4.26,4.13,4.21,12262370,106414216.00
2014-07-30,4.21,4.49,4.15,4.37,14242614,126775752.00
2014-07-31,4.32,4.53,4.26,4.47,12909710,117850680.00
2014-08-01,4.44,4.56,4.34,4.38,11071473,101297208.00
2014-08-04,4.38,4.60,4.37,4.58,11131735,103972928.00
2014-08-05,4.56,4.75,4.53,4.59,16776850,160937312.00
2014-08-06,4.59,4.76,4.52,4.70,9770314,93982720.00
2014-08-07,4.73,4.76,4.60,4.63,7083006,67895936.00
2014-08-08,4.64,4.66,4.50,4.56,8862759,83126872.00
2014-08-11,4.59,4.68,4.54,4.64,6202350,59163648.00
2014-08-12,4.60,4.66,4.56,4.61,4492929,42506188.00
2014-08-13,4.62,4.63,4.45,4.49,7908845,73375408.00
2014-08-14,4.50,4.57,4.43,4.52,5803811,53935360.00
2014-08-15,4.52,4.56,4.47,4.55,3707444,34567360.00
2014-08-18,4.54,4.70,4.52,4.62,5293463,50409844.00
2014-08-19,4.63,4.68,4.49,4.56,6475681,61004428.00
2014-08-20,4.64,4.64,4.52,4.55,5494420,51738704.00
2014-08-21,4.55,4.60,4.48,4.53,5773455,53714864.00
2014-08-22,4.51,4.59,4.51,4.54,7199121,67376464.00
2014-08-25,4.55,4.55,4.42,4.42,5773066,53218268.00
2014-08-26,4.42,4.46,4.23,4.29,6553249,58741132.00
2014-08-27,4.27,4.73,4.27,4.60,15870306,149097376.00
2014-08-28,4.62,4.63,4.43,4.44,5802420,53810008.00
2014-08-29,4.42,4.54,4.42,4.48,3994161,36997148.00
2014-09-01,4.51,4.64,4.51,4.61,7317194,69391816.00
2014-09-02,4.64,4.84,4.59,4.79,11647782,113318152.00
2014-09-03,4.77,4.82,4.69,4.78,8900009,87331776.00
2014-09-04,4.78,4.95,4.75,4.88,11241440,113124448.00
2014-09-05,4.92,5.23,4.80,5.03,17695820,182530864.00
2014-09-09,5.00,5.20,4.92,5.09,11702849,122661920.00
2014-09-10,5.04,5.15,4.97,5.09,9506704,98903472.00
2014-09-11,5.05,5.16,4.93,4.98,9138958,94543384.00
2014-09-12,4.96,5.38,4.95,5.24,14336319,153277200.00
2014-09-15,5.20,5.41,5.14,5.36,12490044,136490224.00
2014-09-16,5.34,5.39,5.06,5.09,9746431,105186360.00
2014-09-17,5.08,5.15,4.95,5.05,6346372,65876712.00
2014-09-18,5.04,5.08,4.94,5.04,4772223,49335176.00
2014-09-19,5.01,5.25,5.00,5.20,6663643,70738048.00
2014-09-22,5.15,5.17,4.96,4.97,6167589,63898380.00
2014-09-23,4.97,5.10,4.97,5.05,6291108,65313576.00
2014-09-24,5.04,5.24,5.00,5.18,7570088,80334184.00
2014-09-25,5.20,5.29,5.12,5.17,7691694,82719584.00
2014-09-26,5.16,5.20,5.10,5.17,4365903,46270928.00
2014-09-29,5.20,5.38,5.20,5.24,8234225,89227776.00
2014-09-30,5.20,5.30,5.14,5.20,7489421,79991408.00
2014-10-08,5.19,5.51,5.17,5.49,15247115,168945712.00
2014-10-09,5.47,5.62,5.32,5.58,14698516,165834544.00
2014-10-10,5.49,5.78,5.43,5.55,12878090,149007872.00
2014-10-13,5.52,5.75,5.44,5.73,10331471,119090696.00
2014-10-14,5.67,5.76,5.49,5.58,8499685,98919040.00
2014-10-15,5.56,5.56,5.40,5.49,6677302,75271768.00
2014-10-16,5.46,5.54,5.34,5.35,9103905,101826456.00
2014-10-17,5.34,5.42,5.10,5.22,7478527,80951192.00
2014-10-20,5.24,5.33,5.19,5.31,4288772,46603060.00
2014-10-21,5.34,5.35,5.18,5.19,4857750,52529256.00
2014-10-22,5.16,5.31,5.16,5.29,8327873,90208104.00
2014-10-23,5.27,5.29,5.15,5.17,4601847,49223136.00
2014-10-24,5.21,5.21,5.00,5.01,5112963,53685512.00
2014-10-27,4.99,5.12,4.92,5.10,3882370,40257596.00
2014-10-28,5.15,5.36,5.12,5.35,11346367,122424400.00
2014-10-29,5.35,5.42,5.28,5.37,9665182,106672096.00
2014-10-30,5.38,5.42,5.31,5.36,5966793,65840768.00
2014-10-31,5.36,5.55,5.35,5.52,11152057,125149848.00
2014-11-03,5.66,5.75,5.47,5.53,9596235,109942120.00
2014-11-04,5.53,5.53,5.34,5.39,9265951,102986936.00
2014-11-05,5.37,5.38,5.26,5.34,6013692,65786108.00
2014-11-06,5.34,5.38,5.22,5.32,4061290,44313836.00
2014-11-07,5.33,5.36,5.15,5.18,5275995,57423012.00
2014-11-10,5.18,5.28,5.15,5.28,4581151,49150512.00
2014-11-11,5.27,5.27,4.84,4.93,8104310,84129928.00
2014-11-12,4.90,4.98,4.85,4.96,6674753,67759016.00
2014-11-13,4.97,4.98,4.85,4.90,4662639,46986932.00
2014-11-14,4.88,5.02,4.85,4.91,5724488,58085640.00
2014-11-17,4.91,4.99,4.86,4.95,3779411,38459796.00
2014-11-18,4.96,5.01,4.93,4.99,3332456,34200908.00
2014-11-19,5.00,5.00,4.94,4.96,2888209,29561780.00
2014-11-20,4.96,4.96,4.85,4.87,3882081,39085448.00
2014-11-21,4.89,4.94,4.88,4.93,3386825,34309660.00
2014-11-24,4.96,5.09,4.95,5.08,7315459,75815520.00
2014-11-25,5.05,5.19,5.05,5.10,6535824,68939072.00
2014-11-26,5.11,5.17,5.05,5.11,5567186,58532196.00
2014-11-27,5.12,5.32,5.12,5.26,9410274,101562504.00
2014-11-28,5.22,5.25,5.15,5.20,6727537,71973744.00
2014-12-01,5.19,5.23,5.00,5.06,7360703,77228216.00
2014-12-02,5.07,5.16,5.02,5.12,5709831,59894524.00
2014-12-03,5.11,5.24,5.05,5.14,8010413,84527920.00
2014-12-04,5.15,5.26,5.15,5.20,9666534,103469568.00
2014-12-05,5.26,5.69,5.05,5.63,33284554,369065248.00
2014-12-08,5.49,5.92,5.41,5.80,32830611,389049984.00
2014-12-09,5.79,5.79,5.22,5.22,27836419,315364096.00
2014-12-10,5.13,5.32,4.86,5.28,17913914,188199152.00
2014-12-11,5.19,5.29,5.05,5.22,10684122,114197216.00
2014-12-12,5.24,5.64,5.20,5.47,15490223,171959248.00
2014-12-15,5.44,5.57,5.36,5.54,11175667,126517688.00
2014-12-16,5.52,5.70,5.44,5.49,10758581,123553304.00
2014-12-17,5.49,5.49,5.25,5.33,8332801,91552432.00
2014-12-18,5.28,5.59,5.28,5.47,9209185,103362784.00
2014-12-19,5.45,5.45,5.20,5.29,8203550,89694288.00
2014-12-22,5.22,5.22,4.85,4.89,11490486,118076928.00
2014-12-23,4.85,4.98,4.85,4.89,4913944,49792424.00
2014-12-24,4.90,5.00,4.88,4.98,4134128,42191312.00
2014-12-25,4.98,5.04,4.90,5.04,4928854,50616816.00
2014-12-26,5.05,5.30,4.97,5.26,10752816,114065056.00
2014-12-29,5.19,5.20,5.00,5.06,7353756,77193304.00
2014-12-30,5.07,5.07,4.79,4.80,9281271,93583608.00
2014-12-31,4.80,4.92,4.80,4.87,4276443,42857988.00
2015-01-05,4.87,4.88,4.68,4.85,8429820,83284832.00
2015-01-06,4.84,4.99,4.79,4.95,7460081,75368952.00
2015-01-07,4.94,5.00,4.88,4.91,5285291,53638480.00
2015-01-08,4.89,4.97,4.86,4.96,4597643,46460608.00
2015-01-09,4.90,5.27,4.89,5.04,14677091,154582816.00
2015-01-12,4.93,4.94,4.76,4.79,8270949,82042992.00
2015-01-13,4.78,4.85,4.78,4.82,3803907,37794868.00
2015-01-14,4.82,4.86,4.71,4.80,3161637,31376652.00
2015-01-15,4.78,4.85,4.73,4.83,3976355,39393348.00
2015-01-16,4.83,4.91,4.80,4.87,4134651,41340896.00
2015-01-19,4.80,4.88,4.52,4.63,5413349,52888724.00
2015-01-20,4.64,4.79,4.64,4.76,4069658,39584628.00
2015-01-21,4.78,4.90,4.73,4.88,5689459,56857048.00
2015-01-22,4.89,5.08,4.89,5.03,8736277,89615680.00
2015-01-23,5.02,5.02,4.91,4.93,6044947,61823936.00
2015-01-26,4.93,5.00,4.93,4.99,5285491,54065164.00
2015-01-27,4.99,5.09,4.98,5.05,7542577,78292312.00
2015-01-28,5.05,5.14,5.00,5.08,7217923,75765640.00
2015-01-29,5.03,5.07,4.93,4.97,4816764,49449580.00
2015-01-30,4.95,5.00,4.88,4.90,3766612,38308540.00
2015-02-02,4.94,4.97,4.87,4.93,3466295,35076488.00
2015-02-03,4.93,4.98,4.88,4.97,3133768,31816696.00
2015-02-04,4.96,5.00,4.91,4.91,4102394,41976424.00
2015-02-05,5.00,5.01,4.87,4.88,3628745,36792700.00
2015-02-06,4.86,4.86,4.69,4.71,4208794,41318420.00
2015-02-09,4.70,4.75,4.66,4.72,2078608,20194332.00
2015-02-10,4.71,4.76,4.71,4.75,2047020,19966900.00
2015-02-11,4.77,4.78,4.66,4.73,3523651,34322896.00
2015-02-12,4.73,4.76,4.69,4.74,2506646,24431416.00
2015-02-13,4.76,4.87,4.76,4.83,4300916,42873184.00
2015-02-16,4.89,4.99,4.87,4.99,6060057,61797544.00
2015-02-17,5.02,5.02,4.94,4.96,3547140,36211720.00
2015-02-25,4.96,4.99,4.93,4.95,2840524,28968752.00
2015-02-26,4.93,5.00,4.93,5.00,4701589,48045708.00
2015-02-27,5.00,5.13,4.99,5.08,7766820,81263248.00
2015-03-02,5.10,5.13,5.04,5.13,8580312,90138384.00
2015-03-03,5.13,5.17,5.08,5.11,9990736,105306160.00
2015-03-04,5.10,5.18,5.09,5.17,8430017,89065256.00
2015-03-05,5.19,5.20,5.05,5.11,8231028,86831080.00
2015-03-06,5.10,5.14,5.04,5.05,5377166,56257340.00
2015-03-09,5.04,5.28,4.97,5.26,11619627,123586992.00
2015-03-10,5.33,5.34,5.22,5.24,14221080,154715648.00
2015-03-11,5.24,5.33,5.22,5.26,9755326,106080464.00
2015-03-12,5.28,5.31,5.19,5.21,7324115,79090240.00
2015-03-13,5.23,5.30,5.20,5.22,6143165,66251872.00
2015-03-16,5.24,5.38,5.24,5.36,11382235,124825248.00
2015-03-17,5.38,5.46,5.33,5.39,13904083,154464224.00
2015-03-18,5.41,5.50,5.36,5.50,12649103,141543984.00
2015-03-19,5.45,5.57,5.42,5.54,15619804,176623424.00
2015-03-20,5.55,5.60,5.49,5.57,10983527,125317384.00
2015-03-23,5.60,5.70,5.53,5.69,14996942,173663216.00
2015-03-24,5.68,5.72,5.44,5.58,18324740,211213184.00
2015-03-25,5.58,5.87,5.52,5.80,21010355,247573424.00
2015-03-26,5.82,6.38,5.80,6.38,42498414,544041792.00
2015-03-27,6.56,6.66,6.18,6.27,40966936,538704512.00
2015-03-30,6.36,6.59,6.18,6.34,26325135,345571072.00
2015-03-31,6.31,6.38,6.23,6.26,17676375,228583872.00
2015-04-01,6.19,6.35,6.18,6.28,16008120,206241056.00
2015-04-02,6.29,6.43,6.23,6.39,17260873,225086448.00
2015-04-03,6.36,6.60,6.30,6.60,24869809,331044384.00
2015-04-07,6.64,6.92,6.64,6.66,19987002,276583552.00
2015-04-08,6.67,6.73,6.40,6.48,17671074,237076736.00
2015-04-09,6.49,6.64,6.25,6.44,15265133,202102576.00
2015-04-10,6.46,6.88,6.43,6.79,21802146,300209888.00
2015-04-13,6.79,7.27,6.76,7.20,21617443,314741760.00
2015-04-14,7.20,7.57,7.05,7.28,23483183,355262208.00
2015-04-15,7.20,7.25,6.95,7.00,14468992,211161472.00
2015-04-16,6.95,7.42,6.81,7.32,15677397,232173680.00
2015-04-17,7.34,7.66,7.33,7.37,23645994,363492384.00
2015-04-20,7.38,7.63,7.05,7.25,28109923,426774496.00
2015-04-21,7.15,7.39,7.09,7.36,16100100,240552720.00
2015-04-22,7.42,7.72,7.37,7.54,17346300,269741088.00
2015-04-23,7.54,7.54,7.32,7.49,15459823,236565520.00
2015-04-24,7.34,7.49,7.29,7.31,13188650,199598048.00
2015-04-27,7.37,8.02,7.37,7.91,26564758,417996320.00
2015-04-28,8.51,8.51,8.03,8.12,40917258,696684864.00
2015-04-29,8.16,8.22,7.82,8.13,15948347,263337584.00
2015-04-30,8.06,8.42,8.02,8.25,15812952,267913792.00
2015-05-04,8.28,8.94,8.13,8.71,20344562,358110048.00
2015-05-05,8.57,8.69,8.11,8.19,16447011,285022592.00
2015-05-06,8.19,8.33,7.72,7.85,13396686,222395648.00
2015-05-07,7.87,7.92,7.40,7.40,12229269,191394624.00
2015-05-08,7.49,7.85,7.46,7.75,11689879,183752864.00
2015-05-11,7.85,8.40,7.85,8.26,14924120,250208048.00
2015-05-12,8.24,8.48,8.15,8.41,16650287,285390944.00
2015-05-13,8.33,8.48,8.18,8.36,13658578,234325776.00
2015-05-14,8.37,8.68,8.28,8.60,17919754,313328384.00
2015-05-15,8.51,8.61,8.27,8.36,12887116,223046048.00
2015-05-18,8.37,8.76,8.22,8.70,17217165,304012480.00
2015-05-19,8.71,9.02,8.70,9.00,14664586,267921152.00
2015-05-20,9.05,9.72,8.94,9.38,17934081,345294816.00
2015-05-21,9.39,9.76,9.39,9.76,14527828,287008480.00
2015-05-22,9.84,10.71,9.84,10.43,20134414,426154048.00
2015-05-25,10.50,11.48,10.20,11.48,26591221,600653376.00
2015-05-26,11.92,12.63,11.53,12.63,27534267,688293056.00
2015-05-27,13.15,13.89,12.90,13.89,28387451,787354496.00
2015-05-28,14.31,15.24,12.51,12.54,45327376,1304140672.00
2015-05-29,12.17,13.73,12.02,13.63,41250196,1099765760.00
2015-06-01,13.66,14.38,13.15,13.97,36939675,1044227200.00
2015-06-02,13.88,14.00,13.35,13.85,28397595,799758016.00
2015-06-03,15.05,15.23,13.97,15.23,40724404,1238078464.00
2015-06-04,15.38,16.39,13.88,16.33,37675297,1222549504.00
2015-06-05,16.80,17.05,15.60,16.01,34902129,1156407552.00
2015-06-08,15.83,15.83,14.61,15.42,25190699,792827200.00
2015-06-09,15.47,16.96,15.47,16.96,33066325,557093120.00
2015-06-10,15.90,16.96,15.50,16.36,68210585,1108786688.00
2015-06-11,16.10,16.29,15.61,15.85,44968814,713391936.00
2015-06-12,15.88,17.38,15.61,17.11,88742375,1480466176.00
2015-06-15,16.50,17.88,16.30,17.15,77062385,1319204352.00
2015-06-16,16.89,16.95,15.85,16.13,42840306,708430528.00
2015-06-17,16.09,16.35,14.71,15.93,42611892,665629824.00
2015-06-18,15.95,16.39,15.48,15.58,31904289,509312640.00
2015-06-19,15.30,15.38,14.02,14.02,32267302,468566688.00
2015-06-23,14.02,14.80,12.62,14.59,40466823,543088832.00
2015-06-24,14.70,15.40,14.59,15.03,49915131,749656960.00
2015-06-25,15.05,15.74,13.89,14.46,42977211,646525376.00
2015-06-26,13.84,14.12,13.01,13.01,29043586,388070944.00
2015-06-29,13.32,13.60,11.71,11.71,34703782,425746784.00
2015-06-30,11.29,12.30,10.54,12.24,42275918,483006272.00
2015-07-01,12.23,12.50,11.02,11.02,34206117,406321024.00
2015-07-02,11.02,11.20,9.92,9.92,30796094,314163552.00
2015-07-03,9.04,9.84,8.93,8.93,26272192,238649216.00
2015-07-06,9.80,9.80,8.04,8.04,36467042,316332928.00
2015-07-07,7.49,7.49,7.24,7.24,11372589,82705552.00
2015-07-13,7.96,7.96,7.96,7.96,1395112,11105092.00
2015-07-14,8.76,8.76,8.76,8.76,826073,7236399.00
2015-07-15,9.64,9.64,8.65,8.81,83281877,768319360.00
2015-07-16,8.20,9.36,7.97,9.16,52907671,473064352.00
2015-07-17,9.16,10.08,9.16,10.08,60853313,599661120.00
2015-07-20,10.70,11.09,10.32,11.09,78002657,852644672.00
2015-07-21,11.40,11.96,10.88,11.90,73441849,858181952.00
2015-07-22,11.92,13.09,11.92,13.09,71501709,905483776.00
2015-07-23,13.49,14.40,13.48,14.40,75710731,1061385024.00
2015-07-24,15.20,15.84,14.50,15.84,135838269,2106873984.00
2015-07-27,15.69,17.39,14.74,16.04,155911621,2579119360.00
2015-07-28,14.80,17.10,14.44,15.12,138293585,2124218112.00
2015-07-29,15.60,16.63,15.00,16.63,118880730,1880111872.00
2015-07-30,17.36,18.29,16.70,18.26,177064177,3167881728.00
2015-07-31,18.10,18.67,16.43,16.51,163789920,2874386176.00
2015-08-03,15.11,15.76,14.86,14.86,53754961,806444864.00
2015-08-04,13.50,16.35,13.50,16.35,119487793,1850432384.00
2015-08-05,17.13,17.58,16.04,16.92,159086874,2684647680.00
2015-08-06,16.05,17.02,15.84,15.99,91507051,1491767296.00
2015-08-07,16.30,16.80,16.00,16.32,88624664,1442770176.00
2015-08-10,16.83,17.90,16.57,17.72,133162825,2303265536.00
2015-08-11,17.73,18.20,16.80,17.49,148386102,2581660928.00
2015-08-12,17.28,18.43,16.90,17.60,121952149,2186016000.00
2015-08-13,17.23,17.51,16.50,17.43,98982342,1688475392.00
2015-08-14,17.50,17.63,16.88,17.00,73733371,1260572032.00
2015-08-17,16.97,18.50,16.51,17.54,108361518,1915300992.00
2015-08-18,17.30,17.45,15.79,15.79,87958911,1462249344.00
2015-08-19,15.05,16.50,14.69,16.31,71454679,1123793664.00
2015-08-20,16.28,16.28,14.86,15.02,45933444,717025472.00
2015-08-21,14.55,15.98,14.54,14.96,53148533,811318720.00
2015-08-24,14.40,14.78,13.46,13.46,29649563,406024512.00
2015-08-25,12.11,12.11,12.11,12.11,7633500,92441688.00
2015-08-26,11.90,12.61,10.90,10.90,65653174,755213632.00
2015-08-27,10.92,11.69,10.32,11.58,66271393,747246080.00
2015-08-28,11.84,12.74,11.59,12.74,55382446,678777344.00
2015-08-31,13.30,13.50,12.60,12.93,82581313,1081643520.00
2015-09-01,12.56,12.58,11.64,11.64,36863462,437766624.00
2015-09-02,10.48,12.00,10.48,10.48,45500584,491690304.00
2015-09-07,10.60,11.23,9.90,10.06,40941832,434144160.00
2015-09-08,10.10,10.60,9.09,10.26,43810661,428431264.00
2015-09-09,10.38,10.90,10.11,10.69,53867345,568375872.00
2015-09-10,10.45,11.15,10.19,10.65,54333350,585669376.00
2015-09-11,10.50,10.80,10.20,10.39,34430777,359129792.00
2015-09-14,10.60,10.72,9.35,9.35,35381003,350645344.00
2015-09-15,9.00,9.09,8.42,8.42,29617464,256995456.00
2015-09-16,8.40,9.26,8.21,9.22,39840214,349309024.00
2015-09-17,9.05,9.50,8.67,8.69,46349228,425123104.00
2015-09-22,9.59,9.59,9.59,9.59,0,0.00
数据来源:通达信
