601608 中信重工 日线 前复权
      日期	    开盘	    最高	    最低	    收盘	    成交量	    成交额
2012-07-06,3.01,3.14,2.97,3.07,359463952,1708242944.00
2012-07-09,3.07,3.09,2.76,2.81,187025000,852177792.00
2012-07-10,2.73,2.77,2.66,2.67,94666568,402104320.00
2012-07-11,2.66,2.95,2.65,2.84,165242883,739080064.00
2012-07-12,2.79,2.88,2.74,2.86,97483216,427934400.00
2012-07-13,2.83,2.87,2.78,2.81,63238305,278906400.00
2012-07-16,2.81,2.82,2.67,2.68,58150874,246768032.00
2012-07-17,2.67,2.77,2.65,2.73,52549666,224670528.00
2012-07-18,2.69,2.91,2.66,2.87,83153054,360682880.00
2012-07-19,2.83,2.94,2.82,2.84,85041782,383068896.00
2012-07-20,2.82,2.89,2.79,2.84,51215600,226952208.00
2012-07-23,2.81,2.98,2.80,2.91,63731479,288844384.00
2012-07-24,2.87,2.93,2.82,2.92,67465496,303582944.00
2012-07-25,2.89,2.98,2.85,2.87,55601275,252612768.00
2012-07-26,2.85,3.13,2.83,2.99,154261697,726129792.00
2012-07-27,2.97,3.06,2.93,2.97,85968467,400696320.00
2012-07-30,2.97,3.11,2.94,3.03,88511917,418752544.00
2012-07-31,3.01,3.02,2.72,2.72,125863931,558856256.00
2012-08-01,2.67,2.77,2.63,2.73,70185186,298274368.00
2012-08-02,2.69,2.75,2.65,2.71,43199554,182603200.00
2012-08-03,2.71,2.77,2.69,2.75,51362392,219884864.00
2012-08-06,2.73,2.78,2.71,2.77,58663096,252236640.00
2012-08-07,2.77,2.79,2.75,2.77,46170805,199913328.00
2012-08-08,2.76,2.85,2.74,2.80,64807367,283809632.00
2012-08-09,2.78,2.85,2.76,2.83,61071099,267867424.00
2012-08-10,2.81,2.91,2.81,2.83,59267813,264316992.00
2012-08-13,2.81,2.82,2.69,2.71,45074717,194414624.00
2012-08-14,2.69,2.73,2.65,2.72,36390468,153433312.00
2012-08-15,2.70,2.72,2.65,2.65,32833581,137802576.00
2012-08-16,2.66,2.67,2.65,2.66,17393111,72476160.00
2012-08-17,2.66,2.67,2.61,2.63,28332129,116698544.00
2012-08-20,2.61,2.63,2.57,2.61,22184544,90306968.00
2012-08-21,2.59,2.64,2.59,2.62,26421540,108252920.00
2012-08-22,2.61,2.62,2.57,2.59,21205873,86423832.00
2012-08-23,2.58,2.65,2.58,2.61,28072028,115112112.00
2012-08-24,2.59,2.61,2.55,2.56,24404106,98760688.00
2012-08-27,2.54,2.54,2.47,2.49,25260293,99242992.00
2012-08-28,2.48,2.53,2.46,2.50,22106064,86775048.00
2012-08-29,2.49,2.49,2.41,2.42,26096481,100682280.00
2012-08-30,2.41,2.45,2.35,2.38,23136025,87348384.00
2012-08-31,2.37,2.42,2.37,2.39,12783245,48104560.00
2012-09-03,2.39,2.44,2.37,2.41,15829024,60077984.00
2012-09-04,2.42,2.43,2.36,2.37,13988997,52729532.00
2012-09-05,2.37,2.38,2.34,2.37,14177309,52637944.00
2012-09-06,2.37,2.49,2.37,2.47,34368682,132001224.00
2012-09-07,2.47,2.61,2.45,2.59,67937730,271826400.00
2012-09-10,2.57,2.59,2.54,2.56,38772653,156074336.00
2012-09-11,2.54,2.55,2.48,2.51,27539338,108704248.00
2012-09-12,2.53,2.55,2.48,2.55,23643777,93434552.00
2012-09-13,2.55,2.55,2.48,2.49,20735801,82158912.00
2012-09-14,2.51,2.53,2.47,2.49,14503632,56885324.00
2012-09-17,2.49,2.50,2.38,2.39,23302002,88888312.00
2012-09-18,2.38,2.41,2.37,2.39,10550133,39648432.00
2012-09-19,2.39,2.42,2.37,2.42,8705500,32857592.00
2012-09-20,2.40,2.45,2.35,2.36,17019901,64399696.00
2012-09-21,2.35,2.41,2.35,2.37,8529860,31990848.00
2012-09-24,2.36,2.44,2.35,2.42,12274889,46475728.00
2012-09-25,2.40,2.41,2.33,2.36,9857995,36977360.00
2012-09-26,2.36,2.37,2.30,2.31,12464361,45798360.00
2012-09-27,2.31,2.39,2.31,2.35,17164648,63609664.00
2012-09-28,2.35,2.40,2.33,2.39,14358561,53714360.00
2012-10-08,2.39,2.41,2.36,2.37,8419271,31507356.00
2012-10-09,2.37,2.61,2.37,2.50,46113481,181611152.00
2012-10-10,2.51,2.59,2.49,2.57,58155573,232241072.00
2012-10-11,2.55,2.55,2.49,2.49,33974685,134196288.00
2012-10-12,2.51,2.53,2.45,2.47,22161386,86414192.00
2012-10-15,2.47,2.49,2.45,2.49,12470286,48397456.00
2012-10-16,2.48,2.49,2.44,2.45,16417529,63555920.00
2012-10-17,2.47,2.47,2.42,2.45,10432501,40141104.00
2012-10-18,2.46,2.53,2.45,2.51,27987876,110103296.00
2012-10-19,2.49,2.51,2.45,2.47,27134541,105753280.00
2012-10-22,2.45,2.48,2.43,2.48,14017885,54032188.00
2012-10-23,2.47,2.50,2.45,2.45,15661196,60937628.00
2012-10-24,2.43,2.49,2.43,2.47,16068352,62200632.00
2012-10-25,2.46,2.53,2.45,2.46,26491508,103811816.00
2012-10-26,2.44,2.45,2.35,2.38,25307954,95507712.00
2012-10-29,2.37,2.39,2.35,2.37,10161914,37964100.00
2012-10-30,2.37,2.41,2.36,2.37,11486168,43082672.00
2012-10-31,2.37,2.39,2.35,2.39,9812560,36685796.00
2012-11-01,2.38,2.44,2.37,2.43,20977206,79900208.00
2012-11-02,2.42,2.45,2.41,2.43,13621809,52041576.00
2012-11-05,2.43,2.45,2.42,2.44,10221181,39123844.00
2012-11-06,2.44,2.44,2.39,2.41,12762946,48354720.00
2012-11-07,2.40,2.41,2.38,2.39,7870081,29710038.00
2012-11-08,2.38,2.38,2.31,2.32,16727113,61707948.00
2012-11-09,2.32,2.33,2.31,2.31,8599405,31435944.00
2012-11-12,2.33,2.33,2.31,2.33,7372210,27026044.00
2012-11-13,2.33,2.33,2.27,2.28,11295768,41003124.00
2012-11-14,2.28,2.31,2.27,2.30,10491036,37872640.00
2012-11-15,2.29,2.30,2.21,2.22,12524185,44697912.00
2012-11-16,2.22,2.23,2.17,2.19,13283515,46024560.00
2012-11-19,2.20,2.21,2.17,2.21,7980799,27690744.00
2012-11-20,2.22,2.23,2.19,2.19,6383740,22284492.00
2012-11-21,2.20,2.24,2.18,2.24,10560599,37019500.00
2012-11-22,2.23,2.23,2.20,2.21,5033979,17614224.00
2012-11-23,2.21,2.23,2.20,2.22,6440746,22557492.00
2012-11-26,2.22,2.22,2.19,2.19,5471280,19057208.00
2012-11-27,2.18,2.19,2.11,2.11,9909092,33676232.00
2012-11-28,2.11,2.11,2.05,2.07,8740128,28702748.00
2012-11-29,2.06,2.10,2.06,2.07,9481217,31233520.00
2012-11-30,2.07,2.11,2.05,2.10,8566558,28349652.00
2012-12-03,2.11,2.14,2.07,2.08,10780585,35834144.00
2012-12-04,2.07,2.13,2.05,2.12,10884955,36202456.00
2012-12-05,2.10,2.25,2.09,2.21,24235131,83880864.00
2012-12-06,2.20,2.45,2.19,2.41,84394254,313002880.00
2012-12-07,2.36,2.41,2.35,2.39,56480859,212376048.00
2012-12-10,2.39,2.44,2.36,2.40,50687239,191546224.00
2012-12-11,2.38,2.39,2.31,2.31,28904092,107110872.00
2012-12-12,2.31,2.36,2.28,2.34,20389765,74589584.00
2012-12-13,2.33,2.33,2.29,2.29,11565559,42067024.00
2012-12-14,2.30,2.44,2.29,2.42,43754502,164672752.00
2012-12-17,2.43,2.46,2.39,2.40,30698656,116874248.00
2012-12-18,2.39,2.42,2.35,2.39,25468034,95825432.00
2012-12-19,2.38,2.47,2.37,2.43,35607286,135595648.00
2012-12-20,2.41,2.41,2.35,2.39,23509311,88328032.00
2012-12-21,2.39,2.42,2.35,2.37,20637818,77328728.00
2012-12-24,2.36,2.40,2.36,2.38,11693853,43877764.00
2012-12-25,2.37,2.53,2.35,2.47,51703194,199272048.00
2012-12-26,2.45,2.48,2.43,2.47,27174306,104882272.00
2012-12-27,2.48,2.57,2.45,2.46,53737390,212512000.00
2012-12-28,2.45,2.49,2.43,2.48,25002540,96736864.00
2012-12-31,2.49,2.50,2.45,2.49,25630723,99895560.00
2013-01-04,2.51,2.52,2.45,2.49,25520495,99888224.00
2013-01-07,2.50,2.50,2.46,2.49,18149408,70724656.00
2013-01-08,2.49,2.49,2.45,2.47,21127732,81934208.00
2013-01-09,2.45,2.47,2.40,2.43,26671265,102381768.00
2013-01-10,2.43,2.48,2.42,2.46,21150876,81736360.00
2013-01-11,2.45,2.46,2.37,2.37,25744246,97599232.00
2013-01-14,2.36,2.46,2.36,2.45,27985443,106350184.00
2013-01-15,2.45,2.50,2.45,2.49,31421918,122431568.00
2013-01-16,2.49,2.51,2.45,2.51,31479903,122844376.00
2013-01-17,2.50,2.51,2.45,2.45,18624286,72421048.00
2013-01-18,2.45,2.49,2.43,2.49,20920278,81238888.00
2013-01-21,2.49,2.51,2.47,2.50,20794696,81557016.00
2013-01-22,2.49,2.50,2.43,2.45,17776715,68907584.00
2013-01-23,2.45,2.48,2.41,2.46,15951301,61298288.00
2013-01-24,2.46,2.51,2.39,2.40,28375541,109515184.00
2013-01-25,2.40,2.41,2.37,2.37,11967259,44921504.00
2013-01-28,2.37,2.47,2.37,2.47,17672703,67603920.00
2013-01-29,2.47,2.60,2.46,2.52,48283448,192790048.00
2013-01-30,2.51,2.56,2.49,2.55,30251941,120090288.00
2013-01-31,2.55,2.55,2.50,2.52,16464658,65188280.00
2013-02-01,2.53,2.78,2.51,2.67,77403304,321528992.00
2013-02-04,2.69,2.83,2.65,2.66,57388714,244696800.00
2013-02-05,2.62,2.76,2.62,2.75,38433919,162917152.00
2013-02-06,2.73,2.79,2.68,2.69,21704469,92068280.00
2013-02-07,2.69,2.72,2.64,2.66,20065043,84142144.00
2013-02-08,2.66,2.72,2.65,2.69,15427590,65086640.00
2013-02-18,2.71,2.72,2.65,2.66,16464053,68884904.00
2013-02-19,2.65,2.67,2.56,2.58,21099281,85896472.00
2013-02-20,2.58,2.61,2.56,2.60,12822245,52115024.00
2013-02-21,2.56,2.59,2.48,2.50,23316314,92951600.00
2013-02-22,2.50,2.52,2.47,2.49,16771934,65703856.00
2013-02-25,2.49,2.53,2.46,2.52,11483625,45261900.00
2013-02-26,2.51,2.53,2.49,2.49,16342114,64393036.00
2013-02-27,2.50,2.52,2.46,2.49,14863495,58060860.00
2013-02-28,2.49,2.54,2.48,2.53,20935424,82634576.00
2013-03-01,2.53,2.55,2.49,2.53,15178173,60042036.00
2013-03-04,2.50,2.50,2.39,2.41,20375992,78490728.00
2013-03-05,2.41,2.44,2.41,2.44,16755472,63849992.00
2013-03-06,2.45,2.49,2.43,2.49,17253379,66799016.00
2013-03-07,2.48,2.49,2.43,2.44,12911955,49856228.00
2013-03-08,2.45,2.47,2.44,2.45,7888503,30453614.00
2013-03-11,2.45,2.49,2.44,2.47,10197655,39665944.00
2013-03-12,2.47,2.50,2.41,2.43,12082163,46598492.00
2013-03-13,2.42,2.43,2.37,2.39,9434743,35600592.00
2013-03-14,2.39,2.41,2.37,2.40,6035447,22717788.00
2013-03-15,2.40,2.44,2.37,2.40,7374485,27950964.00
2013-03-18,2.38,2.40,2.35,2.35,6916663,25798624.00
2013-03-19,2.35,2.37,2.30,2.34,8349217,30708832.00
2013-03-20,2.35,2.40,2.33,2.39,9286322,34785584.00
2013-03-21,2.39,2.42,2.39,2.41,12708809,48106132.00
2013-03-22,2.41,2.41,2.39,2.41,6438299,24362760.00
2013-03-25,2.42,2.43,2.37,2.40,8301802,31283316.00
2013-03-26,2.39,2.39,2.33,2.35,7796531,28891452.00
2013-03-27,2.35,2.40,2.34,2.39,12453477,46434620.00
2013-03-28,2.36,2.36,2.29,2.30,11184629,40947592.00
2013-03-29,2.31,2.31,2.28,2.30,5943423,21536156.00
2013-04-01,2.29,2.32,2.29,2.31,4001252,14553001.00
2013-04-02,2.31,2.33,2.29,2.30,4056599,14737766.00
2013-04-03,2.30,2.31,2.27,2.29,5409601,19533142.00
2013-04-08,2.25,2.27,2.24,2.26,5067823,18033242.00
2013-04-09,2.26,2.29,2.26,2.28,6446679,23138282.00
2013-04-10,2.28,2.29,2.25,2.27,4780725,17124494.00
2013-04-11,2.29,2.30,2.26,2.27,5118091,18394222.00
2013-04-12,2.26,2.31,2.25,2.27,6827407,24650344.00
2013-04-15,2.25,2.26,2.22,2.23,5199843,18374372.00
2013-04-16,2.21,2.25,2.20,2.25,5383601,18925212.00
2013-04-17,2.24,2.26,2.23,2.24,3471647,12300385.00
2013-04-18,2.23,2.29,2.22,2.27,5710217,20423012.00
2013-04-19,2.28,2.36,2.27,2.35,14738854,53769544.00
2013-04-22,2.31,2.35,2.31,2.35,9923018,36572204.00
2013-04-23,2.35,2.35,2.25,2.27,9424544,34032120.00
2013-04-24,2.27,2.31,2.26,2.29,6034376,21769632.00
2013-04-25,2.29,2.29,2.23,2.23,8265687,29515158.00
2013-04-26,2.25,2.26,2.21,2.21,5267405,18556928.00
2013-05-02,2.21,2.22,2.19,2.21,4402508,15359505.00
2013-05-03,2.23,2.27,2.21,2.24,6455064,22924454.00
2013-05-06,2.24,2.30,2.24,2.29,8299189,29857776.00
2013-05-07,2.29,2.29,2.27,2.29,6396995,23000844.00
2013-05-08,2.29,2.31,2.27,2.29,6869088,24784356.00
2013-05-09,2.29,2.30,2.24,2.26,5684712,20306872.00
2013-05-10,2.26,2.29,2.25,2.28,5532806,19798934.00
2013-05-13,2.29,2.29,2.27,2.28,4687436,16845596.00
2013-05-14,2.28,2.29,2.23,2.23,5233404,18570212.00
2013-05-15,2.24,2.25,2.23,2.25,3867852,13694510.00
2013-05-16,2.25,2.29,2.23,2.28,9137094,32599274.00
2013-05-17,2.28,2.35,2.28,2.33,15291975,56071656.00
2013-05-20,2.35,2.36,2.32,2.35,12668033,46826304.00
2013-05-21,2.35,2.36,2.33,2.35,9187540,33917720.00
2013-05-22,2.35,2.38,2.34,2.37,12026204,44719568.00
2013-05-23,2.37,2.37,2.33,2.34,10984396,40660712.00
2013-05-24,2.35,2.47,2.33,2.43,25205232,95459496.00
2013-05-27,2.41,2.48,2.41,2.44,19981344,76867608.00
2013-05-28,2.45,2.45,2.41,2.43,12788267,48834164.00
2013-05-29,2.43,2.45,2.42,2.42,8918496,34188308.00
2013-05-30,2.41,2.43,2.39,2.40,9598152,36375456.00
2013-05-31,2.41,2.43,2.39,2.40,8226909,31207254.00
2013-06-03,2.39,2.41,2.37,2.37,11433845,42920440.00
2013-06-04,2.37,2.39,2.29,2.30,13203777,48515104.00
2013-06-05,2.31,2.35,2.29,2.35,8495173,31141486.00
2013-06-06,2.33,2.39,2.33,2.35,14388869,53539800.00
2013-06-07,2.35,2.36,2.28,2.28,8505922,31020100.00
2013-06-13,2.28,2.29,2.20,2.23,6977961,24537460.00
2013-06-14,2.24,2.25,2.21,2.25,4298323,15161795.00
2013-06-17,2.25,2.26,2.23,2.24,4053473,14343660.00
2013-06-18,2.24,2.28,2.23,2.27,6691841,23787420.00
2013-06-19,2.27,2.27,2.24,2.27,4056645,14451731.00
2013-06-20,2.25,2.25,2.19,2.21,6097056,21451660.00
2013-06-21,2.17,2.23,2.15,2.23,7941474,27507398.00
2013-06-24,2.22,2.35,2.17,2.23,23048197,81301848.00
2013-06-25,2.20,2.29,1.99,2.13,21840678,73299000.00
2013-06-26,2.09,2.13,2.05,2.07,8842489,29146104.00
2013-06-27,2.08,2.12,2.05,2.07,6328507,20955926.00
2013-06-28,2.05,2.10,2.02,2.07,5652633,18535996.00
2013-07-01,2.07,2.07,2.03,2.06,5639931,18322140.00
2013-07-02,2.06,2.10,2.03,2.09,11751485,38512924.00
2013-07-03,2.08,2.13,2.06,2.12,9486521,31432488.00
2013-07-04,2.10,2.26,2.09,2.14,20230026,69119320.00
2013-07-05,2.14,2.16,2.08,2.08,9253428,31066372.00
2013-07-08,2.08,2.08,1.95,1.96,9454053,30271844.00
2013-07-09,1.96,1.98,1.93,1.96,4445833,13815603.00
2013-07-10,1.96,2.03,1.94,2.02,5549278,17568846.00
2013-07-11,2.01,2.11,2.00,2.09,12052389,39688776.00
2013-07-12,2.09,2.10,2.03,2.04,6889448,22573748.00
2013-07-15,2.04,2.09,2.04,2.05,5728288,18716564.00
2013-07-16,2.05,2.08,2.02,2.08,6727158,21894576.00
2013-07-17,2.06,2.09,2.05,2.07,7148443,23537544.00
2013-07-18,2.06,2.07,2.03,2.03,4986949,16206490.00
2013-07-19,2.05,2.05,1.99,1.99,5299600,17044576.00
2013-07-22,1.97,1.99,1.95,1.99,8053362,25167046.00
2013-07-23,1.99,2.05,1.97,2.05,8566815,27521392.00
2013-07-24,2.03,2.04,1.99,2.01,6355208,20331746.00
2013-07-25,2.02,2.04,2.00,2.01,4802216,15437441.00
2013-07-26,1.99,2.01,1.95,1.98,7487491,23609768.00
2013-07-29,1.97,1.97,1.95,1.96,4364490,13607734.00
2013-07-30,1.96,1.99,1.95,1.97,3866543,12116518.00
2013-07-31,1.98,2.00,1.96,1.97,4928200,15538429.00
2013-08-01,1.97,2.03,1.97,2.02,8526364,27128802.00
2013-08-02,2.02,2.04,2.01,2.02,6235502,20015578.00
2013-08-05,2.02,2.05,2.00,2.04,7825209,25162396.00
2013-08-06,2.03,2.06,2.01,2.05,7581872,24519236.00
2013-08-07,2.04,2.06,2.03,2.03,8139202,26387792.00
2013-08-08,2.03,2.04,2.01,2.02,6158542,19763920.00
2013-08-09,2.03,2.03,2.01,2.03,6530563,20941940.00
2013-08-12,2.05,2.09,2.05,2.09,15669786,51426328.00
2013-08-13,2.10,2.11,2.07,2.10,12825361,42498432.00
2013-08-14,2.09,2.11,2.07,2.09,9470287,31339898.00
2013-08-15,2.09,2.09,2.06,2.07,6998164,23001044.00
2013-08-16,2.06,2.28,2.04,2.07,19860120,65396752.00
2013-08-19,2.07,2.08,2.04,2.08,7534045,24243210.00
2013-08-20,2.08,2.09,2.06,2.07,7741841,25046936.00
2013-08-21,2.07,2.07,2.05,2.07,4500490,14459296.00
2013-08-22,2.06,2.08,2.05,2.06,4543604,14647220.00
2013-08-23,2.06,2.08,2.02,2.05,6783546,21696536.00
2013-08-26,2.08,2.12,2.05,2.12,12762601,41574600.00
2013-08-27,2.11,2.12,2.09,2.12,5926582,19422334.00
2013-08-28,2.09,2.14,2.08,2.13,12978548,42799824.00
2013-08-29,2.12,2.14,2.10,2.12,10188807,33694428.00
2013-08-30,2.12,2.16,2.11,2.14,12805529,42702208.00
2013-09-02,2.14,2.24,2.12,2.20,18536062,62950728.00
2013-09-03,2.19,2.20,2.16,2.19,11239739,38148604.00
2013-09-04,2.19,2.20,2.17,2.18,11769255,40056528.00
2013-09-05,2.18,2.19,2.14,2.15,8511194,28652012.00
2013-09-06,2.14,2.17,2.13,2.16,5802543,19433592.00
2013-09-09,2.16,2.22,2.15,2.20,12773794,43828496.00
2013-09-10,2.22,2.31,2.21,2.30,27765802,98339480.00
2013-09-11,2.40,2.54,2.40,2.54,48101997,186990752.00
2013-09-12,2.68,2.74,2.54,2.56,108588266,442150336.00
2013-09-13,2.49,2.50,2.36,2.39,49522942,186294464.00
2013-09-16,2.34,2.40,2.33,2.36,23262982,85304304.00
2013-09-17,2.37,2.37,2.30,2.31,24953238,90252824.00
2013-09-18,2.31,2.32,2.27,2.31,13157283,46995376.00
2013-09-23,2.32,2.34,2.30,2.33,13827860,49796816.00
2013-09-24,2.36,2.39,2.31,2.38,25631259,93719808.00
2013-09-25,2.36,2.36,2.29,2.31,16732512,60417820.00
2013-09-26,2.30,2.30,2.22,2.22,14352550,50312696.00
2013-09-27,2.22,2.24,2.20,2.21,8579723,29641222.00
2013-09-30,2.22,2.24,2.20,2.22,5389495,18611244.00
2013-10-08,2.22,2.27,2.22,2.26,8537140,29857226.00
2013-10-09,2.24,2.32,2.24,2.31,10528644,37538896.00
2013-10-10,2.32,2.32,2.26,2.26,8213354,29131314.00
2013-10-11,2.28,2.32,2.27,2.32,10631715,38054556.00
2013-10-14,2.32,2.36,2.30,2.34,14425493,52376852.00
2013-10-15,2.34,2.36,2.30,2.34,10596951,38257516.00
2013-10-16,2.32,2.34,2.24,2.25,12790811,45351152.00
2013-10-17,2.27,2.28,2.24,2.26,9594624,33753656.00
2013-10-18,2.26,2.28,2.24,2.28,5332563,18774820.00
2013-10-21,2.28,2.33,2.26,2.32,9922637,35452776.00
2013-10-22,2.33,2.36,2.30,2.30,11796127,42654272.00
2013-10-23,2.32,2.34,2.24,2.25,12523193,44362864.00
2013-10-24,2.25,2.26,2.22,2.24,6615382,23103060.00
2013-10-25,2.24,2.26,2.22,2.24,7583224,26438576.00
2013-10-28,2.20,2.21,2.11,2.14,16062279,53942052.00
2013-10-29,2.15,2.17,2.05,2.11,12487765,40947364.00
2013-10-30,2.10,2.15,2.10,2.14,7647927,25306504.00
2013-10-31,2.14,2.19,2.12,2.14,7710592,25896030.00
2013-11-01,2.14,2.16,2.12,2.16,5537480,18478112.00
2013-11-04,2.16,2.18,2.14,2.16,3928819,13217353.00
2013-11-05,2.16,2.16,2.11,2.16,4983641,16615722.00
2013-11-06,2.15,2.18,2.14,2.14,6450872,21685004.00
2013-11-07,2.14,2.16,2.10,2.10,7896506,26177410.00
2013-11-08,2.10,2.12,2.08,2.08,5566268,18258416.00
2013-11-11,2.08,2.13,2.06,2.10,5456169,17837932.00
2013-11-12,2.12,2.14,2.10,2.14,6642803,21976336.00
2013-11-13,2.14,2.14,2.08,2.08,4784637,15732681.00
2013-11-14,2.09,2.12,2.08,2.12,4717162,15491242.00
2013-11-15,2.12,2.24,2.12,2.24,25914545,88167888.00
2013-11-18,2.22,2.26,2.22,2.26,22920687,80107072.00
2013-11-19,2.26,2.26,2.21,2.22,11888856,41277180.00
2013-11-20,2.23,2.26,2.21,2.26,11143283,38841548.00
2013-11-21,2.25,2.26,2.22,2.25,8119377,28362216.00
2013-11-22,2.24,2.27,2.23,2.26,9407717,32946464.00
2013-11-25,2.25,2.28,2.24,2.25,9852407,34693420.00
2013-11-26,2.26,2.26,2.20,2.22,10592336,36662392.00
2013-11-27,2.23,2.24,2.21,2.24,7120232,24705656.00
2013-11-28,2.23,2.28,2.23,2.26,10707349,37593168.00
2013-11-29,2.26,2.29,2.25,2.26,8776865,30955828.00
2013-12-02,2.22,2.26,2.14,2.17,14418133,49310152.00
2013-12-03,2.17,2.22,2.16,2.21,6255394,21404276.00
2013-12-04,2.21,2.40,2.20,2.32,31497343,113408800.00
2013-12-05,2.28,2.38,2.28,2.36,26263096,95609888.00
2013-12-06,2.36,2.36,2.28,2.31,13378412,48015320.00
2013-12-09,2.32,2.35,2.30,2.31,8761095,31511492.00
2013-12-10,2.31,2.33,2.26,2.28,9847018,35064424.00
2013-12-11,2.29,2.30,2.22,2.24,11293184,39490632.00
2013-12-12,2.23,2.26,2.22,2.24,5935570,20674800.00
2013-12-13,2.25,2.28,2.24,2.26,8150787,28622932.00
2013-12-16,2.28,2.28,2.16,2.19,16364876,56357876.00
2013-12-17,2.18,2.20,2.17,2.18,4868865,16551854.00
2013-12-18,2.20,2.20,2.16,2.19,3355227,11397195.00
2013-12-19,2.19,2.22,2.18,2.18,6307495,21610218.00
2013-12-20,2.17,2.20,2.14,2.15,7013094,23641942.00
2013-12-23,2.14,2.17,2.13,2.15,3320135,11131480.00
2013-12-24,2.14,2.18,2.14,2.17,3745196,12638864.00
2013-12-25,2.18,2.18,2.15,2.18,3799985,12842823.00
2013-12-26,2.18,2.18,2.14,2.14,4403896,14793923.00
2013-12-27,2.14,2.18,2.13,2.17,3953777,13297855.00
2013-12-30,2.17,2.18,2.15,2.15,4419252,14891150.00
2013-12-31,2.14,2.17,2.13,2.16,4176489,14014773.00
2014-01-02,2.16,2.16,2.14,2.15,4351805,14576342.00
2014-01-03,2.14,2.14,2.10,2.10,7411213,24418636.00
2014-01-06,2.10,2.10,2.03,2.04,7547294,24174498.00
2014-01-07,2.02,2.05,2.02,2.04,2816086,8960453.00
2014-01-08,2.05,2.06,2.02,2.02,5141186,16327206.00
2014-01-09,2.03,2.06,2.00,2.02,5496688,17455258.00
2014-01-10,2.02,2.02,2.00,2.01,3341719,10478516.00
2014-01-13,2.01,2.04,2.00,2.03,2940195,9287306.00
2014-01-14,2.03,2.05,2.02,2.05,2347556,7469674.00
2014-01-15,2.05,2.06,2.03,2.04,2285142,7262721.00
2014-01-16,2.04,2.06,2.02,2.04,3694423,11739147.00
2014-01-17,2.03,2.04,2.00,2.01,3540828,11137349.00
2014-01-20,2.01,2.02,2.00,2.00,3173892,9954128.00
2014-01-21,1.98,2.04,1.98,2.02,2550135,8033951.00
2014-01-22,2.04,2.08,2.02,2.06,7622399,24476104.00
2014-01-23,2.05,2.06,2.04,2.05,5858219,18737432.00
2014-01-24,2.06,2.08,2.04,2.07,4773689,15360133.00
2014-01-27,2.06,2.06,2.04,2.04,4167097,13316093.00
2014-01-28,2.04,2.06,2.03,2.04,2515568,8027341.00
2014-01-29,2.04,2.06,2.03,2.04,2885635,9196928.00
2014-01-30,2.04,2.04,2.01,2.01,3502700,11054278.00
2014-02-07,2.00,2.04,2.00,2.04,3453212,10894159.00
2014-02-10,2.04,2.10,2.04,2.09,7909833,25625794.00
2014-02-11,2.10,2.10,2.08,2.09,6595256,21506300.00
2014-02-12,2.10,2.11,2.08,2.10,8193970,26771706.00
2014-02-13,2.10,2.16,2.10,2.12,12310072,40968916.00
2014-02-14,2.12,2.14,2.11,2.14,7109834,23593272.00
2014-02-17,2.14,2.16,2.14,2.16,8495503,28503660.00
2014-02-18,2.16,2.16,2.12,2.13,7614469,25334118.00
2014-02-19,2.13,2.16,2.12,2.16,5907640,19731448.00
2014-02-20,2.16,2.19,2.14,2.16,10522134,35497404.00
2014-02-21,2.16,2.16,2.08,2.10,10373343,34237316.00
2014-02-24,2.10,2.10,2.06,2.08,7238063,23405972.00
2014-02-25,2.08,2.10,2.01,2.03,8781997,28118856.00
2014-02-26,2.02,2.05,2.01,2.04,4447185,14070948.00
2014-02-27,2.05,2.06,2.03,2.04,6215676,19860128.00
2014-02-28,2.05,2.06,2.02,2.06,7794618,24803440.00
2014-03-03,2.06,2.10,2.04,2.10,6889887,22356624.00
2014-03-04,2.08,2.10,2.05,2.09,4525760,14650346.00
2014-03-05,2.10,2.10,2.04,2.06,5725299,18490098.00
2014-03-06,2.05,2.06,2.03,2.05,4553804,14562275.00
2014-03-07,2.06,2.09,2.04,2.08,6853862,22125054.00
2014-03-10,2.07,2.07,2.01,2.01,9417290,29840880.00
2014-03-11,2.01,2.04,2.00,2.03,4504123,14232206.00
2014-03-12,2.02,2.04,1.98,2.02,5865606,18383072.00
2014-03-13,2.02,2.06,2.02,2.06,6342583,20227352.00
2014-03-14,2.05,2.10,2.04,2.07,6517088,21074722.00
2014-03-17,2.06,2.08,2.06,2.07,5952614,19174126.00
2014-03-18,2.07,2.08,2.05,2.06,4615561,14847476.00
2014-03-19,2.06,2.27,2.04,2.14,35290170,118343216.00
2014-03-20,2.14,2.19,2.08,2.08,21177339,70144992.00
2014-03-21,2.08,2.14,2.06,2.12,13019382,42595952.00
2014-03-24,2.12,2.14,2.10,2.13,10286757,34036392.00
2014-03-25,2.13,2.14,2.10,2.12,7466973,24712324.00
2014-03-26,2.12,2.13,2.09,2.10,6597866,21702676.00
2014-03-27,2.14,2.18,2.12,2.13,18014744,60260240.00
2014-03-28,2.10,2.12,2.08,2.08,12217814,39951220.00
2014-03-31,2.08,2.10,2.06,2.06,4500336,14602007.00
2014-04-01,2.06,2.09,2.06,2.08,3729100,12063656.00
2014-04-02,2.08,2.12,2.08,2.11,4945790,16161024.00
2014-04-03,2.11,2.12,2.06,2.09,9475214,30816232.00
2014-04-04,2.09,2.12,2.08,2.10,5734791,18772382.00
2014-04-08,2.10,2.14,2.09,2.13,6877046,22716284.00
2014-04-09,2.13,2.14,2.11,2.12,5360443,17744174.00
2014-04-10,2.11,2.14,2.07,2.13,11556051,38135416.00
2014-04-11,2.12,2.13,2.10,2.11,5734296,18862714.00
2014-04-14,2.11,2.12,2.09,2.12,3825540,12555150.00
2014-04-15,2.10,2.12,2.09,2.09,4861997,15915688.00
2014-04-16,2.08,2.10,2.08,2.09,3356000,10936530.00
2014-04-17,2.09,2.12,2.08,2.10,6061120,19869232.00
2014-04-18,2.10,2.11,2.08,2.10,3706057,12124510.00
2014-04-21,2.09,2.10,2.06,2.06,4805784,15618868.00
2014-04-22,2.07,2.08,2.06,2.08,4554046,14706749.00
2014-04-23,2.08,2.09,2.07,2.07,1997100,6470294.00
2014-04-24,2.08,2.08,2.04,2.04,3307696,10637225.00
2014-04-25,2.04,2.07,2.02,2.06,7673658,24576564.00
2014-04-28,2.04,2.04,2.00,2.02,5419796,17090740.00
2014-04-29,2.01,2.04,2.00,2.03,4435612,13928189.00
2014-04-30,2.02,2.03,2.01,2.02,2839526,8962458.00
2014-05-05,2.02,2.04,2.01,2.04,2695939,8522885.00
2014-05-06,2.04,2.06,2.03,2.04,3417406,10901326.00
2014-05-07,2.04,2.04,2.02,2.02,2033609,6442900.00
2014-05-08,2.01,2.05,2.01,2.02,2909651,9223920.00
2014-05-09,2.04,2.04,2.00,2.02,2905465,9135049.00
2014-05-12,2.03,2.08,2.02,2.06,6360227,20387528.00
2014-05-13,2.06,2.07,2.04,2.05,3336531,10714392.00
2014-05-14,2.04,2.06,2.04,2.06,3353501,10730305.00
2014-05-15,2.05,2.06,1.96,1.99,10366232,32414508.00
2014-05-16,1.98,2.00,1.97,1.99,4959875,15364082.00
2014-05-19,1.98,1.99,1.97,1.98,2893145,8943020.00
2014-05-20,1.98,2.00,1.97,1.98,2543800,7882417.00
2014-05-21,1.98,2.02,1.97,2.01,4579888,14276002.00
2014-05-22,2.00,2.02,1.98,1.99,3197163,10002651.00
2014-05-23,1.98,2.00,1.97,2.00,4074208,12617685.00
2014-05-26,2.00,2.01,1.99,2.00,2941380,9183448.00
2014-05-27,2.00,2.00,1.98,1.98,5082200,15765154.00
2014-05-28,1.98,2.00,1.98,2.00,2825846,8771513.00
2014-05-29,1.99,2.00,1.97,1.98,2723029,8439242.00
2014-05-30,1.97,1.98,1.97,1.98,2317672,7159795.00
2014-06-03,1.98,1.99,1.98,1.98,2452786,7598942.00
2014-06-04,1.98,1.98,1.93,1.94,6296460,19200708.00
2014-06-05,1.95,1.96,1.94,1.96,2330454,7117044.00
2014-06-06,1.96,1.96,1.94,1.95,3094950,9419385.00
2014-06-09,1.94,1.96,1.94,1.95,1536150,4679870.00
2014-06-10,1.95,1.96,1.94,1.96,3289146,10035500.00
2014-06-11,1.95,1.97,1.95,1.96,2812523,8620018.00
2014-06-12,1.96,1.96,1.95,1.96,2547387,7796561.00
2014-06-13,1.96,1.98,1.96,1.97,4691893,14443646.00
2014-06-16,1.96,1.98,1.96,1.98,5147327,15899680.00
2014-06-17,1.98,1.98,1.96,1.97,3549104,10950525.00
2014-06-18,1.97,1.98,1.94,1.96,4131097,12639477.00
2014-06-19,1.96,1.96,1.92,1.92,5985917,18132516.00
2014-06-20,1.93,1.94,1.92,1.93,3379808,10185569.00
2014-06-23,1.93,1.94,1.92,1.94,3059973,9268894.00
2014-06-24,1.93,1.95,1.93,1.94,2945541,8940787.00
2014-06-25,1.94,1.96,1.94,1.94,1862785,5672048.00
2014-06-26,1.95,1.98,1.94,1.96,5541324,16988908.00
2014-06-27,1.96,2.00,1.96,1.99,12169858,37840808.00
2014-06-30,1.99,2.00,1.98,2.00,7687433,23908334.00
2014-07-01,1.99,2.00,1.98,1.99,4542883,14132876.00
2014-07-02,2.00,2.02,1.99,2.01,5562006,17079140.00
2014-07-03,2.02,2.04,2.00,2.02,6228664,19258588.00
2014-07-04,2.02,2.06,2.02,2.02,7783900,24324318.00
2014-07-07,2.03,2.05,2.02,2.04,5693493,17713340.00
2014-07-08,2.04,2.04,2.02,2.04,3580170,11147804.00
2014-07-09,2.04,2.04,2.01,2.01,4785413,14857860.00
2014-07-10,2.01,2.04,2.01,2.02,4388094,13575688.00
2014-07-11,2.02,2.05,2.01,2.05,5707910,17822098.00
2014-07-14,2.04,2.08,2.04,2.07,7603558,23983944.00
2014-07-15,2.06,2.10,2.06,2.08,6746825,21435068.00
2014-07-16,2.07,2.10,2.07,2.08,8873248,28366016.00
2014-07-17,2.08,2.08,2.03,2.06,6258721,19706820.00
2014-07-18,2.05,2.08,2.04,2.06,4575396,14465900.00
2014-07-21,2.08,2.08,2.05,2.07,4915953,15574980.00
2014-07-22,2.06,2.09,2.06,2.08,7392880,23533000.00
2014-07-23,2.08,2.08,2.05,2.08,8657027,27436614.00
2014-07-24,2.07,2.12,2.06,2.10,10779766,34613500.00
2014-07-25,2.10,2.12,2.09,2.12,10272631,33128822.00
2014-07-28,2.12,2.18,2.12,2.16,16969431,55772292.00
2014-07-29,2.15,2.16,2.13,2.14,14025944,46015948.00
2014-07-30,2.14,2.18,2.13,2.15,15968667,52728724.00
2014-07-31,2.15,2.17,2.14,2.17,9703121,31991324.00
2014-08-01,2.16,2.18,2.14,2.14,9873334,32619008.00
2014-08-04,2.14,2.18,2.14,2.17,9639832,31843726.00
2014-08-05,2.17,2.18,2.16,2.17,8787194,29198430.00
2014-08-06,2.22,2.27,2.19,2.20,31921183,108240496.00
2014-08-07,2.19,2.22,2.16,2.16,19250817,64515620.00
2014-08-08,2.16,2.18,2.14,2.16,11436697,37784732.00
2014-08-11,2.17,2.20,2.16,2.19,10006999,33442548.00
2014-08-12,2.19,2.19,2.17,2.18,8897093,29640452.00
2014-08-13,2.18,2.20,2.16,2.18,9858715,32808294.00
2014-08-14,2.18,2.22,2.17,2.18,14283867,48066712.00
2014-08-15,2.18,2.22,2.18,2.21,10977356,37042488.00
2014-08-18,2.20,2.25,2.20,2.25,15685511,53398864.00
2014-08-19,2.24,2.25,2.21,2.24,13542104,46124704.00
2014-08-20,2.24,2.24,2.22,2.23,8532442,29103768.00
2014-08-21,2.23,2.24,2.19,2.21,11906689,40201928.00
2014-08-22,2.20,2.23,2.20,2.22,8656362,29284540.00
2014-08-25,2.22,2.24,2.21,2.23,10544573,35855168.00
2014-08-26,2.22,2.23,2.15,2.16,14780599,49595868.00
2014-08-27,2.16,2.18,2.15,2.17,7559975,25020036.00
2014-08-28,2.17,2.17,2.12,2.13,9537750,31340636.00
2014-08-29,2.12,2.16,2.12,2.15,6022124,19754074.00
2014-09-01,2.15,2.19,2.14,2.18,8430952,27963238.00
2014-09-02,2.19,2.21,2.18,2.21,8921670,30005432.00
2014-09-03,2.21,2.25,2.20,2.24,14003348,47790336.00
2014-09-04,2.24,2.24,2.22,2.24,12269271,41907520.00
2014-09-05,2.24,2.31,2.23,2.29,28492078,98902504.00
2014-09-09,2.29,2.30,2.26,2.30,16872786,58925848.00
2014-09-10,2.29,2.49,2.28,2.40,47239201,172297792.00
2014-09-11,2.40,2.43,2.35,2.38,38198321,139863824.00
2014-09-12,2.37,2.62,2.36,2.62,56527877,220058432.00
2014-09-15,2.82,2.89,2.76,2.89,117010114,510257792.00
2014-09-16,3.08,3.18,3.07,3.18,76284421,365522944.00
2014-09-17,3.29,3.50,3.23,3.37,348986407,1794892928.00
2014-09-18,3.30,3.46,3.21,3.31,175821588,876827904.00
2014-09-19,3.35,3.64,3.22,3.64,191010109,1015787456.00
2014-09-22,3.72,3.80,3.49,3.54,214121898,1184729216.00
2014-09-23,3.42,3.66,3.38,3.53,138768194,739860544.00
2014-09-24,3.48,3.68,3.46,3.54,163484342,888625920.00
2014-09-25,3.51,3.90,3.48,3.62,252934413,1443196288.00
2014-09-26,3.52,3.66,3.46,3.58,122730374,664178368.00
2014-09-29,3.58,3.73,3.53,3.57,106175256,581847168.00
2014-09-30,3.56,3.59,3.40,3.42,114096925,597321152.00
2014-10-08,3.42,3.56,3.40,3.53,95536673,506198112.00
2014-10-09,3.53,3.84,3.48,3.61,160679585,891660736.00
2014-10-10,3.52,3.52,3.44,3.45,103666844,546631744.00
2014-10-13,3.41,3.52,3.38,3.48,70798961,370729856.00
2014-10-14,3.46,3.84,3.44,3.84,108697374,618109312.00
2014-10-15,3.89,4.05,3.73,3.92,208871640,1235437184.00
2014-10-16,3.76,3.86,3.58,3.60,123903600,701409920.00
2014-10-17,3.56,3.66,3.45,3.56,63472861,342560448.00
2014-10-20,3.51,3.57,3.49,3.53,47641218,254974864.00
2014-10-21,3.57,3.62,3.44,3.45,48713245,261019440.00
2014-10-22,3.40,3.51,3.38,3.40,43799318,228172528.00
2014-10-23,3.42,3.42,3.24,3.27,52330851,261572304.00
2014-10-24,3.26,3.31,3.22,3.24,31457081,155972528.00
2014-10-27,3.22,3.28,3.22,3.26,21684014,107105976.00
2014-10-28,3.28,3.43,3.26,3.42,71938298,368872096.00
2014-10-29,3.42,3.70,3.37,3.58,122536416,651520768.00
2014-10-30,3.52,3.56,3.45,3.47,69576876,370114464.00
2014-10-31,3.46,3.51,3.39,3.41,43512287,227024416.00
2014-11-03,3.43,3.50,3.40,3.44,37540376,196294336.00
2014-11-04,3.44,3.70,3.42,3.54,85177945,461653216.00
2014-11-05,3.51,3.57,3.41,3.46,47715777,251268864.00
2014-11-06,3.42,3.50,3.40,3.48,34203045,179085680.00
2014-11-07,3.49,3.58,3.41,3.45,48045308,255851616.00
2014-11-10,3.44,3.53,3.41,3.51,45221708,238210944.00
2014-11-11,3.52,3.55,3.22,3.28,55927385,287751872.00
2014-11-12,3.27,3.35,3.25,3.34,27857378,139860096.00
2014-11-13,3.32,3.34,3.21,3.24,30407528,151398560.00
2014-11-14,3.24,3.25,3.13,3.19,27310280,131751328.00
2014-11-17,3.16,3.26,3.16,3.23,20065618,98296008.00
2014-11-18,3.21,3.27,3.20,3.24,13550040,66422080.00
2014-11-19,3.24,3.26,3.21,3.24,15104897,74315872.00
2014-11-20,3.24,3.25,3.20,3.20,16514034,80882192.00
2014-11-21,3.20,3.24,3.17,3.24,22851287,111375360.00
2014-11-24,3.26,3.34,3.23,3.31,43881593,220034048.00
2014-11-25,3.30,3.48,3.29,3.41,53479279,276617984.00
2014-11-26,3.42,3.44,3.34,3.38,38174801,196027056.00
2014-11-27,3.38,3.59,3.38,3.52,88615561,472210176.00
2014-11-28,3.46,3.50,3.37,3.44,53822652,280887424.00
2014-12-01,3.45,3.51,3.37,3.44,39706966,206685424.00
2014-12-02,3.63,3.78,3.63,3.78,40318785,230106368.00
2014-12-03,4.16,4.16,3.94,4.02,194937599,1197323392.00
2014-12-04,3.97,4.12,3.94,4.02,103413252,629732224.00
2014-12-05,4.06,4.26,3.82,4.11,147838135,916197696.00
2014-12-08,4.18,4.52,4.06,4.41,172411100,1115279104.00
2014-12-09,4.29,4.53,3.96,3.96,171626531,1112357376.00
2014-12-10,3.90,4.08,3.73,4.06,85503910,509924928.00
2014-12-11,4.38,4.47,4.25,4.47,191353349,1285191808.00
2014-12-12,4.62,4.63,4.42,4.46,139174052,952322752.00
2014-12-15,4.36,4.48,4.24,4.44,73355063,485551424.00
2014-12-16,4.42,4.81,4.36,4.63,105910693,742174080.00
2014-12-17,4.60,4.68,4.40,4.54,82257015,565557824.00
2014-12-18,4.46,4.92,4.44,4.76,117469861,840598400.00
2014-12-19,4.69,5.20,4.64,5.12,135086594,1005687936.00
2014-12-22,5.17,5.55,4.81,4.91,120112666,935718208.00
2014-12-23,4.83,4.85,4.42,4.54,62870430,443117152.00
2014-12-24,4.54,4.69,4.43,4.59,50560390,347901152.00
2014-12-25,4.59,4.96,4.51,4.87,75000041,545167680.00
2014-12-26,4.88,5.01,4.70,4.84,71708356,526899872.00
2014-12-29,4.76,4.95,4.72,4.80,57216755,418424064.00
2014-12-30,4.82,4.86,4.52,4.58,63703847,449784320.00
2014-12-31,4.62,4.76,4.58,4.64,38778784,273680352.00
2015-01-05,4.67,4.78,4.60,4.75,51162203,363602688.00
2015-01-06,4.69,4.82,4.60,4.76,58350779,416894336.00
2015-01-07,4.76,4.92,4.70,4.91,78872268,576492224.00
2015-01-08,4.84,4.89,4.65,4.69,47598226,342287872.00
2015-01-09,4.56,4.71,4.56,4.56,41408437,290139264.00
2015-01-12,4.52,4.53,4.24,4.26,41510541,274839040.00
2015-01-13,4.23,4.35,4.21,4.28,18785537,122028432.00
2015-01-14,4.30,4.33,4.15,4.20,19289569,123843120.00
2015-01-15,4.18,4.34,4.15,4.34,25803765,165176032.00
2015-01-16,4.35,4.42,4.32,4.38,25351753,167733920.00
2015-01-19,4.16,4.22,3.94,3.96,42028837,259395504.00
2015-01-20,4.02,4.11,3.98,4.07,24807348,152429920.00
2015-01-21,4.08,4.26,4.06,4.26,29140079,183828624.00
2015-05-07,4.69,4.69,4.69,4.69,246630,1751073.00
2015-05-08,5.16,5.16,5.16,5.16,244954,1913091.00
2015-05-11,5.68,5.68,5.68,5.68,354761,3047397.00
2015-05-12,6.26,6.26,6.26,6.26,541525,5117411.00
2015-05-13,6.89,6.89,6.89,6.89,741524,7711850.00
2015-05-14,7.58,7.58,7.58,7.58,633009,7241623.00
2015-05-15,8.34,8.34,8.34,8.34,1777419,22359932.00
2015-05-18,9.18,9.18,9.18,9.18,449434,6220167.00
2015-05-19,10.10,10.10,10.10,10.10,999186,15207611.00
2015-05-20,11.12,11.12,11.12,11.12,13282158,222343328.00
2015-05-21,12.23,12.23,12.23,12.23,7014496,129136872.00
2015-05-22,13.46,13.46,13.46,13.46,1121204,22704380.00
2015-05-25,14.49,14.81,12.63,14.81,254329747,5444580352.00
2015-05-26,14.62,16.30,14.08,16.30,173907922,4061409024.00
2015-05-27,16.75,17.93,16.62,17.93,88257047,2306780672.00
2015-05-28,19.30,19.73,17.82,18.76,110766672,3220425728.00
2015-05-29,19.22,19.96,16.96,17.49,183707010,5040858112.00
2015-06-01,16.96,17.41,16.18,17.02,137285347,3451406848.00
2015-06-02,17.00,17.18,15.99,16.67,120078198,2981417472.00
2015-06-03,16.67,17.12,16.16,16.68,82501059,2067978496.00
2015-06-04,16.63,16.64,15.00,15.41,107099785,2484598272.00
2015-06-05,15.52,16.21,15.50,15.68,71705344,1704198016.00
2015-06-08,15.69,16.59,15.29,16.26,80517236,1954406656.00
2015-06-09,15.82,16.06,15.36,15.83,58113249,1368226688.00
2015-06-10,15.50,16.12,15.29,15.84,54092673,1287887616.00
2015-06-11,15.75,17.28,15.49,16.50,102514805,2526174208.00
2015-06-12,16.12,17.04,16.02,16.28,79760268,1971687168.00
2015-06-15,16.29,16.29,14.89,14.98,69339717,1619101312.00
2015-06-16,14.62,14.97,14.04,14.28,62082008,1350236416.00
2015-06-17,14.28,14.62,14.13,14.58,30821146,668028160.00
2015-06-18,14.45,14.56,13.14,13.19,44469748,938771200.00
2015-06-19,12.88,12.89,11.87,11.87,57690901,1065691904.00
2015-06-23,11.54,12.26,11.04,12.18,54127565,947576832.00
2015-06-24,12.28,12.39,11.88,12.24,41723728,764691840.00
2015-06-25,12.62,13.46,12.47,13.08,140912520,2818718976.00
2015-06-26,11.98,12.26,11.76,11.76,42443300,754914624.00
2015-06-29,10.92,11.29,10.58,10.58,54322074,875979904.00
2015-06-30,9.76,10.98,9.52,10.82,82145054,1256081792.00
2015-07-01,10.34,10.80,9.74,9.74,65549950,1009504832.00
2015-07-02,9.16,9.29,8.76,8.76,50897947,680663232.00
2015-07-03,7.88,8.49,7.88,7.88,71047680,853618496.00
2015-07-13,8.67,8.67,8.67,8.67,2717805,35521712.00
2015-07-14,9.54,9.54,9.54,9.54,3382505,48640424.00
2015-07-15,9.62,9.67,8.58,8.58,86369637,1163765376.00
2015-07-16,8.29,8.94,7.72,8.46,80455887,1013742400.00
2015-07-17,8.48,9.29,8.42,9.13,81240054,1092008448.00
2015-07-20,9.17,9.79,9.01,9.47,90545769,1282938496.00
2015-07-21,9.18,10.42,8.96,10.42,120379252,1812568576.00
2015-07-22,10.43,10.75,9.90,10.53,122907085,1927396992.00
2015-07-23,10.50,11.04,10.48,10.70,84146047,1363661952.00
2015-07-24,10.62,11.77,10.53,11.21,135089065,2288385280.00
2015-07-27,10.86,11.10,10.08,10.08,85002166,1360132480.00
2015-07-28,9.10,9.96,9.07,9.07,91617334,1279649152.00
2015-07-29,9.35,9.88,8.54,9.73,59599400,825915520.00
2015-07-30,9.62,10.32,9.29,9.44,69569661,1032752576.00
2015-07-31,9.28,9.52,9.00,9.35,46791483,654474880.00
2015-08-03,9.29,9.29,8.41,8.96,43923648,582569920.00
2015-08-04,8.95,9.82,8.95,9.75,39420927,557286016.00
2015-08-05,9.68,10.28,9.49,9.54,46352081,685470848.00
2015-08-06,9.16,9.48,8.95,9.12,27437337,381959840.00
2015-08-07,9.24,9.52,9.21,9.42,30610065,433647872.00
2015-08-10,9.99,10.37,9.62,10.37,54601966,826544704.00
2015-08-11,10.40,10.87,10.33,10.46,91455260,1452171136.00
2015-08-12,10.22,10.48,9.98,10.06,56046077,863087680.00
2015-08-13,10.01,10.30,9.67,10.29,56951749,860108160.00
2015-08-14,10.40,10.44,10.02,10.12,50442332,776799808.00
2015-08-17,10.19,10.58,10.12,10.33,57295230,893486400.00
2015-08-18,10.41,10.42,9.29,9.29,56023007,828038272.00
2015-08-19,8.67,9.58,8.42,9.40,47495484,640318784.00
2015-08-20,9.38,9.38,8.64,8.68,30337449,415046688.00
2015-08-21,8.54,8.92,8.28,8.40,32886535,427407584.00
2015-08-24,7.96,8.08,7.56,7.56,28498397,327260576.00
2015-08-25,6.80,7.04,6.80,6.80,24682945,168735632.00
2015-08-26,6.56,6.88,6.12,6.12,72170912,463569696.00
2015-08-27,6.14,6.46,5.68,6.30,75890579,465541056.00
2015-08-28,6.36,6.93,6.25,6.93,61525034,411400832.00
2015-08-31,7.05,7.62,7.00,7.16,136624606,1002874688.00
2015-09-01,6.87,6.95,6.44,6.44,73082278,479731456.00
2015-09-02,5.86,6.64,5.84,5.87,64379302,392855200.00
2015-09-07,6.06,6.37,5.92,6.04,52782575,324974336.00
2015-09-08,6.04,6.49,5.90,6.43,46847333,290174400.00
2015-09-09,6.53,6.85,6.46,6.84,73733825,491373440.00
2015-09-10,6.64,6.85,6.51,6.55,55745297,372205920.00
2015-09-11,6.55,6.75,6.50,6.60,42417104,280655808.00
2015-09-14,6.70,6.76,5.94,5.94,56944912,356139456.00
2015-09-15,5.75,5.77,5.35,5.35,52123688,287346560.00
2015-09-16,5.36,5.89,5.36,5.89,56211476,315853664.00
2015-09-17,5.92,6.22,5.62,5.67,64460242,384878688.00
2015-09-22,6.14,6.14,6.14,6.14,0,0.00
数据来源:通达信
