601139 深圳燃气 日线 前复权
      日期	    开盘	    最高	    最低	    收盘	    成交量	    成交额
2009-12-25,8.15,9.74,8.15,9.45,94458620,1347095552.00
2009-12-28,9.26,10.46,8.96,10.46,70545843,1074849280.00
2009-12-29,10.04,11.30,10.04,10.58,63252271,1069191936.00
2009-12-30,10.52,11.00,10.26,10.62,33292793,562762496.00
2009-12-31,10.57,11.12,10.34,10.52,30525913,519213536.00
2010-01-04,10.47,11.48,10.40,11.16,39640863,690438592.00
2010-01-05,11.06,11.16,10.70,11.14,25611734,446244672.00
2010-01-06,10.96,11.46,10.83,10.89,27255361,479488672.00
2010-01-07,10.72,10.85,10.08,10.20,26736811,443356960.00
2010-01-08,10.08,10.22,9.83,10.19,14741500,236257008.00
2010-01-11,10.10,10.24,9.77,9.82,14983349,237753376.00
2010-01-12,9.80,10.04,9.68,10.00,12398595,197538560.00
2010-01-13,9.82,9.97,9.70,9.74,12526345,196933584.00
2010-01-14,9.74,10.04,9.74,9.97,10268425,163040976.00
2010-01-15,9.94,10.14,9.88,10.05,11025502,176699856.00
2010-01-18,10.06,10.13,9.88,10.01,8405705,133963544.00
2010-01-19,10.00,10.00,9.74,9.92,9050917,142789552.00
2010-01-20,9.92,9.97,9.00,9.17,13843163,211855296.00
2010-01-21,9.28,9.46,9.00,9.42,9302448,137329424.00
2010-01-22,9.26,9.26,8.71,8.93,7008078,101702464.00
2010-01-25,8.68,8.94,8.68,8.72,4278347,60614892.00
2010-01-26,8.76,8.92,8.70,8.86,5877087,83462624.00
2010-01-27,8.88,9.40,8.79,9.14,11918439,175104768.00
2010-01-28,9.00,9.06,8.81,8.98,5728680,82335456.00
2010-01-29,8.93,8.94,8.68,8.89,5596297,79674864.00
2010-02-01,8.81,8.86,8.17,8.30,6990292,94252760.00
2010-02-02,8.34,8.40,8.04,8.10,5519998,73563632.00
2010-02-03,8.17,8.30,7.68,8.22,8264435,106976104.00
2010-02-04,8.07,8.62,7.88,8.32,10170486,136364864.00
2010-02-05,8.00,8.15,7.87,7.95,5205441,67565944.00
2010-02-08,7.89,8.14,7.89,8.10,3961918,51719720.00
2010-02-09,8.01,8.11,7.92,8.00,2879223,37416280.00
2010-02-10,8.04,8.12,7.96,8.11,3160606,41317992.00
2010-02-11,8.08,8.20,8.00,8.12,2998695,39420352.00
2010-02-12,8.17,8.20,8.08,8.14,2846316,37504816.00
2010-02-22,8.14,8.14,7.96,7.96,3551074,46202920.00
2010-02-23,7.89,7.97,7.68,7.90,3784992,48174044.00
2010-02-24,7.86,8.70,7.78,8.62,14789023,202117104.00
2010-02-25,8.49,8.72,8.44,8.62,9295896,129045496.00
2010-02-26,8.52,8.63,8.47,8.48,5594561,77056448.00
2010-03-01,8.57,8.98,8.48,8.86,8514921,120671608.00
2010-03-02,8.86,8.92,8.68,8.84,6095374,86249368.00
2010-03-03,8.80,8.80,8.61,8.74,6049693,84985192.00
2010-03-04,8.74,8.92,8.27,8.34,6447494,89753832.00
2010-03-05,8.35,8.46,8.19,8.28,3799148,51284064.00
2010-03-08,8.30,8.54,8.30,8.50,3897482,53376220.00
2010-03-09,8.58,8.58,8.35,8.46,2652273,36385700.00
2010-03-10,8.47,8.80,8.47,8.59,6002151,83962392.00
2010-03-11,8.52,8.61,8.32,8.49,2749517,37610816.00
2010-03-12,8.40,8.51,8.22,8.22,3132596,42203168.00
2010-03-15,8.12,8.18,8.04,8.08,2118650,27825664.00
2010-03-16,8.06,8.16,8.04,8.14,1428204,18780256.00
2010-03-17,8.20,8.35,8.16,8.30,2640953,35408416.00
2010-03-18,8.30,8.41,8.25,8.32,2821449,38011148.00
2010-03-19,8.36,8.46,8.08,8.40,3025127,40970120.00
2010-03-22,8.40,8.60,8.36,8.57,5134596,70763152.00
2010-03-23,8.58,8.58,8.43,8.44,3293391,45172144.00
2010-03-24,8.44,8.54,8.33,8.35,3500079,47758952.00
2010-03-25,8.22,8.40,7.99,8.04,14934578,196684208.00
2010-03-26,8.04,8.26,7.96,8.16,7009749,92117752.00
2010-03-29,8.14,8.35,8.09,8.24,9014744,120207280.00
2010-03-30,8.28,8.39,8.14,8.25,7920868,105855312.00
2010-03-31,8.29,8.30,8.14,8.26,7316508,97339776.00
2010-04-01,8.25,8.78,8.24,8.63,18676464,257781280.00
2010-04-02,8.54,8.90,8.54,8.77,17241389,242688128.00
2010-04-06,8.80,9.00,8.70,8.82,10756577,153000192.00
2010-04-07,8.82,8.96,8.69,8.94,9483631,134812896.00
2010-04-08,8.94,9.38,8.81,9.03,17919511,263246016.00
2010-04-09,9.02,9.22,8.94,9.06,11410866,167243728.00
2010-04-12,9.04,9.20,8.78,8.86,10221750,147319392.00
2010-04-13,8.84,9.12,8.56,8.90,9598553,137047056.00
2010-04-14,8.90,9.10,8.86,9.09,8501317,123418976.00
2010-04-15,9.16,9.16,8.67,8.80,7675139,109977040.00
2010-04-16,8.80,8.87,8.74,8.78,3664943,52024252.00
2010-04-19,8.74,8.74,8.10,8.19,7673338,104996656.00
2010-04-21,8.32,8.56,8.24,8.54,6149384,83816592.00
2010-04-22,8.48,8.57,8.34,8.40,5263428,71651968.00
2010-04-23,8.40,8.60,8.35,8.39,3942012,53935796.00
2010-04-26,8.39,8.46,8.16,8.25,4206241,56344808.00
2010-04-27,8.25,8.47,8.17,8.46,7689360,103796856.00
2010-04-28,8.34,8.56,8.27,8.50,5765387,78813816.00
2010-04-29,8.54,8.66,8.20,8.25,6176948,84986600.00
2010-04-30,8.27,8.34,7.54,7.60,7970579,100930456.00
2010-05-04,7.47,7.69,7.26,7.60,4278518,52282760.00
2010-05-05,7.50,7.89,7.38,7.86,4263837,53460648.00
2010-05-06,7.86,7.94,7.50,7.50,3499008,44033156.00
2010-05-10,7.34,7.58,7.13,7.31,4048142,48619872.00
2010-05-11,7.52,7.60,7.05,7.07,3209164,38226776.00
2010-05-12,7.05,7.13,6.45,6.69,4480602,49879876.00
2010-05-13,6.69,6.85,6.48,6.85,3164918,34975860.00
2010-05-14,6.74,6.87,6.68,6.78,2442997,27243284.00
2010-05-17,6.67,6.67,6.03,6.03,4154121,43742500.00
2010-05-18,6.07,6.22,5.88,6.12,4350064,43872176.00
2010-05-19,5.98,6.24,5.98,6.13,3239385,33024058.00
2010-05-20,6.10,6.22,5.90,5.93,2934539,29713278.00
2010-05-21,5.72,6.06,5.64,6.02,3314438,32355462.00
2010-05-24,6.00,6.52,6.00,6.42,6457408,67673112.00
2010-05-25,6.32,6.55,6.28,6.33,3884841,41135824.00
2010-05-26,6.34,6.42,6.27,6.38,2118537,22312188.00
2010-05-27,6.47,6.86,6.40,6.79,9441370,104327200.00
2010-05-28,6.80,6.80,6.62,6.68,5224304,57603112.00
2010-05-31,6.62,7.14,6.60,6.86,10639310,121093680.00
2010-06-01,7.18,7.46,6.77,6.95,13574214,157463584.00
2010-06-02,6.74,6.74,6.40,6.69,6967772,75423168.00
2010-06-03,6.74,6.74,6.48,6.55,4764406,51995300.00
2010-06-04,6.45,6.52,6.37,6.48,3112756,33183732.00
2010-06-07,6.37,6.37,6.19,6.24,2654991,27421264.00
2010-06-08,6.20,6.43,6.20,6.34,3048999,31645684.00
2010-06-09,6.37,6.58,6.30,6.56,3933905,41590764.00
2010-06-10,6.57,6.65,6.51,6.54,3397489,36527032.00
2010-06-11,6.55,6.63,6.48,6.54,2587815,27727780.00
2010-06-17,6.60,6.71,6.57,6.62,3214929,34861632.00
2010-06-18,6.59,6.65,6.27,6.28,2917184,30799284.00
2010-06-21,6.27,6.63,6.27,6.60,3072967,32675070.00
2010-06-22,6.58,6.70,6.54,6.65,3204029,34702272.00
2010-06-23,6.64,6.70,6.47,6.53,2548377,27411940.00
2010-06-24,6.51,6.69,6.47,6.67,2786292,30200336.00
2010-06-25,6.57,6.66,6.37,6.42,2385619,25322630.00
2010-06-28,6.39,6.56,6.36,6.42,1909432,20247152.00
2010-06-29,6.42,6.53,6.09,6.12,3155991,32580488.00
2010-06-30,6.11,6.30,5.84,6.22,3142053,31558162.00
2010-07-01,6.20,6.35,6.08,6.11,1735449,17729616.00
2010-07-02,6.11,6.18,5.90,6.05,1966338,19497350.00
2010-07-05,5.98,6.10,5.86,6.05,1314603,12989330.00
2010-07-06,6.00,6.30,5.94,6.22,1916442,19444680.00
2010-07-07,6.16,6.25,6.16,6.24,1256965,12834329.00
2010-07-08,6.28,6.33,6.18,6.22,1382310,14188231.00
2010-07-09,6.22,6.63,6.17,6.60,4216015,44600132.00
2010-07-12,6.61,6.67,6.51,6.64,3276297,35408832.00
2010-07-13,6.54,6.62,6.45,6.57,2358291,25215726.00
2010-07-14,6.59,6.80,6.57,6.73,4959703,54341784.00
2010-07-15,6.70,6.81,6.42,6.45,3733370,40588044.00
2010-07-16,6.47,6.77,6.34,6.70,4241589,45588324.00
2010-07-19,6.57,7.10,6.57,6.91,8842027,99912944.00
2010-07-20,6.88,7.02,6.84,6.97,6762284,76597992.00
2010-07-21,6.92,7.14,6.87,6.99,5509893,62961052.00
2010-07-22,7.08,7.24,6.96,7.24,5907482,68269568.00
2010-07-23,7.26,7.26,7.08,7.16,5978045,69508112.00
2010-07-26,7.11,7.47,7.11,7.41,6447496,75896672.00
2010-07-27,7.40,7.49,7.18,7.19,7073721,84097792.00
2010-07-28,7.14,7.37,7.07,7.34,5059594,59391176.00
2010-07-29,7.31,7.47,7.20,7.34,10303163,122658552.00
2010-07-30,7.26,7.30,7.12,7.26,4813192,56316044.00
2010-08-02,7.24,7.38,7.20,7.29,5883277,69713176.00
2010-08-03,7.27,7.33,7.02,7.04,4992275,58292540.00
2010-08-04,6.96,7.14,6.96,7.13,3058046,35074596.00
2010-08-05,7.16,7.21,7.05,7.12,2384058,27581444.00
2010-08-06,7.11,7.22,7.01,7.22,3262853,37879280.00
2010-08-09,7.22,7.78,7.22,7.63,11716687,141708688.00
2010-08-10,7.48,7.58,7.16,7.18,7932315,95110224.00
2010-08-11,7.17,7.28,7.07,7.24,2966333,34618604.00
2010-08-12,7.14,7.20,6.96,7.00,3302915,37960012.00
2010-08-13,6.98,7.16,6.96,7.13,2405933,27620406.00
2010-08-16,7.14,7.36,7.07,7.26,3802206,44716760.00
2010-08-17,7.30,7.38,7.27,7.36,3743678,44571928.00
2010-08-18,7.38,7.42,7.24,7.35,3215737,38121824.00
2010-08-19,7.37,7.39,7.26,7.33,3265459,38836312.00
2010-08-20,7.32,7.50,7.27,7.34,6444864,77242056.00
2010-08-23,7.37,7.58,7.35,7.49,7175277,86973688.00
2010-08-24,7.54,7.60,7.41,7.48,5432722,65898712.00
2010-08-25,7.47,7.47,7.07,7.09,4685465,55104256.00
2010-08-26,7.11,7.24,7.11,7.19,2450897,28531292.00
2010-08-27,7.20,7.20,7.07,7.16,1729596,20056390.00
2010-08-30,7.18,7.46,7.16,7.45,3508380,41458588.00
2010-08-31,7.40,7.40,7.26,7.32,3012720,35744920.00
2010-09-01,7.32,7.34,7.12,7.17,3356053,39398624.00
2010-09-02,7.22,7.47,7.20,7.36,5720290,68199576.00
2010-09-03,7.42,7.58,7.37,7.50,7581324,91995896.00
2010-09-06,7.55,7.61,7.40,7.53,6008269,73049280.00
2010-09-07,7.54,7.57,7.38,7.48,3736953,45091200.00
2010-09-08,7.52,7.98,7.52,7.66,12766682,160327584.00
2010-09-09,7.60,7.66,7.38,7.42,6605290,80289736.00
2010-09-10,7.38,7.57,7.32,7.51,3553410,42935308.00
2010-09-13,7.51,7.64,7.42,7.60,4690003,57306824.00
2010-09-14,7.60,7.69,7.52,7.55,4295461,52808312.00
2010-09-15,7.50,7.59,7.42,7.44,3451179,41927252.00
2010-09-16,7.48,7.48,7.12,7.17,3849772,45296408.00
2010-09-17,7.16,7.24,7.08,7.13,1930014,22434792.00
2010-09-20,7.12,7.18,6.97,7.07,1560376,17984970.00
2010-09-21,7.08,7.15,6.92,6.99,1349482,15413806.00
2010-09-27,7.06,7.28,7.00,7.22,1902209,22210922.00
2010-09-28,7.22,7.31,7.02,7.14,2083222,24234038.00
2010-09-29,7.10,7.47,6.98,7.33,4282549,50294568.00
2010-09-30,7.33,7.37,7.22,7.28,3120599,36949476.00
2010-10-08,7.33,7.61,7.27,7.53,6673678,80889904.00
2010-10-11,7.60,7.84,7.58,7.64,10692212,133471976.00
2010-10-12,7.58,8.47,7.50,8.47,21892108,288668384.00
2010-10-13,8.73,9.38,8.73,9.19,31628380,458301408.00
2010-10-14,9.00,9.54,8.70,9.21,26507354,386408640.00
2010-10-15,9.00,9.52,8.79,9.15,17324327,253029088.00
2010-10-18,9.04,9.14,8.40,8.54,11419003,160153168.00
2010-10-19,8.53,8.93,8.51,8.76,7073718,99045912.00
2010-10-20,8.54,9.37,8.46,9.06,18777676,269399264.00
2010-10-21,9.07,9.10,8.68,8.83,9735630,137516896.00
2010-10-22,8.79,8.96,8.66,8.77,6931834,97784272.00
2010-10-25,8.94,9.30,8.66,9.07,11958247,171952400.00
2010-10-26,9.08,9.40,8.74,8.89,13885130,200782624.00
2010-10-27,8.89,8.90,8.67,8.70,7154558,100325720.00
2010-10-28,8.80,8.82,8.46,8.49,7803278,107647144.00
2010-10-29,8.53,8.69,8.53,8.66,5007173,69274368.00
2010-11-01,8.72,8.90,8.67,8.82,9018710,127312984.00
2010-11-02,8.84,8.84,8.60,8.62,8951800,124311984.00
2010-11-03,8.62,8.84,8.50,8.77,9212611,128752304.00
2010-11-04,8.78,8.96,8.68,8.95,11017568,156116400.00
2010-11-05,9.00,9.79,8.89,9.56,25403334,379713344.00
2010-11-08,9.41,9.64,9.30,9.50,15009164,226488256.00
2010-11-09,9.52,9.56,9.23,9.33,10832252,161930336.00
2010-11-11,9.23,9.64,9.14,9.15,9833663,147177792.00
2010-11-12,9.18,9.18,8.20,8.25,11818699,164871104.00
2010-11-15,8.51,8.82,8.34,8.59,8381657,115055376.00
2010-11-16,8.60,8.65,8.04,8.15,5918996,78838472.00
2010-11-17,8.07,8.27,7.92,8.01,3618704,47207856.00
2010-11-18,8.07,8.20,7.97,8.12,2727484,35494644.00
2010-11-19,8.12,8.20,7.80,8.14,5274706,68198912.00
2010-11-22,8.08,8.27,8.00,8.18,4059571,53306476.00
2010-11-23,8.20,8.20,7.75,7.93,3209850,41192888.00
2010-11-24,7.87,8.19,7.81,8.18,3307218,42982060.00
2010-11-25,8.18,8.44,8.16,8.28,4838177,64634792.00
2010-11-26,8.26,8.68,8.12,8.42,8349415,113168616.00
2010-11-29,8.40,8.40,8.08,8.20,3916598,51608716.00
2010-11-30,8.21,8.25,7.63,7.83,4354713,55564672.00
2010-12-01,7.88,7.92,7.74,7.82,2150176,27119652.00
2010-12-02,7.94,8.06,7.82,7.90,2731479,35084596.00
2010-12-03,7.90,8.00,7.70,7.81,1783116,22503804.00
2010-12-06,7.82,7.93,7.74,7.84,1843020,23333794.00
2010-12-07,7.86,7.98,7.74,7.96,2512618,32046220.00
2010-12-08,7.96,7.99,7.85,7.87,1870388,23906264.00
2010-12-09,7.87,7.87,7.61,7.62,2353942,29381388.00
2010-12-10,7.61,7.74,7.58,7.70,1601584,19831280.00
2010-12-13,7.74,7.94,7.73,7.94,2565073,32607832.00
2010-12-14,7.94,8.19,7.87,8.15,4371504,56700596.00
2010-12-15,8.12,9.00,7.96,8.63,14895987,204800944.00
2010-12-16,8.43,8.63,8.34,8.41,6815349,92600800.00
2010-12-17,8.34,8.44,8.14,8.22,4041198,53594304.00
2010-12-20,8.22,8.34,7.71,8.00,3956115,51423980.00
2010-12-21,8.04,8.26,8.04,8.19,2950756,38759128.00
2010-12-22,8.26,8.32,8.06,8.09,3451717,45346960.00
2010-12-23,8.07,8.19,8.00,8.05,2294975,29901552.00
2010-12-24,7.97,8.12,7.87,7.99,3104774,40109000.00
2010-12-27,7.94,8.23,7.81,7.86,2644884,34401728.00
2010-12-28,7.80,7.98,7.45,7.46,2427388,29969266.00
2010-12-29,7.46,7.68,7.42,7.61,1701488,20866932.00
2010-12-30,7.65,7.65,7.46,7.50,1368689,16697326.00
2010-12-31,7.53,7.71,7.53,7.68,1745549,21552122.00
2011-01-04,7.76,7.92,7.76,7.87,2877095,36467176.00
2011-01-05,7.87,7.87,7.70,7.80,2387882,29987162.00
2011-01-06,7.88,7.88,7.61,7.66,1863814,23185688.00
2011-01-07,7.61,7.76,7.56,7.66,1810702,22426476.00
2011-01-10,7.66,7.66,7.51,7.54,1496840,18360800.00
2011-01-11,7.57,7.66,7.44,7.48,1220967,14807671.00
2011-01-12,7.54,7.54,7.16,7.32,4449330,52752448.00
2011-01-13,7.31,7.54,7.24,7.53,2791271,33533440.00
2011-01-14,7.44,7.44,7.24,7.25,1665395,19782888.00
2011-01-17,7.21,7.29,6.82,6.84,1858881,21235448.00
2011-01-18,6.80,6.87,6.71,6.80,1131304,12551605.00
2011-01-19,6.86,6.94,6.81,6.94,1157119,12972505.00
2011-01-20,6.94,7.08,6.58,6.61,2219846,24677756.00
2011-01-21,6.62,6.88,6.62,6.74,1699948,18792344.00
2011-01-24,6.74,6.78,6.56,6.60,1229122,13333971.00
2011-01-25,6.60,6.70,6.40,6.46,1291295,13703158.00
2011-01-26,6.47,6.66,6.46,6.62,945957,10187013.00
2011-01-27,6.59,6.77,6.52,6.74,1591546,17409180.00
2011-01-28,6.74,6.90,6.68,6.84,1482959,16419380.00
2011-01-31,6.74,6.93,6.74,6.91,1536653,17210378.00
2011-02-01,6.97,7.00,6.86,6.89,1170701,13176961.00
2011-02-09,6.80,6.88,6.67,6.68,1475120,16275227.00
2011-02-10,6.68,6.87,6.68,6.86,1463785,16202050.00
2011-02-11,6.86,7.14,6.83,7.13,4000930,45672060.00
2011-02-14,7.16,7.52,7.04,7.50,4863061,57729304.00
2011-02-15,7.49,8.22,7.36,7.79,11218499,141214688.00
2011-02-16,7.72,8.02,7.65,7.84,7578935,95318584.00
2011-02-17,7.76,7.98,7.60,7.68,4768910,59437944.00
2011-02-18,7.67,7.77,7.38,7.48,3181877,38595272.00
2011-02-21,7.40,7.58,7.36,7.58,2451647,29772456.00
2011-02-22,7.60,7.66,7.27,7.28,2752777,33012564.00
2011-02-23,7.28,7.46,7.21,7.41,1895670,22550468.00
2011-02-24,7.39,7.45,7.28,7.37,1757107,21013740.00
2011-02-25,7.38,7.48,7.27,7.42,1916129,22999944.00
2011-02-28,7.40,7.63,7.32,7.60,2998383,36434288.00
2011-03-01,7.60,7.60,7.48,7.52,2615433,31878196.00
2011-03-02,7.51,7.60,7.40,7.46,1927250,23332922.00
2011-03-03,7.45,7.54,7.40,7.42,1883019,22829228.00
2011-03-04,7.42,7.54,7.39,7.53,2078514,25224972.00
2011-03-07,7.54,7.82,7.53,7.74,5072746,63063200.00
2011-03-08,7.76,7.76,7.59,7.66,2820076,34850560.00
2011-03-09,7.66,7.73,7.62,7.65,2118027,26212926.00
2011-03-10,7.68,7.70,7.44,7.44,3054683,37188784.00
2011-03-11,7.42,7.51,7.34,7.34,2187141,26314680.00
2011-03-14,7.34,7.44,7.31,7.38,1757243,20972356.00
2011-03-15,7.40,7.44,6.97,7.12,3379142,39024588.00
2011-03-16,7.12,7.21,7.06,7.18,2193785,25444592.00
2011-03-17,7.17,7.37,6.92,7.15,2722041,31685092.00
2011-03-18,7.17,7.24,7.11,7.16,1494594,17381602.00
2011-03-21,7.14,7.24,7.08,7.14,1111885,12901526.00
2011-03-22,7.19,7.20,7.04,7.14,1081711,12505700.00
2011-03-23,7.17,7.26,7.10,7.25,1855540,21726988.00
2011-03-24,7.27,7.35,7.17,7.18,1786375,20941102.00
2011-03-25,7.22,7.27,7.18,7.24,1777291,20888972.00
2011-03-28,7.24,7.62,7.24,7.52,5995081,72417208.00
2011-03-29,7.42,7.49,7.27,7.29,3692231,44085252.00
2011-03-30,7.26,7.34,7.12,7.13,2093866,24422264.00
2011-03-31,7.11,7.22,6.98,6.99,1896274,21800980.00
2011-04-01,7.04,7.10,6.98,7.09,989744,11344932.00
2011-04-06,7.08,7.13,6.97,7.11,1366776,15701246.00
2011-04-07,7.12,7.22,7.08,7.17,1521818,17729520.00
2011-04-08,7.14,7.25,7.08,7.21,1580938,18488616.00
2011-04-11,7.26,7.33,7.19,7.24,2489116,29309904.00
2011-04-12,7.24,7.34,7.14,7.32,2442394,28745246.00
2011-04-13,7.27,7.30,7.15,7.29,2296304,26940650.00
2011-04-14,7.28,7.36,7.24,7.32,2520530,29897220.00
2011-04-15,7.20,7.38,7.14,7.30,2809149,33157432.00
2011-04-18,7.23,7.33,7.20,7.25,2295250,27038590.00
2011-04-19,7.23,7.23,6.99,7.00,2731062,31302722.00
2011-04-27,7.00,7.20,6.81,6.86,3014759,34390380.00
2011-04-28,6.92,7.50,6.73,7.34,6784397,78948328.00
2011-04-29,7.24,7.46,7.00,7.40,7344401,87063416.00
2011-05-03,7.40,7.56,7.22,7.54,6745329,81035528.00
2011-05-04,7.46,7.64,7.32,7.44,6486545,78491504.00
2011-05-05,7.42,7.57,7.34,7.54,5585343,67959920.00
2011-05-06,7.54,7.54,7.28,7.32,4150209,49692616.00
2011-05-09,7.34,7.82,7.29,7.71,8911091,109680488.00
2011-05-10,7.70,7.88,7.62,7.72,8020949,100193072.00
2011-05-11,7.67,7.84,7.58,7.73,5552915,69211592.00
2011-05-12,7.66,7.72,7.48,7.50,4347945,53494008.00
2011-05-13,7.50,8.02,7.47,7.98,9652294,121360288.00
2011-05-16,7.89,8.07,7.87,7.98,9680162,124665368.00
2011-05-17,7.99,8.20,7.83,8.07,9824178,127357104.00
2011-05-18,8.04,8.13,7.86,8.10,5659162,72747632.00
2011-05-19,8.04,8.11,7.88,7.88,4031634,51690060.00
2011-05-20,7.87,7.95,7.75,7.79,3814088,48313836.00
2011-05-23,7.82,7.88,7.08,7.20,6728568,81297472.00
2011-05-24,7.08,7.20,6.92,7.11,3587400,41139088.00
2011-05-25,7.15,7.18,6.96,6.96,2287743,26205914.00
2011-05-27,6.90,7.06,6.80,6.91,2015677,22785902.00
2011-05-30,6.89,7.06,6.78,6.95,1607875,18235376.00
2011-05-31,7.03,7.25,6.93,7.22,2629304,30439066.00
2011-06-01,7.18,7.27,7.09,7.16,1803913,20977920.00
2011-06-02,7.10,7.10,6.74,6.93,2736228,30756084.00
2011-06-03,6.89,7.08,6.88,7.02,2048474,23290922.00
2011-06-07,6.94,7.02,6.88,6.99,2014085,22783202.00
2011-06-08,6.94,6.99,6.84,6.92,2299661,25893890.00
2011-06-09,6.88,6.96,6.64,6.65,1907510,21226084.00
2011-06-10,6.66,6.70,6.42,6.55,2188510,23437134.00
2011-06-13,6.49,6.67,6.40,6.64,1268051,13673832.00
2011-06-14,6.64,6.77,6.60,6.75,2382762,26156768.00
2011-06-15,6.75,6.75,6.61,6.63,1085435,11822106.00
2011-06-16,6.54,6.56,6.44,6.46,1543856,16421036.00
2011-06-17,6.46,6.52,6.30,6.30,1293619,13605679.00
2011-06-20,6.27,6.32,6.10,6.16,1559273,15902909.00
2011-06-21,6.18,6.26,6.15,6.21,1232674,12567343.00
2011-06-22,6.26,6.27,6.07,6.18,1033156,10530528.00
2011-06-23,6.17,6.32,6.05,6.27,2122797,21553758.00
2011-06-24,6.28,6.46,6.22,6.40,3079075,32124296.00
2011-06-27,6.39,6.54,6.35,6.44,2476473,26185760.00
2011-06-28,6.52,6.52,6.38,6.46,1530914,16123498.00
2011-06-29,6.52,6.52,6.34,6.36,1723241,17874640.00
2011-06-30,6.36,6.49,6.32,6.48,2630387,27399040.00
2011-07-01,6.52,6.54,6.44,6.48,1729785,18162696.00
2011-07-04,6.49,6.67,6.48,6.62,3468508,36899592.00
2011-07-05,6.63,6.68,6.56,6.64,2350219,25172346.00
2011-07-06,6.65,6.78,6.56,6.72,3498158,37692668.00
2011-07-07,6.68,6.72,6.58,6.60,2912366,31299656.00
2011-07-08,6.61,6.64,6.58,6.62,1689514,18042816.00
2011-07-11,6.63,6.72,6.59,6.66,2001089,21465480.00
2011-07-12,6.64,6.64,6.44,6.44,2363468,24844912.00
2011-07-13,6.46,6.73,6.40,6.66,3817728,40597712.00
2011-07-14,6.66,6.96,6.63,6.92,7601743,83687928.00
2011-07-15,6.89,6.97,6.81,6.92,3809046,42377824.00
2011-07-18,6.89,6.94,6.76,6.87,2425290,26741652.00
2011-07-19,6.81,6.99,6.74,6.90,4304206,47561228.00
2011-07-20,6.87,6.90,6.74,6.77,4345089,47957848.00
2011-07-21,6.72,6.75,6.63,6.64,1937314,20908188.00
2011-07-22,6.69,6.72,6.64,6.65,913110,9842994.00
2011-07-25,6.65,6.69,6.36,6.38,2124237,22290760.00
2011-07-26,6.39,6.47,6.36,6.45,958341,9952930.00
2011-07-27,6.45,6.64,6.39,6.62,1537084,16265796.00
2011-07-28,6.57,6.57,6.49,6.54,789905,8343073.00
2011-07-29,6.60,6.66,6.50,6.60,1210222,12857952.00
2011-08-01,6.56,6.83,6.56,6.77,2244586,24451352.00
2011-08-02,6.77,6.89,6.66,6.87,2264556,24828608.00
2011-08-03,6.74,6.99,6.73,6.96,3623576,40507496.00
2011-08-04,6.94,7.06,6.85,6.88,2403867,26911838.00
2011-08-05,6.69,6.87,6.62,6.71,2081676,22581416.00
2011-08-08,6.68,6.78,6.16,6.66,3040279,32397208.00
2011-08-09,6.42,6.69,6.36,6.64,1842989,19528520.00
2011-08-10,6.73,7.21,6.73,7.03,5332327,59956432.00
2011-08-11,6.88,7.35,6.85,7.22,5511962,63262608.00
2011-08-12,7.22,7.44,7.16,7.23,5796558,67736568.00
2011-08-15,7.27,7.27,7.09,7.20,3731390,42915236.00
2011-08-16,7.18,7.34,7.00,7.09,4905375,56213112.00
2011-08-17,7.02,7.30,6.88,7.23,7890249,90324232.00
2011-08-18,7.16,7.23,7.01,7.21,4919330,56214912.00
2011-08-19,6.99,7.40,6.96,7.23,5738146,66602728.00
2011-08-22,7.16,7.32,7.12,7.20,2932487,33983168.00
2011-08-23,7.27,7.31,7.10,7.22,2408353,27778792.00
2011-08-24,7.26,7.26,7.01,7.04,3499371,40093692.00
2011-08-25,7.09,7.20,7.02,7.17,2507264,28689704.00
2011-08-26,7.14,7.37,7.13,7.32,3894127,45559128.00
2011-08-29,7.26,7.31,7.16,7.21,2093647,24288476.00
2011-08-30,7.26,7.28,7.02,7.03,2285580,26253780.00
2011-08-31,7.04,7.07,6.86,6.99,2068091,23160128.00
2011-09-01,7.02,7.07,6.83,6.87,1179714,13169853.00
2011-09-02,6.87,6.91,6.77,6.82,1042047,11437547.00
2011-09-05,6.76,6.76,6.61,6.64,1210256,13005278.00
2011-09-06,6.59,6.72,6.57,6.66,662825,7143084.00
2011-09-07,6.73,6.86,6.70,6.82,1016866,11120689.00
2011-09-08,6.83,6.86,6.72,6.74,694651,7605019.00
2011-09-09,6.82,6.84,6.68,6.69,833569,9066553.00
2011-09-13,6.64,6.66,6.57,6.64,473172,5055713.00
2011-09-14,6.70,6.75,6.54,6.74,701537,7546345.00
2011-09-15,6.74,6.78,6.70,6.70,481804,5237440.00
2011-09-16,6.73,6.80,6.68,6.69,501139,5451849.00
2011-09-19,6.69,6.80,6.62,6.75,1060420,11552679.00
2011-09-20,6.72,6.78,6.62,6.72,663684,7163487.00
2011-09-21,6.70,7.01,6.70,6.94,1848976,20537172.00
2011-09-22,6.88,6.96,6.62,6.63,1391208,15221836.00
2011-09-23,6.56,6.76,6.49,6.66,1252493,13367502.00
2011-09-26,6.62,6.72,6.52,6.59,729378,7778320.00
2011-09-27,6.66,6.82,6.62,6.80,1017536,11037662.00
2011-09-28,6.80,6.82,6.64,6.68,616259,6702714.00
2011-09-29,6.66,6.76,6.62,6.66,723289,7811906.00
2011-09-30,6.68,6.72,6.42,6.48,1255078,13169997.00
2011-10-10,6.48,6.62,6.48,6.52,748029,7922255.00
2011-10-11,6.74,6.78,6.44,6.52,766107,8158706.00
2011-10-12,6.46,6.70,6.46,6.68,2157791,23147936.00
2011-10-13,6.70,6.96,6.69,6.89,6835142,75222832.00
2011-10-14,6.86,6.86,6.64,6.72,3139412,34123716.00
2011-10-17,6.73,6.80,6.52,6.62,2368301,25352448.00
2011-10-18,6.59,6.59,6.46,6.48,1796510,18934932.00
2011-10-19,6.46,6.55,6.38,6.40,1288754,13420708.00
2011-10-20,6.40,6.40,6.01,6.22,2929413,29375820.00
2011-10-21,6.15,6.23,6.06,6.10,698471,6969537.00
2011-10-24,6.15,6.39,6.10,6.34,1294227,13084709.00
2011-10-25,6.32,6.46,6.24,6.41,1643198,16978464.00
2011-10-26,6.42,6.50,6.32,6.46,2494331,25968066.00
2011-10-27,6.48,6.49,6.39,6.44,1370867,14296706.00
2011-10-28,6.46,6.58,6.46,6.54,1478098,15585122.00
2011-10-31,6.54,6.56,6.43,6.49,1249875,13072296.00
2011-11-01,6.49,6.59,6.43,6.53,1367227,14476064.00
2011-11-02,6.42,6.79,6.37,6.72,2429198,26048952.00
2011-11-03,6.72,6.82,6.67,6.74,2973209,32351596.00
2011-11-04,6.72,6.90,6.66,6.82,2300225,25306764.00
2011-11-07,6.70,6.89,6.70,6.83,1142562,12567660.00
2011-11-08,6.82,6.87,6.68,6.76,1343502,14693645.00
2011-11-09,6.77,6.80,6.65,6.79,1913143,20699224.00
2011-11-10,6.70,6.82,6.68,6.72,2362408,25644292.00
2011-11-11,6.70,7.02,6.69,6.92,3291757,36722588.00
2011-11-14,6.93,7.24,6.93,7.12,3658072,41604200.00
2011-11-15,7.12,7.29,7.02,7.18,3157833,36329960.00
2011-11-16,7.16,7.24,7.02,7.13,2877939,33016324.00
2011-11-17,7.16,7.40,7.14,7.17,4488512,52158472.00
2011-11-18,7.22,7.25,7.10,7.20,6097864,70302864.00
2011-11-21,7.19,7.30,7.06,7.21,2148787,24783668.00
2011-11-22,7.21,7.35,7.14,7.26,2689867,31327060.00
2011-11-23,7.29,7.50,7.29,7.41,4481265,53387972.00
2011-11-24,7.39,7.46,6.84,7.13,5103861,59706644.00
2011-11-25,7.05,7.30,7.02,7.27,2107393,24445512.00
2011-11-28,7.27,7.46,7.27,7.46,2662680,31691466.00
2011-11-29,7.52,7.53,7.36,7.45,2354692,28088338.00
2011-11-30,7.46,7.46,7.10,7.30,2143835,25132704.00
2011-12-01,7.46,7.61,7.26,7.28,4827736,57274416.00
2011-12-02,7.30,7.44,7.16,7.26,1673733,19655710.00
2011-12-05,7.17,7.28,6.80,6.82,3941686,44225068.00
2011-12-06,6.83,6.94,6.62,6.82,3074697,33549792.00
2011-12-07,6.82,6.82,6.68,6.73,1335594,14495340.00
2011-12-08,6.67,6.80,6.63,6.73,1029088,11170757.00
2011-12-09,6.73,7.27,6.68,7.09,3454384,39111104.00
2011-12-12,7.02,7.16,6.92,7.04,1318584,14924077.00
2011-12-13,6.88,7.01,6.74,6.89,2131794,23580346.00
2011-12-14,6.89,7.05,6.80,6.96,866478,9715767.00
2011-12-15,6.96,7.06,6.78,6.96,1267334,14129434.00
2011-12-16,6.89,7.17,6.78,7.16,1613098,18084734.00
2011-12-19,7.10,7.28,7.02,7.23,5559692,64099668.00
2011-12-20,7.14,7.29,7.13,7.22,1364937,15801432.00
2011-12-21,7.22,7.30,7.10,7.16,789469,9122093.00
2011-12-22,7.06,7.20,6.89,7.17,1303073,14811271.00
2011-12-23,7.03,7.28,7.03,7.19,1554176,17885984.00
2011-12-26,7.10,7.19,6.96,6.98,670077,7586890.00
2011-12-27,7.02,7.02,6.84,6.88,645899,7196963.00
2011-12-28,6.96,7.55,6.94,7.09,3854956,44214384.00
2011-12-29,6.90,7.01,6.78,6.88,2557758,28223056.00
2011-12-30,6.82,6.92,6.69,6.90,2075023,22751756.00
2012-01-04,6.90,6.98,6.83,6.87,770238,8553920.00
2012-01-05,6.88,6.92,6.28,6.55,2372857,25034768.00
2012-01-06,6.41,6.49,6.32,6.43,1146952,11835706.00
2012-01-09,6.42,6.65,6.36,6.58,1259416,13319646.00
2012-01-10,6.56,6.90,6.52,6.86,1471292,16095469.00
2012-01-11,6.87,6.99,6.76,6.86,615391,6809097.00
2012-01-12,6.76,6.99,6.71,6.86,1336860,14848855.00
2012-01-13,6.92,6.92,6.56,6.65,819279,8844445.00
2012-01-16,6.65,6.65,6.38,6.49,499933,5255940.00
2012-01-17,6.55,6.79,6.46,6.76,2041873,21704620.00
2012-01-18,6.69,6.90,6.53,6.64,1449852,15792637.00
2012-01-19,6.49,6.76,6.49,6.71,978792,10586285.00
2012-01-20,6.66,6.80,6.66,6.78,1261051,13672294.00
2012-01-30,6.77,6.82,6.71,6.74,956698,10423568.00
2012-01-31,6.58,6.72,6.58,6.62,2212874,23724548.00
2012-02-01,6.65,6.65,6.55,6.57,360709,3843854.00
2012-02-02,6.58,6.68,6.57,6.66,281309,3013261.00
2012-02-03,6.68,6.74,6.63,6.70,592297,6392167.00
2012-02-06,6.93,7.28,6.74,6.86,3233254,36089172.00
2012-02-07,6.68,6.83,6.68,6.74,1269495,13751324.00
2012-02-08,6.72,6.88,6.70,6.85,2158351,23670022.00
2012-02-09,6.84,6.89,6.80,6.83,1315993,14505306.00
2012-02-10,6.82,6.92,6.79,6.86,1243734,13743167.00
2012-02-13,6.85,6.85,6.74,6.82,909197,9954850.00
2012-02-14,6.82,6.86,6.64,6.75,1616291,17535176.00
2012-02-15,6.70,6.83,6.70,6.80,1394642,15251727.00
2012-02-16,6.80,6.86,6.73,6.78,1157518,12680673.00
2012-02-17,6.78,6.95,6.72,6.92,2634725,29122612.00
2012-02-20,6.98,6.99,6.82,6.88,2691902,29904904.00
2012-02-21,6.88,6.93,6.77,6.88,1210217,13338194.00
2012-02-22,6.86,6.98,6.78,6.98,2619095,29081914.00
2012-02-23,6.94,7.07,6.88,7.04,3356381,37751044.00
2012-02-24,7.02,7.10,6.95,7.06,2939377,33302300.00
2012-02-27,7.06,7.20,6.99,7.00,3716140,42355352.00
2012-02-28,6.99,7.08,6.93,7.01,2997130,33668372.00
2012-02-29,7.01,7.20,6.95,7.04,5022643,57260604.00
2012-03-01,6.96,7.02,6.90,6.96,2142986,23980648.00
2012-03-02,6.96,7.06,6.92,7.04,2063781,23275724.00
2012-03-05,7.06,7.17,7.00,7.11,4087547,46609428.00
2012-03-06,7.04,7.08,6.84,6.94,2449436,27480288.00
2012-03-07,6.88,7.13,6.86,7.02,2811390,31749588.00
2012-03-08,7.04,7.28,7.04,7.18,4858737,56143228.00
2012-03-09,7.18,7.26,7.12,7.24,2641055,30518580.00
2012-03-12,7.29,7.35,7.14,7.20,2884793,33519550.00
2012-03-13,7.20,7.36,7.18,7.35,2689840,31518790.00
2012-03-14,7.36,7.36,6.92,7.05,3425377,39414944.00
2012-03-15,7.05,7.11,6.82,6.91,2799343,31202446.00
2012-03-16,6.95,7.05,6.84,7.04,1796739,20136352.00
2012-03-19,7.02,7.20,6.90,7.18,2633338,29836026.00
2012-03-20,7.22,7.38,7.04,7.30,4516798,52431204.00
2012-03-21,7.22,7.28,7.09,7.22,1881689,21724396.00
2012-03-22,7.19,7.34,7.02,7.02,2994621,34586152.00
2012-03-23,6.96,7.06,6.92,6.98,1643888,18475956.00
2012-03-26,7.05,7.05,6.89,6.98,889312,9953799.00
2012-03-27,6.99,7.11,6.99,7.03,1478943,16767452.00
2012-03-30,6.76,7.04,6.70,6.88,2549448,28268836.00
2012-04-05,6.92,7.11,6.82,7.08,1595394,17917930.00
2012-04-06,7.09,7.16,7.02,7.12,1149928,13107153.00
2012-04-09,7.09,7.22,7.08,7.10,2049782,23577032.00
2012-04-10,7.10,7.22,6.96,7.20,1748455,19936712.00
2012-04-11,7.14,7.36,7.12,7.28,3637342,42463300.00
2012-04-12,7.28,7.49,7.21,7.46,4052125,47835856.00
2012-04-13,7.45,7.48,7.30,7.34,2958860,35079576.00
2012-04-16,7.34,7.44,7.30,7.42,1891438,22417184.00
2012-04-17,7.38,7.52,7.23,7.28,2026744,23901214.00
2012-04-18,7.35,7.48,7.28,7.44,1897515,22532500.00
2012-04-19,7.46,7.47,7.34,7.39,1546933,18402100.00
2012-04-20,7.38,7.50,7.36,7.49,2782001,33181568.00
2012-04-24,7.44,7.52,7.24,7.42,3273732,38643288.00
2012-04-25,7.37,7.78,7.31,7.75,4326773,52272016.00
2012-04-26,7.76,7.92,7.64,7.72,4840797,60070228.00
2012-04-27,7.81,7.81,7.65,7.72,2344284,28974772.00
2012-05-02,7.82,7.90,7.71,7.86,3026118,37827732.00
2012-05-03,7.82,7.86,7.60,7.68,2978333,36707852.00
2012-05-04,7.74,7.76,7.64,7.73,2426250,29886768.00
2012-05-07,7.70,7.82,7.64,7.78,2384476,29541784.00
2012-05-08,7.79,7.98,7.60,7.96,3733878,46684656.00
2012-05-09,7.96,8.13,7.82,7.84,5296090,67347648.00
2012-05-10,7.86,8.12,7.86,8.00,3617226,46294204.00
2012-05-11,7.91,8.00,7.69,7.75,2847426,35575320.00
2012-05-14,7.88,8.06,7.80,7.92,3555508,45056524.00
2012-05-15,7.83,7.92,7.66,7.90,2603183,32324530.00
2012-05-16,7.89,8.04,7.81,7.96,3389543,42973124.00
2012-05-17,7.93,8.08,7.83,7.97,2141918,27153668.00
2012-05-18,7.90,7.94,7.66,7.68,1949466,24198312.00
2012-05-21,7.66,7.77,7.50,7.55,2294737,27968992.00
2012-05-22,7.60,7.70,7.60,7.67,2230562,27279676.00
2012-05-23,7.67,7.86,7.61,7.80,2163648,26707214.00
2012-05-24,7.87,7.92,7.56,7.58,2032275,25062668.00
2012-05-25,7.59,7.64,7.51,7.54,1320140,15988218.00
2012-05-28,7.51,7.62,7.32,7.60,1467058,17514888.00
2012-05-29,7.62,7.70,7.55,7.68,1328401,16218922.00
2012-05-30,7.68,7.68,7.54,7.57,1144126,13909522.00
2012-05-31,7.52,7.74,7.45,7.68,1696428,20679180.00
2012-06-01,7.68,7.73,7.62,7.72,2030029,24946742.00
2012-06-04,7.54,7.68,7.51,7.53,1303613,15823700.00
2012-06-05,7.53,7.66,7.48,7.65,1365413,16557237.00
2012-06-06,7.64,7.72,7.58,7.61,669108,8169887.00
2012-06-07,7.64,7.80,7.64,7.67,1720722,21248486.00
2012-06-08,7.85,7.86,7.67,7.70,1378402,17066944.00
2012-06-11,7.71,7.71,7.49,7.68,1311945,15957895.00
2012-06-12,7.68,7.68,7.52,7.56,1036495,12558073.00
2012-06-13,7.60,7.83,7.54,7.82,2666828,32878056.00
2012-06-14,7.82,7.93,7.71,7.87,2534885,20932616.00
2012-06-15,7.76,7.95,7.64,7.91,3076876,25193704.00
2012-06-18,7.94,7.94,7.80,7.86,2152593,17832412.00
2012-06-19,7.87,7.87,7.72,7.75,1426847,11691963.00
2012-06-20,7.76,8.28,7.64,8.03,4367115,36705184.00
2012-06-21,7.93,7.98,7.66,7.71,3377111,27639426.00
2012-06-25,7.68,7.70,7.48,7.59,2743494,21966164.00
2012-06-26,7.61,7.65,7.43,7.50,1534569,12152262.00
2012-06-27,7.46,7.63,7.45,7.61,1723888,13778329.00
2012-06-28,7.59,7.71,7.57,7.57,1900886,15366397.00
2012-06-29,7.56,7.68,7.46,7.66,1740137,13915983.00
2012-07-02,7.70,7.73,7.56,7.72,2087335,16817100.00
2012-07-03,7.73,7.99,7.64,7.88,3449051,28503980.00
2012-07-04,7.87,8.00,7.79,7.88,2185124,18232596.00
2012-07-05,7.88,7.99,7.76,7.78,1692066,13964105.00
2012-07-06,7.80,7.95,7.78,7.87,2505419,20759128.00
2012-07-09,7.83,7.93,7.61,7.70,2969340,24395220.00
2012-07-10,7.68,7.69,7.51,7.62,1786851,14295037.00
2012-07-11,7.59,7.70,7.52,7.69,1173645,9451382.00
2012-07-12,7.71,7.81,7.61,7.76,2161802,17547038.00
2012-07-13,7.71,7.82,7.71,7.79,1642919,13475732.00
2012-07-16,7.79,7.88,7.53,7.60,4016623,32727168.00
2012-07-17,7.41,7.64,7.41,7.57,1479637,11823630.00
2012-07-18,7.56,7.79,7.55,7.77,1539689,12399098.00
2012-07-19,7.80,7.85,7.76,7.80,1763702,14499921.00
2012-07-20,7.79,7.79,7.69,7.72,562150,4584505.00
2012-07-23,7.60,7.73,7.56,7.66,786996,6338337.00
2012-07-24,7.66,7.83,7.63,7.77,884857,7217647.00
2012-07-25,7.72,7.77,7.48,7.67,873050,7044942.00
2012-07-26,7.67,7.67,7.53,7.57,1300447,10405270.00
2012-07-27,7.60,7.63,7.54,7.56,748697,5978782.00
2012-07-30,7.57,7.61,7.54,7.57,820181,6550704.00
2012-07-31,7.58,7.60,7.03,7.14,2834378,21741872.00
2012-08-01,7.09,7.23,7.03,7.09,1376070,10371636.00
2012-08-02,7.09,7.15,6.88,6.97,1417108,10473806.00
2012-08-03,7.01,7.28,6.89,7.27,1586502,11908597.00
2012-08-06,7.18,7.46,7.13,7.40,2126715,16511977.00
2012-08-07,7.44,7.61,7.44,7.48,1709850,13597432.00
2012-08-08,7.48,7.64,7.36,7.50,2466314,19548394.00
2012-08-09,7.55,7.67,7.43,7.61,2062892,16529002.00
2012-08-10,7.61,7.63,7.41,7.47,2530348,19966080.00
2012-08-13,7.48,7.50,7.38,7.43,877195,6894247.00
2012-08-14,7.39,7.49,7.28,7.41,1305313,10196446.00
2012-08-15,7.45,7.45,7.14,7.27,869479,6721895.00
2012-08-16,7.26,7.45,7.24,7.33,814594,6349933.00
2012-08-17,7.39,7.52,7.32,7.46,1176722,9265687.00
2012-08-20,7.38,7.53,7.38,7.52,1177757,9309434.00
2012-08-21,7.53,7.61,7.48,7.59,2113032,16793242.00
2012-08-22,7.67,7.67,7.43,7.50,1024193,8109335.00
2012-08-23,7.52,7.58,7.43,7.50,1367755,10841843.00
2012-08-24,7.52,7.52,7.33,7.46,1160599,9086140.00
2012-08-27,7.38,7.91,7.28,7.72,3338735,26899364.00
2012-08-28,7.60,7.98,7.60,7.94,4697988,38797216.00
2012-08-29,7.88,8.01,7.73,7.82,3114853,25926930.00
2012-08-30,7.82,8.37,7.78,8.31,8177725,69794056.00
2012-08-31,8.27,8.69,8.06,8.13,9504564,83453856.00
2012-09-03,8.04,8.33,7.98,8.27,5600832,48436584.00
2012-09-04,8.27,8.55,8.09,8.15,4752757,41642524.00
2012-09-05,8.13,8.13,7.97,8.05,2723693,23020704.00
2012-09-06,8.04,8.24,8.02,8.13,2645944,22580144.00
2012-09-07,8.18,8.53,8.18,8.36,5284467,46680460.00
2012-09-10,8.51,8.83,8.31,8.61,5162653,46582068.00
2012-09-11,8.45,8.57,8.38,8.51,3980214,35291104.00
2012-09-12,8.41,8.72,8.41,8.58,4083541,36779672.00
2012-09-13,8.68,8.94,8.59,8.60,6055464,55682552.00
2012-09-14,8.78,8.78,8.38,8.63,7523779,67351208.00
2012-09-17,8.57,8.57,8.10,8.13,5994033,52200560.00
2012-09-18,8.08,8.32,7.96,8.04,4854596,41255312.00
2012-09-19,8.08,8.12,7.95,8.06,2167274,18340000.00
2012-09-20,8.06,8.08,7.77,7.84,4081293,33896432.00
2012-09-21,7.81,8.12,7.75,7.97,3106665,26200584.00
2012-09-24,7.98,8.21,7.90,8.13,3111636,26569416.00
2012-09-25,8.04,8.05,7.91,7.97,1748980,14682698.00
2012-09-26,7.97,7.98,7.58,7.70,2952350,24032240.00
2012-09-27,7.60,7.93,7.60,7.84,1782762,14618717.00
2012-09-28,7.84,8.08,7.73,8.02,1937665,16196392.00
2012-10-08,8.01,8.08,7.90,8.02,2135452,17931880.00
2012-10-09,8.03,8.22,8.01,8.21,2595646,22264362.00
2012-10-10,8.18,8.33,8.18,8.22,2216252,19206676.00
2012-10-11,8.22,8.22,8.02,8.16,1927305,16469309.00
2012-10-12,8.16,8.46,8.15,8.36,5989016,52178524.00
2012-10-15,8.37,8.67,8.26,8.40,7929794,70457616.00
2012-10-16,8.34,8.37,8.18,8.24,3943999,34232644.00
2012-10-17,8.24,8.28,8.02,8.03,3330028,28326624.00
2012-10-18,8.05,8.12,8.01,8.10,4489501,38131556.00
2012-10-19,8.10,8.13,8.06,8.06,1587547,13513283.00
2012-10-22,8.06,8.38,8.03,8.37,6069435,52849212.00
2012-10-23,8.28,8.40,8.23,8.29,2559562,22362356.00
2012-10-24,8.28,8.53,8.08,8.15,3305379,28807088.00
2012-10-25,8.17,8.52,8.03,8.43,7315359,63742352.00
2012-10-26,8.34,8.44,8.05,8.16,4471790,38681320.00
2012-10-29,8.20,8.33,7.98,8.30,5130457,44492888.00
2012-10-30,8.28,8.48,8.28,8.34,4680719,41319072.00
2012-10-31,8.34,8.97,8.24,8.70,14646533,133013296.00
2012-11-01,8.62,8.91,8.58,8.71,10228419,93336024.00
2012-11-02,8.71,8.80,8.59,8.68,5157973,47061936.00
2012-11-05,8.68,9.00,8.65,8.75,9551171,88557944.00
2012-11-06,8.68,8.85,8.33,8.78,8033844,72117616.00
2012-11-07,8.75,8.83,8.60,8.66,3913190,35780736.00
2012-11-08,8.53,8.79,8.43,8.59,4333200,39276656.00
2012-11-09,8.59,8.76,8.39,8.57,4464666,40147516.00
2012-11-12,8.49,8.64,8.45,8.56,2439020,21879882.00
2012-11-13,8.58,8.63,8.43,8.55,3021616,27021676.00
2012-11-14,8.45,8.63,8.17,8.62,4354156,38506040.00
2012-11-15,8.59,8.59,8.39,8.50,1644049,14619408.00
2012-11-16,8.45,8.45,8.07,8.22,3701510,32048876.00
2012-11-19,8.16,8.32,8.14,8.27,1280548,11066126.00
2012-11-20,8.28,8.46,8.28,8.33,1876013,16497902.00
2012-11-21,8.33,8.54,8.18,8.53,1921905,16908540.00
2012-11-22,8.50,8.83,8.46,8.66,5653451,51520712.00
2012-11-23,8.67,8.82,8.53,8.81,3906399,35764624.00
2012-11-26,8.80,8.80,8.57,8.64,2172873,19724432.00
2012-11-27,8.56,8.56,8.23,8.36,3208967,28189304.00
2012-11-28,8.30,8.53,8.08,8.47,2362338,20677980.00
2012-11-29,8.47,8.52,8.16,8.19,3520449,30533892.00
2012-11-30,8.30,8.33,8.03,8.30,2369228,20415084.00
2012-12-03,8.29,8.45,8.23,8.34,1958975,17170960.00
2012-12-04,8.38,8.71,8.34,8.65,4186437,37548856.00
2012-12-05,8.67,8.93,8.56,8.88,6940606,64052084.00
2012-12-06,8.83,9.19,8.63,8.94,8814097,82180392.00
2012-12-07,8.89,9.15,8.78,8.87,8217020,77226856.00
2012-12-10,8.87,8.90,8.75,8.80,4990625,46129104.00
2012-12-11,8.80,8.90,8.71,8.76,3577438,32955374.00
2012-12-12,8.58,8.68,8.23,8.37,27309471,241036736.00
2012-12-13,8.28,8.52,8.20,8.39,8636452,76045248.00
2012-12-14,8.44,8.74,8.39,8.68,15273962,136997536.00
2012-12-17,8.66,8.77,8.55,8.56,7088558,63988884.00
2012-12-18,8.55,8.63,8.38,8.52,7619391,67877488.00
2012-12-19,8.50,8.65,8.50,8.63,6599035,59429868.00
2012-12-20,8.64,8.76,8.58,8.73,7297124,66500344.00
2012-12-21,8.73,8.74,8.46,8.48,6960777,62865160.00
2012-12-24,8.42,8.73,8.28,8.71,7374080,65348476.00
2012-12-25,8.66,8.94,8.61,8.90,10560286,97871616.00
2012-12-26,8.90,9.00,8.77,8.92,8085867,75067376.00
2012-12-27,8.90,9.00,8.61,8.89,10001066,92780064.00
2012-12-28,8.84,8.90,8.74,8.82,5687062,52441084.00
2012-12-31,8.85,9.23,8.82,9.11,9241710,87546048.00
2013-01-04,9.14,9.24,8.93,9.03,7035322,66714560.00
2013-01-07,9.02,9.53,8.96,9.50,11131818,108626448.00
2013-01-08,9.47,9.73,9.28,9.44,7085189,70254000.00
2013-01-09,9.42,9.72,9.33,9.65,6416136,64122424.00
2013-01-10,9.66,9.71,9.49,9.58,3740741,37355932.00
2013-01-11,9.63,9.63,8.83,9.05,21437977,203860432.00
2013-01-14,8.99,9.28,8.86,9.21,14104281,133860360.00
2013-01-15,9.19,9.28,9.10,9.21,10668418,102563232.00
2013-01-16,9.18,9.18,8.95,9.02,9276865,87724744.00
2013-01-17,9.00,9.18,8.93,9.10,5173079,49003720.00
2013-01-18,9.08,9.18,9.04,9.14,5401461,51496140.00
2013-01-21,9.15,9.39,9.09,9.36,8488285,82114480.00
2013-01-22,9.31,9.31,9.05,9.09,6196009,59273356.00
2013-01-23,9.07,9.12,8.89,9.08,7055406,66217384.00
2013-01-24,9.08,9.11,8.69,8.92,6221911,58061632.00
2013-01-25,8.89,8.92,8.76,8.83,2604044,24116820.00
2013-01-28,8.82,9.03,8.78,8.98,4045716,37879912.00
2013-01-29,8.99,9.12,8.93,9.08,4003769,37840740.00
2013-01-30,9.08,9.13,8.85,9.08,5684830,53675952.00
2013-01-31,9.02,9.06,8.91,8.95,3918456,36751576.00
2013-02-01,8.91,9.13,8.89,9.13,4796715,45391464.00
2013-02-04,9.12,9.23,9.00,9.14,5993360,57264184.00
2013-02-05,9.10,9.25,9.00,9.22,4246966,40737328.00
2013-02-06,9.20,9.29,9.12,9.19,4321739,41480256.00
2013-02-07,9.19,9.35,9.19,9.27,4956107,48046964.00
2013-02-08,9.31,9.44,9.25,9.40,6237871,61006472.00
2013-02-18,9.47,9.68,9.34,9.41,7391252,73431560.00
2013-02-19,9.42,9.42,9.14,9.16,4272551,41234088.00
2013-02-20,9.14,9.68,9.09,9.62,14382464,143421264.00
2013-02-21,9.72,9.74,9.43,9.60,12528290,125776984.00
2013-02-22,9.57,9.70,9.30,9.51,8660978,86198936.00
2013-02-25,9.53,9.99,9.43,9.92,16367656,167116528.00
2013-02-26,9.93,10.02,9.60,9.70,10578532,108722672.00
2013-02-27,9.78,9.84,9.58,9.69,5493254,55456036.00
2013-02-28,9.64,9.85,9.43,9.84,9318027,93650000.00
2013-03-01,9.78,10.11,9.74,9.96,9227446,95877480.00
2013-03-04,9.85,9.86,9.43,9.49,8970307,90071712.00
2013-03-05,9.51,9.80,9.37,9.77,8210217,82386128.00
2013-03-06,9.81,9.87,9.63,9.71,6579933,66893848.00
2013-03-07,9.69,9.72,9.44,9.57,5997531,59896064.00
2013-03-08,9.57,9.57,9.20,9.30,8826570,86335600.00
2013-03-11,9.31,9.43,9.26,9.37,4393121,42906108.00
2013-03-12,9.38,9.48,9.08,9.19,5521838,53529264.00
2013-03-13,9.20,9.27,9.01,9.19,4134294,39570060.00
2013-03-14,9.18,9.34,9.12,9.19,3083576,29771444.00
2013-03-15,9.23,9.46,9.18,9.37,5786573,56543328.00
2013-03-18,9.33,9.46,9.28,9.31,2461879,24066880.00
2013-03-19,9.31,9.46,9.31,9.44,3513093,34497864.00
2013-03-20,9.40,9.60,9.40,9.57,4791699,47666512.00
2013-03-21,9.55,9.84,9.54,9.75,8454573,85663104.00
2013-03-22,9.76,9.85,9.58,9.74,6571480,66828792.00
2013-03-25,10.10,10.75,10.10,10.16,28406902,305679328.00
2013-03-26,9.88,10.00,9.74,9.88,9176139,94261976.00
2013-03-27,9.81,9.93,9.68,9.84,4939198,50500436.00
2013-03-28,9.74,9.75,9.46,9.49,4964481,49782872.00
2013-03-29,9.49,9.78,9.49,9.73,5391686,54234880.00
2013-04-01,9.73,9.87,9.56,9.77,4080959,41340648.00
2013-04-02,9.91,10.07,9.78,9.84,7207638,74492472.00
2013-04-03,9.86,10.03,9.67,9.83,4594719,47064416.00
2013-04-08,9.84,9.95,9.59,9.88,5170319,52702096.00
2013-04-09,9.92,9.93,9.48,9.56,13199352,132370616.00
2013-04-10,9.57,9.75,9.50,9.68,8534447,85659576.00
2013-04-11,9.73,9.74,9.51,9.54,3794036,37904824.00
2013-04-12,9.49,9.53,9.33,9.34,7302375,71734936.00
2013-04-15,9.32,9.32,8.98,9.09,5217850,49831152.00
2013-04-16,8.99,9.02,8.78,8.95,7637616,71212904.00
2013-04-17,8.95,9.14,8.92,9.10,4612712,43847672.00
2013-04-24,9.29,9.38,9.00,9.11,11008957,105371672.00
2013-04-25,9.06,9.06,8.64,8.70,7116819,65370184.00
2013-04-26,8.69,8.78,8.59,8.75,2962472,26948626.00
2013-05-02,8.72,8.72,8.40,8.41,5088254,45616912.00
2013-05-03,8.43,8.64,8.37,8.42,13293467,118089720.00
2013-05-06,8.48,8.73,8.44,8.65,10602900,95832640.00
2013-05-07,8.64,8.72,8.58,8.68,5890974,53343008.00
2013-05-08,8.70,8.77,8.69,8.76,5607479,51338864.00
2013-05-09,8.76,9.13,8.73,9.11,14517175,136584368.00
2013-05-10,8.99,9.43,8.99,9.30,9967971,96866072.00
2013-05-13,9.32,9.32,9.11,9.25,3185062,30603120.00
2013-05-14,9.23,9.23,8.79,8.91,6072677,56673176.00
2013-05-15,8.91,8.96,8.78,8.85,3169387,29414264.00
2013-05-16,8.83,9.06,8.75,9.05,4646716,43464952.00
2013-05-17,9.03,9.23,9.00,9.14,6831037,65289052.00
2013-05-20,9.15,9.43,9.10,9.42,8528277,82832736.00
2013-05-21,9.44,9.53,9.30,9.50,7948450,78323912.00
2013-05-22,9.47,9.55,9.30,9.32,6930939,68356096.00
2013-05-23,9.34,9.51,9.06,9.18,11993568,116772072.00
2013-05-24,9.24,9.33,8.97,9.17,9039192,85937632.00
2013-05-27,9.15,9.43,9.04,9.38,10580762,102855936.00
2013-05-28,9.41,9.56,9.31,9.46,11964947,117848504.00
2013-05-29,9.48,9.52,9.31,9.35,9428129,92930432.00
2013-05-30,9.35,9.40,9.04,9.14,11565257,111445768.00
2013-05-31,9.15,9.26,8.95,9.03,7907995,75505824.00
2013-06-03,8.98,9.30,8.97,9.25,8178999,78534088.00
2013-06-04,9.23,9.31,9.08,9.15,5898318,56734940.00
2013-06-05,9.14,9.53,9.12,9.49,16525880,162322112.00
2013-06-06,9.48,9.56,9.38,9.47,9828063,97223576.00
2013-06-07,9.46,9.63,9.31,9.60,11150981,110342264.00
2013-06-13,9.58,9.58,8.76,8.89,8830206,83312800.00
2013-06-14,8.80,9.11,8.80,9.04,4827999,45468600.00
2013-06-17,9.08,9.81,9.05,9.80,15052055,149776064.00
2013-06-18,9.76,9.82,9.56,9.73,7350738,74456520.00
2013-06-19,9.74,9.90,9.46,9.76,6827596,68932848.00
2013-06-20,9.77,9.80,9.42,9.48,5628089,56381108.00
2013-06-21,9.33,9.46,9.02,9.27,5135467,49402044.00
2013-06-24,9.33,9.34,8.59,8.76,5283144,48490052.00
2013-06-25,8.67,8.74,7.86,8.53,7795357,67451408.00
2013-06-26,8.51,8.70,8.23,8.47,8350204,72721560.00
2013-06-27,8.56,8.84,8.42,8.49,6920748,61733496.00
2013-06-28,8.41,8.69,8.32,8.60,6812682,60227908.00
2013-07-01,8.71,8.71,8.11,8.32,12596184,108309680.00
2013-07-02,8.22,8.28,7.86,8.08,17504954,145068816.00
2013-07-03,7.98,7.98,7.75,7.82,11335038,92038624.00
2013-07-04,7.79,7.94,7.66,7.88,7480334,60742176.00
2013-07-05,7.91,7.98,7.83,7.86,5542522,45356792.00
2013-07-08,7.98,7.98,7.49,7.51,7795835,62405148.00
2013-07-09,7.54,7.62,7.36,7.46,5654429,43887744.00
2013-07-10,7.46,7.66,7.36,7.66,12538288,97428840.00
2013-07-11,7.62,7.95,7.62,7.88,11146627,90479592.00
2013-07-12,7.87,7.93,7.72,7.74,7951483,64647824.00
2013-07-15,7.75,8.00,7.74,8.00,10077001,82411424.00
2013-07-16,7.92,8.06,7.85,7.97,7386102,60781596.00
2013-07-17,7.93,7.93,7.69,7.71,6887608,55736448.00
2013-07-18,7.70,7.76,7.59,7.65,3619751,28742092.00
2013-07-19,7.62,7.68,7.29,7.30,8362022,64891400.00
2013-07-22,7.20,7.46,7.13,7.42,5395698,41026896.00
2013-07-23,7.41,7.63,7.35,7.56,5742292,44952936.00
2013-07-24,7.54,7.61,7.31,7.44,5702379,44028480.00
2013-07-25,7.39,7.50,7.35,7.40,4144228,31963806.00
2013-07-26,7.38,7.58,7.36,7.43,4392904,34035432.00
2013-07-29,7.40,7.53,7.36,7.46,5090969,39492992.00
2013-07-30,7.45,7.56,7.33,7.52,5526954,42839420.00
2013-07-31,7.55,7.60,7.40,7.47,4135852,32205984.00
2013-08-01,7.54,7.66,7.53,7.64,8307065,65553300.00
2013-08-02,7.66,7.72,7.56,7.60,6805673,53775888.00
2013-08-05,7.60,7.66,7.52,7.65,5571436,43880768.00
2013-08-06,7.64,7.68,7.53,7.65,8309132,65645704.00
2013-08-07,7.60,7.65,7.49,7.51,9116087,71578928.00
2013-08-08,7.50,7.52,7.39,7.41,6634935,51294576.00
2013-08-09,7.41,7.50,7.41,7.47,4427722,34292028.00
2013-08-12,7.54,7.77,7.49,7.76,12852409,102105584.00
2013-08-13,7.76,7.81,7.69,7.76,9491734,76356920.00
2013-08-14,7.75,7.81,7.63,7.70,9571905,76619160.00
2013-08-15,7.75,7.87,7.67,7.72,10298279,83237296.00
2013-08-16,7.66,7.94,7.56,7.62,9636616,77124640.00
2013-08-19,7.54,7.68,7.50,7.65,4389672,34646168.00
2013-08-20,7.63,7.67,7.49,7.51,5286361,41578092.00
2013-08-21,7.51,7.57,7.44,7.56,3774089,29434462.00
2013-08-22,7.56,7.56,7.47,7.52,3796954,29603770.00
2013-08-23,7.52,7.55,7.36,7.43,4454128,34512784.00
2013-08-26,7.44,7.67,7.41,7.66,5971667,46833164.00
2013-08-27,7.67,7.69,7.58,7.66,4673135,36974796.00
2013-08-28,7.61,7.64,7.53,7.56,4436479,34900624.00
2013-08-29,7.55,7.63,7.53,7.58,3504865,27554870.00
2013-08-30,7.58,7.74,7.54,7.64,8489372,67480384.00
2013-09-02,7.68,7.71,7.49,7.58,6368857,50033604.00
2013-09-03,7.59,7.99,7.58,7.81,14308719,116183440.00
2013-09-04,7.75,7.87,7.70,7.83,9659585,78019384.00
2013-09-05,7.83,7.83,7.74,7.78,6457791,52147544.00
2013-09-06,7.81,7.91,7.78,7.84,8417317,68436144.00
2013-09-09,7.96,7.98,7.83,7.94,11081751,90846152.00
2013-09-10,7.91,8.20,7.89,8.18,13149635,109884664.00
2013-09-11,8.23,8.24,8.05,8.12,11582033,97539088.00
2013-09-12,8.04,8.28,8.03,8.17,6694244,56517168.00
2013-09-13,8.19,8.39,8.12,8.24,7917371,67517976.00
2013-09-16,8.25,8.27,8.05,8.08,5516386,46490984.00
2013-09-17,8.08,8.11,7.87,7.93,5728023,47363664.00
2013-09-18,7.91,8.14,7.89,8.06,5040007,41762948.00
2013-09-23,8.08,8.41,8.08,8.27,7501516,64233404.00
2013-09-24,8.27,8.31,8.16,8.26,5787856,49297136.00
2013-09-25,8.31,8.45,8.19,8.33,7371214,63355688.00
2013-09-26,8.34,8.34,7.96,8.16,6366436,53643024.00
2013-09-27,8.09,8.36,8.09,8.23,5511504,46969728.00
2013-09-30,8.23,8.46,8.19,8.30,4793790,41222632.00
2013-10-08,8.41,8.50,8.29,8.38,6232591,53932640.00
2013-10-09,8.50,8.50,8.23,8.32,7183177,61852632.00
2013-10-10,8.31,8.36,8.12,8.25,7802747,66638168.00
2013-10-11,8.24,8.40,8.19,8.29,8454140,72550992.00
2013-10-14,8.28,8.48,8.26,8.47,13129901,114289872.00
2013-10-15,8.50,8.51,8.29,8.42,8207065,70983336.00
2013-10-16,8.37,8.37,8.17,8.27,9851733,84295344.00
2013-10-17,8.30,8.57,8.27,8.38,18450387,160694784.00
2013-10-18,8.34,8.34,8.14,8.27,9009981,76468288.00
2013-10-21,8.23,8.45,8.15,8.39,10165143,87853432.00
2013-10-22,8.43,8.61,8.23,8.42,13371530,115938400.00
2013-10-23,8.46,8.48,8.19,8.28,7030827,60495144.00
2013-10-24,8.23,8.30,8.10,8.16,5423333,45821952.00
2013-10-25,8.12,8.22,7.91,7.94,5862337,48636012.00
2013-10-28,7.96,8.31,7.93,8.08,5483488,46060368.00
2013-10-29,8.08,8.13,7.68,7.92,5810383,47481648.00
2013-10-30,7.88,8.09,7.87,8.04,3301201,27400244.00
2013-10-31,8.05,8.32,7.89,8.23,11637871,98625680.00
2013-11-01,8.16,8.40,8.08,8.16,6211200,52458992.00
2013-11-04,8.19,8.25,8.10,8.14,3119089,26295910.00
2013-11-05,8.19,8.46,8.11,8.36,15135403,130179968.00
2013-11-06,8.29,8.59,8.22,8.38,17201686,149650720.00
2013-11-07,8.31,8.59,8.24,8.40,15112697,132267848.00
2013-11-08,8.39,8.39,8.09,8.11,9113589,77389328.00
2013-11-11,8.09,8.10,7.89,8.03,5108100,42328672.00
2013-11-12,8.01,8.30,7.93,8.19,8434074,71421656.00
2013-11-13,8.12,8.14,7.82,7.89,7813502,64267904.00
2013-11-14,7.87,7.91,7.71,7.86,3992074,32336336.00
2013-11-15,7.91,8.05,7.83,7.95,5172805,42724240.00
2013-11-18,8.02,8.14,7.95,8.12,6730399,56213532.00
2013-11-19,8.15,8.29,8.08,8.19,8380933,71028496.00
2013-11-20,8.21,8.25,8.10,8.21,5564624,47124104.00
2013-11-21,8.16,8.36,8.12,8.31,10653252,91222728.00
2013-11-22,8.31,8.41,8.21,8.29,9358340,80361976.00
2013-11-25,8.24,8.36,8.06,8.17,9886584,83908616.00
2013-11-26,8.24,8.28,7.95,8.03,11048779,92730912.00
2013-11-27,8.03,8.13,7.98,8.12,7186230,59966688.00
2013-11-28,8.08,8.24,8.08,8.18,9509354,80285616.00
2013-11-29,8.19,8.26,8.07,8.18,10702248,90133296.00
2013-12-02,8.12,8.12,7.76,7.99,9959433,82432640.00
2013-12-03,7.91,8.20,7.91,8.13,9384029,78751184.00
2013-12-04,8.13,8.25,8.08,8.21,11502110,97567048.00
2013-12-05,8.24,8.35,8.19,8.25,11078028,94692568.00
2013-12-06,8.28,8.28,8.16,8.20,6506431,55277904.00
2013-12-09,8.23,8.26,8.18,8.22,4780057,40647028.00
2013-12-10,8.22,8.25,8.13,8.18,4606762,38980300.00
2013-12-11,8.17,8.19,7.95,8.04,6635927,55314864.00
2013-12-12,8.03,8.20,7.96,8.07,6311396,52885980.00
2013-12-13,8.01,8.06,7.98,8.03,3245310,26974430.00
2013-12-16,8.08,8.20,7.94,7.99,5871286,49024576.00
2013-12-17,7.99,8.07,7.90,7.94,2943382,24320032.00
2013-12-18,7.97,8.09,7.95,8.01,4971349,41373384.00
2013-12-19,8.01,8.14,7.95,7.99,4313600,35911976.00
2013-12-20,8.01,8.01,7.71,7.75,4804135,38902700.00
2013-12-23,7.81,7.81,7.67,7.72,2219316,17808376.00
2013-12-24,7.80,7.90,7.71,7.78,3608152,29133800.00
2013-12-25,7.79,7.83,7.72,7.77,2909482,23392798.00
2013-12-26,7.77,7.80,7.49,7.58,5027843,39753860.00
2013-12-27,7.51,7.72,7.50,7.67,2982002,23630000.00
2013-12-30,7.66,7.76,7.59,7.63,3358676,26607098.00
2013-12-31,7.51,7.65,7.51,7.62,4463236,35042700.00
2014-01-02,7.56,7.60,7.48,7.51,5306742,41448924.00
2014-01-03,7.50,7.50,7.14,7.21,12424066,93252288.00
2014-01-06,7.16,7.16,6.83,6.84,8540478,61661048.00
2014-01-07,6.72,6.90,6.72,6.88,4359453,31057144.00
2014-01-08,6.89,6.96,6.83,6.85,4584420,32861836.00
2014-01-09,6.85,6.90,6.64,6.66,8114109,57284904.00
2014-01-10,6.66,6.70,6.55,6.58,4383792,30169536.00
2014-01-13,6.59,6.75,6.59,6.64,3747813,25934904.00
2014-01-14,6.66,6.78,6.62,6.78,3714885,25875436.00
2014-01-15,6.73,6.79,6.69,6.73,2950403,20723832.00
2014-01-16,6.76,6.79,6.71,6.75,3555425,25038080.00
2014-01-17,6.73,6.83,6.65,6.69,2896538,20282188.00
2014-01-20,6.69,6.70,6.60,6.63,1727814,11975768.00
2014-01-21,6.63,6.73,6.63,6.68,2563311,17867772.00
2014-01-22,6.69,6.83,6.68,6.82,6329203,44640168.00
2014-01-23,6.81,6.84,6.77,6.79,3138349,22273912.00
2014-01-24,6.79,6.85,6.77,6.81,5497052,39027968.00
2014-01-27,6.79,6.80,6.64,6.66,5672371,39719728.00
2014-01-28,6.66,6.71,6.66,6.68,2815119,19635532.00
2014-01-29,6.68,6.74,6.68,6.70,2481678,17383720.00
2014-01-30,6.69,6.71,6.50,6.51,5960189,40982076.00
2014-02-07,6.50,6.55,6.46,6.54,5487476,37357624.00
2014-02-10,6.61,6.76,6.58,6.75,7047697,49157520.00
2014-02-11,6.76,6.88,6.72,6.85,9929547,70706704.00
2014-02-12,6.87,6.89,6.80,6.86,6999558,49918908.00
2014-02-13,6.87,6.87,6.77,6.77,6796103,48295392.00
2014-02-14,6.79,6.86,6.77,6.83,5600175,39771712.00
2014-02-17,6.82,6.94,6.82,6.94,9117449,65483312.00
2014-02-18,6.97,6.97,6.80,6.81,7590613,54258556.00
2014-02-19,6.81,7.13,6.81,7.11,15171707,110062904.00
2014-02-20,7.15,7.26,7.03,7.05,16401871,122380184.00
2014-02-21,7.05,7.09,6.86,6.92,6423095,46521448.00
2014-02-24,6.90,6.94,6.82,6.92,5155205,36981464.00
2014-02-25,6.87,7.09,6.85,6.92,8127875,58680916.00
2014-02-26,6.96,6.97,6.63,6.75,6626213,46875488.00
2014-02-27,6.74,7.21,6.70,7.12,13978132,102030160.00
2014-02-28,7.08,7.16,6.98,7.10,9665323,71242088.00
2014-03-03,7.07,7.20,7.00,7.09,12493010,92137696.00
2014-03-04,7.07,7.08,6.91,6.96,5897135,42804376.00
2014-03-05,6.96,7.01,6.89,6.92,4714497,34144928.00
2014-03-06,6.92,6.95,6.83,6.93,3898430,27982824.00
2014-03-07,6.93,6.96,6.83,6.85,4725291,33937168.00
2014-03-10,6.78,6.87,6.67,6.67,5003035,35197476.00
2014-03-11,6.69,6.71,6.61,6.70,3264904,22705380.00
2014-03-12,6.73,6.74,6.58,6.69,2778730,19313194.00
2014-03-13,6.68,6.76,6.67,6.72,2823899,19796440.00
2014-03-14,6.71,6.71,6.59,6.60,3446134,23862592.00
2014-03-17,6.69,6.78,6.68,6.76,4824817,33847772.00
2014-03-18,6.77,6.79,6.71,6.74,3063383,21524896.00
2014-03-19,6.72,6.73,6.59,6.65,3299599,22861228.00
2014-03-20,6.65,6.78,6.61,6.66,6137806,42980832.00
2014-03-21,6.65,6.92,6.62,6.90,10720578,76043344.00
2014-03-24,6.93,7.16,6.88,7.10,12278528,89889232.00
2014-03-25,7.11,7.46,7.04,7.30,27401254,205585680.00
2014-03-26,7.26,7.55,7.16,7.38,27877209,212737568.00
2014-03-27,7.31,7.49,7.21,7.39,24933068,189979872.00
2014-03-28,7.22,7.30,7.08,7.12,23367449,175123968.00
2014-03-31,7.11,7.21,6.90,6.94,10391003,75570648.00
2014-04-01,6.92,7.01,6.86,6.98,4503754,32665964.00
2014-04-02,6.97,7.04,6.96,7.00,5060248,36838588.00
2014-04-03,7.01,7.03,6.89,6.93,4632779,33540694.00
2014-04-04,6.87,7.00,6.87,7.00,4555405,32956736.00
2014-04-08,6.97,7.07,6.95,7.06,6694511,48954536.00
2014-04-09,7.05,7.05,6.95,6.99,7040020,51360588.00
2014-04-10,6.99,7.17,6.97,7.16,11194096,82629104.00
2014-04-11,7.14,7.19,7.07,7.09,5456958,40428820.00
2014-04-14,7.11,7.18,7.08,7.13,4931344,36568084.00
2014-04-15,7.11,7.12,6.95,6.98,5388594,39420208.00
2014-04-16,6.96,7.08,6.95,7.02,3828613,27978026.00
2014-04-17,7.02,7.02,6.92,6.96,3483306,25284748.00
2014-04-18,6.95,6.98,6.90,6.96,2794428,20216540.00
2014-04-21,6.93,7.00,6.79,6.80,4456128,32001278.00
2014-04-22,6.78,6.84,6.71,6.73,4540204,32028788.00
2014-04-23,6.76,6.86,6.75,6.82,2828023,20080532.00
2014-04-24,6.81,6.82,6.73,6.75,2599612,18347520.00
2014-04-25,6.78,6.78,6.63,6.64,2642975,18465636.00
2014-04-28,6.63,6.66,6.46,6.49,3808262,25956620.00
2014-04-29,6.49,6.54,6.43,6.52,3323558,22517564.00
2014-04-30,6.53,6.57,6.49,6.55,1939002,13219225.00
2014-05-05,6.53,6.58,6.47,6.57,1929470,13139174.00
2014-05-06,6.57,6.61,6.53,6.57,2308578,15839704.00
2014-05-07,6.52,6.57,6.50,6.52,1681830,11465595.00
2014-05-08,6.53,6.61,6.50,6.53,2287889,15665784.00
2014-05-09,6.56,6.69,6.54,6.61,3481899,24044628.00
2014-05-12,6.66,6.77,6.63,6.75,3861468,27067384.00
2014-05-13,6.76,6.79,6.66,6.70,2415815,16923752.00
2014-05-14,6.69,6.74,6.65,6.68,1478920,10320498.00
2014-05-15,6.72,6.77,6.65,6.72,3562265,24985120.00
2014-05-16,6.66,6.72,6.62,6.69,2566143,17847124.00
2014-05-19,6.69,6.72,6.59,6.64,1927169,13317756.00
2014-05-20,6.70,6.83,6.65,6.71,3660985,25714988.00
2014-05-21,6.74,6.77,6.67,6.75,2594450,18206616.00
2014-05-22,6.80,7.44,6.79,7.14,29835205,222745184.00
2014-05-23,7.14,7.14,6.85,6.90,14258419,102629616.00
2014-05-26,6.89,6.93,6.80,6.85,7460884,53252024.00
2014-05-27,6.83,6.87,6.73,6.75,5921755,42031516.00
2014-05-28,6.76,6.81,6.72,6.80,4906322,34638008.00
2014-05-29,6.81,6.82,6.67,6.67,5155467,36227440.00
2014-05-30,6.66,6.71,6.65,6.68,3123381,21777536.00
2014-06-03,6.68,6.74,6.66,6.68,3117841,21790870.00
2014-06-04,6.67,6.68,6.52,6.57,3352743,23001744.00
2014-06-05,6.58,6.64,6.54,6.63,3150588,21667612.00
2014-06-06,6.63,6.63,6.53,6.56,2999433,20539850.00
2014-06-09,6.53,6.59,6.51,6.53,2309724,15780879.00
2014-06-10,6.54,6.61,6.52,6.60,2087897,14331033.00
2014-06-11,6.60,6.68,6.58,6.65,2552068,17647094.00
2014-06-12,6.63,6.63,6.56,6.59,2348306,16160365.00
2014-06-13,6.57,6.65,6.55,6.60,2513789,17355592.00
2014-06-16,6.62,6.66,6.62,6.66,2810810,19497746.00
2014-06-17,6.64,6.68,6.62,6.65,2642469,18344142.00
2014-06-18,6.70,6.70,6.60,6.61,2059486,14251741.00
2014-06-19,6.63,6.63,6.44,6.47,2784132,18984320.00
2014-06-20,6.46,6.54,6.46,6.51,1634807,11116231.00
2014-06-23,6.51,6.56,6.51,6.55,1402728,9581001.00
2014-06-24,6.56,6.56,6.46,6.51,3101699,21122264.00
2014-06-25,6.52,6.52,6.44,6.44,3099045,20460868.00
2014-06-26,6.48,6.52,6.45,6.50,2585890,17136128.00
2014-06-27,6.51,6.54,6.47,6.50,3990876,26551888.00
2014-06-30,6.50,6.55,6.49,6.54,2802550,18689274.00
2014-07-01,6.55,6.58,6.52,6.58,2945266,19723030.00
2014-07-02,6.58,6.61,6.54,6.60,2695984,18102732.00
2014-07-03,6.60,6.62,6.56,6.60,3522060,23734756.00
2014-07-04,6.66,6.67,6.55,6.59,6205421,41797956.00
2014-07-07,6.57,6.61,6.56,6.60,2517424,16914328.00
2014-07-08,6.60,6.67,6.59,6.64,5648429,38298848.00
2014-07-09,6.63,6.75,6.55,6.55,7654889,51975908.00
2014-07-10,6.54,6.59,6.53,6.56,2528613,16922904.00
2014-07-11,6.56,6.61,6.53,6.58,4710407,31608960.00
2014-07-14,6.58,6.64,6.54,6.63,4355500,29343880.00
2014-07-15,6.63,6.64,6.59,6.61,3441641,23239964.00
2014-07-16,6.62,6.67,6.60,6.64,5136758,34842984.00
2014-07-17,6.63,6.66,6.58,6.60,4008739,27074236.00
2014-07-18,6.60,6.63,6.56,6.61,3140862,21170822.00
2014-07-21,6.63,6.63,6.55,6.57,2309349,15497769.00
2014-07-22,6.54,6.67,6.54,6.65,6911886,46666648.00
2014-07-23,6.62,6.67,6.61,6.63,4075445,27614636.00
2014-07-24,6.64,6.72,6.62,6.69,7871472,53715440.00
2014-07-25,6.70,6.75,6.70,6.75,7193534,49435416.00
2014-07-28,6.76,6.89,6.76,6.86,12338366,86130632.00
2014-07-29,6.86,6.89,6.81,6.84,9454103,66047912.00
2014-07-30,6.84,6.89,6.81,6.85,7576924,52881616.00
2014-07-31,6.84,6.91,6.84,6.90,6426042,45029304.00
2014-08-01,6.86,6.92,6.82,6.84,11107796,77885896.00
2014-08-04,6.82,6.91,6.82,6.90,7691258,53873848.00
2014-08-05,6.91,6.94,6.88,6.94,7782961,54877976.00
2014-08-06,6.94,7.07,6.93,6.96,10982365,78249520.00
2014-08-07,6.96,7.23,6.93,6.97,17891678,128914768.00
2014-08-08,6.95,7.03,6.91,6.93,7240179,51285572.00
2014-08-11,6.94,7.01,6.90,6.99,5969426,42438188.00
2014-08-12,6.97,7.14,6.92,7.13,19304636,139252736.00
2014-08-13,7.16,7.23,6.97,7.07,18548487,134347088.00
2014-08-14,7.07,7.09,6.98,7.02,8210870,58737876.00
2014-08-15,7.01,7.06,6.97,7.03,7570978,54275340.00
2014-08-18,7.05,7.10,7.03,7.10,8763992,63165248.00
2014-08-19,7.10,7.11,7.01,7.06,6968766,50159464.00
2014-08-20,7.08,7.11,7.04,7.08,6126876,44195416.00
2014-08-21,7.08,7.08,6.98,7.01,5404624,38653436.00
2014-08-22,7.00,7.05,6.98,7.04,4441854,31809108.00
2014-08-25,7.02,7.07,7.00,7.01,4131926,29602304.00
2014-08-26,7.01,7.02,6.84,6.87,7898588,55788964.00
2014-08-27,6.87,6.90,6.85,6.87,3235919,22690922.00
2014-08-28,6.90,6.91,6.84,6.87,4086079,28620962.00
2014-08-29,6.88,6.90,6.84,6.90,2707287,18992076.00
2014-09-01,6.93,6.94,6.87,6.93,4990606,35175280.00
2014-09-02,6.93,7.02,6.92,7.00,8066042,57374276.00
2014-09-03,7.01,7.06,7.01,7.05,7455088,53489480.00
2014-09-04,7.06,7.13,7.02,7.10,10446403,75443264.00
2014-09-05,7.11,7.14,7.06,7.13,10835913,78398240.00
2014-09-09,7.16,7.16,7.08,7.12,6769885,49110032.00
2014-09-10,7.13,7.17,7.09,7.15,8618236,62695392.00
2014-09-11,7.15,7.28,7.11,7.15,13741146,100655600.00
2014-09-12,7.13,7.25,7.11,7.20,10509174,77096408.00
2014-09-15,7.20,7.25,7.16,7.24,8486681,62480480.00
2014-09-16,7.24,7.28,7.07,7.08,12238290,89749952.00
2014-09-17,7.06,7.17,7.05,7.14,8559563,62026004.00
2014-09-18,7.11,7.24,7.10,7.22,9368084,68708040.00
2014-09-19,7.22,7.31,7.17,7.31,10200676,75386072.00
2014-09-22,7.32,7.34,7.22,7.28,10229916,75904080.00
2014-09-23,7.30,7.42,7.26,7.39,14291056,106998784.00
2014-09-24,7.36,7.47,7.32,7.46,13193169,99820576.00
2014-09-25,7.48,7.51,7.38,7.41,11953976,90681520.00
2014-09-26,7.37,7.41,7.31,7.35,7719707,57778672.00
2014-09-29,7.35,7.50,7.35,7.50,11938116,90782056.00
2014-09-30,7.49,7.49,7.40,7.43,7293458,55290876.00
2014-10-08,7.43,7.54,7.40,7.52,11242562,85839632.00
2014-10-09,7.59,7.62,7.45,7.51,11912649,91501032.00
2014-10-10,7.48,7.55,7.45,7.48,9051582,69142168.00
2014-10-13,7.48,7.52,7.37,7.46,7164675,54280416.00
2014-10-14,7.43,7.51,7.39,7.44,6988433,53085772.00
2014-10-15,7.44,7.45,7.36,7.43,5262930,39718216.00
2014-10-16,7.41,7.49,7.35,7.36,6904205,52219964.00
2014-10-17,7.33,7.38,7.17,7.26,7026249,51970024.00
2014-10-20,7.29,7.33,7.25,7.32,5700299,42407600.00
2014-10-21,7.32,7.33,7.22,7.27,3897368,28914308.00
2014-10-22,7.26,7.31,7.18,7.19,4303769,31803756.00
2014-10-23,7.16,7.24,7.04,7.06,5835135,42394192.00
2014-10-24,7.06,7.10,7.03,7.07,3047868,21955188.00
2014-10-27,7.08,7.11,7.02,7.07,3083406,22226134.00
2014-10-28,7.08,7.23,7.08,7.23,6258100,45790176.00
2014-10-29,7.26,7.61,7.22,7.57,20880688,158019488.00
2014-10-30,7.52,7.61,7.46,7.57,10368742,79321736.00
2014-10-31,7.58,7.82,7.46,7.71,27222530,211447504.00
2014-11-03,7.67,7.96,7.59,7.71,27459277,214448800.00
2014-11-04,7.67,7.67,7.50,7.61,13191235,101858224.00
2014-11-05,7.57,7.72,7.53,7.64,12444717,96763288.00
2014-11-06,7.63,7.71,7.56,7.68,7025493,54598508.00
2014-11-07,7.68,7.81,7.53,7.54,13515106,105735000.00
2014-11-10,7.54,7.75,7.52,7.69,10037246,78359440.00
2014-11-11,7.70,7.85,7.56,7.75,20823492,164167616.00
2014-11-12,7.69,8.02,7.58,8.01,23582088,189022720.00
2014-11-13,7.96,7.98,7.81,7.88,15451979,124030304.00
2014-11-14,7.84,7.84,7.70,7.79,7796189,61604252.00
2014-11-17,7.79,7.83,7.66,7.67,7396646,58360788.00
2014-11-18,7.66,7.81,7.60,7.66,6878091,53977536.00
2014-11-19,7.66,7.72,7.59,7.63,6628809,51586488.00
2014-11-20,7.61,7.65,7.55,7.64,5737910,44470896.00
2014-11-21,7.63,7.79,7.61,7.73,8560893,67330256.00
2014-11-24,7.77,7.97,7.75,7.88,18103294,145172016.00
2014-11-25,7.88,8.13,7.84,8.01,17028105,138358656.00
2014-11-26,8.04,8.05,7.85,7.93,10828977,87436672.00
2014-11-27,7.95,7.98,7.76,7.87,11222358,90014024.00
2014-11-28,7.86,7.95,7.78,7.93,10591668,84619960.00
2014-12-01,7.96,8.14,7.88,8.00,16186384,131803816.00
2014-12-02,7.99,8.13,7.96,8.09,15973341,131120272.00
2014-12-03,8.13,8.37,8.03,8.25,23862748,199039680.00
2014-12-04,8.19,8.40,8.17,8.37,19998417,168406576.00
2014-12-05,8.37,8.37,7.87,7.99,21515511,177194832.00
2014-12-08,8.00,8.13,7.88,8.10,16494403,134660992.00
2014-12-09,8.10,8.36,7.91,7.97,23499368,194703920.00
2014-12-10,7.95,8.34,7.93,8.33,22508706,187938512.00
2014-12-11,8.34,8.64,8.24,8.47,25231084,216810096.00
2014-12-12,8.47,8.52,8.27,8.39,14266496,121406904.00
2014-12-15,8.39,8.63,8.31,8.62,15790104,135929408.00
2014-12-16,8.56,8.62,8.44,8.56,14520051,125814432.00
2014-12-17,8.51,8.62,8.27,8.36,13117225,112401824.00
2014-12-18,8.37,8.40,8.23,8.27,9293509,78395200.00
2014-12-19,8.25,8.50,8.17,8.49,13847158,117296936.00
2014-12-22,8.34,8.71,8.23,8.41,20421393,176495488.00
2014-12-23,8.37,8.37,8.00,8.06,12962690,107742752.00
2014-12-24,8.01,8.14,7.96,8.09,8696863,71150816.00
2014-12-25,8.09,8.29,8.01,8.25,8550855,71055632.00
2014-12-26,8.26,8.38,8.18,8.36,10579821,89230192.00
2014-12-29,8.39,8.43,8.16,8.23,9416264,79716848.00
2014-12-30,8.22,8.22,8.00,8.02,7418955,61054840.00
2014-12-31,8.02,8.13,7.96,8.11,6303935,51715944.00
2015-01-05,8.12,8.54,8.12,8.52,18036647,154163968.00
2015-01-06,8.46,8.72,8.42,8.67,20275190,177380608.00
2015-01-07,8.65,8.70,8.49,8.63,11871783,103527248.00
2015-01-08,8.61,8.74,8.57,8.59,11700264,102806816.00
2015-01-09,8.57,8.60,8.41,8.42,12319400,106416976.00
2015-01-12,8.41,8.41,8.01,8.11,11127365,92343104.00
2015-01-13,8.10,8.26,8.05,8.22,6233271,51962644.00
2015-01-14,8.22,8.22,8.04,8.07,5787830,47758780.00
2015-01-15,8.07,8.27,8.07,8.26,5184960,43061432.00
2015-01-16,8.27,8.29,8.16,8.23,5753659,48167076.00
2015-01-19,8.03,8.14,7.62,7.74,11678989,94002632.00
2015-01-20,7.74,8.01,7.74,7.97,7694959,61935480.00
2015-01-21,8.02,8.35,7.97,8.29,10374718,86591904.00
2015-01-22,8.23,8.36,8.19,8.22,7483775,62898164.00
2015-01-23,8.26,8.30,8.14,8.19,6103350,50842424.00
2015-01-26,8.19,8.36,8.08,8.35,7876804,66018944.00
2015-01-27,8.34,8.45,8.30,8.45,13070426,111444696.00
2015-01-28,8.46,8.59,8.34,8.37,13525825,117003184.00
2015-01-29,8.29,8.38,8.15,8.32,4486987,37719884.00
2015-01-30,8.31,8.65,8.29,8.45,16954225,146951488.00
2015-02-02,8.32,9.08,8.31,8.91,32406233,290873376.00
2015-02-03,8.97,9.30,8.81,8.86,31575191,291289472.00
2015-02-04,8.78,9.50,8.78,9.37,25881668,240815904.00
2015-02-05,9.38,9.60,9.26,9.43,21166667,203737472.00
2015-02-06,9.46,10.01,9.43,9.74,23651583,232516896.00
2015-02-09,9.73,9.74,9.14,9.27,19314184,183961216.00
2015-02-10,9.21,9.59,9.12,9.58,10491012,101011872.00
2015-02-11,9.53,9.73,8.96,9.03,24640672,232661824.00
2015-02-12,9.07,9.21,9.02,9.18,15740892,146114832.00
2015-02-13,9.22,9.45,9.01,9.43,13285302,124760904.00
2015-02-16,9.39,9.52,9.28,9.39,8349523,79911600.00
2015-02-17,9.36,9.52,9.31,9.40,6550688,62606800.00
2015-02-25,9.34,10.35,9.34,10.35,26340826,272367840.00
2015-02-26,10.21,10.43,10.07,10.38,16914012,176050896.00
2015-02-27,10.40,10.68,10.11,10.47,13971693,147373248.00
2015-03-02,11.11,11.41,10.86,11.02,28004693,316100256.00
2015-03-03,11.03,11.63,10.71,11.21,15942890,180149984.00
2015-03-04,11.01,11.31,10.92,11.04,9213487,103181968.00
2015-03-05,10.96,10.96,10.54,10.75,11020760,119421944.00
2015-03-06,10.74,10.76,10.36,10.45,9096633,96666896.00
2015-03-09,10.36,10.82,10.16,10.71,10381253,111594936.00
2015-03-10,10.66,11.22,10.57,10.89,9043869,100805608.00
2015-03-11,10.90,10.99,10.69,10.80,5251910,57240972.00
2015-03-12,10.86,10.89,10.58,10.73,4751070,51278172.00
2015-03-13,10.71,10.94,10.52,10.72,6809312,73746864.00
2015-03-16,10.72,10.96,10.59,10.93,15475861,168330384.00
2015-03-17,10.91,10.97,10.68,10.84,16292644,177986608.00
2015-03-18,10.84,11.14,10.79,11.01,17125630,190335072.00
2015-03-19,11.03,11.42,10.87,11.41,20839332,236589840.00
2015-03-20,11.38,11.61,11.11,11.25,14915443,169867824.00
2015-03-23,11.26,11.33,10.97,11.23,15760556,177402384.00
2015-03-24,11.18,11.18,10.71,10.95,16362472,181718208.00
2015-03-25,10.94,11.16,10.77,11.04,13291364,148349664.00
2015-03-26,10.92,10.97,10.56,10.67,16455317,179546048.00
2015-03-27,10.67,10.80,10.62,10.68,11830812,128138584.00
2015-03-30,10.68,10.87,10.68,10.86,18918580,206576960.00
2015-03-31,10.91,10.96,10.67,10.72,19824711,216718960.00
2015-04-01,10.72,10.92,10.67,10.90,16169057,177175936.00
2015-04-02,10.95,11.13,10.91,11.10,24224054,270638560.00
2015-04-03,11.06,11.22,10.96,11.21,25474071,286715264.00
2015-04-07,11.23,11.61,11.23,11.60,29737998,345492416.00
2015-04-08,11.74,11.80,11.08,11.24,26583559,304244288.00
2015-04-09,11.24,11.26,10.70,10.84,16586004,182863936.00
2015-04-10,10.85,10.97,10.71,10.93,18841577,207344272.00
2015-04-13,10.92,11.22,10.90,11.15,22695875,254238128.00
2015-04-14,11.14,11.46,10.94,11.42,27642868,312158496.00
2015-04-15,11.50,11.55,10.98,11.01,20393606,231179424.00
2015-04-16,10.82,11.16,10.73,11.10,14235784,158119328.00
2015-04-17,11.16,12.22,11.13,11.94,49407711,582799744.00
2015-04-20,12.01,12.74,11.66,12.16,60145251,744232256.00
2015-04-21,12.06,12.54,11.96,12.44,32128600,398688384.00
2015-04-22,12.48,12.64,12.31,12.43,30171300,379037408.00
2015-04-23,12.35,12.36,11.90,12.20,28363797,348313728.00
2015-04-24,12.01,12.26,11.90,12.15,19038215,232854864.00
2015-04-27,12.26,12.36,11.96,12.17,19359927,237316752.00
2015-04-28,12.18,12.24,11.51,11.64,21348542,255487984.00
2015-04-29,11.67,11.84,11.49,11.77,12933212,153415680.00
2015-04-30,11.77,11.94,11.64,11.77,12451813,148530736.00
2015-05-04,11.78,12.32,11.68,12.31,21540992,263622800.00
2015-05-05,12.49,12.81,11.78,11.83,33176829,414506144.00
2015-05-06,11.68,11.83,10.92,11.16,20107597,233980992.00
2015-05-07,11.06,11.16,10.49,10.51,14199380,156104176.00
2015-05-08,10.56,10.82,10.43,10.76,14390526,154906400.00
2015-05-11,10.93,11.07,10.77,11.06,13807826,152665264.00
2015-05-12,11.07,11.42,11.07,11.37,17858137,203869744.00
2015-05-13,11.33,11.33,11.04,11.11,17034773,192437216.00
2015-05-14,11.11,11.81,11.07,11.77,24631046,286462048.00
2015-05-15,11.74,12.22,11.66,11.75,26585345,319962336.00
2015-05-18,11.65,11.93,11.58,11.63,14253910,169249440.00
2015-05-19,11.66,12.08,11.58,11.98,16787306,202092688.00
2015-05-20,11.86,12.14,11.81,11.89,19109877,231911888.00
2015-05-21,11.87,12.11,11.86,12.06,17556829,212611168.00
2015-05-22,12.15,12.31,11.83,12.25,30738574,375598912.00
2015-05-25,12.23,12.64,12.17,12.55,29391723,370413024.00
2015-05-26,12.57,13.04,12.25,12.93,36249622,461267680.00
2015-05-27,12.88,13.22,12.52,13.19,31565106,410736032.00
2015-05-28,13.20,13.71,11.96,12.17,39685762,526880544.00
2015-05-29,12.17,12.41,11.51,11.91,22131579,268100128.00
2015-06-01,11.92,13.12,11.92,13.12,25376017,320771872.00
2015-06-02,13.26,14.29,12.97,14.10,36974638,505539520.00
2015-06-03,14.19,14.19,13.35,13.78,24971547,349274624.00
2015-06-04,13.78,14.05,12.96,14.01,22020673,303176640.00
2015-06-05,14.06,14.71,13.86,14.36,32465843,470890784.00
2015-06-08,14.36,15.16,14.36,14.83,33382201,498772160.00
2015-06-09,14.84,14.93,14.01,14.31,23503905,341661376.00
2015-06-10,14.26,14.62,13.87,14.33,19551093,283496192.00
2015-06-11,14.33,14.51,14.07,14.22,15347788,220520096.00
2015-06-12,14.24,14.61,14.23,14.42,27196341,395461504.00
2015-06-15,14.46,14.49,13.76,13.90,20733672,294603072.00
2015-06-16,13.88,13.88,12.77,12.94,19510048,261807392.00
2015-06-17,12.86,13.61,12.68,13.57,19543638,259230048.00
2015-06-18,13.44,13.49,12.90,13.25,18989940,254047680.00
2015-06-19,13.07,13.54,12.11,12.62,18022508,234286720.00
2015-06-23,12.72,12.91,11.87,12.58,17090810,214345408.00
2015-06-24,12.66,13.24,12.46,13.13,23641093,305543968.00
2015-06-25,13.16,13.36,12.30,12.46,20872195,272556480.00
2015-06-26,12.09,12.17,11.21,11.21,19843448,231403472.00
2015-06-29,11.45,11.55,10.09,10.09,27611633,290260800.00
2015-06-30,10.03,10.64,9.08,10.50,33762396,332683168.00
2015-07-01,10.21,10.85,9.59,9.68,30726231,322644256.00
2015-07-02,9.73,10.24,8.89,9.42,29982012,289879456.00
2015-07-03,9.03,9.59,8.48,8.62,28360892,250873936.00
2015-07-06,9.48,9.48,8.03,8.99,34386910,302961344.00
2015-07-07,8.68,8.93,8.09,8.09,29664449,244938096.00
2015-07-08,7.28,7.98,7.28,7.74,66931902,514612288.00
2015-07-09,7.75,8.51,7.75,8.51,19961969,165573728.00
2015-07-10,8.76,9.36,8.75,9.36,25119726,232656432.00
2015-07-13,9.50,10.30,9.40,10.30,42667100,421937792.00
2015-07-14,10.00,10.30,9.61,9.64,30509078,302192096.00
2015-07-15,9.50,9.51,8.68,8.68,20984949,190017152.00
2015-07-16,8.68,9.31,8.68,9.06,12881429,115389040.00
2015-07-17,9.10,9.69,9.10,9.58,16100492,151641280.00
2015-07-20,9.58,9.82,9.30,9.64,19001175,182195616.00
2015-07-21,9.50,10.17,9.34,10.08,24083332,238418400.00
2015-07-22,10.13,10.17,9.64,10.02,17313510,172294272.00
2015-07-23,9.92,10.26,9.86,10.16,20868578,210633824.00
2015-07-24,10.15,10.43,9.85,9.94,24930798,254645808.00
2015-07-27,9.70,10.12,8.95,8.95,16733254,159377776.00
2015-07-28,8.77,9.28,8.20,9.13,24992650,221344816.00
2015-07-29,9.13,9.57,9.02,9.54,11310475,105042584.00
2015-07-30,9.55,9.77,9.30,9.39,15836817,151030240.00
2015-07-31,9.29,9.69,9.22,9.62,10792893,102591008.00
2015-08-03,9.44,10.10,9.16,10.09,14292728,138667088.00
2015-08-04,10.00,10.40,9.92,10.39,17511579,179060768.00
2015-08-05,10.39,10.85,10.23,10.25,19741686,209411520.00
2015-08-06,10.06,10.75,9.80,10.58,15716852,165312752.00
2015-08-07,10.52,11.05,10.52,10.87,12652611,137391424.00
2015-08-10,11.00,11.35,10.78,11.27,15350790,170614016.00
2015-08-11,11.25,11.55,10.85,11.01,17154452,189784416.00
2015-08-12,10.86,10.99,10.52,10.53,10092344,108523640.00
2015-08-13,10.42,10.90,10.42,10.80,10432981,112387568.00
2015-08-14,10.89,11.12,10.81,10.90,9460474,103712680.00
2015-08-17,10.93,11.99,10.93,11.99,22077576,257280720.00
2015-08-18,12.43,12.84,10.79,11.27,40722115,487341952.00
2015-08-19,10.71,12.40,10.60,12.34,25307411,293072672.00
2015-08-20,12.06,12.40,11.36,11.43,18839503,225574320.00
2015-08-21,10.90,11.43,10.29,10.36,16677078,177270480.00
2015-08-24,9.38,9.71,9.32,9.38,23248378,218026720.00
2015-08-25,9.00,9.17,8.44,8.44,15530803,134060240.00
2015-08-26,8.76,9.09,8.12,8.57,11948712,104142800.00
2015-08-27,8.83,9.14,8.55,9.11,8184633,72364240.00
2015-08-28,9.31,9.86,9.10,9.63,12491461,117647888.00
2015-08-31,9.53,9.55,9.01,9.14,9111421,83831640.00
2015-09-01,9.17,9.35,8.23,8.24,11398712,98819488.00
2015-09-02,7.93,8.63,7.63,8.16,13141990,107948584.00
2015-09-07,8.43,8.66,8.18,8.25,6174393,52031604.00
2015-09-08,8.25,8.72,8.05,8.66,7575599,63250280.00
2015-09-09,8.72,8.99,8.68,8.98,9687187,85814320.00
2015-09-10,8.87,8.99,8.64,8.70,6016687,53293956.00
2015-09-11,8.70,8.82,8.45,8.65,5218511,45125000.00
2015-09-14,8.82,8.87,8.07,8.08,9237301,78115536.00
2015-09-15,8.06,8.10,7.50,7.62,7657600,59556528.00
2015-09-16,7.70,8.38,7.61,8.25,5735219,45961912.00
2015-09-17,8.24,8.67,8.10,8.11,8702609,72783744.00
2015-09-22,8.42,8.42,8.42,8.42,0,0.00
数据来源:通达信
