002546 新联电子 日线 前复权
      日期	    开盘	    最高	    最低	    收盘	    成交量	    成交额
2011-02-11,12.83,14.47,12.50,14.30,14425829,636160256.00
2011-02-14,14.10,14.24,13.17,13.77,9292281,413449664.00
2011-02-15,13.50,14.06,13.34,13.70,5780967,256787424.00
2011-02-16,13.64,14.37,13.50,13.92,5381361,243916416.00
2011-02-17,13.82,13.94,13.29,13.45,3822963,168859568.00
2011-02-18,13.33,13.52,13.10,13.38,2245648,97314496.00
2011-02-21,13.38,13.65,13.23,13.55,2121115,93302848.00
2011-02-22,13.55,13.55,12.10,12.11,3821700,159682544.00
2011-02-23,12.13,12.41,12.13,12.25,1845269,74291800.00
2011-02-24,12.00,12.60,12.00,12.42,1841003,74659088.00
2011-02-25,12.35,12.41,12.10,12.36,1230817,49498632.00
2011-02-28,12.36,12.57,12.27,12.47,1186121,48371284.00
2011-03-01,12.43,12.63,12.23,12.29,1448485,58999688.00
2011-03-02,12.19,12.55,12.18,12.54,1556169,63317356.00
2011-03-03,12.57,12.57,12.10,12.10,1642563,66572156.00
2011-03-04,12.13,12.35,12.06,12.35,996448,40033860.00
2011-03-07,12.36,12.42,12.31,12.42,835085,33929932.00
2011-03-08,12.38,12.57,12.26,12.53,1137607,46459176.00
2011-03-09,12.63,12.82,12.53,12.75,1787064,74494128.00
2011-03-10,12.76,12.80,12.58,12.62,1297689,53900500.00
2011-03-11,12.62,12.74,12.53,12.54,1182914,48987852.00
2011-03-14,12.52,12.66,12.48,12.66,985741,40663864.00
2011-03-15,12.60,12.67,12.13,12.32,1268189,51455756.00
2011-03-16,12.31,12.40,12.20,12.34,863331,34904124.00
2011-03-17,12.25,12.34,11.91,11.92,1363699,54469740.00
2011-03-18,11.98,12.09,11.90,12.06,883290,34890804.00
2011-03-21,12.03,12.49,11.96,12.47,1504845,60946784.00
2011-03-22,12.48,12.48,12.21,12.43,761756,30915526.00
2011-03-23,12.41,12.67,12.30,12.49,820023,33646932.00
2011-03-24,12.42,12.63,12.42,12.45,716566,29400390.00
2011-03-25,12.44,12.60,12.42,12.43,787516,32243254.00
2011-03-28,12.44,12.54,12.12,12.17,902719,36403576.00
2011-03-29,12.20,12.25,11.61,11.72,1240048,48401276.00
2011-03-30,11.67,11.73,11.33,11.50,885781,33632976.00
2011-03-31,11.45,11.55,11.37,11.40,524584,19859584.00
2011-04-01,11.67,12.03,11.56,12.01,1253341,49123676.00
2011-04-06,11.97,12.15,11.80,12.07,857011,33810228.00
2011-04-07,12.08,12.33,12.01,12.30,924182,36923492.00
2011-04-08,11.98,12.11,11.84,12.03,1430042,56424264.00
2011-04-11,12.12,12.49,12.12,12.17,1270385,51361908.00
2011-04-12,12.16,12.23,11.66,11.79,863827,34039756.00
2011-04-13,11.74,12.03,11.63,12.00,468198,18288958.00
2011-04-14,12.02,12.08,11.93,11.98,410620,16234305.00
2011-04-15,11.98,12.22,11.94,12.16,629713,24999324.00
2011-04-18,12.08,12.42,12.05,12.27,858464,34696172.00
2011-04-19,12.23,12.32,11.98,12.04,595573,23668628.00
2011-04-20,12.04,12.23,12.00,12.08,551480,21968618.00
2011-04-21,12.12,12.30,12.09,12.20,491902,19731864.00
2011-04-22,12.18,12.23,12.08,12.16,380538,15192704.00
2011-04-25,12.22,12.43,12.11,12.18,887678,35844236.00
2011-04-26,12.13,12.43,12.13,12.21,787966,31776952.00
2011-04-27,12.22,12.37,11.75,11.79,983895,38740472.00
2011-04-28,11.84,11.96,11.44,11.44,558671,21449088.00
2011-05-03,11.56,11.72,11.39,11.70,332082,12718490.00
2011-05-04,11.67,11.68,11.42,11.46,381979,14575016.00
2011-05-05,11.49,11.63,11.40,11.58,160082,6107077.00
2011-05-06,11.50,11.69,11.37,11.64,402148,15411294.00
2011-05-09,11.64,11.69,11.58,11.63,392132,15060684.00
2011-05-10,11.64,12.16,11.46,11.84,559470,21659742.00
2011-05-11,11.86,12.13,11.73,11.88,1023632,40088948.00
2011-05-12,11.73,11.97,11.63,11.65,774193,30073754.00
2011-05-13,11.75,11.79,11.17,11.43,1045078,39038592.00
2011-05-16,11.43,11.43,11.20,11.27,512501,18910326.00
2011-05-17,11.21,11.47,11.20,11.40,541649,20070792.00
2011-05-18,11.40,11.49,11.29,11.41,316128,11712990.00
2011-05-19,11.42,11.42,11.11,11.25,539011,19803736.00
2011-05-20,11.25,11.27,11.17,11.25,297098,10895990.00
2011-05-23,11.31,11.31,10.72,10.80,514050,18556404.00
2011-05-24,10.73,10.97,10.54,10.81,572714,20240316.00
2011-05-25,10.71,10.88,10.57,10.62,241020,8490575.00
2011-05-26,10.67,10.77,10.32,10.32,408926,14142063.00
2011-05-27,10.34,10.46,10.11,10.26,308112,10386065.00
2011-05-30,10.26,10.36,10.11,10.14,245270,8283924.50
2011-05-31,10.29,10.45,10.16,10.40,255568,8681301.00
2011-06-01,10.48,10.57,10.33,10.47,371731,12740584.00
2011-06-02,10.31,10.84,10.31,10.82,1011726,35183624.00
2011-06-03,10.79,10.99,10.72,10.88,425092,15147855.00
2011-06-07,10.73,11.33,10.73,11.20,715428,26056816.00
2011-06-08,11.12,11.52,11.02,11.43,724175,26766110.00
2011-06-09,11.42,11.52,11.17,11.25,353624,13080289.00
2011-06-10,11.23,11.38,11.10,11.27,275456,10110455.00
2011-06-13,11.28,11.52,11.20,11.39,361835,13459244.00
2011-06-14,11.39,11.59,11.24,11.24,489843,18226774.00
2011-06-15,11.30,11.41,11.16,11.16,324545,11941639.00
2011-06-16,11.02,11.12,10.83,10.83,304317,10938196.00
2011-06-17,10.78,10.96,10.67,10.83,206153,7308958.00
2011-06-20,10.85,11.23,10.78,11.08,297090,10753537.00
2011-06-21,11.09,11.22,10.98,11.18,228974,8302503.50
2011-06-22,11.18,11.20,11.00,11.12,181599,6582803.00
2011-06-23,11.07,11.47,11.01,11.43,356170,13209746.00
2011-06-24,11.45,11.59,11.32,11.45,615315,23009148.00
2011-06-27,11.41,11.73,11.36,11.65,1078887,40690660.00
2011-06-28,11.60,11.64,11.47,11.57,617913,23259370.00
2011-06-29,11.56,11.60,11.23,11.23,751020,27843316.00
2011-06-30,11.25,11.45,11.25,11.27,405940,15015194.00
2011-07-01,11.39,11.85,11.35,11.71,1169591,44458200.00
2011-07-04,11.80,11.98,11.71,11.91,985577,38044936.00
2011-07-05,11.96,12.12,11.78,11.89,706301,27363100.00
2011-07-06,11.89,12.22,11.79,12.17,1124186,44203680.00
2011-07-07,12.12,12.33,12.07,12.13,936957,37179412.00
2011-07-08,12.06,12.21,12.01,12.11,483155,18990548.00
2011-07-11,12.09,12.25,12.04,12.17,412317,16249704.00
2011-07-12,12.04,12.10,11.88,11.93,562329,21867660.00
2011-07-13,11.96,12.35,11.95,12.32,660018,26160396.00
2011-07-14,12.32,12.70,12.30,12.69,957532,38828676.00
2011-07-15,12.67,12.99,12.61,12.80,1550393,64234752.00
2011-07-18,12.73,12.80,12.55,12.63,568312,23259108.00
2011-07-19,12.55,12.58,12.19,12.39,896636,35938752.00
2011-07-20,12.50,12.57,12.30,12.52,821894,33115302.00
2011-07-21,12.52,13.08,12.43,12.90,1692455,70451056.00
2011-07-22,12.90,13.17,12.81,12.83,1120913,47106532.00
2011-07-25,12.67,13.09,12.23,12.44,904390,36831900.00
2011-07-26,12.40,12.53,12.11,12.47,666206,26570786.00
2011-07-27,12.37,13.13,12.27,12.96,1619310,67694720.00
2011-07-28,14.33,14.33,13.70,14.00,5760394,259893920.00
2011-07-29,13.90,14.80,13.83,14.48,4540961,209226672.00
2011-08-01,14.20,14.48,13.92,14.38,2248589,102833080.00
2011-08-02,14.23,14.32,13.83,14.14,1581250,71403992.00
2011-08-03,13.94,15.00,13.87,14.46,4076552,190802656.00
2011-08-04,14.47,14.47,13.93,14.02,1865637,84626904.00
2011-08-05,13.43,13.96,13.38,13.54,2134047,93842864.00
2011-08-08,13.50,13.70,12.67,12.81,2170858,91847520.00
2011-08-09,12.38,13.12,12.32,12.93,1580316,65126208.00
2011-08-10,13.26,13.68,13.01,13.18,2342531,100770992.00
2011-08-11,12.85,13.52,12.78,13.47,1511136,64852552.00
2011-08-12,13.53,13.94,13.50,13.83,1950792,86329072.00
2011-08-15,13.87,14.12,13.70,13.86,1395673,62478752.00
2011-08-16,13.83,14.02,13.71,13.87,1000400,44643384.00
2011-08-17,13.79,13.96,13.64,13.72,720484,31947112.00
2011-08-18,13.80,13.99,13.67,13.82,1260231,56071676.00
2011-08-22,13.76,13.90,12.50,12.71,1960057,83618280.00
2011-08-23,12.92,13.12,12.77,13.11,1429153,59831104.00
2011-08-24,13.11,13.98,13.10,13.63,1892137,82843672.00
2011-08-25,13.57,13.83,13.10,13.50,1439509,62018348.00
2011-08-26,13.77,14.00,13.67,13.73,1990388,88494248.00
2011-08-29,13.67,13.67,13.23,13.38,1388479,60236724.00
2011-08-30,13.41,13.57,12.69,12.93,2379745,50321200.00
2011-08-31,12.80,12.95,12.33,12.53,1933421,39433180.00
2011-09-01,12.53,13.13,12.50,12.80,2874271,59515116.00
2011-09-02,12.73,12.81,12.24,12.35,1742382,35117016.00
2011-09-05,12.01,12.44,11.90,12.01,1376966,27162458.00
2011-09-06,11.93,12.14,11.68,11.81,1104084,21370870.00
2011-09-07,11.99,12.11,11.81,12.10,1226297,23889734.00
2011-09-08,12.13,12.25,11.85,11.87,1045808,20520286.00
2011-09-09,12.01,12.02,11.47,11.59,1505683,28768662.00
2011-09-13,11.30,11.46,11.15,11.43,836493,15425439.00
2011-09-14,11.40,11.61,11.13,11.57,909260,16931656.00
2011-09-15,11.45,11.70,11.41,11.43,825523,15535628.00
2011-09-16,11.47,11.59,11.37,11.41,589912,11042013.00
2011-09-19,11.37,11.37,10.89,10.91,994284,17976034.00
2011-09-20,10.91,11.07,10.84,10.89,939339,16801786.00
2011-09-21,10.92,11.37,10.84,11.31,1523876,27806868.00
2011-09-22,11.19,11.25,10.83,10.85,1316301,23754758.00
2011-09-23,10.73,10.77,10.53,10.75,1057309,18486030.00
2011-09-26,11.20,11.30,10.81,10.85,2651578,48023564.00
2011-09-27,10.89,11.12,10.55,10.79,1769964,31290154.00
2011-09-28,10.88,10.99,10.45,10.49,1358465,23805834.00
2011-09-29,10.40,10.51,10.13,10.22,2101019,35536948.00
2011-09-30,10.23,10.33,9.97,10.07,1127463,18822322.00
2011-10-10,10.17,10.46,10.17,10.37,1374331,23287842.00
2011-10-11,10.67,10.85,10.35,10.41,1128739,19500498.00
2011-10-12,10.40,10.90,10.32,10.87,1503307,26420880.00
2011-10-13,10.83,11.26,10.83,11.17,1823791,33198072.00
2011-10-14,11.13,11.32,10.95,11.19,1278214,23310096.00
2011-10-17,11.40,12.26,11.40,12.16,5032883,97111384.00
2011-10-18,11.73,11.91,11.43,11.53,4209855,79897064.00
2011-10-19,11.53,11.63,11.21,11.47,1800917,33491904.00
2011-10-20,11.67,11.85,11.31,11.39,3141602,59609236.00
2011-10-21,11.29,11.77,11.17,11.33,1869011,34998316.00
2011-10-24,11.38,12.07,11.19,12.00,2938539,55994152.00
2011-10-25,11.85,12.23,11.75,12.13,3832860,75048120.00
2011-10-26,12.02,12.33,11.92,12.19,2720490,53814200.00
2011-10-27,12.19,12.51,12.19,12.28,2914709,58532280.00
2011-10-28,12.53,12.63,12.28,12.59,2762079,55884212.00
2011-10-31,12.53,12.62,12.13,12.51,3151513,63133868.00
2011-11-01,12.37,12.46,12.15,12.37,1996978,39892556.00
2011-11-02,12.13,12.77,12.01,12.75,3197463,64267288.00
2011-11-03,12.93,13.37,12.57,12.60,4879544,102387040.00
2011-11-04,12.63,12.85,12.29,12.50,2256638,45887040.00
2011-11-07,12.49,12.72,12.33,12.37,1288306,26099280.00
2011-11-08,12.40,12.50,12.07,12.07,1857678,37059992.00
2011-11-09,12.14,13.13,12.13,13.00,3550895,72619424.00
2011-11-10,12.75,13.25,12.75,12.93,4136073,87194312.00
2011-11-11,12.85,13.13,12.68,12.91,2531621,52908352.00
2011-11-14,13.07,13.38,13.05,13.23,2742134,58647504.00
2011-11-15,13.23,13.57,13.15,13.31,2378270,51267088.00
2011-11-16,13.27,13.39,12.61,12.67,2626817,55015512.00
2011-11-17,12.75,13.21,12.64,12.91,1833895,38202300.00
2011-11-18,12.77,12.95,12.41,12.45,1632426,33532544.00
2011-11-21,12.51,12.66,12.21,12.64,1169831,23597826.00
2011-11-22,12.47,12.77,12.25,12.71,1533698,31053922.00
2011-11-23,12.72,13.27,12.57,13.02,2696484,56567588.00
2011-11-24,12.90,13.99,12.78,13.81,5090609,110809896.00
2011-11-25,13.67,13.80,13.37,13.43,2662470,58172308.00
2011-11-28,13.43,13.63,13.37,13.54,1723469,37494400.00
2011-11-29,13.66,13.77,13.33,13.37,2843335,61961796.00
2011-11-30,13.26,13.47,12.07,12.30,2931846,60735344.00
2011-12-01,12.90,13.00,12.44,12.49,2756197,56593452.00
2011-12-02,12.45,12.59,12.10,12.35,1172372,23459780.00
2011-12-05,12.32,12.32,11.60,11.67,1768235,34029684.00
2011-12-06,11.65,11.85,11.57,11.60,1196339,22786962.00
2011-12-07,11.70,11.90,11.53,11.71,802712,15334009.00
2011-12-08,11.83,11.97,11.45,11.81,1361297,26112054.00
2011-12-09,11.57,11.93,11.57,11.73,791708,15188320.00
2011-12-12,11.61,11.73,11.53,11.53,668741,12643850.00
2011-12-13,11.41,11.80,11.29,11.58,1630599,30780396.00
2011-12-14,11.42,11.67,11.02,11.07,1119127,20782898.00
2011-12-15,11.06,11.08,10.55,10.73,1381364,24457288.00
2011-12-16,10.72,11.01,10.62,11.00,1133331,20104818.00
2011-12-19,10.81,11.12,10.61,11.08,1604746,28580552.00
2011-12-20,11.01,11.25,10.90,10.94,1327584,24091730.00
2011-12-21,11.13,11.13,10.67,10.67,1164597,20818926.00
2011-12-22,10.41,10.63,10.07,10.45,1307443,22253792.00
2011-12-23,10.44,10.79,10.33,10.62,805037,14035485.00
2011-12-26,10.71,11.07,10.67,10.80,883825,15794446.00
2011-12-27,10.80,10.95,10.59,10.71,750125,13221945.00
2011-12-28,10.61,10.87,10.35,10.87,1011802,17477990.00
2011-12-29,10.79,11.11,10.71,11.03,1078931,19417116.00
2011-12-30,11.07,11.21,10.96,11.01,1050681,19031310.00
2012-01-04,11.08,11.20,10.50,10.53,1155982,20646582.00
2012-01-05,10.46,10.47,9.81,9.82,1605719,26632798.00
2012-01-06,9.73,9.87,9.34,9.87,1125326,17843480.00
2012-01-09,9.79,10.56,9.64,10.50,1716393,28800456.00
2012-01-10,10.50,11.07,10.38,10.93,1489127,26394722.00
2012-01-11,10.96,11.12,10.75,10.99,1165656,20894674.00
2012-01-12,10.93,11.07,10.78,10.81,801378,14336589.00
2012-01-13,10.73,10.91,10.18,10.23,1458941,24961474.00
2012-01-16,10.01,10.27,9.70,9.70,572491,9449007.00
2012-01-17,9.67,10.43,9.59,10.34,1180647,19498018.00
2012-01-18,10.38,10.48,9.81,9.91,1029461,17275826.00
2012-01-19,9.91,10.37,9.74,10.13,807558,13463904.00
2012-01-20,10.02,10.27,10.02,10.23,708212,11843621.00
2012-01-30,10.23,10.35,10.09,10.27,795811,13415995.00
2012-01-31,10.13,10.32,9.91,10.03,672527,11101133.00
2012-02-01,10.00,10.28,9.87,9.93,646027,10760619.00
2012-02-02,9.87,10.02,9.67,10.01,1053542,17122226.00
2012-02-03,9.97,10.45,9.93,10.35,1798699,30309986.00
2012-02-06,10.35,10.59,10.33,10.39,1843592,31717222.00
2012-02-07,10.34,10.36,9.97,10.11,990725,16520827.00
2012-02-08,10.11,10.37,9.85,10.36,1317738,22146662.00
2012-02-09,10.41,10.90,10.41,10.72,1802788,31673366.00
2012-02-10,10.71,11.29,10.56,11.15,3284464,59023368.00
2012-02-13,11.00,11.73,10.88,11.63,3960009,74179416.00
2012-02-14,11.59,11.79,11.49,11.67,2970161,56497968.00
2012-02-15,11.55,11.86,11.54,11.60,2121217,40261352.00
2012-02-16,11.60,11.99,11.49,11.93,2599554,49790148.00
2012-02-17,11.98,12.09,11.52,11.95,3338386,64200288.00
2012-02-20,11.80,12.18,11.48,11.54,5672226,108956840.00
2012-02-21,11.54,11.65,11.31,11.65,1848847,34673684.00
2012-02-22,11.66,12.19,11.65,12.07,2916795,56578028.00
2012-02-23,11.97,12.18,11.89,12.00,1964113,38420844.00
2012-02-24,12.03,12.33,11.94,12.33,4489206,88960096.00
2012-02-27,12.34,12.35,12.14,12.14,3509241,69558984.00
2012-02-28,12.03,12.21,11.83,11.98,2040428,39909464.00
2012-02-29,11.93,12.13,11.55,11.57,2134842,41038276.00
2012-03-01,11.53,11.76,11.50,11.72,1087583,20643726.00
2012-03-02,11.72,11.96,11.72,11.93,1367703,26368130.00
2012-03-05,11.97,12.05,11.69,11.71,2240969,43169948.00
2012-03-06,11.66,11.66,11.30,11.43,1924668,35973516.00
2012-03-07,11.37,11.72,11.25,11.65,1804394,33905924.00
2012-03-08,11.66,11.86,11.54,11.78,1762076,33643244.00
2012-03-09,11.87,12.23,11.87,12.17,2665564,52164572.00
2012-03-13,12.17,12.51,12.10,12.26,3211440,63861412.00
2012-03-14,12.35,12.47,11.55,11.87,4926321,96975976.00
2012-03-15,11.86,12.10,11.49,11.57,2116113,40501932.00
2012-03-16,11.60,11.85,11.56,11.83,1288089,24576114.00
2012-03-19,11.90,12.31,11.85,12.25,2267761,44652800.00
2012-03-20,12.20,12.23,11.91,11.95,1925722,37674684.00
2012-03-21,12.10,12.28,11.85,12.21,1954424,37789080.00
2012-03-22,12.12,12.97,12.12,12.65,4426052,89195176.00
2012-03-23,12.60,12.89,12.37,12.57,2785258,55992480.00
2012-03-26,12.55,12.73,11.77,12.19,2729264,53160032.00
2012-03-27,12.23,12.30,11.93,11.95,1450921,28106292.00
2012-03-28,11.85,11.85,10.97,11.03,3176853,57647144.00
2012-03-29,10.98,11.00,10.40,10.83,2008028,34802424.00
2012-03-30,10.77,10.90,10.44,10.55,961722,16504909.00
2012-04-05,10.56,11.16,10.50,11.10,1616685,28399658.00
2012-04-06,11.03,11.13,10.92,11.04,1440150,25635582.00
2012-04-09,11.03,11.07,10.84,10.85,1077975,19040044.00
2012-04-10,10.67,11.13,10.65,11.03,1126187,19785990.00
2012-04-11,10.90,11.14,10.77,11.07,832501,14784510.00
2012-04-12,11.04,11.41,10.97,11.40,1698100,30755402.00
2012-04-13,11.41,11.46,11.20,11.35,1764523,32199146.00
2012-04-16,11.30,11.30,11.07,11.17,1098108,19785866.00
2012-04-17,11.17,11.34,11.09,11.12,1298845,23468110.00
2012-04-18,11.21,11.34,10.87,11.33,1560244,28013974.00
2012-04-19,11.31,11.42,11.19,11.27,1350358,24612060.00
2012-04-20,11.23,11.39,11.17,11.29,1361331,24747322.00
2012-04-23,11.27,11.27,10.51,10.62,2178623,38014576.00
2012-04-24,10.58,10.75,10.23,10.57,1166945,19815652.00
2012-04-25,10.49,10.67,10.49,10.59,810226,13873593.00
2012-04-26,10.60,10.74,10.50,10.50,1176179,20152768.00
2012-04-27,10.64,10.73,10.53,10.57,982977,16882532.00
2012-05-02,10.63,10.93,10.61,10.83,1389264,24162470.00
2012-05-03,10.82,11.17,10.77,11.07,1213903,21509492.00
2012-05-04,11.07,11.25,10.99,11.22,1265506,22742382.00
2012-05-07,11.22,11.29,11.10,11.24,1112247,20080352.00
2012-05-08,11.25,11.39,11.15,11.32,1256213,22817086.00
2012-05-09,11.37,11.52,11.17,11.21,2165641,39620860.00
2012-05-10,11.09,11.32,11.09,11.15,1016786,18354748.00
2012-05-11,11.04,11.25,11.02,11.04,735559,13156306.00
2012-05-14,11.24,11.24,11.03,11.03,967787,17382564.00
2012-05-15,10.94,10.95,10.71,10.85,875448,15302022.00
2012-05-16,10.82,11.27,10.76,10.95,1236953,22112250.00
2012-05-17,10.98,11.21,10.96,11.19,693063,12395750.00
2012-05-18,11.15,11.15,10.85,10.92,711020,12599025.00
2012-05-21,10.90,11.04,10.78,10.92,592067,10404100.00
2012-05-22,10.92,11.08,10.91,11.01,693493,12295319.00
2012-05-23,11.17,11.39,11.02,11.07,2009030,36291200.00
2012-05-24,10.97,11.06,10.77,10.89,1556033,27388506.00
2012-05-25,10.89,10.89,10.57,10.58,976198,16939426.00
2012-05-28,10.58,10.59,10.25,10.57,1372311,23084012.00
2012-05-29,10.57,10.81,10.47,10.77,1621026,27985990.00
2012-05-30,10.73,10.73,10.56,10.68,1441420,24763018.00
2012-05-31,10.54,10.69,10.51,10.63,1351940,23229908.00
2012-06-01,10.61,10.83,10.61,10.73,1387623,24132260.00
2012-06-04,10.50,10.51,10.21,10.23,1033570,17359380.00
2012-06-05,10.26,10.43,10.17,10.43,831248,13891011.00
2012-06-06,10.49,10.49,10.28,10.33,426323,7155246.00
2012-06-07,10.38,10.47,10.23,10.28,431625,7244018.50
2012-06-08,10.41,10.43,10.17,10.27,732210,12226907.00
2012-06-11,10.35,10.41,10.24,10.41,744739,12489192.00
2012-06-12,10.35,10.40,10.23,10.30,605008,10116468.00
2012-06-13,10.33,10.67,10.31,10.67,1160501,19806890.00
2012-06-14,10.55,10.75,10.55,10.63,671989,11580683.00
2012-06-15,10.67,10.79,10.51,10.65,704225,12140506.00
2012-06-18,10.75,10.83,10.69,10.83,865086,15030037.00
2012-06-19,10.78,10.80,10.63,10.71,732069,12680306.00
2012-06-20,10.67,10.85,10.63,10.81,856638,14918858.00
2012-06-21,10.89,10.89,10.57,10.64,647277,11180270.00
2012-06-25,10.54,10.75,10.53,10.63,862057,14852867.00
2012-06-26,10.63,10.75,10.44,10.71,960818,16491935.00
2012-06-27,10.53,10.78,10.49,10.63,779378,13419916.00
2012-06-28,10.57,10.63,10.39,10.43,817160,13887200.00
2012-06-29,10.37,10.91,10.34,10.83,1157945,20032816.00
2012-07-02,10.91,11.29,10.91,11.13,1960347,35268272.00
2012-07-03,11.03,11.33,11.03,11.16,1344718,24253396.00
2012-07-04,11.23,11.33,11.14,11.23,1222559,22154388.00
2012-07-05,11.23,11.23,10.90,10.97,1270967,22604506.00
2012-07-06,10.99,11.45,10.91,11.42,1497560,27035198.00
2012-07-09,11.31,11.53,11.23,11.28,1277658,23381320.00
2012-07-10,11.24,11.31,10.97,11.02,896221,16030331.00
2012-07-11,11.03,11.21,11.01,11.21,715131,12809305.00
2012-07-12,11.19,11.29,10.75,11.16,1562026,27674198.00
2012-07-13,11.00,11.09,10.77,10.80,2529133,44601172.00
2012-07-16,10.81,10.81,9.83,9.85,1760994,29319420.00
2012-07-17,9.83,9.95,9.74,9.89,643097,10294070.00
2012-07-18,9.93,10.02,9.79,10.02,508098,8176095.00
2012-07-19,10.02,10.29,9.91,10.10,769072,12641572.00
2012-07-20,10.04,10.17,10.00,10.01,368299,6034468.00
2012-07-23,9.87,10.03,9.78,9.89,384173,6163574.50
2012-07-24,9.88,10.10,9.85,9.99,438569,7096259.50
2012-07-25,9.91,10.03,9.85,9.92,585704,9452277.00
2012-07-26,9.97,10.03,9.85,9.94,772795,12503291.00
2012-07-27,10.07,10.07,9.60,9.84,1187283,18874726.00
2012-07-30,10.27,10.43,10.07,10.07,2535686,42142632.00
2012-07-31,9.99,10.39,9.91,10.16,1501998,24926926.00
2012-08-01,10.10,10.41,10.04,10.15,1527554,25320344.00
2012-08-02,10.11,10.30,10.04,10.07,851147,14005751.00
2012-08-03,10.10,10.31,10.07,10.29,1104556,18317902.00
2012-08-06,10.22,10.65,10.15,10.61,1657299,28051544.00
2012-08-07,10.61,10.77,10.51,10.65,1191453,20487252.00
2012-08-08,10.66,10.75,10.55,10.67,810280,13937670.00
2012-08-09,10.67,10.87,10.59,10.79,838569,14556156.00
2012-08-10,10.79,10.81,10.62,10.70,823544,14228475.00
2012-08-13,10.75,10.75,10.35,10.35,939984,15992076.00
2012-08-14,10.33,10.49,10.23,10.49,587438,9865494.00
2012-08-15,10.53,10.69,10.39,10.46,485931,8277613.00
2012-08-16,10.31,10.43,10.25,10.35,454080,7610763.00
2012-08-17,10.40,10.40,10.22,10.39,418608,7003622.50
2012-08-20,10.29,10.48,10.25,10.43,414479,6961486.00
2012-08-21,10.47,10.77,10.35,10.73,817359,14057041.00
2012-08-22,10.73,10.75,10.47,10.57,538148,9232504.00
2012-08-23,10.57,10.82,10.54,10.77,1144973,19793188.00
2012-08-24,10.73,10.80,10.29,10.37,1032590,17576784.00
2012-08-27,10.35,10.35,9.98,9.98,917942,15024649.00
2012-08-28,9.98,10.27,9.97,10.10,433097,7098718.00
2012-08-29,10.03,10.25,10.03,10.11,646169,10634431.00
2012-08-30,10.04,10.17,9.74,9.97,1061854,17139038.00
2012-08-31,9.87,9.98,9.83,9.92,383741,6168425.50
2012-09-03,9.90,10.15,9.90,10.07,549859,8983653.00
2012-09-04,10.03,10.17,9.97,10.05,863699,14123491.00
2012-09-05,10.05,10.41,10.03,10.31,1335463,22235010.00
2012-09-06,10.32,10.47,10.24,10.31,495813,8302206.50
2012-09-07,10.41,10.73,10.41,10.61,1535170,26333522.00
2012-09-10,10.60,10.80,10.51,10.67,1001763,17311742.00
2012-09-11,10.67,10.71,10.51,10.67,798114,13723338.00
2012-09-12,10.67,10.73,10.48,10.60,630770,10803416.00
2012-09-13,10.57,10.63,10.40,10.41,742947,12653312.00
2012-09-14,10.50,10.55,10.37,10.43,692599,11727436.00
2012-09-17,10.45,10.47,10.17,10.17,573727,9586053.00
2012-09-18,10.17,10.22,10.07,10.18,511776,8427294.00
2012-09-19,10.21,10.29,10.14,10.23,432615,7177625.50
2012-09-20,10.18,10.20,9.89,9.92,541339,8813160.00
2012-09-21,9.89,10.03,9.87,9.90,241118,3900847.75
2012-09-24,9.82,10.02,9.73,9.95,647879,10404900.00
2012-09-25,9.89,9.97,9.85,9.92,283548,4570094.00
2012-09-26,9.96,9.97,9.63,9.76,392402,6240094.00
2012-09-27,9.77,10.10,9.70,10.03,557424,9017761.00
2012-09-28,9.95,10.21,9.95,10.14,623929,10259988.00
2012-10-08,10.15,10.20,10.07,10.15,425535,7012253.00
2012-10-09,10.23,10.36,10.15,10.36,1191664,19863324.00
2012-10-10,10.27,10.37,10.25,10.35,619436,10359179.00
2012-10-11,10.29,10.33,10.17,10.23,934575,15508833.00
2012-10-12,10.23,10.31,10.04,10.13,544599,8978050.00
2012-10-15,10.13,10.23,9.91,10.00,559026,9130941.00
2012-10-16,10.07,10.23,10.03,10.13,848811,13927735.00
2012-10-17,10.13,10.16,9.98,10.09,501643,8202496.00
2012-10-18,10.15,10.24,10.07,10.21,1175502,19398454.00
2012-10-19,10.21,10.27,10.17,10.25,683657,11332330.00
2012-10-22,10.25,10.35,10.23,10.32,577923,9648532.00
2012-10-23,10.29,10.40,10.14,10.29,763500,12703805.00
2012-10-24,10.21,10.29,10.14,10.27,415353,6890948.50
2012-10-25,10.21,10.33,10.10,10.11,480911,7979586.00
2012-10-26,10.15,10.15,9.79,9.90,633229,10256668.00
2012-10-29,9.83,9.83,9.51,9.58,1115599,17457122.00
2012-10-30,9.61,9.67,9.54,9.58,523113,8194987.50
2012-10-31,9.62,9.62,9.47,9.58,434985,6765984.00
2012-11-01,9.57,9.79,9.57,9.75,665542,10525317.00
2012-11-02,9.75,9.76,9.59,9.69,563222,8878465.00
2012-11-05,9.76,9.81,9.64,9.73,551494,8728082.00
2012-11-06,9.73,9.74,9.49,9.57,476189,7419841.50
2013-01-22,10.61,10.61,10.61,10.61,102434,1758791.75
2013-01-23,11.76,11.76,11.50,11.76,10933378,206208976.00
2013-01-24,11.54,11.77,11.07,11.37,8153373,150406432.00
2013-01-25,11.23,11.43,10.95,11.31,3189805,57365548.00
2013-01-28,11.29,11.47,11.17,11.36,3035950,55299160.00
2013-01-29,11.31,11.38,11.16,11.24,2428814,43980680.00
2013-01-30,11.21,11.27,10.92,10.98,3101800,55357124.00
2013-01-31,11.03,11.15,10.99,11.08,1862082,33212360.00
2013-02-01,11.03,11.13,10.92,11.09,1583580,28177960.00
2013-02-04,11.13,11.14,10.93,10.93,1252038,22225850.00
2013-02-05,10.83,10.89,10.70,10.85,2173873,37925968.00
2013-02-06,10.87,11.11,10.80,11.05,1552422,27596236.00
2013-02-07,11.15,11.15,10.97,11.06,1123416,20039326.00
2013-02-08,11.15,11.35,11.04,11.20,1423466,25784324.00
2013-02-18,11.26,11.42,11.17,11.33,1941333,35408244.00
2013-02-19,11.31,11.39,11.08,11.16,1371528,24784552.00
2013-02-20,11.13,11.44,11.09,11.38,1845031,33643156.00
2013-02-21,11.33,11.47,11.16,11.31,1813256,33014380.00
2013-02-22,11.29,11.41,11.21,11.25,1357673,24706642.00
2013-02-25,11.25,11.33,11.09,11.27,1687184,30450324.00
2013-02-26,11.17,11.29,10.87,10.87,2081385,37348804.00
2013-02-27,10.91,11.15,10.83,11.07,1776864,31594020.00
2013-02-28,11.07,11.19,10.81,11.11,2889498,51332752.00
2013-03-01,11.10,11.38,11.10,11.38,2776078,50504224.00
2013-03-04,11.37,11.37,11.02,11.07,2243883,40526636.00
2013-03-05,11.09,11.39,11.04,11.37,1902146,34498944.00
2013-03-06,11.39,11.71,11.33,11.49,3527359,65449308.00
2013-03-07,11.50,11.67,11.17,11.29,2934240,54040364.00
2013-03-08,11.33,11.34,11.03,11.07,1656100,29867726.00
2013-03-11,11.07,11.19,10.99,11.04,1321624,23636238.00
2013-03-12,11.01,11.13,10.53,10.65,1974186,34401552.00
2013-03-13,10.68,10.69,10.45,10.51,852799,14572632.00
2013-03-14,10.51,10.65,10.49,10.55,770534,13156217.00
2013-03-15,10.55,10.74,10.49,10.55,1160938,19962674.00
2013-03-18,10.58,10.58,10.31,10.32,1120742,18961108.00
2013-03-19,10.31,10.42,10.23,10.39,760523,12724446.00
2013-03-20,10.41,10.67,10.39,10.66,1139958,19489264.00
2013-03-21,10.63,10.77,10.58,10.75,1602395,27689278.00
2013-03-22,10.73,10.75,10.63,10.71,816721,14112865.00
2013-03-25,10.79,10.87,10.67,10.71,1020461,17765796.00
2013-03-26,10.71,10.71,10.44,10.51,878563,14964526.00
2013-03-27,10.52,10.62,10.47,10.51,796410,13575323.00
2013-03-28,10.47,10.59,10.25,10.32,933460,15619303.00
2013-03-29,10.27,10.38,10.18,10.19,884659,14682762.00
2013-04-01,10.23,10.35,10.17,10.23,798434,12963157.00
2013-04-02,10.20,10.43,10.20,10.25,766375,12488222.00
2013-04-03,10.25,10.30,10.01,10.08,801373,12849308.00
2013-04-08,9.90,10.19,9.78,10.13,863614,13658346.00
2013-04-09,10.16,10.32,10.09,10.25,741033,12003310.00
2013-04-10,10.29,10.33,10.10,10.19,897964,14508780.00
2013-04-11,10.19,10.26,10.02,10.03,715870,11465672.00
2013-04-12,10.07,10.07,9.97,10.03,603130,9575202.00
2013-04-15,10.01,10.02,9.75,9.84,633619,9912536.00
2013-04-16,9.73,9.95,9.67,9.92,699986,10859717.00
2013-04-17,9.90,10.05,9.87,10.01,670758,10595054.00
2013-04-18,9.97,10.09,9.90,10.05,649468,10315037.00
2013-04-19,10.01,10.29,10.01,10.25,1159049,18706722.00
2013-04-22,10.22,10.41,10.17,10.27,1252609,20344222.00
2013-04-23,10.25,10.25,9.85,9.85,1332884,21130804.00
2013-04-24,9.83,10.17,9.83,10.17,939186,14976375.00
2013-04-25,10.17,10.33,10.00,10.17,1189611,19191684.00
2013-04-26,10.13,10.17,9.77,9.83,1323876,20760934.00
2013-05-02,9.89,9.89,9.70,9.81,655073,10149081.00
2013-05-03,9.85,10.10,9.81,9.98,952209,15078908.00
2013-05-06,9.96,10.20,9.96,10.17,1063173,17029556.00
2013-05-07,10.18,10.19,10.05,10.13,832435,13336082.00
2013-05-08,10.18,10.21,10.10,10.21,1059053,17044248.00
2013-05-09,10.21,10.35,10.13,10.33,1604986,26008622.00
2013-05-10,10.29,10.41,10.17,10.32,1238098,20204644.00
2013-05-13,10.33,10.33,10.17,10.27,1234093,20029554.00
2013-05-14,10.23,10.25,9.97,10.02,1230150,19629526.00
2013-05-15,10.04,10.34,10.03,10.34,1503761,24314120.00
2013-05-16,10.29,10.53,10.29,10.37,2580833,42577296.00
2013-05-17,10.37,10.73,10.35,10.69,3246330,54121336.00
2013-05-20,10.75,10.89,10.65,10.79,2767543,47046992.00
2013-05-21,10.72,11.01,10.72,10.96,2181037,37402232.00
2013-05-22,10.98,11.00,10.64,10.67,2622004,44652620.00
2013-05-23,10.65,10.91,10.60,10.61,2166040,36706620.00
2013-05-24,10.63,10.83,10.59,10.79,1847974,31288166.00
2013-05-27,10.83,11.19,10.81,11.04,2410069,41924392.00
2013-05-28,11.01,11.03,10.77,10.81,1969877,33720724.00
2013-05-29,10.87,10.99,10.79,10.87,1295932,22254832.00
2013-05-30,10.84,10.93,10.80,10.90,1022635,17543358.00
2013-05-31,10.90,11.09,10.83,10.86,2214294,38407516.00
2013-06-03,10.81,10.86,10.59,10.61,1736079,29344968.00
2013-06-04,10.61,10.63,10.23,10.29,1467319,24104302.00
2013-06-05,10.32,10.35,10.18,10.24,1096699,17783938.00
2013-06-06,10.18,10.27,10.16,10.21,1016481,16463206.00
2013-06-07,10.20,10.25,9.95,10.01,993001,15829246.00
2013-06-13,9.95,9.95,9.50,9.67,1172637,17947486.00
2013-06-14,9.67,9.92,9.67,9.83,874989,13628938.00
2013-06-17,9.89,9.96,9.81,9.87,1039388,16292288.00
2013-06-18,9.87,10.03,9.63,10.03,1136831,17741712.00
2013-06-19,10.15,10.70,10.15,10.53,4381510,72726928.00
2013-06-20,10.42,10.42,10.03,10.03,2275452,36757292.00
2013-06-21,9.84,9.93,9.57,9.84,1124794,17385236.00
2013-06-24,9.81,9.81,8.92,9.08,1677432,25088024.00
2013-06-25,8.83,9.20,8.37,9.00,1495883,21005410.00
2013-06-26,9.00,9.24,8.87,9.23,1216297,17572284.00
2013-06-27,9.22,9.50,9.05,9.21,1531351,22681076.00
2013-06-28,9.01,9.33,8.97,9.20,830589,12094564.00
2013-07-01,9.20,9.36,9.10,9.36,560916,8247270.00
2013-07-02,9.31,9.43,9.25,9.38,660769,9832993.00
2013-07-03,9.34,9.41,9.03,9.26,923602,13498655.00
2013-07-04,9.23,9.48,9.13,9.35,1322334,19561894.00
2013-07-05,9.34,9.40,9.14,9.17,1070732,15793301.00
2013-07-08,9.03,9.03,8.64,8.65,962391,13479011.00
2013-07-09,8.63,8.74,8.51,8.65,606431,8367063.50
2013-07-10,8.67,8.95,8.64,8.93,703532,9884254.00
2013-07-11,8.91,9.27,8.89,9.17,1079170,15612079.00
2013-07-12,9.12,9.31,9.03,9.09,1182073,17315912.00
2013-07-15,9.11,9.33,9.11,9.33,1209458,17815490.00
2013-07-16,9.34,9.53,9.33,9.42,1388930,20797202.00
2013-07-17,9.36,9.43,9.19,9.21,1244092,18399694.00
2013-07-18,9.11,9.21,9.08,9.13,1030041,15005452.00
2013-07-19,9.29,9.57,9.18,9.18,1934444,28836894.00
2013-07-22,9.07,9.40,8.98,9.40,1129229,16582514.00
2013-07-23,9.44,9.70,9.44,9.63,1654580,25205942.00
2013-07-24,9.63,9.72,9.46,9.67,1368770,20814448.00
2013-07-25,9.67,9.75,9.45,9.45,1337738,20299042.00
2013-07-26,9.44,10.42,9.26,10.02,3513248,55425380.00
2013-07-29,10.01,10.01,9.65,9.68,1664388,25891178.00
2013-07-30,9.65,9.93,9.63,9.90,1600517,24915130.00
2013-07-31,9.93,9.99,9.80,9.86,897299,14083370.00
2013-08-01,9.89,10.16,9.86,10.15,1348800,21541384.00
2013-08-02,10.22,10.33,10.04,10.07,1367117,22097700.00
2013-08-05,10.10,10.37,10.03,10.29,1230384,19929268.00
2013-08-06,10.33,10.55,10.26,10.38,1794014,29609744.00
2013-08-07,10.37,10.48,10.05,10.06,1695815,27428838.00
2013-08-08,10.03,10.17,9.95,10.07,984382,15675615.00
2013-08-09,10.10,10.34,10.01,10.16,956165,15411905.00
2013-08-12,10.11,10.26,10.00,10.15,1012035,16209748.00
2013-08-13,10.14,10.36,10.11,10.29,1010726,16471448.00
2013-08-14,10.32,10.35,10.19,10.25,949143,15418753.00
2013-08-15,10.29,10.29,9.97,9.99,1106080,17734076.00
2013-08-16,9.67,9.77,9.28,9.33,2985887,45082420.00
2013-08-19,9.25,9.53,9.15,9.48,1030405,15360674.00
2013-08-20,9.46,9.53,9.30,9.33,1203987,18013814.00
2013-08-21,9.35,9.43,9.30,9.43,1200133,17848152.00
2013-08-22,9.43,9.66,9.41,9.55,1831505,27791508.00
2013-08-23,9.55,9.63,9.26,9.39,1507984,22615804.00
2013-08-26,9.41,9.64,9.29,9.64,1971096,29779700.00
2013-08-27,9.60,9.63,9.47,9.63,1264152,19157356.00
2013-08-28,9.55,9.55,9.38,9.41,1239913,18649410.00
2013-08-29,9.40,9.47,9.30,9.37,937718,13983049.00
2013-08-30,9.41,9.41,9.03,9.10,1296456,19050390.00
2013-09-02,9.17,9.31,9.12,9.29,646359,9501719.00
2013-09-03,9.30,9.39,9.22,9.39,954544,14178071.00
2013-09-04,9.34,9.40,9.27,9.30,707223,10512041.00
2013-09-05,9.33,9.38,9.25,9.37,792938,11771457.00
2013-09-06,9.40,9.47,9.34,9.45,1078491,16157044.00
2013-09-09,9.44,9.67,9.44,9.62,1686353,25715720.00
2013-09-10,9.61,9.63,9.50,9.56,1163270,17652356.00
2013-09-11,9.53,9.55,9.37,9.42,993140,14875196.00
2013-09-12,9.31,9.54,9.31,9.42,764022,11483381.00
2013-09-13,9.39,9.47,9.31,9.43,973067,14509136.00
2013-09-16,9.43,9.55,9.39,9.47,761544,11474193.00
2013-09-17,9.49,9.51,9.37,9.37,1084460,16278733.00
2013-09-18,9.41,9.41,9.31,9.39,637224,9478838.00
2013-09-23,9.40,9.60,9.35,9.57,1151037,17408372.00
2013-09-24,9.57,9.75,9.57,9.60,1573281,24107752.00
2013-09-25,9.63,9.71,9.53,9.63,1270292,19421166.00
2013-09-26,9.60,9.85,9.58,9.65,1371394,21161132.00
2013-09-27,9.73,9.74,9.49,9.50,1070591,16290973.00
2013-09-30,9.51,9.61,9.47,9.55,833086,12614142.00
2013-10-08,9.54,9.77,9.39,9.76,1489132,22828554.00
2013-10-09,9.75,9.78,9.67,9.75,1070264,16498764.00
2013-10-10,9.76,9.79,9.57,9.63,1081204,16576196.00
2013-10-11,9.57,9.86,9.57,9.83,1585834,24564002.00
2013-10-14,9.83,9.99,9.76,9.89,1596418,25058978.00
2013-10-15,9.87,9.92,9.67,9.71,1599883,24791666.00
2013-10-16,9.71,9.71,9.39,9.51,1673602,25296636.00
2013-10-17,9.51,9.62,9.45,9.51,1257399,19068730.00
2013-10-18,9.51,9.67,9.50,9.65,1130024,17253356.00
2013-10-21,9.65,9.96,9.61,9.87,1459653,22831018.00
2013-10-22,9.87,10.13,9.80,9.90,1982451,31370108.00
2013-10-23,9.90,9.97,9.57,9.63,1587987,24586728.00
2013-10-24,9.63,9.68,9.51,9.56,662433,10098649.00
2013-10-25,9.57,9.75,9.52,9.63,1100787,16823808.00
2013-10-28,9.30,9.30,8.80,9.05,3295188,47273728.00
2013-10-29,8.94,9.01,8.53,8.65,1720489,23964858.00
2013-10-30,8.63,8.75,8.57,8.71,880518,12201587.00
2013-10-31,8.67,8.75,8.64,8.73,946974,13161294.00
2013-11-01,8.73,8.93,8.54,8.89,2615440,36482320.00
2013-11-04,8.78,9.02,8.77,8.88,1852072,26318150.00
2013-11-05,8.86,8.90,8.67,8.84,1671967,23444578.00
2013-11-06,8.76,8.91,8.71,8.75,1681483,23669538.00
2013-11-07,8.75,8.79,8.61,8.61,834272,11579229.00
2013-11-08,8.55,8.67,8.55,8.60,594759,8187940.00
2013-11-11,8.57,8.67,8.53,8.65,630867,8669194.00
2013-11-12,8.69,9.08,8.62,8.87,1485578,20889488.00
2013-11-13,8.84,8.85,8.60,8.61,1294494,17978460.00
2013-11-14,8.61,8.90,8.53,8.87,1513811,21233982.00
2013-11-15,8.90,9.10,8.90,8.95,1731539,24845932.00
2013-11-18,8.91,9.13,8.91,9.09,1359958,19662048.00
2013-11-19,9.15,9.19,9.05,9.12,1179208,17121518.00
2013-11-20,9.13,9.30,9.09,9.27,1204250,17646380.00
2013-11-21,9.20,9.23,9.01,9.10,1245633,18077414.00
2013-11-22,9.11,9.29,9.09,9.18,972206,14236662.00
2013-11-25,9.13,9.33,9.10,9.25,869665,12802694.00
2013-11-26,9.21,9.46,9.15,9.37,1318620,19576164.00
2013-11-27,9.32,9.48,9.32,9.41,1157926,17328752.00
2013-11-28,9.43,9.50,9.37,9.44,1417126,21251156.00
2013-11-29,9.46,9.87,9.44,9.81,2958925,45753744.00
2013-12-02,9.47,9.61,9.03,9.04,2442596,36169208.00
2013-12-03,8.93,9.34,8.90,9.30,1763344,25637496.00
2013-12-04,9.27,9.79,9.23,9.61,2384912,36173168.00
2013-12-05,9.63,9.97,9.57,9.84,2441919,38041804.00
2013-12-06,9.83,9.91,9.58,9.75,1591331,24516386.00
2013-12-09,9.75,9.88,9.65,9.88,1365404,21261710.00
2013-12-10,9.88,10.06,9.70,9.76,1370666,21378254.00
2013-12-11,9.63,9.71,9.43,9.54,1579533,23942824.00
2013-12-12,9.57,9.69,9.51,9.60,1133377,17299236.00
2013-12-13,9.53,9.67,9.43,9.64,1087622,16543707.00
2013-12-16,9.63,9.64,9.33,9.39,1426752,21468188.00
2013-12-17,9.39,9.51,9.34,9.39,912576,13671824.00
2013-12-18,9.42,9.49,9.31,9.43,583851,8745787.00
2013-12-19,9.50,9.55,9.36,9.37,543837,8170278.00
2013-12-20,9.32,9.43,9.20,9.21,659914,9764752.00
2013-12-23,9.22,9.22,8.95,9.15,1137767,16482991.00
2013-12-24,9.18,9.41,9.12,9.23,950816,14044738.00
2013-12-25,9.31,10.21,9.24,10.21,4488977,70722448.00
2013-12-26,10.37,11.10,10.30,10.63,10769897,181747584.00
2013-12-27,10.57,10.90,10.51,10.85,6480290,109480024.00
2013-12-30,10.85,10.86,10.57,10.69,4732602,79981400.00
2013-12-31,10.54,10.67,10.34,10.37,3442194,56898796.00
2014-01-02,10.37,10.77,10.25,10.71,3773890,62887556.00
2014-01-03,10.66,10.66,10.43,10.55,2027960,33732280.00
2014-01-06,10.51,10.53,10.03,10.14,2470722,39997716.00
2014-01-07,10.08,10.83,10.05,10.50,3477669,57548308.00
2014-01-08,10.50,10.71,10.33,10.45,2249034,37291172.00
2014-01-09,10.45,10.74,9.67,9.84,3449333,56228864.00
2014-01-10,9.90,10.04,9.67,9.80,1969774,30775098.00
2014-01-13,9.81,9.95,9.77,9.85,1137966,17782818.00
2014-01-14,9.86,10.09,9.85,10.09,1830130,29030644.00
2014-01-15,10.09,10.37,10.06,10.27,2376253,38436972.00
2014-01-16,10.43,10.63,10.27,10.33,2577317,42541348.00
2014-01-17,10.22,10.37,10.09,10.16,1563057,25239710.00
2014-01-20,10.09,10.22,9.83,9.89,1289165,20470652.00
2014-01-21,9.88,10.40,9.87,10.32,1774580,28746694.00
2014-01-22,10.30,10.52,10.25,10.48,2393296,39416604.00
2014-01-23,10.46,10.55,10.38,10.50,1979717,32782190.00
2014-01-24,10.43,10.76,10.39,10.59,2400395,40277136.00
2014-01-27,10.48,10.59,10.35,10.41,1761535,29162094.00
2014-01-28,10.39,10.60,10.23,10.46,1293248,21280682.00
2014-01-29,10.45,10.81,10.45,10.77,2794212,47192316.00
2014-01-30,10.64,10.67,10.35,10.40,2059344,34114936.00
2014-02-07,10.37,10.67,10.23,10.66,1701217,28259304.00
2014-02-10,10.72,11.06,10.72,10.93,4088772,70238624.00
2014-02-11,10.98,11.09,10.75,10.97,2811196,48357456.00
2014-02-12,11.06,11.34,10.97,11.21,2735728,48318192.00
2014-02-13,11.20,11.26,10.76,10.76,2236542,38903512.00
2014-02-14,10.75,10.93,10.68,10.91,2245947,38330620.00
2014-02-17,10.91,11.15,10.91,11.14,2462875,42961516.00
2014-02-18,11.15,11.66,11.11,11.41,4480079,80766832.00
2014-02-19,11.58,11.63,11.23,11.29,3911982,70110880.00
2014-02-20,11.31,11.47,10.94,11.06,2441384,42987572.00
2014-02-21,10.98,11.39,10.98,11.17,1796235,31720810.00
2014-02-24,11.10,11.41,10.97,11.37,2158992,38248024.00
2014-02-25,11.44,11.47,10.43,10.58,2947359,51353964.00
2014-02-26,10.55,10.74,10.39,10.63,1723938,28802022.00
2014-02-27,10.69,10.96,10.33,10.33,2298669,38733144.00
2014-02-28,10.35,10.67,10.28,10.59,1368946,22597334.00
2014-03-03,10.67,10.75,10.59,10.74,1339739,22593666.00
2014-03-04,10.71,10.71,10.44,10.62,1207398,20161810.00
2014-03-05,10.65,10.72,10.57,10.62,1023964,17197098.00
2014-03-06,10.62,10.65,10.37,10.56,961321,15932379.00
2014-03-07,10.59,10.65,10.41,10.47,1112030,18495708.00
2014-03-10,10.37,10.37,9.89,9.92,1586724,25371126.00
2014-03-11,9.89,10.01,9.77,10.00,942292,14792152.00
2014-03-12,10.00,10.03,9.70,9.86,890386,13909075.00
2014-03-13,9.84,10.03,9.83,10.01,573447,9054862.00
2014-03-14,9.97,10.01,9.75,9.87,791202,12384981.00
2014-03-17,9.85,10.29,9.85,10.29,1192798,19208988.00
2014-03-18,10.32,10.42,10.22,10.29,868751,14191005.00
2014-03-19,10.27,10.47,10.17,10.44,1245556,20363186.00
2014-03-20,10.43,10.43,10.03,10.04,867218,14121010.00
2014-03-21,10.04,10.37,9.97,10.33,810655,13043377.00
2014-03-24,10.37,10.51,10.34,10.41,744772,12285410.00
2014-03-25,10.41,10.47,10.20,10.31,1027743,16789348.00
2014-03-26,10.77,10.97,10.61,10.71,2498131,42468352.00
2014-03-27,10.55,11.19,10.55,11.02,3424354,59258976.00
2014-03-28,10.97,11.10,10.64,10.76,1900514,32495348.00
2014-03-31,10.79,11.07,10.59,10.88,1613826,27725914.00
2014-04-01,10.95,11.08,10.79,11.06,1493601,25826206.00
2014-04-02,11.06,11.17,10.87,10.93,1300720,22591178.00
2014-04-03,10.97,10.97,10.71,10.80,1288220,22019386.00
2014-04-04,10.78,10.94,10.72,10.92,793593,13576841.00
2014-04-08,10.83,11.26,10.83,11.22,2019458,35263388.00
2014-04-09,11.22,11.23,11.07,11.18,1760723,30882830.00
2014-04-10,11.22,11.35,11.05,11.07,1845180,32466486.00
2014-04-11,10.98,11.21,10.91,11.03,1064842,18560776.00
2014-04-14,11.07,11.44,11.05,11.39,2674804,47652304.00
2014-04-15,11.35,11.35,11.17,11.19,1160029,20533240.00
2014-04-16,11.03,11.83,11.00,11.79,5000642,90636992.00
2014-04-17,11.71,12.28,11.63,11.93,6703210,126153424.00
2014-04-18,11.71,11.87,11.63,11.75,3174121,58501552.00
2014-04-21,11.63,11.98,11.49,11.54,2337159,43182692.00
2014-04-22,11.43,11.60,10.97,11.26,3050306,54103008.00
2014-04-23,11.23,11.33,10.87,10.96,2208495,38593168.00
2014-04-24,10.88,11.03,10.70,10.91,1559582,26791222.00
2014-04-25,10.89,11.00,10.83,10.89,1324937,22803802.00
2014-04-28,10.89,10.89,10.36,10.42,1908581,31699200.00
2014-04-29,10.41,10.61,10.32,10.54,2036753,22075736.00
2014-04-30,10.56,10.76,10.46,10.56,1376692,15014543.00
2014-05-05,10.55,10.72,10.36,10.72,2596219,28192372.00
2014-05-06,10.70,11.23,10.63,11.04,3807934,42935624.00
2014-05-07,10.95,11.06,10.75,10.80,1968604,22038212.00
2014-05-08,10.70,11.01,10.65,10.73,1809344,20173878.00
2014-05-09,10.75,10.81,10.43,10.51,1483427,16156599.00
2014-05-12,10.62,10.98,10.46,10.97,1916390,21268862.00
2014-05-13,10.97,11.14,10.85,10.99,2116991,23915138.00
2014-05-14,11.00,11.22,10.90,10.95,2018556,22949460.00
2014-05-15,10.91,11.15,10.60,10.69,1643416,18422258.00
2014-05-16,10.61,11.18,10.55,11.14,2319683,25881644.00
2014-05-19,11.09,11.50,11.01,11.43,4163747,48381556.00
2014-05-20,11.40,11.49,11.15,11.37,2360125,27356404.00
2014-05-21,11.35,11.46,11.16,11.45,2028031,23631644.00
2014-05-22,11.49,11.53,11.19,11.23,2387327,27781710.00
2014-05-23,11.25,11.67,11.20,11.53,3544251,41745568.00
2014-05-26,11.56,11.57,11.33,11.57,2682969,31547940.00
2014-05-27,11.52,11.64,11.42,11.47,2419387,28625340.00
2014-05-28,11.41,11.80,11.26,11.78,4296305,50881660.00
2014-05-29,11.69,11.74,11.50,11.56,2210797,26280734.00
2014-05-30,11.45,11.60,11.21,11.36,2827619,33015984.00
2014-06-03,11.36,11.47,11.23,11.34,1759304,20497726.00
2014-06-04,11.34,11.35,10.90,11.05,2453764,27903460.00
2014-06-05,11.06,11.30,11.03,11.27,1504609,17216020.00
2014-06-06,11.27,11.46,11.12,11.23,1909604,22139182.00
2014-06-09,11.27,11.48,11.19,11.28,2055803,24031420.00
2014-06-10,11.25,11.77,11.10,11.66,4758442,56275444.00
2014-06-11,11.57,11.79,11.57,11.74,2957490,35451472.00
2014-06-12,11.68,11.80,11.55,11.55,3716861,44408036.00
2014-06-13,11.50,11.92,11.47,11.79,6503941,78365104.00
2014-06-16,11.76,11.76,11.49,11.65,6811203,81004128.00
2014-06-17,11.50,11.56,11.26,11.31,4106067,47940032.00
2014-06-18,11.33,11.36,11.07,11.07,2505514,28807790.00
2014-06-19,11.10,11.37,10.60,10.60,3221285,36203976.00
2014-06-20,10.70,10.77,10.48,10.74,1893637,20672578.00
2014-06-23,10.74,10.90,10.74,10.84,1489385,16588530.00
2014-06-24,10.80,10.93,10.77,10.86,1181156,13178133.00
2014-06-25,10.86,10.94,10.70,10.79,1562761,17343202.00
2014-06-26,10.77,11.07,10.77,10.98,2005987,22621274.00
2014-06-27,10.98,11.27,10.91,11.18,2020558,23089736.00
2014-06-30,11.20,11.32,11.13,11.23,1278908,14746423.00
2014-07-01,11.28,11.34,11.20,11.33,1259261,14592678.00
2014-07-02,11.33,11.46,11.15,11.39,2129058,24724836.00
2014-07-03,11.38,12.50,11.34,12.40,13686890,170299760.00
2014-07-04,12.35,12.79,12.05,12.23,11189081,141573104.00
2014-07-07,12.29,12.46,11.95,12.14,4453913,55585848.00
2014-07-08,12.08,12.64,12.08,12.35,5591032,70729640.00
2014-07-09,12.21,12.36,11.95,12.00,3573118,44434804.00
2014-07-10,12.00,12.43,11.97,12.10,3006946,37682316.00
2014-07-11,12.02,12.40,12.02,12.35,2489950,31296128.00
2014-07-14,12.34,12.53,12.16,12.45,3436104,43364316.00
2014-07-15,12.49,12.50,12.06,12.38,2948702,37023284.00
2014-07-16,12.33,12.50,12.05,12.40,4128572,51903756.00
2014-07-17,12.32,12.43,12.10,12.38,2779795,34963684.00
2014-07-18,12.15,13.00,12.15,12.59,7589919,98141944.00
2014-07-21,12.70,13.65,12.52,13.18,17328007,230767392.00
2014-07-22,13.02,13.65,12.79,13.58,23198491,314654592.00
2014-07-23,13.35,13.46,13.12,13.32,10051337,136752304.00
2014-07-24,13.29,13.29,12.75,13.02,4192252,55552756.00
2014-07-25,13.07,13.58,12.85,13.40,13183213,179383856.00
2014-07-28,13.40,13.70,13.21,13.40,5938955,81192104.00
2014-07-29,13.45,13.63,13.17,13.45,6856629,93785968.00
2014-07-30,13.39,13.50,13.27,13.42,2740846,37472556.00
2014-07-31,13.38,14.48,13.31,14.27,14882245,211843456.00
2014-08-01,13.99,14.55,13.78,14.29,16835367,242769024.00
2014-08-04,14.19,14.97,14.06,14.90,26610507,392294976.00
2014-08-05,15.00,15.00,14.47,14.83,26511547,396107328.00
2014-08-06,14.20,14.63,13.89,13.97,21949441,316303712.00
2014-08-07,14.00,14.00,13.50,13.65,10023467,140125488.00
2014-08-08,13.60,13.84,13.53,13.68,5509545,76920568.00
2014-08-11,13.62,13.82,13.59,13.71,8230151,115164880.00
2014-08-12,13.70,13.70,13.45,13.50,6920928,95662336.00
2014-08-13,13.50,13.65,13.36,13.49,3711126,51134704.00
2014-08-14,13.49,13.63,13.48,13.53,3973781,55055744.00
2014-08-15,13.54,13.58,13.27,13.37,5678203,77565296.00
2014-08-18,13.37,13.46,13.30,13.45,6022840,82401032.00
2014-08-19,13.45,13.85,13.42,13.84,7805591,108872920.00
2014-08-20,13.83,13.83,13.54,13.57,5653288,79077064.00
2014-08-21,13.57,13.64,13.30,13.48,4026081,55416956.00
2014-08-22,13.49,13.59,13.42,13.59,3022623,41709416.00
2014-08-25,13.61,13.65,13.36,13.37,2342606,32202672.00
2014-08-26,13.35,13.35,12.76,12.85,5426436,72278448.00
2014-08-27,12.88,12.91,12.80,12.87,1945575,25595048.00
2014-08-28,12.88,12.91,12.64,12.79,2513780,32876516.00
2014-08-29,12.74,13.00,12.74,12.95,1701518,22429948.00
2014-09-01,12.94,13.41,12.89,13.27,4148301,56184792.00
2014-09-02,13.33,13.44,13.26,13.41,3070792,42009464.00
2014-09-03,13.44,13.53,13.32,13.41,3368448,46275184.00
2014-09-04,13.37,13.62,13.37,13.58,4247960,58724080.00
2014-09-05,13.59,13.64,13.48,13.57,3362987,46605700.00
2014-09-09,13.57,13.76,13.57,13.61,3526132,49244808.00
2014-09-10,13.58,13.80,13.47,13.80,4949375,69077144.00
2014-09-11,13.80,13.93,13.55,13.61,5682042,79982520.00
2014-09-12,13.61,13.65,13.50,13.64,4259614,59111944.00
2014-09-15,13.62,13.65,13.46,13.64,6331492,87620656.00
2014-09-16,13.57,13.64,13.03,13.05,5786495,79170520.00
2014-09-17,13.13,13.28,13.03,13.24,2347649,31634116.00
2014-09-18,13.20,13.46,13.14,13.42,3076567,42009716.00
2014-09-19,13.51,14.68,13.51,14.35,18362468,264248736.00
2014-09-22,14.19,14.32,13.86,14.15,8619552,123849576.00
2014-09-23,14.11,14.22,13.80,14.07,4982487,71758192.00
2014-09-24,14.06,14.25,13.91,14.10,5922083,85340784.00
2014-09-25,14.13,14.45,13.97,14.15,5941753,86505240.00
2014-09-26,14.28,14.29,13.94,14.15,5070033,73153048.00
2014-09-29,14.20,14.35,14.08,14.30,6325537,91863744.00
2014-09-30,14.30,14.94,14.27,14.80,9834751,147246144.00
2014-10-08,14.79,14.89,14.46,14.70,5408906,80789456.00
2014-10-09,14.65,14.72,14.30,14.55,5891601,87237712.00
2014-10-10,14.53,14.54,14.23,14.24,4273347,62704828.00
2014-10-13,14.21,14.35,13.95,14.33,3165439,45635372.00
2014-10-14,14.30,14.52,14.20,14.43,4005105,58713132.00
2014-10-15,14.33,14.41,14.11,14.35,2725352,39629736.00
2014-10-16,14.28,14.39,14.11,14.11,2741757,39926012.00
2014-10-17,14.03,14.15,13.53,13.90,3387499,47911672.00
2014-10-20,13.90,14.06,13.85,14.04,1738130,24820978.00
2014-10-21,14.04,14.07,13.84,13.88,1658839,23654068.00
2014-10-22,13.88,13.99,13.63,13.66,2388950,33821664.00
2014-10-23,13.61,13.70,13.02,13.15,2984976,40616792.00
2014-10-24,13.14,13.28,13.00,13.16,2212408,29711576.00
2014-10-29,14.10,14.51,13.95,14.51,6601138,96711560.00
2014-10-30,15.15,15.24,14.24,14.30,20873837,312522368.00
2014-10-31,14.14,14.26,13.83,13.96,8275963,118193576.00
2014-11-03,14.03,14.09,13.89,14.06,4689674,67002112.00
2014-11-04,14.02,14.05,13.47,13.58,7200855,100901232.00
2014-11-05,13.60,13.70,13.45,13.66,2567917,35689984.00
2014-11-06,13.72,13.95,13.63,13.93,3400696,48005512.00
2014-11-07,13.93,14.04,13.54,13.60,4180869,59134404.00
2014-11-10,13.59,13.70,13.53,13.62,2186160,30410698.00
2014-11-11,13.62,13.67,12.86,12.92,5927127,79805168.00
2014-11-12,12.93,13.08,12.88,13.08,2978264,39583084.00
2014-11-13,13.08,13.11,12.62,12.65,3977131,52061012.00
2014-11-14,12.65,12.84,12.55,12.74,2513321,32702654.00
2014-11-17,12.77,13.03,12.75,12.98,2297923,30376458.00
2014-11-18,12.95,13.06,12.82,12.98,1504534,19941632.00
2014-11-19,12.99,13.16,12.95,13.09,2016959,27002078.00
2014-11-20,13.05,13.09,12.95,12.98,1384093,18406330.00
2014-11-21,12.94,13.30,12.92,13.18,2870454,38722568.00
2014-11-24,13.30,13.37,13.23,13.25,3061331,41590532.00
2014-11-25,13.25,13.50,13.21,13.47,3058016,41790624.00
2014-11-26,13.47,13.53,13.30,13.50,2883505,39644984.00
2014-11-27,13.55,13.94,13.46,13.90,6832158,95767776.00
2014-11-28,14.02,14.21,13.56,13.75,7561161,107267080.00
2014-12-01,13.71,13.78,13.38,13.53,3542624,48935436.00
2014-12-02,13.47,13.82,13.47,13.64,3022728,42285676.00
2014-12-03,13.59,13.87,13.51,13.80,4322203,60489668.00
2014-12-04,13.92,13.93,13.75,13.86,5656141,80003496.00
2014-12-05,13.81,13.84,13.13,13.26,5718217,78563064.00
2014-12-08,13.24,13.24,12.96,13.05,4804136,64056416.00
2014-12-09,12.98,12.98,12.60,12.60,4668654,60904320.00
2014-12-10,12.70,13.11,12.54,13.03,3134277,41334856.00
2014-12-11,13.00,13.11,12.88,13.03,2956570,39297660.00
2014-12-12,13.04,13.22,13.00,13.21,2735356,36692352.00
2014-12-15,13.20,13.43,13.05,13.40,2811332,38171372.00
2014-12-16,13.36,13.51,13.24,13.33,2127641,29012242.00
2014-12-17,13.30,13.30,12.98,13.04,2293104,30769610.00
2014-12-18,13.06,13.21,12.89,12.95,1887714,25228908.00
2014-12-19,12.98,12.98,12.62,12.88,2440184,31842966.00
2014-12-22,12.77,12.83,12.10,12.24,2972743,37936520.00
2014-12-23,12.28,12.42,12.18,12.20,1273133,16032965.00
2014-12-24,12.24,12.63,12.24,12.59,1838638,23468294.00
2014-12-25,12.65,12.90,12.53,12.82,1521487,19873504.00
2014-12-26,12.84,12.95,12.64,12.80,1928902,25231000.00
2014-12-29,12.93,13.18,12.59,13.16,4212901,55366920.00
2014-12-30,13.09,13.36,12.83,13.13,4716777,62910496.00
2014-12-31,13.07,13.37,12.65,12.66,6710434,89127960.00
2015-01-05,12.75,12.75,12.43,12.63,4262878,54714180.00
2015-01-06,12.50,12.89,12.48,12.87,3507768,45501044.00
2015-01-07,12.78,12.94,12.68,12.81,1968261,25819296.00
2015-01-08,12.75,12.83,12.68,12.72,1423559,18577420.00
2015-01-09,12.73,12.84,12.67,12.70,2245780,29349422.00
2015-01-12,12.64,12.68,12.20,12.32,1682401,21364178.00
2015-01-13,12.34,12.56,12.27,12.52,1744007,22258154.00
2015-01-14,12.50,12.59,12.40,12.45,1013678,12984292.00
2015-01-15,12.51,12.65,12.46,12.51,1345952,17327280.00
2015-01-16,12.56,12.84,12.51,12.75,2152009,27938626.00
2015-01-19,12.60,12.95,12.31,12.56,2911465,38093852.00
2015-01-20,12.60,13.08,12.60,13.05,3289453,43457188.00
2015-01-21,13.07,13.27,13.05,13.21,4072219,54897096.00
2015-01-22,13.21,13.35,13.13,13.30,3959302,53690648.00
2015-01-23,13.31,13.38,13.10,13.14,3071960,41459412.00
2015-01-26,13.21,13.36,13.20,13.35,2248764,30603640.00
2015-01-27,13.32,13.44,13.08,13.28,2364138,32081318.00
2015-01-28,13.27,13.53,13.14,13.47,3406658,46642620.00
2015-01-29,13.34,13.41,13.20,13.24,1798028,24419436.00
2015-01-30,13.19,13.43,13.17,13.23,1929879,26202340.00
2015-02-02,13.19,13.33,13.11,13.23,1756500,23806838.00
2015-02-03,13.29,13.76,13.23,13.58,4461228,61752084.00
2015-02-04,13.59,13.68,13.40,13.43,2705504,37430496.00
2015-02-05,13.51,13.73,13.40,13.53,3875846,53796752.00
2015-02-06,13.60,13.62,13.20,13.31,3233027,44337660.00
2015-02-09,13.34,13.53,13.23,13.29,2171482,29740578.00
2015-02-10,13.32,13.34,13.11,13.32,2063855,27927800.00
2015-02-11,13.29,13.54,13.23,13.50,2281189,31242022.00
2015-02-12,13.48,13.72,13.48,13.64,2915485,40597980.00
2015-02-13,13.73,13.88,13.65,13.82,3546936,49993936.00
2015-02-16,13.86,14.04,13.77,14.00,3937144,55937608.00
2015-02-17,14.05,14.05,13.70,13.85,4048244,57158372.00
2015-02-25,13.83,14.15,13.75,14.00,4038719,57648492.00
2015-02-26,14.01,14.12,13.81,13.92,2944051,41942152.00
2015-02-27,13.92,14.30,13.88,14.22,4958375,71479272.00
2015-03-02,14.26,14.50,14.20,14.47,5528756,81123888.00
2015-03-03,14.34,14.58,14.23,14.24,5003296,73554600.00
2015-03-04,14.29,14.54,14.23,14.51,3962930,58239944.00
2015-03-05,14.53,14.56,14.35,14.50,3183800,46893200.00
2015-03-06,14.54,14.63,14.16,14.19,3804526,55678808.00
2015-03-09,14.15,14.30,14.04,14.22,2611084,37791292.00
2015-03-10,14.38,14.85,14.31,14.67,6482726,96636688.00
2015-03-11,14.67,15.00,14.61,14.65,6679922,101029016.00
2015-03-12,14.78,14.79,14.30,14.56,4093566,60702392.00
2015-03-13,14.57,14.76,14.55,14.68,3718480,55588616.00
2015-03-16,14.84,15.36,14.81,15.17,6454348,99631752.00
2015-03-17,15.29,15.53,15.10,15.41,7271454,113408328.00
2015-03-18,15.40,16.06,15.30,15.93,6278826,101399416.00
2015-03-19,15.90,15.97,15.57,15.90,4931089,79347272.00
2015-03-20,15.88,16.30,15.86,16.27,5729709,93696048.00
2015-03-23,16.49,16.68,16.23,16.48,7105234,118571352.00
2015-03-24,16.45,17.30,15.61,17.28,15837005,266514544.00
2015-03-25,17.28,17.28,16.82,17.11,9057521,157176784.00
2015-03-26,17.00,17.23,16.31,16.44,8678268,147234144.00
2015-03-27,16.48,16.99,16.44,16.78,5451564,92623264.00
2015-03-30,16.81,17.35,16.65,17.10,7248204,126113880.00
2015-03-31,16.99,17.20,16.83,16.92,5513405,95320944.00
2015-04-01,16.87,18.48,16.87,17.81,10081981,181555280.00
2015-04-02,17.50,18.22,17.40,18.17,12854495,231993024.00
2015-04-03,18.00,19.15,17.91,18.84,10919610,207654736.00
2015-04-07,19.10,20.20,18.90,19.98,12737846,251194256.00
2015-04-08,19.98,20.20,18.20,19.28,8845926,175025760.00
2015-04-09,19.28,19.66,17.91,19.33,8980160,173562928.00
2015-04-10,19.58,21.29,19.40,21.29,10163116,214896688.00
2015-04-13,21.86,22.90,21.70,22.01,15333187,346533088.00
2015-04-14,22.14,24.24,21.47,24.24,14276599,332678304.00
2015-04-15,24.50,24.50,21.79,21.85,10407349,242269600.00
2015-04-16,21.86,22.90,20.80,21.80,8278832,185122640.00
2015-04-17,21.80,23.06,21.35,21.42,8777187,195218800.00
2015-04-20,21.20,21.87,20.01,20.36,11964350,251850320.00
2015-04-21,20.36,22.31,20.26,21.96,9823200,212540240.00
2015-04-22,21.82,23.39,21.82,22.65,9238400,212602976.00
2015-04-23,22.68,22.99,21.82,22.10,7089234,160642480.00
2015-04-24,21.70,22.54,21.61,22.16,5089087,113854944.00
2015-04-27,22.16,22.36,21.37,21.56,7900320,173878864.00
2015-04-28,21.54,21.55,19.72,20.29,6202844,130154976.00
2015-04-29,19.97,21.17,19.97,20.65,3268864,68543720.00
2015-04-30,20.89,22.68,20.65,21.84,7528158,165499344.00
2015-05-04,21.31,21.86,21.00,21.28,5180392,111967664.00
2015-05-05,21.30,21.40,20.10,20.19,4506889,94422856.00
2015-05-06,20.27,20.57,19.34,19.50,4323784,87445256.00
2015-05-07,19.33,19.53,18.60,18.99,4124595,78676088.00
2015-05-08,19.39,20.89,19.25,20.89,9599411,196553968.00
2015-05-11,20.99,22.34,20.61,21.82,9351811,201384368.00
2015-05-12,21.76,22.30,21.46,22.22,7568117,166470432.00
2015-05-13,22.00,22.00,21.52,21.67,6057300,131879168.00
2015-05-14,21.56,22.64,21.50,22.33,8342051,185413216.00
2015-05-15,22.24,23.95,22.01,23.10,10032401,231870672.00
2015-05-18,22.90,23.48,22.71,23.00,6978320,160723536.00
2015-05-19,23.24,23.78,22.71,23.22,6533985,150836496.00
2015-05-20,23.20,24.38,23.00,23.24,8817010,210102896.00
2015-05-21,23.37,25.28,23.10,24.96,10407733,249665328.00
2015-05-22,25.00,25.30,23.70,24.43,10749018,263346944.00
2015-05-25,23.80,25.28,23.60,24.75,8774104,214811792.00
2015-05-26,24.75,27.23,24.75,27.23,13385720,355912480.00
2015-05-27,27.19,27.68,26.13,27.55,20733382,554398272.00
2015-05-28,28.00,30.31,28.00,29.22,27351187,821778048.00
2015-05-29,29.25,32.14,26.65,32.14,27096045,826147072.00
2015-06-01,34.02,35.35,34.01,35.35,8728273,304132032.00
2015-06-02,38.00,38.88,35.21,36.99,19049170,704811328.00
2015-06-03,37.00,37.15,34.00,36.40,13721535,489218368.00
2015-06-04,35.97,37.50,32.81,36.60,10193352,364734784.00
2015-06-05,37.00,37.40,34.36,34.98,10248183,367753152.00
2015-06-08,34.00,34.88,31.48,31.49,15631259,505398624.00
2015-06-09,31.28,32.20,30.40,31.93,8483878,267952048.00
2015-06-10,31.84,35.12,31.40,35.12,9458763,316538496.00
2015-06-11,35.75,37.00,34.51,35.50,12847342,460409760.00
2015-06-12,35.88,39.05,35.58,39.05,11461225,434314144.00
2015-06-15,39.66,40.74,35.15,35.90,14897019,561301632.00
2015-06-16,34.60,34.70,32.50,33.16,9183555,308729568.00
2015-07-16,29.84,29.84,29.84,29.84,440300,13138552.00
2015-07-17,26.86,31.00,26.86,28.82,39321936,1093384832.00
2015-07-20,26.97,28.48,25.98,26.01,27093332,732449024.00
2015-07-21,25.00,26.15,23.93,25.46,19651349,488992640.00
2015-07-22,25.01,26.99,24.80,26.75,17275458,449831424.00
2015-07-23,26.69,27.25,25.81,26.93,15997210,424925216.00
2015-07-24,26.94,27.15,25.56,25.87,15635128,413263968.00
2015-07-27,25.01,25.37,23.28,23.28,15372654,371854464.00
2015-07-28,20.95,21.99,20.95,20.95,14592905,307944224.00
2015-07-29,20.65,21.82,19.48,21.60,13134470,269923584.00
2015-07-30,21.30,21.97,20.10,20.21,12163325,260221744.00
2015-07-31,20.00,20.47,19.18,19.51,7891799,157364336.00
2015-08-03,19.20,19.21,17.70,18.20,8761300,162069472.00
2015-08-04,18.20,20.02,18.18,20.01,9163188,175601648.00
2015-08-05,20.20,20.95,19.75,20.03,10687267,217504128.00
2015-08-06,19.31,20.22,19.26,19.82,5452575,108046112.00
2015-08-07,20.11,21.80,20.11,21.80,14643173,312170400.00
2015-08-10,22.18,23.44,22.06,23.42,13997950,318666560.00
2015-08-11,23.15,24.18,22.85,23.50,11695306,276904032.00
2015-08-12,23.03,23.84,22.86,22.92,6716497,156491904.00
2015-08-13,22.35,23.27,21.70,23.03,8942084,201723104.00
2015-08-14,23.30,23.63,22.84,23.26,7880215,183361408.00
2015-08-17,23.50,24.55,23.25,24.21,12806971,308387680.00
2015-08-18,24.30,24.39,21.79,21.79,9025818,210984448.00
2015-08-19,20.60,22.43,19.66,22.03,7793509,163363664.00
2015-08-20,21.60,21.97,20.62,20.77,5009827,106637496.00
2015-08-21,20.69,20.69,19.03,19.12,6377156,126275200.00
2015-08-24,18.30,18.45,17.21,17.21,4952431,86748280.00
2015-08-25,15.56,16.15,15.49,15.66,9766683,152372032.00
2015-08-26,15.82,16.97,15.17,15.90,8036865,128800624.00
2015-08-27,16.30,16.80,15.56,16.79,6438711,104589144.00
2015-08-28,17.09,17.96,16.70,17.65,10039775,174274288.00
2015-08-31,17.40,17.40,16.26,16.32,6212980,103430192.00
2015-09-01,16.10,16.10,14.69,14.69,6033919,91806040.00
2015-09-02,13.80,15.61,13.70,14.50,4414141,64647256.00
2015-09-07,14.55,15.83,14.51,15.34,5303653,81936888.00
2015-09-08,15.39,16.78,15.10,16.62,4426604,70355448.00
2015-09-09,16.80,17.94,16.50,17.02,7117585,122655424.00
2015-09-10,16.88,17.47,16.52,16.85,3566010,60602312.00
2015-09-11,16.85,17.12,16.51,16.89,3269582,54990780.00
2015-09-14,17.08,17.18,15.20,15.20,4243784,67650672.00
2015-09-15,14.85,15.17,13.93,14.28,2466601,36040868.00
2015-09-16,14.35,15.71,14.35,15.71,3292713,49154532.00
2015-09-17,15.68,16.40,15.46,15.60,4039020,64780500.00
2015-09-22,16.60,16.60,16.60,16.60,0,0.00
数据来源:通达信
