002267 陕天然气 日线 前复权
      日期	    开盘	    最高	    最低	    收盘	    成交量	    成交额
2008-08-13,5.68,7.04,5.68,6.93,70838272,1052334016.00
2008-08-14,6.23,7.53,6.21,6.93,33004980,521050432.00
2008-08-15,7.23,7.70,7.04,7.49,15490990,261637296.00
2008-08-18,7.28,7.51,7.11,7.29,8952844,149405312.00
2008-08-19,7.13,7.83,7.04,7.57,7541991,128459832.00
2008-08-20,7.38,8.26,7.31,7.97,12489066,224735248.00
2008-08-21,7.75,7.83,7.07,7.07,11546587,194713152.00
2008-08-22,6.81,6.97,6.58,6.59,11053602,172596528.00
2008-08-25,6.52,6.63,6.29,6.50,10269405,153701856.00
2008-08-26,6.34,6.38,5.79,6.03,6000707,85606808.00
2008-08-27,5.94,6.43,5.80,6.18,5150956,73788608.00
2008-08-28,6.07,6.29,5.97,6.15,2587447,37487068.00
2008-08-29,6.18,6.27,5.67,6.06,5650026,79823504.00
2008-09-01,5.89,6.17,5.78,5.97,2600840,36842860.00
2008-09-02,5.81,6.01,5.43,5.86,3473153,47041172.00
2008-09-03,5.78,6.09,5.54,6.07,3308016,45662624.00
2008-09-04,5.93,6.63,5.87,6.12,10331012,153088592.00
2008-09-05,5.78,5.81,5.40,5.40,5795441,76547304.00
2008-09-08,5.13,5.27,4.76,4.76,5657852,66847576.00
2008-09-09,4.53,4.72,4.35,4.42,5111907,56876388.00
2008-09-10,4.31,4.67,4.31,4.48,3503123,39179648.00
2008-09-11,4.43,4.43,4.14,4.18,3764201,39879492.00
2008-09-12,4.13,4.27,4.08,4.16,2502585,26300486.00
2008-09-16,4.06,4.23,4.01,4.08,2269088,23427698.00
2008-09-17,4.14,4.22,3.95,4.01,2380257,24353974.00
2008-09-18,3.87,4.06,3.73,4.02,3896950,38752144.00
2008-09-19,4.52,4.53,4.38,4.53,6254779,69852336.00
2008-09-22,4.93,5.03,4.39,4.61,14576730,168992848.00
2008-09-23,4.39,4.41,4.04,4.04,8062740,83982672.00
2008-09-24,3.86,4.04,3.79,3.98,4717505,47123560.00
2008-09-25,3.99,4.26,3.95,4.08,7144031,74018136.00
2008-09-26,4.12,4.25,4.06,4.09,6032348,62791176.00
2008-10-06,3.88,3.93,3.78,3.84,3687379,36235672.00
2008-10-07,3.66,3.78,3.62,3.77,2690392,25703024.00
2008-10-08,3.64,3.78,3.63,3.73,2237971,21377148.00
2008-10-09,3.77,3.85,3.68,3.72,1882534,18230214.00
2008-10-10,3.63,3.63,3.24,3.31,3671534,32166004.00
2008-10-13,3.28,3.31,2.96,3.21,4150096,34648320.00
2008-10-14,3.33,3.48,3.06,3.06,5422412,47685464.00
2008-10-15,3.01,3.03,2.79,2.89,2563739,20358010.00
2008-10-16,2.69,2.75,2.57,2.67,3202141,23857994.00
2008-10-17,2.71,2.87,2.68,2.78,2955378,22784798.00
2008-10-20,2.78,3.03,2.69,3.02,2478121,19676280.00
2008-10-21,3.02,3.09,2.94,3.01,2687438,21913074.00
2008-10-22,2.94,3.20,2.90,3.13,4465016,37434244.00
2008-10-23,3.00,3.42,2.99,3.36,4192692,36390760.00
2008-10-24,3.33,3.42,3.24,3.34,2503273,22097216.00
2008-10-27,3.25,3.53,3.13,3.33,4518809,39741708.00
2008-10-28,3.18,3.46,3.15,3.34,2997685,26449748.00
2008-10-29,3.46,3.65,3.41,3.42,2848279,26157438.00
2008-10-30,3.44,3.54,3.21,3.51,3119671,27821400.00
2008-10-31,3.47,3.58,3.28,3.29,1562280,14133040.00
2008-11-03,3.21,3.58,3.21,3.37,2038175,18437782.00
2008-11-04,3.37,3.52,3.34,3.43,1353454,12237546.00
2008-11-05,3.44,3.73,3.43,3.63,2463881,23028052.00
2008-11-06,3.48,3.58,3.44,3.46,1311430,11939131.00
2008-11-07,3.34,3.56,3.33,3.52,1062895,9666684.00
2008-11-10,3.71,3.87,3.62,3.86,3134572,30397216.00
2008-11-11,3.77,3.86,3.66,3.67,3538328,33997968.00
2008-11-13,3.73,4.15,3.62,4.10,14843546,147693568.00
2008-11-14,4.06,4.23,3.96,4.21,9481796,97955688.00
2008-11-17,4.18,4.31,3.99,4.28,8606086,90223752.00
2008-11-18,4.22,4.23,3.75,3.75,9623725,97185744.00
2008-11-19,3.79,4.23,3.75,4.23,7297779,74794512.00
2008-11-20,4.18,4.62,4.09,4.24,9053534,98031840.00
2008-11-21,4.03,4.32,3.89,4.11,4513590,46557524.00
2008-11-24,4.11,4.33,4.03,4.06,3960688,41560008.00
2008-11-25,4.13,4.37,4.08,4.27,5180867,54956356.00
2008-11-26,4.29,4.36,4.19,4.32,3810740,40824416.00
2008-11-27,4.73,4.80,4.19,4.20,6740465,74583576.00
2008-11-28,4.12,4.22,3.91,3.95,4297418,43885372.00
2008-12-01,3.89,4.26,3.78,4.26,4932609,50325892.00
2008-12-02,4.13,4.79,4.10,4.79,14086643,158420512.00
2008-12-03,4.75,5.05,4.69,5.05,8693836,103715104.00
2008-12-04,5.03,5.18,4.63,4.83,11972362,142677120.00
2008-12-05,4.83,4.93,4.74,4.90,6994754,82440688.00
2008-12-08,5.03,5.15,4.86,5.01,7358302,89469496.00
2008-12-09,5.01,5.02,4.72,4.77,5790833,68292688.00
2008-12-10,4.69,5.17,4.69,5.09,6302578,75945240.00
2008-12-11,5.12,5.21,4.80,4.81,5718845,69232544.00
2008-12-12,4.76,4.76,4.30,4.43,4465419,50021740.00
2008-12-15,4.56,4.61,4.29,4.53,3228188,35999132.00
2008-12-16,4.44,4.65,4.31,4.64,2705616,30074590.00
2008-12-17,4.66,4.84,4.61,4.69,3663925,42398544.00
2008-12-18,4.64,4.86,4.61,4.83,3875437,45248836.00
2008-12-19,4.84,4.97,4.81,4.82,3744874,44600816.00
2008-12-22,4.82,5.38,4.82,5.20,7125926,87447744.00
2008-12-23,5.15,5.20,4.57,4.71,5727645,68149744.00
2008-12-24,4.58,4.76,4.43,4.51,3498260,39656804.00
2008-12-25,4.54,4.64,4.43,4.58,3560132,40151404.00
2008-12-26,4.63,4.71,4.53,4.61,2235180,25510068.00
2008-12-29,4.64,5.06,4.63,4.98,6808261,81073768.00
2008-12-30,4.93,5.11,4.83,4.88,4438134,53510112.00
2008-12-31,4.89,5.08,4.86,4.88,4903159,59439256.00
2009-01-05,5.02,5.23,4.94,5.19,6543591,80544144.00
2009-01-06,5.19,5.39,5.08,5.39,7689552,97582552.00
2009-01-07,5.39,5.48,5.19,5.29,5273428,67307104.00
2009-01-08,5.13,5.42,5.04,5.39,4448673,55962936.00
2009-01-09,5.32,5.68,5.32,5.56,5658035,74984792.00
2009-01-12,5.57,5.83,5.50,5.50,7522880,101608512.00
2009-01-13,5.41,5.62,5.18,5.21,4837703,62157420.00
2009-01-14,5.11,5.45,5.11,5.40,4992454,64013944.00
2009-01-15,5.36,5.43,5.17,5.28,4830449,61578868.00
2009-01-16,5.32,5.49,5.27,5.32,4496170,57950552.00
2009-01-19,5.34,5.38,5.12,5.18,3945595,49602708.00
2009-01-20,5.21,5.40,5.14,5.39,2878543,36675756.00
2009-01-21,5.33,5.41,5.24,5.30,2144808,27426010.00
2009-01-22,5.37,5.45,5.30,5.43,3867586,49950844.00
2009-01-23,5.43,5.56,5.40,5.47,4439939,58163732.00
2009-02-02,5.55,5.56,5.40,5.48,2489018,32483914.00
2009-02-03,5.48,5.59,5.37,5.59,6195859,80867752.00
2009-02-04,5.62,6.00,5.51,5.71,9564142,131177080.00
2009-02-05,5.66,5.75,5.40,5.46,6119378,81351640.00
2009-02-06,5.47,5.67,5.45,5.64,6539048,86810568.00
2009-02-09,5.83,5.92,5.67,5.75,9070102,124242744.00
2009-02-10,5.72,5.81,5.59,5.78,9230630,124236640.00
2009-02-11,5.71,6.08,5.65,5.92,12804025,177465280.00
2009-02-12,5.95,5.96,5.66,5.89,6466490,88765568.00
2009-02-13,5.85,6.26,5.79,6.25,13635144,196068832.00
2009-02-16,6.33,6.34,6.02,6.20,10294959,148384656.00
2009-02-17,6.24,6.52,6.18,6.19,14979016,222837664.00
2009-02-18,6.02,6.13,5.68,5.73,8885435,123646640.00
2009-02-19,5.80,5.88,5.69,5.84,5097424,69949360.00
2009-02-20,5.91,6.08,5.82,6.06,4431616,62359016.00
2009-02-23,6.05,6.27,6.01,6.18,6047323,86866536.00
2009-02-24,6.11,6.11,5.66,5.68,8647850,120101368.00
2009-02-25,5.79,5.85,5.57,5.78,5044587,68521104.00
2009-02-26,5.78,5.90,5.10,5.16,6266050,83101040.00
2009-02-27,5.15,5.15,4.66,4.77,5700568,67403752.00
2009-03-02,4.71,4.90,4.68,4.87,2758271,32539822.00
2009-03-03,4.68,5.06,4.57,4.91,3273715,38933492.00
2009-03-04,4.95,5.26,4.95,5.25,4659022,57846020.00
2009-03-05,5.32,5.36,5.07,5.24,4943294,62239436.00
2009-03-06,5.11,5.23,5.05,5.13,2324183,28778358.00
2009-03-09,5.09,5.23,4.89,4.93,4700755,56883672.00
2009-03-10,4.93,5.10,4.89,5.08,3069968,37455904.00
2009-03-11,5.18,5.22,4.97,5.00,3099425,38244360.00
2009-03-12,4.94,5.01,4.76,4.94,2825544,33562736.00
2009-03-13,5.08,5.27,5.04,5.08,4713178,58616744.00
2009-03-16,5.03,5.19,5.03,5.16,2379817,29483244.00
2009-03-17,5.16,5.38,5.09,5.34,4863690,61615924.00
2009-03-18,5.55,5.87,5.53,5.63,8949449,121540824.00
2009-03-19,5.58,5.83,5.58,5.74,6206547,84409352.00
2009-03-20,5.76,6.06,5.73,5.93,8879406,123652408.00
2009-03-23,5.90,6.03,5.76,5.89,7961949,110401104.00
2009-03-24,5.96,5.98,5.71,5.74,5665387,77869472.00
2009-03-25,5.79,6.03,5.76,5.79,8035574,112271760.00
2009-03-26,5.76,5.97,5.70,5.96,6021355,83583192.00
2009-03-27,6.01,6.03,5.86,5.88,5836048,81489448.00
2009-03-30,5.91,5.91,5.79,5.81,3294695,45525656.00
2009-03-31,5.68,5.73,5.48,5.73,6610858,88872024.00
2009-04-01,5.72,6.31,5.72,6.28,12350672,175070464.00
2009-04-02,6.23,6.33,6.11,6.16,9972554,145347488.00
2009-04-03,6.23,6.60,6.11,6.42,13162037,196284192.00
2009-04-07,6.39,6.67,6.33,6.43,7503820,113237664.00
2009-04-08,6.37,6.40,6.02,6.02,7128511,103527968.00
2009-04-09,5.98,6.07,5.81,6.04,5761681,80687288.00
2009-04-10,6.11,6.33,6.03,6.24,5842690,84740848.00
2009-04-13,6.26,6.51,6.24,6.43,10586529,158371488.00
2009-04-14,6.47,6.51,6.26,6.47,7670046,114171728.00
2009-04-15,6.43,7.13,6.35,7.06,14493331,224749248.00
2009-04-16,6.93,7.03,6.69,6.76,8994864,142425376.00
2009-04-17,6.78,6.88,6.52,6.56,6442250,99615928.00
2009-04-20,6.56,6.81,6.51,6.73,4146450,64525940.00
2009-04-21,6.58,6.80,6.43,6.61,5362910,82311744.00
2009-04-22,6.62,6.77,6.18,6.23,6378598,96310696.00
2009-04-23,6.18,6.31,6.03,6.25,4221411,61050668.00
2009-04-24,6.36,6.72,6.35,6.51,7746036,118618344.00
2009-04-27,6.50,6.83,6.50,6.78,10817938,169022800.00
2009-04-28,6.71,7.03,6.59,7.01,8288076,129554744.00
2009-04-30,7.24,7.33,7.01,7.05,10143225,166393184.00
2009-05-04,7.07,7.76,7.06,7.62,11985496,203854544.00
2009-05-05,7.58,7.75,7.43,7.63,8336411,144631808.00
2009-05-06,7.56,8.16,7.51,8.01,9499656,170498112.00
2009-05-07,8.08,8.73,7.53,8.35,16663125,305991744.00
2009-05-08,8.09,8.28,7.93,8.03,12503087,228969824.00
2009-05-11,7.97,8.09,7.43,7.43,10403538,182459584.00
2009-05-12,7.32,7.77,7.26,7.75,6526166,113325448.00
2009-05-13,7.78,8.11,7.69,7.84,8178381,147580512.00
2009-05-14,7.71,8.09,7.59,7.98,7751389,138044336.00
2009-05-15,8.01,8.42,8.01,8.18,8449390,157069904.00
2009-05-18,8.48,8.84,8.38,8.70,16089831,311323072.00
2009-05-19,8.73,9.10,8.51,8.57,13939469,273769024.00
2009-05-20,8.47,8.92,8.44,8.69,9285462,182350640.00
2009-05-21,8.57,8.73,8.21,8.53,10714471,202944480.00
2009-05-22,8.48,8.81,8.25,8.33,11534523,216414000.00
2009-05-25,8.13,8.58,7.91,8.52,9298884,169029616.00
2009-05-26,8.51,8.62,8.26,8.28,6798012,126363496.00
2009-05-27,8.32,8.42,8.13,8.22,5436216,98834872.00
2009-06-01,8.34,8.51,8.30,8.40,7762685,144388688.00
2009-06-02,8.41,8.62,8.41,8.49,7172195,134890512.00
2009-06-03,8.44,8.47,8.23,8.36,7527198,138642304.00
2009-06-04,8.28,8.30,8.03,8.21,7376638,133092320.00
2009-06-05,8.22,8.35,8.14,8.19,4640666,84619568.00
2009-06-08,8.18,8.23,7.93,8.00,4937388,87912816.00
2009-06-09,7.98,8.12,7.78,8.11,4719221,83369344.00
2009-06-10,8.17,8.22,7.98,8.17,4473802,80293608.00
2009-06-11,8.18,8.28,8.05,8.20,5034041,91213208.00
2009-06-12,8.18,8.19,7.80,7.82,5418160,95724456.00
2009-06-15,7.76,7.91,7.71,7.83,3167535,54819680.00
2009-06-16,7.74,7.87,7.70,7.81,2382437,41185160.00
2009-06-17,7.80,7.95,7.67,7.92,3680955,63907272.00
2009-06-18,7.93,8.22,7.88,8.08,5468801,98041360.00
2009-06-19,8.08,8.12,7.92,8.00,3358179,59497284.00
2009-06-22,8.11,8.32,8.01,8.09,6359086,115262576.00
2009-06-23,7.93,8.06,7.88,7.97,3896756,68847712.00
2009-06-24,7.99,8.12,7.91,8.08,3430418,61080376.00
2009-06-25,8.13,8.31,8.11,8.21,6450589,117324752.00
2009-06-26,8.28,8.32,8.12,8.22,3979946,72326944.00
2009-06-29,8.26,8.27,8.06,8.12,4104300,73824152.00
2009-06-30,8.23,8.31,8.18,8.28,6232684,113907120.00
2009-07-01,8.31,8.98,8.23,8.76,11478807,215331088.00
2009-07-02,8.71,8.82,8.53,8.62,8572834,163189344.00
2009-07-03,8.53,8.61,8.42,8.48,6378026,119497056.00
2009-07-06,8.51,8.83,8.49,8.53,6555637,124350280.00
2009-07-07,8.48,8.63,8.36,8.46,5339130,99721832.00
2009-07-08,8.40,8.58,8.33,8.47,4939510,91935736.00
2009-07-09,8.52,8.69,8.45,8.68,7957773,150573136.00
2009-07-10,8.77,8.86,8.63,8.64,7996343,153355056.00
2009-07-13,8.57,8.81,8.45,8.63,7368511,140160224.00
2009-07-14,8.72,8.96,8.65,8.95,10661520,207243216.00
2009-07-15,8.95,8.95,8.78,8.88,8226991,159993776.00
2009-07-16,8.93,9.05,8.67,8.70,10366877,201589120.00
2009-07-17,8.68,8.85,8.65,8.76,6050505,116124168.00
2009-07-20,8.77,9.21,8.77,9.11,12155197,240650944.00
2009-07-21,9.13,9.18,8.67,8.71,8881358,173322128.00
2009-07-22,8.69,8.96,8.67,8.78,9229912,178038192.00
2009-07-23,8.80,8.80,8.52,8.62,8058868,152915648.00
2009-07-24,8.69,8.74,8.32,8.52,8902450,167302656.00
2009-07-27,8.53,8.69,8.44,8.62,6557280,123966496.00
2009-07-28,8.64,8.75,8.57,8.71,8042887,153460080.00
2009-07-29,8.69,8.70,7.78,8.09,8898944,164212784.00
2009-07-30,8.09,8.33,7.86,8.17,4990082,89494712.00
2009-07-31,8.21,8.97,8.21,8.74,12376959,236078944.00
2009-08-03,8.78,8.79,8.51,8.72,8356172,159582608.00
2009-08-04,8.76,8.79,8.57,8.75,6560989,125290296.00
2009-08-05,8.76,9.03,8.73,8.85,10470276,204550496.00
2009-08-06,8.86,8.86,8.48,8.60,6441061,122512312.00
2009-08-07,8.96,9.54,8.89,8.97,22310614,452104064.00
2009-08-10,9.18,9.96,9.07,9.96,34860268,744356480.00
2009-08-11,10.08,10.31,9.69,9.77,23918634,517952000.00
2009-08-12,9.77,9.77,8.98,9.04,13825664,280198976.00
2009-08-13,9.22,9.40,8.86,9.35,10608865,214317152.00
2009-08-14,9.41,9.43,8.58,8.63,10061435,196343440.00
2009-08-17,8.43,8.53,7.88,7.88,8018894,144575408.00
2009-08-18,7.79,8.43,7.79,8.32,6507507,117481632.00
2009-08-19,8.24,8.29,7.82,7.94,6718639,119698824.00
2009-08-20,8.03,8.35,8.01,8.26,6532852,118436344.00
2009-08-21,8.23,8.59,8.11,8.39,9789042,180482448.00
2009-08-24,8.38,8.53,8.19,8.44,8209116,151940064.00
2009-08-25,8.38,8.38,7.88,8.03,7320478,130696208.00
2009-08-26,8.03,8.33,7.94,8.22,5702396,103706080.00
2009-08-27,8.21,8.47,8.14,8.34,5754505,105905664.00
2009-08-28,8.24,8.33,8.04,8.12,4096105,73680656.00
2009-08-31,8.03,8.03,7.22,7.23,6648150,112191032.00
2009-09-01,7.23,7.37,7.04,7.18,3478520,56331220.00
2009-09-02,7.22,7.48,7.18,7.31,3462502,56768416.00
2009-09-03,7.23,7.75,7.23,7.73,5446151,91627904.00
2009-09-04,7.83,7.88,7.59,7.77,5498936,94572936.00
2009-09-07,7.78,8.00,7.73,7.81,4660624,81390440.00
2009-09-08,7.75,7.91,7.63,7.91,4173684,72274088.00
2009-09-09,7.92,8.33,7.84,8.28,9338748,167840736.00
2009-09-10,8.14,8.22,7.96,8.00,4980262,88951352.00
2009-09-11,7.96,8.18,7.96,8.04,4252258,76107928.00
2009-09-14,8.04,8.20,8.00,8.17,4250632,76415952.00
2009-09-15,8.24,8.32,8.14,8.24,5135324,93725568.00
2009-09-16,8.33,8.60,8.33,8.44,9492317,177589632.00
2009-09-17,8.57,8.76,8.53,8.75,9144265,173932896.00
2009-09-18,8.91,8.97,8.28,8.43,10131791,193536272.00
2009-09-21,8.30,8.43,8.07,8.43,4724827,86010472.00
2009-09-22,8.37,8.50,8.07,8.07,3642893,66670752.00
2009-09-23,8.07,8.18,7.73,7.75,3675230,64505600.00
2009-09-24,7.72,7.88,7.54,7.77,3046373,52340880.00
2009-09-25,7.76,7.76,7.58,7.61,2461616,42023492.00
2009-09-28,7.59,7.73,7.41,7.45,2065343,34873020.00
2009-09-29,7.44,7.51,7.16,7.27,2253992,36830384.00
2009-09-30,7.31,7.45,7.31,7.31,1872307,30857836.00
2009-10-09,7.49,7.73,7.49,7.72,3676455,62562724.00
2009-10-12,7.68,7.77,7.64,7.67,2510379,43036796.00
2009-10-13,7.67,7.85,7.65,7.81,2317971,40030292.00
2009-10-14,7.78,8.02,7.78,7.93,4058200,71474912.00
2009-10-15,7.98,8.05,7.85,7.91,2774224,48833452.00
2009-10-16,7.97,8.02,7.71,7.85,2976530,51910888.00
2009-10-19,7.88,8.21,7.83,8.12,4503694,80256984.00
2009-10-20,8.14,8.33,8.08,8.29,5095546,92544192.00
2009-10-21,8.29,8.35,8.19,8.19,3646215,66517344.00
2009-10-22,8.25,8.27,8.12,8.19,3161195,57192036.00
2009-10-23,8.27,8.55,8.21,8.46,7044572,130469248.00
2009-10-26,8.48,8.63,8.34,8.62,6411704,120461272.00
2009-10-27,8.53,8.53,8.21,8.23,5860848,108387936.00
2009-10-28,8.21,8.29,8.11,8.27,3859277,70067448.00
2009-10-29,8.08,8.14,7.94,7.98,3327911,59324704.00
2009-10-30,8.13,8.84,8.07,8.31,8287928,155514576.00
2009-11-02,8.27,8.63,8.08,8.61,7513441,140415520.00
2009-11-03,8.58,8.82,8.58,8.76,7486583,143625136.00
2009-11-04,8.89,8.93,8.60,8.64,5986435,114811736.00
2009-11-05,8.68,8.81,8.61,8.75,4774730,91631048.00
2009-11-06,8.79,8.81,8.64,8.67,6072819,116500216.00
2009-11-09,8.66,8.77,8.55,8.63,4019317,76533520.00
2009-11-10,8.74,9.11,8.67,9.00,8889162,172623152.00
2009-11-11,8.86,8.88,8.71,8.78,5162975,99826272.00
2009-11-12,8.78,8.87,8.68,8.70,4035914,77850680.00
2009-11-13,8.66,8.79,8.58,8.79,4134682,79247000.00
2009-11-16,8.97,9.11,8.87,9.11,8442022,167150048.00
2009-11-17,9.33,9.33,9.04,9.06,7855354,157548688.00
2009-11-18,9.18,10.05,9.18,10.05,16475612,354694048.00
2009-11-19,10.72,11.14,10.39,11.14,38860742,910767424.00
2009-11-20,10.88,11.33,10.77,10.93,30258423,720878080.00
2009-11-23,10.98,11.96,10.68,11.33,26279984,639682304.00
2009-11-24,11.33,11.73,10.69,10.93,24044154,586847104.00
2009-11-25,10.84,11.09,10.39,10.93,15994655,370594208.00
2009-11-26,10.94,10.96,10.06,10.13,14326755,323781120.00
2009-11-27,10.00,10.05,9.66,9.72,8981180,191840560.00
2009-11-30,9.79,10.22,9.79,10.11,7292751,158794592.00
2009-12-01,10.11,10.47,9.92,10.40,8512636,189326528.00
2009-12-02,10.41,11.31,10.31,10.84,12492648,289891008.00
2009-12-03,10.73,10.85,10.56,10.70,6932108,160215792.00
2009-12-04,10.68,11.02,10.14,10.38,7911680,181249936.00
2009-12-07,10.38,10.53,10.24,10.49,3999545,90364664.00
2009-12-08,10.53,10.63,10.27,10.53,4048191,91403368.00
2009-12-09,10.48,10.68,10.37,10.46,3938252,89772672.00
2009-12-10,10.53,10.67,10.46,10.60,3317229,75736848.00
2009-12-11,10.63,10.88,10.60,10.65,4950001,114860112.00
2009-12-14,10.69,10.78,10.23,10.45,3747963,84952984.00
2009-12-15,10.43,10.88,10.39,10.76,7474213,173137904.00
2009-12-16,10.72,10.88,10.49,10.53,4799364,110621472.00
2009-12-17,10.54,11.38,10.54,11.31,23538440,567764672.00
2009-12-18,10.88,11.31,10.11,10.12,12436356,286481216.00
2009-12-21,9.98,10.03,9.27,9.94,6893881,146069360.00
2009-12-22,9.76,9.96,9.53,9.61,4649131,98230344.00
2009-12-23,9.57,10.23,9.57,9.84,3732973,80349456.00
2009-12-24,9.88,10.11,9.72,10.10,4929610,106991192.00
2009-12-25,10.13,10.58,10.10,10.26,6480973,145844816.00
2009-12-28,10.26,10.72,10.13,10.52,6648651,149924592.00
2009-12-29,10.43,10.48,10.31,10.38,4463411,100339024.00
2009-12-30,10.33,10.34,10.09,10.14,5506273,121770304.00
2009-12-31,10.18,10.30,10.12,10.22,2798600,61896008.00
2010-01-04,10.39,10.62,10.33,10.43,6177526,140483360.00
2010-01-05,10.47,10.77,10.31,10.73,7371844,168479920.00
2010-01-06,10.77,11.20,10.68,10.72,9216388,218490608.00
2010-01-07,10.72,10.86,10.37,10.43,7020430,159808816.00
2010-01-08,10.31,10.38,10.06,10.36,3798235,84337824.00
2010-01-11,10.44,10.56,10.18,10.22,2817050,62631164.00
2010-01-12,10.14,10.38,10.12,10.34,3248582,72470880.00
2010-01-13,10.13,10.26,10.06,10.07,3785109,83278376.00
2010-01-14,10.11,10.33,10.11,10.28,2852022,63268300.00
2010-01-15,10.28,10.63,10.28,10.55,4987483,113532400.00
2010-01-18,10.58,10.79,10.57,10.64,5159038,118905912.00
2010-01-19,10.67,10.78,10.52,10.73,4968615,114488312.00
2010-01-20,10.71,10.76,10.14,10.21,5181304,117575088.00
2010-01-21,10.21,10.52,10.12,10.50,3161015,70451272.00
2010-01-22,10.36,10.39,9.89,10.09,3138331,68933192.00
2010-01-25,9.98,10.03,9.64,9.66,2423169,51880612.00
2010-01-26,9.63,9.74,9.13,9.19,2735455,55714760.00
2010-01-27,9.07,9.22,8.79,8.88,2967488,58502928.00
2010-01-28,8.81,9.07,8.77,8.97,1687651,33167862.00
2010-01-29,8.96,9.09,8.83,8.99,2619964,51554248.00
2010-02-01,8.98,8.98,8.43,8.51,3107466,58531644.00
2010-02-02,8.54,8.65,8.48,8.48,2431914,45946060.00
2010-02-03,8.51,8.85,8.38,8.83,3337916,63368248.00
2010-02-04,8.78,8.86,8.56,8.71,2843471,54331332.00
2010-02-05,8.54,8.54,8.37,8.40,2421652,44973688.00
2010-02-08,8.40,8.48,8.33,8.41,1926080,35695796.00
2010-02-09,8.41,8.57,8.34,8.46,1904420,35592548.00
2010-02-10,8.54,8.66,8.48,8.66,1990134,37494844.00
2010-02-11,8.65,8.68,8.53,8.57,2093744,39614156.00
2010-02-12,8.71,8.87,8.66,8.81,3065561,59047500.00
2010-02-23,8.74,8.74,8.41,8.61,2969596,55850460.00
2010-02-24,8.49,9.41,8.46,9.22,6584298,130584224.00
2010-02-25,9.07,9.26,9.03,9.22,5428705,108866488.00
2010-02-26,9.18,9.24,9.08,9.13,2700120,53995884.00
2010-03-01,9.13,9.33,9.11,9.26,3970972,80028280.00
2010-03-02,9.28,9.33,9.06,9.27,4034251,81243568.00
2010-03-03,9.26,9.31,9.11,9.30,3593979,72649680.00
2010-03-04,9.30,9.46,8.89,8.93,4477854,90356864.00
2010-03-05,8.94,9.05,8.75,8.88,2156426,42228716.00
2010-03-08,8.97,9.06,8.92,8.96,1317289,25917636.00
2010-03-09,8.96,9.12,8.86,9.10,2416837,47765776.00
2010-03-10,9.13,9.36,9.00,9.04,3439517,69203824.00
2010-03-11,9.05,9.16,8.90,9.00,1570052,31026310.00
2010-03-12,9.00,9.04,8.72,8.72,2086331,40627048.00
2010-03-15,8.73,8.75,8.49,8.55,1471622,27732434.00
2010-03-16,8.54,8.63,8.49,8.61,999459,18879244.00
2010-03-17,8.69,8.82,8.63,8.80,1557888,29966016.00
2010-03-18,8.83,8.92,8.79,8.84,1628036,31668664.00
2010-03-19,8.85,8.98,8.81,8.90,1826109,35660064.00
2010-03-22,8.93,9.09,8.88,9.04,2226830,44012508.00
2010-03-23,9.05,9.09,8.97,9.02,1968039,38915076.00
2010-03-24,9.02,9.22,8.99,9.10,2915972,58264956.00
2010-03-25,9.13,9.15,8.87,8.87,2395561,47072832.00
2010-03-26,8.86,9.11,8.84,9.06,1982058,39159976.00
2010-03-29,9.11,9.31,9.06,9.28,4430991,89346648.00
2010-03-30,9.33,9.41,9.23,9.30,3570641,72678504.00
2010-03-31,9.33,9.43,9.23,9.43,4620518,94290608.00
2010-04-01,9.44,10.02,9.44,9.81,9559257,203339264.00
2010-04-02,9.79,10.06,9.77,9.90,6550989,141373600.00
2010-04-06,9.96,10.09,9.67,9.78,4282243,91660496.00
2010-04-07,9.78,9.93,9.62,9.93,3888265,82788472.00
2010-04-08,9.88,10.03,9.81,9.91,4181670,90136008.00
2010-04-09,9.89,10.13,9.76,10.08,6067812,131669544.00
2010-04-12,10.07,10.10,9.80,9.86,5055846,109130048.00
2010-04-13,9.89,10.18,9.24,9.68,5049294,107618208.00
2010-04-14,9.68,9.80,9.58,9.76,2674132,56661300.00
2010-04-15,9.76,9.80,9.39,9.42,3664932,76560304.00
2010-04-16,9.39,9.68,9.39,9.52,2831509,59024624.00
2010-04-19,9.47,9.63,9.28,9.28,4401574,90989216.00
2010-04-20,9.28,9.40,9.07,9.31,3455978,69995032.00
2010-04-21,9.35,9.77,9.33,9.76,5472607,114685016.00
2010-04-22,9.75,9.89,9.63,9.68,6577014,140119280.00
2010-04-23,9.48,9.50,8.94,8.98,10068270,203815504.00
2010-04-26,8.96,9.06,8.66,8.83,6814518,131299264.00
2010-04-27,8.92,9.19,8.86,9.13,8272012,164019504.00
2010-04-28,9.08,9.11,8.83,8.97,3110095,60999156.00
2010-04-29,9.03,9.08,8.43,8.43,4344371,83600232.00
2010-04-30,8.43,8.58,7.81,8.14,4650741,83952928.00
2010-05-04,7.98,8.20,7.88,8.09,1692479,30302134.00
2010-05-05,8.01,8.78,7.97,8.72,4315084,80447464.00
2010-05-06,8.76,8.81,8.43,8.44,3709500,70758856.00
2010-05-07,8.21,8.71,8.13,8.51,2878538,54106664.00
2010-05-10,8.38,8.63,8.05,8.34,1958667,36170112.00
2010-05-11,8.53,8.62,8.14,8.20,2008213,37118180.00
2010-05-12,8.13,8.35,7.93,8.03,1841784,33045176.00
2010-05-13,8.08,8.23,8.01,8.21,2969677,53509524.00
2010-05-14,8.21,8.21,7.98,8.10,1908834,34239432.00
2010-05-18,7.51,7.70,7.23,7.64,3864458,64423992.00
2010-05-19,7.63,7.70,7.47,7.48,2301188,38887380.00
2010-05-20,7.48,7.55,7.21,7.23,2312474,38293472.00
2010-05-21,7.03,7.22,6.83,7.20,4899346,77401176.00
2010-05-24,7.24,7.72,7.20,7.63,4005011,67242168.00
2010-05-25,7.53,7.62,7.41,7.46,3190162,53497668.00
2010-05-26,7.42,7.54,7.42,7.51,1346552,22505490.00
2010-05-27,7.48,7.79,7.46,7.76,3830629,65460712.00
2010-05-28,7.92,7.93,7.68,7.76,3165581,54769488.00
2010-05-31,7.76,8.26,7.66,8.14,8978802,159992896.00
2010-06-01,8.38,8.83,7.96,8.21,11041433,203665152.00
2010-06-02,7.89,8.01,7.67,7.93,4567428,79287256.00
2010-06-03,7.97,8.01,7.71,7.71,3255877,56733816.00
2010-06-04,7.63,7.66,7.49,7.63,2280924,38539228.00
2010-06-07,7.48,7.55,7.38,7.51,2127855,35496224.00
2010-06-08,7.50,7.71,7.48,7.67,2142765,36321172.00
2010-06-09,7.68,7.90,7.68,7.89,2981236,51724856.00
2010-06-10,7.89,7.98,7.84,7.85,2620888,46048764.00
2010-06-11,7.91,8.07,7.91,7.97,2826388,49992136.00
2010-06-17,8.03,8.07,7.88,7.98,2188339,37952848.00
2010-06-18,7.98,7.98,7.64,7.73,1951547,33271394.00
2010-06-21,7.87,8.14,7.69,8.09,3380689,58533912.00
2010-06-22,8.07,8.17,8.01,8.03,2071690,36430224.00
2010-06-23,7.98,7.98,7.79,7.87,1655777,28499656.00
2010-06-24,7.84,7.91,7.78,7.85,1103711,18905318.00
2010-06-25,7.81,7.83,7.61,7.63,1452572,24430366.00
2010-06-28,7.63,7.74,7.59,7.64,990170,16626524.00
2010-06-29,7.67,7.68,7.26,7.26,1687700,27319384.00
2010-06-30,7.25,7.33,7.08,7.30,1326251,21056826.00
2010-07-01,7.36,7.42,7.16,7.16,1289021,20641834.00
2010-07-02,7.11,7.20,6.79,7.20,1758626,27135356.00
2010-07-05,7.13,7.16,7.01,7.11,829003,12936357.00
2010-07-06,7.11,7.47,7.06,7.36,1631550,26096268.00
2010-07-07,7.37,7.39,7.25,7.33,1240843,19957500.00
2010-07-08,7.42,7.67,7.37,7.40,1851924,30454238.00
2010-07-09,7.34,7.63,7.25,7.56,2442577,40088684.00
2010-07-12,7.52,7.63,7.49,7.56,1850939,30674750.00
2010-07-13,7.53,7.53,7.23,7.38,2026484,32657900.00
2010-07-14,7.38,7.52,7.37,7.47,1539768,25155990.00
2010-07-15,7.47,7.50,7.30,7.30,1105842,17981086.00
2010-07-16,7.30,7.40,7.21,7.36,1206667,19376228.00
2010-07-19,7.32,7.76,7.28,7.63,4045138,67364136.00
2010-07-20,7.63,7.85,7.59,7.79,4780350,80815704.00
2010-07-21,7.79,7.85,7.69,7.74,3577293,60584060.00
2010-07-22,7.72,7.92,7.72,7.92,3733618,64057792.00
2010-07-23,7.93,7.96,7.73,7.83,2316742,39571212.00
2010-07-26,7.84,7.87,7.73,7.83,1983571,33805796.00
2010-07-27,7.93,8.58,7.93,8.17,7228678,129657896.00
2010-07-28,8.02,8.37,7.98,8.33,5509208,98967760.00
2010-07-29,8.33,8.36,8.17,8.33,3983857,71687968.00
2010-07-30,8.26,8.34,8.18,8.26,2333926,41891844.00
2010-08-02,8.26,8.50,8.13,8.45,3404855,62284780.00
2010-08-03,8.44,8.47,8.28,8.28,3042679,55345452.00
2010-08-04,8.23,8.37,8.14,8.33,3013862,54010412.00
2010-08-05,8.33,8.47,8.28,8.34,2686771,48950688.00
2010-08-06,8.42,8.63,8.42,8.61,5108877,94874832.00
2010-08-09,8.61,8.77,8.54,8.76,4715947,88302248.00
2010-08-10,8.75,8.75,8.28,8.28,5110392,93910360.00
2010-08-11,8.28,8.40,8.24,8.32,2243356,40522564.00
2010-08-12,8.18,8.31,8.12,8.14,2350263,41905932.00
2010-08-13,8.15,8.34,8.08,8.29,2183289,38973272.00
2010-08-16,8.30,8.53,8.26,8.48,3251892,59564268.00
2010-08-17,8.46,8.65,8.46,8.61,4209212,78288128.00
2010-08-18,8.63,8.66,8.46,8.63,3400943,63256964.00
2010-08-19,8.56,8.82,8.54,8.73,4943687,93395232.00
2010-08-20,8.68,8.97,8.59,8.61,5122174,97275816.00
2010-08-23,8.56,8.72,8.49,8.58,2452870,45697324.00
2010-08-24,8.59,8.85,8.59,8.73,4057774,76883232.00
2010-08-25,8.73,8.93,8.53,8.56,4323054,81854416.00
2010-08-26,8.71,8.72,8.55,8.68,2738172,51189976.00
2010-08-27,8.63,9.07,8.63,9.04,8383258,161860704.00
2010-08-30,9.06,9.36,8.96,9.28,8523595,167998832.00
2010-08-31,9.22,9.22,9.04,9.11,4892582,96273424.00
2010-09-01,9.18,9.45,9.10,9.28,6747104,134743616.00
2010-09-02,9.53,9.58,9.31,9.38,4883072,99085008.00
2010-09-03,9.37,9.38,9.05,9.18,4682223,92723704.00
2010-09-06,9.17,9.33,9.05,9.24,3416839,67828528.00
2010-09-07,9.23,9.32,9.14,9.25,2018378,40149704.00
2010-09-08,9.34,9.67,9.27,9.29,7925101,161278496.00
2010-09-09,9.29,9.36,9.03,9.05,5376870,106174400.00
2010-09-10,9.15,9.21,8.95,9.16,2949540,57897048.00
2010-09-13,9.20,9.38,9.09,9.36,4376279,87408120.00
2010-09-14,9.36,9.43,9.15,9.19,3336875,66480244.00
2010-09-15,9.19,9.27,9.06,9.14,2910926,57434252.00
2010-09-16,9.12,9.18,8.63,8.76,3149074,60219664.00
2010-09-17,8.78,8.82,8.52,8.60,4058173,75772952.00
2010-09-20,8.55,8.65,8.41,8.52,1717694,31760230.00
2010-09-21,8.60,8.74,8.53,8.63,1530885,28643330.00
2010-09-27,8.74,8.91,8.74,8.87,2260472,43280240.00
2010-09-28,8.91,8.91,8.70,8.71,1794734,34122592.00
2010-09-29,8.77,9.03,8.64,8.92,2798861,53603144.00
2010-09-30,8.93,9.10,8.87,9.07,3130180,60967084.00
2010-10-08,9.17,9.39,9.02,9.29,5402637,108223640.00
2010-10-11,9.49,10.02,9.44,9.57,9330275,194393040.00
2010-10-12,9.43,10.60,9.37,10.60,17776558,391356544.00
2010-10-13,10.63,11.68,10.63,10.84,23153556,543808768.00
2010-10-14,10.75,11.12,10.38,10.59,14818335,337545120.00
2010-10-15,10.41,10.91,10.08,10.38,11374523,254392128.00
2010-10-18,10.29,10.58,9.68,10.01,8955533,193269952.00
2010-10-19,10.03,10.57,10.03,10.23,6930826,152608576.00
2010-10-20,10.21,11.17,10.03,10.92,14619076,333548032.00
2010-10-21,10.88,11.01,10.43,10.68,8771763,200137440.00
2010-10-22,10.67,11.08,10.53,10.79,7145922,165034144.00
2010-10-25,10.87,11.29,10.62,11.27,10519836,247752784.00
2010-10-26,11.41,11.63,11.08,11.28,9459961,227704944.00
2010-10-27,11.09,11.27,10.74,10.80,6353018,149072384.00
2010-10-28,10.76,10.88,10.58,10.68,4181465,95817800.00
2010-10-29,10.73,11.05,10.73,10.84,3764954,87409872.00
2010-11-01,11.00,11.20,10.90,11.11,5969323,141121072.00
2010-11-02,11.14,11.23,10.73,10.75,7866135,182219008.00
2010-11-03,10.71,11.00,10.55,10.75,4548426,104606064.00
2010-11-04,10.73,10.85,10.61,10.82,4456487,102209720.00
2010-11-05,10.91,11.87,10.72,11.56,16323425,393751776.00
2010-11-08,11.45,11.47,11.21,11.37,9243887,222606272.00
2010-11-09,11.37,11.55,11.20,11.32,6031968,145569696.00
2010-11-10,11.31,11.41,11.13,11.36,5387780,129109176.00
2010-11-11,11.27,11.78,11.21,11.38,11254006,276989696.00
2010-11-12,11.36,11.50,10.25,10.34,8514622,197971584.00
2010-11-15,10.72,11.03,10.53,10.83,7770087,178884896.00
2010-11-16,10.94,10.98,10.34,10.45,5391295,122619672.00
2010-11-17,10.33,10.48,9.77,9.78,4190069,91048232.00
2010-11-18,9.97,10.10,9.78,9.98,3335706,70982208.00
2010-11-19,10.03,10.12,9.77,10.10,3576948,76424576.00
2010-11-22,9.98,10.32,9.88,10.16,3744377,81336248.00
2010-11-23,10.08,10.11,9.49,9.84,3624417,76034200.00
2010-11-24,9.72,10.08,9.63,10.07,2863584,61336408.00
2010-11-25,10.13,10.35,10.11,10.26,3764233,82356952.00
2010-11-26,10.23,10.77,10.13,10.48,6660514,149760256.00
2010-11-29,10.29,10.34,10.02,10.21,4032955,87828280.00
2010-11-30,10.21,10.27,9.58,9.85,3688458,78190528.00
2010-12-01,9.88,9.93,9.67,9.79,2257913,47331468.00
2010-12-02,9.92,10.15,9.86,9.87,3293916,70623144.00
2010-12-03,9.93,9.93,9.63,9.74,2234640,46736312.00
2010-12-06,9.78,9.81,9.56,9.72,1692977,35228036.00
2010-12-07,9.67,9.85,9.49,9.79,1820363,37908016.00
2010-12-08,9.83,9.87,9.68,9.70,1798227,37795528.00
2010-12-09,9.76,9.83,9.66,9.68,1533013,32090352.00
2010-12-10,9.63,9.77,9.58,9.69,1466790,30488838.00
2010-12-13,9.78,10.07,9.72,10.05,3156474,67479048.00
2010-12-14,10.07,10.42,10.01,10.36,5396576,117985880.00
2010-12-15,10.37,11.33,10.20,10.81,13245948,306392800.00
2010-12-16,10.64,10.76,10.38,10.59,7684179,173629008.00
2010-12-17,10.50,10.58,10.30,10.36,3702553,82303016.00
2010-12-20,10.37,10.48,9.82,10.02,4390921,94983088.00
2010-12-21,10.09,10.37,10.06,10.32,3495269,76509264.00
2010-12-22,10.42,10.54,10.24,10.30,3183185,70610416.00
2010-12-23,10.30,10.38,10.12,10.14,2739767,60113952.00
2010-12-24,10.11,10.19,9.80,9.88,1917935,40954644.00
2010-12-27,9.88,10.28,9.59,9.66,3259788,69864920.00
2010-12-28,9.66,9.66,9.38,9.45,1862719,38002488.00
2010-12-29,9.44,9.62,9.42,9.56,1173082,24024832.00
2010-12-30,9.61,9.62,9.42,9.45,1946652,39791040.00
2010-12-31,9.47,9.77,9.46,9.75,2337852,48490268.00
2011-01-04,9.90,10.11,9.84,9.90,2975176,63527684.00
2011-01-05,9.92,9.97,9.79,9.95,1879910,39910000.00
2011-01-06,9.99,10.01,9.74,9.82,2154162,45437156.00
2011-01-07,9.90,9.98,9.68,9.76,1817156,38428436.00
2011-01-10,9.74,9.78,9.43,9.46,1980550,40791276.00
2011-01-11,9.46,9.52,9.34,9.42,1192746,24163118.00
2011-01-12,9.41,9.52,9.35,9.48,1082624,22010928.00
2011-01-13,9.53,9.72,9.40,9.67,2369914,48808840.00
2011-01-14,9.58,9.63,9.30,9.31,1663160,33698376.00
2011-01-17,9.21,9.25,8.71,8.76,2015483,38773068.00
2011-01-18,8.76,8.85,8.70,8.82,678085,12909699.00
2011-01-19,8.83,9.06,8.80,9.02,1221161,23633668.00
2011-01-20,9.07,9.18,8.72,8.72,1327949,25672634.00
2011-01-21,8.81,9.09,8.81,8.92,1536519,29749732.00
2011-01-24,8.88,8.98,8.72,8.73,1040173,19821130.00
2011-01-25,8.73,8.81,8.42,8.46,1279547,23656820.00
2011-01-26,8.54,8.71,8.49,8.64,905429,16883106.00
2011-01-27,8.47,8.79,8.47,8.75,1437729,27149208.00
2011-01-28,8.78,9.08,8.69,9.00,1679314,32318272.00
2011-01-31,8.94,9.05,8.86,9.01,1295503,25077424.00
2011-02-01,9.06,9.12,8.98,9.01,1070013,20888354.00
2011-02-09,8.99,8.99,8.73,8.74,1317818,25156758.00
2011-02-10,8.73,8.94,8.62,8.94,1208814,23051330.00
2011-02-11,8.93,9.26,8.90,9.11,2117862,41518168.00
2011-02-14,9.11,9.47,9.11,9.37,2793526,55872252.00
2011-02-15,9.41,9.73,9.25,9.58,4719412,96456432.00
2011-02-16,9.48,9.59,9.43,9.57,2660779,54403884.00
2011-02-17,9.51,9.65,9.41,9.49,2029544,41432856.00
2011-02-18,9.46,9.48,9.27,9.28,2066649,41502804.00
2011-02-21,9.28,9.49,9.25,9.45,2280027,46080864.00
2011-02-22,9.56,9.63,9.18,9.19,2670827,53779004.00
2011-02-23,9.18,9.34,9.06,9.30,1656221,33016766.00
2011-02-24,9.30,9.43,9.21,9.37,1611977,32473872.00
2011-02-25,9.37,9.52,9.22,9.34,1967356,39786028.00
2011-02-28,9.44,9.68,9.36,9.63,3548648,72906744.00
2011-03-01,9.66,9.70,9.53,9.58,2878074,59286732.00
2011-03-02,9.58,9.64,9.39,9.50,1890178,38623764.00
2011-03-03,9.48,9.62,9.34,9.35,1800594,36734808.00
2011-03-04,9.34,9.51,9.31,9.47,1536637,31157900.00
2011-03-07,9.57,10.01,9.50,9.88,6973438,146610576.00
2011-03-08,9.89,9.89,9.64,9.79,3164237,66182864.00
2011-03-09,9.82,9.84,9.67,9.76,2353172,49270656.00
2011-03-10,9.78,9.78,9.54,9.57,2382481,49209900.00
2011-03-11,9.58,9.68,9.54,9.54,1914768,39557804.00
2011-03-14,9.52,9.54,9.42,9.54,2075647,42360744.00
2011-03-15,9.58,9.63,9.16,9.32,3005020,60459848.00
2011-03-16,9.36,9.48,9.32,9.46,1977731,40078548.00
2011-03-17,9.45,9.74,9.29,9.48,3331593,68360648.00
2011-03-18,9.63,9.71,9.49,9.53,1818689,37389428.00
2011-03-21,9.48,9.66,9.45,9.51,1792480,36828028.00
2011-03-22,9.51,9.67,9.41,9.66,2787657,57390992.00
2011-03-23,9.68,9.91,9.64,9.84,5370761,113145568.00
2011-03-24,9.86,10.05,9.74,10.04,5897502,125514408.00
2011-03-25,10.05,10.22,9.98,10.03,7519417,162680160.00
2011-03-28,10.03,10.40,9.97,10.23,8040741,175744192.00
2011-03-29,10.11,10.16,9.73,9.79,4919414,104845160.00
2011-03-30,9.80,9.90,9.69,9.72,2376490,49976496.00
2011-03-31,9.68,9.96,9.61,9.63,2164769,45451476.00
2011-04-01,9.63,9.76,9.44,9.76,2033611,41987264.00
2011-04-06,9.66,9.75,9.56,9.70,1856083,38516208.00
2011-04-07,9.69,9.87,9.68,9.77,1971005,41351180.00
2011-04-08,9.77,9.81,9.67,9.77,2617021,54624392.00
2011-04-11,9.81,10.01,9.73,9.85,3603801,76370696.00
2011-04-12,9.81,9.99,9.69,9.93,2910655,61801080.00
2011-04-13,9.87,10.17,9.77,10.13,4762384,102309440.00
2011-04-14,10.16,10.18,9.92,9.93,3115511,66905148.00
2011-04-15,9.98,10.03,9.87,10.01,2332567,49869120.00
2011-04-18,10.02,10.03,9.71,9.72,3446117,72585232.00
2011-04-19,9.67,9.76,9.47,9.66,2395798,49387444.00
2011-04-20,9.63,9.71,9.53,9.68,1419898,29399830.00
2011-04-21,9.70,9.74,9.55,9.62,2110507,43678452.00
2011-04-22,9.78,9.90,9.73,9.79,3137044,66148048.00
2011-04-25,9.83,9.83,9.58,9.61,1596123,33112898.00
2011-04-26,9.55,9.73,9.55,9.59,1362649,28201290.00
2011-04-27,9.60,9.68,9.26,9.31,2633280,53371396.00
2011-04-28,9.33,9.43,9.21,9.33,1710290,34293732.00
2011-04-29,9.31,9.33,8.96,9.29,1499357,29591822.00
2011-05-03,9.28,9.41,9.14,9.37,1263988,25374376.00
2011-05-04,9.35,9.43,9.20,9.22,1317568,26382978.00
2011-05-05,9.13,9.32,9.07,9.21,819048,16208934.00
2011-05-06,9.14,9.23,9.04,9.19,834792,16457162.00
2011-05-09,9.18,9.37,9.18,9.28,1022407,20448986.00
2011-05-10,9.28,9.34,9.19,9.33,989681,19765130.00
2011-05-11,9.31,9.38,9.23,9.34,1338024,26878696.00
2011-05-13,9.23,9.28,9.06,9.26,1375082,27211412.00
2011-05-16,9.26,9.27,8.85,8.87,3071396,60110420.00
2011-05-17,8.92,9.00,8.64,8.92,2108468,40168352.00
2011-05-18,8.79,9.06,8.77,8.98,1538514,29756396.00
2011-05-19,9.03,9.11,8.98,9.03,1365910,26668602.00
2011-05-20,9.11,9.17,9.03,9.14,1561554,30681644.00
2011-05-23,9.06,9.25,8.96,9.17,5037506,99363008.00
2011-05-24,9.13,9.13,8.63,8.84,2094017,39823588.00
2011-05-25,8.84,8.88,8.64,8.64,1381313,26050428.00
2011-05-26,8.68,8.81,8.60,8.63,1059040,19923088.00
2011-05-27,8.55,8.66,8.45,8.47,1059435,19565114.00
2011-05-30,8.42,8.50,8.33,8.35,757879,13847649.00
2011-05-31,8.37,8.54,8.35,8.53,861761,15805364.00
2011-06-01,8.52,8.60,8.49,8.57,754200,13976554.00
2011-06-02,8.47,8.56,8.34,8.47,980212,17885314.00
2011-06-03,8.45,8.73,8.44,8.58,1164901,21660030.00
2011-06-07,8.52,8.63,8.48,8.59,960216,17815470.00
2011-06-08,8.62,8.64,8.53,8.63,1151312,21429712.00
2011-06-09,8.63,8.65,8.35,8.37,1227119,22584390.00
2011-06-10,8.36,8.42,8.10,8.18,2084985,37258100.00
2011-06-13,8.18,8.18,7.87,7.98,2205432,38286348.00
2011-06-14,8.03,8.16,7.99,8.13,1416699,25001996.00
2011-06-15,8.08,8.18,8.02,8.03,774235,13662821.00
2011-06-16,8.01,8.01,7.82,7.82,907726,15604739.00
2011-06-17,7.82,7.90,7.77,7.78,878535,15008185.00
2011-06-20,7.78,7.90,7.62,7.64,843993,14217553.00
2011-06-21,7.73,7.82,7.61,7.73,990586,16691490.00
2011-06-22,7.80,7.83,7.71,7.71,912093,15473389.00
2011-06-23,7.71,7.96,7.68,7.94,1405277,24089978.00
2011-06-24,7.88,8.17,7.87,8.04,2623760,46042064.00
2011-06-27,8.04,8.23,8.04,8.13,2079294,36871696.00
2011-06-28,8.15,8.20,8.05,8.16,1273592,22535252.00
2011-06-29,8.17,8.21,8.03,8.03,1384202,24169186.00
2011-06-30,8.06,8.37,8.06,8.36,2917496,51701176.00
2011-07-01,8.34,8.36,8.25,8.32,2044389,36537912.00
2011-07-04,8.36,8.54,8.29,8.49,2258717,40945260.00
2011-07-05,8.46,8.51,8.39,8.48,1677630,30384362.00
2011-07-06,8.41,8.60,8.34,8.57,2194847,39923436.00
2011-07-07,8.58,8.73,8.49,8.53,2094104,38598532.00
2011-07-08,8.53,8.56,8.38,8.43,1310395,23757340.00
2011-07-11,8.39,8.51,8.39,8.47,1109388,20133398.00
2011-07-12,8.38,8.38,8.26,8.26,1482335,26444986.00
2011-07-13,8.26,8.70,8.26,8.57,2287353,41764328.00
2011-07-14,8.56,8.67,8.53,8.62,1893234,34942152.00
2011-07-15,8.59,8.81,8.59,8.77,2146424,40219968.00
2011-07-18,8.77,8.86,8.70,8.73,1644829,30814184.00
2011-07-19,8.59,8.71,8.56,8.62,1606546,29728636.00
2011-07-20,8.61,8.72,8.58,8.68,1163102,21553500.00
2011-07-21,8.68,8.73,8.42,8.42,1100808,20199318.00
2011-07-22,8.43,8.54,8.43,8.47,765575,13937942.00
2011-07-25,8.48,8.49,8.11,8.18,1649883,29319534.00
2011-07-26,8.10,8.30,8.10,8.28,606990,10706873.00
2011-07-27,8.21,8.69,8.21,8.67,2885840,53208020.00
2011-07-28,8.53,8.64,8.44,8.63,1129670,20759416.00
2011-07-29,8.73,8.78,8.58,8.68,2127710,39617248.00
2011-08-01,8.69,8.91,8.61,8.86,2651002,50110080.00
2011-08-02,8.78,8.83,8.64,8.78,1373791,25650902.00
2011-08-03,8.64,9.06,8.64,8.91,2340618,44751916.00
2011-08-04,8.91,9.02,8.84,8.95,1634644,31239142.00
2011-08-05,8.64,8.91,8.56,8.74,1935032,36296804.00
2011-08-08,8.64,8.67,8.23,8.41,2328106,42280312.00
2011-08-09,8.17,8.41,8.03,8.24,1541587,27281838.00
2011-08-10,8.41,8.69,8.36,8.58,2248828,41243004.00
2011-08-11,8.43,9.02,8.38,8.87,3599182,67196848.00
2011-08-12,8.81,8.93,8.72,8.74,3553176,67049228.00
2011-08-15,8.72,8.87,8.72,8.84,1627449,30672418.00
2011-08-16,8.84,9.06,8.84,8.87,2966541,56890124.00
2011-08-17,8.85,9.23,8.68,9.19,4809071,92771488.00
2011-08-18,9.18,9.22,8.92,8.95,2620109,50641304.00
2011-08-19,8.75,8.97,8.69,8.95,1213883,22962420.00
2011-08-22,8.93,9.02,8.76,8.79,1134177,21505464.00
2011-08-23,8.81,8.91,8.74,8.91,903988,17087548.00
2011-08-24,8.93,9.02,8.82,8.83,974203,18563384.00
2011-08-25,8.79,9.27,8.79,9.23,4747835,92748968.00
2011-08-26,9.22,9.26,9.08,9.23,2073842,40501208.00
2011-08-29,9.13,9.22,8.93,9.03,1819254,35169512.00
2011-08-30,9.06,9.20,8.93,8.93,1510948,29269670.00
2011-08-31,8.93,9.06,8.88,9.01,839243,16105242.00
2011-09-01,8.99,9.09,8.79,8.89,877738,16760170.00
2011-09-02,8.94,8.99,8.76,8.80,806918,15217245.00
2011-09-05,8.76,8.76,8.52,8.52,694014,12786164.00
2011-09-06,8.38,8.56,8.38,8.56,857549,15620190.00
2011-09-07,8.58,8.74,8.56,8.70,724625,13436496.00
2011-09-08,8.76,8.78,8.59,8.60,575642,10730804.00
2011-09-09,8.60,8.72,8.46,8.52,439451,8068548.50
2011-09-13,8.49,8.49,8.31,8.48,675062,12166982.00
2011-09-14,8.73,8.73,8.43,8.61,445348,8178394.00
2011-09-15,8.62,8.71,8.56,8.58,387700,7170742.50
2011-09-16,8.59,8.72,8.59,8.59,404052,7478172.00
2011-09-19,8.54,8.56,8.46,8.47,452085,8243078.50
2011-09-20,8.47,8.47,8.32,8.37,541200,9740633.00
2011-09-21,8.39,8.65,8.32,8.62,912367,16660877.00
2011-09-22,8.49,8.58,8.36,8.36,733565,13295896.00
2011-09-23,8.22,8.34,8.13,8.28,659766,11659245.00
2011-09-26,8.28,8.38,8.14,8.17,486600,8626400.00
2011-09-27,8.18,8.41,8.18,8.40,610439,10891124.00
2011-09-28,8.38,8.47,8.21,8.22,494424,8838904.00
2011-09-29,8.17,8.28,8.13,8.14,465209,8217870.00
2011-09-30,8.21,8.21,8.11,8.20,328398,5773116.50
2011-10-10,8.16,8.27,8.11,8.24,326434,5766437.00
2011-10-11,8.36,8.43,8.10,8.18,515585,9176284.00
2011-10-12,8.11,8.48,8.08,8.43,768849,13848449.00
2011-10-13,8.48,8.67,8.47,8.56,1732848,31871508.00
2011-10-14,8.56,8.61,8.48,8.51,1008831,18451146.00
2011-10-17,8.53,8.58,8.43,8.48,684248,12448335.00
2011-10-19,8.39,8.39,8.12,8.16,1097890,19383282.00
2011-10-20,8.14,8.26,7.72,7.83,954237,16297262.00
2011-10-21,7.83,7.90,7.71,7.79,473562,7996038.50
2011-10-24,7.86,8.06,7.81,8.04,1128756,19378550.00
2011-10-25,8.02,8.24,7.98,8.19,1123403,19700358.00
2011-10-26,8.17,8.31,8.12,8.19,1292907,22829762.00
2011-10-27,8.16,8.34,8.16,8.21,877943,15553385.00
2011-10-28,8.33,8.38,8.24,8.34,1259978,22529712.00
2011-10-31,8.34,8.42,8.29,8.37,930447,16699468.00
2011-11-01,8.24,8.40,8.24,8.28,822034,14676002.00
2011-11-02,8.18,8.40,8.06,8.38,1307418,23106908.00
2011-11-03,8.40,8.61,8.34,8.51,2526069,46083768.00
2011-11-04,8.49,8.75,8.49,8.59,2065936,38189992.00
2011-11-07,8.67,8.76,8.51,8.65,1608759,29764398.00
2011-11-08,8.65,8.73,8.58,8.65,1185936,21984938.00
2011-11-09,8.75,8.78,8.63,8.74,2054996,38228120.00
2011-11-10,8.61,8.71,8.58,8.69,1302512,24167560.00
2011-11-11,8.69,8.96,8.69,8.81,2452581,46568576.00
2011-11-14,8.91,9.06,8.86,8.99,1627648,31239890.00
2011-11-15,8.96,9.09,8.84,8.96,1672500,31972902.00
2011-11-16,8.89,8.94,8.64,8.69,1419343,26648274.00
2011-11-17,8.71,8.83,8.63,8.72,798250,14915063.00
2011-11-18,8.68,8.68,8.43,8.48,1022647,18740200.00
2011-11-21,8.48,8.63,8.47,8.63,843111,15502247.00
2011-11-22,8.56,8.72,8.53,8.68,788742,14660605.00
2011-11-23,8.73,8.79,8.60,8.60,852842,15902012.00
2011-11-24,8.53,8.61,8.41,8.58,597038,10926272.00
2011-11-25,8.55,8.59,8.43,8.45,420777,7687823.00
2011-11-28,8.50,8.56,8.43,8.55,423432,7723089.50
2011-11-29,8.62,8.72,8.57,8.71,641486,11875275.00
2011-11-30,8.67,8.75,8.39,8.48,1003519,18400862.00
2011-12-01,8.70,8.80,8.61,8.62,1108630,20681118.00
2011-12-02,8.64,9.03,8.62,8.86,2938604,55777972.00
2011-12-05,8.79,8.88,8.31,8.38,3632602,66191352.00
2011-12-06,8.17,8.31,8.03,8.21,2707549,47348336.00
2011-12-07,8.21,8.27,8.08,8.15,945437,16646921.00
2011-12-08,8.17,8.20,7.89,8.04,1057713,18331330.00
2011-12-09,7.99,8.41,7.99,8.30,1894427,33756192.00
2011-12-12,8.31,8.31,8.06,8.07,860977,15123356.00
2011-12-13,7.97,8.16,7.74,7.81,925075,15673555.00
2011-12-14,7.78,7.91,7.66,7.68,777686,13062871.00
2011-12-15,7.61,7.67,7.30,7.47,1191007,19180846.00
2011-12-16,7.49,7.70,7.38,7.68,597925,9746727.00
2011-12-19,7.58,7.68,7.41,7.65,468365,7650776.00
2011-12-20,7.66,7.78,7.66,7.67,454740,7568329.50
2011-12-21,7.76,7.77,7.39,7.42,532629,8745782.00
2011-12-22,7.38,7.38,7.06,7.27,717842,11222971.00
2011-12-23,7.27,7.40,7.23,7.32,504781,8020107.00
2011-12-26,7.32,7.39,7.19,7.23,322150,5110318.00
2011-12-27,7.24,7.25,7.08,7.10,317019,4927988.50
2011-12-28,7.36,7.87,7.28,7.41,2516284,40569460.00
2011-12-29,7.32,7.36,7.17,7.22,1101182,17325440.00
2011-12-30,7.22,7.34,7.22,7.32,842868,13332675.00
2012-01-04,7.39,7.48,7.14,7.14,747589,11855201.00
2012-01-05,7.03,7.11,6.65,6.65,1021118,15295756.00
2012-01-06,6.68,7.02,6.53,7.01,851676,12455739.00
2012-01-09,6.89,7.20,6.88,7.18,1507079,23225480.00
2012-01-10,7.18,7.41,7.12,7.36,1415406,22403886.00
2012-01-11,7.37,7.39,7.24,7.31,1032214,16354976.00
2012-01-12,7.29,7.50,7.25,7.33,1735147,27595654.00
2012-01-13,7.36,7.36,6.98,6.98,1168526,17999482.00
2012-01-16,6.89,6.89,6.72,6.72,479800,7128295.50
2012-01-17,6.72,7.07,6.66,7.05,1259560,18999790.00
2012-01-18,7.08,7.19,6.91,6.94,824861,12643264.00
2012-01-19,6.94,7.09,6.92,7.01,565504,8641868.00
2012-01-20,6.92,7.05,6.76,6.97,1202181,18098766.00
2012-01-30,6.97,7.03,6.92,6.96,655306,9942611.00
2012-01-31,6.94,6.97,6.76,6.86,672746,10040725.00
2012-02-01,6.86,7.01,6.86,6.86,689921,10404636.00
2012-02-02,6.93,7.03,6.88,7.03,664628,10089712.00
2012-02-03,7.03,7.20,6.99,7.16,1285242,19851918.00
2012-02-06,7.41,7.82,7.29,7.40,3948449,64381360.00
2012-02-07,7.18,7.50,7.18,7.29,1380773,21979148.00
2012-02-08,7.30,7.50,7.24,7.46,1629775,26210432.00
2012-02-09,7.53,7.55,7.39,7.41,1588576,25609810.00
2012-02-10,7.36,7.46,7.23,7.32,2391007,37883728.00
2012-02-13,7.28,7.40,7.25,7.35,1295543,20634110.00
2012-02-14,7.38,7.40,7.28,7.34,755679,12013891.00
2012-02-15,7.34,7.46,7.29,7.43,2988844,47795992.00
2012-02-16,7.41,7.49,7.30,7.37,1741761,27975738.00
2012-02-20,7.46,7.48,7.36,7.40,1882355,30272822.00
2012-02-21,7.43,7.43,7.26,7.42,1214000,19395064.00
2012-02-22,7.42,7.52,7.40,7.51,2660530,42998300.00
2012-02-23,7.48,7.55,7.43,7.51,1902002,30844162.00
2012-02-24,7.54,7.66,7.48,7.63,2719120,44490468.00
2012-02-27,7.68,7.74,7.59,7.60,2522166,41778992.00
2012-02-28,7.60,7.66,7.45,7.63,2354591,38492632.00
2012-02-29,7.61,7.96,7.59,7.67,3370367,56493692.00
2012-03-01,7.59,7.77,7.54,7.61,1360114,22463812.00
2012-03-02,7.61,7.73,7.61,7.73,1263061,20986756.00
2012-03-05,7.73,7.77,7.61,7.62,1347737,22406380.00
2012-03-06,7.62,7.70,7.48,7.51,1093725,17866468.00
2012-03-07,7.43,7.56,7.31,7.42,837614,13546269.00
2012-03-08,7.50,7.61,7.43,7.54,1061707,17319372.00
2012-03-09,7.57,7.69,7.51,7.68,1445110,23809954.00
2012-03-12,7.68,7.79,7.66,7.76,2114478,35263136.00
2012-03-13,7.76,7.83,7.70,7.80,1585163,26599256.00
2012-03-14,7.79,7.88,7.42,7.49,2251951,37350684.00
2012-03-15,7.49,7.55,7.42,7.49,1201560,19449066.00
2012-03-16,7.53,7.71,7.44,7.71,1473564,24237546.00
2012-03-19,7.77,7.97,7.71,7.94,3234413,54982516.00
2012-03-20,8.02,8.23,7.77,7.82,3913855,67690920.00
2012-03-21,7.76,7.93,7.66,7.91,2219215,37426252.00
2012-03-22,7.86,7.90,7.78,7.80,1132896,19129908.00
2012-03-23,7.76,7.76,7.56,7.59,1003634,16601122.00
2012-03-26,7.60,7.71,7.59,7.63,665132,11003803.00
2012-03-27,7.69,7.81,7.63,7.68,581950,9699205.00
2012-03-28,7.63,7.66,7.36,7.38,915400,14800108.00
2012-03-29,7.38,7.41,7.23,7.27,755143,11950194.00
2012-03-30,7.27,7.40,7.26,7.35,885045,14111956.00
2012-04-05,7.42,7.53,7.35,7.50,879173,14193785.00
2012-04-06,7.48,7.53,7.41,7.50,615823,9972096.00
2012-04-09,7.52,7.52,7.43,7.45,350900,5687623.00
2012-04-10,7.38,7.50,7.28,7.50,553518,8872124.00
2012-04-12,7.53,7.81,7.53,7.78,1520174,25231884.00
2012-04-13,7.77,7.78,7.63,7.70,925755,15409737.00
2012-04-16,7.68,7.73,7.55,7.67,884892,14554943.00
2012-04-17,7.56,7.70,7.50,7.50,710494,11640390.00
2012-04-18,7.48,7.65,7.48,7.63,1133463,18604934.00
2012-04-19,7.62,7.66,7.58,7.63,779096,12835894.00
2012-04-20,7.70,7.76,7.65,7.71,1404132,23382154.00
2012-04-23,7.63,7.85,7.59,7.76,1282548,21502318.00
2012-04-24,7.69,7.81,7.44,7.60,906166,14888963.00
2012-04-25,7.60,7.72,7.51,7.69,770596,12763270.00
2012-04-26,8.01,8.18,7.86,7.87,4687210,81094936.00
2012-04-27,7.92,8.23,7.89,8.08,3484642,60872372.00
2012-05-02,8.23,8.32,8.08,8.17,2950640,51934208.00
2012-05-03,8.23,8.23,8.12,8.13,1870670,32855730.00
2012-05-04,8.13,8.25,8.10,8.23,1770622,31144568.00
2012-05-07,8.20,8.52,8.11,8.40,3401430,60789812.00
2012-05-08,8.36,8.57,8.30,8.55,3382209,61463332.00
2012-05-09,8.55,8.55,8.33,8.38,2620609,47454908.00
2012-05-10,8.36,8.78,8.33,8.47,3439303,63443392.00
2012-05-11,8.43,8.56,8.36,8.39,1903046,34539564.00
2012-05-14,8.55,8.67,8.41,8.42,2430280,44494392.00
2012-05-15,8.36,8.41,8.19,8.41,1563390,27815096.00
2012-05-16,8.41,8.43,8.24,8.24,1089806,19496628.00
2012-05-18,8.31,8.38,8.09,8.10,1454344,25768952.00
2012-05-21,8.10,8.23,8.06,8.12,1152256,20207964.00
2012-05-22,8.21,8.30,8.18,8.25,822100,14570431.00
2012-05-23,8.26,8.29,8.08,8.27,783094,13816507.00
2012-05-24,8.38,8.38,8.23,8.25,1057589,18850150.00
2012-05-25,8.28,8.33,8.06,8.11,902992,15846587.00
2012-05-28,8.08,8.17,7.89,8.14,1020802,17649292.00
2012-05-29,8.14,8.31,8.09,8.29,1320655,23396424.00
2012-05-30,8.23,8.36,8.22,8.22,1192451,21188502.00
2012-05-31,8.16,8.40,8.14,8.33,1257207,22447630.00
2012-06-01,8.33,8.40,8.24,8.38,1164791,20864264.00
2012-06-04,8.23,8.23,8.01,8.06,1259898,22071780.00
2012-06-05,8.08,8.22,7.95,8.06,689311,11974070.00
2012-06-06,8.06,8.12,7.97,7.98,527703,9128289.00
2012-06-07,8.13,8.13,7.94,7.99,688392,11899188.00
2012-06-08,8.03,8.09,7.96,8.01,615431,10652247.00
2012-06-11,7.94,8.12,7.94,8.09,620135,10766984.00
2012-06-12,8.08,8.08,7.95,7.98,489411,8427232.00
2012-06-13,8.04,8.13,7.97,8.12,729478,12648852.00
2012-06-14,8.06,8.16,8.06,8.07,756077,13225340.00
2012-06-15,8.15,8.22,8.01,8.22,1038356,18158932.00
2012-06-18,8.27,8.31,8.21,8.29,1254111,22288074.00
2012-06-19,8.26,8.32,8.18,8.21,922631,16357700.00
2012-06-20,8.21,8.68,8.20,8.46,2199530,39808620.00
2012-06-21,8.38,8.40,8.19,8.20,1360422,24184966.00
2012-06-25,8.18,8.26,8.02,8.03,800333,13978897.00
2012-06-26,7.98,8.04,7.83,8.02,673302,11509164.00
2012-06-27,8.02,8.17,8.01,8.02,707566,12349809.00
2012-06-28,8.02,8.09,7.96,7.97,582927,10058560.00
2012-06-29,8.01,8.26,7.91,8.25,1008311,17646226.00
2012-07-02,8.28,8.33,8.19,8.28,1084539,19248232.00
2012-07-03,8.28,8.36,8.15,8.32,1843952,32829242.00
2012-07-04,8.31,8.35,8.18,8.26,1345666,23921796.00
2012-07-05,8.18,8.21,7.97,8.00,1023566,17762136.00
2012-07-06,8.06,8.26,7.94,8.26,1738250,30236868.00
2012-07-09,8.27,8.44,8.18,8.24,2923892,52212576.00
2012-07-10,8.18,8.31,8.16,8.22,1088190,19254702.00
2012-07-11,8.14,8.27,8.11,8.27,1168334,20635394.00
2012-07-12,8.26,8.40,8.18,8.36,1852970,33147114.00
2012-07-13,8.21,8.26,7.90,7.91,3353241,58087256.00
2012-07-16,7.69,7.70,7.23,7.27,4193726,33166156.00
2012-07-17,7.30,7.38,7.21,7.23,1312694,10204055.00
2012-07-18,7.24,7.33,7.15,7.31,921751,7139602.00
2012-07-19,7.30,7.52,7.27,7.35,1678769,13284447.00
2012-07-20,7.44,7.44,7.15,7.25,1110669,8630734.00
2012-07-23,7.17,7.22,7.10,7.17,1134500,8669123.00
2012-07-24,7.17,7.35,7.10,7.25,1357244,10436129.00
2012-07-25,7.22,7.30,7.16,7.25,679205,5245465.50
2012-07-26,7.25,7.30,7.18,7.23,918898,7114015.50
2012-07-27,7.28,7.30,7.21,7.24,708803,5491156.00
2012-07-30,7.29,7.31,7.12,7.23,866136,6657188.00
2012-07-31,7.26,7.26,6.75,6.80,1392961,10367658.00
2012-08-01,6.81,6.92,6.71,6.80,1233942,9037397.00
2012-08-02,6.78,6.78,6.30,6.51,1680747,11876858.00
2012-08-03,6.55,6.74,6.50,6.73,1364741,9696770.00
2012-08-06,6.70,6.89,6.50,6.89,1424606,10358114.00
2012-08-07,6.89,7.05,6.80,6.98,1735760,13005743.00
2012-08-08,6.98,7.19,6.98,7.17,2416825,18417316.00
2012-08-09,7.18,7.20,7.02,7.15,1189267,9052751.00
2012-08-10,7.22,7.29,7.13,7.17,1287977,9926528.00
2012-08-13,7.17,7.17,6.88,6.90,1308737,9854731.00
2012-08-14,6.88,7.15,6.84,7.09,960965,7155742.50
2012-08-15,7.09,7.14,6.96,6.96,612300,4614537.00
2012-08-16,6.99,6.99,6.79,6.80,778246,5740470.50
2012-08-17,6.83,6.93,6.80,6.92,498629,3671632.75
2012-08-20,6.91,6.94,6.79,6.87,599556,4403575.00
2012-08-21,6.87,7.00,6.81,6.94,751516,5593531.00
2012-08-22,6.90,7.03,6.90,6.96,875643,6534817.50
2012-08-23,6.96,7.00,6.90,6.96,689847,5141186.00
2012-08-24,6.98,6.98,6.79,6.80,728299,5353060.50
2012-08-27,6.80,7.00,6.80,6.91,1204540,8903218.00
2012-08-28,6.96,7.00,6.80,6.96,1106951,8186474.00
2012-08-29,6.89,6.98,6.82,6.84,758010,5610731.00
2012-08-30,6.82,6.85,6.68,6.72,1182648,8574898.00
2012-08-31,6.70,6.91,6.64,6.80,1181552,8628632.00
2012-09-03,6.79,6.80,6.65,6.77,1321518,9560121.00
2012-09-04,6.76,6.81,6.68,6.69,781127,5662912.00
2012-09-05,6.61,6.68,6.53,6.57,1138500,8061996.00
2012-09-06,6.59,6.65,6.59,6.63,506830,3610338.25
2012-09-07,6.65,7.03,6.65,6.91,2454388,18120864.00
2012-09-10,6.94,7.65,6.93,7.42,8228654,65549600.00
2012-09-11,7.34,7.36,7.12,7.33,4098129,31665870.00
2012-09-12,7.34,7.59,7.24,7.59,4180028,33045258.00
2012-09-13,7.69,8.19,7.57,7.62,10791391,90591424.00
2012-09-14,7.63,7.95,7.31,7.82,6940537,56336020.00
2012-09-17,7.80,7.80,7.50,7.56,3849593,31263088.00
2012-09-18,7.55,7.71,7.40,7.48,3101456,25027334.00
2012-09-19,7.55,7.68,7.39,7.64,3147993,25352366.00
2012-09-20,7.55,7.64,7.45,7.60,3667037,29528368.00
2012-09-21,7.56,7.85,7.53,7.69,7304698,60153356.00
2012-09-24,7.59,8.07,7.51,7.93,8181522,68577288.00
2012-09-25,7.79,7.89,7.57,7.63,4640874,38087052.00
2012-09-26,7.54,7.62,7.20,7.20,4324493,33968056.00
2012-09-27,7.16,7.38,7.10,7.26,4028386,31274682.00
2012-09-28,7.18,7.33,7.13,7.32,3357546,26080800.00
2012-10-08,7.32,7.38,7.27,7.30,2040303,15946253.00
2012-10-09,7.31,7.46,7.31,7.45,2859263,22642782.00
2012-10-10,7.43,7.75,7.43,7.74,4973438,40432400.00
2012-10-11,7.79,7.79,7.46,7.51,3318035,26834560.00
2012-10-12,7.50,7.67,7.45,7.59,2580866,20828488.00
2012-10-15,7.70,7.89,7.60,7.76,7311999,60422828.00
2012-10-16,7.70,7.74,7.61,7.62,3105885,25341764.00
2012-10-17,7.65,7.72,7.52,7.61,2439366,19747604.00
2012-10-18,7.60,7.67,7.57,7.66,2710151,22044062.00
2012-10-19,7.66,7.70,7.57,7.58,2161234,17521954.00
2012-10-22,7.59,7.69,7.58,7.65,2078893,16922534.00
2012-10-23,7.65,7.69,7.53,7.55,1769300,14324888.00
2012-10-24,7.51,7.71,7.51,7.57,1941363,15762435.00
2012-10-25,7.51,7.87,7.50,7.83,6365795,52370616.00
2012-10-26,7.71,7.78,7.40,7.47,3982709,32086880.00
2012-10-29,7.48,7.59,7.41,7.54,1820277,14613050.00
2012-10-30,7.54,7.65,7.28,7.30,2269199,18082926.00
2012-10-31,7.31,7.85,7.29,7.72,5978838,48596556.00
2012-11-01,7.70,7.85,7.57,7.75,6316258,51887348.00
2012-11-02,7.73,7.83,7.66,7.77,4062992,33576104.00
2012-11-05,7.80,8.25,7.80,7.94,13974522,119584176.00
2012-11-06,7.89,7.92,7.63,7.91,6080159,50287028.00
2012-11-07,7.92,7.97,7.71,7.76,3381798,28110986.00
2012-11-08,7.71,7.72,7.50,7.52,3374738,27409476.00
2012-11-09,7.51,7.69,7.51,7.62,2508341,20334704.00
2012-11-12,7.65,7.75,7.52,7.60,1955754,15811148.00
2012-11-13,7.56,7.69,7.49,7.58,2614166,21144470.00
2012-11-14,7.52,7.58,7.37,7.46,2281241,18115838.00
2012-11-15,7.40,7.49,7.10,7.15,2038129,15907404.00
2012-11-16,7.15,7.19,6.70,6.91,2571703,18981928.00
2012-11-19,6.88,7.00,6.82,6.96,1225234,9085689.00
2012-11-20,6.98,7.02,6.85,6.90,891883,6663360.00
2012-11-21,7.00,7.04,6.88,7.04,1185776,8869736.00
2012-11-22,7.06,7.15,6.98,7.05,2026600,15388617.00
2012-11-23,7.14,7.25,7.02,7.18,1919541,14683617.00
2012-11-26,7.01,7.16,6.98,6.99,1160447,8769834.00
2012-11-27,6.95,6.96,6.62,6.63,1742991,12620954.00
2012-11-28,6.63,6.63,6.46,6.51,1230519,8637046.00
2012-11-29,6.57,6.63,6.45,6.48,994339,6986824.50
2012-11-30,6.45,6.58,6.40,6.55,913824,6415913.50
2012-12-03,6.60,6.68,6.46,6.48,760559,5391765.00
2012-12-04,6.48,6.89,6.48,6.89,2239990,16146905.00
2012-12-05,6.83,7.15,6.75,6.99,3798609,28504222.00
2012-12-06,6.96,7.12,6.89,7.02,1756980,13166097.00
2012-12-07,7.02,7.15,6.97,7.09,2641751,19988874.00
2012-12-10,7.05,7.12,6.86,7.11,4463314,33569152.00
2012-12-11,7.03,7.10,6.95,6.98,2517118,18913912.00
2012-12-12,6.91,7.02,6.91,6.98,1518439,11317451.00
2012-12-13,6.92,6.97,6.80,6.81,1528842,11284698.00
2012-12-14,6.78,7.15,6.78,7.08,3658344,27601208.00
2012-12-17,7.08,7.28,7.01,7.25,4332202,33327446.00
2012-12-18,7.21,7.35,7.11,7.16,3321641,25675996.00
2012-12-19,7.17,7.41,7.17,7.34,4002934,31294300.00
2012-12-20,7.38,7.48,7.28,7.38,3941469,31053450.00
2012-12-21,7.44,7.49,7.22,7.31,3384810,26561686.00
2012-12-24,7.37,7.45,7.23,7.31,2155809,16865496.00
2012-12-25,7.26,7.47,7.24,7.44,5126637,40437332.00
2012-12-26,7.47,7.52,7.40,7.46,4056862,32220108.00
2012-12-27,7.43,7.68,7.41,7.60,7262813,58639864.00
2012-12-28,7.61,7.66,7.46,7.61,4455740,35918668.00
2012-12-31,7.67,7.90,7.67,7.72,6121141,50541272.00
2013-01-04,7.78,7.84,7.52,7.64,4089057,33299798.00
2013-01-07,7.64,7.69,7.56,7.62,2993398,24283548.00
2013-01-08,7.64,7.69,7.58,7.62,4983053,40484240.00
2013-01-09,7.62,7.76,7.61,7.75,5397534,44169752.00
2013-01-10,7.79,7.79,7.63,7.68,3750129,30703936.00
2013-01-11,7.68,7.73,7.43,7.46,4650683,37506912.00
2013-01-14,7.39,7.67,7.36,7.65,4700970,37860940.00
2013-01-15,7.69,7.74,7.59,7.72,6017124,49201656.00
2013-01-16,7.72,7.74,7.56,7.64,4567812,37197548.00
2013-01-17,7.60,7.68,7.56,7.61,2680896,21777628.00
2013-01-18,7.66,7.70,7.59,7.67,3495231,28491998.00
2013-01-21,7.67,7.94,7.67,7.91,8429816,70228448.00
2013-01-22,7.97,7.97,7.60,7.66,4875260,40255160.00
2013-01-23,7.66,7.73,7.46,7.59,3472263,28027616.00
2013-01-24,7.62,7.67,7.38,7.41,3663359,29379570.00
2013-01-25,7.41,7.51,7.38,7.39,1462598,11580053.00
2013-01-28,7.45,7.55,7.36,7.52,2399126,19151598.00
2013-01-29,7.52,7.63,7.50,7.60,2655039,21462934.00
2013-01-30,7.62,7.81,7.55,7.80,5449480,44653456.00
2013-01-31,7.88,7.96,7.74,7.77,6976453,58111080.00
2013-02-01,7.73,7.77,7.59,7.70,4371734,35705688.00
2013-02-04,7.69,7.84,7.62,7.76,3740197,30781902.00
2013-02-05,7.75,7.88,7.66,7.80,4196157,34857448.00
2013-02-06,7.84,7.88,7.70,7.78,2917902,24194168.00
2013-02-07,7.86,8.05,7.85,8.03,9340422,79307640.00
2013-02-08,8.05,8.15,7.93,8.05,6141935,52345804.00
2013-02-18,8.14,8.19,7.98,8.03,6055936,51701848.00
2013-02-19,8.05,8.05,7.78,7.80,4774565,40063660.00
2013-02-20,7.82,8.63,7.82,8.63,22677821,201360560.00
2013-02-21,8.90,9.43,8.64,8.96,34396450,325234624.00
2013-02-22,8.89,9.00,8.61,8.68,15259185,142165616.00
2013-02-25,8.87,9.36,8.72,9.32,22486254,217466880.00
2013-02-26,9.40,9.81,9.17,9.31,21355792,213501696.00
2013-02-27,9.25,9.25,8.84,9.00,12408627,117752120.00
2013-02-28,8.90,9.12,8.81,9.04,9542465,90323704.00
2013-03-01,9.00,9.68,8.85,9.60,19268021,190755552.00
2013-03-04,9.57,9.86,9.31,9.47,15476627,155253408.00
2013-03-05,9.40,9.86,9.21,9.79,15557258,158585568.00
2013-03-06,9.85,10.28,9.65,9.77,16120245,168485424.00
2013-03-07,9.78,9.78,9.44,9.49,9292176,93527488.00
2013-03-08,9.49,9.88,9.41,9.73,8214850,83580784.00
2013-03-11,9.73,9.79,9.38,9.39,6908889,69174320.00
2013-03-12,9.36,9.36,8.67,8.83,10383740,98448560.00
2013-03-13,8.78,9.00,8.60,8.91,5861262,54316596.00
2013-03-14,8.84,9.03,8.77,8.79,3070430,28767232.00
2013-03-15,8.78,9.07,8.72,8.90,3809098,35957416.00
2013-03-18,8.87,9.09,8.87,8.93,2913333,27560648.00
2013-03-19,9.02,9.38,9.01,9.34,7087521,69126048.00
2013-03-20,9.40,9.58,9.20,9.48,6963859,68864240.00
2013-03-21,9.50,9.94,9.41,9.69,11824353,120580440.00
2013-03-22,9.69,10.11,9.64,9.77,9482305,98317936.00
2013-03-25,10.46,10.80,10.10,10.15,29663868,322906720.00
2013-03-26,9.80,9.94,9.60,9.61,14730130,150814336.00
2013-03-27,9.57,9.85,9.43,9.78,8650923,87646200.00
2013-03-28,9.67,9.67,9.25,9.28,8336094,83072592.00
2013-03-29,9.28,9.46,9.18,9.24,3343514,32816944.00
2013-04-01,9.25,9.60,9.25,9.45,3904223,38836976.00
2013-04-02,9.62,9.83,9.37,9.38,5161466,52067168.00
2013-04-03,9.23,9.40,8.95,9.00,5270172,50611084.00
2013-04-08,9.00,9.36,8.62,9.27,4566319,43468964.00
2013-04-09,9.27,9.36,9.15,9.35,3050161,29844174.00
2013-04-10,9.49,9.78,9.42,9.50,6270757,63180472.00
2013-04-11,9.56,9.67,9.40,9.41,3153731,31502630.00
2013-04-12,9.37,9.48,8.97,9.06,3106342,30105280.00
2013-04-15,9.00,9.10,8.59,8.69,5027487,46503832.00
2013-04-16,8.65,8.87,8.51,8.82,2769585,25375932.00
2013-04-17,8.79,9.04,8.78,8.98,2808467,26536448.00
2013-04-18,8.97,9.11,8.89,8.98,2911068,27741306.00
2013-04-19,8.96,9.25,8.96,9.20,3835472,37083716.00
2013-04-22,9.08,9.82,9.05,9.81,11368300,114560136.00
2013-04-23,9.80,9.81,9.34,9.41,9110814,91174880.00
2013-04-24,9.42,9.80,9.41,9.79,9631583,98092424.00
2013-04-25,9.77,9.77,9.38,9.40,7680375,77539576.00
2013-04-26,9.39,9.57,9.35,9.38,3726608,37036980.00
2013-05-02,9.34,9.34,8.80,9.06,3992043,38049232.00
2013-05-03,9.09,9.47,9.09,9.39,3683296,36263112.00
2013-05-06,9.45,9.74,9.45,9.61,5898431,59722844.00
2013-05-07,9.64,9.75,9.58,9.66,6119056,62171520.00
2013-05-08,9.72,9.78,9.57,9.72,7093391,72235808.00
2013-05-09,9.77,10.14,9.59,10.06,15726390,164394768.00
2013-05-10,10.07,10.34,9.83,10.10,10757349,113819488.00
2013-05-13,10.18,10.29,9.95,10.00,8509857,90225416.00
2013-05-14,9.95,9.95,9.60,9.69,7069261,72266248.00
2013-05-15,9.72,9.85,9.66,9.80,3618833,37124416.00
2013-05-16,9.80,9.99,9.67,9.91,5700926,58878472.00
2013-05-17,9.98,10.42,9.92,10.31,15490909,166248480.00
2013-05-20,10.31,10.75,10.20,10.66,14757105,162479184.00
2013-05-21,10.62,10.78,10.44,10.76,12283041,136751600.00
2013-05-22,10.80,10.80,10.43,10.48,8459477,93668744.00
2013-05-23,10.43,11.17,10.35,11.07,17029760,193464352.00
2013-05-24,10.90,11.19,10.78,11.07,11137647,127938200.00
2013-05-27,10.99,11.56,10.92,11.54,15460916,184058816.00
2013-05-28,11.50,11.83,11.26,11.27,18184550,218784896.00
2013-05-29,11.31,11.46,11.11,11.45,10518528,124060672.00
2013-05-30,11.60,11.75,11.32,11.35,12078702,145246816.00
2013-05-31,11.31,11.35,10.81,10.84,14682462,169767024.00
2013-06-03,10.81,11.14,10.67,10.78,7856727,89562720.00
2013-06-04,10.78,11.00,10.66,10.90,7793422,88526376.00
2013-06-05,10.80,11.44,10.80,11.36,14148885,166089280.00
2013-06-06,11.29,11.29,10.79,10.90,8852797,102074496.00
2013-06-07,10.82,11.00,10.20,10.47,10968660,120773176.00
2013-06-13,10.20,10.27,9.92,10.16,5724785,60619616.00
2013-06-14,10.20,10.50,10.13,10.49,6179044,67140464.00
2013-06-17,10.49,10.74,10.13,10.54,6719587,74067208.00
2013-06-18,10.55,10.65,10.34,10.47,4081362,44857840.00
2013-06-19,10.40,10.81,10.12,10.75,7177225,79215720.00
2013-06-20,10.74,10.75,10.30,10.32,7252319,79911472.00
2013-06-21,10.10,10.53,10.01,10.36,5083914,55033500.00
2013-06-24,10.31,10.37,9.46,9.48,7932388,82072808.00
2013-06-25,9.36,9.67,8.48,9.47,9092463,86839592.00
2013-06-26,9.52,9.67,9.27,9.62,5713097,57292796.00
2013-06-27,9.62,10.04,9.62,9.72,7928953,81792640.00
2013-06-28,9.69,10.15,9.59,9.97,5941975,61074260.00
2013-07-01,10.15,10.25,9.86,10.15,9110623,94643664.00
2013-07-02,10.15,10.15,9.89,10.05,6560722,67496512.00
2013-07-03,9.95,10.00,9.66,9.82,4917371,49682316.00
2013-07-04,9.76,10.08,9.70,9.99,5432404,55754024.00
2013-07-05,10.00,10.05,9.71,9.72,3877817,39395604.00
2013-07-08,9.54,9.55,8.73,8.82,8907062,83422920.00
2013-07-09,8.82,8.96,8.62,8.74,4296991,38944072.00
2013-07-10,8.74,9.10,8.74,9.09,3615600,33472448.00
2013-07-11,9.19,9.46,9.03,9.32,6513452,62466728.00
2013-07-12,9.30,9.45,9.20,9.23,5431499,52243860.00
2013-07-15,9.24,9.40,9.20,9.39,4808026,46172108.00
2013-07-16,9.37,9.55,9.30,9.50,5177670,50396960.00
2013-07-17,9.51,9.51,9.12,9.15,4674198,44984240.00
2013-07-18,9.10,9.29,9.03,9.18,2706957,25634686.00
2013-07-19,9.23,9.25,8.81,8.81,3973299,37021996.00
2013-07-22,8.70,9.09,8.64,9.06,3192532,29333502.00
2013-07-23,9.07,9.38,9.03,9.32,4589645,43791504.00
2013-07-24,9.37,9.37,9.14,9.28,3520378,33605268.00
2013-07-25,9.30,9.44,9.25,9.32,4672371,45171380.00
2013-07-26,9.45,9.54,9.25,9.30,4008603,38759464.00
2013-07-29,9.30,9.38,9.07,9.07,3289203,31287672.00
2013-07-30,9.08,9.24,8.95,9.09,2208819,20835602.00
2013-07-31,9.18,9.37,9.11,9.19,2041037,19495266.00
2013-08-01,9.38,9.50,9.26,9.49,5774170,56239888.00
2013-08-02,9.57,9.64,9.39,9.45,4193226,41107480.00
2013-08-05,9.51,9.59,9.37,9.52,4842819,47368536.00
2013-08-06,9.50,9.67,9.34,9.60,5671223,55507788.00
2013-08-07,9.54,9.63,9.30,9.38,4217933,41242376.00
2013-08-08,9.32,9.54,9.32,9.46,3063686,29892192.00
2013-08-09,9.50,9.60,9.40,9.57,5194798,50940048.00
2013-08-12,9.58,9.87,9.53,9.86,8805545,88491640.00
2013-08-13,9.87,10.05,9.82,9.88,7413873,75696296.00
2013-08-14,9.92,9.98,9.72,9.76,5354630,54069772.00
2013-08-15,9.76,9.76,9.51,9.51,3862312,38310312.00
2013-08-16,9.50,9.77,9.38,9.40,4080168,40160904.00
2013-08-19,9.37,9.53,9.26,9.50,2668730,26028230.00
2013-08-20,9.47,9.56,9.30,9.36,2751419,26833150.00
2013-08-21,9.36,9.40,9.23,9.31,3085392,29600262.00
2013-08-22,9.31,9.44,9.28,9.33,2145089,20661912.00
2013-08-23,9.31,9.40,9.17,9.24,3482310,33319468.00
2013-08-26,9.24,9.38,9.22,9.37,3288389,31689098.00
2013-08-27,9.39,9.42,9.31,9.42,3432847,33174348.00
2013-08-28,9.36,9.39,9.21,9.29,3095607,29711420.00
2013-08-29,9.28,9.36,9.21,9.28,2338669,22387542.00
2013-08-30,9.26,9.26,8.92,8.99,5211733,48984036.00
2013-09-02,8.99,9.14,8.97,9.08,2389278,22343818.00
2013-09-03,9.12,10.02,9.03,9.87,24847652,251953088.00
2013-09-04,9.78,10.04,9.61,10.04,17026256,173388448.00
2013-09-05,10.10,10.10,9.65,9.72,13398913,135610784.00
2013-09-06,9.70,9.86,9.52,9.83,12458901,123990496.00
2013-09-09,10.00,10.00,9.71,9.80,10155035,102830400.00
2013-09-11,9.89,9.89,9.56,9.70,8739496,87116240.00
2013-09-12,9.62,9.86,9.61,9.80,6184228,62208012.00
2013-09-13,9.84,10.19,9.84,10.00,11342218,117524136.00
2013-09-16,10.05,10.05,9.81,9.83,5864772,59807224.00
2013-09-17,9.83,10.07,9.68,9.71,6249533,63732424.00
2013-09-18,9.65,9.88,9.56,9.84,3650944,36643464.00
2013-09-23,9.88,9.98,9.86,9.95,6159046,63078488.00
2013-09-24,9.94,10.12,9.86,9.90,7621396,78371904.00
2013-09-25,9.86,9.97,9.76,9.78,5203703,52808404.00
2013-09-26,9.72,9.88,9.70,9.76,4034479,40693344.00
2013-09-27,9.75,9.93,9.70,9.75,3349025,33881792.00
2013-09-30,9.70,9.76,9.58,9.68,4707739,46814780.00
2013-10-08,9.65,9.93,9.58,9.90,5473208,55039340.00
2013-10-09,9.87,10.01,9.83,10.00,6320977,64766176.00
2013-10-10,10.03,10.05,9.82,9.86,4457018,45541180.00
2013-10-11,9.91,10.11,9.86,10.03,8919098,91973848.00
2013-10-14,10.08,10.58,10.02,10.55,15536969,165760464.00
2013-10-15,10.41,10.50,10.21,10.46,8293452,88290552.00
2013-10-16,10.41,10.42,10.02,10.08,7054969,73799128.00
2013-10-17,10.24,10.98,10.11,10.70,22012349,241720336.00
2013-10-18,10.58,10.76,10.47,10.65,8624514,94025376.00
2013-10-21,10.55,10.88,10.45,10.85,13571432,149274928.00
2013-10-22,11.01,11.36,10.76,10.78,20871945,237609664.00
2013-10-23,10.73,10.84,10.28,10.42,11413937,123133880.00
2013-10-24,10.27,10.63,10.27,10.49,7248360,78458936.00
2013-10-25,10.51,10.65,10.44,10.57,6265506,67738824.00
2013-10-28,10.57,11.20,10.57,11.06,12845543,145391808.00
2013-10-29,11.07,11.14,10.30,10.83,10009629,111310064.00
2013-10-30,10.84,11.30,10.74,11.20,13784283,157965424.00
2013-10-31,11.18,11.69,11.01,11.27,17207120,200932160.00
2013-11-01,11.18,11.36,10.85,11.10,8220212,93740544.00
2013-11-04,11.11,11.27,10.88,10.90,6368947,71887256.00
2013-11-05,10.88,11.60,10.86,11.47,12492393,145555056.00
2013-11-06,11.37,11.80,11.25,11.39,14760551,174993888.00
2013-11-07,11.30,11.75,11.13,11.19,10220974,119877568.00
2013-11-08,11.08,11.29,10.87,11.07,6943784,78568904.00
2013-11-11,11.05,11.26,10.84,10.98,5405155,61438952.00
2013-11-12,10.87,11.47,10.87,11.11,8346533,96132864.00
2013-11-13,10.92,10.93,10.25,10.27,11631021,126043288.00
2013-11-14,10.27,10.44,10.21,10.34,4931289,52341312.00
2013-11-15,10.35,10.56,10.28,10.35,5072571,54485532.00
2013-11-18,10.51,10.64,10.42,10.61,5130490,55672140.00
2013-11-19,10.62,10.84,10.52,10.74,6583226,72412232.00
2013-11-20,10.76,10.90,10.61,10.76,4536245,49998804.00
2013-11-21,10.66,11.08,10.61,11.07,9621953,107483912.00
2013-11-22,11.02,11.15,10.90,10.98,6670103,75505368.00
2013-11-25,10.86,10.92,10.72,10.74,4307750,47823568.00
2013-11-26,10.73,10.81,10.45,10.50,4544857,49444216.00
2013-11-27,10.50,10.65,10.41,10.63,3961627,43121332.00
2013-11-28,10.65,10.72,10.55,10.57,5685568,62197528.00
2013-11-29,10.58,10.68,10.40,10.52,5029211,54381752.00
2013-12-02,10.30,10.48,9.98,10.15,5500055,57769164.00
2013-12-03,10.15,10.53,10.15,10.45,4134241,44266648.00
2013-12-04,10.50,10.63,10.46,10.52,4850428,52638068.00
2013-12-05,10.52,10.64,10.42,10.48,3929647,42443568.00
2013-12-06,10.49,10.54,10.32,10.32,3559496,38225656.00
2013-12-09,10.33,10.48,10.29,10.38,2791215,29701082.00
2013-12-10,10.42,10.43,10.15,10.16,4072863,42874116.00
2013-12-11,10.14,10.24,9.98,10.14,3221324,33517190.00
2013-12-12,10.13,10.21,10.08,10.20,2151097,22542280.00
2013-12-13,10.20,10.20,10.04,10.06,2360897,24541248.00
2013-12-16,10.06,10.44,10.06,10.21,5183068,54903260.00
2013-12-17,10.16,10.23,9.95,9.99,2525235,26138742.00
2013-12-18,10.05,10.20,10.04,10.07,2431552,25374572.00
2013-12-19,10.07,10.26,9.96,9.96,2313921,24038046.00
2013-12-20,9.99,10.14,9.73,9.76,2561276,26063576.00
2013-12-23,9.74,9.85,9.61,9.81,2280239,22805562.00
2013-12-24,9.82,9.98,9.70,9.91,2248903,22835596.00
2013-12-25,9.89,9.93,9.76,9.90,1743258,17661054.00
2013-12-26,9.75,10.18,9.75,10.15,5585594,57684292.00
2013-12-27,10.10,10.21,10.01,10.15,3144915,32837470.00
2013-12-30,10.24,10.25,10.03,10.04,1963807,20372266.00
2013-12-31,10.04,10.08,9.90,9.96,1956562,20126410.00
2014-01-02,9.99,10.04,9.79,9.85,3598211,36625468.00
2014-01-03,9.84,9.86,9.60,9.67,3353263,33504296.00
2014-01-06,9.67,9.69,9.50,9.54,2254163,22264458.00
2014-01-07,9.54,9.89,9.48,9.69,2955000,29558790.00
2014-01-08,9.70,9.80,9.60,9.65,2292034,22888962.00
2014-01-09,9.65,9.83,9.61,9.61,2221723,22279626.00
2014-01-10,9.57,9.68,9.28,9.31,1887317,18288894.00
2014-01-13,9.31,9.47,9.21,9.25,947726,9119416.00
2014-01-14,9.35,9.36,8.95,9.29,1430029,13555024.00
2014-01-15,9.34,9.34,9.08,9.12,1807102,17104280.00
2014-01-16,9.09,9.25,9.09,9.15,1158990,10991753.00
2014-01-17,9.00,9.21,9.00,9.16,1067018,10081433.00
2014-01-20,9.15,9.25,9.04,9.06,1270306,11953996.00
2014-01-21,9.06,9.25,9.06,9.14,1176301,11095853.00
2014-01-22,9.18,9.35,9.12,9.34,1944912,18605980.00
2014-01-23,9.32,9.39,9.27,9.35,1317528,12687817.00
2014-01-24,9.33,9.39,9.24,9.33,2649738,25479438.00
2014-01-27,9.33,9.34,9.19,9.20,1338531,12758700.00
2014-01-28,9.18,9.27,9.08,9.12,1184247,11189646.00
2014-01-29,9.18,9.28,9.10,9.22,1557803,14809624.00
2014-01-30,9.17,9.17,8.91,9.05,2509008,23315200.00
2014-02-07,9.05,9.25,9.03,9.25,1210174,11459246.00
2014-02-10,9.26,9.52,9.25,9.50,3491999,34011260.00
2014-02-11,9.50,9.58,9.42,9.47,2900829,28346544.00
2014-02-12,9.47,9.60,9.40,9.59,2992393,29284622.00
2014-02-13,9.56,9.56,9.40,9.41,3553615,34700856.00
2014-02-14,9.45,9.68,9.42,9.52,2259372,22191274.00
2014-02-17,9.53,9.92,9.51,9.81,7193339,72206400.00
2014-02-18,9.81,9.81,9.64,9.77,3640119,36495708.00
2014-02-19,9.74,10.07,9.66,9.94,5471361,56007120.00
2014-02-20,9.96,10.30,9.83,9.83,5854423,60789292.00
2014-02-21,9.87,9.93,9.50,9.61,3875509,38540480.00
2014-02-24,9.61,9.61,8.70,9.47,2993090,28788308.00
2014-02-25,9.39,9.58,8.91,8.96,3400832,32425114.00
2014-02-26,8.96,9.25,8.81,9.05,4187724,38882528.00
2014-02-27,9.04,9.35,8.92,9.19,4367406,41236432.00
2014-02-28,9.18,9.22,8.95,9.18,2132078,20045680.00
2014-03-03,9.24,9.33,9.10,9.32,3012770,28782382.00
2014-03-04,9.34,9.34,9.05,9.21,2776771,26315600.00
2014-03-05,9.29,9.32,9.07,9.07,2522734,23840292.00
2014-03-06,9.08,9.11,8.90,8.98,2367210,21981886.00
2014-03-07,9.00,9.04,8.90,8.92,1987494,18411340.00
2014-03-10,8.93,9.04,8.60,8.66,3014597,27474866.00
2014-03-11,8.53,8.75,8.53,8.64,1655056,14791169.00
2014-03-12,8.66,8.72,8.52,8.63,1660561,14811160.00
2014-03-13,8.63,8.76,8.63,8.69,1443917,13003579.00
2014-03-14,8.72,8.74,8.58,8.64,1499141,13434402.00
2014-03-17,8.69,8.87,8.69,8.86,2016890,18429408.00
2014-03-18,8.86,8.93,8.79,8.90,3085006,28298242.00
2014-03-19,8.93,8.93,8.76,8.82,1292730,11781583.00
2014-03-20,8.90,8.90,8.60,8.62,1477382,13409472.00
2014-03-21,8.66,8.97,8.66,8.91,2935780,26955976.00
2014-03-24,8.90,9.03,8.87,8.98,2881140,26698172.00
2014-03-25,8.96,9.10,8.82,9.05,4883426,45127208.00
2014-03-26,9.02,9.04,8.80,8.92,2585487,23834910.00
2014-03-27,8.92,8.92,8.69,8.73,3088692,28108624.00
2014-03-28,8.83,8.84,8.57,8.60,2671411,23912352.00
2014-03-31,8.55,8.67,8.54,8.62,1164364,10387915.00
2014-04-01,8.69,8.78,8.67,8.75,1391882,12594148.00
2014-04-02,8.75,8.79,8.71,8.77,1226157,11116725.00
2014-04-03,8.80,8.81,8.56,8.69,1475800,13304157.00
2014-04-04,8.59,8.78,8.59,8.74,1541659,13867612.00
2014-04-08,8.79,8.85,8.72,8.84,2096178,19114374.00
2014-04-09,8.89,8.89,8.80,8.85,2105370,19227140.00
2014-04-11,8.85,8.88,8.74,8.85,3130972,28563864.00
2014-04-14,8.86,8.95,8.84,8.95,2515360,23149670.00
2014-04-15,8.99,9.00,8.83,8.84,1678959,15418256.00
2014-04-16,8.84,8.92,8.80,8.86,1500373,13742772.00
2014-04-17,8.90,8.95,8.84,8.89,1639691,15050044.00
2014-04-18,8.89,8.89,8.76,8.80,1390130,12623256.00
2014-04-21,8.77,8.77,8.55,8.56,2578965,23127472.00
2014-04-22,8.56,8.65,8.50,8.60,1915640,16957580.00
2014-04-23,8.62,8.71,8.57,8.70,995071,8893745.00
2014-04-24,8.70,8.70,8.59,8.60,936236,8354070.00
2014-04-25,8.69,8.75,8.50,8.54,2119717,18925418.00
2014-04-28,8.54,8.58,8.16,8.18,2273229,19614332.00
2014-04-29,8.22,8.27,8.08,8.25,2445524,20773644.00
2014-04-30,8.25,8.49,8.18,8.42,2470737,21472794.00
2014-05-05,8.41,8.49,8.35,8.48,1629041,14247556.00
2014-05-06,8.52,8.55,8.44,8.45,1445908,12726462.00
2014-05-07,8.43,8.55,8.41,8.43,1278114,11216498.00
2014-05-08,8.39,8.57,8.39,8.45,1223289,10747303.00
2014-05-09,8.45,8.53,8.40,8.44,1283739,11249170.00
2014-05-12,8.51,8.78,8.51,8.74,2651807,23837662.00
2014-05-13,8.82,8.93,8.72,8.74,2992742,27275758.00
2014-05-14,8.74,8.88,8.70,8.82,1539099,14019682.00
2014-05-15,8.83,8.96,8.68,8.94,5693942,52309776.00
2014-05-16,8.95,9.05,8.80,8.94,5661965,52313680.00
2014-05-19,8.97,8.98,8.69,8.95,3327699,30311358.00
2014-05-20,8.96,9.00,8.70,8.73,3328228,30408550.00
2014-05-21,8.75,8.76,8.32,8.59,3357093,29718406.00
2014-05-22,8.80,9.48,8.80,9.48,13808821,133617384.00
2014-05-23,9.38,9.38,9.03,9.23,20086028,190442592.00
2014-05-26,9.14,9.22,9.04,9.14,9504521,89598832.00
2014-05-27,9.14,9.17,8.92,8.94,6931934,64713892.00
2014-05-28,8.94,9.06,8.87,9.02,4428929,41090032.00
2014-05-29,9.05,9.05,8.80,8.86,4701465,43197928.00
2014-05-30,8.86,8.99,8.82,8.90,3053901,28155006.00
2014-06-03,8.92,9.06,8.92,9.02,3836539,35734980.00
2014-06-04,9.02,9.08,8.79,8.84,3074702,28287728.00
2014-06-05,8.78,9.17,8.78,9.15,8050050,75379736.00
2014-06-06,9.18,9.18,9.02,9.08,3939766,36952748.00
2014-06-09,9.10,9.15,8.95,9.01,3296763,30846742.00
2014-06-10,9.00,9.17,9.00,9.15,4775947,44957344.00
2014-06-11,9.15,9.19,9.09,9.13,2877615,27133516.00
2014-06-12,9.13,9.14,8.95,9.06,2505498,23405854.00
2014-06-13,9.09,9.19,8.96,9.15,3873037,36565448.00
2014-06-16,9.26,9.33,9.16,9.20,2954076,28082718.00
2014-06-17,9.23,9.23,9.00,9.01,3074635,28765876.00
2014-06-18,8.96,9.08,8.96,9.00,2138108,19923354.00
2014-06-19,9.01,9.01,8.60,8.67,2482976,22671796.00
2014-06-20,8.67,8.74,8.62,8.70,2283368,20507428.00
2014-06-23,8.66,8.82,8.66,8.77,2042150,18534500.00
2014-06-24,8.78,8.83,8.70,8.77,1814887,16468055.00
2014-06-25,8.77,8.81,8.68,8.81,1299963,11749984.00
2014-06-26,8.81,8.95,8.80,8.90,3326482,30530902.00
2014-06-27,8.90,8.94,8.82,8.90,1733172,15926862.00
2014-06-30,8.95,9.03,8.90,8.95,2912777,26548380.00
2014-07-01,8.97,9.21,8.93,9.18,3924945,36217624.00
2014-07-02,9.15,9.26,9.04,9.21,2900864,27044164.00
2014-07-03,9.25,9.35,9.16,9.25,4382044,41262956.00
2014-07-04,9.34,9.40,9.24,9.29,2772240,26193588.00
2014-07-07,9.29,9.29,9.13,9.22,3073226,28741756.00
2014-07-08,9.22,9.29,9.13,9.19,1658275,15504350.00
2014-07-09,9.16,9.28,9.10,9.11,2236011,20848120.00
2014-07-10,9.11,9.25,9.07,9.15,1953062,18202154.00
2014-07-11,9.22,9.34,9.15,9.30,2677438,25260432.00
2014-07-14,9.35,9.38,9.27,9.33,2550940,24171772.00
2014-07-15,9.29,9.33,9.17,9.27,2643247,24865304.00
2014-07-16,9.28,9.43,9.23,9.37,4462367,42375052.00
2014-07-17,9.36,9.36,9.17,9.22,1945491,18274666.00
2014-07-18,9.21,9.28,9.16,9.25,1723709,16193912.00
2014-07-21,9.25,9.26,9.09,9.23,2283088,21241058.00
2014-07-22,9.19,9.41,9.13,9.34,3890612,36646392.00
2014-07-23,9.30,9.36,9.21,9.21,2392682,22560452.00
2014-07-24,9.22,9.36,9.16,9.34,3864788,36537508.00
2014-07-25,9.36,9.49,9.32,9.47,5181616,49662256.00
2014-07-28,9.49,9.60,9.40,9.59,6851827,66278048.00
2014-07-29,9.55,9.64,9.47,9.52,5225983,50748196.00
2014-07-30,9.55,9.81,9.55,9.65,8773731,86200400.00
2014-07-31,9.67,9.70,9.50,9.67,4095055,39931360.00
2014-08-01,9.61,9.70,9.51,9.52,5288665,51637972.00
2014-08-04,9.52,9.69,9.48,9.64,4668197,45532156.00
2014-08-05,9.65,9.78,9.63,9.77,7404270,73088176.00
2014-08-06,9.89,10.02,9.75,9.94,11872035,119526792.00
2014-08-07,9.86,10.37,9.79,9.95,10891632,111510240.00
2014-08-08,9.85,10.10,9.80,10.05,7095150,71690016.00
2014-08-11,10.06,10.14,10.00,10.14,4681575,47836236.00
2014-08-12,10.11,10.40,10.09,10.40,11308358,117894528.00
2014-08-13,10.53,10.58,10.15,10.16,16197520,169830016.00
2014-08-14,10.08,10.20,9.94,10.10,10070775,102818960.00
2014-08-15,10.02,10.12,9.96,10.05,5138845,52393960.00
2014-08-18,10.05,10.26,10.05,10.16,5069959,52265604.00
2014-08-19,10.21,10.21,9.97,10.04,6291641,64117340.00
2014-08-20,10.05,10.07,9.98,10.03,3951453,40222776.00
2014-08-21,10.03,10.10,9.91,10.08,3680293,37363156.00
2014-08-22,10.03,10.10,10.02,10.06,3105061,31686082.00
2014-08-25,10.05,10.26,10.05,10.21,7193429,74351168.00
2014-08-26,10.20,10.22,9.83,9.93,6465659,65644344.00
2014-08-27,9.95,10.05,9.85,9.95,3368918,34076124.00
2014-08-28,9.95,10.17,9.92,10.04,4367398,44532280.00
2014-08-29,10.04,10.15,9.97,10.15,3976796,40665004.00
2014-09-01,10.18,10.20,10.09,10.18,4781031,49297928.00
2014-09-02,10.26,10.31,10.14,10.25,7059138,73271016.00
2014-09-03,10.27,10.34,10.20,10.29,7343633,76636136.00
2014-09-04,10.30,10.40,10.25,10.38,6909808,72376056.00
2014-09-05,10.38,10.48,10.35,10.43,6662875,70407128.00
2014-09-09,10.45,10.46,10.29,10.32,6901758,72403480.00
2014-09-10,10.30,10.37,10.23,10.35,3726378,38951472.00
2014-09-11,10.35,10.46,10.25,10.39,9936750,104791920.00
2014-09-12,10.39,10.75,10.32,10.71,15137495,162686896.00
2014-09-15,10.64,10.75,10.58,10.66,6751132,72909288.00
2014-09-16,10.66,10.68,10.17,10.24,8386024,88989048.00
2014-09-17,10.25,10.43,10.13,10.36,5838953,60825504.00
2014-09-18,10.30,10.51,10.26,10.41,6439888,68001000.00
2014-09-19,10.49,10.50,10.30,10.43,6523795,68632064.00
2014-09-22,10.43,10.58,10.30,10.43,7226634,76758600.00
2014-09-23,10.36,10.67,10.36,10.56,7019047,75184864.00
2014-09-24,10.56,10.73,10.52,10.68,5966280,64350664.00
2014-09-25,10.71,11.34,10.55,11.07,15222685,168147920.00
2014-09-26,10.95,11.09,10.84,10.99,7922293,87806376.00
2014-09-29,10.98,11.35,10.96,11.25,11552537,130471048.00
2014-09-30,11.17,11.33,11.12,11.18,6133297,69573368.00
2014-10-08,11.19,11.85,11.06,11.62,14322137,167928208.00
2014-10-09,11.55,11.72,11.34,11.61,7874097,91691720.00
2014-10-10,11.55,11.86,11.42,11.77,16099075,190956480.00
2014-10-13,11.70,11.80,11.43,11.54,9845213,115300144.00
2014-10-14,11.53,11.64,11.25,11.35,8335913,96531744.00
2014-10-15,11.39,11.47,11.20,11.44,6874602,78914240.00
2014-10-16,11.34,11.83,11.17,11.25,12800582,147919248.00
2014-10-17,11.23,11.45,10.84,11.04,6474111,72663360.00
2014-10-20,11.10,11.80,11.10,11.65,15002674,175603456.00
2014-10-21,11.55,11.63,11.38,11.44,4529182,52688272.00
2014-10-22,11.44,11.48,11.20,11.23,3472700,39883096.00
2014-10-23,11.26,11.42,11.15,11.27,4029311,45930432.00
2014-10-24,11.29,11.34,10.97,11.03,4281123,48276680.00
2014-10-27,11.03,11.03,10.73,10.78,7289337,79969952.00
2014-10-28,10.86,11.18,10.86,11.12,6788086,76421264.00
2014-10-29,11.10,11.35,11.10,11.33,7307541,83350336.00
2014-10-30,11.33,11.41,11.22,11.29,6236072,71451520.00
2014-10-31,11.31,11.48,11.21,11.44,6270057,72223624.00
2014-11-03,11.44,11.69,11.37,11.69,10068732,117944800.00
2014-11-04,11.69,11.69,11.40,11.49,5502044,64145232.00
2014-11-05,11.51,11.57,11.30,11.35,4884713,56525192.00
2014-11-06,11.37,11.64,11.34,11.59,5778454,67518368.00
2014-11-07,11.59,12.03,11.49,11.70,15833361,189466096.00
2014-11-10,11.76,12.24,11.65,12.22,15629854,191046272.00
2014-11-11,12.24,12.51,11.52,11.83,17783799,216859360.00
2014-11-12,11.81,11.94,11.53,11.87,6921613,82422224.00
2014-11-13,11.80,11.85,11.35,11.48,11648234,136243200.00
2014-11-14,11.45,11.45,11.07,11.29,6520827,74530176.00
2014-11-17,11.29,11.55,11.25,11.43,4589398,53127516.00
2014-11-18,11.53,11.59,11.22,11.28,4463070,51193144.00
2014-11-19,11.28,11.43,11.21,11.29,4115454,47275820.00
2014-11-20,11.25,11.43,11.23,11.43,5018604,57666140.00
2014-11-21,11.44,11.82,11.38,11.78,8710225,102718944.00
2014-11-24,11.88,12.04,11.66,11.84,8582469,102461120.00
2014-11-25,11.84,12.01,11.54,11.87,9208400,109912320.00
2014-11-26,11.87,12.25,11.76,12.12,16234166,197541488.00
2014-11-27,12.11,12.20,11.73,11.94,10918134,132090104.00
2014-11-28,11.85,11.85,11.45,11.66,12321447,144941184.00
2014-12-01,11.66,11.71,11.49,11.56,7383289,86505160.00
2014-12-02,11.54,11.78,11.53,11.76,8765596,103719504.00
2014-12-03,11.77,12.13,11.58,12.01,20906782,251898320.00
2014-12-04,11.89,12.14,11.89,12.12,14745664,180041984.00
2014-12-05,12.13,12.20,10.90,11.45,17182589,203592496.00
2014-12-08,11.45,11.54,11.16,11.49,10358645,119772624.00
2014-12-09,11.35,11.49,11.13,11.15,14190686,162024416.00
2014-12-10,11.07,11.68,11.05,11.59,8517905,98860584.00
2014-12-11,11.57,11.75,11.45,11.74,9128534,107453360.00
2014-12-12,11.80,11.85,11.60,11.83,8297899,98629944.00
2014-12-15,11.70,11.93,11.66,11.93,8221575,98479056.00
2014-12-16,11.93,11.99,11.75,11.83,7205575,86473000.00
2014-12-17,11.87,11.90,11.53,11.62,7010084,82790968.00
2014-12-18,11.55,11.61,11.38,11.40,6127792,71205504.00
2014-12-19,11.40,11.49,11.09,11.31,5474266,62505508.00
2014-12-22,11.25,11.25,10.62,10.80,8151088,90315912.00
2014-12-23,10.76,11.03,10.72,10.83,3394053,37403476.00
2014-12-24,10.84,11.03,10.76,10.93,3897249,43191032.00
2014-12-25,10.94,11.10,10.89,11.03,3991232,44489112.00
2014-12-26,10.95,11.19,10.92,11.09,4652179,52142812.00
2014-12-29,11.09,11.09,10.85,10.87,4162158,46119688.00
2014-12-30,10.87,10.87,10.64,10.64,3966910,43056028.00
2014-12-31,10.63,10.75,10.50,10.66,2920309,31331184.00
2015-01-05,10.66,11.20,10.65,11.06,6971192,77679888.00
2015-01-06,10.96,11.18,10.92,11.13,5634294,63113896.00
2015-01-07,11.10,11.19,10.94,11.05,4044095,45176516.00
2015-01-08,11.00,11.19,11.00,11.09,5085850,57293628.00
2015-01-09,11.10,11.15,10.94,10.94,4100894,45920056.00
2015-01-12,10.90,10.94,10.57,10.75,4192212,45745520.00
2015-01-13,10.67,10.96,10.60,10.84,3249968,35772032.00
2015-01-14,10.86,10.94,10.77,10.84,1813321,19921944.00
2015-01-15,10.89,10.92,10.70,10.89,2173577,23895168.00
2015-01-16,10.92,11.21,10.84,11.16,6171627,69331264.00
2015-01-19,11.05,11.09,10.56,10.86,6310276,69796984.00
2015-01-20,10.87,11.17,10.87,11.16,4414526,49580340.00
2015-01-21,11.17,11.53,11.17,11.40,7722223,89196944.00
2015-01-22,11.40,11.48,11.32,11.44,4169671,48184548.00
2015-01-23,11.63,11.70,11.40,11.47,6136341,71613792.00
2015-01-26,11.45,11.60,11.37,11.56,4241674,49491320.00
2015-01-27,11.54,11.90,11.44,11.83,13534296,161289024.00
2015-01-28,11.84,11.89,11.61,11.62,6348505,75640112.00
2015-01-29,11.62,11.76,11.40,11.48,4570485,53593716.00
2015-01-30,11.70,12.52,11.70,12.08,21322648,262780000.00
2015-02-02,12.01,13.15,11.77,12.92,23740756,305858656.00
2015-02-03,13.26,13.26,12.72,12.86,15511008,202804048.00
2015-02-04,12.76,13.22,12.69,13.03,13669814,179400064.00
2015-02-05,13.05,13.33,12.83,13.00,9610904,126932632.00
2015-02-06,13.02,14.30,13.02,13.67,21302933,293764704.00
2015-02-09,13.70,13.82,12.85,13.50,15606925,211666432.00
2015-02-10,13.35,14.25,13.15,14.14,13076817,182780256.00
2015-02-11,14.24,14.71,13.75,13.75,14217360,205101936.00
2015-02-12,13.93,14.20,13.66,13.80,7693021,108231744.00
2015-02-13,13.81,14.05,13.75,13.91,7629093,107120960.00
2015-02-16,13.87,14.01,13.60,13.74,6469773,90018424.00
2015-02-17,13.75,13.91,13.62,13.78,6132186,85096656.00
2015-02-25,13.77,14.30,13.54,14.12,14103300,199972352.00
2015-02-26,14.08,14.08,13.84,13.97,6147116,86709480.00
2015-02-27,13.97,14.20,13.90,13.96,7601294,107743272.00
2015-03-02,14.85,15.37,14.47,14.49,23367551,350592384.00
2015-03-03,14.49,15.01,14.49,14.64,21181856,315559936.00
2015-03-04,14.54,14.61,14.20,14.32,8753709,126675864.00
2015-03-05,14.32,14.52,14.13,14.21,5409780,77881912.00
2015-03-06,14.23,14.30,13.65,13.85,7987359,112633896.00
2015-03-09,13.83,14.23,13.66,14.20,5696197,80501640.00
2015-03-10,14.21,14.44,14.06,14.09,4958394,71247744.00
2015-03-11,14.03,14.20,13.61,13.72,5790160,80972296.00
2015-03-12,13.80,13.92,13.65,13.91,5422907,75702616.00
2015-03-13,13.91,14.30,13.86,14.20,4901335,70041456.00
2015-03-16,14.21,14.49,14.11,14.35,7044352,101543920.00
2015-03-17,14.35,14.40,14.14,14.25,7843902,113099992.00
2015-03-18,14.20,14.46,14.06,14.46,12673563,182353264.00
2015-03-19,14.44,14.44,14.23,14.34,8517704,123271968.00
2015-03-20,14.35,14.44,14.25,14.41,9089841,131771600.00
2015-03-23,14.43,14.73,14.37,14.71,11010489,162198736.00
2015-03-24,14.66,15.24,14.60,15.24,15182458,229730128.00
2015-03-25,15.26,15.32,14.79,14.92,9707013,147190912.00
2015-03-26,14.82,14.83,14.34,14.46,10788284,158660240.00
2015-03-27,14.49,14.80,14.32,14.44,9163651,134150864.00
2015-03-30,14.44,14.55,14.35,14.54,13401768,195481872.00
2015-03-31,14.55,14.56,14.35,14.48,9267215,135215280.00
2015-04-01,14.52,14.81,14.34,14.75,13597329,200460384.00
2015-04-02,14.83,14.98,14.68,14.96,13208853,197975696.00
2015-04-03,14.97,15.08,14.76,14.97,13007247,195754384.00
2015-04-07,14.98,15.74,14.98,15.74,18030897,280142144.00
2015-04-08,15.72,15.75,14.94,15.05,17543890,271024608.00
2015-04-09,15.05,15.13,14.25,14.64,12451679,183689392.00
2015-04-10,14.55,14.81,14.42,14.79,7919898,117554544.00
2015-04-13,14.75,15.92,14.66,15.63,18773557,291227456.00
2015-04-14,15.36,15.65,15.15,15.53,14611046,227596800.00
2015-04-15,15.48,15.48,14.59,14.71,11333172,171864896.00
2015-04-16,14.60,15.00,14.40,14.82,9840365,146660912.00
2015-04-17,14.95,15.50,14.88,15.28,15739734,241801600.00
2015-04-20,15.24,16.37,15.11,15.75,36833657,590158016.00
2015-04-21,15.90,16.11,15.39,16.09,21837700,350847520.00
2015-04-22,16.08,17.29,16.04,16.75,24833100,416870560.00
2015-04-23,16.55,16.99,16.16,16.75,17356353,289242272.00
2015-04-24,16.25,16.60,15.95,16.23,16432695,269751520.00
2015-04-27,16.54,16.69,15.99,16.33,15098153,248370272.00
2015-04-28,16.35,16.40,15.36,15.60,14373661,228790288.00
2015-04-29,15.55,15.91,15.28,15.82,13670130,214931408.00
2015-04-30,15.85,15.98,15.58,15.60,11325347,180291088.00
2015-05-04,15.62,16.55,15.59,16.35,19873974,323456512.00
2015-05-05,16.70,17.59,16.61,16.75,49011473,838266880.00
2015-05-06,16.85,17.06,15.70,15.93,25161043,412906080.00
2015-05-07,15.76,15.77,14.75,14.95,18586117,284445216.00
2015-05-08,15.03,15.39,14.97,15.33,14565011,223183904.00
2015-05-11,15.41,15.76,15.20,15.75,17036948,267020896.00
2015-05-12,15.75,16.45,15.67,16.23,22377642,362415136.00
2015-05-13,16.21,16.46,15.96,16.07,19913069,325267712.00
2015-05-14,16.07,16.47,15.89,16.43,23311800,381327552.00
2015-05-15,16.29,16.63,15.73,15.73,22492966,367417024.00
2015-05-18,15.55,15.93,15.25,15.80,11847320,187202720.00
2015-05-19,15.73,16.33,15.66,16.29,18399181,298860992.00
2015-05-20,16.30,17.02,16.15,16.45,30019647,500852288.00
2015-05-21,16.51,17.01,16.27,16.96,25539769,429076032.00
2015-05-22,17.09,17.68,16.65,17.62,38371487,664569088.00
2015-05-25,17.45,18.31,17.26,17.86,36444825,658770688.00
2015-05-26,17.87,18.15,17.46,18.08,26289912,475832416.00
2015-05-27,18.03,18.05,17.48,17.92,25487042,455578624.00
2015-05-28,17.81,18.41,16.50,16.70,26552958,475635104.00
2015-05-29,16.75,17.08,16.13,16.73,20514459,346671872.00
2015-06-01,16.84,17.94,16.84,17.90,23249820,407007264.00
2015-06-02,17.99,19.71,17.78,19.39,39830437,747059264.00
2015-06-03,19.55,19.66,18.49,19.05,30101209,576306752.00
2015-06-04,18.94,19.04,17.35,18.83,23958379,444154240.00
2015-06-05,18.96,19.70,18.46,19.10,28219201,546297344.00
2015-06-08,19.22,20.80,18.89,20.57,35907856,711293568.00
2015-06-09,20.55,20.94,19.70,20.44,31456659,644859008.00
2015-06-10,20.17,20.74,19.73,20.12,20557109,418811168.00
2015-06-11,20.05,20.35,19.80,20.24,20881975,422017760.00
2015-06-12,20.27,20.44,20.05,20.13,23916874,488132192.00
2015-06-15,20.13,20.24,19.17,19.20,23305737,462430496.00
2015-06-16,18.86,19.00,17.73,18.18,20666877,383031328.00
2015-06-17,18.13,18.85,17.76,18.82,17580156,324270656.00
2015-06-18,18.75,18.75,17.68,17.68,14983432,276708864.00
2015-06-19,17.53,17.62,16.35,16.76,16705965,286132224.00
2015-06-23,16.85,17.55,16.35,17.50,18575474,319188448.00
2015-06-24,17.65,17.99,17.33,17.93,18682959,332928288.00
2015-06-25,17.85,17.88,16.65,16.75,16198492,284279232.00
2015-06-26,16.27,16.43,15.06,15.06,21716669,342470080.00
2015-06-29,15.40,15.65,13.54,13.93,21305141,314173888.00
2015-06-30,13.93,15.34,13.90,15.34,21290209,315602560.00
2015-07-01,15.38,16.52,15.17,15.70,29587250,478682848.00
2015-07-02,15.99,16.46,14.86,15.35,25338777,397493312.00
2015-07-03,14.70,16.25,14.14,15.40,24214150,371803840.00
2015-07-06,16.93,16.93,14.29,16.01,32240720,507308928.00
2015-07-07,15.35,16.01,14.41,14.41,15040118,224008848.00
2015-07-08,12.97,14.93,12.97,14.18,55349418,753545984.00
2015-07-09,14.18,15.60,14.18,15.60,19028804,289213984.00
2015-07-10,16.20,17.16,15.75,17.16,33722415,572991680.00
2015-07-13,16.90,18.58,16.71,17.98,46394476,819440128.00
2015-07-14,17.49,17.86,16.18,16.68,29606881,505858912.00
2015-07-15,16.42,16.45,15.01,15.01,21722431,342011872.00
2015-07-16,15.01,16.05,14.50,15.50,15500222,239212352.00
2015-07-17,15.80,16.65,15.55,16.19,16462707,264734768.00
2015-07-20,16.26,16.58,15.80,16.00,15185180,245417024.00
2015-07-21,15.87,16.59,15.77,16.48,14808144,241385200.00
2015-07-22,16.50,16.97,16.15,16.70,17672143,292640672.00
2015-07-23,16.57,17.38,16.44,17.37,22888533,390401216.00
2015-07-24,17.21,17.37,16.49,16.58,23473961,399107648.00
2015-07-27,16.00,16.42,14.92,14.92,18936936,299707488.00
2015-07-28,14.62,15.75,13.51,15.26,19518042,288034240.00
2015-07-29,15.25,15.80,14.64,15.78,13582626,206168176.00
2015-07-30,15.52,15.82,14.98,15.05,11637463,180279264.00
2015-07-31,14.81,15.39,14.81,15.26,6865595,103706360.00
2015-08-03,15.10,15.99,14.91,15.98,16166909,251047696.00
2015-08-04,15.92,16.56,15.92,16.43,11984724,194556160.00
2015-08-05,16.49,16.74,16.11,16.22,10610503,174382784.00
2015-08-06,16.01,16.33,15.84,16.00,5405430,86875056.00
2015-08-07,16.18,16.40,16.09,16.33,7389129,120258496.00
2015-08-10,16.45,17.09,16.45,16.97,13943954,234223536.00
2015-08-11,16.98,17.14,16.76,16.82,12355814,208689456.00
2015-08-12,16.75,16.95,16.30,16.38,8865203,147326320.00
2015-08-13,16.38,16.73,16.16,16.68,6135271,101232936.00
2015-08-14,16.78,16.96,16.44,16.50,10968883,183973200.00
2015-08-17,16.40,17.89,16.32,17.75,19891984,341867200.00
2015-08-18,17.58,17.70,15.98,15.98,18594793,315426112.00
2015-08-19,15.64,16.66,15.18,16.38,10059185,160619696.00
2015-08-20,16.22,16.34,15.60,15.60,6365249,101973288.00
2015-08-21,15.40,15.78,14.10,14.24,9816298,147576576.00
2015-08-24,13.56,13.66,12.82,12.82,14788133,191049072.00
2015-08-25,12.22,12.25,11.54,11.54,17032110,199901136.00
2015-08-26,11.85,12.29,11.18,11.50,9280108,109461224.00
2015-08-27,11.78,12.60,11.47,12.19,7654835,91356352.00
2015-08-28,12.40,13.06,12.16,12.96,12690401,159038864.00
2015-08-31,12.97,12.99,12.35,12.44,7387785,93600488.00
2015-09-01,12.50,12.50,11.28,11.39,6575231,77674184.00
2015-09-02,11.00,12.08,10.76,12.08,11496508,131572608.00
2015-09-07,12.04,12.55,11.83,11.90,6415795,78203304.00
2015-09-08,11.88,12.45,11.74,12.35,5977215,72361568.00
2015-09-09,12.40,12.77,12.30,12.62,7184580,90506408.00
2015-09-10,12.50,12.58,12.27,12.27,4135285,51272692.00
2015-09-11,12.27,12.45,12.04,12.35,2871123,35296336.00
2015-09-14,12.40,12.50,11.20,11.25,4895603,57668020.00
2015-09-15,11.23,11.40,10.62,10.88,5805282,64112188.00
2015-09-16,10.91,11.95,10.89,11.71,6469477,73056480.00
2015-09-17,11.63,11.90,11.21,11.23,5677262,65917660.00
2015-09-22,11.82,11.82,11.82,11.82,0,0.00
数据来源:通达信
