002371 七星电子 日线 前复权
      日期	    开盘	    最高	    最低	    收盘	    成交量	    成交额
2010-03-16,12.19,12.87,12.02,12.41,11073746,656181824.00
2010-03-17,12.19,12.70,12.02,12.51,6141142,362587264.00
2010-03-18,12.55,12.62,12.11,12.35,4249323,249301392.00
2010-03-19,12.19,12.29,11.63,11.69,4117693,232224608.00
2010-03-22,11.59,11.96,11.59,11.84,2086870,117126232.00
2010-03-23,11.83,11.83,11.58,11.69,1572838,87621080.00
2010-03-24,11.70,12.88,11.70,12.88,3616067,214330096.00
2010-03-25,13.26,13.65,13.09,13.13,5627423,357084704.00
2010-03-26,13.20,13.88,13.10,13.47,3755596,239525856.00
2010-03-29,13.59,13.81,13.06,13.67,2576796,164600544.00
2010-03-30,13.48,14.29,13.41,14.01,2473972,163902720.00
2010-03-31,13.86,14.28,13.81,13.90,2057656,137116992.00
2010-04-01,13.91,14.91,13.84,13.96,2586952,176288272.00
2010-04-02,13.80,14.16,13.60,13.87,2095565,138061584.00
2010-04-06,13.91,14.74,13.69,14.65,2050340,138471296.00
2010-04-07,14.65,14.97,14.37,14.76,2234843,155584624.00
2010-04-08,14.58,14.72,13.86,13.87,2295345,156051520.00
2010-04-09,14.01,14.19,13.69,14.12,1718300,114132824.00
2010-04-12,14.12,14.36,13.91,14.17,1727645,115683760.00
2010-04-13,14.18,14.20,12.74,13.33,2876875,182706656.00
2010-04-14,13.05,13.43,12.95,13.33,1315579,82588352.00
2010-04-15,13.22,13.37,12.29,12.56,1386954,84490280.00
2010-04-16,12.59,12.91,12.41,12.64,1150559,69342456.00
2010-04-19,12.64,12.94,12.50,12.59,983645,59670900.00
2010-04-20,12.58,12.73,12.09,12.45,1008018,59224360.00
2010-04-21,12.47,13.39,12.37,13.31,1463628,90615192.00
2010-04-22,13.24,13.81,13.24,13.50,1460378,93712016.00
2010-04-23,13.26,13.78,13.26,13.26,971416,62267652.00
2010-04-26,13.26,13.82,13.25,13.58,1064557,68801272.00
2010-04-27,13.50,13.50,12.62,12.98,1319778,81293656.00
2010-04-28,12.71,12.98,12.55,12.80,829713,50448344.00
2010-04-29,12.89,12.96,12.21,12.24,664651,39948192.00
2010-04-30,12.17,12.47,11.77,12.47,593570,34124792.00
2010-05-04,12.19,12.73,11.84,12.61,358807,21406612.00
2010-05-05,12.54,12.93,12.49,12.90,515105,31287136.00
2010-05-06,12.88,12.92,12.62,12.63,552668,33514226.00
2010-05-07,12.22,12.78,12.22,12.68,502769,30073486.00
2010-05-10,12.96,12.96,11.60,11.89,692814,39599280.00
2010-05-11,12.02,12.19,11.09,11.13,587590,32615202.00
2010-05-12,10.82,10.92,10.01,10.26,863173,42933508.00
2010-05-13,10.25,10.44,9.75,10.44,635360,30805972.00
2010-05-14,10.37,10.57,10.06,10.40,693141,34195828.00
2010-05-17,10.06,10.28,9.84,9.93,477221,22951154.00
2010-05-18,9.63,10.11,9.62,10.04,545429,25593960.00
2010-05-20,10.04,10.45,9.89,10.06,775915,37842852.00
2010-05-21,9.63,10.48,9.57,10.44,882396,42460748.00
2010-05-24,10.48,11.12,10.48,11.10,1002320,51756416.00
2010-05-25,10.93,11.28,10.81,11.04,793804,41816816.00
2010-05-26,11.04,11.23,10.70,10.92,424691,22093152.00
2010-05-27,10.91,11.25,10.70,11.15,630175,33048262.00
2010-05-28,11.27,11.48,11.13,11.17,536395,28799536.00
2010-05-31,11.16,11.16,10.44,10.44,508751,26270450.00
2010-06-01,10.31,10.48,9.93,10.19,510188,24766958.00
2010-06-02,10.08,10.46,10.03,10.46,299400,14647035.00
2010-06-03,10.49,10.82,10.46,10.55,475197,24105804.00
2010-06-04,10.39,10.71,10.34,10.70,231944,11678562.00
2010-06-07,10.48,11.07,10.34,10.98,592473,30587618.00
2010-06-08,10.98,11.38,10.87,11.30,752002,39991580.00
2010-06-09,11.34,11.47,11.19,11.30,646441,34867316.00
2010-06-10,11.25,11.52,11.22,11.40,435805,23698684.00
2010-06-11,11.45,11.71,11.41,11.64,543345,29958196.00
2010-06-17,11.39,11.66,11.09,11.18,1860505,100910880.00
2010-06-18,11.09,11.20,10.04,10.30,1571250,79175320.00
2010-06-21,10.17,10.62,9.99,10.53,733206,36087464.00
2010-06-22,10.53,10.80,10.48,10.62,620780,31398186.00
2010-06-23,10.51,10.76,10.38,10.63,634806,31988868.00
2010-06-24,10.68,10.83,10.54,10.69,420347,21431284.00
2010-06-25,10.69,10.76,10.39,10.67,514193,25914280.00
2010-06-28,10.66,10.70,10.37,10.43,372629,18669522.00
2010-06-29,10.49,10.54,9.68,9.68,595005,28423314.00
2010-06-30,9.63,9.75,9.22,9.75,792014,35645144.00
2010-07-01,9.60,9.75,9.38,9.42,417362,19043764.00
2010-07-02,9.42,9.54,9.05,9.50,589348,26448896.00
2010-07-05,9.40,9.44,9.13,9.41,382953,16994828.00
2010-07-06,9.23,9.75,9.23,9.69,486144,22344554.00
2010-07-07,9.73,9.79,9.59,9.77,376818,17470970.00
2010-07-08,9.87,10.40,9.86,10.06,975208,47202196.00
2010-07-09,10.10,10.87,10.02,10.82,1172936,59143388.00
2010-07-12,10.67,10.87,10.63,10.71,792785,40572520.00
2010-07-13,10.70,10.70,10.40,10.66,678397,34086960.00
2010-07-14,10.70,10.85,10.44,10.48,598497,30331426.00
2010-07-15,10.40,10.61,10.21,10.36,364445,18137484.00
2010-07-16,10.25,10.81,10.24,10.76,469786,23455364.00
2010-07-19,10.55,10.91,10.54,10.85,786514,40366684.00
2010-07-20,10.86,11.01,10.75,10.92,858174,44495700.00
2010-07-21,10.98,11.16,10.81,10.83,727182,37947048.00
2010-07-22,10.81,10.91,10.66,10.91,608250,31309716.00
2010-07-23,10.91,11.06,10.70,10.85,551939,28552250.00
2010-07-26,10.83,11.40,10.83,11.31,821513,43823612.00
2010-07-27,11.27,11.27,11.13,11.19,419171,22343862.00
2010-07-28,11.27,11.33,11.13,11.30,452395,24287404.00
2010-07-29,11.34,11.53,11.30,11.40,545101,29581094.00
2010-07-30,11.34,11.44,11.14,11.32,494395,26630192.00
2010-08-02,11.38,11.39,11.18,11.36,438481,23618492.00
2010-08-03,11.30,11.63,11.19,11.21,611543,33309206.00
2010-08-04,11.25,11.25,10.92,11.16,637536,33556312.00
2010-08-05,11.03,11.37,11.03,11.28,495999,26633616.00
2010-08-06,11.25,11.78,11.20,11.77,999681,55181964.00
2010-08-09,11.78,12.26,11.73,12.15,829779,47728000.00
2010-08-10,12.09,12.23,11.74,12.03,908328,51950216.00
2010-08-11,11.98,12.69,11.81,12.62,1436156,83106528.00
2010-08-12,12.49,12.88,12.34,12.62,953454,57291256.00
2010-08-13,12.50,12.95,12.42,12.92,770530,46637456.00
2010-08-16,12.92,14.03,12.89,13.72,1283080,82686888.00
2010-08-17,13.72,14.01,13.60,13.82,933392,61235152.00
2010-08-18,13.82,13.82,13.43,13.67,597761,38700404.00
2010-08-19,13.62,13.82,13.45,13.51,584100,37650360.00
2010-08-20,13.48,13.67,13.20,13.26,623837,39588708.00
2010-08-23,13.22,13.72,13.22,13.60,585864,37718640.00
2010-08-24,13.57,13.81,13.41,13.65,373050,24191216.00
2010-08-25,13.52,13.90,13.20,13.26,445376,28703116.00
2010-08-26,13.47,13.71,13.20,13.57,475238,30451894.00
2010-08-27,13.54,13.66,13.29,13.45,688314,43903900.00
2010-08-30,13.46,14.15,13.46,14.05,933383,61749880.00
2010-08-31,13.90,14.47,13.90,14.39,770494,51875528.00
2010-09-01,14.29,14.50,13.55,14.01,1103798,72748400.00
2010-09-02,14.01,14.19,13.72,13.86,657037,43477584.00
2010-09-03,13.90,14.11,13.78,13.95,541985,35860044.00
2010-09-06,13.90,14.07,13.47,13.69,707217,45789408.00
2010-09-07,13.48,13.74,13.48,13.70,333240,21534992.00
2010-09-08,13.66,13.77,13.55,13.67,363580,23644210.00
2010-09-09,13.66,13.94,13.56,13.80,670064,43795844.00
2010-09-10,13.81,15.00,13.75,14.86,1501653,103063448.00
2010-09-13,14.95,16.37,14.86,16.37,2996695,227660832.00
2010-09-14,16.79,17.26,16.47,16.81,1891144,151959584.00
2010-09-15,16.75,17.11,16.47,16.66,970194,76968520.00
2010-09-16,16.81,16.98,15.51,15.93,1211358,91961432.00
2010-09-17,15.95,16.57,15.66,16.31,948352,73176648.00
2010-09-20,16.31,16.31,15.61,15.61,603405,45291864.00
2010-09-21,15.53,15.95,15.53,15.72,468231,34824968.00
2010-09-28,16.20,16.47,15.84,15.92,658239,50354892.00
2010-09-29,15.94,15.98,15.25,15.34,628096,46318328.00
2010-09-30,15.31,15.51,15.18,15.23,672400,48924504.00
2010-10-08,15.43,16.77,15.31,16.58,885095,68010232.00
2010-10-11,16.58,16.68,15.95,16.04,610692,46792268.00
2010-10-12,16.04,16.14,15.83,15.84,436933,33092732.00
2010-10-13,15.78,16.09,15.45,15.93,448323,33481176.00
2010-10-14,16.01,16.05,15.55,15.55,363184,27087074.00
2010-10-15,15.40,15.83,14.52,14.85,774999,55411104.00
2010-10-18,14.63,14.75,13.92,14.33,729770,49284508.00
2010-10-19,14.54,15.25,14.35,15.18,328382,23238836.00
2010-10-20,14.95,15.46,14.95,15.17,356009,25701992.00
2010-10-21,15.08,15.72,15.08,15.49,302339,22093540.00
2010-10-22,15.46,15.74,15.44,15.48,207871,15326025.00
2010-10-25,15.54,16.20,15.54,16.20,592710,45243464.00
2010-10-26,16.21,16.84,15.94,16.79,733246,57180136.00
2010-10-27,16.68,17.20,16.66,16.79,580834,46307388.00
2010-10-28,16.75,17.17,16.75,17.17,368317,29410758.00
2010-10-29,17.11,17.53,16.92,16.94,462754,37448972.00
2010-11-01,16.98,17.79,16.94,17.36,369850,30493794.00
2010-11-02,17.32,17.54,16.70,17.11,522488,42407388.00
2010-11-03,17.07,17.19,16.61,16.97,329339,26450654.00
2010-11-04,16.89,18.28,16.89,18.18,555028,46464596.00
2010-11-05,18.31,18.59,18.01,18.28,288247,24928936.00
2010-11-08,18.53,20.10,18.29,19.50,693915,63064992.00
2010-11-09,19.63,20.12,19.33,19.75,550819,51341352.00
2010-11-10,19.78,20.31,19.48,20.31,384338,36467588.00
2010-11-11,20.10,20.53,19.63,19.68,570890,54281468.00
2010-11-12,19.29,19.97,18.39,19.03,1030634,92755376.00
2010-11-15,19.04,19.46,18.61,19.45,523463,47410492.00
2010-11-16,19.42,19.67,18.28,18.82,636907,57458380.00
2010-11-17,18.39,18.82,17.75,17.96,388795,33804204.00
2010-11-18,17.97,18.37,17.96,18.18,352333,30289492.00
2010-11-19,18.24,19.47,18.18,19.47,565002,50824012.00
2010-11-22,19.46,20.92,19.25,20.10,746815,71189136.00
2010-11-23,20.10,20.53,19.89,20.35,500969,47942272.00
2010-11-24,20.35,21.44,20.31,21.34,540400,53633068.00
2010-11-25,21.17,21.66,20.69,21.55,527716,52881572.00
2010-11-26,21.29,21.81,20.97,21.08,356238,35847496.00
2010-11-29,21.14,21.52,21.08,21.40,302231,30384522.00
2010-11-30,21.40,21.55,20.21,21.27,444200,43572160.00
2010-12-01,21.06,21.17,20.63,21.14,302815,29835694.00
2010-12-02,21.31,21.31,20.68,20.71,272083,26890478.00
2010-12-03,20.53,20.81,20.12,20.52,185544,17935418.00
2010-12-06,20.53,20.77,20.25,20.51,199028,19266148.00
2010-12-07,20.31,22.45,20.10,22.22,540582,55344500.00
2010-12-08,22.34,23.42,21.87,22.90,573978,62090284.00
2010-12-09,22.69,22.87,21.81,22.06,279324,29323374.00
2010-12-10,21.96,23.33,21.81,23.30,510294,55176476.00
2010-12-13,23.61,23.73,22.90,23.49,505275,55423840.00
2010-12-14,23.48,23.63,22.98,23.63,358040,39207228.00
2010-12-15,23.51,23.51,22.88,23.09,282396,30751488.00
2010-12-16,23.09,23.33,22.78,22.84,231714,25226908.00
2010-12-17,22.79,23.11,22.66,22.90,191632,20777386.00
2010-12-20,22.88,23.07,21.41,22.24,450656,47631304.00
2010-12-21,22.36,23.63,22.32,23.41,520504,57036956.00
2010-12-22,23.03,23.40,22.58,22.58,280716,30327374.00
2010-12-23,22.48,22.90,21.92,22.85,362515,38347144.00
2010-12-24,22.50,22.62,21.53,22.24,297482,30926968.00
2010-12-27,22.45,22.45,21.39,21.81,252933,26161492.00
2010-12-28,21.60,21.60,20.00,20.52,404946,39459372.00
2010-12-29,20.32,20.94,20.10,20.82,287826,28135220.00
2010-12-30,20.82,22.31,20.31,22.31,1061677,108865200.00
2010-12-31,22.24,23.52,22.04,23.05,528751,57723044.00
2011-01-04,23.07,23.52,22.58,23.09,514214,55672392.00
2011-01-05,22.90,23.03,22.24,22.55,300692,32153648.00
2011-01-06,22.43,22.55,21.78,22.13,219930,22956818.00
2011-01-07,21.97,22.34,21.60,21.79,180395,18702196.00
2011-01-10,21.79,22.21,20.96,21.03,211153,21519974.00
2011-01-11,21.03,21.23,20.66,20.94,251677,24823714.00
2011-01-12,21.12,21.72,20.94,21.47,185531,18724196.00
2011-01-13,21.88,22.02,20.98,21.13,250075,25393884.00
2011-01-14,21.13,21.13,19.91,19.93,345333,33197944.00
2011-01-17,19.89,19.89,17.92,17.92,877053,76542240.00
2011-01-18,17.75,17.75,16.95,17.57,703391,57802772.00
2011-01-19,17.57,18.06,17.32,18.01,368205,30760190.00
2011-01-20,18.18,18.18,16.47,16.49,479221,39020556.00
2011-01-21,16.48,17.34,16.47,16.85,441911,35242512.00
2011-01-24,16.90,17.71,16.80,16.94,388560,31601028.00
2011-01-25,16.94,16.94,15.92,16.61,371165,28470262.00
2011-01-26,16.89,17.15,16.58,17.07,310981,24939220.00
2011-01-27,17.02,17.32,16.55,17.17,216155,17482936.00
2011-01-28,17.32,17.72,17.11,17.62,192115,15831319.00
2011-01-31,17.73,17.96,17.49,17.64,271793,22798248.00
2011-02-01,17.71,18.49,17.60,18.18,266453,22933348.00
2011-02-09,18.13,18.50,17.89,18.18,167434,14464380.00
2011-02-10,18.16,18.78,18.16,18.78,299579,26234386.00
2011-02-14,19.05,19.54,18.78,19.13,362924,32937748.00
2011-02-15,19.06,19.25,19.03,19.03,215850,19532374.00
2011-02-16,19.04,20.26,19.04,20.06,343905,32233692.00
2011-02-17,20.42,20.42,19.89,20.21,299049,28507348.00
2011-02-18,20.10,21.27,20.10,20.91,439870,43358180.00
2011-02-21,20.91,21.72,20.91,21.01,498376,50080448.00
2011-02-22,20.95,21.37,20.48,21.02,452809,44474800.00
2011-02-23,21.17,23.09,20.81,22.98,692064,72816848.00
2011-02-24,22.30,22.88,21.17,22.13,696657,71774408.00
2011-02-25,19.89,20.91,19.89,19.95,2226390,210775280.00
2011-02-28,19.88,19.88,18.92,19.73,909866,83162464.00
2011-03-01,19.55,20.31,19.20,19.79,601259,56571100.00
2011-03-02,19.78,19.93,19.46,19.67,344468,32082894.00
2011-03-03,19.79,19.88,18.82,18.82,391549,35697360.00
2011-03-04,18.84,19.39,18.79,19.32,226055,20334410.00
2011-03-07,19.45,19.45,18.84,19.03,332723,29882624.00
2011-03-08,19.03,19.15,18.31,18.39,528533,46471296.00
2011-03-09,18.35,18.60,18.35,18.51,312590,27343502.00
2011-03-10,18.51,18.92,18.40,18.80,348009,30985214.00
2011-03-11,18.82,19.67,18.82,19.35,691388,63360356.00
2011-03-14,19.46,19.57,18.96,19.12,304094,27505916.00
2011-03-15,19.11,19.12,18.02,19.03,375776,32995456.00
2011-03-16,19.03,19.48,18.69,19.21,189602,17224052.00
2011-03-17,19.22,19.34,18.68,18.69,235056,21064946.00
2011-03-18,18.71,19.01,18.39,18.48,182498,15972322.00
2011-03-21,18.30,18.48,18.29,18.34,146883,12749405.00
2011-03-22,18.28,18.52,18.22,18.38,101059,8761694.00
2011-03-23,18.38,18.72,18.28,18.60,104070,9109859.00
2011-03-24,18.76,19.76,18.76,19.76,651784,60093520.00
2011-03-25,19.77,20.22,19.67,20.11,968228,91394568.00
2011-03-28,20.06,20.16,19.35,19.39,470227,43920792.00
2011-03-29,19.36,19.54,19.25,19.25,299250,27388862.00
2011-03-30,19.10,19.39,18.79,18.79,140112,12570455.00
2011-03-31,18.80,19.18,18.00,18.01,239585,20770680.00
2011-04-01,18.05,18.29,17.96,18.14,148351,12714674.00
2011-04-06,18.14,18.18,17.86,17.96,179699,15263924.00
2011-04-07,17.96,18.28,17.87,17.97,118005,10040906.00
2011-04-08,18.17,18.45,17.97,18.36,123000,10634173.00
2011-04-11,18.30,18.53,17.11,17.81,611980,51594288.00
2011-04-12,17.54,17.96,17.54,17.92,212604,17912550.00
2011-04-13,17.75,18.02,17.64,17.97,76200,6460292.00
2011-04-14,17.97,17.97,17.75,17.90,78538,6620804.00
2011-04-15,17.73,18.06,17.34,18.04,80915,6848263.00
2011-04-18,18.04,18.09,17.72,17.77,139104,11762126.00
2011-04-19,17.77,17.77,17.49,17.64,176398,14676010.00
2011-04-20,17.85,18.07,17.48,17.76,119085,10068522.00
2011-04-21,17.96,18.05,17.78,17.97,73433,6233783.50
2011-04-22,17.81,17.95,17.79,17.89,222379,18808320.00
2011-04-25,17.88,17.88,17.56,17.56,97689,8156414.00
2011-04-26,17.49,17.75,17.32,17.50,386122,31926576.00
2011-04-27,17.50,17.56,17.36,17.42,70303,5798008.50
2011-04-28,17.47,17.47,16.48,16.84,344979,27577434.00
2011-04-29,16.26,16.88,16.26,16.85,61496,4867446.50
2011-05-03,17.20,17.63,16.89,17.34,236569,19281946.00
2011-05-04,17.23,17.49,16.91,17.15,83928,6845924.00
2011-05-05,17.01,17.36,16.89,17.24,147551,11943824.00
2011-05-06,17.24,17.30,16.93,17.11,193182,15628320.00
2011-05-09,17.15,17.22,16.89,17.00,132404,10661263.00
2011-05-10,16.89,16.96,16.60,16.89,109006,8646774.00
2011-05-11,16.68,16.88,16.67,16.75,64000,5082432.50
2011-05-12,16.96,18.44,16.94,17.11,1741354,143538432.00
2011-05-13,16.89,17.11,16.15,16.47,580300,45558876.00
2011-05-16,16.47,16.72,15.94,16.13,330474,25286950.00
2011-05-17,15.80,16.04,15.57,15.79,284724,21275088.00
2011-05-18,15.78,15.78,15.31,15.48,295507,21697476.00
2011-05-19,15.58,15.58,15.36,15.46,104487,7649756.00
2011-05-20,15.44,15.51,15.16,15.27,124990,9063918.00
2011-05-23,15.19,15.19,14.65,14.67,245947,17221238.00
2011-05-24,14.75,14.75,14.14,14.52,211760,14462096.00
2011-05-25,14.53,14.65,14.29,14.48,168776,11633426.00
2011-05-26,14.56,14.69,14.22,14.22,113923,7838476.00
2011-05-27,14.30,14.30,13.70,13.74,223988,14761268.00
2011-05-30,13.62,14.07,13.50,13.70,116711,7681273.00
2011-05-31,13.71,14.07,13.70,13.90,222109,14709365.00
2011-06-01,13.94,14.03,13.88,14.00,114648,7591383.00
2011-06-02,13.90,13.90,13.43,13.56,129890,8364762.00
2011-06-03,13.90,13.99,13.58,13.84,107082,7025287.00
2011-06-07,13.82,13.95,13.71,13.93,62962,4141215.25
2011-06-08,13.95,14.22,13.89,14.16,362282,24127832.00
2011-06-09,14.08,14.54,14.08,14.12,350828,23832316.00
2011-06-10,14.33,14.33,13.67,13.72,134171,8818647.00
2011-06-13,13.60,13.85,13.48,13.71,73256,4741031.00
2011-06-14,13.54,13.81,13.54,13.81,100989,6589868.00
2011-06-15,13.67,13.81,13.67,13.69,75200,4900966.50
2011-06-16,13.66,13.80,13.66,13.66,84001,5468088.50
2011-06-20,13.65,13.65,12.91,12.92,150700,9391565.00
2011-06-21,12.83,13.15,12.83,13.08,80649,4998021.00
2011-06-22,13.18,13.18,12.94,13.07,96460,5990894.00
2011-06-23,12.84,13.41,12.84,13.35,141016,8868750.00
2011-06-24,13.37,13.99,13.18,13.84,196816,12908221.00
2011-06-27,13.80,14.26,13.69,13.96,256265,17115126.00
2011-06-28,13.91,14.21,13.76,14.17,133331,8921306.00
2011-06-29,14.18,14.32,14.03,14.08,120900,8143452.50
2011-06-30,14.16,14.60,14.08,14.55,213054,14551803.00
2011-07-01,14.55,15.10,14.32,14.78,253107,13659583.00
2011-07-04,14.93,15.53,14.76,15.52,399218,22149400.00
2011-07-05,15.65,16.32,15.52,15.92,421780,24490746.00
2011-07-06,16.02,16.30,15.68,16.23,420113,24602172.00
2011-07-07,16.21,16.55,15.94,16.20,335502,19978806.00
2011-07-08,16.22,16.63,16.22,16.37,269964,16134816.00
2011-07-11,16.08,16.35,15.79,16.24,309066,18119992.00
2011-07-12,16.18,16.18,15.79,15.88,241725,13992734.00
2011-07-13,15.68,16.26,15.66,16.26,352809,20555454.00
2011-07-14,16.08,16.57,16.07,16.56,348843,20808212.00
2011-07-15,16.49,17.12,16.49,16.91,287989,17737590.00
2011-07-18,17.13,17.35,16.57,16.74,214370,13187498.00
2011-07-19,16.75,17.00,16.39,16.49,226915,13703791.00
2011-07-20,16.50,16.85,16.50,16.78,193125,11755003.00
2011-07-21,16.49,17.02,16.49,16.57,214332,12921280.00
2011-07-22,16.57,16.84,16.46,16.82,219224,13312599.00
2011-07-25,16.84,17.21,15.92,16.10,395748,23618776.00
2011-07-26,16.06,16.35,15.42,15.49,397936,22716842.00
2011-07-27,15.39,15.86,15.23,15.76,190499,10813397.00
2011-07-28,15.82,16.02,15.41,15.95,221936,12843445.00
2011-07-29,15.76,16.05,15.38,15.46,333316,19077920.00
2011-08-01,15.45,15.73,15.32,15.55,148615,8407793.00
2011-08-02,15.60,15.67,15.19,15.41,151274,8444828.00
2011-08-03,15.25,15.84,15.25,15.70,154068,8775402.00
2011-08-04,15.82,15.96,15.66,15.79,219622,12608430.00
2011-08-05,15.26,15.71,15.24,15.57,162212,9198786.00
2011-08-08,15.38,15.43,14.36,14.82,359293,19495444.00
2011-08-09,14.49,15.35,14.04,15.10,350100,18856212.00
2011-08-10,15.27,15.73,15.27,15.45,323330,18295486.00
2011-08-11,15.46,15.99,15.26,15.93,389249,22248222.00
2011-08-12,16.24,16.73,16.24,16.50,540416,32450442.00
2011-08-15,16.64,17.88,16.27,17.46,949815,59262456.00
2011-08-16,17.60,17.88,17.33,17.63,853215,54775468.00
2011-08-17,17.60,17.74,17.44,17.63,328018,21042016.00
2011-08-18,17.48,18.29,17.48,17.88,630366,41296140.00
2011-08-19,17.60,18.02,17.32,18.02,399385,25715744.00
2011-08-22,17.96,18.43,17.66,17.71,438562,28673518.00
2011-08-23,17.67,18.27,17.48,18.16,356808,23213616.00
2011-08-24,18.16,18.54,18.10,18.16,819387,54272620.00
2011-08-25,18.20,18.43,17.96,18.20,303860,20217330.00
2011-08-26,18.29,18.62,18.02,18.36,207337,13886450.00
2011-08-29,18.25,18.54,18.10,18.15,266150,17624800.00
2011-08-30,18.13,18.38,17.88,18.07,275934,18160460.00
2011-08-31,17.94,18.03,17.35,17.60,296994,19028602.00
2011-09-01,17.44,17.71,16.78,17.04,346967,21643180.00
2011-09-02,16.99,17.07,16.49,16.65,278780,16928196.00
2011-09-05,16.49,16.97,16.26,16.86,188431,11401168.00
2011-09-06,16.84,16.95,16.54,16.71,99448,6047110.50
2011-09-07,16.71,17.15,16.64,17.01,202514,12535971.00
2011-09-08,17.02,17.04,16.80,17.00,188011,11588232.00
2011-09-09,17.03,17.18,16.66,16.71,145086,8922928.00
2011-09-13,16.24,16.71,16.24,16.68,156525,9344250.00
2011-09-14,16.67,16.70,16.16,16.49,222064,13249446.00
2011-09-15,16.57,16.73,16.31,16.44,91899,5540895.00
2011-09-16,16.49,16.56,16.31,16.43,105969,6347401.50
2011-09-19,16.44,16.45,16.16,16.21,49189,2919270.25
2011-09-20,16.38,16.72,16.12,16.57,90767,5423866.00
2011-09-21,16.62,17.19,16.54,17.04,119755,7383692.50
2011-09-22,17.01,17.02,16.22,16.45,193312,11616518.00
2011-09-23,16.10,17.18,16.07,16.63,288779,17480256.00
2011-09-26,16.49,16.63,16.29,16.40,89968,5370954.50
2011-09-27,16.61,16.61,16.38,16.48,83755,5011153.00
2011-09-29,16.38,16.38,15.13,15.66,298849,17072592.00
2011-09-30,15.79,15.93,15.47,15.93,74695,4286301.00
2011-10-10,16.10,16.10,15.60,15.66,50590,2904709.50
2011-10-11,16.09,16.18,15.39,15.63,82050,4695860.50
2011-10-12,15.44,16.10,15.41,16.09,132235,7636205.00
2011-10-13,16.11,16.40,15.93,16.32,150912,8932130.00
2011-10-14,16.04,16.28,15.99,16.08,78859,4616820.00
2011-10-21,15.10,15.90,14.54,15.44,252388,14208512.00
2011-10-24,15.10,15.54,14.23,14.95,241923,12961545.00
2011-10-25,14.73,15.28,14.58,15.19,145941,7933000.00
2011-10-26,15.01,15.24,14.85,15.09,144378,7904407.00
2011-10-27,15.03,15.51,15.03,15.43,170048,9462630.00
2011-10-28,15.82,15.91,15.45,15.82,178962,10176284.00
2011-10-31,15.84,16.15,15.68,15.92,203363,11822731.00
2011-11-01,15.92,16.07,15.78,16.07,144544,8399402.00
2011-11-02,15.79,16.21,14.82,16.16,1111660,61357724.00
2011-11-03,15.78,16.90,15.68,16.33,869984,51385540.00
2011-11-04,16.38,16.52,16.13,16.18,343250,20358902.00
2011-11-07,16.07,16.21,15.87,15.90,226339,13197765.00
2011-11-08,15.85,15.99,15.62,15.63,268248,15416927.00
2011-11-09,15.60,15.85,15.60,15.82,241177,13782695.00
2011-11-10,15.70,15.76,15.56,15.63,325975,18552042.00
2011-11-11,15.49,15.82,15.49,15.72,215139,12278291.00
2011-11-14,15.76,16.60,15.76,16.49,406823,24146730.00
2011-11-15,16.49,16.55,16.20,16.43,211610,12630254.00
2011-11-16,16.48,17.05,16.38,16.42,610621,37168080.00
2011-11-17,16.42,17.53,16.42,17.27,823244,51160052.00
2011-11-21,16.99,17.18,16.68,16.85,371893,22755194.00
2011-11-22,16.79,16.86,16.35,16.68,217017,13138013.00
2011-11-23,16.68,17.18,16.43,17.04,337722,20667842.00
2011-11-24,16.82,17.32,16.74,16.96,395533,24553986.00
2011-11-25,17.04,17.10,16.55,16.63,290873,17764728.00
2011-11-28,16.62,16.88,16.17,16.29,243333,14518912.00
2011-11-29,16.46,16.73,16.38,16.47,238496,14334344.00
2011-11-30,16.47,16.47,15.70,15.92,301358,17650280.00
2011-12-01,16.47,16.53,16.09,16.09,198075,11790316.00
2011-12-02,16.05,16.08,15.38,15.64,257807,14652427.00
2011-12-05,15.39,15.66,15.16,15.16,122159,6827549.50
2011-12-06,15.29,15.64,14.84,15.64,186928,10487019.00
2011-12-07,15.61,15.71,15.43,15.56,81829,4636374.50
2011-12-08,15.46,15.71,15.24,15.54,104424,5878067.00
2011-12-09,15.38,15.54,15.29,15.38,70060,3928870.25
2011-12-12,15.38,15.65,15.34,15.46,80402,4544906.50
2011-12-13,15.32,15.33,14.75,14.75,148189,8058078.50
2011-12-14,14.74,15.01,14.30,14.35,120015,6377109.50
2011-12-15,14.36,14.55,14.08,14.29,102514,5364809.00
2011-12-16,14.21,14.62,14.21,14.59,146980,7736363.50
2011-12-19,14.60,14.94,14.41,14.93,140048,7504534.50
2011-12-20,15.10,15.59,15.10,15.13,248860,13914806.00
2011-12-21,15.42,15.47,14.36,14.37,189864,10276958.00
2011-12-22,14.37,14.54,14.00,14.32,189391,9817848.00
2011-12-23,14.32,14.57,14.21,14.27,114538,5981984.50
2011-12-26,14.27,14.46,13.77,13.80,150286,7771882.00
2011-12-27,13.78,13.81,13.16,13.26,254379,12410841.00
2011-12-28,13.21,13.43,12.45,13.38,260076,12161248.00
2011-12-29,13.16,13.38,12.88,12.96,104967,5008550.50
2011-12-30,12.93,13.26,12.93,13.16,176654,8450827.00
2012-01-04,13.40,14.27,13.40,13.54,410954,20843688.00
2012-01-05,13.43,14.01,12.63,12.83,620962,30624660.00
2012-01-06,12.80,13.79,12.80,13.70,600806,29568560.00
2012-01-09,13.66,14.40,13.57,14.40,823407,41949104.00
2012-01-10,14.23,14.68,14.13,14.55,545655,28662312.00
2012-01-11,14.49,14.82,14.30,14.43,454964,24056438.00
2012-01-12,14.29,14.79,14.29,14.63,402784,21451900.00
2012-01-13,14.68,14.68,13.71,13.75,529772,27157284.00
2012-01-16,13.53,13.71,13.14,13.14,328206,15981009.00
2012-01-17,13.10,13.98,12.64,13.96,327617,15983373.00
2012-01-18,14.26,14.26,13.02,13.29,246253,12384772.00
2012-01-19,13.16,13.57,13.02,13.43,231881,11277605.00
2012-01-20,13.49,13.79,13.38,13.76,261626,12955238.00
2012-01-30,13.75,13.98,13.43,13.52,323698,16228634.00
2012-01-31,13.52,13.60,13.17,13.33,218545,10614882.00
2012-02-01,13.33,14.06,13.18,13.95,482674,24362992.00
2012-02-02,13.95,14.09,13.74,14.09,370407,18838094.00
2012-02-03,14.07,14.34,13.90,14.31,411810,21318180.00
2012-02-06,14.35,14.95,14.32,14.73,614218,32845202.00
2012-02-07,14.60,15.07,14.49,14.94,568447,30585572.00
2012-02-08,14.82,14.96,14.43,14.93,761975,40834944.00
2012-02-09,14.82,15.34,14.66,15.30,856342,46818360.00
2012-02-10,15.04,15.04,14.66,14.76,1507813,81236688.00
2012-02-13,14.54,14.90,14.49,14.79,953600,51133064.00
2012-02-14,14.73,14.79,14.41,14.54,596238,31646832.00
2012-02-15,14.54,14.73,14.41,14.63,520532,27718404.00
2012-02-16,14.63,14.70,14.27,14.35,606794,31972736.00
2012-02-17,14.36,14.61,14.29,14.50,508606,26841620.00
2012-02-20,14.68,14.98,14.62,14.85,942038,50843796.00
2012-02-21,14.69,14.98,14.55,14.96,480377,25833588.00
2012-02-22,14.96,15.31,14.83,15.23,756130,41615836.00
2012-02-23,15.24,15.31,14.91,15.07,670769,36912996.00
2012-02-24,15.04,15.21,14.93,15.13,534823,29329216.00
2012-02-27,15.13,15.71,15.13,15.37,1131168,63810412.00
2012-02-28,15.38,15.69,15.23,15.54,723404,40700864.00
2012-02-29,15.30,15.54,15.05,15.07,417216,23159460.00
2012-03-01,14.95,15.25,14.95,14.99,350458,19277164.00
2012-03-05,15.37,16.07,15.28,15.73,928597,52995904.00
2012-03-06,15.71,15.71,15.40,15.57,439840,24899200.00
2012-03-07,15.57,15.71,15.29,15.54,395490,22444142.00
2012-03-08,15.51,15.93,15.47,15.89,491507,28150550.00
2012-03-09,15.99,16.09,15.82,15.95,826771,47954012.00
2012-03-12,15.87,16.08,15.75,16.01,726679,42186724.00
2012-03-13,16.02,16.63,15.85,16.54,924115,54406040.00
2012-03-14,16.50,16.50,14.87,15.00,1525124,88128512.00
2012-03-15,14.92,15.10,14.49,14.68,739411,39686576.00
2012-03-16,14.76,15.43,14.68,15.39,760576,41508384.00
2012-03-19,15.24,15.40,14.98,15.40,448239,24871842.00
2012-03-20,15.38,15.38,15.02,15.10,356606,19641940.00
2012-03-21,15.54,15.79,14.81,14.86,869451,47869652.00
2012-03-22,14.79,14.84,14.52,14.82,448049,23917758.00
2012-03-23,14.79,14.99,14.49,14.66,416818,22414806.00
2012-03-26,14.68,14.95,14.55,14.77,310149,16687170.00
2012-03-27,14.70,14.93,14.28,14.31,688142,20155220.00
2012-03-28,14.34,14.34,13.17,13.29,807309,22117900.00
2012-03-29,13.30,13.45,12.85,12.98,476098,12610788.00
2012-03-30,12.94,13.24,12.94,13.08,478961,12654408.00
2012-04-05,12.86,13.90,12.86,13.85,684334,18594660.00
2012-04-06,13.70,14.81,13.70,14.47,1223289,35597376.00
2012-04-09,14.30,14.54,13.97,13.98,351863,10116405.00
2012-04-10,13.97,14.06,13.49,14.06,397591,11058019.00
2012-04-11,13.90,14.10,13.66,13.81,285785,7991991.00
2012-04-12,13.88,13.99,13.65,13.97,313690,8816504.00
2012-04-13,13.98,14.55,13.93,14.53,637411,18471580.00
2012-04-16,14.45,15.13,14.20,14.96,1042683,31130472.00
2012-04-17,14.85,14.95,14.35,14.42,477658,14108299.00
2012-04-18,14.52,14.75,14.43,14.57,520470,15332323.00
2012-04-19,14.67,14.99,14.55,14.85,913367,27452324.00
2012-04-20,14.78,15.01,14.75,14.90,397246,11903352.00
2012-04-23,14.85,15.20,14.82,15.01,670727,20336974.00
2012-04-24,14.84,14.90,14.13,14.66,498493,14648472.00
2012-04-25,14.60,14.75,13.85,14.01,794343,22843086.00
2012-04-26,14.04,14.15,13.39,13.85,776653,21461306.00
2012-04-27,13.75,13.95,13.30,13.80,783208,21428644.00
2012-05-02,14.10,14.44,13.80,14.44,566995,16261049.00
2012-05-03,14.27,14.64,14.27,14.44,348645,10157421.00
2012-05-04,14.49,14.65,14.33,14.37,395944,11586358.00
2012-05-07,14.37,14.41,14.20,14.40,730627,21112780.00
2012-05-08,14.41,14.50,14.29,14.33,383015,11132169.00
2012-05-09,14.33,14.33,13.85,13.95,296716,8396607.00
2012-05-10,13.85,14.04,13.45,13.79,324609,9089579.00
2012-05-11,13.76,13.94,13.63,13.85,252070,7034702.50
2012-05-14,13.85,13.97,13.66,13.68,277786,7712147.50
2012-05-15,13.53,13.73,13.35,13.41,280686,7626978.00
2012-05-16,13.41,13.56,13.05,13.10,275848,7404467.50
2012-05-17,13.20,13.40,13.05,13.33,166277,4470516.50
2012-05-18,13.18,13.39,13.15,13.33,201971,5425249.50
2012-05-21,13.24,13.45,13.10,13.35,225535,6061675.00
2012-05-22,13.53,13.60,13.18,13.48,255649,6922070.00
2012-05-23,13.48,13.49,13.18,13.23,256278,6865139.50
2012-05-24,13.20,13.44,13.11,13.15,232494,6216523.00
2012-05-25,13.15,13.25,12.61,12.69,739901,19250460.00
2012-05-28,12.71,12.95,12.35,12.89,355169,9006079.00
2012-05-29,12.85,13.09,12.72,13.02,344455,9030572.00
2012-05-30,13.02,13.05,12.83,12.96,326910,8536341.00
2012-05-31,13.04,13.26,12.95,13.05,370636,9819067.00
2012-06-01,13.19,13.25,13.00,13.05,253333,6710138.50
2012-06-04,12.85,12.94,12.64,12.78,243235,6279489.00
2012-06-05,12.84,12.84,12.67,12.74,311462,8040185.00
2012-06-06,12.71,12.84,12.70,12.78,251796,6507015.00
2012-06-07,12.85,13.19,12.76,12.84,256633,6667486.00
2012-06-08,12.84,13.08,12.76,12.95,289227,7587304.00
2012-06-11,12.95,13.94,12.95,13.69,878373,24281468.00
2012-06-12,13.55,13.69,13.46,13.64,382314,10488659.00
2012-06-13,13.75,13.79,13.54,13.75,409685,11334254.00
2012-06-14,13.75,14.14,13.66,13.91,662207,18687950.00
2012-06-15,13.92,14.13,13.63,13.79,385053,10801149.00
2012-06-18,13.98,13.99,13.66,13.81,395735,11090332.00
2012-06-19,13.84,13.95,13.67,13.85,302219,8437746.00
2012-06-20,13.80,14.05,13.76,13.84,270107,7594519.50
2012-06-21,13.48,13.97,13.48,13.80,324726,9051014.00
2012-06-25,13.70,13.82,13.31,13.41,321476,8766933.00
2012-06-26,13.34,13.45,12.76,13.10,361537,9476549.00
2012-06-27,12.97,13.20,12.97,13.00,214357,5668751.00
2012-06-28,13.04,13.14,12.85,12.85,148196,3886067.25
2012-06-29,12.65,13.21,12.65,13.18,141681,3739342.75
2012-07-02,13.29,13.59,13.09,13.35,180449,4857630.50
2012-07-03,13.30,14.22,13.28,13.95,789853,22162348.00
2012-07-04,13.99,14.08,13.87,13.98,281818,7940810.50
2012-07-05,13.98,13.98,13.55,13.61,257033,7106805.00
2012-07-06,13.60,14.10,13.60,14.10,561731,15808972.00
2012-07-09,14.10,14.34,13.86,13.94,532697,15269070.00
2012-07-10,13.99,14.19,13.60,14.05,280835,7947310.00
2012-07-11,13.90,14.72,13.90,14.64,746440,21851778.00
2012-07-12,14.51,14.74,14.23,14.59,440484,12947025.00
2012-07-13,14.58,14.58,14.35,14.43,264346,7724689.00
2012-07-16,14.40,14.40,13.90,13.93,488294,13904615.00
2012-07-17,13.95,14.05,13.79,13.95,166912,4696660.00
2012-07-18,13.85,13.99,13.70,13.97,359198,10103686.00
2012-07-19,13.98,14.24,13.83,14.18,412297,11738290.00
2012-07-20,14.08,14.24,13.86,13.93,192834,5472125.00
2012-07-23,13.94,13.94,13.65,13.81,163383,4551037.50
2012-07-24,13.81,14.07,13.72,13.87,212605,5964563.50
2012-07-25,13.60,13.91,13.50,13.63,212220,5852869.00
2012-07-26,13.43,13.60,13.15,13.46,280728,7580907.50
2012-07-27,13.43,13.59,13.43,13.53,89106,2435292.00
2012-07-30,13.41,13.65,13.36,13.47,89802,2444971.00
2012-07-31,13.09,13.49,13.09,13.36,114032,3085001.75
2012-08-01,13.55,13.58,13.43,13.58,79313,2171703.75
2012-08-02,13.46,13.60,13.35,13.43,73198,1992653.63
2012-08-03,13.36,13.55,13.35,13.55,88040,2392050.50
2012-08-06,13.45,14.09,13.45,14.07,199110,5579461.00
2012-08-07,14.08,14.34,13.99,14.07,141551,4038183.50
2012-08-08,14.30,14.34,13.88,14.10,152653,4336363.00
2012-08-09,13.89,14.17,13.89,14.08,163052,4632043.50
2012-08-10,14.17,14.60,14.16,14.51,743617,21667138.00
2012-08-13,14.48,14.53,14.19,14.45,598151,17366052.00
2012-08-14,14.49,14.85,14.11,14.79,496642,14553670.00
2012-08-15,14.79,15.22,14.64,14.85,608765,18416046.00
2012-08-16,14.66,15.00,14.66,14.83,212440,6360842.50
2012-08-17,14.84,14.90,14.35,14.78,314028,9248080.00
2012-08-20,14.75,14.84,14.40,14.78,160101,4712265.00
2012-08-21,14.80,15.15,14.79,15.08,562879,17041510.00
2012-08-22,15.15,15.20,14.70,14.85,363807,10905601.00
2012-08-23,14.96,14.96,14.46,14.71,262390,7737159.50
2012-08-24,14.72,14.72,14.07,14.35,279914,8093620.50
2012-08-27,14.14,14.31,13.85,13.85,348126,9804910.00
2012-08-28,13.78,14.15,13.78,14.15,287058,8145409.00
2012-08-29,14.15,14.65,13.90,14.37,588112,17154072.00
2012-08-30,14.32,14.60,14.30,14.37,374392,10929088.00
2012-08-31,14.45,14.58,14.19,14.40,162738,4756833.50
2012-09-03,14.50,14.86,14.50,14.84,446108,13307168.00
2012-09-04,14.80,14.95,14.63,14.77,336346,10079870.00
2012-09-05,14.84,14.84,14.55,14.66,284375,8435706.00
2012-09-06,14.60,14.75,14.42,14.48,205788,6054949.00
2012-09-07,14.65,15.10,14.60,14.94,748322,22503586.00
2012-09-10,14.94,15.32,14.86,15.25,627298,19236076.00
2012-09-11,15.25,15.25,15.10,15.18,392842,12031099.00
2012-09-12,15.18,15.20,14.80,14.89,511264,15430415.00
2012-09-13,14.99,15.80,14.80,15.55,1304680,40618192.00
2012-09-14,15.55,16.35,15.42,16.05,1685398,54674504.00
2012-09-17,15.90,16.18,15.20,15.21,1069792,33970416.00
2012-09-18,15.06,15.20,14.65,14.95,697906,20981844.00
2012-09-19,14.94,15.00,14.71,15.00,689316,20652728.00
2012-09-20,15.00,15.00,14.60,14.85,450200,13435194.00
2012-09-21,14.75,14.85,14.46,14.82,332131,9852140.00
2012-09-24,14.71,14.85,14.61,14.85,307397,9157730.00
2012-09-25,14.89,14.89,14.60,14.68,134964,4008889.50
2012-09-26,14.82,14.82,14.43,14.55,195100,5748519.50
2012-09-27,14.67,14.83,14.41,14.74,248868,7372463.00
2012-09-28,14.74,15.10,14.60,15.05,278620,8389779.00
2012-10-08,15.06,15.17,14.80,14.87,163556,4929147.00
2012-10-09,14.99,15.14,14.90,15.11,254518,7735218.50
2012-10-10,15.02,15.15,14.97,15.11,192571,5863404.00
2012-10-11,15.14,15.14,14.65,14.72,257866,7719117.00
2012-10-12,14.72,14.90,14.60,14.69,124519,3703964.75
2012-10-15,14.60,14.80,14.50,14.57,137441,4068831.75
2012-10-16,14.72,14.79,14.60,14.75,104175,3099800.00
2012-10-17,14.84,14.84,14.64,14.75,89359,2659690.00
2012-10-18,14.70,15.05,14.70,14.96,144126,4330442.50
2012-10-19,15.00,15.20,14.90,14.99,127733,3875373.75
2012-10-22,14.93,14.99,14.76,14.99,165555,4965661.50
2012-10-23,14.86,15.05,14.71,14.85,97100,2919799.00
2012-10-24,14.71,14.89,14.68,14.76,92392,2755066.25
2012-10-25,14.76,14.87,14.65,14.65,83578,2485264.00
2012-10-26,14.65,14.76,14.20,14.20,188800,5494003.00
2012-10-29,14.50,14.50,13.88,14.10,150200,4301159.00
2012-10-30,14.16,14.18,13.93,14.02,217903,6171140.50
2012-10-31,14.08,14.08,13.95,14.06,70442,1997848.88
2012-11-01,14.06,14.44,14.06,14.44,157492,4544899.00
2012-11-02,14.42,14.50,14.28,14.34,130767,3794451.25
2012-11-05,14.25,14.37,14.02,14.05,125831,3587825.50
2012-11-06,14.02,14.13,13.85,14.02,141345,3985495.00
2012-11-07,14.05,14.15,13.96,14.01,74528,2113404.25
2012-11-08,13.89,14.13,13.89,14.05,271514,7693679.50
2012-11-09,14.10,14.15,13.98,14.04,73280,2082037.00
2012-11-12,13.98,14.15,13.98,14.07,86632,2463430.00
2012-11-13,14.07,14.07,13.94,13.96,71982,2035413.75
2012-11-14,13.97,14.09,13.94,14.08,38351,1084252.75
2012-11-15,13.90,14.08,13.80,13.90,96270,2709901.00
2012-11-16,13.88,13.91,13.37,13.85,240640,6654503.00
2012-11-19,13.70,14.04,13.52,13.89,65939,1835784.25
2012-11-20,13.91,13.96,13.70,13.86,66900,1863234.88
2012-11-21,13.90,13.97,12.86,13.91,59747,1678948.50
2012-11-22,13.83,13.95,13.75,13.90,78055,2184935.00
2012-11-23,13.90,13.90,13.65,13.73,121901,3391455.00
2012-11-26,13.60,13.75,12.88,13.65,164045,4442750.50
2012-11-27,13.35,13.63,13.15,13.19,88219,2362841.75
2012-11-28,12.93,13.25,11.88,11.92,437719,10900806.00
2012-11-29,11.92,11.93,11.50,11.50,173939,4115319.75
2012-11-30,11.48,12.09,11.38,11.91,119051,2825983.25
2012-12-03,12.20,12.59,12.15,12.15,193123,4790052.50
2012-12-04,12.20,12.25,11.85,12.01,134481,3267692.75
2012-12-05,12.01,12.50,11.99,12.48,1362819,33605440.00
2012-12-06,12.44,12.55,12.26,12.49,210487,5276216.00
2012-12-07,12.49,13.25,12.49,13.15,265908,6926562.00
2012-12-10,13.43,13.43,12.90,13.34,496692,13169226.00
2012-12-11,13.21,13.25,12.95,13.21,251463,6688980.50
2012-12-12,13.44,13.44,12.99,13.24,214448,5690078.50
2012-12-13,13.03,13.60,13.03,13.14,131237,3515707.50
2012-12-14,13.48,13.83,13.11,13.83,405757,11115003.00
2012-12-17,14.03,14.03,13.58,13.95,179726,5030918.50
2012-12-18,13.79,14.04,13.77,13.95,140888,3948315.75
2012-12-19,13.94,14.10,13.60,14.03,212019,5979865.00
2012-12-20,14.02,14.08,13.85,14.08,148008,4182595.00
2012-12-21,13.90,14.30,13.90,14.30,216270,6196460.50
2012-12-24,14.16,14.50,14.16,14.50,625511,18046886.00
2012-12-25,14.60,14.93,14.51,14.90,1396319,41501528.00
2012-12-26,14.88,15.00,14.68,15.00,656102,19732870.00
2012-12-27,14.85,15.65,14.85,15.52,1242002,38458784.00
2012-12-28,15.45,15.60,15.29,15.56,671696,20931536.00
2012-12-31,15.64,16.29,15.63,16.08,1768723,56918516.00
2013-01-04,16.25,16.25,15.38,15.76,627747,19781630.00
2013-01-07,15.76,15.76,15.35,15.49,391832,12224191.00
2013-01-08,15.36,15.64,15.26,15.54,256034,8017804.50
2013-01-09,15.54,15.59,15.40,15.45,356752,11174250.00
2013-01-10,15.44,15.63,15.05,15.25,481860,14905974.00
2013-01-11,15.05,16.23,15.05,16.22,2418314,76664016.00
2013-01-14,16.29,16.60,15.80,16.44,1263769,41649836.00
2013-01-15,16.35,17.20,16.25,16.67,1034671,35266728.00
2013-01-16,17.00,17.00,15.95,16.50,655469,21611944.00
2013-01-17,16.39,16.40,16.15,16.34,297142,9746473.00
2013-01-18,16.39,16.65,16.24,16.50,425255,14127656.00
2013-01-21,16.50,16.85,16.45,16.80,370132,12428607.00
2013-01-22,16.53,16.99,16.50,16.80,412711,13959546.00
2013-01-23,16.80,16.80,15.90,16.65,560748,18567502.00
2013-01-24,16.64,16.65,16.10,16.65,729057,24125696.00
2013-01-25,16.30,16.78,16.30,16.70,292308,9803010.00
2013-01-28,16.90,17.20,16.29,16.84,1149463,38231100.00
2013-01-29,16.50,16.80,16.50,16.78,405653,13627814.00
2013-01-30,17.25,17.88,16.78,17.74,1497926,52283656.00
2013-01-31,17.69,17.85,17.36,17.78,416635,14793403.00
2013-02-01,17.78,17.85,17.46,17.76,426650,15237249.00
2013-02-04,17.50,17.90,17.50,17.79,244039,8718157.00
2013-02-05,17.79,18.15,17.68,18.13,721052,26040340.00
2013-02-06,18.13,18.65,17.89,18.43,869273,32152198.00
2013-02-07,18.38,18.39,18.05,18.28,378592,13902873.00
2013-02-08,18.45,18.85,18.25,18.42,603544,22472142.00
2013-02-18,18.61,18.62,17.85,18.08,473769,17262372.00
2013-02-19,17.94,17.99,17.26,17.55,587093,20717606.00
2013-02-20,17.55,17.72,17.43,17.65,525578,18619910.00
2013-02-21,17.52,17.63,17.15,17.50,458321,16079514.00
2013-02-22,17.35,17.60,17.20,17.34,305203,10695473.00
2013-02-25,17.34,17.50,17.05,17.26,376833,13057702.00
2013-02-26,17.11,17.35,17.04,17.27,292760,10146619.00
2013-02-27,17.13,17.50,16.96,17.13,451709,15631355.00
2013-02-28,17.03,17.45,17.03,17.45,642899,22443388.00
2013-03-01,17.45,17.83,17.35,17.75,386710,13663424.00
2013-03-04,17.83,17.83,17.05,17.35,339801,11913095.00
2013-03-05,17.15,17.91,17.05,17.72,323726,11381517.00
2013-03-06,17.78,18.19,17.56,18.10,702054,25430148.00
2013-03-07,18.08,18.08,17.36,17.85,352202,12573838.00
2013-03-08,17.84,17.95,17.43,17.87,259915,9289038.00
2013-03-11,17.68,17.81,17.50,17.58,121197,4297102.50
2013-03-12,17.51,17.67,16.80,17.00,305215,10556909.00
2013-03-13,16.61,16.92,16.44,16.72,231184,7798095.50
2013-03-14,16.63,16.95,16.63,16.83,132107,4481940.00
2013-03-15,16.64,17.09,16.49,16.82,216984,7353958.50
2013-03-18,16.63,16.81,16.25,16.54,833415,27558732.00
2013-03-19,16.39,16.59,16.26,16.55,1750696,57705860.00
2013-03-20,16.37,17.35,16.37,17.28,1420803,48444068.00
2013-03-21,17.30,17.82,17.16,17.80,502405,17813552.00
2013-03-22,17.80,18.85,17.51,18.78,2066142,75250312.00
2013-03-25,18.55,18.69,18.16,18.45,558496,20743730.00
2013-03-26,18.35,18.54,18.06,18.50,248117,9129235.00
2013-03-27,18.48,18.65,18.16,18.53,366374,13628777.00
2013-03-28,18.54,18.63,18.16,18.30,202617,7464207.00
2013-03-29,18.19,18.92,18.11,18.89,902093,33893640.00
2013-04-01,18.79,18.79,18.20,18.34,386201,14298676.00
2013-04-02,18.21,18.35,17.75,18.00,245981,8934266.00
2013-04-03,18.06,18.15,17.44,17.65,436859,15554510.00
2013-04-08,17.64,18.28,17.19,18.05,353488,12681336.00
2013-04-09,17.86,17.92,17.65,17.80,328170,11778388.00
2013-04-10,17.83,17.83,17.04,17.28,301096,10528684.00
2013-04-11,17.10,17.33,16.70,17.10,406532,13927651.00
2013-04-12,17.10,17.35,16.80,17.24,357241,12325418.00
2013-04-15,17.25,17.25,16.51,16.85,338875,11527709.00
2013-04-16,16.73,16.73,16.25,16.60,947030,31487110.00
2013-04-17,16.60,16.70,16.30,16.63,413281,13756620.00
2013-04-18,16.61,16.85,16.37,16.80,343343,11572778.00
2013-04-19,16.83,17.48,16.83,17.29,403858,14049120.00
2013-04-22,17.14,17.60,16.95,17.55,488721,17018434.00
2013-04-23,17.58,17.60,17.00,17.25,333342,11590834.00
2013-04-24,17.15,17.90,16.95,17.89,660618,23339788.00
2013-04-25,18.15,18.15,17.61,17.69,574136,20691164.00
2013-04-26,17.69,17.95,17.23,17.89,569945,20361196.00
2013-05-02,17.90,18.00,17.76,17.90,253627,9134331.00
2013-05-03,17.90,18.09,17.79,18.03,442534,16008487.00
2013-05-06,17.88,18.29,17.88,18.20,705754,25789280.00
2013-05-07,18.08,18.33,18.03,18.20,821155,30049246.00
2013-05-08,18.15,18.56,18.09,18.45,1511829,55553920.00
2013-05-09,18.35,19.14,18.35,18.85,1814161,68162576.00
2013-05-10,18.85,20.71,18.70,20.45,4197592,83389432.00
2013-05-13,20.22,20.79,19.68,20.60,4056034,83339568.00
2013-05-14,20.49,21.20,19.91,20.54,2318633,48282920.00
2013-05-15,20.40,21.04,19.91,20.78,1899610,38749448.00
2013-05-16,21.00,21.33,20.57,20.72,3161034,66586112.00
2013-05-17,20.71,20.79,20.20,20.65,1643530,33837864.00
2013-05-20,20.31,21.36,20.20,21.22,2179986,45676660.00
2013-05-21,21.22,21.60,20.95,21.29,1687035,36076860.00
2013-05-22,21.29,21.52,20.81,21.06,1459332,30921062.00
2013-05-23,21.00,21.16,20.53,20.92,1180519,24687384.00
2013-05-24,21.09,21.45,20.65,21.39,2035234,43263468.00
2013-05-27,21.45,21.55,20.68,20.96,1919904,40408312.00
2013-05-28,20.80,21.05,20.20,20.63,1302591,26872350.00
2013-05-29,20.63,20.84,20.40,20.84,860535,17773960.00
2013-05-30,21.06,21.40,20.85,21.30,3337092,71051624.00
2013-05-31,21.24,21.30,20.91,21.05,1138509,24177440.00
2013-06-03,21.02,21.05,20.36,20.50,1778111,36800900.00
2013-06-04,20.40,20.41,19.15,19.76,1730011,34236152.00
2013-06-05,19.67,19.70,19.30,19.56,1107694,21678278.00
2013-06-06,19.53,19.76,19.45,19.58,1668817,32838766.00
2013-06-07,19.41,19.87,18.98,19.50,653301,12658527.00
2013-06-13,19.17,19.17,18.40,18.64,590125,11018193.00
2013-06-14,18.64,19.35,18.47,19.15,705298,13497161.00
2013-06-17,19.69,19.69,18.91,19.06,512132,9836175.00
2013-06-18,19.40,19.55,18.85,19.12,1245257,23789682.00
2013-06-19,18.90,19.46,18.90,19.33,879416,16966566.00
2013-06-20,19.00,19.38,18.10,18.87,931647,17686872.00
2013-06-21,18.58,18.90,17.90,18.90,460045,8487750.00
2013-06-24,18.83,18.90,18.00,18.68,1639146,30584134.00
2013-06-25,18.59,19.18,17.70,18.90,2585324,47707056.00
2013-06-26,18.98,19.70,18.96,19.55,1887121,36717892.00
2013-06-27,19.50,19.68,18.72,19.40,1099029,21228652.00
2013-06-28,19.22,19.60,18.92,19.60,1331407,25828888.00
2013-07-01,19.50,19.85,19.15,19.80,609515,12024823.00
2013-07-02,19.75,20.14,19.40,19.87,749812,14929960.00
2013-07-03,19.89,19.89,19.45,19.61,627353,12359006.00
2013-07-04,19.46,19.87,19.22,19.44,645276,12631884.00
2013-07-05,19.48,19.56,19.05,19.08,524965,10153419.00
2013-07-08,18.91,18.91,17.47,18.59,1147754,21185648.00
2013-07-09,17.90,18.60,17.78,18.50,578639,10616956.00
2013-07-10,18.16,18.80,18.09,18.80,524332,9693023.00
2013-07-11,18.42,19.43,18.42,19.10,798414,15288229.00
2013-07-12,19.14,19.15,18.71,19.00,443149,8424648.00
2013-07-15,18.90,19.08,18.71,19.00,656318,12489433.00
2013-07-16,19.00,19.25,19.00,19.16,601481,11569243.00
2013-07-17,19.10,19.45,18.70,18.70,773506,14914986.00
2013-07-18,18.70,18.83,18.10,18.50,536742,9991702.00
2013-07-19,18.51,18.70,18.00,18.44,559809,10327781.00
2013-07-22,18.26,18.50,18.07,18.42,416563,7643876.00
2013-07-23,18.43,18.83,18.15,18.75,640618,11925605.00
2013-07-24,18.61,18.69,18.40,18.54,551445,10249956.00
2013-07-25,18.90,19.50,18.66,19.09,1464866,28028806.00
2013-07-26,19.09,19.10,18.70,19.10,676255,12842428.00
2013-07-29,19.24,19.24,18.25,18.31,654893,12290986.00
2013-07-30,18.31,18.46,17.55,17.60,732607,13134326.00
2013-07-31,17.53,17.93,17.29,17.85,627298,11160444.00
2013-08-01,18.08,18.30,17.70,18.25,757185,13643343.00
2013-08-02,18.26,18.40,18.06,18.10,405331,7403413.00
2013-08-05,18.06,18.26,17.97,18.19,389350,7087947.00
2013-08-06,18.09,18.39,18.00,18.39,545311,10006682.00
2013-08-07,18.49,18.56,18.13,18.16,599719,11047259.00
2013-08-08,18.25,18.68,17.90,18.59,1097507,20121064.00
2013-08-09,18.42,20.40,18.30,19.66,3260652,64071604.00
2013-08-12,19.46,19.66,19.23,19.30,1219856,23741876.00
2013-08-13,19.12,20.35,19.12,19.70,1312311,25858302.00
2013-08-14,19.52,19.80,19.20,19.21,957260,18613392.00
2013-08-15,19.21,19.38,18.52,18.60,1061617,20112748.00
2013-08-16,18.59,18.68,17.90,18.20,891700,16430437.00
2013-08-19,18.10,18.65,18.06,18.60,382320,7044048.50
2013-08-20,18.61,19.20,18.45,18.58,1016646,19169112.00
2013-08-21,18.48,18.51,18.18,18.46,718584,13213308.00
2013-08-22,18.47,18.47,18.17,18.26,558064,10249706.00
2013-08-23,18.35,18.37,17.91,18.19,423734,7718484.50
2013-08-26,18.19,18.36,18.01,18.26,382910,7022369.50
2013-08-27,18.26,18.36,18.15,18.22,506808,9288911.00
2013-08-28,18.08,18.15,17.85,18.04,766405,13845032.00
2013-08-29,17.82,18.20,17.82,18.05,518734,9370061.00
2013-08-30,17.96,18.09,17.75,17.80,904783,16278280.00
2013-09-02,17.79,17.96,17.71,17.86,432308,7751641.50
2013-09-03,17.90,18.51,17.90,18.32,1505484,27590368.00
2013-09-04,18.26,18.59,18.10,18.34,953259,17499708.00
2013-09-05,18.29,18.62,18.15,18.56,881641,16297867.00
2013-09-06,18.61,18.61,18.10,18.18,1031143,18942946.00
2013-09-09,18.20,18.37,17.91,18.19,1038272,18817270.00
2013-09-10,18.06,18.18,17.88,17.89,1189061,21433538.00
2013-09-11,17.89,18.00,17.43,17.55,860430,15215096.00
2013-09-12,17.55,18.05,17.55,17.70,1135142,20269612.00
2013-09-13,17.73,17.73,17.04,17.59,1978112,34229980.00
2013-09-16,17.48,17.48,16.69,16.90,4349088,73664656.00
2013-09-17,16.54,16.91,16.54,16.75,1867240,31508348.00
2013-09-18,16.74,16.90,16.42,16.77,1736361,29136454.00
2013-09-23,16.81,17.50,16.81,17.25,2692002,46323592.00
2013-09-24,17.16,17.23,16.87,17.00,2693646,45935828.00
2013-09-25,17.01,17.40,17.01,17.35,4138180,71394160.00
2013-09-26,17.35,17.42,17.08,17.23,2966123,51361992.00
2013-09-27,17.21,17.56,17.10,17.30,1743658,30500210.00
2013-09-30,17.37,17.90,17.37,17.87,1814253,32265908.00
2013-10-08,17.81,18.96,17.70,18.90,3487849,64934204.00
2013-10-09,18.83,19.10,18.71,19.08,2019938,38422168.00
2013-10-10,19.09,19.39,18.75,19.23,1776798,33951800.00
2013-10-11,19.20,19.20,18.79,18.85,1452807,27684734.00
2013-10-14,18.77,18.87,18.53,18.60,1447493,27106650.00
2013-10-15,18.54,18.88,18.50,18.62,1275797,23910788.00
2013-10-16,18.60,18.60,17.60,18.05,1769467,31945958.00
2013-10-17,18.06,18.20,17.70,18.12,1127109,20431712.00
2013-10-18,18.13,18.25,17.93,18.22,395682,7200401.50
2013-10-21,18.15,18.53,18.03,18.39,1650160,30351226.00
2013-10-22,18.39,18.50,18.05,18.25,1280459,23532350.00
2013-10-23,18.29,19.30,18.29,19.21,5043289,96064552.00
2013-10-24,19.90,20.10,19.10,19.70,5007433,98996376.00
2013-10-25,19.89,19.89,18.92,19.50,2546795,49603692.00
2013-10-28,18.89,19.68,18.67,19.19,1239849,23684662.00
2013-10-29,19.08,19.15,18.42,19.15,1723168,32436432.00
2013-10-30,18.90,19.14,18.70,19.13,817083,15515205.00
2013-10-31,19.12,19.28,18.30,19.28,1667655,31266494.00
2013-11-01,18.75,19.10,18.53,18.59,1150281,21589600.00
2013-11-04,18.59,18.63,17.94,18.06,1230407,22535270.00
2013-11-05,18.14,18.29,17.56,18.25,1035597,18565498.00
2013-11-06,18.08,18.30,17.86,18.05,492952,8975462.00
2013-11-07,18.04,18.05,17.62,17.64,685169,12229911.00
2013-11-08,17.61,17.61,17.21,17.29,578439,10121563.00
2013-11-11,17.30,17.39,16.81,17.39,1013336,17392406.00
2013-11-12,17.31,17.50,17.11,17.49,791415,13733906.00
2013-11-13,17.45,17.87,17.30,17.43,779057,13826987.00
2013-11-14,17.40,18.24,17.16,18.18,1614727,29124212.00
2013-11-15,18.38,18.64,18.12,18.50,1829276,33582148.00
2013-11-18,18.42,18.74,18.26,18.60,2832815,52952528.00
2013-11-19,18.70,18.80,18.45,18.52,1172058,21923270.00
2013-11-20,18.62,18.62,18.36,18.57,1166964,21667182.00
2013-11-21,18.51,18.53,18.00,18.17,877120,16069360.00
2013-11-22,18.10,18.25,17.81,17.83,785204,14216106.00
2013-11-25,17.78,19.02,17.69,18.60,3478037,64484836.00
2013-11-26,18.55,20.27,18.55,20.08,10827725,211322576.00
2013-11-27,19.90,21.99,19.75,21.72,12550989,265376672.00
2013-11-28,21.95,22.78,21.45,21.99,8594589,191244816.00
2013-11-29,22.02,22.65,22.02,22.60,6380783,143401600.00
2013-12-02,21.90,22.05,20.33,20.90,7945044,168633936.00
2013-12-03,20.45,21.97,20.45,21.70,4486749,95706592.00
2013-12-04,21.59,23.87,21.55,22.30,4898338,111561680.00
2013-12-05,22.31,22.56,21.45,21.66,3143775,69019104.00
2013-12-06,21.70,21.86,20.50,20.68,3335815,70132984.00
2013-12-09,20.86,21.30,20.50,21.19,2590858,54226088.00
2013-12-10,21.12,21.18,20.71,21.01,1438548,30143204.00
2013-12-11,21.26,21.26,20.51,20.62,1697666,35364136.00
2013-12-12,20.42,20.73,20.40,20.64,1898634,39309076.00
2013-12-13,20.40,21.18,20.40,20.96,3144093,66008792.00
2013-12-16,20.89,20.97,19.89,20.14,2960089,60405492.00
2013-12-17,20.00,20.25,19.61,20.10,1827628,36621480.00
2013-12-18,20.09,20.44,19.83,20.15,2037204,41260876.00
2013-12-19,20.30,20.99,20.12,20.88,5072038,105080952.00
2013-12-20,20.89,21.40,20.39,20.70,4140899,86850760.00
2013-12-23,20.60,20.86,19.76,20.53,1771929,36421736.00
2013-12-24,20.41,21.31,20.41,21.20,5686529,119843920.00
2013-12-25,21.60,21.60,20.98,21.45,2693518,57805164.00
2013-12-26,21.41,22.10,21.21,21.66,3334038,72732864.00
2013-12-27,21.80,23.34,21.70,22.82,6432380,145241200.00
2013-12-30,22.72,22.80,22.00,22.46,3373298,75932480.00
2013-12-31,22.41,22.58,21.36,21.41,3237106,70855744.00
2014-01-02,21.48,21.89,21.31,21.80,1705131,37039484.00
2014-01-03,21.79,21.98,21.26,21.40,1454116,31376808.00
2014-01-06,21.40,21.78,20.55,20.80,1591894,33771400.00
2014-01-07,20.60,21.20,20.42,20.70,1286913,26807468.00
2014-01-08,20.75,21.09,20.70,20.90,1896228,39810448.00
2014-01-09,20.90,20.99,20.50,20.52,1283946,26842068.00
2014-01-10,20.35,20.60,19.90,20.11,1823856,37078860.00
2014-01-13,20.10,20.39,19.40,20.30,2266451,45202524.00
2014-01-14,20.20,20.70,19.71,20.70,1948640,39302776.00
2014-01-15,20.52,21.06,20.51,21.00,1718532,36024140.00
2014-01-16,21.00,21.45,20.80,20.81,1494552,31729836.00
2014-01-17,20.72,21.10,20.21,20.70,1002285,20650600.00
2014-01-20,20.68,20.68,19.99,20.10,1356705,27548842.00
2014-01-21,20.48,20.65,20.12,20.65,1824438,37458424.00
2014-01-22,20.36,21.34,20.36,21.28,1479994,31336962.00
2014-01-23,21.24,22.25,21.00,21.90,2447551,53882156.00
2014-01-24,21.89,22.60,21.79,22.32,4204672,94034256.00
2014-01-27,22.21,22.90,21.69,22.11,2372480,53276088.00
2014-01-28,22.12,23.85,22.00,23.09,4855285,112862776.00
2014-01-29,23.09,23.20,22.58,22.72,1739461,39813368.00
2014-01-30,22.61,23.08,22.56,22.80,1322974,30200510.00
2014-02-07,22.42,22.95,22.12,22.60,2520711,57232836.00
2014-02-10,22.63,24.77,22.63,24.70,7896525,190246320.00
2014-02-11,24.63,25.62,24.41,25.00,5572004,139472192.00
2014-02-12,25.50,25.70,24.93,25.05,3731177,94769720.00
2014-02-13,25.04,25.20,24.26,24.26,2576079,64324732.00
2014-02-14,24.43,25.15,24.00,24.99,3245387,80214976.00
2014-02-17,24.97,25.60,24.59,25.40,3495792,88366184.00
2014-02-18,25.43,26.13,25.10,25.48,5290783,136563344.00
2014-02-19,25.30,25.76,25.22,25.47,1897207,48485084.00
2014-02-20,25.79,25.85,25.06,25.62,3011163,76823256.00
2014-02-21,25.79,26.62,25.41,25.50,3416118,89633024.00
2014-02-24,25.10,25.10,23.90,24.85,4129311,101577560.00
2014-02-25,24.71,24.89,22.47,22.80,3666782,87339128.00
2014-02-26,22.48,22.80,21.67,22.44,4003625,88685472.00
2014-02-27,22.45,22.68,21.50,21.73,3641179,80731120.00
2014-02-28,21.71,22.04,21.21,22.03,1999386,43485796.00
2014-03-03,22.19,23.46,21.98,22.77,3171335,72747512.00
2014-03-04,22.76,22.85,22.10,22.19,1746545,39371336.00
2014-03-05,22.41,22.93,22.40,22.45,1270819,28890364.00
2014-03-06,22.40,22.76,21.96,22.13,1695127,38019452.00
2014-03-07,22.14,22.60,22.01,22.11,1222481,27379294.00
2014-03-10,21.90,21.90,19.98,21.70,2246074,47578040.00
2014-03-11,21.36,21.36,20.73,20.84,1504357,31605570.00
2014-03-12,20.80,20.80,20.07,20.57,1986263,40654428.00
2014-03-13,20.57,20.88,20.37,20.85,1174322,24358236.00
2014-03-14,20.84,20.84,19.85,20.25,2031264,41150368.00
2014-03-17,20.24,20.70,19.85,20.22,3260505,65852852.00
2014-03-18,20.23,20.31,19.81,20.23,4707847,94581040.00
2014-03-19,20.21,20.21,19.20,19.73,4076785,80832200.00
2014-03-20,19.59,19.90,18.70,18.70,4236052,82283360.00
2014-03-21,18.80,19.08,18.03,18.90,4770415,89018552.00
2014-03-24,18.95,19.28,18.79,19.16,2223788,42700128.00
2014-03-25,19.18,19.19,18.33,18.65,2878284,53925576.00
2014-03-26,18.65,18.80,18.37,18.40,2751272,51396212.00
2014-03-27,18.45,18.75,18.37,18.46,2259150,42098616.00
2014-03-28,18.48,18.90,17.01,17.90,6856399,124337808.00
2014-03-31,17.77,18.73,17.55,17.93,5536481,100952600.00
2014-04-01,18.40,19.73,18.35,19.68,7815470,152952288.00
2014-04-02,19.63,19.88,19.14,19.68,4787829,94428368.00
2014-04-03,19.55,19.80,19.41,19.60,2191908,43251144.00
2014-04-04,19.76,19.80,19.51,19.71,1585714,31319464.00
2014-04-08,19.70,20.06,19.52,20.02,2379859,47185268.00
2014-04-09,20.13,20.13,19.60,19.79,2155944,42932396.00
2014-04-10,19.68,19.96,19.67,19.73,1614923,32149874.00
2014-04-11,19.78,19.78,19.41,19.60,1244920,24453738.00
2014-04-14,19.62,19.85,19.55,19.65,1835062,36268404.00
2014-04-15,19.68,20.65,19.45,20.25,5048412,102322144.00
2014-04-16,20.24,21.20,20.06,20.78,4116131,85974840.00
2014-04-17,20.78,21.15,20.59,20.79,2119113,44455768.00
2014-04-18,20.76,20.87,20.55,20.68,1281889,26631692.00
2014-04-21,20.60,21.10,20.50,20.65,1446331,30298436.00
2014-04-22,20.65,20.73,19.45,19.70,3611431,71943848.00
2014-04-23,19.68,20.10,19.60,19.92,1579455,31522508.00
2014-04-24,19.92,20.17,19.62,19.92,1308448,26203482.00
2014-04-25,19.92,20.33,19.58,19.94,2413710,48285944.00
2014-04-28,19.71,19.94,18.90,19.63,1402823,27315604.00
2014-04-29,19.40,19.80,19.31,19.77,877590,17261366.00
2014-04-30,19.82,19.87,19.49,19.67,871415,17232622.00
2014-05-05,19.55,19.77,18.92,19.40,1663027,32241922.00
2014-05-06,19.30,19.46,19.09,19.40,1576474,30585408.00
2014-05-07,19.42,19.45,18.60,18.62,1726092,32924594.00
2014-05-08,18.51,18.86,18.28,18.83,1303443,24367650.00
2014-05-09,18.63,18.75,18.06,18.55,1795352,33018644.00
2014-05-12,18.53,18.90,18.21,18.90,1966566,36791392.00
2014-05-13,18.87,18.87,18.14,18.35,2678731,49496768.00
2014-05-14,18.26,18.67,18.20,18.40,980426,18185996.00
2014-05-15,18.23,18.50,17.66,18.28,1899265,34522020.00
2014-05-16,18.11,18.22,17.48,17.98,1233982,22105120.00
2014-05-19,18.00,18.18,17.82,18.14,743158,13429206.00
2014-05-20,18.16,18.29,17.25,17.64,1997078,35507612.00
2014-05-21,17.54,18.25,17.40,18.11,2526820,45518224.00
2014-05-22,18.05,18.32,17.90,17.92,1048134,19108680.00
2014-05-23,17.93,18.23,17.88,18.22,1145238,20747514.00
2014-05-26,18.20,18.80,18.05,18.28,2201142,40648192.00
2014-05-27,18.28,18.33,17.93,18.11,1622327,29621362.00
2014-05-28,17.93,19.25,17.93,19.03,3557480,67245840.00
2014-05-29,18.99,19.69,18.90,19.20,3124585,60787728.00
2014-05-30,19.35,19.60,18.97,19.41,2515485,48874152.00
2014-06-03,19.39,19.55,18.90,18.90,2482797,47818324.00
2014-06-04,19.00,19.01,17.71,18.20,4438647,80951224.00
2014-06-05,18.07,18.34,17.92,18.23,1645492,30086656.00
2014-06-06,18.16,18.45,17.79,18.12,1499434,27242298.00
2014-06-09,18.01,18.13,17.85,18.06,873755,15773010.00
2014-06-10,18.04,18.30,17.98,18.21,1360573,24838052.00
2014-06-11,18.24,18.25,18.01,18.14,1110388,20218618.00
2014-06-12,18.15,18.15,17.91,18.03,942793,17066086.00
2014-06-13,18.14,18.36,18.07,18.31,2003919,36659984.00
2014-06-16,18.40,19.10,18.33,18.88,2500316,47325812.00
2014-06-17,18.88,19.00,18.50,18.50,1427700,26787664.00
2014-06-18,18.49,18.56,18.16,18.37,962020,17723230.00
2014-06-19,18.38,18.66,17.83,18.10,1337007,24586506.00
2014-06-20,17.97,18.24,17.94,18.15,780475,14164830.00
2014-06-23,18.15,18.35,17.93,18.10,1220872,22297304.00
2014-06-24,18.30,18.96,18.21,18.68,3058619,57532680.00
2014-06-25,19.45,19.60,18.70,18.70,5294539,102226208.00
2014-06-26,18.60,19.05,18.38,18.91,2593567,49009468.00
2014-06-27,18.94,19.39,18.94,19.30,2375562,46018184.00
2014-06-30,19.35,20.10,19.26,19.96,4179508,82922384.00
2014-07-01,19.97,20.10,19.70,19.85,3140798,62605148.00
2014-07-02,19.88,20.03,19.74,19.89,2746410,54890276.00
2014-07-03,19.84,19.85,19.60,19.75,1876150,37203940.00
2014-07-04,19.89,20.35,19.66,20.03,2643897,52977760.00
2014-07-07,20.09,20.09,19.78,19.86,1521943,30301246.00
2014-07-08,19.88,19.90,19.65,19.90,1420483,28139024.00
2014-07-09,19.82,20.73,19.80,20.14,4810577,97789432.00
2014-07-10,20.13,20.46,19.61,19.94,3320152,66446116.00
2014-07-11,19.95,19.95,19.63,19.91,2138862,42291852.00
2014-07-14,19.80,20.15,19.80,20.08,1645217,32873046.00
2014-07-15,20.02,20.98,19.91,20.47,2359062,48264388.00
2014-07-16,20.20,22.00,20.06,21.93,4328521,91347904.00
2014-07-17,21.50,21.80,21.23,21.64,3442744,74225504.00
2014-07-18,21.65,21.65,21.20,21.35,2762469,59141088.00
2014-07-21,21.38,21.89,20.83,21.09,3877672,83438536.00
2014-07-22,21.11,21.45,20.60,21.10,2153673,45673468.00
2014-07-23,21.00,21.13,20.43,20.69,2998627,61896764.00
2014-07-24,20.85,20.85,19.68,19.87,3060974,61293592.00
2014-07-25,19.86,20.26,19.86,20.10,1532068,30756520.00
2014-07-28,20.27,20.28,19.50,20.10,3007020,59730508.00
2014-07-29,20.09,20.29,19.93,20.14,2882070,57984356.00
2014-07-30,20.16,20.64,20.00,20.59,2647229,53868276.00
2014-07-31,20.70,21.15,20.41,20.82,2550502,53091216.00
2014-08-01,20.82,21.30,20.62,21.00,3873158,81237384.00
2014-08-04,21.00,21.43,20.85,21.22,2158671,45793044.00
2014-08-05,21.25,21.58,21.09,21.54,2314610,49299644.00
2014-08-06,21.55,21.99,21.40,21.78,2300276,50062692.00
2014-08-07,21.77,21.95,21.31,21.31,2717858,58428108.00
2014-08-08,21.28,21.42,21.05,21.33,1704565,36211860.00
2014-08-11,21.33,21.88,21.21,21.85,2168653,47165684.00
2014-08-12,21.80,22.50,21.63,22.35,3007170,66746692.00
2014-08-13,22.55,22.65,21.92,22.23,2344472,51911240.00
2014-08-14,22.15,22.30,22.00,22.12,1643039,36351844.00
2014-08-15,22.20,22.30,21.90,22.13,1956118,43248696.00
2014-08-18,22.13,22.65,21.80,22.62,2973068,66719264.00
2014-08-19,22.62,23.19,22.51,23.08,2662801,61343600.00
2014-08-20,23.07,23.10,22.79,22.82,3861806,88770808.00
2014-08-21,22.85,23.09,22.35,22.61,2509084,56813432.00
2014-08-22,22.74,23.44,22.50,23.32,3182233,73021248.00
2014-08-25,23.26,23.47,22.81,22.83,1636956,37743864.00
2014-08-26,22.80,22.93,22.10,22.44,3281488,73655864.00
2014-08-27,22.41,22.59,22.35,22.45,1781127,39949232.00
2014-08-28,22.41,22.76,22.36,22.57,1330044,30016770.00
2014-08-29,22.58,22.76,22.50,22.60,1055398,23835178.00
2014-09-01,22.60,23.09,22.60,23.00,1782727,40832600.00
2014-09-02,23.01,23.45,22.68,23.29,1898987,43788640.00
2014-09-03,23.35,23.49,22.88,23.15,3640138,83824008.00
2014-09-04,23.11,23.15,22.88,23.11,1339580,30849044.00
2014-09-05,23.08,24.00,22.72,23.89,3693596,86334112.00
2014-09-09,23.82,23.82,23.33,23.62,1762878,41545552.00
2014-09-10,23.70,23.70,23.35,23.53,1566272,36781928.00
2014-09-11,23.53,23.79,23.05,23.18,2203740,51567292.00
2014-09-12,23.12,23.77,23.12,23.75,2071487,48830764.00
2014-09-15,23.71,23.85,23.39,23.72,2704932,63877876.00
2014-09-16,23.60,23.66,22.22,22.50,4351118,99300144.00
2014-09-17,22.44,22.58,21.60,22.22,3626816,80032904.00
2014-09-18,22.14,23.29,21.93,22.29,2824117,63513812.00
2014-09-19,22.29,22.70,22.28,22.63,1146574,25778778.00
2014-09-22,22.75,22.96,22.22,22.90,2717301,61369216.00
2014-09-23,22.80,24.44,22.71,24.08,7029286,166791152.00
2014-09-24,23.98,24.56,23.77,24.39,3651413,89017200.00
2014-09-25,24.31,24.95,23.95,24.00,3053226,74588592.00
2014-09-26,24.10,24.45,23.91,24.27,1980916,47855964.00
2014-09-29,24.31,25.08,24.30,24.80,2329932,57634328.00
2014-09-30,24.75,25.29,24.67,25.04,2109747,52817576.00
2014-10-08,25.00,25.80,24.66,25.35,4435658,112159920.00
2014-10-09,25.18,25.36,24.51,24.86,3658331,90946888.00
2014-10-10,24.80,24.93,24.61,24.80,1511578,37458996.00
2014-10-13,24.82,24.82,24.00,24.24,2691136,64988184.00
2014-10-14,24.39,24.62,23.90,24.00,2920142,70807192.00
2014-10-15,24.20,25.30,24.20,25.14,5509290,136636656.00
2014-10-16,25.08,25.48,24.90,25.02,3259802,82188392.00
2014-10-17,25.03,25.34,24.40,25.18,3224105,79887272.00
2014-10-20,25.18,25.49,24.93,25.26,2338449,58813824.00
2014-10-21,25.16,25.79,25.03,25.18,2033372,51710700.00
2014-10-22,25.24,25.29,24.40,24.68,2340768,57891920.00
2014-10-23,24.55,24.69,24.02,24.34,1721451,41704588.00
2014-10-24,24.34,25.18,24.25,24.97,2367641,58808448.00
2014-10-27,24.97,25.03,24.47,24.98,1565701,38894888.00
2014-10-28,25.01,25.43,25.01,25.35,2206871,55759048.00
2014-10-29,25.38,26.48,25.27,26.44,4303616,111320784.00
2014-10-30,26.40,26.70,26.10,26.42,2270497,59792548.00
2014-10-31,26.42,26.47,25.45,25.56,2423679,62622400.00
2014-11-03,25.58,25.95,25.33,25.95,1922566,49380872.00
2014-11-04,25.91,26.22,25.61,25.86,2068078,53518680.00
2014-11-05,25.85,25.90,25.40,25.88,857065,22013732.00
2014-11-06,25.85,26.07,25.67,26.00,853120,22086052.00
2014-11-07,26.02,26.73,25.76,25.77,3601591,94657640.00
2014-11-10,25.81,26.06,25.20,25.80,2575662,66155032.00
2014-11-11,25.76,25.76,24.42,24.66,2254994,56265840.00
2014-11-12,24.67,25.00,24.55,24.86,1065598,26467174.00
2014-11-13,24.80,24.99,24.36,24.81,1371205,33744536.00
2014-11-14,24.92,24.92,24.22,24.49,1545850,37753520.00
2014-11-17,24.50,25.40,24.39,24.97,2032659,50579428.00
2014-11-18,24.97,25.10,24.50,24.90,644907,16016984.00
2014-11-19,24.99,25.55,24.87,25.29,2695014,67959080.00
2014-11-20,25.29,25.30,24.97,25.30,1399785,35173780.00
2014-11-21,25.34,25.58,25.12,25.31,1365301,34650156.00
2014-11-24,25.31,25.98,25.00,25.88,3760251,95720024.00
2014-11-25,25.98,26.19,25.80,25.98,1391622,36187312.00
2014-11-26,25.99,26.00,25.47,25.80,1764119,45301104.00
2014-11-27,25.73,25.99,25.52,25.65,1305064,33559088.00
2014-11-28,25.68,26.46,25.10,26.25,3059574,79360696.00
2014-12-01,26.22,26.73,25.33,25.97,2643795,68460480.00
2014-12-02,25.83,26.07,25.50,25.80,1590714,41075436.00
2014-12-03,25.82,25.82,25.30,25.58,2338115,59572040.00
2014-12-04,25.66,26.10,25.51,25.79,2475783,64076940.00
2014-12-05,25.85,25.88,24.88,25.85,4463214,113191416.00
2014-12-08,25.88,25.88,25.44,25.75,3267581,83640592.00
2014-12-09,25.74,25.75,24.98,24.98,2555442,64869568.00
2014-12-10,24.98,25.30,24.06,25.01,1966917,48774424.00
2014-12-11,25.01,25.33,24.57,25.08,1774745,44570332.00
2014-12-12,25.18,27.59,24.93,27.59,4934642,130494240.00
2014-12-15,27.99,29.09,27.50,28.60,5459494,155306016.00
2014-12-16,28.40,30.35,28.20,29.30,3496850,101473792.00
2014-12-17,29.38,29.38,28.60,28.66,2260472,65184192.00
2014-12-18,28.65,29.80,28.30,28.76,2846134,82463120.00
2014-12-19,28.76,29.00,27.85,28.07,2057635,58041276.00
2014-12-22,28.01,28.01,26.35,27.12,2222623,59763092.00
2014-12-23,27.05,27.37,26.48,26.48,1550866,41598388.00
2014-12-24,26.51,27.45,26.40,26.52,2790505,74609152.00
2014-12-25,26.61,27.25,26.61,26.94,1243087,33498386.00
2014-12-26,26.80,27.90,26.61,27.86,5844787,157398560.00
2014-12-29,28.01,28.17,26.80,27.08,3126362,85357640.00
2014-12-30,27.00,27.19,25.85,26.04,2656545,70006728.00
2014-12-31,26.10,26.35,24.51,26.10,6591269,166564192.00
2015-01-05,25.98,25.98,24.71,25.06,2550619,63962172.00
2015-01-06,25.06,25.48,24.36,25.41,4512896,111706888.00
2015-01-07,25.39,25.50,24.90,25.03,1879034,47201100.00
2015-01-08,25.03,25.50,24.83,25.05,2427116,60984744.00
2015-01-09,25.05,25.42,24.78,24.82,2281313,57134952.00
2015-01-12,24.83,24.88,22.99,23.58,3541405,85263784.00
2015-01-13,23.64,23.74,22.96,23.32,2624020,61075100.00
2015-01-14,23.50,24.15,23.20,24.10,2384728,56635784.00
2015-01-15,24.18,24.39,23.72,23.80,1326803,31723694.00
2015-01-16,23.80,23.97,23.25,23.75,1717988,40382660.00
2015-01-19,23.12,23.99,23.11,23.90,2075620,48841124.00
2015-01-20,23.79,24.74,23.62,24.28,3019133,73091608.00
2015-01-21,24.35,24.90,24.20,24.79,2044000,50332932.00
2015-01-22,24.80,25.48,24.71,25.40,2510393,62998620.00
2015-01-23,25.44,25.45,24.80,24.83,1411238,35438776.00
2015-01-26,24.83,25.06,24.50,24.90,1770760,43902012.00
2015-01-27,24.94,25.02,24.52,24.80,1681265,41711116.00
2015-01-28,24.80,25.54,24.45,25.45,2703901,67742656.00
2015-01-29,25.25,26.51,25.11,26.42,6892558,179212896.00
2015-01-30,26.40,26.40,25.36,25.68,2989741,76957264.00
2015-02-02,25.40,25.60,24.21,24.52,1592590,39370972.00
2015-02-03,24.53,24.90,24.31,24.61,1620255,39876088.00
2015-02-04,24.78,24.78,24.31,24.67,1804981,44289500.00
2015-02-05,24.72,24.83,24.34,24.40,1612487,39690324.00
2015-02-06,24.40,24.75,24.23,24.59,1853919,45502484.00
2015-02-09,24.59,25.14,24.50,24.70,1231510,30604078.00
2015-02-10,24.70,24.79,24.25,24.59,821660,20190782.00
2015-02-11,24.79,25.30,24.65,25.16,1695044,42399792.00
2015-02-12,25.19,25.38,25.10,25.12,1194360,30087092.00
2015-02-13,25.20,26.80,25.14,26.72,7179156,187840176.00
2015-02-16,26.72,29.39,26.70,28.96,13908316,403239488.00
2015-02-17,28.55,29.33,27.70,28.43,6391477,182984224.00
2015-02-25,28.44,28.80,27.91,28.60,2447838,69215816.00
2015-02-26,28.65,29.10,28.13,28.24,3074027,87682688.00
2015-02-27,28.30,28.80,27.49,27.50,3434662,95989928.00
2015-03-02,28.10,29.31,27.70,28.89,5363759,152977872.00
2015-03-03,28.89,29.40,28.62,28.96,4618735,134308960.00
2015-03-04,28.91,30.52,28.91,29.49,7557448,226489936.00
2015-03-05,29.49,29.88,28.72,28.95,2757769,80224600.00
2015-03-06,29.00,29.08,27.99,28.14,2871832,81027664.00
2015-03-09,28.15,28.32,28.02,28.22,1756163,49457816.00
2015-03-10,28.26,28.57,28.06,28.40,1628021,46046516.00
2015-03-11,28.47,28.47,27.41,27.79,3451093,95564792.00
2015-03-12,27.77,29.97,27.25,29.00,5426123,154961776.00
2015-03-13,29.03,29.03,28.29,28.45,2784298,79539312.00
2015-03-16,28.45,29.15,28.20,28.81,4442883,126911880.00
2015-03-17,28.86,30.03,28.81,29.36,6480102,190964192.00
2015-03-18,29.35,30.30,29.30,29.93,5116024,152201872.00
2015-03-19,29.92,29.92,29.20,29.33,3658177,107968936.00
2015-03-20,29.30,29.45,28.00,29.43,5819768,168986608.00
2015-03-23,29.40,29.40,28.86,29.11,8343980,242189584.00
2015-03-24,29.10,31.08,29.10,31.01,13444838,405344448.00
2015-03-25,31.11,31.15,30.00,30.49,6634869,202441872.00
2015-03-26,30.30,30.30,29.07,29.92,6460454,191033376.00
2015-03-27,29.82,30.95,29.53,30.90,5946117,180367360.00
2015-03-30,30.95,31.33,29.90,30.72,7015601,214013056.00
2015-03-31,30.78,31.19,30.28,30.61,9127226,280864000.00
2015-04-01,30.49,30.85,30.08,30.70,5622996,171264832.00
2015-04-02,30.73,30.89,30.10,30.61,5861791,178737824.00
2015-04-03,30.56,31.75,30.22,31.38,9507954,295833120.00
2015-04-07,31.58,33.56,31.32,32.45,7497439,242917296.00
2015-04-08,32.50,32.74,31.10,31.80,6233753,198495344.00
2015-04-09,31.75,31.75,30.12,30.85,4670666,143536144.00
2015-04-10,30.90,31.78,30.54,31.53,4681205,146760576.00
2015-04-13,31.91,32.31,31.50,31.72,5679900,180763328.00
2015-04-14,31.64,31.64,30.60,31.00,4599267,143169408.00
2015-04-15,31.30,31.30,29.80,30.04,4320835,130857576.00
2015-04-16,29.92,30.60,28.82,30.51,3940664,117641480.00
2015-04-17,30.53,30.63,29.88,30.07,4706778,142250016.00
2015-04-20,29.70,30.28,29.00,29.50,5471059,161946144.00
2015-04-21,29.51,30.74,29.51,30.42,5116600,155063168.00
2015-04-22,30.42,31.88,30.39,31.09,4988400,155826192.00
2015-04-23,31.15,31.86,30.85,31.49,6394799,200835232.00
2015-04-24,31.10,31.75,30.00,31.72,7388290,230586288.00
2015-04-27,31.78,33.49,31.78,32.62,10411545,338573152.00
2015-04-28,32.71,32.71,31.41,32.40,6106798,196616480.00
2015-04-29,32.19,34.88,31.90,34.40,8867720,298786208.00
2015-04-30,34.40,37.23,34.01,36.57,9195587,333228352.00
2015-05-04,36.55,37.48,35.87,36.50,4550606,166845920.00
2015-05-05,36.48,37.20,34.81,35.98,5293598,190259504.00
2015-05-06,35.90,36.10,33.00,33.88,4865552,169682848.00
2015-05-07,34.06,35.36,33.10,33.99,4015305,137971952.00
2015-05-08,34.23,35.70,34.01,35.55,4503690,156318816.00
2015-05-11,35.62,36.69,35.01,36.55,6531254,234772288.00
2015-05-12,36.55,36.90,36.13,36.90,4123263,150734688.00
2015-05-13,36.87,38.75,36.20,37.51,4987545,188798112.00
2015-05-14,37.43,38.25,36.58,37.00,4416611,165131152.00
2015-05-15,36.94,38.11,36.22,36.80,5032781,187143280.00
2015-05-18,36.50,38.26,36.31,37.60,4686246,175981712.00
2015-05-19,38.00,39.95,37.32,39.28,5743879,222281088.00
2015-05-20,39.58,41.10,39.19,40.18,7937803,319026784.00
2015-05-21,40.36,44.20,39.91,44.20,6906572,297804416.00
2015-05-22,45.00,45.68,43.02,44.55,6110387,269706592.00
2015-05-25,44.05,49.00,43.01,47.60,7136994,335704768.00
2015-05-26,47.75,49.66,47.00,49.59,7621281,371556320.00
2015-05-27,49.67,51.48,49.08,50.78,6576932,330523296.00
2015-05-28,50.49,51.57,47.00,47.93,7949397,389089888.00
2015-05-29,48.00,48.70,44.03,48.30,6911271,325027680.00
2015-06-01,48.30,50.70,47.90,49.88,3740151,183502224.00
2015-06-02,49.88,52.50,49.00,52.33,6800571,345212032.00
2015-06-03,53.00,57.56,51.80,57.56,10085081,556388736.00
2015-06-04,58.58,58.88,53.13,54.03,10134984,574695488.00
2015-06-05,55.15,57.88,55.00,56.69,8822159,495508000.00
2015-06-08,56.10,57.00,52.50,56.37,5295621,289055136.00
2015-06-09,56.10,56.56,53.79,54.75,3943430,216455744.00
2015-06-10,54.00,56.39,53.00,55.45,3277601,181572976.00
2015-06-11,55.55,56.86,55.00,56.78,4269325,240057616.00
2015-06-12,56.78,60.30,56.77,59.60,5460642,324993568.00
2015-06-15,60.30,60.30,53.64,53.64,6781572,384929984.00
2015-06-16,53.65,54.21,51.30,52.00,5544540,290572864.00
2015-06-17,52.65,53.90,47.25,52.20,6836403,342111712.00
2015-06-18,53.00,53.00,49.01,49.88,3273219,166773968.00
2015-06-19,49.00,50.80,46.02,48.15,3799403,184527888.00
2015-06-23,48.15,49.23,44.01,46.97,3567025,165425008.00
2015-06-24,46.97,48.00,44.99,46.70,3671657,170975872.00
2015-06-25,46.90,47.61,44.50,44.80,3579785,165683520.00
2015-06-26,43.10,43.50,40.32,40.32,3190975,131616816.00
2015-06-29,41.00,41.45,36.29,36.29,4909208,182663648.00
2015-06-30,32.80,38.40,32.66,38.00,7642067,266724496.00
2015-07-01,36.90,38.35,34.20,34.20,4989645,181162192.00
2015-07-02,33.50,33.50,30.78,30.78,4247450,133223048.00
2015-07-03,27.73,31.78,27.70,27.70,8647618,242255776.00
2015-07-06,29.11,30.40,24.93,24.93,14643875,381455552.00
2015-07-07,22.48,23.20,22.44,22.44,2824522,63509304.00
2015-07-08,20.20,23.68,20.20,22.30,34643128,722356288.00
2015-07-09,21.80,24.53,21.00,24.53,10051429,232465552.00
2015-07-10,25.99,26.98,25.55,26.98,3657197,97582504.00
2015-07-13,29.00,29.68,27.10,29.68,8042118,232067536.00
2015-07-14,29.67,32.22,28.18,30.79,12721482,387485760.00
2015-07-15,29.90,29.92,27.71,27.71,5780887,164682368.00
2015-07-16,27.71,29.60,24.95,27.87,7001797,193716640.00
2015-07-17,27.91,30.37,27.90,29.82,5292024,155594400.00
2015-07-20,29.80,31.37,29.20,29.70,6297081,190288016.00
2015-07-21,29.33,30.63,28.10,30.13,4444243,132745536.00
2015-07-22,29.90,31.99,29.43,31.90,7067255,216760704.00
2015-07-23,32.20,33.00,30.78,32.65,6357601,204516240.00
2015-07-24,32.45,35.50,31.12,32.60,7890919,264508288.00
2015-07-27,31.91,33.49,29.34,29.34,6534428,205903712.00
2015-07-28,28.30,30.47,26.41,27.16,6974356,191876208.00
2015-07-29,27.62,29.10,26.61,29.05,4177345,115279200.00
2015-07-30,29.19,30.53,27.95,29.18,4588923,135855824.00
2015-07-31,28.59,29.29,27.54,29.10,3068201,87968712.00
2015-08-03,28.79,28.85,26.30,27.60,3559131,98676512.00
2015-08-04,27.90,30.20,24.84,30.08,5186887,146505552.00
2015-08-05,29.21,30.58,28.91,29.00,3943015,116961720.00
2015-08-06,28.50,29.20,27.00,28.00,2488798,70678296.00
2015-08-07,28.50,29.18,28.12,28.98,2827621,81443072.00
2015-08-10,29.05,31.88,29.05,31.88,4888242,151439808.00
2015-08-11,32.68,33.45,31.98,32.99,6319149,206787424.00
2015-08-12,32.20,33.65,32.12,32.38,3291868,107696520.00
2015-08-13,31.53,33.80,31.10,33.52,4036922,131255568.00
2015-08-14,34.00,34.50,32.80,33.66,4048529,136251104.00
2015-08-17,33.10,34.89,32.28,34.65,6001940,199936400.00
2015-08-18,34.64,36.13,31.19,31.19,6403659,217795872.00
2015-08-19,31.19,33.34,28.18,33.10,4986990,154816256.00
2015-08-20,32.68,33.85,31.45,31.82,4183864,137417872.00
2015-08-21,30.73,31.78,29.30,30.60,3254393,99120688.00
2015-08-24,29.00,29.00,27.54,27.54,1605000,44420412.00
2015-08-25,24.79,25.00,24.79,24.79,1609900,39918768.00
2015-08-26,24.79,25.50,22.31,22.31,5164277,120257296.00
2015-08-27,21.92,23.60,20.51,23.47,4841805,107367600.00
2015-08-28,23.46,25.30,23.02,25.30,4709673,113433768.00
2015-08-31,25.00,25.00,22.77,23.50,3200438,76203952.00
2015-09-01,23.00,23.10,21.15,21.15,2409675,52027540.00
2015-09-02,19.25,21.39,19.04,19.04,4392962,85494224.00
2015-09-07,19.50,20.20,19.11,19.16,2937317,57521412.00
2015-09-08,19.17,20.15,18.15,20.00,4079274,77956168.00
2015-09-09,20.29,21.65,20.15,21.50,5139150,108317496.00
2015-09-10,20.68,21.51,20.58,20.63,2907943,61220876.00
2015-09-11,20.70,21.09,20.51,20.90,2304648,47945640.00
2015-09-14,21.16,21.17,18.81,18.81,3186435,62746088.00
2015-09-15,17.90,17.99,16.93,16.93,3584272,61726420.00
2015-09-16,16.93,18.62,16.80,18.62,4113788,72407488.00
2015-09-17,18.60,19.50,18.05,18.05,3738230,70393496.00
2015-09-22,19.45,19.45,19.45,19.45,0,0.00
数据来源:通达信
