002324 普利特 日线 前复权
      日期	    开盘	    最高	    最低	    收盘	    成交量	    成交额
2009-12-18,16.86,17.30,14.45,14.70,19002919,617224640.00
2009-12-21,15.09,16.05,14.63,15.73,11282101,364498720.00
2009-12-22,15.25,15.55,14.30,14.60,7942338,247317184.00
2009-12-23,14.71,15.13,14.56,14.69,4466516,138385824.00
2009-12-24,14.60,15.29,14.05,15.05,7250078,224960496.00
2009-12-25,14.80,16.60,14.59,16.12,9063510,296012544.00
2009-12-28,15.80,16.45,15.73,16.24,6593508,221771136.00
2009-12-29,16.12,17.70,16.06,17.10,7968573,282506752.00
2009-12-30,16.92,17.17,16.31,16.41,5833470,202351840.00
2009-12-31,16.48,16.79,16.13,16.61,4043848,138647616.00
2010-01-04,16.65,17.23,16.49,16.51,5220000,183084736.00
2010-01-05,16.35,16.40,15.70,16.07,5712256,191021712.00
2010-01-06,15.89,16.50,15.89,16.04,3357288,113736056.00
2010-01-07,15.90,16.29,15.56,15.80,3359423,111338968.00
2010-01-08,15.63,16.04,15.10,15.37,3105559,100606024.00
2010-01-11,15.25,15.85,14.90,15.75,2885294,93190024.00
2010-01-12,15.65,17.05,15.56,16.43,4919593,168783424.00
2010-01-13,16.18,17.05,16.13,16.83,4444254,155141296.00
2010-01-14,16.95,17.00,16.55,16.88,3783136,132314584.00
2010-01-15,16.89,17.63,16.74,16.74,3522561,125930448.00
2010-01-18,16.65,17.00,16.49,16.83,2183834,76129536.00
2010-01-19,16.85,16.95,16.24,16.95,3002171,103710256.00
2010-01-20,16.91,17.88,16.64,17.29,5955661,213951168.00
2010-01-21,17.10,18.05,16.68,17.75,5901251,214529568.00
2010-01-22,17.55,18.30,17.21,17.69,5978866,221128368.00
2010-01-26,17.28,17.30,15.86,16.10,4621224,160121728.00
2010-01-27,15.90,16.09,15.31,15.50,2621980,86134400.00
2010-01-28,15.21,15.68,14.81,14.98,3326623,106067680.00
2010-01-29,14.71,15.46,14.65,15.10,2043748,64898308.00
2010-02-01,14.96,15.00,14.26,14.39,2159503,65749416.00
2010-02-02,14.60,14.79,14.33,14.44,1729869,52789192.00
2010-02-03,14.55,15.03,14.13,15.01,2140549,65789208.00
2010-02-04,14.80,14.95,14.53,14.67,2001161,61658096.00
2010-02-05,14.25,14.42,13.30,13.56,2926361,85697872.00
2010-02-08,13.38,13.85,13.38,13.62,1098415,31524550.00
2010-02-09,13.61,14.21,13.53,13.83,1195835,35024660.00
2010-02-10,13.95,14.08,13.80,14.05,974472,28568982.00
2010-02-11,14.13,14.13,13.80,14.03,1049209,30777054.00
2010-02-12,14.04,14.40,14.04,14.39,1169761,35017024.00
2010-02-22,14.30,14.45,14.19,14.28,1484127,44563996.00
2010-02-23,14.30,14.39,13.56,13.92,1438600,41838696.00
2010-02-24,13.80,14.45,13.71,14.43,1696292,50771844.00
2010-02-25,15.35,15.90,15.15,15.21,3648713,118016808.00
2010-02-26,15.05,15.68,15.05,15.21,1930471,61952828.00
2010-03-01,15.20,15.58,15.11,15.41,1649889,53030048.00
2010-03-02,15.44,15.79,15.26,15.65,1764190,57322456.00
2010-03-03,15.60,15.98,15.51,15.67,1530887,50420756.00
2010-03-04,15.59,15.70,14.55,14.65,2366491,74945136.00
2010-03-05,14.61,14.89,14.47,14.64,1410022,43450392.00
2010-03-08,14.66,15.10,14.64,14.97,977201,30486204.00
2010-03-09,14.97,15.14,14.88,15.01,882617,27761626.00
2010-03-10,14.99,15.19,14.70,14.73,922916,28840902.00
2010-03-11,14.59,15.05,14.59,15.00,901071,27936946.00
2010-03-12,15.02,15.47,15.01,15.10,1702573,54382224.00
2010-03-15,15.09,15.15,14.69,14.89,958438,29844144.00
2010-03-16,14.97,15.18,14.83,14.99,996940,31321436.00
2010-03-17,14.96,15.28,14.96,15.27,1233063,39157600.00
2010-03-18,15.26,15.48,15.05,15.13,4496889,143301440.00
2010-03-19,15.18,15.28,14.88,15.04,2055208,64700300.00
2010-03-22,15.07,15.30,14.98,15.30,2228943,70673112.00
2010-03-23,15.32,15.46,15.10,15.20,1425343,45508408.00
2010-03-24,15.29,15.67,15.14,15.63,2630357,85303784.00
2010-03-25,15.61,16.03,15.53,15.85,3680887,121402232.00
2010-03-26,15.70,16.45,15.53,16.35,3256364,108720584.00
2010-03-29,16.30,16.43,15.91,16.34,2606844,87889272.00
2010-03-30,16.38,16.84,16.17,16.52,2340015,80945168.00
2010-03-31,16.54,16.80,16.43,16.60,2070751,71688440.00
2010-04-01,16.60,17.04,16.42,16.45,2933500,102405752.00
2010-04-02,16.38,16.38,15.92,16.10,3763820,126655760.00
2010-04-06,16.20,16.70,16.12,16.69,2352288,80297032.00
2010-04-07,16.69,16.93,16.47,16.62,3042020,105741672.00
2010-04-08,16.31,17.02,16.21,16.73,4561624,157274288.00
2010-04-09,16.64,16.95,16.64,16.77,2452125,85920696.00
2010-04-12,16.77,17.60,16.73,17.05,3395894,121386480.00
2010-04-13,17.30,17.79,15.75,17.06,6527078,231800384.00
2010-04-14,16.81,17.74,16.60,17.56,4665735,168461232.00
2010-04-15,17.61,18.04,17.31,17.95,6026645,223046176.00
2010-04-16,17.75,18.34,17.35,18.10,4447167,165821360.00
2010-04-19,18.04,18.35,17.23,17.33,4428569,164758176.00
2010-04-20,17.55,18.74,17.34,18.60,4663213,175605216.00
2010-04-21,18.60,19.40,18.30,19.08,5063714,199279856.00
2010-04-22,18.90,20.15,18.86,20.04,9525958,382831296.00
2010-04-23,20.15,21.31,20.15,20.38,6554966,281270368.00
2010-04-26,20.25,20.80,19.80,20.33,2786326,116603808.00
2010-04-27,20.40,20.42,18.97,19.35,3368257,135233968.00
2010-04-28,18.86,20.04,18.86,20.00,2836459,114215184.00
2010-04-30,19.20,19.52,18.16,18.20,3418628,133590704.00
2010-05-04,17.80,18.55,17.38,18.23,1429218,53903952.00
2010-05-05,17.86,19.74,17.86,19.40,2093618,82888472.00
2010-05-06,19.30,20.04,18.59,18.98,2277613,90651920.00
2010-05-07,18.39,19.61,18.11,19.20,2197176,87261688.00
2010-05-10,19.26,19.71,17.30,18.14,1901066,73129640.00
2010-05-11,18.47,19.05,18.05,18.18,1471321,56481792.00
2010-05-12,18.03,18.72,16.29,16.29,3250685,118417896.00
2010-05-13,16.06,16.89,15.47,16.89,1906137,64178688.00
2010-05-14,16.70,17.30,16.36,17.09,1454537,51435392.00
2010-05-17,16.95,16.95,15.44,15.68,1085382,36795716.00
2010-05-18,15.75,16.35,15.30,15.97,3027753,100242392.00
2010-05-19,15.80,16.55,15.48,16.06,2109293,70880992.00
2010-05-20,15.75,16.24,15.63,15.78,1222767,40593500.00
2010-05-21,15.37,16.13,15.23,16.10,1767762,58203628.00
2010-05-24,16.24,17.04,16.24,16.86,1940302,67646768.00
2010-05-25,16.65,17.16,16.46,16.75,1888269,65956780.00
2010-05-26,16.70,17.20,16.55,17.00,1669714,58831752.00
2010-05-27,17.13,17.61,17.01,17.59,2434530,87983528.00
2010-05-28,17.80,17.85,17.25,17.54,2000512,72999952.00
2010-05-31,17.25,17.49,16.43,16.58,2447524,86758784.00
2010-06-01,16.42,16.55,15.60,15.90,1921370,64108760.00
2010-06-02,15.81,15.90,15.30,15.90,2229931,72750272.00
2010-06-03,15.99,16.55,15.84,16.00,2517027,84997552.00
2010-06-04,15.80,16.35,15.58,16.28,1077687,35994968.00
2010-06-07,15.81,16.73,15.74,16.60,1748364,59742512.00
2010-06-08,16.45,16.98,16.42,16.83,1638444,57197020.00
2010-06-09,16.84,17.23,16.84,17.18,1735803,61655764.00
2010-06-10,17.15,17.68,17.06,17.38,1361502,49211328.00
2010-06-11,17.36,17.55,16.91,17.05,1524210,54429772.00
2010-06-17,17.13,17.30,16.05,16.15,1636357,56839724.00
2010-06-18,16.13,16.39,15.42,15.51,1385084,45798244.00
2010-06-21,15.71,16.05,15.46,15.90,1265717,41275108.00
2010-06-22,15.96,16.28,15.91,16.08,992904,33182928.00
2010-06-23,15.96,16.43,15.85,16.33,1118543,37534456.00
2010-06-24,16.32,16.54,16.04,16.14,1111371,37178204.00
2010-06-25,15.98,16.12,15.47,15.63,1148308,37344896.00
2010-06-28,15.49,15.71,15.38,15.54,930039,29896664.00
2010-06-29,15.60,15.64,13.93,13.93,2481400,73951168.00
2010-06-30,13.78,13.78,12.90,13.10,3798864,103864128.00
2010-07-01,13.00,13.22,12.80,12.95,1572054,42510408.00
2010-07-02,12.95,13.05,12.28,12.74,1429286,37630516.00
2010-07-05,12.45,13.05,12.40,12.85,1227535,32848480.00
2010-07-06,12.85,13.28,12.75,13.10,1520187,41457700.00
2010-07-07,13.13,13.29,12.73,13.25,1506575,40803224.00
2010-07-08,13.22,13.42,13.09,13.11,1410194,38939304.00
2010-07-09,13.10,13.85,12.95,13.66,2019438,56851320.00
2010-07-12,13.55,14.04,13.50,13.67,1296252,37150764.00
2010-07-13,13.67,13.67,13.19,13.39,1045152,29175192.00
2010-07-14,13.40,13.95,13.39,13.63,1375764,39076216.00
2010-07-15,13.63,13.74,13.11,13.15,1037647,29023942.00
2010-07-16,13.03,13.29,12.85,13.29,788851,21485910.00
2010-07-19,13.15,13.78,13.06,13.74,941147,26439560.00
2010-07-20,13.75,14.25,13.63,14.15,2646764,77530384.00
2010-07-21,14.08,14.43,14.00,14.06,1701336,50264908.00
2010-07-22,14.10,14.35,13.95,14.22,1025605,30140534.00
2010-07-23,14.23,14.51,14.08,14.40,1516962,45033232.00
2010-07-26,14.40,14.73,14.19,14.40,1453593,43561696.00
2010-07-27,14.32,14.44,14.09,14.13,1286204,37878968.00
2010-07-28,14.09,14.54,14.00,14.54,1775080,52696104.00
2010-07-29,14.62,14.70,14.12,14.43,1835372,54812740.00
2010-07-30,14.43,14.43,14.06,14.23,1836838,54149364.00
2010-08-02,14.22,15.26,14.13,15.26,3314083,101180584.00
2010-08-03,15.31,16.10,15.28,15.59,4147756,134926304.00
2010-08-04,15.55,16.19,15.20,16.12,3235075,104484712.00
2010-08-05,16.05,16.43,15.81,16.25,3178955,106311320.00
2010-08-06,17.50,17.93,17.50,17.93,6070588,223945632.00
2010-08-09,18.95,19.55,18.50,19.40,7687754,300422016.00
2010-08-10,19.00,19.25,18.60,18.70,5362777,208832368.00
2010-08-11,18.99,19.54,18.55,19.06,6289773,247167712.00
2010-08-12,18.70,19.06,17.89,18.05,4757546,180583904.00
2010-08-13,17.96,18.45,17.93,18.29,1954338,73204896.00
2010-08-16,18.29,18.54,17.99,18.43,2674952,100922760.00
2010-08-17,18.60,19.37,18.44,18.80,3651022,142269776.00
2010-08-18,18.99,19.15,17.96,18.13,3355842,126760672.00
2010-08-19,18.30,18.65,18.15,18.42,2529294,95890696.00
2010-08-20,18.20,18.27,17.59,17.69,2114689,77994632.00
2010-08-24,17.55,18.29,17.55,18.09,1509660,56330708.00
2010-08-25,18.01,18.11,17.50,17.57,1365989,49889044.00
2010-08-26,17.55,18.42,17.55,18.25,1821806,68079680.00
2010-08-27,18.00,18.84,18.00,18.80,1784551,68244680.00
2010-08-30,18.84,19.38,18.71,18.80,3527448,137741680.00
2010-08-31,18.85,19.50,18.74,19.50,3032281,119624048.00
2010-09-01,19.43,19.54,18.43,18.75,2668195,104454800.00
2010-09-02,18.96,19.14,18.46,18.80,1875189,72888360.00
2010-09-03,19.06,19.43,18.70,18.83,1981240,77429592.00
2010-09-06,19.00,19.25,18.16,18.20,2121120,81060480.00
2010-09-07,18.20,18.50,17.90,18.20,1707894,63884308.00
2010-09-08,18.15,18.60,18.04,18.60,1125839,42499484.00
2010-09-09,18.62,18.71,18.18,18.22,1247914,47289968.00
2010-09-10,18.21,18.33,17.91,18.14,1555250,57913316.00
2010-09-13,18.08,18.70,18.08,18.55,1468033,55631752.00
2010-09-14,18.55,18.70,18.20,18.38,1169369,44239460.00
2010-09-15,18.38,19.05,18.33,18.37,2775899,107002112.00
2010-09-16,18.29,18.29,16.85,17.35,2334187,84629496.00
2010-09-17,17.40,17.50,17.10,17.38,1028109,36812220.00
2010-09-20,17.45,17.69,17.12,17.23,642644,22997914.00
2010-09-21,17.36,17.37,16.54,16.71,900938,31509772.00
2010-09-27,16.86,17.95,16.74,17.90,1135389,40875200.00
2010-09-28,17.89,17.90,17.35,17.48,989457,36086684.00
2010-09-29,17.52,17.82,17.25,17.30,662956,24031272.00
2010-09-30,17.30,17.75,17.20,17.65,784854,28428224.00
2010-10-08,18.01,18.42,17.76,18.21,1446396,54228928.00
2010-10-11,18.23,18.45,18.05,18.20,1002843,37622832.00
2010-10-12,18.20,18.94,18.10,18.47,1243623,47510288.00
2010-10-13,18.15,18.15,17.26,17.41,2248719,81087800.00
2010-10-14,17.10,17.35,16.76,16.99,2140587,75422704.00
2010-10-15,16.86,16.86,15.38,15.76,3519771,116943816.00
2010-10-18,15.71,15.71,14.96,15.25,1335639,42001020.00
2010-10-19,15.39,16.20,15.39,16.15,1185167,39133944.00
2010-10-20,16.00,16.69,15.81,16.50,1382399,46924076.00
2010-10-21,16.45,16.50,16.13,16.35,654364,22015084.00
2010-10-22,16.55,16.73,16.34,16.50,744607,25443204.00
2010-10-25,16.50,17.06,16.23,16.91,1467822,50848344.00
2010-10-27,16.85,17.39,16.71,17.14,1923032,68075064.00
2010-10-28,17.13,17.20,16.47,16.91,1129194,39211852.00
2010-10-29,16.89,17.05,16.53,16.95,1217850,42349544.00
2010-11-01,17.05,18.35,16.98,18.22,2569626,94348824.00
2010-11-02,18.23,18.50,17.79,17.80,2035455,76109472.00
2010-11-03,17.74,17.89,17.30,17.31,1119829,40487868.00
2010-11-04,17.23,17.54,17.20,17.44,1270348,45369764.00
2010-11-05,17.57,18.70,17.27,18.67,2652745,98422920.00
2010-11-08,18.85,19.26,18.67,18.74,3643315,141842752.00
2010-11-09,18.60,19.34,18.40,19.30,3142006,123725232.00
2010-11-10,19.45,20.16,19.18,19.20,2831006,113871536.00
2010-11-11,19.15,19.45,18.72,18.74,2510707,98567536.00
2010-11-12,18.65,18.65,17.10,17.13,2345376,86688344.00
2010-11-15,17.35,17.85,16.79,17.80,2805352,99872408.00
2010-11-16,17.80,18.09,16.85,17.05,1915037,69209936.00
2010-11-17,16.95,17.45,16.21,16.46,1240010,43398468.00
2010-11-18,16.71,17.25,16.53,17.08,1105093,38611312.00
2010-11-19,17.23,18.05,17.10,18.04,2448072,89184056.00
2010-11-22,18.00,19.45,18.00,19.41,4498320,175843888.00
2010-11-24,19.95,21.10,19.45,20.80,5481272,232257088.00
2010-11-25,20.89,22.09,20.68,21.21,4850978,213191408.00
2010-11-26,20.50,22.45,20.50,21.95,3447644,153749312.00
2010-11-29,22.15,22.39,21.45,21.80,2212119,99466560.00
2010-11-30,21.85,22.75,20.46,22.63,4320344,193144080.00
2010-12-01,22.24,22.58,21.96,22.06,1683252,76687568.00
2010-12-02,22.35,22.54,21.40,21.44,2005308,89744000.00
2010-12-03,21.45,21.85,20.75,21.19,1587206,68852576.00
2010-12-06,21.10,21.29,20.34,20.51,1596740,67880816.00
2010-12-07,20.46,21.43,20.27,21.31,1353413,58531880.00
2010-12-08,21.29,22.08,21.21,21.53,1555595,69199392.00
2010-12-09,21.38,21.78,21.05,21.57,1424828,62551980.00
2010-12-10,21.55,22.55,21.26,22.35,1977902,89717152.00
2010-12-13,22.53,23.74,22.10,22.24,3165171,148082448.00
2010-12-14,22.24,22.99,22.15,22.90,2233202,103148368.00
2010-12-16,22.70,22.95,22.25,22.56,1760718,81421952.00
2010-12-17,22.46,22.54,21.84,22.02,1471311,66305844.00
2010-12-20,22.06,22.94,21.73,22.70,1954880,89605528.00
2010-12-21,22.71,22.93,22.28,22.90,1292710,59999888.00
2010-12-22,22.69,22.90,22.19,22.43,1656099,76144784.00
2010-12-23,22.45,22.45,21.17,21.17,2104115,93535904.00
2010-12-24,20.95,21.10,20.02,20.85,1306425,55152584.00
2010-12-27,20.80,20.85,18.89,18.95,3238059,131727400.00
2010-12-28,18.96,19.27,18.65,18.96,2009265,78565264.00
2010-12-29,18.96,19.20,18.75,18.95,1926517,75057184.00
2010-12-30,19.13,19.54,18.81,19.34,1658287,65588584.00
2010-12-31,19.45,19.74,19.29,19.63,1682862,67511104.00
2011-01-04,19.90,20.12,19.70,20.09,1833480,75026432.00
2011-01-05,20.13,20.63,19.96,20.31,1426315,59503612.00
2011-01-06,20.31,20.45,19.70,19.78,1302731,53314660.00
2011-01-07,19.85,20.18,19.49,19.65,1298238,52976452.00
2011-01-10,19.76,19.76,18.80,18.85,1049479,41453116.00
2011-01-11,18.80,18.81,18.20,18.35,1340742,50852348.00
2011-01-12,18.45,18.92,18.45,18.85,860892,33208932.00
2011-01-13,18.92,19.14,18.81,19.10,885329,34630244.00
2011-01-14,19.10,19.10,18.28,18.38,1407396,53540772.00
2011-01-17,18.28,18.28,17.29,17.46,1038414,37845000.00
2011-01-18,17.32,17.68,17.31,17.59,643990,23227720.00
2011-01-19,17.59,18.04,17.53,18.02,969085,35626752.00
2011-01-20,18.02,18.02,17.15,17.25,1068871,38846432.00
2011-01-21,17.24,17.52,16.90,16.99,1119177,39770252.00
2011-01-24,16.99,17.34,16.20,16.38,2597183,88593840.00
2011-01-25,16.11,16.62,16.11,16.55,526598,17896936.00
2011-01-26,16.58,16.78,16.40,16.70,733609,25235248.00
2011-01-27,16.64,17.17,16.46,16.95,921404,32195470.00
2011-01-28,16.84,16.85,16.25,16.55,2373586,80657264.00
2011-01-31,16.52,16.73,16.29,16.72,1573320,53520948.00
2011-02-01,16.61,17.24,16.59,17.08,1605505,56123140.00
2011-02-09,16.97,17.65,16.80,16.98,1326842,47111328.00
2011-02-10,17.10,17.70,16.84,17.63,1580067,56458076.00
2011-02-11,17.71,18.02,17.49,17.90,1727237,63086336.00
2011-02-14,17.85,18.17,17.83,18.00,1474011,54635920.00
2011-02-15,18.05,18.24,17.70,17.71,1860678,69074416.00
2011-02-16,17.70,18.45,17.65,18.29,1193121,44674080.00
2011-02-17,18.31,19.52,18.30,19.30,3706791,145899072.00
2011-02-18,19.33,19.47,18.87,19.40,2696317,106148248.00
2011-02-21,19.15,19.92,19.10,19.47,2413595,96832648.00
2011-02-22,19.49,19.94,18.89,19.27,2536351,101099080.00
2011-02-23,19.34,20.60,19.20,20.35,5266812,216665824.00
2011-02-24,20.37,20.52,18.96,19.24,4205557,169876000.00
2011-02-25,19.73,19.73,18.11,18.75,5195267,201156192.00
2011-02-28,18.75,19.08,18.46,19.04,2319707,90011840.00
2011-03-01,19.04,19.24,18.75,18.89,2343523,91519256.00
2011-03-02,18.80,19.21,18.50,19.21,2356037,91675368.00
2011-03-03,19.33,19.65,18.89,18.89,2908021,115335624.00
2011-03-04,18.89,19.20,18.78,19.05,1356624,52989216.00
2011-03-07,19.20,19.21,18.91,19.14,1820962,71310896.00
2011-03-08,19.05,19.55,18.89,19.53,2266150,90181424.00
2011-03-09,19.60,19.85,19.40,19.79,2145854,86395008.00
2011-03-10,19.84,19.90,19.50,19.58,1849184,74885928.00
2011-03-11,19.55,20.45,19.45,19.94,3508491,144934992.00
2011-03-14,19.79,20.44,19.79,20.16,2597500,107860816.00
2011-03-15,20.15,20.33,19.40,19.70,2444245,99302360.00
2011-03-16,19.76,19.93,19.47,19.68,1517883,61168740.00
2011-03-17,19.37,19.43,18.69,18.78,2482994,97133240.00
2011-03-18,18.90,19.05,18.66,18.94,1222623,47504076.00
2011-03-21,18.93,19.09,18.73,18.96,944342,36709208.00
2011-03-22,18.99,19.10,18.46,18.95,1145896,44340492.00
2011-03-24,19.21,19.43,19.06,19.07,1240070,49069648.00
2011-03-25,19.19,19.19,18.78,18.87,1658921,64501240.00
2011-03-28,18.89,18.90,18.44,18.46,1503208,57656460.00
2011-03-29,18.46,18.55,17.75,17.78,1591145,59074488.00
2011-03-30,17.77,17.88,17.15,17.30,1686521,60643084.00
2011-03-31,17.31,17.60,17.20,17.51,968933,34858456.00
2011-04-01,17.45,17.63,17.36,17.62,604142,21811666.00
2011-04-06,17.55,17.78,17.50,17.64,737719,26833568.00
2011-04-07,17.64,17.64,17.29,17.59,766714,27606752.00
2011-04-08,17.59,17.93,17.45,17.93,749068,27504970.00
2011-04-11,17.93,18.00,17.49,17.58,1103329,40123188.00
2011-04-12,17.56,18.01,17.56,17.90,1371627,50471896.00
2011-04-13,17.95,18.44,17.86,18.30,1106100,41672632.00
2011-04-14,18.39,18.64,18.06,18.55,1021641,38580100.00
2011-04-15,18.45,18.68,18.31,18.41,706485,26813574.00
2011-04-18,18.31,18.54,18.04,18.43,1103861,41544136.00
2011-04-19,18.35,18.43,17.95,18.40,1314006,49330784.00
2011-04-20,18.59,19.41,18.59,18.66,5687631,111081016.00
2011-04-21,18.40,18.40,17.78,18.17,3742456,69206856.00
2011-04-22,18.05,18.07,17.72,17.76,2623124,48074248.00
2011-04-25,17.64,17.65,16.58,16.60,3041041,53081176.00
2011-04-26,16.61,16.98,16.23,16.69,1653337,28303848.00
2011-04-27,16.70,16.92,16.25,16.44,1585497,26994066.00
2011-04-28,16.45,16.69,15.48,15.50,2418143,39625688.00
2011-04-29,15.52,15.97,15.21,15.86,1489218,23920126.00
2011-05-03,15.86,16.20,15.50,16.02,1069153,17607846.00
2011-05-04,15.99,15.99,15.28,15.34,1730174,27673498.00
2011-05-05,15.36,15.49,15.31,15.43,1035582,16460538.00
2011-05-06,15.50,15.85,15.33,15.75,1039495,16749428.00
2011-05-09,15.75,15.95,15.68,15.79,1011700,16556021.00
2011-05-10,15.85,15.93,15.60,15.86,1035234,16848308.00
2011-05-11,15.86,15.92,15.45,15.82,1290326,20972690.00
2011-05-12,15.72,16.20,15.55,15.81,1588514,26192280.00
2011-05-13,15.58,16.35,15.58,16.34,1728942,28683608.00
2011-05-16,16.50,16.78,16.31,16.56,1887572,32152510.00
2011-05-17,16.66,16.66,16.10,16.30,1218277,20464306.00
2011-05-18,16.26,16.35,15.95,16.06,1215425,20193026.00
2011-05-19,16.16,16.56,16.10,16.11,1300859,21930792.00
2011-05-20,16.12,16.29,15.95,16.05,766731,12742838.00
2011-05-23,15.96,16.00,15.10,15.16,1429276,22731026.00
2011-05-24,14.90,15.25,14.80,15.08,919269,14251515.00
2011-05-26,14.95,15.20,14.58,14.58,1207490,18396748.00
2011-05-27,14.57,14.60,13.95,13.99,1135190,16601461.00
2011-05-30,13.99,14.06,13.70,13.90,664845,9600289.00
2011-05-31,13.90,14.29,13.89,14.26,565609,8265627.00
2011-06-01,14.27,14.54,14.11,14.41,522713,7794677.00
2011-06-02,14.28,15.60,13.92,15.00,2577254,40056932.00
2011-06-03,15.00,15.30,14.70,15.06,880222,13730291.00
2011-06-07,14.84,15.29,14.84,15.14,664542,10376307.00
2011-06-08,15.14,15.20,14.94,14.98,611912,9500141.00
2011-06-09,14.96,15.19,14.34,14.50,770455,11750120.00
2011-06-10,14.51,14.51,14.01,14.27,968409,14255783.00
2011-06-13,14.20,14.40,13.82,14.19,672696,9805808.00
2011-06-14,14.50,14.65,14.08,14.54,779676,11693166.00
2011-06-15,14.54,14.55,14.28,14.35,786251,11724666.00
2011-06-16,14.15,14.33,13.85,13.95,558830,8122564.00
2011-06-17,13.86,14.08,13.80,13.81,376817,5436384.50
2011-06-20,13.76,14.06,13.76,14.06,528670,7610539.00
2011-06-21,14.06,14.25,13.85,14.25,526694,7655201.00
2011-06-22,14.46,15.65,14.46,14.86,3002964,46761308.00
2011-06-23,14.56,15.06,14.27,15.01,1812921,27582254.00
2011-06-24,14.91,15.41,14.77,15.13,2515283,39375640.00
2011-06-27,15.11,15.50,15.11,15.32,2039852,32260404.00
2011-06-29,15.39,15.48,14.90,14.90,1343370,21066808.00
2011-06-30,14.82,15.05,14.62,14.70,3650825,55760316.00
2011-07-01,14.73,14.96,14.65,14.75,1832780,28021162.00
2011-07-04,14.80,15.26,14.80,15.26,2345774,36633280.00
2011-07-05,15.26,15.40,15.12,15.40,1988505,31296632.00
2011-07-06,15.45,16.01,15.30,15.92,4528470,73647864.00
2011-07-07,15.84,16.03,15.64,15.68,3370942,55069660.00
2011-07-08,15.68,15.80,15.34,15.52,1606372,25904298.00
2011-07-11,15.45,15.62,15.25,15.44,1846358,29444566.00
2011-07-12,15.39,15.65,15.25,15.45,2347052,37608444.00
2011-07-13,15.38,15.96,15.36,15.92,2262818,36573028.00
2011-07-14,15.90,16.06,15.68,15.97,2683356,43955984.00
2011-07-15,15.81,16.37,15.81,16.28,3593344,59962884.00
2011-07-18,16.48,16.50,15.96,16.03,2943859,49106776.00
2011-07-19,16.01,16.33,15.96,16.02,1931221,31994522.00
2011-07-20,16.03,16.17,15.54,15.73,1985375,32381926.00
2011-07-21,15.79,15.87,15.40,15.41,1279260,20626594.00
2011-07-22,15.51,15.61,15.40,15.45,1060848,16966194.00
2011-07-25,15.47,15.47,14.39,14.47,2320743,35520484.00
2011-07-26,14.30,14.58,14.21,14.48,895256,13337739.00
2011-07-27,14.48,14.89,14.22,14.83,1347827,20401716.00
2011-07-28,14.65,14.90,14.56,14.83,1085119,16520314.00
2011-07-29,14.80,14.97,14.55,14.70,896881,13658846.00
2011-08-01,14.72,14.96,14.62,14.86,719464,11018042.00
2011-08-02,14.80,14.95,14.60,14.77,911960,13884728.00
2011-08-03,14.62,15.06,14.52,15.06,1198747,18476818.00
2011-08-04,15.10,15.27,15.04,15.20,1176809,18427344.00
2011-08-05,14.70,15.04,14.60,14.86,1418998,21867246.00
2011-08-08,14.60,14.75,13.71,13.96,2526524,37492288.00
2011-08-09,13.48,13.99,13.30,13.97,2090059,29469674.00
2011-08-10,14.18,14.34,13.95,14.01,1595367,23319078.00
2011-08-11,13.63,14.18,13.61,14.18,1467912,21213670.00
2011-08-12,14.30,14.38,14.16,14.24,1253579,18510648.00
2011-08-15,14.20,14.50,14.18,14.42,1647891,24452520.00
2011-08-16,14.42,14.68,14.31,14.49,1738958,26191486.00
2011-08-17,14.50,14.59,14.33,14.48,661510,9871540.00
2011-08-18,14.45,14.75,14.39,14.41,1315900,19864536.00
2011-08-19,14.10,14.32,13.95,14.30,903717,13219193.00
2011-08-22,14.30,14.71,14.25,14.35,992320,14876425.00
2011-08-23,14.31,14.71,14.31,14.71,1170332,17650714.00
2011-08-24,14.88,15.00,14.70,14.75,1741870,26729268.00
2011-08-25,14.88,15.17,14.80,15.06,2724284,42328732.00
2011-08-26,15.06,15.35,15.03,15.32,2056692,32466794.00
2011-08-29,15.31,15.60,15.06,15.23,1908729,30316212.00
2011-08-30,15.34,15.50,14.95,15.02,1250754,19732766.00
2011-08-31,15.00,15.15,14.70,15.00,826571,12794399.00
2011-09-01,15.00,15.20,14.80,14.91,909947,14082979.00
2011-09-02,14.90,15.00,14.51,14.58,822897,12487984.00
2011-09-05,14.41,14.50,14.24,14.29,627946,9310189.00
2011-09-06,14.09,14.45,14.09,14.45,460770,6799550.00
2011-09-07,14.48,15.03,14.48,15.01,1234734,18911146.00
2011-09-08,15.08,15.45,14.95,14.97,2480149,39066064.00
2011-09-09,15.18,15.25,14.77,15.16,963721,14992510.00
2011-09-13,14.96,15.44,14.82,15.40,1942748,30659648.00
2011-09-14,15.51,15.68,14.96,15.41,2058986,32648396.00
2011-09-15,15.25,15.75,15.25,15.46,2370178,38161764.00
2011-09-16,15.49,15.64,15.21,15.45,1289193,20511822.00
2011-09-19,15.33,15.56,15.06,15.10,1292300,20386454.00
2011-09-21,15.30,15.77,15.15,15.73,3900946,62331168.00
2011-09-22,15.55,15.70,15.09,15.12,2092783,33375932.00
2011-09-23,14.85,15.09,14.65,14.95,1464509,22512784.00
2011-09-26,14.96,15.13,14.38,14.48,1588221,24135552.00
2011-09-27,14.73,14.77,14.08,14.49,1280980,19094986.00
2011-09-28,14.52,14.67,14.30,14.49,812929,12180000.00
2011-09-29,14.30,14.66,14.00,14.18,1138032,16964292.00
2011-09-30,14.31,14.39,13.82,14.23,643095,9367842.00
2011-10-10,14.38,14.60,14.03,14.37,886373,13247573.00
2011-10-11,14.38,14.80,13.25,13.35,2909783,42146944.00
2011-10-12,13.18,13.46,12.59,13.37,3484317,47321600.00
2011-10-13,13.39,13.71,13.19,13.69,1901069,26683892.00
2011-10-14,13.81,14.09,13.38,13.99,2020594,28834314.00
2011-10-17,13.82,14.20,13.82,14.12,1726359,25057138.00
2011-10-18,13.90,14.00,13.50,13.82,1556378,22221866.00
2011-10-19,13.82,13.89,13.54,13.67,702162,9930964.00
2011-10-20,13.52,13.63,12.67,12.80,1450780,19574306.00
2011-10-21,12.87,12.87,12.20,12.50,1256665,16254082.00
2011-10-24,12.45,12.47,11.50,12.00,2137996,26674232.00
2011-10-25,11.88,12.31,11.76,12.27,1411661,17770648.00
2011-10-26,12.20,12.46,12.01,12.20,1267579,16260832.00
2011-10-27,12.17,12.39,12.05,12.11,774882,9850430.00
2011-10-28,12.25,12.94,12.25,12.74,2196528,28927640.00
2011-10-31,12.73,12.73,12.41,12.66,1457521,19041226.00
2011-11-01,12.54,12.78,12.45,12.69,1036230,13589920.00
2011-11-02,12.52,12.95,12.32,12.93,1788868,23518292.00
2011-11-03,12.97,13.35,12.81,12.98,1863067,25399772.00
2011-11-04,13.03,13.52,13.03,13.34,2119889,29149840.00
2011-11-07,13.29,13.47,13.10,13.11,1178489,16250927.00
2011-11-08,13.11,13.18,12.83,12.86,847194,11466062.00
2011-11-09,12.83,13.06,12.57,13.05,1928863,25738094.00
2011-11-10,12.98,12.99,12.80,12.90,1217425,16289777.00
2011-11-11,12.99,12.99,12.55,12.70,1171237,15535477.00
2011-11-14,12.80,13.07,12.70,13.07,1800103,24145322.00
2011-11-15,13.10,13.37,13.01,13.30,2209531,30347588.00
2011-11-16,13.31,13.38,12.82,12.95,1380711,18791768.00
2011-11-17,12.94,13.08,12.88,12.95,666730,8977882.00
2011-11-18,12.90,12.96,12.30,12.60,1028694,13474500.00
2011-11-21,12.55,12.67,12.35,12.59,569745,7429028.00
2011-11-22,12.59,12.59,12.28,12.40,505765,6527982.50
2011-11-23,12.50,12.50,12.27,12.39,550302,7071226.50
2011-11-24,12.28,12.34,12.07,12.30,522913,6635683.50
2011-11-25,12.28,12.30,11.95,12.08,625782,7894944.50
2011-11-28,12.10,12.19,11.85,11.97,591683,7369784.00
2011-11-29,12.05,12.13,11.86,12.07,1296584,16228412.00
2011-11-30,12.06,12.06,10.81,10.98,2188280,25679536.00
2011-12-01,11.30,11.50,11.15,11.20,1799824,21210982.00
2011-12-02,11.15,11.27,10.42,10.70,1589265,17980398.00
2011-12-05,10.74,10.82,10.49,10.57,745697,8294803.00
2011-12-06,10.57,10.68,10.42,10.59,528117,5832324.50
2011-12-07,10.58,10.67,10.46,10.62,520829,5790084.50
2011-12-08,10.61,10.93,10.45,10.89,1220561,13723762.00
2011-12-09,10.84,11.06,10.68,10.93,1139192,13069941.00
2011-12-12,10.88,10.99,10.67,10.79,1229095,13861507.00
2011-12-13,10.65,10.69,10.30,10.49,766219,8414580.00
2011-12-14,10.31,10.56,10.08,10.20,350240,3798893.75
2011-12-15,10.05,10.21,9.93,10.07,602905,6366602.50
2011-12-16,10.12,10.38,10.01,10.38,556347,5942413.00
2011-12-19,10.35,10.35,10.05,10.30,963550,10313993.00
2011-12-20,10.20,10.67,10.20,10.55,1170537,12816015.00
2011-12-21,10.62,10.62,10.15,10.35,645361,7058066.00
2011-12-22,10.17,10.23,9.80,10.18,746684,7856690.50
2011-12-23,10.15,10.29,10.00,10.09,327834,3496316.00
2011-12-26,10.15,10.19,9.98,10.06,361830,3826884.00
2011-12-27,9.99,10.05,9.70,9.70,453738,4678740.00
2011-12-28,9.59,9.70,9.41,9.68,603082,6045798.50
2011-12-29,9.68,9.79,9.53,9.62,266536,2717146.50
2011-12-30,9.65,9.88,9.64,9.72,337631,3472420.50
2012-01-04,9.87,9.87,9.48,9.58,441624,4485742.00
2012-01-05,9.55,9.55,8.85,9.00,862666,8338465.50
2012-01-06,9.07,9.14,8.71,9.10,329246,3094309.75
2012-01-09,9.10,9.47,8.91,9.47,458799,4493752.50
2012-01-10,9.49,9.82,9.31,9.79,1262802,12793404.00
2012-01-11,9.73,9.86,9.67,9.80,739896,7568526.50
2012-01-12,9.70,10.14,9.70,10.03,1303852,13610459.00
2012-01-13,9.91,9.99,9.45,9.52,798190,8101054.00
2012-01-16,9.45,9.45,9.01,9.02,660418,6431623.00
2012-01-17,9.02,9.50,8.90,9.47,559686,5482495.50
2012-01-18,9.49,9.70,9.15,9.25,708380,7043689.00
2012-01-19,9.30,9.38,9.04,9.28,362810,3537614.75
2012-01-20,9.30,9.51,9.28,9.45,659410,6524160.50
2012-01-30,9.65,9.65,9.38,9.44,311399,3100721.25
2012-01-31,9.51,9.51,9.31,9.38,352678,3482501.50
2012-02-01,9.27,9.49,9.27,9.39,448452,4431983.50
2012-02-02,9.35,9.47,9.32,9.45,522538,5173106.50
2012-02-03,9.48,9.80,9.41,9.76,1428142,14472164.00
2012-02-06,10.00,10.03,9.67,9.89,1349221,13934523.00
2012-02-07,9.83,9.83,9.63,9.72,856988,8743389.00
2012-02-08,9.74,10.13,9.64,10.02,1542883,16048031.00
2012-02-09,10.02,10.22,9.90,10.06,1428700,15118886.00
2012-02-10,10.08,10.16,9.90,9.99,796016,8362729.50
2012-02-13,9.90,10.24,9.78,10.09,1378855,14573226.00
2012-02-14,10.01,10.30,9.97,10.23,1515184,16093399.00
2012-02-15,10.27,10.57,10.16,10.51,1956142,21305198.00
2012-02-16,10.50,10.60,10.36,10.49,1426675,15667465.00
2012-02-17,10.50,10.89,10.42,10.80,2182293,24510034.00
2012-02-20,10.83,10.95,10.68,10.79,1764130,19921898.00
2012-02-21,10.65,10.90,10.53,10.83,1253852,14011853.00
2012-02-22,10.83,11.15,10.75,11.15,1961573,22539588.00
2012-02-23,11.14,11.52,10.99,11.48,2198524,26014846.00
2012-02-24,11.50,11.64,11.26,11.55,2325833,27661660.00
2012-02-27,11.51,11.94,11.41,11.71,2964478,36222728.00
2012-02-28,11.69,11.78,11.38,11.66,2116968,25586174.00
2012-02-29,11.76,11.76,11.18,11.20,1824667,21761144.00
2012-03-01,11.19,11.37,11.08,11.19,1359906,15868790.00
2012-03-02,11.19,11.49,11.12,11.43,1325142,15604875.00
2012-03-05,11.38,11.49,11.18,11.27,1721579,20285442.00
2012-03-06,11.19,11.25,10.99,11.09,1222286,14168221.00
2012-03-07,10.98,11.37,10.96,11.11,1012889,11858328.00
2012-03-08,11.11,11.39,11.11,11.31,918963,10861462.00
2012-03-09,11.35,11.70,11.35,11.63,2064803,24907942.00
2012-03-12,11.70,11.74,11.56,11.61,1320896,16026833.00
2012-03-13,11.57,12.00,11.55,11.99,1671547,20651444.00
2012-03-14,11.98,12.24,11.21,11.54,3080525,37633740.00
2012-03-15,11.30,11.60,11.15,11.42,1444678,17154958.00
2012-03-16,11.36,11.95,11.36,11.90,2225378,27067456.00
2012-03-19,11.92,12.37,11.50,12.20,4847561,61147128.00
2012-03-20,12.20,12.43,11.92,12.12,3978746,50516868.00
2012-03-21,12.24,12.54,12.05,12.52,5420470,69556216.00
2012-03-22,12.50,12.68,12.23,12.43,2699635,34842340.00
2012-03-23,12.38,12.43,11.73,11.90,2699279,33769196.00
2012-03-26,11.84,11.92,11.53,11.80,1262058,15371669.00
2012-03-27,11.84,11.88,11.56,11.64,1181943,14437893.00
2012-03-28,11.58,11.67,10.73,10.80,1893228,21923732.00
2012-03-29,10.75,10.75,10.23,10.39,1249451,13740194.00
2012-03-30,10.39,10.59,10.36,10.38,793346,8699391.00
2012-04-05,10.46,10.74,10.37,10.70,828458,9173177.00
2012-04-06,10.79,10.90,10.63,10.76,802584,9023150.00
2012-04-09,10.72,10.73,10.31,10.34,835468,9253214.00
2012-04-10,10.28,10.60,10.25,10.60,865115,9444060.00
2012-04-11,10.50,10.70,10.45,10.58,543593,6020086.50
2012-04-12,10.60,11.05,10.60,10.95,928962,10584216.00
2012-04-13,10.95,11.14,10.83,11.05,988263,11388963.00
2012-04-16,11.05,11.08,10.85,10.85,688127,7897890.00
2012-04-17,10.82,10.98,10.77,10.85,646249,7333411.50
2012-04-18,10.76,11.14,10.76,11.10,957610,11058094.00
2012-04-19,11.11,11.98,11.01,11.57,1656045,19979418.00
2012-04-20,11.50,11.66,11.40,11.46,928353,11145138.00
2012-04-23,11.57,11.64,11.26,11.32,661183,7877054.00
2012-04-24,11.32,11.32,10.61,10.96,1330556,15216683.00
2012-04-25,10.90,11.13,10.82,11.06,637243,7347091.00
2012-04-26,11.00,11.15,10.91,10.97,905474,10423327.00
2012-04-27,10.99,11.04,10.70,10.87,471619,5348435.00
2012-05-02,11.14,11.25,10.96,11.22,722917,8403880.00
2012-05-03,11.19,11.50,11.18,11.49,772828,9203544.00
2012-05-04,11.49,11.56,11.34,11.45,807702,9633490.00
2012-05-07,11.49,11.68,11.46,11.65,1230023,14868390.00
2012-05-08,11.69,11.69,11.43,11.43,1164930,14022942.00
2012-05-09,11.36,11.36,11.10,11.15,863429,10107743.00
2012-05-10,11.11,11.33,11.11,11.22,417387,4895588.50
2012-05-11,11.02,11.57,10.99,11.55,1041429,12365096.00
2012-05-14,11.56,11.80,11.50,11.64,1931431,23521082.00
2012-05-16,11.64,11.64,11.16,11.16,968878,11584873.00
2012-05-17,11.27,11.61,11.16,11.55,833539,9934602.00
2012-05-18,11.50,11.66,11.36,11.48,933486,11200644.00
2012-05-21,11.48,11.84,11.41,11.81,2070989,25347400.00
2012-05-22,11.83,11.94,11.71,11.90,1730949,21341246.00
2012-05-23,11.80,11.94,11.61,11.83,1264837,15518968.00
2012-05-24,11.80,11.97,11.67,11.69,776133,9539226.00
2012-05-25,11.66,11.67,11.40,11.49,757827,9128562.00
2012-05-28,11.47,11.59,11.29,11.54,712885,8518115.00
2012-05-29,11.57,12.38,11.57,12.17,3824858,48085980.00
2012-05-30,11.95,12.44,11.94,12.17,2415325,30576256.00
2012-05-31,12.13,12.50,12.10,12.30,1975368,25179562.00
2012-06-01,12.29,12.33,12.10,12.12,1224355,15423343.00
2012-06-04,12.01,12.01,11.68,11.70,1092084,13375690.00
2012-06-05,11.66,12.19,11.66,12.15,1543073,19101980.00
2012-06-06,12.09,12.25,11.80,11.91,1050416,13037752.00
2012-06-07,11.98,12.20,11.93,11.93,1146690,14312410.00
2012-06-08,12.05,12.50,11.94,12.22,1810672,22933114.00
2012-06-11,12.28,12.69,12.14,12.62,3030936,39244304.00
2012-06-12,12.56,12.56,12.32,12.45,1222400,15731401.00
2012-06-13,12.26,12.76,12.26,12.68,1873657,24438050.00
2012-06-14,12.67,13.15,12.60,12.71,3547690,47233916.00
2012-06-15,12.72,12.80,12.38,12.58,1658113,21502822.00
2012-06-18,12.58,12.71,12.49,12.71,1433195,18645672.00
2012-06-19,12.72,12.75,12.47,12.57,729649,9456965.00
2012-06-20,12.51,12.75,12.31,12.33,915458,11812268.00
2012-06-21,12.31,12.43,12.04,12.18,973866,12269176.00
2012-06-25,12.08,12.18,11.72,11.73,972440,11920435.00
2012-06-26,11.69,12.00,11.69,11.86,891832,10944657.00
2012-06-27,11.96,13.09,11.78,12.29,2182420,27864320.00
2012-06-28,12.32,12.62,12.01,12.17,1286692,16339182.00
2012-06-29,12.18,12.67,11.60,12.46,1683078,21193232.00
2012-07-02,12.55,12.59,12.31,12.45,953939,12272688.00
2012-07-03,12.43,12.65,12.32,12.52,1181260,15255244.00
2012-07-04,12.52,12.84,12.46,12.71,1749406,22976808.00
2012-07-05,12.71,12.75,12.05,12.07,1417660,18006662.00
2012-07-06,12.10,12.31,11.78,12.30,1690037,21038442.00
2012-07-09,12.08,12.30,11.86,11.86,994061,12344331.00
2012-07-10,11.78,11.98,11.78,11.85,497349,6111819.00
2012-07-11,11.85,11.94,11.26,11.35,1557579,18526558.00
2012-07-12,11.35,11.56,11.08,11.41,944714,11050953.00
2012-07-13,11.42,11.51,11.30,11.30,531087,6270329.00
2012-07-16,11.30,11.38,10.35,10.63,1443420,16016987.00
2012-07-17,10.66,10.84,10.48,10.82,507264,5645501.50
2012-07-18,10.70,10.90,10.70,10.83,420548,4703784.00
2012-07-19,10.82,11.03,10.70,10.85,534090,6036732.50
2012-07-20,10.83,10.97,10.64,10.70,417934,4652636.50
2012-07-23,10.65,10.90,10.48,10.70,291879,3234245.00
2012-07-24,10.70,10.88,10.69,10.84,387837,4338709.50
2012-07-25,10.88,11.26,10.83,10.92,682861,7806232.50
2012-07-26,10.78,11.06,10.78,10.83,501159,5675998.50
2012-07-27,10.86,11.05,10.60,10.75,374203,4167471.25
2012-07-30,10.78,10.84,10.48,10.48,288640,3184652.25
2012-07-31,10.63,10.75,10.38,10.50,343197,3762688.75
2012-08-01,10.50,10.79,10.41,10.71,240530,2669576.25
2012-08-02,10.71,10.84,10.61,10.71,246766,2742745.75
2012-08-03,10.80,11.20,10.67,11.12,611016,6949783.50
2012-08-06,11.05,11.36,10.98,11.29,777207,9072035.00
2012-08-07,11.26,11.45,11.20,11.27,477589,5593211.50
2012-08-08,11.23,11.35,11.16,11.23,395031,4605687.00
2012-08-09,11.22,11.48,11.10,11.40,487980,5739186.50
2012-08-10,11.40,11.64,11.31,11.33,393799,4667061.50
2012-08-13,11.33,11.43,11.12,11.13,398876,4648266.00
2012-08-14,11.06,11.25,11.00,11.22,340394,3915612.25
2012-08-15,11.21,11.21,10.78,10.79,624300,7088540.00
2012-08-16,10.90,10.90,10.73,10.82,215922,2418917.50
2012-08-17,10.72,10.88,10.62,10.68,263600,2939821.50
2012-08-20,10.70,10.80,10.61,10.77,245952,2731456.25
2012-08-21,10.93,11.09,10.83,11.03,552374,6296894.00
2012-08-22,10.97,11.32,10.97,11.13,654930,7568990.50
2012-08-23,11.14,11.51,11.14,11.44,1614387,18996614.00
2012-08-24,11.38,11.56,11.23,11.30,1119103,13186123.00
2012-08-27,11.39,11.39,10.85,10.91,530795,6085375.00
2012-08-28,10.88,11.15,10.78,11.03,386861,4405559.00
2012-08-29,11.03,11.20,10.93,11.04,402950,4631648.00
2012-08-30,11.14,11.15,10.72,10.95,506212,5729654.00
2012-08-31,10.82,11.03,10.80,10.86,292751,3291420.25
2012-09-03,10.90,11.25,10.83,11.15,431103,4962423.50
2012-09-04,11.10,11.30,11.01,11.02,516170,5954810.50
2012-09-05,10.97,11.20,10.93,11.09,312871,3584218.50
2012-09-06,11.03,11.41,11.03,11.38,1126570,13191639.00
2012-09-07,11.45,11.90,11.33,11.75,2491737,30145052.00
2012-09-10,11.65,11.87,11.65,11.73,1163154,14136262.00
2012-09-11,11.70,11.74,11.40,11.54,1050533,12551715.00
2012-09-12,11.54,11.96,11.54,11.80,1162775,14107505.00
2012-09-13,11.80,11.92,11.55,11.57,788620,9545694.00
2012-09-14,11.61,11.70,11.50,11.64,644942,7736004.00
2012-09-17,11.60,11.60,11.25,11.28,605778,7146227.50
2012-09-18,11.28,11.49,11.23,11.37,297907,3498123.50
2012-09-19,11.38,11.49,11.35,11.45,225782,2670940.00
2012-09-20,11.45,11.45,10.93,10.94,692560,7987861.00
2012-09-21,10.94,11.12,10.80,11.07,494830,5595000.50
2012-09-24,11.05,11.53,11.00,11.18,438091,5076247.00
2012-09-25,11.19,11.39,10.98,10.99,296638,3430818.00
2012-09-26,10.91,11.05,10.34,10.47,696129,7677535.00
2012-09-27,10.56,10.80,10.41,10.69,727847,8037598.50
2012-09-28,10.60,10.85,10.52,10.79,495018,5500316.50
2012-10-08,10.83,11.35,10.79,10.88,567936,6435510.00
2012-10-09,10.69,11.12,10.69,11.11,581778,6657504.00
2012-10-10,11.11,11.26,11.03,11.19,590774,6847475.50
2012-10-11,11.22,11.22,10.98,10.98,344520,3960246.75
2012-10-12,11.09,11.17,10.95,10.97,294463,3363494.50
2012-10-15,10.96,11.07,10.86,10.99,355606,4037521.25
2012-10-16,10.95,11.16,10.92,11.05,208460,2391814.25
2012-10-17,11.01,11.22,10.96,11.17,368822,4253067.50
2012-10-18,11.23,11.31,11.17,11.22,553828,6459254.00
2012-10-19,11.15,11.27,11.07,11.07,313500,3621131.00
2012-10-22,11.01,11.09,10.88,11.07,402387,4581730.00
2012-10-23,11.09,11.09,10.90,10.94,376107,4278041.00
2012-10-24,11.02,11.58,11.02,11.40,2826895,33324608.00
2012-10-25,11.31,11.46,11.18,11.19,990938,11613561.00
2012-10-26,11.19,11.27,10.86,11.03,846822,9695879.00
2012-10-29,10.98,11.40,10.89,11.33,916799,10630068.00
2012-10-30,11.32,11.50,11.23,11.40,928696,10973127.00
2012-10-31,11.47,11.47,11.22,11.34,486411,5687537.50
2012-11-01,11.34,11.65,11.34,11.59,1307505,15640151.00
2012-11-02,11.53,11.72,11.46,11.68,1321279,15899550.00
2012-11-05,11.69,12.05,11.65,11.96,2928857,36062104.00
2012-11-06,11.96,11.96,11.65,11.81,1277594,15534062.00
2012-11-07,11.81,11.94,11.67,11.79,786601,9581546.00
2012-11-08,11.71,11.71,11.41,11.43,852256,10185808.00
2012-11-09,11.38,11.58,11.34,11.57,1148336,13615900.00
2012-11-12,11.51,11.77,11.49,11.60,797420,9569619.00
2012-11-13,11.55,11.65,11.33,11.38,811167,9602442.00
2012-11-14,11.37,11.54,11.33,11.41,519558,6141186.50
2012-11-15,11.30,11.48,11.26,11.35,580870,6836723.00
2012-11-16,11.31,11.47,11.25,11.37,505199,5965532.00
2012-11-19,11.39,11.77,11.33,11.75,1367149,16412089.00
2012-11-20,11.78,12.01,11.66,11.90,1663451,20362414.00
2012-11-21,11.90,11.91,11.54,11.79,1306452,15833119.00
2012-11-22,11.75,11.83,11.62,11.66,444617,5385786.50
2012-11-23,11.75,12.00,11.64,12.00,1570761,19336816.00
2012-11-26,11.96,12.20,11.70,11.71,1224577,15103885.00
2012-11-27,11.61,11.70,10.90,10.97,2421967,27935756.00
2012-11-28,10.98,10.98,10.40,10.40,882755,9772286.00
2012-11-29,10.44,10.67,10.40,10.47,626811,6849633.00
2012-11-30,10.55,10.68,10.42,10.59,407204,4487985.50
2012-12-03,10.57,10.69,9.73,10.00,817854,8733740.00
2012-12-04,9.98,10.18,9.82,10.12,566442,5833711.50
2012-12-05,10.20,10.59,10.13,10.43,552706,5969857.50
2012-12-06,10.56,10.56,10.30,10.35,304351,3280916.75
2012-12-07,10.40,10.65,10.28,10.62,579630,6327986.00
2012-12-10,10.62,10.99,10.60,10.79,1061102,11889936.00
2012-12-11,10.74,10.89,10.68,10.88,502766,5630794.00
2012-12-12,10.90,10.90,10.64,10.78,412722,4607959.50
2012-12-13,10.73,10.77,10.41,10.47,628071,6926581.00
2012-12-14,10.41,10.92,10.41,10.83,739020,8265335.50
2012-12-17,10.82,11.15,10.66,11.04,1098671,12539218.00
2012-12-18,11.04,11.52,10.92,11.21,1282160,14988007.00
2012-12-19,11.20,11.34,11.07,11.20,400879,4636624.50
2012-12-20,11.08,11.26,11.06,11.25,380502,4404666.50
2012-12-21,11.28,11.51,11.15,11.51,1553498,18305432.00
2012-12-24,11.60,11.61,11.39,11.51,709221,8430299.00
2012-12-25,11.43,11.82,11.39,11.73,1069650,12904843.00
2012-12-26,11.78,11.80,11.63,11.74,666562,8056522.50
2012-12-27,11.75,11.80,11.33,11.35,966657,11497203.00
2012-12-28,11.35,11.46,11.22,11.43,841173,9908429.00
2012-12-31,11.57,12.01,11.54,11.84,2189032,26811312.00
2013-01-04,11.85,12.06,11.70,11.89,1620528,19884028.00
2013-01-07,11.64,11.90,11.64,11.87,737152,9000517.00
2013-01-08,11.84,11.92,11.73,11.88,954824,11685520.00
2013-01-09,11.85,12.16,11.62,11.77,1969846,24269544.00
2013-01-10,11.84,12.09,11.65,11.74,1314620,16091274.00
2013-01-11,11.75,11.85,11.56,11.61,1369001,16536645.00
2013-01-14,11.60,11.98,11.49,11.86,2472643,30236660.00
2013-01-15,11.89,12.23,11.82,12.12,3207909,39936344.00
2013-01-16,12.10,12.35,11.93,12.02,2156637,27002072.00
2013-01-17,12.03,12.25,11.94,12.15,1674069,20882618.00
2013-01-18,12.07,12.20,11.83,12.00,2206744,27364318.00
2013-01-21,12.05,12.59,12.00,12.54,3623096,46442804.00
2013-01-22,12.47,12.59,12.10,12.18,2285481,29138594.00
2013-01-23,12.18,12.25,11.92,12.23,1433056,17934238.00
2013-01-24,12.22,12.68,12.06,12.09,2423856,30927814.00
2013-01-25,12.05,12.41,12.05,12.13,1181905,14884357.00
2013-01-28,12.05,12.86,12.04,12.77,3513918,45581576.00
2013-01-29,12.84,13.79,12.83,13.38,5875688,80391944.00
2013-01-30,13.22,13.49,13.06,13.20,2657715,36178324.00
2013-01-31,13.79,14.45,13.79,14.00,6361070,91786032.00
2013-02-01,13.89,14.25,13.82,14.06,2279704,32869426.00
2013-02-04,14.04,14.45,13.81,14.39,2888203,42113364.00
2013-02-05,14.30,14.50,13.90,14.10,1956377,28656300.00
2013-02-06,13.96,14.85,13.96,14.69,2773546,41602916.00
2013-02-07,14.69,14.94,14.55,14.68,2382405,36132064.00
2013-02-08,14.70,15.38,14.50,15.10,2403837,36901968.00
2013-02-18,15.20,15.37,14.95,15.15,1133317,17580586.00
2013-02-19,15.10,15.37,14.57,14.58,3194888,49054020.00
2013-02-20,14.55,15.35,14.46,15.22,2436354,37637456.00
2013-02-21,15.20,15.48,14.82,15.09,2444705,38027104.00
2013-02-22,15.09,15.40,14.95,15.04,2228380,34800032.00
2013-02-25,15.05,15.18,14.48,14.57,2182305,33021546.00
2013-02-26,14.57,14.79,14.25,14.28,2021920,30191408.00
2013-02-27,14.36,14.62,14.18,14.39,1330310,19637182.00
2013-02-28,14.45,14.65,14.32,14.63,1827559,27185898.00
2013-03-01,14.80,14.92,14.39,14.69,2593857,39040696.00
2013-03-04,14.50,14.73,14.00,14.21,2109513,31146260.00
2013-03-05,14.21,14.71,14.10,14.71,2829522,41686024.00
2013-03-06,14.88,15.15,14.63,15.03,1746834,26851130.00
2013-03-07,15.00,15.20,14.71,14.81,1387572,21286624.00
2013-03-08,14.93,15.06,14.73,14.82,1384009,21139782.00
2013-03-11,15.18,15.20,14.65,14.67,1315417,20205726.00
2013-03-12,14.65,14.70,13.68,13.75,1944914,28173772.00
2013-03-13,13.75,14.06,13.60,13.77,1984931,28157514.00
2013-03-14,13.66,13.92,13.64,13.88,705606,10071096.00
2013-03-15,13.80,14.39,13.76,13.96,741542,10768745.00
2013-03-18,13.81,13.81,13.42,13.49,2052146,28684962.00
2013-03-19,13.49,13.80,13.49,13.71,894051,12606306.00
2013-03-20,13.71,14.25,13.71,14.16,1063656,15472942.00
2013-03-21,14.12,14.58,14.12,14.54,1139649,16908822.00
2013-03-22,14.60,14.74,14.41,14.56,1021297,15275704.00
2013-03-25,14.55,14.82,14.51,14.51,1523335,22945098.00
2013-03-26,14.48,14.50,14.10,14.43,1211849,17803142.00
2013-03-27,14.31,14.76,14.21,14.52,1186379,17753192.00
2013-03-28,14.30,15.10,14.20,14.80,2464405,37472372.00
2013-03-29,14.81,15.00,14.65,14.80,1015301,15440259.00
2013-04-01,14.70,14.88,14.58,14.75,1411061,21349624.00
2013-04-02,14.66,14.90,13.92,14.04,2341537,34675992.00
2013-04-03,13.98,14.08,13.35,13.40,2422583,33916148.00
2013-04-08,13.26,13.58,13.00,13.55,1263327,17397116.00
2013-04-09,13.69,13.84,13.46,13.66,794501,11179021.00
2013-04-10,13.56,13.70,13.20,13.40,1342183,18623340.00
2013-04-11,13.48,13.75,13.40,13.57,698124,9744954.00
2013-04-12,13.49,13.63,13.40,13.46,533572,7425393.50
2013-04-15,13.45,13.46,13.18,13.23,630960,8628171.00
2013-04-16,13.12,13.55,12.98,13.51,493454,6755607.00
2013-04-17,13.51,13.80,13.46,13.63,534206,7490922.50
2013-04-18,13.85,14.30,13.78,14.27,1932162,27794324.00
2013-04-19,14.14,14.56,14.14,14.45,1477733,21865678.00
2013-04-22,14.47,15.17,14.47,14.98,3385153,51830092.00
2013-04-23,14.99,15.25,14.70,14.86,2190710,33598204.00
2013-04-24,14.86,15.16,14.62,15.15,2236396,34384956.00
2013-04-25,15.11,15.28,14.70,14.72,1487926,22952144.00
2013-04-26,14.65,14.80,14.31,14.35,1476398,22000048.00
2013-05-02,14.31,14.62,14.06,14.55,870607,12884215.00
2013-05-03,14.49,15.25,14.49,15.09,2298863,35538604.00
2013-05-06,15.20,15.75,15.02,15.60,2828566,44887264.00
2013-05-07,15.55,15.70,15.31,15.56,1841809,29253240.00
2013-05-08,15.59,15.84,15.30,15.58,1521474,24185216.00
2013-05-09,15.58,15.85,15.34,15.71,2225465,35663244.00
2013-05-10,15.60,15.77,15.45,15.60,1601436,25668516.00
2013-05-13,15.59,15.60,15.23,15.42,1186398,18736042.00
2013-05-14,15.38,15.38,14.90,15.10,1085328,16792238.00
2013-05-15,15.19,15.56,15.05,15.56,1029511,16213480.00
2013-05-16,15.60,16.19,15.60,15.94,3051329,50060236.00
2013-05-17,15.97,16.09,15.72,15.78,2087442,34078268.00
2013-05-20,15.89,16.24,15.79,16.01,2665432,43752080.00
2013-05-21,16.01,16.37,15.88,16.10,2388590,39443012.00
2013-05-22,16.25,16.25,15.65,15.65,2678401,43775608.00
2013-05-23,15.58,15.89,15.42,15.59,1793194,28816998.00
2013-05-24,15.60,16.03,15.43,16.01,1412694,22723674.00
2013-05-27,16.10,16.40,15.98,16.06,2363617,39158136.00
2013-05-28,16.12,16.15,15.50,15.53,2103573,33732084.00
2013-05-29,15.65,15.88,15.48,15.88,1439965,23172072.00
2013-05-30,15.85,15.85,15.51,15.62,1192044,19122006.00
2013-05-31,15.63,15.75,15.32,15.33,1442287,22973638.00
2013-06-03,15.31,15.48,15.12,15.29,1135852,17822220.00
2013-06-04,15.26,15.34,14.63,14.80,1365290,20988156.00
2013-06-05,14.81,15.34,14.75,15.30,1045337,16083206.00
2013-06-06,15.25,15.35,15.00,15.04,657389,10233771.00
2013-06-07,15.20,15.46,15.00,15.35,2119747,33293644.00
2013-06-13,15.10,15.27,14.10,14.90,1224199,18634090.00
2013-06-14,14.95,15.94,14.95,15.92,3279717,52741352.00
2013-06-17,15.93,17.17,15.93,16.90,6192345,105267336.00
2013-06-18,16.90,16.95,16.45,16.93,2850898,48617736.00
2013-06-19,16.66,17.86,16.63,17.40,4837591,85941976.00
2013-06-20,17.20,17.70,16.20,16.70,3509677,60773124.00
2013-06-21,16.31,17.95,16.10,17.82,4863294,85379344.00
2013-06-24,17.89,18.20,16.62,17.20,4690732,83428216.00
2013-06-25,16.52,17.58,15.45,16.36,4915803,81339008.00
2013-06-26,16.33,17.50,16.12,17.47,4724032,80997440.00
2013-06-27,17.70,17.83,15.69,15.88,7279475,122067552.00
2013-06-28,15.97,16.25,15.18,15.32,3195575,51190420.00
2013-07-01,15.20,15.89,15.02,15.83,2281019,36056140.00
2013-07-02,15.83,16.35,15.65,16.28,3123149,50879968.00
2013-07-03,16.28,16.38,15.73,16.06,2188504,35725296.00
2013-07-04,16.15,16.51,15.81,16.09,1982466,32773126.00
2013-07-05,15.89,16.16,15.61,15.62,1916388,30858030.00
2013-07-08,15.31,15.40,14.09,14.11,3200611,47918024.00
2013-07-09,14.10,14.25,13.71,13.93,2857236,40568172.00
2013-07-10,13.91,14.65,13.91,14.61,1910424,28018914.00
2013-07-11,14.64,15.43,14.60,15.16,2226367,34197636.00
2013-07-12,15.16,15.61,15.06,15.13,1784005,27762212.00
2013-07-15,15.25,15.65,15.25,15.56,2004805,31507890.00
2013-07-16,15.36,16.06,15.31,15.95,2558811,40735496.00
2013-07-17,15.94,16.19,15.29,15.36,3447254,54921284.00
2013-07-18,15.33,15.62,15.11,15.32,2258011,35408836.00
2013-07-19,15.35,15.55,14.89,14.90,1899855,29516436.00
2013-07-22,14.73,15.30,14.70,15.17,1199461,18431768.00
2013-07-23,15.43,15.79,15.21,15.75,3271416,51633972.00
2013-07-24,15.75,16.18,15.63,16.16,4810737,78017408.00
2013-07-25,16.15,16.15,15.55,15.63,2478178,39944320.00
2013-07-26,15.56,15.75,15.16,15.33,1538943,24191770.00
2013-07-29,15.27,15.34,15.02,15.15,999440,15438934.00
2013-07-30,15.13,15.29,14.50,14.66,2033405,30522028.00
2013-07-31,14.76,14.86,14.66,14.76,869630,13097525.00
2013-08-01,14.98,15.25,14.81,15.21,1198139,18415912.00
2013-08-02,15.30,15.43,15.18,15.24,1557240,24263212.00
2013-08-05,15.26,15.52,15.02,15.44,1836429,28610648.00
2013-08-06,15.44,15.81,15.20,15.79,2598006,41201380.00
2013-08-07,15.77,15.80,15.40,15.42,1744014,27757452.00
2013-08-08,15.40,15.73,15.25,15.55,1420840,22514726.00
2013-08-09,15.56,15.99,15.39,15.68,1844527,29560312.00
2013-08-12,15.81,16.07,15.65,15.86,1886342,30475546.00
2013-08-13,15.99,16.05,15.78,15.95,1633937,26533630.00
2013-08-14,16.00,16.08,15.30,15.64,2348327,37742768.00
2013-08-15,15.76,15.76,15.38,15.42,1432468,22627956.00
2013-08-16,15.20,15.60,15.00,15.04,1340442,20932636.00
2013-08-19,15.10,15.28,14.90,15.27,876495,13507807.00
2013-08-20,15.18,15.38,15.03,15.09,955477,14821289.00
2013-08-21,15.14,15.24,14.70,14.80,2398722,36191904.00
2013-08-22,14.84,14.89,14.71,14.89,1572771,23803132.00
2013-08-23,14.94,14.97,14.55,14.68,1712632,25793260.00
2013-08-26,14.63,15.17,14.63,14.97,2504516,38137952.00
2013-08-27,14.98,15.04,14.89,14.98,1581036,24097574.00
2013-08-28,14.91,14.91,14.62,14.75,1838119,27703848.00
2013-08-29,14.77,15.00,14.75,14.88,1574220,23880408.00
2013-08-30,14.91,15.02,14.60,14.63,1520199,22973380.00
2013-09-02,14.73,14.86,14.58,14.81,854024,12815145.00
2013-09-03,14.74,14.93,14.71,14.93,1727976,26138852.00
2013-09-04,14.93,15.90,14.85,15.84,5997084,93960600.00
2013-09-05,15.88,16.06,15.67,15.85,6389746,103309696.00
2013-09-06,15.88,16.29,15.65,15.95,4750269,77106480.00
2013-09-09,16.02,16.15,15.70,16.02,4054219,65648368.00
2013-09-10,16.02,16.02,15.68,16.01,3105103,50197608.00
2013-09-11,16.18,16.55,15.24,15.36,5424257,87193456.00
2013-09-12,15.36,15.36,15.01,15.02,2442809,37632064.00
2013-09-13,15.05,15.26,14.98,15.18,1115995,17192540.00
2013-09-16,15.22,15.45,15.07,15.29,1028460,16023566.00
2013-09-17,15.20,15.26,14.82,14.88,1126609,17314352.00
2013-09-18,14.81,15.13,14.81,15.10,783016,12011434.00
2013-09-23,15.09,15.47,14.98,15.40,1283787,19979706.00
2013-09-24,15.39,15.60,15.19,15.60,2224730,34996000.00
2013-09-25,15.68,15.90,15.41,15.62,2486660,39735964.00
2013-09-26,15.52,15.70,15.31,15.36,1235353,19455632.00
2013-09-27,15.25,15.42,14.83,14.96,1740526,26691294.00
2013-09-30,15.00,15.17,14.93,15.04,1428867,21949584.00
2013-10-08,15.00,15.19,14.96,15.11,1735027,26634942.00
2013-10-09,15.11,15.27,14.93,15.27,2101142,32313738.00
2013-10-10,15.28,15.30,15.08,15.10,1600717,24752250.00
2013-10-11,15.25,15.72,15.13,15.63,3091221,49008268.00
2013-10-14,15.79,16.00,15.56,15.71,3258783,52487040.00
2013-10-15,15.70,15.80,15.40,15.62,2504231,39661640.00
2013-10-16,15.61,15.61,15.19,15.26,1804704,28240700.00
2013-10-17,15.50,15.89,15.33,15.82,2440465,38928200.00
2013-10-18,16.00,16.00,15.54,15.59,1605783,25671312.00
2013-10-21,15.70,15.94,15.46,15.88,2330815,37511328.00
2013-10-22,15.90,16.18,15.77,16.13,3064894,49895620.00
2013-10-23,16.12,16.17,15.47,15.56,2364710,38036432.00
2013-10-24,15.57,15.85,15.46,15.68,1463003,23364724.00
2013-10-25,16.25,16.95,15.93,16.13,8993283,150636592.00
2013-10-28,16.38,17.29,16.36,17.00,10039977,171953712.00
2013-10-29,16.88,17.16,16.13,16.90,6437277,109013144.00
2013-10-30,16.78,17.55,16.68,17.38,7082223,124408392.00
2013-10-31,17.25,17.26,16.80,16.84,3832005,66471708.00
2013-11-01,16.80,16.80,16.01,16.32,3929295,65414500.00
2013-11-04,16.43,16.64,16.13,16.50,2510560,41882720.00
2013-11-05,16.42,16.57,16.06,16.53,2278082,37899280.00
2013-11-06,16.53,16.60,16.18,16.20,2381862,39698824.00
2013-11-07,16.20,16.20,15.72,15.77,3070290,49793344.00
2013-11-08,15.74,15.96,15.61,15.83,1593189,25685380.00
2013-11-11,15.87,16.13,15.68,16.06,1323462,21479198.00
2013-11-12,15.97,16.20,15.92,16.11,1389635,22743706.00
2013-11-13,16.04,16.04,15.21,15.22,2533051,40318328.00
2013-11-14,15.10,15.45,15.07,15.35,1829997,28440430.00
2013-11-15,15.44,15.94,15.37,15.63,1986087,31789204.00
2013-11-18,15.58,16.10,15.58,15.95,2459144,39844760.00
2013-11-19,16.00,16.00,15.79,15.94,1579767,25594098.00
2013-11-20,16.00,16.28,15.88,16.23,2117296,34750008.00
2013-11-21,16.17,16.17,15.76,15.88,2100051,34023404.00
2013-11-22,15.88,15.92,15.65,15.78,1374960,22139448.00
2013-11-25,15.75,16.02,15.61,15.88,1231521,19891900.00
2013-11-26,15.90,16.39,15.77,16.38,2856483,47000956.00
2013-11-27,16.41,16.66,16.34,16.47,3301532,55518572.00
2013-11-28,16.48,16.78,16.44,16.45,2845382,48162296.00
2013-11-29,16.36,16.95,16.35,16.85,3526694,60182396.00
2013-12-02,16.20,16.58,15.50,15.84,4212728,68794160.00
2013-12-03,15.83,16.35,15.65,16.29,2977524,48485756.00
2013-12-04,16.28,16.95,16.20,16.74,4595881,78244936.00
2013-12-05,16.67,17.41,16.67,17.25,5370638,93633792.00
2013-12-06,17.25,17.30,16.81,16.97,2420982,41947496.00
2013-12-09,17.02,18.06,17.02,17.70,5520348,99563928.00
2013-12-10,17.70,17.85,17.40,17.75,3607558,64599028.00
2013-12-11,17.73,17.79,17.16,17.32,3027514,53714496.00
2013-12-12,17.24,17.73,17.04,17.25,2840815,50212624.00
2013-12-13,17.20,18.39,17.05,18.25,7314052,133564640.00
2013-12-16,18.31,18.50,17.81,17.87,5274264,96963448.00
2013-12-17,18.05,18.29,17.46,17.91,3813787,69065872.00
2013-12-18,17.80,17.93,17.40,17.43,2853971,51013540.00
2013-12-19,17.55,17.68,17.28,17.42,1827217,32445456.00
2013-12-20,17.38,17.38,16.65,16.85,2887322,49723340.00
2013-12-23,16.85,17.12,16.65,16.93,1475013,25357916.00
2013-12-24,16.86,17.20,16.50,16.75,2392889,41174300.00
2013-12-25,16.76,17.35,16.61,17.33,2785892,48592192.00
2013-12-26,17.34,17.34,16.90,16.94,1791898,31147366.00
2013-12-27,17.03,17.50,16.66,17.37,2171376,38015624.00
2013-12-30,17.48,17.54,17.13,17.46,1928326,33940884.00
2013-12-31,17.34,17.60,17.19,17.35,1593701,28124676.00
2014-01-02,17.30,17.43,16.93,17.16,2467898,43004120.00
2014-01-03,17.20,17.20,16.61,16.88,2928113,50198808.00
2014-01-06,16.90,16.90,15.95,16.14,3336152,55578796.00
2014-01-07,16.14,16.48,16.05,16.34,1798341,29960812.00
2014-01-08,16.37,16.58,16.15,16.40,1525420,25408070.00
2014-01-09,16.40,16.48,15.68,15.70,2404456,39284448.00
2014-01-10,15.58,15.87,15.18,15.30,2237426,35452208.00
2014-01-13,15.35,15.57,15.20,15.42,1279042,20042026.00
2014-01-14,15.35,15.68,15.30,15.68,1194021,18897144.00
2014-01-15,15.69,15.93,15.57,15.92,1530409,24617236.00
2014-01-16,15.87,15.87,15.63,15.69,1472435,23604380.00
2014-01-17,15.63,15.85,15.60,15.63,1129557,18077950.00
2014-01-20,15.63,15.72,15.25,15.28,1302062,20424962.00
2014-01-21,15.30,15.30,14.36,14.61,7132904,106773272.00
2014-01-22,14.60,14.92,14.55,14.92,3710598,55954016.00
2014-01-23,14.82,14.98,14.79,14.86,3028945,45909580.00
2014-01-24,14.85,15.30,14.80,15.20,3407772,52339440.00
2014-01-27,15.10,15.26,14.88,14.97,2731868,42087080.00
2014-01-28,15.00,15.06,14.63,14.77,2060092,31147302.00
2014-01-29,14.80,15.27,14.78,15.27,2329910,35920656.00
2014-01-30,15.30,15.30,15.07,15.26,1649723,25521900.00
2014-02-07,15.15,15.59,15.09,15.59,2508289,39291256.00
2014-02-10,15.58,16.05,15.51,15.98,3495554,56501336.00
2014-02-11,15.99,16.13,15.68,15.88,2704670,43741092.00
2014-02-12,15.90,16.23,15.70,16.20,3137825,50991720.00
2014-02-13,16.10,16.18,15.68,15.68,3079250,50043676.00
2014-02-14,15.72,16.14,15.67,16.10,2531114,40980476.00
2014-02-17,16.17,16.43,15.97,16.40,4213419,69576408.00
2014-02-18,16.38,16.74,16.23,16.55,4658937,78358720.00
2014-02-19,16.45,16.64,16.26,16.36,3351864,56047408.00
2014-02-20,16.40,16.41,15.88,15.90,3645078,59844380.00
2014-02-21,15.89,15.98,15.70,15.96,2176324,35169032.00
2014-02-24,15.96,16.08,15.57,16.01,2470805,39803428.00
2014-02-25,16.11,16.13,14.70,15.28,3374898,53932940.00
2014-02-26,15.09,15.40,15.02,15.27,1680115,25944060.00
2014-02-27,15.39,15.46,14.86,14.91,2477033,38371808.00
2014-02-28,14.89,15.58,14.80,15.18,1629486,25066878.00
2014-03-03,15.18,15.42,15.15,15.35,1563523,24403766.00
2014-03-04,15.25,15.26,14.81,14.98,2996810,45753168.00
2014-03-05,15.01,15.35,15.00,15.06,2005812,31108488.00
2014-03-06,15.05,15.45,15.05,15.30,2350543,36686412.00
2014-03-07,15.30,15.46,15.06,15.13,1477749,22926856.00
2014-03-10,15.08,15.08,14.24,14.34,2774618,41292484.00
2014-03-11,14.39,14.52,14.13,14.29,1273342,18638480.00
2014-03-12,14.32,14.39,14.06,14.23,1196110,17353080.00
2014-03-13,14.20,14.50,14.20,14.48,1396674,20473998.00
2014-03-14,14.39,14.39,14.09,14.25,1135373,16502433.00
2014-03-17,14.28,14.62,14.19,14.60,1345950,19815202.00
2014-03-18,14.61,14.71,14.47,14.62,1195793,17795442.00
2014-03-19,14.60,14.60,14.38,14.45,1182375,17438144.00
2014-03-20,14.49,14.49,14.06,14.06,1755031,25591664.00
2014-03-21,14.07,14.39,13.71,14.30,1925061,27622354.00
2014-03-24,14.29,14.41,14.12,14.34,1199180,17461402.00
2014-03-25,14.28,14.56,14.20,14.38,1594003,23425584.00
2014-03-26,14.40,14.51,14.28,14.51,1219903,17958648.00
2014-03-27,14.40,14.50,14.14,14.16,1072213,15611351.00
2014-03-28,14.18,14.18,13.80,13.87,1317126,18725184.00
2014-03-31,13.87,14.00,13.75,13.96,575660,8168948.00
2014-04-01,13.99,14.10,13.92,14.06,1132697,16212728.00
2014-04-02,14.09,14.09,13.86,13.88,1094132,15570848.00
2014-04-03,13.96,14.31,13.87,14.29,1804105,25996034.00
2014-04-04,14.26,14.46,14.15,14.34,929125,13606594.00
2014-04-08,14.22,14.50,14.21,14.42,1087521,15971620.00
2014-04-09,14.42,14.50,14.30,14.40,1192143,17503400.00
2014-04-10,14.43,14.49,14.32,14.39,1376771,20287180.00
2014-04-11,14.36,14.36,14.15,14.29,832255,12106296.00
2014-04-14,14.28,14.63,14.21,14.61,1271005,18785850.00
2014-04-15,14.64,14.64,14.42,14.47,982134,14527090.00
2014-04-16,14.46,14.60,14.41,14.58,1081480,16046771.00
2014-04-17,14.52,14.64,14.44,14.60,894732,13290308.00
2014-04-18,14.50,14.50,14.09,14.10,2648087,38427752.00
2014-04-21,14.00,14.14,13.88,13.92,1216381,17406612.00
2014-04-22,13.91,13.99,13.15,13.41,2999526,41455728.00
2014-04-23,13.32,13.45,12.78,13.26,2036940,27552630.00
2014-04-24,13.13,13.24,13.00,13.09,1513528,20277874.00
2014-04-25,13.16,13.18,12.92,12.94,1019280,13590333.00
2014-04-28,12.83,12.90,12.31,12.41,1747963,22429228.00
2014-04-29,12.44,12.60,12.41,12.60,1000646,12830595.00
2014-04-30,12.60,12.75,12.55,12.75,836914,10850665.00
2014-05-05,12.75,12.84,12.54,12.80,817832,10592706.00
2014-05-06,12.79,13.02,12.73,12.94,1065804,14077926.00
2014-05-07,12.90,12.90,12.58,12.58,788610,10267813.00
2014-05-08,12.52,12.79,12.45,12.61,768443,9951264.00
2014-05-09,12.56,12.60,12.36,12.50,871186,11117957.00
2014-05-12,12.60,12.89,12.48,12.87,993493,12972297.00
2014-05-13,12.86,13.11,12.80,12.97,1119039,14872474.00
2014-05-14,12.97,13.07,12.86,12.97,699992,9279946.00
2014-05-15,12.95,13.00,12.53,12.59,767277,10003620.00
2014-05-16,12.59,12.64,12.39,12.56,469451,6010512.50
2014-05-19,12.56,12.60,12.37,12.48,485407,6190741.00
2014-05-20,12.64,12.67,12.47,12.50,574077,7394876.50
2014-05-21,12.46,12.95,12.41,12.92,1067417,13968489.00
2014-05-22,12.92,13.21,12.88,12.95,1376516,18389950.00
2014-05-23,12.90,13.14,12.90,13.13,726506,9681206.00
2014-05-26,13.16,13.34,13.03,13.34,1449507,19504586.00
2014-05-27,13.31,13.31,13.11,13.17,632803,8540347.00
2014-05-28,13.22,13.30,13.15,13.28,914589,12393766.00
2014-05-29,13.30,13.55,13.03,13.05,1235191,16775621.00
2014-05-30,13.21,13.21,13.01,13.04,1277508,16820452.00
2014-06-03,13.10,13.20,12.97,12.97,778016,10269335.00
2014-06-04,12.95,13.02,12.66,12.80,795555,10289468.00
2014-06-05,12.75,13.10,12.75,13.09,1105312,14449352.00
2014-06-06,13.10,13.54,13.03,13.50,2179768,29189856.00
2014-06-09,13.46,14.04,13.30,13.62,5026488,69497472.00
2014-06-10,13.60,13.87,13.35,13.61,1990173,27306558.00
2014-06-11,13.56,13.76,13.55,13.66,1134619,15621932.00
2014-06-12,13.58,13.75,13.48,13.55,834442,11415258.00
2014-06-13,13.51,13.85,13.51,13.75,1361270,18836222.00
2014-06-16,13.70,13.88,13.69,13.79,1005672,13963842.00
2014-06-17,13.78,13.84,13.52,13.52,893642,12266879.00
2014-06-18,13.50,13.79,13.46,13.52,735544,10054914.00
2014-06-19,13.55,13.58,13.03,13.03,1029982,13764140.00
2014-06-20,13.09,13.20,12.95,13.18,875059,11527868.00
2014-06-23,13.20,13.53,13.20,13.42,863914,11690558.00
2014-06-24,13.31,13.49,13.31,13.45,727262,9837370.00
2014-06-25,13.45,13.54,13.28,13.39,617214,8303158.00
2014-06-26,13.42,13.75,13.37,13.67,1325383,18208710.00
2014-06-27,13.69,13.79,13.59,13.69,1264039,17426324.00
2014-06-30,13.71,13.83,13.63,13.68,1001945,13847965.00
2014-07-01,13.70,13.98,13.61,13.96,1831083,25493398.00
2014-07-02,13.92,13.99,13.70,13.87,1381896,19254462.00
2014-07-03,13.86,14.02,13.79,13.96,1572608,22042968.00
2014-07-04,13.96,13.99,13.73,13.92,1563377,21815270.00
2014-07-07,14.22,14.22,13.79,13.91,1662291,23378414.00
2014-07-08,13.80,13.95,13.76,13.88,956137,13348375.00
2014-07-09,13.88,13.91,13.53,13.59,1876972,25963876.00
2014-07-10,13.58,13.75,13.55,13.65,1055726,14537719.00
2014-07-11,13.59,14.04,13.59,14.01,2170719,30392350.00
2014-07-14,14.00,14.30,13.90,14.29,2237072,31764102.00
2014-07-15,14.30,14.51,14.11,14.24,2387196,34381252.00
2014-07-16,14.30,14.49,14.12,14.16,2335583,33649392.00
2014-07-17,14.14,14.27,14.03,14.11,937205,13323130.00
2014-07-18,14.08,14.26,14.05,14.05,1095574,15600714.00
2014-07-21,14.05,14.20,13.98,14.05,826188,11696529.00
2014-07-22,14.16,14.31,13.97,14.20,1216982,17358368.00
2014-07-23,14.20,14.25,13.99,14.04,1570088,22267330.00
2014-07-24,14.06,14.19,13.95,14.02,1281564,18180490.00
2014-07-25,14.00,14.32,13.97,14.32,1289707,18483558.00
2014-07-28,14.35,14.82,14.33,14.80,4089821,60034448.00
2014-07-29,14.70,15.29,14.70,15.14,6124451,93133960.00
2014-07-30,15.13,15.20,15.01,15.17,2005937,30448172.00
2014-07-31,15.16,15.35,15.06,15.19,1933006,29591906.00
2014-08-01,15.34,15.85,15.23,15.26,7103241,110892520.00
2014-08-04,15.30,15.55,15.26,15.51,3923781,61013196.00
2014-08-05,15.60,15.65,15.38,15.60,3114108,48633616.00
2014-08-06,15.59,15.85,15.53,15.70,3577059,56578000.00
2014-08-07,15.75,15.85,15.30,15.32,4754205,74780728.00
2014-08-08,15.30,15.60,15.23,15.41,2979048,46234376.00
2014-08-11,15.44,15.66,15.23,15.59,2047324,31949774.00
2014-08-12,15.59,15.82,15.42,15.79,2415597,38024400.00
2014-08-13,15.77,15.84,15.47,15.68,1661725,26213656.00
2014-08-14,15.74,15.74,15.48,15.48,2018188,31614370.00
2014-08-15,15.48,15.66,15.35,15.53,1637820,25603728.00
2014-08-18,15.53,16.15,15.40,16.15,4172684,66545724.00
2014-08-19,16.08,16.24,15.95,16.06,2096561,33946252.00
2014-08-20,16.06,17.00,16.06,16.75,7115699,118380080.00
2014-08-21,16.58,16.89,16.50,16.78,2561913,43021204.00
2014-08-22,16.77,17.06,16.67,16.70,2560475,43363720.00
2014-08-25,16.60,16.74,16.22,16.47,2780051,46097916.00
2014-08-26,16.44,16.63,16.18,16.32,1838366,30318394.00
2014-08-27,16.18,16.59,16.18,16.46,1415200,23399256.00
2014-08-28,16.36,16.54,16.30,16.45,1897245,31293328.00
2014-08-29,16.45,16.80,16.44,16.56,1335585,22408090.00
2014-09-01,16.58,17.06,16.17,16.18,6022620,100076312.00
2014-09-02,16.15,17.00,16.12,16.85,6893274,115462256.00
2014-09-03,16.85,17.36,16.71,17.01,5780837,99174464.00
2014-09-04,16.99,17.31,16.82,17.31,3063548,52879080.00
2014-09-05,17.31,17.65,17.11,17.60,3447678,60464160.00
2014-09-09,17.61,17.86,17.50,17.64,2823586,50166300.00
2014-09-10,17.66,17.66,17.25,17.30,2756544,48295908.00
2014-09-11,17.38,17.85,17.19,17.28,3193004,56227392.00
2014-09-12,17.26,17.48,17.21,17.45,2117255,36951888.00
2014-09-15,17.38,17.75,17.28,17.53,2166284,38062472.00
2014-09-16,17.55,17.58,16.96,16.98,2786541,48232672.00
2014-09-17,16.95,17.19,16.52,16.84,2393694,40321852.00
2014-09-18,16.84,17.28,16.63,17.05,2111035,36228488.00
2014-09-19,17.05,17.45,16.97,17.26,2290582,39635720.00
2014-09-22,17.26,18.30,17.10,17.75,6399471,114111696.00
2014-09-23,17.60,18.19,17.60,18.12,4373783,79032584.00
2014-09-24,18.12,18.40,18.04,18.16,3071390,56357476.00
2014-09-25,18.12,18.38,18.02,18.05,2587157,47337440.00
2014-09-26,18.05,18.77,17.96,18.71,4361214,81238576.00
2014-09-29,18.66,19.89,18.58,19.58,5967463,116432760.00
2014-09-30,19.60,19.97,19.41,19.80,4611885,91695152.00
2015-01-14,21.79,21.79,19.90,21.79,20964753,446489824.00
2015-01-15,22.40,23.89,21.52,21.72,22140674,502672000.00
2015-01-16,21.00,22.90,20.97,22.47,12330939,274020000.00
2015-01-19,22.09,23.14,21.27,21.75,12746417,285503296.00
2015-01-20,21.80,23.94,21.80,23.94,9271290,218833456.00
2015-01-21,24.89,25.80,24.25,24.82,12076888,301778048.00
2015-01-22,24.80,25.09,24.03,24.51,5966239,146771248.00
2015-01-23,24.50,24.69,24.03,24.38,3846734,93803544.00
2015-01-26,24.48,26.20,24.28,25.60,6228388,158462960.00
2015-01-27,25.74,25.74,24.70,25.30,2878314,72580944.00
2015-01-28,25.35,26.60,25.35,25.45,4432355,115271976.00
2015-01-29,25.19,26.08,24.90,25.31,2756953,70990008.00
2015-01-30,25.05,26.24,25.05,25.56,3781368,98133464.00
2015-02-02,25.30,25.55,24.32,24.71,2272456,56526324.00
2015-02-03,24.75,25.10,23.91,24.25,3280218,79615776.00
2015-02-04,24.23,24.24,23.80,24.11,2229774,53785100.00
2015-02-05,24.22,26.42,24.03,26.40,6190761,159251136.00
2015-02-06,26.39,26.39,23.82,24.90,5132726,130229720.00
2015-02-09,24.48,25.16,23.91,23.98,1425033,34730224.00
2015-02-10,23.90,24.69,23.90,24.39,1457493,35758132.00
2015-02-11,24.88,24.88,24.00,24.48,1043743,25542378.00
2015-02-12,24.72,24.72,24.15,24.30,1113843,27178328.00
2015-02-13,24.31,25.29,24.30,24.84,1534328,38257168.00
2015-02-16,24.84,25.64,24.46,25.59,1938661,48642088.00
2015-02-17,25.68,25.84,24.88,25.20,1776530,45010312.00
2015-02-25,25.25,25.50,24.77,24.86,1043487,26300268.00
2015-02-26,24.86,26.13,24.86,25.77,1987231,51217504.00
2015-02-27,25.78,26.10,25.48,25.80,831740,21536080.00
2015-03-02,25.91,26.88,25.83,25.99,1650922,43320712.00
2015-03-03,25.98,27.20,25.45,26.58,3723671,99912224.00
2015-03-04,26.82,27.37,26.17,27.29,2046962,55370552.00
2015-03-05,27.75,29.70,27.42,28.86,4998323,143616608.00
2015-03-06,28.80,29.38,27.45,27.51,4091193,116346752.00
2015-03-09,27.41,27.44,26.23,27.10,1981343,53290376.00
2015-03-10,27.13,27.59,26.50,26.79,2799324,75294728.00
2015-03-11,26.79,27.03,26.55,26.95,1403253,37757700.00
2015-03-12,26.71,27.35,26.64,26.83,1367600,36929480.00
2015-03-13,27.10,27.20,26.66,27.02,1036187,28020818.00
2015-03-16,27.02,27.88,26.69,27.76,3842468,104652248.00
2015-03-17,27.80,29.57,27.50,28.76,3374866,96785328.00
2015-03-18,28.78,29.44,28.23,28.56,3266270,93678048.00
2015-03-19,28.71,29.90,28.30,29.40,3787242,111381896.00
2015-03-20,29.51,29.85,28.90,29.28,2662674,77988144.00
2015-03-23,29.92,31.55,29.90,31.40,4913033,152781152.00
2015-03-24,31.90,33.40,30.90,32.98,6487113,212660240.00
2015-03-25,32.98,34.46,32.71,33.29,5312561,177791088.00
2015-03-26,34.11,34.89,32.70,33.04,8195340,278533088.00
2015-03-27,33.40,33.43,31.60,32.69,3764601,122399872.00
2015-03-30,32.70,33.41,31.90,32.38,3067903,99745568.00
2015-03-31,32.06,33.88,32.06,33.36,4299207,143356144.00
2015-04-01,33.26,34.85,33.26,34.57,4140280,141892096.00
2015-04-02,34.57,34.90,33.60,33.96,3048349,104701136.00
2015-04-03,33.88,33.88,32.98,33.63,4408523,148198640.00
2015-04-07,33.60,34.15,33.40,33.94,3584068,121249392.00
2015-04-08,34.01,35.40,33.91,34.70,4907403,170454320.00
2015-04-09,34.33,34.87,32.22,32.92,4810580,159507552.00
2015-04-10,32.56,34.76,32.56,34.70,4192115,141250528.00
2015-04-13,34.90,35.90,34.58,35.30,3874868,136970224.00
2015-04-14,34.75,35.20,33.50,33.90,3437919,117834440.00
2015-04-15,33.50,33.84,31.40,31.41,3490130,113534136.00
2015-04-16,31.01,32.30,29.90,30.13,5846353,183261376.00
2015-04-17,30.79,31.60,30.60,31.29,3615220,112974088.00
2015-04-20,31.49,31.87,29.98,30.35,3482254,108016064.00
2015-04-21,30.45,32.42,30.44,32.41,3710200,117350080.00
2015-04-22,32.36,33.38,32.35,32.76,2792200,92107824.00
2015-04-23,32.95,33.35,32.61,33.08,3510530,115965232.00
2015-04-24,31.90,33.58,31.20,33.09,4107334,133219880.00
2015-04-27,34.45,35.10,33.58,34.14,7202605,246958320.00
2015-04-28,34.10,34.78,32.93,33.28,4388822,148407120.00
2015-04-29,33.02,35.26,32.92,35.12,5937038,206571536.00
2015-04-30,35.31,35.69,33.90,33.90,5443698,188093104.00
2015-05-04,34.05,34.21,33.28,33.59,2603764,88184384.00
2015-05-05,33.60,33.60,31.30,31.39,4980289,159997936.00
2015-05-06,31.54,32.55,30.70,31.34,4146621,132120272.00
2015-05-07,31.34,31.78,30.10,30.35,3043698,94633648.00
2015-05-08,30.98,31.24,30.40,31.06,3050570,94365208.00
2015-05-11,31.45,32.98,31.20,32.89,5158151,167779120.00
2015-05-12,32.98,34.10,32.62,33.90,7965099,265777152.00
2015-05-13,33.53,34.46,33.30,33.90,5297372,179666240.00
2015-05-14,34.19,34.45,33.48,34.10,4991875,169738448.00
2015-05-15,34.30,37.52,33.71,37.52,10851376,388856384.00
2015-05-18,38.30,39.70,37.44,39.20,12253961,471099904.00
2015-05-19,38.61,39.16,38.25,38.87,6350790,246394864.00
2015-05-20,38.90,40.70,38.40,38.42,7495956,297587168.00
2015-05-21,38.82,40.22,37.80,39.95,6662227,263460048.00
2015-05-22,40.60,40.90,38.58,39.10,6988378,274937504.00
2015-05-25,38.69,39.85,37.96,39.27,6483805,254580288.00
2015-05-26,39.60,41.89,39.40,41.25,8781272,359798496.00
2015-05-27,41.55,42.86,40.30,41.20,7200581,298319232.00
2015-05-28,40.88,42.68,38.61,38.95,7395255,304566304.00
2015-05-29,39.06,40.40,37.11,39.20,5502846,214581360.00
2015-06-01,39.00,41.53,38.91,41.51,7366821,300508160.00
2015-06-02,41.90,44.43,41.20,44.15,7993952,344644096.00
2015-06-03,44.51,46.88,43.15,44.92,7236679,328514912.00
2015-06-04,44.40,44.40,40.42,42.41,6599591,278654336.00
2015-06-05,42.80,44.45,41.58,43.10,5897318,255609712.00
2015-06-08,43.17,43.67,40.90,41.40,6156372,257677264.00
2015-06-09,41.49,42.14,39.90,40.54,4807827,197530528.00
2015-06-10,40.10,42.45,39.50,41.87,4984837,206732512.00
2015-06-11,41.75,43.57,41.50,43.37,4790272,205692592.00
2015-06-12,43.98,44.37,42.95,43.48,7927837,347861024.00
2015-06-15,43.69,43.78,41.21,41.48,6720645,284049376.00
2015-06-16,41.05,42.30,40.35,40.76,4390737,181367408.00
2015-06-17,41.10,41.58,38.98,41.10,4488921,181689216.00
2015-06-18,40.90,41.21,38.24,38.40,5125216,205781952.00
2015-06-19,37.36,39.47,36.10,36.17,4088420,154758512.00
2015-06-23,36.51,37.81,33.40,37.81,4641058,170287456.00
2015-06-24,37.98,39.18,37.40,38.42,4663878,179481408.00
2015-06-25,38.78,38.90,36.40,36.99,5303038,201611696.00
2015-06-26,35.48,35.90,33.28,33.28,6030110,207646208.00
2015-06-29,34.40,34.81,29.94,32.05,9740412,316957472.00
2015-06-30,32.01,34.90,30.58,34.60,8984904,300527296.00
2015-07-01,34.90,36.03,32.83,33.71,7026094,245714064.00
2015-07-02,33.70,34.17,30.38,30.90,6529484,212908656.00
2015-07-03,29.90,31.78,27.80,28.40,8626001,249781312.00
2015-07-06,31.25,31.25,25.84,27.68,10087384,292052000.00
2015-07-07,26.78,27.38,24.90,24.90,4214045,109020504.00
2015-07-17,27.39,27.39,27.39,27.39,158409,4338822.50
2015-07-20,30.13,30.13,30.13,30.13,356302,10735379.00
2015-07-21,31.92,33.14,30.50,33.14,13768874,444347712.00
2015-07-22,33.14,33.99,32.15,32.76,10742357,352758496.00
2015-07-23,32.21,34.29,32.21,33.89,8174631,274372288.00
2015-07-24,34.05,34.08,32.40,32.64,6631596,222482448.00
2015-07-27,32.00,32.33,29.38,29.38,8020909,247663712.00
2015-07-28,27.10,30.35,26.68,28.23,6176088,172666016.00
2015-07-29,28.90,29.40,26.71,29.35,4661344,130923016.00
2015-07-30,28.95,29.68,28.03,28.03,4676685,136364368.00
2015-07-31,27.40,28.87,27.30,27.93,3391003,94839120.00
2015-08-03,27.00,27.91,26.32,26.69,2826923,76792232.00
2015-08-04,26.89,28.80,26.66,28.79,4886600,135083680.00
2015-08-05,28.50,29.03,27.70,27.90,4578778,130109520.00
2015-08-06,27.20,28.00,27.01,27.35,2463921,67616496.00
2015-08-07,27.48,28.95,27.48,28.80,4767277,135505696.00
2015-08-10,29.40,30.47,28.81,30.25,5749175,170963504.00
2015-08-11,30.01,30.53,29.50,29.60,5043467,151499888.00
2015-08-12,29.55,30.70,29.35,30.09,6587293,198424720.00
2015-08-13,30.03,30.42,29.35,30.36,3472010,104069784.00
2015-08-14,30.49,30.65,29.80,30.23,4550884,137585536.00
2015-08-17,29.90,30.20,29.40,30.01,3407800,101570848.00
2015-08-18,29.93,30.92,28.00,28.91,6915300,205053904.00
2015-08-19,28.04,29.75,26.71,28.96,3772864,107012064.00
2015-08-20,28.80,28.80,27.60,27.63,2861857,80474176.00
2015-08-21,27.44,27.50,25.01,25.30,4673517,121624680.00
2015-08-24,24.00,24.00,22.77,22.77,3005700,68765376.00
2015-08-25,20.49,25.05,20.49,20.49,6935905,145725824.00
2015-08-26,20.98,20.99,18.45,18.65,8405659,166555424.00
2015-08-27,19.20,19.82,18.65,19.82,5931276,114835304.00
2015-08-28,20.16,21.39,20.15,21.38,6058383,124770816.00
2015-08-31,20.96,20.96,19.27,19.28,8633936,171452560.00
2015-09-01,18.73,19.22,17.35,17.35,4729325,85545304.00
2015-09-02,16.50,18.20,16.10,16.78,4995399,86207088.00
2015-09-07,17.45,18.41,17.45,17.62,4929028,88445584.00
2015-09-08,17.55,19.38,17.32,19.30,5747942,105542656.00
2015-09-09,19.73,20.37,19.43,20.08,8051487,160778848.00
2015-09-10,19.60,20.34,19.48,19.72,5561148,111287376.00
2015-09-11,19.60,20.05,19.48,19.80,3984974,78797336.00
2015-09-14,20.11,20.19,17.82,17.82,5657439,105868496.00
2015-09-15,17.70,17.75,16.60,16.73,4586594,78594920.00
2015-09-16,17.05,18.40,16.90,18.38,4313513,76109128.00
2015-09-17,18.55,19.25,18.30,18.30,5768098,108792448.00
2015-09-22,19.56,19.56,19.56,19.56,0,0.00
数据来源:通达信
