002676 顺威股份 日线 前复权
      日期	    开盘	    最高	    最低	    收盘	    成交量	    成交额
2012-05-25,14.52,15.35,14.33,14.89,15526024,238552304.00
2012-05-28,14.36,14.49,13.54,13.82,7152294,102577520.00
2012-05-29,13.67,14.06,13.58,13.89,5241242,75256488.00
2012-05-30,13.82,14.09,13.75,13.89,3565786,51297300.00
2012-05-31,13.75,14.01,13.62,13.86,3439861,49164692.00
2012-06-01,13.86,13.88,13.56,13.64,3660515,51897636.00
2012-06-04,13.41,13.41,13.20,13.22,3769222,51901832.00
2012-06-05,13.30,13.30,12.99,13.02,1972478,26825148.00
2012-06-06,13.05,13.18,13.01,13.08,1168963,15848882.00
2012-06-07,13.17,13.37,12.93,12.96,1743409,23720320.00
2012-06-08,13.05,13.11,12.72,12.77,1517512,20229276.00
2012-06-11,12.77,12.91,12.73,12.88,1296390,17253734.00
2012-06-12,12.86,12.86,12.65,12.65,1313240,17340166.00
2012-06-13,12.69,12.85,12.64,12.85,1436508,19037598.00
2012-06-14,12.85,13.01,12.81,12.88,2022689,27098034.00
2012-06-15,12.92,12.93,12.72,12.83,1285511,17092326.00
2012-06-18,12.87,13.29,12.86,13.14,2812389,38172348.00
2012-06-19,13.12,13.12,13.00,13.04,1241574,16805110.00
2012-06-20,13.08,13.15,12.99,13.08,1125549,15241318.00
2012-06-21,13.02,13.10,12.81,12.83,1083612,14484075.00
2012-06-25,12.83,12.88,12.52,12.52,944301,12404524.00
2012-06-26,12.51,12.52,12.08,12.36,1326175,16946140.00
2012-06-27,12.38,12.85,12.29,12.50,1472162,19221372.00
2012-06-28,12.48,12.52,12.19,12.22,1175869,15118334.00
2012-06-29,12.22,12.46,12.20,12.40,1011943,12959127.00
2012-07-02,12.47,12.59,12.39,12.47,858593,11127330.00
2012-07-03,12.52,12.94,12.40,12.81,2678152,35267964.00
2012-07-04,12.91,12.91,12.56,12.61,1665724,22018048.00
2012-07-05,12.54,12.62,12.23,12.32,1289592,16537547.00
2012-07-06,12.40,12.57,12.27,12.54,1242921,16029604.00
2012-07-09,12.40,12.49,12.18,12.19,1129420,14452491.00
2012-07-10,12.13,12.21,11.94,11.94,951878,11949364.00
2012-07-11,11.97,12.03,11.91,12.02,549083,6832062.50
2012-07-12,11.96,12.20,11.95,12.12,712189,8931064.00
2012-07-13,12.08,12.14,11.92,11.92,1008591,12610326.00
2012-07-16,11.93,11.94,10.87,10.87,2498971,29261206.00
2012-07-17,10.80,10.95,10.80,10.82,647012,7339003.00
2012-07-18,10.85,10.95,10.79,10.94,486091,5519045.00
2012-07-19,10.94,11.13,10.85,11.01,915184,10549951.00
2012-07-20,11.00,11.07,10.92,10.95,445544,5106418.50
2012-07-23,10.99,10.99,10.82,10.87,400915,4546675.50
2012-07-24,10.85,11.07,10.79,11.07,610962,6993563.50
2012-07-25,11.03,11.50,10.97,11.20,1637693,19294322.00
2012-07-26,11.08,11.25,11.01,11.01,623161,7234470.00
2012-07-27,11.07,11.12,11.00,11.02,351650,4052724.00
2012-07-30,11.10,11.14,10.84,10.85,398659,4568947.00
2012-07-31,10.86,10.94,10.48,10.51,565415,6278943.50
2012-08-01,10.51,10.74,10.50,10.65,368337,4100871.25
2012-08-02,10.67,10.70,10.43,10.47,339242,3736776.75
2012-08-03,10.48,10.76,10.47,10.72,494384,5496535.50
2012-08-06,10.69,10.92,10.65,10.90,887953,10035213.00
2012-08-07,10.82,10.99,10.82,10.95,766982,8740469.00
2012-08-08,10.99,10.99,10.82,10.88,589114,6690741.50
2012-08-09,10.91,11.16,10.83,11.14,1078896,12421007.00
2012-08-10,11.14,11.18,11.04,11.08,849547,9833056.00
2012-08-13,11.05,11.05,10.76,10.76,748678,8514398.00
2012-08-14,10.75,10.89,10.64,10.85,622851,6999677.00
2012-08-15,10.80,10.80,10.69,10.72,445694,4992177.50
2012-08-16,10.70,10.81,10.68,10.73,422751,4752688.00
2012-08-17,10.78,10.78,10.66,10.75,293958,3289893.75
2012-08-20,10.66,10.86,10.66,10.83,349654,3931033.25
2012-08-21,10.77,11.13,10.77,11.07,1295210,14885623.00
2012-08-22,11.06,11.10,10.90,10.95,682463,7824584.00
2012-08-23,10.91,11.25,10.88,11.21,1138149,13199372.00
2012-08-24,11.14,11.15,10.94,10.96,639610,7377331.50
2012-08-27,10.86,10.91,10.71,10.77,460061,5179407.00
2012-08-28,10.52,10.74,10.45,10.52,1112040,12308706.00
2012-08-29,10.53,10.71,10.52,10.56,491758,5448685.50
2012-08-30,10.51,10.61,10.22,10.35,717948,7815021.00
2012-08-31,10.28,10.41,10.21,10.30,471421,5072256.00
2012-09-03,10.30,10.67,10.28,10.62,1015001,11167910.00
2012-09-04,10.64,10.79,10.55,10.60,1147901,12797192.00
2012-09-05,10.51,10.66,10.45,10.60,885640,9768015.00
2012-09-06,10.62,10.72,10.57,10.71,855935,9524918.00
2012-09-07,10.82,11.07,10.73,10.98,2040839,23344570.00
2012-09-10,10.98,11.09,10.94,11.07,1152389,13242100.00
2012-09-11,11.07,11.07,10.89,10.97,826409,9442452.00
2012-09-12,10.99,11.10,10.88,11.01,658175,7539262.00
2012-09-13,11.01,11.01,10.80,10.80,585344,6660660.00
2012-09-14,10.85,11.01,10.73,10.88,1022618,11555775.00
2012-09-17,10.91,10.91,10.52,10.54,653834,7299996.00
2012-09-18,10.54,10.64,10.40,10.47,394800,4340647.00
2012-09-19,10.47,10.70,10.47,10.56,381554,4213203.50
2012-09-20,10.59,10.59,10.24,10.24,556568,6033656.00
2012-09-21,10.32,10.32,10.09,10.11,368528,3931006.75
2012-09-24,10.10,10.10,9.78,9.97,548599,5708001.00
2012-09-25,9.93,10.01,9.87,9.88,288099,2999859.75
2012-09-26,9.87,9.96,9.60,9.67,498984,5085948.00
2012-09-27,9.64,10.31,9.59,9.90,921630,9550941.00
2012-09-28,9.92,10.19,9.82,10.01,606687,6353673.00
2012-10-08,10.09,10.10,9.92,9.99,234149,2452220.00
2012-10-09,10.02,10.50,9.97,10.31,1134880,12193014.00
2012-10-10,10.31,10.39,10.18,10.33,786334,8456706.00
2012-10-11,10.32,10.47,10.18,10.18,653167,7048895.50
2012-10-12,10.18,10.35,10.09,10.15,337215,3604800.00
2012-10-15,10.21,10.21,9.77,9.86,537180,5591796.00
2012-10-16,9.88,10.01,9.81,9.88,338340,3512122.25
2012-10-17,9.92,10.38,9.83,10.21,1378474,14719990.00
2012-10-18,10.18,10.52,10.05,10.26,1387366,14922113.00
2012-10-19,10.26,10.29,10.11,10.12,680727,7270161.50
2012-10-22,10.15,10.37,10.04,10.24,618393,6585781.00
2012-10-23,10.18,10.25,10.10,10.10,380799,4058518.25
2012-10-24,10.07,10.30,10.03,10.16,427500,4543369.50
2012-10-25,10.20,10.26,10.04,10.06,315274,3349736.00
2012-10-26,10.03,10.05,9.77,9.81,573273,5921405.00
2012-10-29,9.83,9.83,9.70,9.71,237312,2425369.25
2012-10-30,9.72,10.00,9.69,9.74,409025,4212986.00
2012-10-31,9.79,9.85,9.74,9.85,194004,1993916.50
2012-11-01,9.85,9.98,9.85,9.95,426334,4438525.00
2012-11-02,9.99,9.99,9.88,9.95,337160,3511362.75
2012-11-05,9.94,9.99,9.92,9.97,191089,1994252.63
2012-11-06,9.94,9.98,9.84,9.96,250148,2596824.00
2012-11-07,9.98,10.19,9.95,10.13,898235,9509959.00
2012-11-08,10.13,10.13,9.84,9.84,551806,5648914.00
2012-11-09,9.84,10.20,9.84,9.94,417793,4299553.00
2012-11-12,9.93,10.05,9.84,9.90,306500,3126289.50
2012-11-13,9.90,9.94,9.63,9.65,468199,4702989.00
2012-11-14,9.63,9.73,9.61,9.73,182640,1816803.50
2012-11-15,9.70,9.74,9.56,9.56,218242,2170696.75
2012-11-16,9.47,9.53,9.32,9.34,368531,3574360.75
2012-11-19,9.34,9.40,9.23,9.37,172647,1655335.38
2012-11-20,9.38,9.46,9.37,9.37,175500,1698661.13
2012-11-21,9.38,9.50,9.32,9.50,203726,1972765.13
2012-11-22,9.50,9.52,9.37,9.44,193624,1883770.88
2012-11-23,9.48,9.51,9.40,9.40,162850,1584039.00
2012-11-26,9.40,9.51,9.30,9.30,173803,1678467.88
2012-11-27,9.25,9.35,8.70,8.74,538448,4948323.50
2012-11-28,8.72,8.81,8.53,8.57,310546,2761943.75
2012-11-29,8.56,8.61,8.27,8.34,243800,2136553.00
2012-11-30,8.33,8.39,8.27,8.35,197704,1703299.00
2012-12-03,8.26,8.44,8.10,8.13,227600,1954016.13
2012-12-04,8.11,8.22,8.03,8.20,209319,1760757.13
2012-12-05,8.20,8.55,8.12,8.49,510995,4463379.00
2012-12-06,8.50,8.54,8.37,8.41,211980,1846138.88
2012-12-07,8.41,8.65,8.34,8.62,565720,4980268.00
2012-12-10,8.62,8.77,8.57,8.74,573089,5136309.50
2012-12-11,8.78,8.78,8.62,8.68,492745,4414094.50
2012-12-12,8.73,8.74,8.47,8.59,312640,2769545.00
2012-12-13,8.51,8.59,8.44,8.46,284072,2494747.75
2012-12-14,8.47,9.02,8.47,8.86,1361516,12373628.00
2012-12-17,8.85,8.93,8.83,8.90,649466,5947787.00
2012-12-18,8.90,8.94,8.79,8.83,536701,4914514.50
2012-12-19,8.81,8.92,8.81,8.90,439231,4021833.50
2012-12-20,8.86,9.19,8.82,8.98,1072274,9955703.00
2012-12-21,9.06,9.36,8.99,9.27,2028465,19197450.00
2012-12-24,9.27,9.34,9.17,9.30,1104747,10542131.00
2012-12-25,9.30,9.69,9.23,9.65,2309477,22701514.00
2012-12-26,9.69,10.59,9.69,10.52,4643771,48602280.00
2012-12-27,10.55,10.75,10.17,10.17,3477799,37090484.00
2012-12-28,10.04,10.37,9.96,10.33,2137148,22427308.00
2012-12-31,10.33,10.50,10.20,10.22,1330552,14097649.00
2013-01-04,10.23,10.30,9.99,10.05,1289864,13391006.00
2013-01-07,10.01,10.19,9.94,10.18,1124218,11621253.00
2013-01-08,10.11,10.36,10.08,10.26,1299800,13680785.00
2013-01-09,10.26,10.31,10.01,10.01,1562447,16257051.00
2013-01-10,10.02,10.19,9.98,10.13,1250732,12929013.00
2013-01-11,10.15,10.17,9.83,9.84,1095739,11269953.00
2013-01-14,9.84,10.25,9.83,10.19,1473295,15303404.00
2013-01-15,10.21,10.61,10.13,10.56,3158081,33880192.00
2013-01-16,10.53,10.75,10.44,10.71,2977310,32305100.00
2013-01-17,10.72,10.76,10.54,10.63,1759975,19193212.00
2013-01-18,10.70,11.20,10.52,11.11,6361434,71016944.00
2013-01-21,11.00,11.02,10.75,10.87,2802861,31208586.00
2013-01-22,10.78,10.87,10.41,10.41,2161639,23542644.00
2013-01-23,10.43,10.56,10.30,10.40,892485,9546832.00
2013-01-24,10.47,10.63,9.89,10.06,1725429,18230616.00
2013-01-25,10.12,10.22,9.98,10.08,666164,6890572.50
2013-01-28,9.98,10.24,9.98,10.23,937998,9807091.00
2013-01-29,10.25,10.39,10.12,10.31,764789,8081855.00
2013-01-30,10.30,10.35,10.12,10.21,840860,8830423.00
2013-01-31,10.20,10.32,9.98,10.19,772082,8025186.50
2013-02-01,10.13,10.23,9.98,10.22,696030,7244825.00
2013-02-04,10.22,10.25,10.01,10.10,729243,7560293.00
2013-02-05,10.09,10.21,10.00,10.20,627535,6530659.50
2013-02-06,10.14,10.29,10.14,10.26,727700,7656706.00
2013-02-07,10.19,10.30,10.19,10.29,604813,6384577.50
2013-02-08,10.23,10.48,10.23,10.43,958471,10226137.00
2013-02-18,10.44,10.55,10.38,10.52,894754,9606264.00
2013-02-19,10.50,10.65,10.33,10.42,1076021,11558788.00
2013-02-20,10.39,10.59,10.34,10.59,1110456,11960218.00
2013-02-21,10.57,10.57,10.27,10.32,1199333,12813325.00
2013-02-22,10.32,10.39,10.18,10.24,604432,6384998.50
2013-02-25,10.22,10.41,10.21,10.40,868575,9215603.00
2013-02-26,10.31,10.57,10.27,10.33,940200,10070641.00
2013-02-27,10.30,10.49,10.29,10.37,749950,7993248.50
2013-02-28,10.37,10.71,10.35,10.62,1609345,17402348.00
2013-03-01,10.62,10.66,10.49,10.64,1253549,13642330.00
2013-03-04,10.62,10.62,10.27,10.32,1034405,11110698.00
2013-03-05,10.29,10.51,10.29,10.47,685011,7341374.00
2013-03-06,10.48,10.67,10.48,10.67,1320358,14381828.00
2013-03-07,10.74,11.70,10.60,11.57,5813299,65968412.00
2013-03-08,11.22,11.40,10.87,10.95,5247010,60003176.00
2013-03-11,10.83,10.97,10.73,10.89,1236548,13761557.00
2013-03-12,10.90,10.99,10.31,10.51,1916507,20817114.00
2013-03-13,10.46,10.57,10.15,10.27,1019699,10784266.00
2013-03-14,10.27,10.55,10.27,10.27,556450,5933188.00
2013-03-15,10.31,10.40,10.17,10.22,870392,9176386.00
2013-03-18,10.22,10.26,9.83,9.86,881626,9084804.00
2013-03-19,9.89,10.08,9.73,10.02,496261,5076392.50
2013-03-20,10.03,10.22,10.02,10.20,658304,6846540.50
2013-03-21,10.22,10.32,10.18,10.28,785340,8269713.50
2013-03-22,10.23,10.28,10.15,10.27,442269,4634681.00
2013-03-25,10.24,10.35,10.15,10.18,507005,5334731.50
2013-03-26,10.17,10.22,9.98,10.07,459139,4749673.50
2013-03-27,10.14,10.18,10.02,10.08,432301,4482569.00
2013-03-28,10.04,10.04,9.72,9.74,744418,7522278.00
2013-03-29,9.75,9.83,9.72,9.73,242799,2439699.00
2013-04-01,9.73,9.80,9.68,9.75,341400,3419634.00
2013-04-02,9.75,9.82,9.63,9.68,362301,3625757.50
2013-04-03,9.70,9.73,9.42,9.52,401947,3941102.50
2013-04-08,9.44,9.59,9.32,9.58,369933,3599693.75
2013-04-09,9.57,9.70,9.57,9.62,287221,2845562.00
2013-04-10,9.58,9.69,9.52,9.55,422752,4173212.00
2013-04-11,9.54,9.66,9.49,9.52,169101,1664170.88
2013-04-12,9.52,9.56,9.48,9.50,81000,792798.75
2013-04-15,9.53,9.53,9.30,9.35,204800,1974654.00
2013-04-16,9.27,9.37,9.18,9.37,263047,2510241.00
2013-04-17,9.37,9.42,9.33,9.40,128090,1235869.63
2013-04-18,9.36,9.47,9.32,9.42,209958,2039456.00
2013-04-19,9.42,9.57,9.39,9.56,411211,4030588.00
2013-04-22,9.53,9.58,9.47,9.58,301136,2951798.25
2013-04-23,9.52,9.57,9.35,9.36,275948,2680962.25
2013-04-24,9.37,9.57,9.36,9.57,368681,3607738.00
2013-04-25,9.57,9.63,9.48,9.57,474601,4676859.50
2013-04-26,9.57,9.71,9.43,9.51,377041,3712616.00
2013-05-02,9.56,9.56,9.45,9.55,253209,2479323.75
2013-05-03,9.60,9.68,9.50,9.64,506009,5015927.50
2013-05-06,9.67,9.83,9.60,9.83,747660,7488812.00
2013-05-07,9.82,9.87,9.73,9.84,437360,4408917.00
2013-05-08,9.87,9.88,9.76,9.85,358048,3612568.50
2013-05-09,9.79,9.86,9.67,9.76,380713,3813427.25
2013-05-10,9.74,10.27,9.74,10.18,2127448,21993334.00
2013-05-13,10.10,10.17,9.96,10.03,1382795,14269591.00
2013-05-14,10.02,10.08,9.84,9.95,600311,6132545.00
2013-05-15,9.95,10.09,9.88,10.09,549046,5650498.50
2013-05-16,10.14,10.26,10.09,10.17,1208995,12639040.00
2013-05-17,10.17,10.35,10.06,10.29,1329791,14041436.00
2013-05-20,10.39,10.50,10.30,10.47,1490565,15779573.00
2013-05-21,10.52,10.52,10.36,10.47,1143663,12123898.00
2013-05-22,10.42,10.57,10.38,10.40,1242591,13220383.00
2013-05-23,10.42,10.54,10.25,10.27,1149980,12171729.00
2013-05-24,10.26,10.37,10.24,10.37,624761,6547203.00
2013-05-27,10.39,10.59,10.39,10.53,1081888,11541979.00
2013-05-28,10.45,10.55,10.34,10.46,786889,8324685.00
2013-05-29,10.46,10.69,10.39,10.63,1371226,14714423.00
2013-05-30,10.63,10.63,10.49,10.56,726298,7779367.50
2013-05-31,10.55,10.71,10.53,10.55,1093329,11776623.00
2013-06-03,10.54,10.67,10.42,10.58,1194229,12763744.00
2013-06-04,10.59,10.66,10.29,10.33,1070622,11385991.00
2013-06-05,10.32,10.60,10.15,10.56,1078645,11423190.00
2013-06-06,10.54,10.66,10.50,10.54,1146579,12311149.00
2013-06-07,10.53,10.79,10.34,10.61,2265769,24367772.00
2013-06-13,10.50,10.50,10.00,10.07,1194886,12271087.00
2013-06-14,10.11,10.24,10.06,10.18,709460,7317367.50
2013-06-17,10.29,10.59,10.13,10.56,1046362,11060159.00
2013-06-18,10.59,10.98,10.48,10.91,5452514,59917180.00
2013-06-19,10.75,10.91,10.47,10.58,2145210,23260682.00
2013-06-20,10.48,10.79,10.22,10.23,1220674,13106318.00
2013-06-21,9.97,9.97,9.24,9.79,1684764,16489054.00
2013-06-24,9.66,9.66,9.00,9.04,925300,8794055.00
2013-06-25,9.04,9.13,8.32,9.02,987479,8861245.00
2013-06-26,9.04,9.16,8.90,9.07,571138,5265257.00
2013-06-27,9.09,9.36,9.00,9.00,733599,6874582.00
2013-06-28,8.99,9.13,8.76,8.86,454060,4124572.50
2013-07-01,8.85,9.07,8.79,9.05,451959,4094130.25
2013-07-02,9.06,9.24,9.04,9.19,460800,4277522.00
2013-07-03,9.14,9.19,8.93,9.13,412015,3791893.50
2013-07-04,9.06,9.37,8.95,9.36,800020,7524413.50
2013-07-05,9.31,9.35,9.19,9.21,453600,4277542.00
2013-07-08,9.21,9.21,8.85,8.90,413864,3773006.25
2013-07-09,8.85,9.07,8.85,8.97,434750,3979408.75
2013-07-10,9.03,9.32,8.96,9.32,562988,5253073.00
2013-07-11,9.32,9.50,9.22,9.45,871772,8341932.50
2013-07-12,9.46,9.50,9.23,9.30,507106,4827767.50
2013-07-15,9.27,9.47,9.24,9.42,564460,5371880.50
2013-07-16,9.46,9.46,9.32,9.46,629345,6013193.00
2013-07-17,9.44,9.61,9.37,9.40,630238,6090477.00
2013-07-18,9.34,9.64,9.32,9.47,653509,6307184.50
2013-07-19,9.54,9.87,9.49,9.74,2076048,20551940.00
2013-07-22,9.70,10.21,9.57,10.20,1964963,20089948.00
2013-07-23,10.20,10.61,9.97,10.14,5047137,52984908.00
2013-07-24,10.19,10.19,9.94,10.08,1987155,20319380.00
2013-07-25,10.09,10.13,9.92,9.94,1054614,10725496.00
2013-07-26,9.91,9.98,9.78,9.81,677864,6791938.50
2013-07-29,9.79,9.91,9.69,9.86,497451,4962419.00
2013-07-30,9.86,10.00,9.75,10.00,700826,7061251.50
2013-07-31,10.02,10.16,9.95,9.99,569852,5822196.50
2013-08-01,9.96,10.13,9.95,10.09,868993,8877245.00
2013-08-02,10.06,10.24,10.06,10.13,1002001,10335032.00
2013-08-05,10.14,10.23,10.07,10.20,930301,9625431.00
2013-08-06,10.23,10.37,10.12,10.31,1413776,14764995.00
2013-08-07,10.30,10.37,10.05,10.07,885837,9147400.00
2013-08-08,10.13,10.18,10.05,10.13,497742,5115609.50
2013-08-09,10.23,10.48,10.19,10.28,1243732,13069970.00
2013-08-12,10.28,10.41,10.16,10.30,1423369,14859000.00
2013-08-13,10.35,10.36,10.23,10.30,971372,10152214.00
2013-08-14,10.26,10.49,10.26,10.31,1018661,10729929.00
2013-08-15,10.33,10.42,10.15,10.26,982777,10266807.00
2013-08-16,10.22,10.34,9.92,9.99,1113478,11493350.00
2013-08-19,9.98,10.15,9.93,10.13,426716,4356883.00
2013-08-20,10.04,10.25,10.04,10.15,541424,5584402.00
2013-08-21,10.14,10.25,10.10,10.25,594502,6143167.00
2013-08-22,10.25,10.32,10.22,10.28,417965,4360057.00
2013-08-23,10.26,10.39,10.09,10.24,637944,6644321.00
2013-08-26,10.24,10.37,10.16,10.37,1021620,10703432.00
2013-08-27,10.37,10.48,10.29,10.39,787976,8298721.00
2013-08-28,10.44,10.44,10.24,10.24,639009,6685080.50
2013-08-29,10.17,10.29,10.13,10.15,610570,6311670.50
2013-08-30,10.17,10.24,10.07,10.08,484712,5000351.50
2013-09-02,10.07,10.21,10.06,10.20,288407,2971455.25
2013-09-03,10.20,10.34,10.17,10.34,571527,5977538.00
2013-09-04,10.34,10.41,10.23,10.25,430963,4493118.50
2013-09-05,10.24,10.43,10.22,10.41,1480386,15576298.00
2013-09-06,10.44,10.76,10.34,10.63,3222805,34658444.00
2013-09-09,10.64,10.77,10.44,10.67,1590737,17128098.00
2013-09-10,10.62,10.84,10.50,10.64,1290033,13948743.00
2013-09-11,10.56,11.62,10.41,10.84,4183613,46299980.00
2013-09-12,10.69,10.99,10.69,10.76,1302810,14286863.00
2013-09-13,10.69,10.74,10.50,10.65,1154273,12425868.00
2013-09-16,10.59,10.90,10.59,10.84,1003947,10993256.00
2013-09-17,10.82,10.82,10.65,10.66,751118,8164348.50
2013-09-18,10.60,10.68,10.51,10.63,566968,6086762.00
2013-09-23,10.69,10.83,10.63,10.81,720801,7870874.50
2013-09-24,10.82,11.20,10.75,11.14,1978840,22029604.00
2013-09-25,11.10,11.10,10.80,10.87,1341324,14900661.00
2013-09-26,10.81,10.91,10.59,10.59,919917,9976611.00
2013-09-27,10.62,10.70,10.55,10.60,388415,4189411.00
2013-09-30,10.61,11.22,10.58,11.09,1273445,14146915.00
2013-10-08,10.95,11.22,10.95,11.15,1766738,19922170.00
2013-10-09,11.19,11.19,11.01,11.15,1251187,14087351.00
2013-10-10,11.05,11.27,10.96,11.07,909744,10204675.00
2013-10-11,11.08,11.32,11.08,11.25,1714714,19550262.00
2013-10-14,11.26,11.42,10.97,11.06,2235524,25162696.00
2013-10-15,11.07,11.09,10.94,11.04,994150,11110409.00
2013-10-16,11.05,11.06,10.59,10.63,1343598,14650754.00
2013-10-17,10.70,10.82,10.59,10.69,641931,6985099.50
2013-10-18,10.69,10.77,10.63,10.71,687520,7477501.00
2013-10-21,10.67,10.94,10.67,10.93,870443,9603568.00
2013-10-22,11.00,11.00,10.86,10.92,798900,8845751.00
2013-10-23,10.97,11.02,10.65,10.70,861274,9472090.00
2013-10-24,10.55,10.78,10.55,10.66,417200,4524430.50
2013-10-25,10.69,10.79,10.54,10.59,529505,5713875.50
2013-10-28,10.59,10.65,10.19,10.22,1008319,10591710.00
2013-10-29,10.26,10.32,9.63,9.74,1241258,12557852.00
2013-10-30,9.82,10.02,9.71,10.00,559878,5617355.50
2013-10-31,10.02,10.14,9.94,10.06,464806,4747890.50
2013-11-01,10.04,10.16,10.01,10.07,359561,3681024.25
2013-11-04,10.05,10.14,10.00,10.12,294298,3015812.50
2013-11-05,10.06,10.20,10.04,10.14,477925,4919692.00
2013-11-06,10.14,10.31,10.08,10.16,491455,5098986.00
2013-11-07,10.12,10.26,10.08,10.10,281652,2899193.00
2013-11-08,10.08,10.10,9.90,9.94,358784,3635350.25
2013-11-11,9.94,10.17,9.85,10.16,396550,4039608.75
2013-11-12,10.22,10.59,10.05,10.46,1366895,14419272.00
2013-11-13,10.39,10.46,10.24,10.29,645238,6779204.00
2013-11-14,10.31,10.92,10.28,10.90,2499300,27215000.00
2013-11-15,10.87,11.42,10.84,11.30,4714470,53762464.00
2013-11-18,11.45,11.58,11.22,11.37,3735139,43017124.00
2013-11-19,11.33,11.43,11.14,11.31,2161863,24804368.00
2013-11-20,11.33,11.61,11.27,11.42,2412027,27955810.00
2013-11-21,11.26,11.36,11.00,11.08,1907035,21535842.00
2013-11-22,11.08,11.27,11.03,11.03,1365059,15414094.00
2013-11-25,11.19,12.14,11.04,11.84,4863308,57740776.00
2013-11-26,11.73,12.14,11.73,11.78,3837536,46325120.00
2013-11-27,11.67,12.64,11.64,12.49,4965837,61595924.00
2013-11-28,12.41,12.71,12.28,12.49,3980989,50294472.00
2013-11-29,12.49,13.09,12.48,12.68,4080492,52849680.00
2013-12-02,11.51,12.26,11.44,11.48,4644093,55300628.00
2013-12-03,11.35,12.10,11.35,11.99,2482003,29750262.00
2013-12-04,11.92,12.54,11.87,12.37,2753739,34514212.00
2013-12-05,12.26,12.63,12.22,12.49,2771389,34843692.00
2013-12-06,12.48,12.48,11.69,11.87,2975975,36428964.00
2013-12-09,11.91,12.84,11.91,12.76,4086587,51518076.00
2013-12-10,12.76,13.13,12.63,12.75,5183645,67428792.00
2013-12-11,12.61,12.64,12.10,12.37,2877387,36014744.00
2013-12-12,12.34,12.66,12.32,12.47,1834230,23248776.00
2013-12-13,12.36,12.83,12.17,12.63,2185870,27761804.00
2013-12-16,12.64,13.04,12.31,12.41,2195195,28030554.00
2013-12-17,12.36,12.52,11.82,12.02,2565693,31357952.00
2013-12-18,12.07,12.14,11.79,11.79,1185692,14339994.00
2013-12-19,11.81,11.98,11.72,11.76,1089330,13078928.00
2013-12-20,11.79,11.81,11.60,11.68,936268,11107763.00
2013-12-23,11.59,11.80,11.37,11.67,828657,9758481.00
2013-12-24,11.69,12.04,11.63,11.87,936070,11270174.00
2013-12-25,11.93,12.36,11.86,12.35,2211432,27296726.00
2013-12-26,12.41,12.41,11.83,11.83,1561888,19173904.00
2013-12-27,11.88,12.37,11.76,12.29,1603226,19745888.00
2013-12-30,12.41,12.65,12.26,12.39,1670351,21006060.00
2013-12-31,12.36,12.36,12.04,12.16,1129869,13964743.00
2014-01-02,12.16,12.47,12.14,12.42,1682812,21017582.00
2014-01-03,12.45,12.46,12.20,12.28,1362107,17001366.00
2014-01-06,12.28,12.28,11.59,11.66,1807562,21613432.00
2014-01-07,11.68,11.79,11.55,11.73,894095,10614942.00
2014-01-08,11.70,11.92,11.70,11.83,1069028,12791284.00
2014-01-09,11.77,12.04,11.73,11.73,1319308,15896028.00
2014-01-10,11.75,11.78,11.46,11.60,772051,9103192.00
2014-01-13,11.69,11.69,11.31,11.39,781036,9106576.00
2014-01-14,11.39,11.78,11.39,11.78,904514,10680630.00
2014-01-15,11.71,12.09,11.69,12.04,1325493,16054998.00
2014-01-16,12.04,12.29,12.04,12.09,2054958,25333758.00
2014-01-17,12.14,12.25,11.92,12.17,1017833,12522485.00
2014-01-20,12.14,12.40,12.04,12.17,1312087,16277501.00
2014-01-21,12.14,12.42,12.14,12.34,1092385,13588101.00
2014-01-22,12.39,12.60,12.30,12.54,1761146,22248402.00
2014-01-23,12.55,12.70,12.42,12.58,1452363,18495634.00
2014-01-24,12.58,12.77,12.44,12.69,1473391,18889044.00
2014-01-27,12.59,12.92,12.44,12.52,1780851,22891880.00
2014-01-28,12.51,12.64,12.41,12.49,1116901,14148594.00
2014-01-29,12.49,13.10,12.49,12.84,2740091,35566384.00
2014-01-30,12.80,12.96,12.69,12.77,936527,12123592.00
2014-02-07,12.71,12.96,12.65,12.88,925922,12044534.00
2014-02-10,12.88,13.49,12.86,13.40,2473844,33205806.00
2014-02-11,13.36,13.52,13.10,13.39,2037528,27386464.00
2014-02-12,13.43,14.22,13.24,13.86,3545803,49434360.00
2014-02-13,14.13,14.44,13.34,13.44,4762966,67276912.00
2014-02-14,13.47,13.89,13.22,13.84,3591659,49278168.00
2014-02-17,13.84,14.11,13.71,13.98,2780933,39145784.00
2014-02-18,14.13,14.22,13.86,13.95,2153289,30508308.00
2014-02-19,13.95,14.00,13.54,13.66,2657272,36869756.00
2014-02-20,14.10,15.04,14.07,15.04,11661198,175263552.00
2014-02-21,14.85,15.24,14.61,15.02,12514058,189219328.00
2014-02-24,14.84,15.12,14.27,14.64,4238374,62686844.00
2014-02-25,14.61,15.08,13.16,13.40,8775816,127836600.00
2014-02-26,12.84,14.14,12.72,14.00,5779696,79582648.00
2014-02-27,13.76,13.81,13.13,13.14,3165369,43110108.00
2014-02-28,13.04,13.31,12.76,13.14,2190751,28895718.00
2014-03-03,13.04,13.50,13.02,13.42,4977533,66885768.00
2014-03-04,13.30,13.32,13.00,13.21,2441484,32492494.00
2014-03-05,13.20,13.41,13.05,13.26,1952734,26217792.00
2014-03-06,13.14,13.35,13.14,13.32,1633677,21942502.00
2014-03-07,13.32,13.40,13.11,13.22,1326060,17807814.00
2014-03-10,13.22,13.23,12.31,12.34,1615012,20779392.00
2014-03-11,12.39,12.49,12.05,12.23,730871,9093900.00
2014-03-12,12.11,12.28,11.91,12.02,857906,10522161.00
2014-03-13,12.02,12.31,11.97,12.28,681091,8394731.00
2014-03-14,12.26,12.41,12.15,12.29,651251,8101501.50
2014-03-17,12.25,12.61,12.25,12.59,615471,7775574.00
2014-03-18,12.59,13.06,12.51,12.72,1052886,13619224.00
2014-03-19,12.67,13.02,12.65,12.96,913468,11818328.00
2014-03-20,12.97,13.23,12.71,12.71,1466567,19237416.00
2014-03-21,12.71,13.03,12.64,12.97,928054,12068146.00
2014-03-24,12.97,13.11,12.93,12.99,750706,9877058.00
2014-03-25,12.99,13.06,12.76,12.87,877109,11441419.00
2014-03-26,12.87,12.94,12.78,12.93,508739,6617682.00
2014-03-27,12.94,12.94,12.22,12.61,1253759,15899021.00
2014-03-28,12.49,13.82,12.46,12.91,5777517,76843104.00
2014-03-31,12.45,12.69,11.60,11.62,2446638,29385734.00
2014-04-01,11.59,11.78,11.44,11.72,1148612,13578763.00
2014-04-02,11.72,11.80,11.64,11.73,450485,5351908.50
2014-04-03,11.69,11.93,11.69,11.80,780550,9338402.00
2014-04-04,11.74,11.94,11.74,11.89,773226,9281927.00
2014-04-08,11.90,12.20,11.85,12.14,1037567,12670152.00
2014-04-09,12.19,12.28,12.09,12.26,692448,8572722.00
2014-04-10,12.20,12.46,12.20,12.37,1246903,15585732.00
2014-04-11,12.37,12.37,12.20,12.29,442129,5491307.50
2014-04-14,12.22,12.39,12.19,12.38,379380,4729503.00
2014-04-15,12.32,12.35,12.08,12.24,524700,6498122.50
2014-04-16,12.24,12.40,12.14,12.40,470001,5854127.50
2014-04-17,12.37,12.47,12.28,12.46,650780,8174138.00
2014-04-18,12.46,12.47,12.26,12.43,259506,3263567.25
2014-04-21,12.14,12.29,11.84,11.92,725825,8914272.00
2014-04-22,11.87,11.99,11.75,11.97,651799,7850958.00
2014-04-23,12.06,12.13,11.89,11.99,539006,6554436.50
2014-04-24,12.05,12.09,11.93,11.99,614300,7467134.50
2014-04-25,11.88,11.89,11.59,11.61,1020495,12119691.00
2014-04-28,11.48,11.68,10.93,11.12,962084,10841656.00
2014-04-29,11.12,11.23,11.00,11.20,519465,5851945.00
2014-04-30,11.20,11.39,11.15,11.37,506040,5783560.00
2014-05-05,11.36,11.57,11.23,11.54,395887,4575272.50
2014-05-06,11.51,11.68,11.46,11.63,478082,5620917.50
2014-05-07,11.61,11.73,11.46,11.72,723711,8487159.00
2014-05-08,11.68,11.94,11.55,11.94,1298288,15489183.00
2014-05-09,11.89,12.09,11.74,12.09,938629,11342410.00
2014-05-12,12.13,12.92,12.13,12.44,5916774,75163040.00
2014-05-13,12.42,12.88,12.27,12.69,7234757,92974624.00
2014-05-14,12.62,12.62,12.20,12.33,2438453,30522880.00
2014-05-15,12.27,12.48,12.01,12.36,2014482,24834834.00
2014-05-16,12.45,12.45,11.74,12.13,1099554,13567526.00
2014-05-19,12.04,12.19,11.64,11.80,1245019,14945774.00
2014-05-20,11.92,11.97,11.65,11.77,935800,11215006.00
2014-05-21,11.84,12.00,11.59,11.93,1088332,13074413.00
2014-05-22,11.97,12.02,11.83,11.92,1122951,13568674.00
2014-05-23,11.87,11.96,11.78,11.95,682826,8232411.50
2014-05-26,11.95,12.03,11.90,12.01,806917,9778990.00
2014-05-27,12.01,12.27,11.96,12.19,1346759,16542241.00
2014-05-28,12.19,12.22,11.99,12.21,996937,12240897.00
2014-05-29,12.18,12.29,11.93,11.94,714535,8778418.00
2014-05-30,12.01,12.13,11.95,12.11,551746,6736456.00
2014-06-03,12.12,12.28,11.99,12.05,965556,11894813.00
2014-06-04,12.01,12.04,11.64,11.74,949257,11365995.00
2014-06-05,11.74,12.16,11.74,12.14,967302,11802592.00
2014-06-06,12.20,12.20,12.04,12.15,507476,6231366.50
2014-06-09,12.14,12.24,12.05,12.16,1030652,12700054.00
2014-06-10,12.21,12.30,12.12,12.29,823291,10186982.00
2014-06-11,12.28,12.42,12.26,12.40,939796,11748133.00
2014-06-12,12.35,12.48,12.29,12.31,971520,12198618.00
2014-06-13,12.31,12.50,12.30,12.47,813842,10248615.00
2014-06-16,12.47,12.65,12.46,12.61,1378141,17578920.00
2014-06-17,12.72,13.11,12.47,13.07,4353920,56844180.00
2014-06-18,13.10,13.44,12.76,12.93,5893977,77826880.00
2014-06-19,12.93,13.05,12.37,12.38,3250196,42304768.00
2014-06-20,12.44,12.94,12.42,12.83,1931761,24951902.00
2014-06-23,12.83,13.14,12.67,12.94,4025800,53048240.00
2014-06-24,12.79,12.94,12.71,12.85,1622586,21013202.00
2014-06-25,12.86,12.92,12.59,12.69,953590,12255405.00
2014-06-26,12.64,12.99,12.64,12.94,1678263,21943626.00
2014-06-27,12.93,13.09,12.90,13.04,1861190,24532990.00
2014-06-30,13.04,13.11,12.95,13.03,1539723,20300618.00
2014-07-01,13.02,13.07,12.84,12.97,1283475,16780662.00
2014-07-02,13.00,13.02,12.85,12.97,1157685,15145371.00
2014-07-03,12.98,13.19,12.88,13.10,2362571,31261844.00
2014-07-04,13.10,13.12,12.88,12.95,1862082,24413696.00
2014-07-07,12.90,13.04,12.88,12.98,899171,11799314.00
2014-07-08,12.99,13.06,12.83,12.98,1199062,15618960.00
2014-07-09,13.05,13.05,12.75,12.76,1292868,16833352.00
2014-07-10,12.80,13.03,12.76,12.93,944880,12297844.00
2014-07-11,12.92,13.22,12.87,13.17,2045806,27013216.00
2014-07-14,13.20,13.49,13.08,13.43,2370668,31720312.00
2014-07-15,13.39,13.39,13.14,13.22,1694295,22593864.00
2014-07-16,13.22,13.38,13.08,13.09,1307006,17402616.00
2014-07-17,13.09,13.16,12.91,12.99,706172,9256115.00
2014-07-18,12.99,13.11,12.92,12.95,744902,9756866.00
2014-07-21,13.01,13.01,12.81,12.96,796318,10357048.00
2014-07-22,13.05,13.11,12.94,13.09,853898,11205417.00
2014-07-23,13.09,13.09,12.74,12.79,865432,11231613.00
2014-07-24,12.71,12.88,12.61,12.62,872366,11145666.00
2014-07-25,12.69,12.94,12.66,12.90,677636,8727577.00
2014-07-28,12.86,13.06,12.86,13.04,908142,11897709.00
2014-07-29,13.15,13.20,13.04,13.13,1517150,20028482.00
2014-07-30,13.13,13.30,13.07,13.24,2339215,31164670.00
2014-07-31,13.29,13.31,13.14,13.25,1189643,15819585.00
2014-08-01,13.23,13.30,13.06,13.14,1372777,18220556.00
2014-08-04,13.18,13.31,13.10,13.30,1425827,18998248.00
2014-08-05,13.37,13.41,13.25,13.39,1554134,20873444.00
2014-08-06,13.39,13.55,13.25,13.49,1499630,20258350.00
2014-08-07,13.49,13.78,13.41,13.42,2440932,33322994.00
2014-08-08,13.33,13.50,13.18,13.48,2238635,30077674.00
2014-08-11,13.50,13.56,13.37,13.50,2402238,32502232.00
2014-08-12,13.53,13.53,13.41,13.47,1002999,13583793.00
2014-08-13,13.47,13.56,13.31,13.53,1780339,24125342.00
2014-08-14,13.53,13.78,13.47,13.72,2646085,36344568.00
2014-08-15,13.73,13.89,13.61,13.73,1408656,19421268.00
2014-08-18,13.77,14.04,13.71,14.01,1951456,27206180.00
2014-08-19,14.01,14.15,13.87,14.00,1989497,27996260.00
2014-08-20,14.04,14.13,13.71,13.75,2293653,32158188.00
2014-08-21,13.74,13.95,13.72,13.92,1529962,21274052.00
2014-08-22,13.92,14.15,13.83,14.01,1944548,27356960.00
2014-08-25,14.06,14.09,13.91,13.95,1190662,16777324.00
2014-08-26,13.88,13.92,13.41,13.53,1214974,16686270.00
2014-08-27,13.53,13.63,13.42,13.53,653595,8916494.00
2014-08-28,13.59,13.61,13.39,13.46,802466,10900119.00
2014-08-29,13.42,13.72,13.42,13.70,777503,10664993.00
2014-09-01,13.71,13.98,13.71,13.94,910685,12734818.00
2014-09-02,14.04,14.18,13.86,14.11,1718911,24344724.00
2014-09-03,14.11,14.26,14.03,14.15,1323546,18841700.00
2014-09-04,14.15,14.41,14.14,14.23,1548040,22237690.00
2014-09-05,14.23,14.33,14.12,14.31,1165164,16680649.00
2014-09-09,14.27,14.84,14.22,14.70,2681829,39564536.00
2014-09-10,14.61,14.73,14.46,14.70,1698938,24901156.00
2014-09-11,14.68,15.01,14.55,14.89,2664908,39822104.00
2014-09-12,14.81,15.10,14.78,15.00,1420185,21388150.00
2014-09-15,15.02,15.50,14.95,15.42,2225995,34345820.00
2014-09-16,15.44,15.51,14.70,14.70,2939386,44508660.00
2014-09-17,14.69,15.27,14.61,15.01,1492634,22407908.00
2014-09-18,15.01,15.19,14.86,15.17,1002515,15205275.00
2014-09-19,15.10,15.32,15.02,15.31,1054164,16124562.00
2014-09-22,15.31,15.31,14.91,15.03,981151,14850237.00
2014-09-23,15.10,16.00,15.03,16.00,3356817,52890932.00
2014-09-24,15.88,15.98,15.66,15.89,2843852,45136536.00
2014-09-25,15.88,16.05,15.63,15.71,1849715,29468890.00
2014-09-26,15.77,16.30,15.61,16.10,2292806,36940764.00
2014-09-29,16.17,16.69,16.07,16.08,2112703,34603284.00
2014-09-30,16.11,16.63,16.11,16.40,1751212,28772014.00
2014-10-08,16.40,16.68,16.14,16.63,1724467,28516264.00
2014-10-09,16.64,16.64,16.14,16.41,2293508,37827412.00
2014-10-10,16.31,16.56,16.09,16.44,1837931,30193490.00
2014-10-13,16.37,16.41,15.91,16.25,1347565,21848266.00
2014-10-14,16.19,16.65,16.12,16.64,2429671,40139576.00
2014-10-15,16.59,17.08,16.47,17.04,2613778,44189212.00
2014-10-16,16.81,17.14,16.69,16.69,1748844,29682982.00
2014-10-17,16.67,16.81,15.94,16.28,1866145,30547206.00
2014-10-20,16.28,16.89,16.27,16.83,1852066,31023454.00
2014-10-21,16.77,17.03,16.44,16.49,1411385,23750742.00
2014-10-22,16.34,16.64,15.92,15.99,1547381,25366660.00
2014-10-23,15.96,16.03,15.38,15.41,1693085,26683434.00
2014-10-24,15.41,15.79,15.39,15.44,1328088,20771886.00
2014-10-27,15.44,15.73,15.41,15.70,975681,15328222.00
2014-10-28,15.69,16.36,15.69,16.28,1426184,23147174.00
2014-10-29,16.38,16.59,16.25,16.40,1628176,26905296.00
2014-10-30,16.58,16.89,16.41,16.69,2019558,33732208.00
2014-10-31,16.63,17.01,16.63,16.86,2365112,40108952.00
2014-11-03,16.97,17.69,16.96,17.53,2807115,49173748.00
2014-11-04,17.54,17.76,17.26,17.47,1961060,34449824.00
2014-11-05,17.40,17.49,17.09,17.30,1367029,23756016.00
2014-11-06,17.19,17.89,17.19,17.66,2041230,36146948.00
2014-11-07,17.77,18.80,17.62,17.88,3233076,58927116.00
2014-11-10,17.91,18.32,17.81,17.96,1843676,33364338.00
2014-11-11,17.91,17.97,16.71,16.91,2737072,47162820.00
2014-11-12,16.83,18.24,16.83,18.24,3232344,57537148.00
2014-11-13,18.03,18.23,17.45,17.49,2162725,38636580.00
2014-11-14,17.33,17.57,16.90,17.11,1656675,28564594.00
2014-11-17,17.13,17.66,16.94,17.39,1080028,18895948.00
2014-11-18,17.37,17.74,17.37,17.67,1144714,20268428.00
2014-11-19,17.57,17.80,17.51,17.78,1415362,25146214.00
2014-11-20,17.76,17.93,17.58,17.91,1204676,21501554.00
2014-11-21,17.91,18.28,17.83,17.99,1661812,30256308.00
2014-11-24,18.09,18.41,17.86,17.91,1988791,36197920.00
2014-11-25,17.99,18.09,17.71,18.06,1508207,27100538.00
2014-11-26,18.04,18.19,17.76,17.99,1381829,24991530.00
2014-11-27,17.99,18.06,17.77,17.92,1586054,28521844.00
2014-11-28,17.96,18.23,17.81,18.16,1935540,35145936.00
2014-12-01,18.19,18.61,17.98,18.60,2658174,48956712.00
2014-12-02,18.65,20.47,18.52,20.47,3641281,71827368.00
2014-12-03,21.11,21.28,19.33,19.89,5008050,100454928.00
2014-12-04,19.71,20.09,19.53,19.66,2793675,55408576.00
2014-12-05,19.42,19.64,17.69,18.10,3651089,67782544.00
2014-12-08,18.08,18.08,17.56,17.60,2576795,45910156.00
2014-12-09,17.56,17.56,16.45,16.53,3013219,51480444.00
2014-12-10,16.59,17.23,16.59,17.17,1463677,24979402.00
2014-12-11,17.26,17.69,17.09,17.64,1537531,27031070.00
2014-12-12,17.63,17.81,17.52,17.78,1089482,19335932.00
2014-12-15,17.81,18.03,17.61,17.92,1387118,24883454.00
2014-12-16,17.95,18.01,17.57,17.64,1340243,23870788.00
2014-12-17,17.41,17.65,16.76,16.94,1807971,31091496.00
2014-12-18,16.94,17.13,16.71,16.91,1023531,17435766.00
2014-12-19,16.95,16.95,16.30,16.68,1497155,24856950.00
2014-12-22,16.50,16.50,15.00,15.13,1977073,30781818.00
2014-12-23,15.17,15.90,15.17,15.41,1323665,20842188.00
2014-12-24,15.66,16.40,15.66,16.25,1350896,21818950.00
2014-12-25,16.36,17.10,16.26,16.89,1675195,28242418.00
2014-12-26,16.83,17.16,16.66,16.86,1005720,17127544.00
2014-12-29,16.72,16.89,15.96,16.02,1131901,18541726.00
2014-12-30,15.90,16.25,15.71,16.00,935604,15038545.00
2014-12-31,16.01,16.39,16.01,16.22,823300,13395239.00
2015-01-05,16.02,16.21,15.46,15.77,1225648,19325036.00
2015-01-06,15.77,16.09,15.17,16.07,958251,15267807.00
2015-01-07,16.04,16.13,15.67,15.81,728202,11615952.00
2015-01-08,15.75,16.05,15.71,15.71,846709,13506582.00
2015-01-09,15.71,15.90,15.35,15.35,1555000,24571102.00
2015-01-12,15.36,15.36,14.62,14.76,1342121,20105732.00
2015-01-13,14.76,15.24,14.76,15.21,766222,11630107.00
2015-01-14,15.26,15.36,15.11,15.19,570039,8702537.00
2015-01-15,15.19,15.58,15.13,15.24,822700,12739917.00
2015-01-16,15.19,15.51,15.19,15.37,990425,15284646.00
2015-01-19,15.14,15.74,14.96,15.26,1570409,24437950.00
2015-01-20,15.31,16.08,15.31,16.08,1599034,25354432.00
2015-01-21,16.05,17.70,16.01,17.70,5537281,94965120.00
2015-01-22,17.70,18.25,17.28,18.16,4508795,80843120.00
2015-01-23,18.16,18.39,17.61,18.18,2770883,50006096.00
2015-01-26,18.07,18.67,17.91,18.51,2356451,43432876.00
2015-01-27,18.59,18.84,18.04,18.46,2658698,49437244.00
2015-01-28,18.44,18.75,18.02,18.58,2156613,39883184.00
2015-01-29,18.34,18.71,18.17,18.68,2118227,39420568.00
2015-01-30,18.68,19.41,18.31,18.91,3383134,64288424.00
2015-02-02,18.61,19.71,18.51,19.37,3705284,71103344.00
2015-02-03,19.38,20.51,19.16,19.97,3684896,73496016.00
2015-02-04,19.75,20.36,19.40,20.21,2982489,59707268.00
2015-02-05,20.17,20.60,19.65,19.65,4127041,83189488.00
2015-02-06,19.53,21.62,19.17,21.61,7686177,160971600.00
2015-02-09,21.26,22.14,20.91,22.05,5462624,118240536.00
2015-02-10,21.91,22.38,20.41,21.51,5548582,119817688.00
2015-02-11,21.45,22.92,21.26,22.71,3955980,88745288.00
2015-02-12,22.72,22.92,22.11,22.62,2007559,45507116.00
2015-02-13,22.61,23.46,22.21,22.79,2052979,46509088.00
2015-02-16,22.52,22.81,22.45,22.66,1410440,32100042.00
2015-02-17,22.46,23.10,21.91,22.97,2157561,48748876.00
2015-02-25,22.87,22.90,22.27,22.77,1327016,30161658.00
2015-02-26,22.68,24.91,22.46,24.91,2876591,68790128.00
2015-02-27,24.61,25.13,24.36,24.91,1824809,45406260.00
2015-03-02,24.91,25.39,24.22,25.10,1600014,39813464.00
2015-03-03,25.01,25.58,24.60,25.34,3346487,84825712.00
2015-03-04,25.10,25.10,23.08,23.48,4323150,104186840.00
2015-03-05,23.38,23.46,21.90,22.27,5032717,113247448.00
2015-03-06,22.36,22.65,22.17,22.17,2772287,62507580.00
2015-03-09,22.35,22.35,20.91,21.59,5570977,120601400.00
2015-03-10,21.37,21.95,21.03,21.64,9148372,196263328.00
2015-03-11,21.43,21.61,21.20,21.24,4101905,88163112.00
2015-03-12,21.40,21.43,20.42,20.51,6379600,133187168.00
2015-03-13,20.62,21.06,20.47,20.91,5409111,112637360.00
2015-03-16,21.14,21.77,20.93,21.66,10472106,223355712.00
2015-03-17,21.68,22.21,21.46,22.18,11211553,245748640.00
2015-03-18,22.20,22.50,22.10,22.29,7691649,172018192.00
2015-03-19,22.25,22.26,21.42,21.82,6132917,134499376.00
2015-03-20,21.77,22.08,21.61,22.08,5056812,111151464.00
2015-03-23,22.11,23.39,22.10,23.35,8854898,202725744.00
2015-03-24,23.35,23.35,21.41,22.79,7066896,161331600.00
2015-03-25,22.71,23.27,22.18,23.13,6104547,139798352.00
2015-03-26,22.94,23.12,22.26,22.51,4588478,104800328.00
2015-03-27,22.48,22.71,22.28,22.57,2597608,58794156.00
2015-03-30,22.71,22.81,21.99,22.04,4817648,107939536.00
2015-03-31,21.81,21.82,21.09,21.54,4848810,104360256.00
2015-04-01,21.33,22.10,21.28,22.10,3706660,80933640.00
2015-04-02,22.31,24.11,22.10,23.77,9810845,229272848.00
2015-04-03,23.91,24.33,23.41,23.89,7534224,180648208.00
2015-04-07,23.91,24.27,23.56,24.17,6093994,146328080.00
2015-04-08,24.33,26.60,24.32,26.60,13312768,348224128.00
2015-04-09,27.29,29.27,26.76,29.26,14805408,413502848.00
2015-04-10,28.11,28.81,26.91,28.33,9599143,271303872.00
2015-04-13,28.72,29.39,28.22,29.01,7042273,203658432.00
2015-04-14,28.76,28.77,27.02,27.75,5316268,148592256.00
2015-04-15,27.67,27.67,25.92,26.46,4624307,123136456.00
2015-04-16,25.94,27.11,25.81,26.73,3229576,85940192.00
2015-04-17,27.24,27.26,25.92,26.94,4310342,114409664.00
2015-07-29,24.25,24.25,24.25,24.25,317200,7692100.00
2015-07-30,21.83,24.25,21.83,21.83,19480294,432049312.00
2015-07-31,21.11,22.00,20.18,20.90,10520059,224195280.00
2015-08-03,21.13,21.98,18.91,21.40,7995027,165011136.00
2015-08-04,21.19,21.80,20.33,21.60,7550108,161887152.00
2015-08-05,21.30,22.10,20.80,20.96,3856146,82761752.00
2015-08-06,20.63,21.95,20.31,21.95,4939559,105883928.00
2015-08-07,21.51,22.94,21.51,22.02,8856029,196820784.00
2015-08-10,21.65,23.85,21.50,23.29,8882233,199163600.00
2015-08-11,22.81,23.22,22.50,22.62,5298167,121057768.00
2015-08-12,21.01,22.65,21.01,21.65,3823207,84361792.00
2015-08-13,20.80,22.50,20.80,22.40,3698200,81269816.00
2015-08-14,22.27,24.00,22.27,23.35,8116535,186474224.00
2015-08-17,23.50,23.90,22.11,23.30,4169420,96835712.00
2015-08-18,23.99,25.63,23.60,24.10,11065686,274894848.00
2015-08-19,23.48,26.51,23.18,26.51,11100808,282956960.00
2015-08-20,27.01,28.51,26.40,26.90,10602000,290819776.00
2015-08-21,25.50,26.50,24.21,24.21,6539116,161426480.00
2015-08-24,21.79,22.99,21.79,21.79,3912900,85296016.00
2015-08-25,19.61,20.26,19.61,19.61,4549462,89595248.00
2015-08-26,20.15,21.08,18.05,20.75,9425025,189743008.00
2015-08-27,20.76,22.47,20.29,22.10,5780080,121969080.00
2015-08-28,22.55,23.60,22.36,22.75,5299814,122533104.00
2015-08-31,22.52,22.55,21.14,21.45,3887869,84098832.00
2015-09-01,21.00,22.50,19.76,21.75,4564296,98424240.00
2015-09-02,21.75,22.99,20.50,21.60,6700719,146637712.00
2015-09-07,22.00,22.50,21.28,21.74,4476226,97506624.00
2015-09-08,21.60,23.00,20.50,22.47,3003941,66314060.00
2015-09-09,22.39,23.37,22.11,22.60,3004850,68687192.00
2015-09-10,22.14,24.78,21.85,24.29,5460803,129060848.00
2015-09-11,24.19,24.22,23.17,23.83,3196982,75810776.00
2015-09-14,23.88,23.88,21.45,21.45,3430811,76180304.00
2015-09-15,21.48,22.20,20.38,22.20,4069475,85751872.00
2015-09-16,22.02,24.42,21.70,24.42,4414132,102008968.00
2015-09-17,24.08,25.57,23.45,23.77,4657804,114375296.00
2015-09-22,24.71,24.71,24.71,24.71,0,0.00
数据来源:通达信
