002528 英飞拓 日线 前复权
      日期	    开盘	    最高	    最低	    收盘	    成交量	    成交额
2010-12-24,12.42,13.01,11.89,11.91,19244096,1149279232.00
2010-12-27,12.16,12.19,11.31,11.34,8609139,484393504.00
2010-12-28,10.92,11.02,10.39,10.43,5588598,289098816.00
2010-12-29,10.39,10.81,10.39,10.61,2716821,140169168.00
2010-12-30,10.62,10.85,10.42,10.64,2723951,141284528.00
2010-12-31,10.49,10.78,10.49,10.61,2489294,128780512.00
2011-01-04,10.65,10.89,10.62,10.84,2691568,140818272.00
2011-01-05,10.87,11.19,10.79,11.08,3292304,176800064.00
2011-01-06,11.09,11.09,10.67,10.68,2224346,117253472.00
2011-01-07,10.64,10.66,10.47,10.52,1902892,97420840.00
2011-01-10,10.52,10.55,10.30,10.33,1426538,72329912.00
2011-01-11,10.32,10.33,10.00,10.03,1775032,87340672.00
2011-01-12,10.04,10.21,10.01,10.17,848232,41679812.00
2011-01-13,10.17,10.20,10.07,10.09,717675,35297036.00
2011-01-14,10.09,10.10,9.83,9.84,1345909,64888948.00
2011-01-17,9.83,9.91,9.43,9.45,1038551,48578176.00
2011-01-18,9.44,9.63,9.39,9.52,641972,29765156.00
2011-01-19,9.53,9.64,9.43,9.63,917499,42762912.00
2011-01-20,9.61,9.61,9.16,9.16,1127816,51475112.00
2011-01-21,9.11,9.25,9.04,9.06,794607,35508500.00
2011-01-24,9.06,9.18,8.77,8.78,970527,42511544.00
2011-01-25,8.78,8.92,8.55,8.87,924996,39493172.00
2011-01-26,8.85,9.04,8.79,8.86,1304334,56875780.00
2011-01-28,8.91,9.07,8.88,9.06,1071093,46952972.00
2011-01-31,9.06,9.14,8.95,9.10,749221,33173988.00
2011-02-01,9.10,9.16,9.02,9.14,516471,22919474.00
2011-02-09,9.11,9.15,9.01,9.03,436204,19346560.00
2011-02-10,9.02,9.27,9.02,9.26,1436167,64079240.00
2011-02-11,9.27,9.32,9.19,9.27,1220795,55188012.00
2011-02-14,9.29,9.45,9.28,9.44,1219834,55832836.00
2011-02-15,9.42,9.50,9.39,9.41,886885,40827728.00
2011-02-16,9.40,9.55,9.38,9.54,988101,45602672.00
2011-02-17,9.56,9.72,9.51,9.68,1291999,60752044.00
2011-02-18,9.64,9.68,9.46,9.57,1057604,49274208.00
2011-02-21,9.56,9.81,9.54,9.74,1030241,48860804.00
2011-02-22,9.79,9.83,9.44,9.44,1312158,61518848.00
2011-02-23,9.42,9.57,9.39,9.55,762233,35361500.00
2011-02-24,9.54,9.78,9.45,9.60,945666,44370912.00
2011-02-25,9.60,9.72,9.47,9.70,1088847,50885492.00
2011-02-28,9.70,9.87,9.64,9.85,1074629,51278468.00
2011-03-01,9.92,10.18,9.92,9.95,2171530,106133608.00
2011-03-02,9.92,10.06,9.75,10.03,1029219,49485640.00
2011-03-03,9.98,10.05,9.78,9.78,746929,35994628.00
2011-03-04,9.77,9.80,9.62,9.78,756511,35856668.00
2011-03-07,9.78,9.82,9.68,9.77,846741,40191252.00
2011-03-08,9.76,9.76,9.66,9.72,787917,37229508.00
2011-03-09,9.69,9.74,9.67,9.72,554739,26240056.00
2011-03-10,9.74,9.82,9.74,9.77,711501,33915992.00
2011-03-11,9.75,9.81,9.68,9.72,609333,28930448.00
2011-03-14,9.66,9.74,9.66,9.74,620132,29298892.00
2011-03-15,9.73,9.76,9.53,9.57,724469,33962200.00
2011-03-16,9.62,9.70,9.59,9.68,480178,22622010.00
2011-03-17,9.64,9.64,9.50,9.51,559241,26075640.00
2011-03-21,9.70,9.73,9.52,9.53,607046,28478654.00
2011-03-22,9.55,9.55,9.21,9.35,436743,19962180.00
2011-03-23,9.35,9.49,9.33,9.48,366904,16880228.00
2011-03-24,9.44,9.51,9.41,9.42,581878,26866548.00
2011-03-25,9.42,9.45,9.36,9.37,690675,31666756.00
2011-03-28,9.35,9.39,9.08,9.08,1316523,59375164.00
2011-03-29,9.06,9.08,8.70,8.73,1539812,66523364.00
2011-03-30,8.71,8.81,8.68,8.77,716932,30655522.00
2011-03-31,8.80,8.84,8.71,8.75,476723,20493796.00
2011-04-01,8.72,8.87,8.72,8.86,388687,16769460.00
2011-04-06,8.85,8.94,8.73,8.81,484762,20950700.00
2011-04-07,8.78,8.98,8.76,8.91,337299,14649403.00
2011-04-08,8.91,8.94,8.87,8.92,399503,17428644.00
2011-04-11,8.94,9.02,8.90,8.91,679052,29698018.00
2011-04-12,8.91,8.95,8.83,8.84,297155,12936623.00
2011-04-13,8.84,8.95,8.79,8.94,257606,11222201.00
2011-04-14,8.91,8.92,8.83,8.84,460755,19991836.00
2011-04-15,8.84,9.03,8.74,9.01,755996,32866422.00
2011-04-18,8.95,9.10,8.91,9.05,742026,32799430.00
2011-04-19,9.07,9.10,8.88,8.94,662146,29111266.00
2011-04-20,8.99,8.99,8.77,8.79,602568,26093336.00
2011-04-21,8.90,8.91,8.76,8.81,880425,38058432.00
2011-04-22,8.79,8.86,8.77,8.84,720998,31084468.00
2011-04-25,8.85,8.85,8.42,8.43,1230724,51871176.00
2011-04-26,8.42,8.46,8.12,8.14,899459,36392092.00
2011-04-27,7.71,7.71,7.29,7.29,2859452,103980384.00
2011-04-28,7.12,7.20,6.95,7.01,1479423,51940408.00
2011-04-29,7.01,7.07,6.96,7.02,617981,21467620.00
2011-05-03,7.05,7.10,6.93,7.06,590872,20523698.00
2011-05-04,7.05,7.07,6.94,6.94,495196,17166098.00
2011-05-05,6.92,7.03,6.92,6.99,414770,14367995.00
2011-05-06,6.97,7.05,6.90,7.02,316803,10978213.00
2011-05-09,7.02,7.13,7.02,7.09,381127,13373191.00
2011-05-10,7.09,7.11,7.08,7.10,325391,11420722.00
2011-05-11,7.10,7.23,7.10,7.20,784384,27902202.00
2011-05-12,7.14,7.19,6.99,6.99,506249,17727066.00
2011-05-13,7.00,7.06,6.97,7.02,294489,10209954.00
2011-05-16,7.03,7.15,6.98,7.09,502469,17680034.00
2011-05-17,7.09,7.15,7.01,7.10,347713,12188440.00
2011-05-18,7.10,7.13,7.03,7.12,242139,8500404.00
2011-05-19,7.09,7.16,7.08,7.09,293582,10340049.00
2011-05-20,7.17,7.17,6.84,6.85,730608,25222718.00
2011-05-23,6.84,6.84,6.50,6.51,761981,25151986.00
2011-05-24,6.45,6.61,6.36,6.60,588236,19017324.00
2011-05-25,6.55,6.69,6.50,6.58,353534,11624985.00
2011-05-26,6.63,6.69,6.57,6.63,552345,18190820.00
2011-05-27,6.54,6.64,6.42,6.54,280542,9073689.00
2011-05-30,6.46,6.73,6.44,6.62,541177,17856324.00
2011-05-31,6.62,6.70,6.62,6.70,393024,13038213.00
2011-06-01,6.66,6.75,6.66,6.73,253100,8435220.00
2011-06-02,6.69,6.72,6.54,6.59,333761,10955693.00
2011-06-03,6.59,6.75,6.59,6.73,359021,11919096.00
2011-06-07,6.74,6.75,6.60,6.72,234681,7824653.50
2011-06-08,6.71,6.82,6.65,6.76,547431,18190464.00
2011-06-09,6.75,6.82,6.66,6.66,270592,9027909.00
2011-06-13,6.66,6.68,6.43,6.49,377464,12216821.00
2011-06-14,6.49,6.63,6.45,6.60,281086,9150750.00
2011-06-15,6.60,6.60,6.49,6.51,226049,7363060.50
2011-06-16,6.48,6.63,6.43,6.46,333313,10791246.00
2011-06-17,6.44,6.50,6.41,6.42,179555,5764573.00
2011-06-20,6.43,6.54,6.39,6.44,284239,9119591.00
2011-06-21,6.45,6.54,6.28,6.38,959644,30593278.00
2011-06-22,6.40,6.47,6.35,6.41,239743,7622317.50
2011-06-23,6.42,6.58,6.37,6.54,766651,24854476.00
2011-06-24,6.55,6.75,6.54,6.73,849327,28139908.00
2011-06-27,6.76,6.86,6.74,6.80,742688,25073436.00
2011-06-28,6.82,6.82,6.70,6.79,513495,17193136.00
2011-06-29,6.83,7.37,6.83,7.03,1639318,57903168.00
2011-06-30,6.96,7.17,6.90,7.13,726554,25515034.00
2011-07-01,7.14,7.20,7.04,7.13,855911,30107532.00
2011-07-04,7.19,7.36,7.14,7.36,1373950,49331808.00
2011-07-05,7.32,7.40,7.25,7.39,1560759,34970972.00
2011-07-06,7.35,7.39,7.28,7.38,1185307,26604888.00
2011-07-07,7.35,7.82,7.35,7.57,2644312,61796028.00
2011-07-08,7.58,7.63,7.44,7.48,1174642,26902556.00
2011-07-11,7.44,7.83,7.35,7.72,1810391,42298244.00
2011-07-12,7.59,7.72,7.59,7.64,1126491,26249172.00
2011-07-13,7.63,7.86,7.60,7.78,1517675,35976340.00
2011-07-14,7.79,7.96,7.71,7.76,1688244,40142416.00
2011-07-15,7.66,7.66,7.45,7.53,3129484,72139800.00
2011-07-18,7.55,7.67,7.52,7.62,1561015,36321704.00
2011-07-19,7.58,7.69,7.50,7.55,713700,16468877.00
2011-07-20,7.58,7.68,7.39,7.58,1278099,29629936.00
2011-07-21,7.57,7.66,7.52,7.54,821118,19034764.00
2011-07-22,7.59,7.79,7.54,7.71,2165721,51077504.00
2011-07-25,7.70,7.86,7.22,7.52,1692456,39381176.00
2011-07-26,7.49,7.58,7.32,7.43,821191,18694212.00
2011-07-27,7.43,7.58,7.38,7.56,861977,19847150.00
2011-07-28,7.49,7.68,7.46,7.65,915171,21333332.00
2011-07-29,7.66,7.80,7.52,7.59,821390,19120966.00
2011-08-01,7.53,7.75,7.43,7.69,1093849,25524536.00
2011-08-02,7.68,8.17,7.60,8.02,3900104,93819928.00
2011-08-03,7.95,8.17,7.92,8.17,3133585,77172248.00
2011-08-04,8.17,8.21,8.07,8.08,1730004,42851268.00
2011-08-05,7.90,8.05,7.76,7.86,1666315,40399680.00
2011-08-08,7.70,7.83,7.31,7.52,1542879,35817864.00
2011-08-09,7.35,7.51,7.12,7.44,1010861,22716524.00
2011-08-10,7.52,7.74,7.44,7.60,963865,22374352.00
2011-08-11,7.29,8.38,7.29,8.32,3114007,76477816.00
2011-08-12,8.25,8.61,8.25,8.36,3075262,79122160.00
2011-08-15,8.36,8.47,8.22,8.35,1700538,43309500.00
2011-08-16,8.36,8.44,8.20,8.23,1734013,43913576.00
2011-08-17,8.14,8.34,8.14,8.33,893069,22454078.00
2011-08-18,8.26,8.82,8.26,8.68,4729557,123740744.00
2011-08-19,8.55,9.06,8.47,8.77,4119330,110913208.00
2011-08-22,8.86,9.03,8.66,8.66,2235430,60055160.00
2011-08-23,8.70,9.05,8.70,9.04,2850200,77284208.00
2011-08-24,9.19,9.75,9.10,9.57,6657635,190504704.00
2011-08-25,9.62,9.94,9.27,9.39,7210518,210264480.00
2011-08-26,9.32,9.66,9.30,9.53,3128686,90074592.00
2011-08-29,9.47,9.53,9.13,9.43,1862840,52731732.00
2011-08-30,9.51,9.53,9.06,9.08,2180735,61255808.00
2011-08-31,8.99,9.08,8.62,9.04,2320479,62222024.00
2011-09-01,8.97,9.03,8.72,8.72,1549220,41640964.00
2011-09-02,8.73,8.96,8.67,8.77,1017478,27194090.00
2011-09-05,8.77,8.82,8.47,8.47,1288723,33892528.00
2011-09-06,8.43,9.10,8.42,8.60,1083345,28520812.00
2011-09-07,8.79,8.99,8.59,8.86,833406,22193484.00
2011-09-08,8.86,9.03,8.81,8.83,1012652,27431248.00
2011-09-09,8.95,8.99,8.45,8.63,1085243,28667160.00
2011-09-13,8.41,8.89,8.39,8.58,603723,15861375.00
2011-09-14,8.59,8.70,8.29,8.46,607892,15604980.00
2011-09-16,8.55,8.55,7.90,8.18,2517559,62301248.00
2011-09-19,8.14,8.14,7.93,8.08,741384,18244026.00
2011-09-20,7.99,8.16,7.88,8.03,470302,11493137.00
2011-09-21,8.02,8.29,7.97,8.26,723366,17955288.00
2011-09-22,8.17,8.24,8.01,8.04,474883,11689897.00
2011-09-23,7.86,8.55,7.60,8.16,942694,22847520.00
2011-09-26,7.96,8.11,7.52,7.71,716941,17343554.00
2011-09-27,7.76,7.90,7.53,7.69,474696,11170017.00
2011-09-28,7.73,7.78,7.52,7.53,230383,5365474.00
2011-09-29,7.46,7.50,7.09,7.11,736747,16316180.00
2011-09-30,7.25,7.28,7.10,7.12,309644,6811575.50
2011-10-10,7.28,7.33,7.09,7.14,397840,8771807.00
2011-10-11,7.28,7.33,7.11,7.12,375029,8286756.00
2011-10-12,6.91,7.31,6.91,7.27,490201,10772229.00
2011-10-13,7.27,7.52,7.24,7.45,619877,14033701.00
2011-10-14,7.48,7.48,7.24,7.30,343169,7667143.00
2011-10-17,7.40,7.80,7.27,7.77,1286759,30137020.00
2011-10-18,7.75,8.00,7.54,7.57,1080879,25785770.00
2011-10-19,7.55,7.71,7.22,7.24,794028,17790862.00
2011-10-20,7.31,7.31,6.98,7.05,380362,8239214.00
2011-10-21,7.05,7.11,6.84,7.04,697002,14831924.00
2011-10-24,7.04,7.22,6.84,7.22,444231,9561702.00
2011-10-25,7.17,7.45,7.08,7.40,597364,13446838.00
2011-10-26,7.32,7.52,7.11,7.19,1865749,41360308.00
2011-10-27,7.17,7.24,6.94,7.01,1987887,42945220.00
2011-10-28,7.03,7.17,6.99,7.16,980857,21311060.00
2011-10-31,7.18,7.50,7.17,7.45,1835561,41302364.00
2011-11-01,7.41,7.69,7.29,7.58,1584567,36421192.00
2011-11-02,7.45,7.76,7.34,7.72,1167030,27038962.00
2011-11-03,7.73,8.03,7.66,7.81,2026507,48492788.00
2011-11-04,7.85,7.85,7.68,7.69,1132781,26716822.00
2011-11-07,7.69,7.69,7.53,7.58,824808,19115112.00
2011-11-08,7.56,7.66,7.40,7.42,1067900,24496272.00
2011-11-09,7.41,7.54,7.39,7.54,713077,16249899.00
2011-11-10,7.50,7.67,7.40,7.51,785710,18121784.00
2011-11-11,7.49,7.63,7.43,7.63,638796,14770390.00
2011-11-15,7.76,7.82,7.60,7.69,1301853,30572304.00
2011-11-16,7.64,7.73,7.37,7.40,1076667,24736264.00
2011-11-17,7.39,7.57,7.39,7.51,500128,11446780.00
2011-11-18,7.47,7.49,7.15,7.15,993464,22071050.00
2011-11-21,7.17,7.18,7.05,7.11,347431,7580743.00
2011-11-22,7.08,7.86,7.01,7.86,3125952,72236464.00
2011-12-14,7.04,7.48,7.04,7.24,3410344,75042800.00
2011-12-15,7.18,7.18,6.48,6.48,3464784,70397392.00
2011-12-16,6.18,6.74,5.82,6.62,2674560,50578648.00
2011-12-19,6.36,6.67,6.29,6.58,1295887,25741686.00
2011-12-20,6.49,6.55,6.09,6.09,1162435,22706516.00
2011-12-21,6.16,6.20,5.68,5.68,1741761,31975800.00
2011-12-22,5.51,5.61,5.23,5.34,1901764,32075760.00
2011-12-23,5.34,5.45,5.13,5.30,1121089,18478046.00
2011-12-26,5.24,5.37,5.24,5.30,715801,11870050.00
2011-12-27,5.23,5.29,4.79,4.82,1261621,19491712.00
2011-12-28,4.80,4.80,4.60,4.69,1035632,15158499.00
2011-12-29,4.69,4.75,4.63,4.70,820010,12100477.00
2011-12-30,4.69,4.79,4.67,4.77,1123745,16662825.00
2012-01-04,4.81,4.82,4.48,4.49,887403,13006496.00
2012-01-05,4.45,4.45,4.07,4.16,1890169,25279260.00
2012-01-06,4.14,4.17,3.95,4.10,1438871,18422462.00
2012-01-09,4.10,4.28,4.01,4.28,2239389,29686146.00
2012-01-11,4.58,4.74,4.55,4.74,7600735,112573088.00
2012-01-12,4.75,5.25,4.74,5.12,11979215,186552880.00
2012-01-13,4.97,4.99,4.62,4.68,6172971,93109824.00
2012-01-16,4.51,4.51,4.26,4.28,4270773,59076076.00
2012-01-17,4.25,4.64,4.25,4.64,4494023,62811852.00
2012-01-18,4.45,4.58,4.15,4.15,8330097,113735768.00
2012-01-19,3.97,4.01,3.82,3.93,7320657,91197536.00
2012-01-20,3.94,4.14,3.88,4.10,7072552,89933248.00
2012-01-30,4.10,4.23,4.07,4.16,4260774,56022268.00
2012-01-31,4.15,4.16,3.95,4.11,3044966,39099064.00
2012-02-01,4.07,4.18,4.04,4.09,2950711,38425708.00
2012-02-02,4.09,4.27,4.07,4.26,4226540,56041352.00
2012-02-03,4.28,4.46,4.22,4.41,5291306,72635968.00
2012-02-06,4.43,4.58,4.36,4.48,5230159,73599408.00
2012-02-07,4.47,4.47,4.32,4.34,4324270,59642048.00
2012-02-08,4.34,4.67,4.24,4.57,6540297,92725016.00
2012-02-09,4.62,4.77,4.59,4.64,7198433,106018520.00
2012-02-10,4.63,4.81,4.62,4.71,4925653,72935344.00
2012-02-13,4.66,4.87,4.63,4.83,4689210,70109696.00
2012-02-14,4.83,5.01,4.82,4.84,4873020,74762616.00
2012-02-15,4.79,4.94,4.76,4.91,3864928,58892132.00
2012-02-16,4.89,5.00,4.82,4.94,4482489,69033880.00
2012-02-17,4.99,5.02,4.79,4.85,3216171,49006728.00
2012-02-20,4.91,5.02,4.86,4.87,4055195,62607808.00
2012-02-21,4.86,4.95,4.77,4.93,3514698,53426400.00
2012-02-22,4.93,5.22,4.92,5.20,7451169,119032976.00
2012-02-23,5.19,5.19,5.05,5.11,7110486,113502136.00
2012-02-24,5.10,5.22,5.10,5.19,4396590,70726304.00
2012-02-27,5.21,5.35,5.14,5.19,5669285,92501632.00
2012-02-28,5.14,5.16,4.94,5.02,4406965,69363040.00
2012-02-29,4.99,5.10,4.84,4.98,3572735,55212132.00
2012-03-01,4.92,5.05,4.91,4.99,2131766,33283366.00
2012-03-02,4.98,5.21,4.97,5.17,3849808,61362536.00
2012-03-05,5.18,5.42,5.17,5.28,5087323,84063824.00
2012-03-06,5.30,5.30,5.10,5.18,2676918,43168896.00
2012-03-07,5.11,5.29,4.99,5.16,2947508,47570116.00
2012-03-08,5.16,5.29,5.16,5.28,2845179,46354980.00
2012-03-09,5.48,5.75,5.41,5.48,6237203,106864472.00
2012-03-12,5.49,5.58,5.41,5.56,3750004,64014132.00
2012-03-13,5.57,5.62,5.47,5.62,3412481,58863564.00
2012-03-14,5.63,5.66,5.05,5.19,5627620,95065288.00
2012-03-15,5.15,5.21,4.69,4.89,5335789,82214192.00
2012-03-16,4.84,5.04,4.84,5.02,3389097,52397288.00
2012-03-19,4.90,5.11,4.90,5.10,2913344,45594404.00
2012-03-21,4.83,4.96,4.72,4.79,4370510,65893252.00
2012-03-22,4.88,4.96,4.81,4.84,2427631,37058204.00
2012-03-23,4.81,4.87,4.62,4.69,2205958,32471708.00
2012-03-26,4.66,4.95,4.59,4.82,2631765,39407424.00
2012-03-27,4.79,4.85,4.69,4.71,1763361,26416982.00
2012-03-28,4.66,4.71,4.35,4.35,2340882,33153208.00
2012-03-29,4.34,4.40,4.20,4.23,1794929,24189310.00
2012-03-30,3.86,4.06,3.86,4.04,2516522,31924320.00
2012-04-05,3.99,4.20,3.96,4.15,1518866,19721448.00
2012-04-06,4.15,4.20,4.08,4.13,1448379,18977260.00
2012-04-09,4.08,4.14,4.04,4.04,1026089,13269257.00
2012-04-10,4.00,4.15,3.95,4.14,1106831,14165142.00
2012-04-11,4.10,4.19,4.05,4.17,1324799,17329288.00
2012-04-12,4.16,4.30,4.15,4.29,1814995,24246398.00
2012-04-13,4.30,4.37,4.28,4.32,1899059,25950446.00
2012-04-16,4.29,4.35,4.26,4.35,1450397,19731758.00
2012-04-17,4.42,4.53,4.28,4.32,2653346,37091800.00
2012-04-18,4.38,4.72,4.33,4.59,4057392,58319540.00
2012-04-19,4.56,4.56,4.46,4.52,1717976,24342306.00
2012-04-20,4.65,4.70,4.56,4.58,2019037,29273806.00
2012-04-23,4.51,4.58,4.31,4.32,2243670,31303344.00
2012-04-24,4.36,4.41,4.08,4.22,1747457,23370550.00
2012-04-25,4.19,4.29,4.16,4.28,1204204,16116210.00
2012-04-26,4.28,4.29,4.18,4.22,1205291,16107460.00
2012-04-27,4.22,4.27,4.17,4.21,665842,8863450.00
2012-05-02,4.28,4.45,4.21,4.33,1511607,20573702.00
2012-05-03,4.31,4.39,4.25,4.37,1605951,21953296.00
2012-05-04,4.37,4.43,4.35,4.43,1101867,15287417.00
2012-05-07,4.38,4.51,4.38,4.51,1468049,20678012.00
2012-05-08,4.51,4.52,4.41,4.47,1239790,17427426.00
2012-05-09,4.44,4.51,4.34,4.43,1668205,23132500.00
2012-05-10,4.42,4.48,4.38,4.42,1018177,14192656.00
2012-05-11,4.45,4.53,4.39,4.40,1151743,16168692.00
2012-05-14,4.41,4.47,4.31,4.32,964274,13344615.00
2012-05-15,4.29,4.32,4.21,4.28,975487,13100734.00
2012-05-17,4.24,4.54,4.15,4.47,2422743,33466860.00
2012-05-18,4.39,4.44,4.32,4.32,1366709,18884796.00
2012-05-21,4.26,4.33,4.21,4.27,687742,9266074.00
2012-05-22,4.29,4.35,4.28,4.33,412387,5615918.00
2012-05-23,4.33,4.36,4.24,4.29,690291,9339095.00
2012-05-24,4.28,4.31,4.21,4.22,567570,7623290.00
2012-05-25,4.23,4.24,4.16,4.16,597196,7930944.00
2012-05-28,4.18,4.21,4.03,4.19,692154,9010799.00
2012-05-29,4.17,4.27,4.15,4.27,854725,11449376.00
2012-05-30,4.27,4.36,4.25,4.32,877213,11926419.00
2012-05-31,4.31,4.36,4.28,4.33,766325,10472842.00
2012-06-01,4.37,4.38,4.26,4.30,593309,8087732.50
2012-06-04,4.23,4.45,4.16,4.33,1504512,20266472.00
2012-06-05,4.31,4.33,4.21,4.22,1084390,14558032.00
2012-06-06,4.22,4.26,4.16,4.19,737382,9789807.00
2012-06-07,4.21,4.26,4.11,4.14,551529,7281246.00
2012-06-08,4.23,4.23,4.12,4.14,459399,6069219.00
2012-06-11,4.11,4.33,4.11,4.32,1384311,18613490.00
2012-06-12,4.31,4.36,4.24,4.24,750241,10186855.00
2012-06-13,4.25,4.61,4.25,4.52,4133180,58211580.00
2012-06-14,4.48,4.58,4.45,4.48,2122863,30105812.00
2012-06-15,4.53,4.68,4.49,4.55,2382726,34259676.00
2012-06-18,4.58,4.64,4.48,4.56,1864940,26716678.00
2012-06-19,4.50,4.55,4.46,4.48,1166973,16491975.00
2012-06-20,4.48,4.57,4.44,4.56,1396778,19848144.00
2012-06-21,4.54,4.57,4.37,4.43,1448575,20342176.00
2012-06-25,4.42,4.42,4.18,4.20,1193240,16064911.00
2012-06-26,4.16,4.23,4.11,4.20,651314,8622414.00
2012-06-27,4.20,4.26,4.17,4.17,709206,9433731.00
2012-06-28,4.16,4.22,4.09,4.09,595885,7831392.00
2012-06-29,4.09,4.18,3.98,4.17,764834,9933469.00
2012-07-02,4.19,4.26,4.18,4.21,578890,7719245.00
2012-07-03,4.22,4.39,4.18,4.31,1393956,18963542.00
2012-07-04,4.31,4.48,4.29,4.43,1830836,25376570.00
2012-07-05,4.45,4.47,4.31,4.38,956168,13226678.00
2012-07-06,4.42,4.61,4.33,4.59,2276532,32238320.00
2012-07-09,4.57,4.63,4.43,4.46,1733789,24809700.00
2012-07-10,4.48,4.51,4.40,4.48,1258865,17672566.00
2012-07-11,4.44,4.56,4.43,4.53,1238613,17618376.00
2012-07-12,4.51,4.61,4.45,4.58,1762381,25045312.00
2012-07-13,4.54,4.58,4.42,4.43,1818655,16855522.00
2012-07-16,4.41,4.42,4.15,4.28,2883931,25749566.00
2012-07-17,4.28,4.34,4.22,4.30,829856,7365018.00
2012-07-18,4.26,4.34,4.23,4.34,893693,7935919.00
2012-07-19,4.32,4.54,4.30,4.44,1777812,16387449.00
2012-07-20,4.47,4.57,4.44,4.53,2247313,20991748.00
2012-07-23,4.51,4.68,4.46,4.58,4354894,41270244.00
2012-07-24,4.52,4.67,4.49,4.63,2565169,24473886.00
2012-07-25,4.59,4.69,4.57,4.59,1945551,18561088.00
2012-07-26,4.59,4.63,4.48,4.51,2160240,20293904.00
2012-07-27,4.51,4.56,4.48,4.49,1469214,13680914.00
2012-07-30,4.49,4.53,4.28,4.28,1354905,12210552.00
2012-07-31,4.28,4.45,4.08,4.13,4108318,35958372.00
2012-08-01,4.11,4.41,4.11,4.38,3110040,27485272.00
2012-08-02,4.35,4.36,4.27,4.30,868708,7764142.50
2012-08-03,4.33,4.46,4.25,4.45,1358757,12325577.00
2012-08-06,4.42,4.57,4.39,4.56,1355092,12689950.00
2012-08-07,4.56,4.60,4.52,4.58,1338991,12608750.00
2012-08-08,4.58,4.82,4.54,4.80,4506895,43851184.00
2012-08-09,4.81,5.31,4.77,5.16,18149110,191110240.00
2012-08-10,5.07,5.22,5.03,5.16,8189366,85987800.00
2012-08-13,5.18,5.28,5.00,5.19,9882745,104824352.00
2012-08-14,5.23,5.68,5.09,5.44,14881688,161357392.00
2012-08-15,5.38,5.46,5.27,5.39,11819682,130438392.00
2012-08-16,5.42,5.55,5.36,5.52,13777287,154175920.00
2012-08-17,5.61,5.67,5.22,5.24,15587697,170768192.00
2012-08-20,5.31,5.36,5.11,5.32,13915660,150668448.00
2012-08-21,5.22,5.57,5.19,5.51,12443705,137637456.00
2012-08-22,5.52,5.62,5.38,5.54,10233962,115536536.00
2012-08-23,5.58,6.08,5.49,5.73,20832990,243497056.00
2012-08-24,5.71,5.83,5.54,5.63,13382641,155194800.00
2012-08-27,5.66,5.81,5.55,5.71,13270055,154190304.00
2012-08-28,5.77,6.06,5.68,5.86,18104510,214931264.00
2012-08-29,5.86,5.98,5.25,5.46,18590383,210331008.00
2012-08-30,5.19,5.32,4.88,4.92,11704376,120244384.00
2012-08-31,4.75,4.94,4.65,4.76,6642613,65169048.00
2012-09-03,4.73,4.77,4.61,4.74,4931070,47878600.00
2012-09-04,4.73,4.86,4.73,4.81,4449337,43956904.00
2012-09-05,4.82,4.82,4.63,4.70,3763509,36477104.00
2012-09-06,4.70,4.78,4.62,4.65,3644655,35237856.00
2012-09-07,4.69,4.93,4.68,4.88,6504708,64534580.00
2012-09-10,4.91,5.34,4.88,5.27,8883392,93787384.00
2012-09-11,5.28,5.28,5.09,5.13,5454904,57669352.00
2012-09-12,5.12,5.19,5.01,5.11,4165573,43473828.00
2012-09-13,5.06,5.15,4.91,4.91,3338223,34482352.00
2012-09-14,4.95,5.03,4.83,4.91,2974125,30077310.00
2012-09-17,4.92,4.92,4.63,4.64,2982134,29310378.00
2012-09-18,4.63,4.65,4.45,4.49,2692777,25211440.00
2012-09-19,4.46,4.60,4.46,4.57,1817273,17095440.00
2012-09-20,4.57,4.57,4.30,4.30,2600492,23698624.00
2012-09-21,4.26,4.36,4.21,4.32,1616235,14408216.00
2012-09-24,4.26,4.35,4.15,4.34,1721207,15289158.00
2012-09-25,4.29,4.37,4.22,4.22,1337185,11873002.00
2012-09-26,4.22,4.25,3.98,3.99,2039020,17315010.00
2012-09-27,4.06,4.16,3.96,4.10,1965741,16610070.00
2012-09-28,4.06,4.28,4.05,4.22,1990858,17231664.00
2012-10-08,4.22,4.27,4.19,4.23,1077352,9435746.00
2012-10-09,4.21,4.37,4.20,4.34,1659747,14859298.00
2012-10-10,4.35,4.43,4.31,4.42,2106818,19160702.00
2012-10-11,4.43,4.43,4.25,4.25,1959999,17637678.00
2012-10-12,4.26,4.34,4.20,4.25,1280530,11325883.00
2012-10-15,4.20,4.25,4.04,4.12,1360782,11665506.00
2012-10-16,4.10,4.19,4.07,4.12,1009787,8681431.00
2012-10-17,4.15,4.23,4.10,4.20,996328,8622250.00
2012-10-18,4.19,4.31,4.16,4.28,1406513,12417800.00
2012-10-19,4.28,4.31,4.22,4.25,1113192,9834137.00
2012-10-22,4.24,4.36,4.22,4.36,1623717,14548722.00
2012-10-23,4.36,4.37,4.14,4.14,2192871,19339558.00
2012-10-24,4.14,4.19,4.09,4.12,1470262,12681663.00
2012-10-25,4.14,4.20,4.13,4.16,1068773,9252385.00
2012-10-26,4.14,4.16,3.99,3.99,1460207,12261788.00
2012-10-29,4.00,4.01,3.91,3.92,1188926,9761705.00
2012-10-30,3.99,4.01,3.93,3.97,796865,6582995.50
2012-10-31,4.00,4.00,3.93,3.99,557664,4611003.00
2012-11-01,3.96,4.06,3.96,4.06,1363576,11415466.00
2012-11-02,4.08,4.49,4.03,4.45,7181110,64800596.00
2012-11-05,4.34,4.38,4.27,4.30,4027382,36040280.00
2012-11-06,4.30,4.30,4.15,4.24,2463375,21551326.00
2012-11-07,4.24,4.28,4.15,4.24,1874404,16430296.00
2012-11-08,4.17,4.21,3.98,3.98,2502894,21221606.00
2012-11-09,3.97,4.10,3.95,4.07,1750152,14728298.00
2012-11-12,4.07,4.09,4.02,4.07,825789,6973840.50
2012-11-13,4.05,4.16,4.05,4.09,1646656,14054623.00
2012-11-14,4.09,4.30,4.07,4.25,3041176,26634940.00
2012-11-15,4.21,4.25,4.04,4.05,2332290,20242852.00
2012-11-16,4.04,4.05,3.90,3.97,1708556,14037488.00
2012-11-19,3.96,4.03,3.92,4.02,883172,7324444.00
2012-11-20,4.02,4.06,3.96,3.96,1023678,8517615.00
2012-11-21,3.94,4.05,3.91,4.05,1021945,8479278.00
2012-11-22,3.99,4.02,3.94,3.97,750012,6213344.00
2012-11-23,3.95,4.01,3.95,3.96,763357,6314433.00
2012-11-26,3.96,3.98,3.84,3.84,812846,6633313.00
2012-11-27,3.78,3.83,3.49,3.49,1882090,14226130.00
2012-11-28,3.49,3.49,3.31,3.33,1361398,9678274.00
2012-11-29,3.35,3.39,3.26,3.26,908530,6370915.50
2012-11-30,3.26,3.34,3.21,3.30,773864,5374397.50
2012-12-03,3.31,3.35,3.16,3.16,621030,4302395.50
2012-12-04,3.16,3.21,3.02,3.20,1041540,6869466.50
2012-12-05,3.16,3.43,3.15,3.36,1863901,13070857.00
2012-12-06,3.49,3.72,3.45,3.45,3444340,25660484.00
2012-12-07,3.46,3.61,3.27,3.57,2584054,18881102.00
2012-12-10,3.58,3.62,3.51,3.60,2077074,15561429.00
2012-12-11,3.56,3.65,3.52,3.57,2039006,15381329.00
2012-12-12,3.56,3.57,3.45,3.53,1249192,9244497.00
2012-12-13,3.53,3.55,3.43,3.44,1419778,10421316.00
2012-12-14,3.47,3.69,3.44,3.63,2419909,18167998.00
2012-12-17,3.63,3.70,3.57,3.66,2449320,18635134.00
2012-12-18,3.63,3.69,3.59,3.64,1968056,15034017.00
2012-12-19,3.64,3.75,3.61,3.70,2372912,18266296.00
2012-12-20,3.69,3.69,3.58,3.66,1574642,12029490.00
2012-12-21,3.63,3.69,3.61,3.63,1775787,13562694.00
2012-12-24,3.64,3.70,3.57,3.69,1831892,14012409.00
2012-12-25,3.67,3.80,3.65,3.78,2914558,22826342.00
2012-12-26,3.77,3.90,3.75,3.87,2990358,24046868.00
2012-12-27,3.87,3.91,3.74,3.76,2381138,18997992.00
2012-12-28,3.76,3.82,3.72,3.78,1523721,12036400.00
2012-12-31,3.83,3.83,3.76,3.79,1932814,15281834.00
2013-01-04,3.79,4.05,3.79,3.95,3703374,30046444.00
2013-01-07,3.91,3.99,3.89,3.95,2207112,18089556.00
2013-01-08,3.94,4.05,3.92,4.04,2786033,23087112.00
2013-01-09,4.03,4.14,3.98,4.11,4145782,35039996.00
2013-01-10,4.09,4.22,4.03,4.13,3531927,30247688.00
2013-01-11,4.15,4.15,3.93,3.97,3323034,27880346.00
2013-01-14,3.96,4.12,3.94,4.12,3417369,28851854.00
2013-01-15,4.11,4.24,4.09,4.19,5202881,45042848.00
2013-01-16,4.17,4.56,4.15,4.49,8802958,79236264.00
2013-01-17,4.45,4.74,4.42,4.63,9374255,88681792.00
2013-01-18,4.62,4.67,4.47,4.63,5698775,53849280.00
2013-01-21,4.67,4.74,4.55,4.72,4639008,44587260.00
2013-01-22,4.73,5.10,4.66,4.86,8022587,80949184.00
2013-01-23,4.78,4.91,4.50,4.69,4553124,43836056.00
2013-01-24,4.60,4.68,4.36,4.36,3822234,35585024.00
2013-01-25,4.37,4.53,4.30,4.53,3127550,28566554.00
2013-01-28,4.51,4.62,4.50,4.58,2235677,21190362.00
2013-01-29,4.58,4.65,4.34,4.47,2817206,26020634.00
2013-01-30,4.47,4.55,4.43,4.45,2426557,22492276.00
2013-01-31,4.50,4.54,4.41,4.41,1973325,18138790.00
2013-02-01,4.41,4.50,4.37,4.45,1706341,15689463.00
2013-02-04,4.47,4.47,4.24,4.24,2333472,20885752.00
2013-02-05,4.24,4.46,4.22,4.45,2179251,19657866.00
2013-02-06,4.42,4.49,4.39,4.45,1416164,13058377.00
2013-02-07,4.45,4.52,4.39,4.48,1638207,15155181.00
2013-02-08,4.47,4.67,4.45,4.56,1736959,16417283.00
2013-02-18,4.61,4.62,4.52,4.58,1354110,12776211.00
2013-02-19,4.60,4.61,4.45,4.46,1201164,11165955.00
2013-02-20,4.49,4.63,4.46,4.61,1499853,14112194.00
2013-02-21,4.61,4.69,4.52,4.55,1948940,18497830.00
2013-02-22,4.57,4.57,4.45,4.45,1065688,9901576.00
2013-02-25,4.45,4.52,4.44,4.46,977778,9041543.00
2013-02-26,4.46,4.48,4.34,4.35,1547570,14099422.00
2013-02-27,4.35,4.41,4.29,4.31,1001980,9031336.00
2013-02-28,4.34,4.50,4.28,4.49,1840174,16813482.00
2013-03-01,4.47,4.58,4.45,4.56,1561176,14615401.00
2013-03-04,4.49,4.52,4.24,4.32,2619328,23684178.00
2013-03-05,4.32,4.37,4.26,4.37,2200544,19787430.00
2013-03-06,4.40,4.64,4.37,4.63,3636291,34202920.00
2013-03-07,4.63,4.83,4.52,4.77,5156112,49972100.00
2013-03-08,4.78,4.94,4.72,4.92,6414836,64137828.00
2013-03-11,4.90,4.91,4.83,4.84,3772332,37763992.00
2013-03-12,4.87,4.94,4.65,4.82,5372133,53287928.00
2013-03-13,4.78,5.09,4.71,5.08,7810324,79647168.00
2013-03-14,5.02,5.11,5.00,5.05,4174774,43431532.00
2013-03-15,5.05,5.35,4.96,5.18,10909330,116391232.00
2013-03-18,5.13,5.34,5.07,5.16,9796034,104557976.00
2013-03-19,5.11,5.24,5.07,5.10,8404809,88704056.00
2013-03-20,5.05,5.30,5.02,5.17,16614700,175265104.00
2013-03-21,5.18,5.41,5.13,5.36,17338952,187556576.00
2013-03-22,5.37,5.57,5.30,5.50,16481400,184416304.00
2013-03-25,5.32,5.63,5.22,5.36,16299126,178798176.00
2013-03-26,5.32,5.50,5.26,5.47,17249118,190569440.00
2013-03-27,5.48,5.66,5.39,5.55,20580632,231559232.00
2013-03-28,5.51,5.67,5.32,5.51,18033079,203452096.00
2013-03-29,5.50,5.62,5.32,5.37,17891277,199234272.00
2013-04-01,5.42,5.62,5.31,5.47,15396559,170200704.00
2013-04-02,5.45,5.48,5.32,5.35,14420932,159396656.00
2013-04-03,5.46,5.46,5.31,5.39,16844957,185728448.00
2013-04-08,5.37,5.37,4.83,5.00,16473110,167484304.00
2013-04-09,4.86,4.98,4.77,4.96,16229649,162620960.00
2013-04-10,4.87,4.98,4.84,4.93,14432632,145836944.00
2013-04-11,4.95,5.04,4.85,4.86,12473966,125753824.00
2013-04-12,4.89,4.92,4.84,4.86,10791041,108365696.00
2013-04-15,4.89,4.97,4.84,4.89,11038508,111092344.00
2013-04-16,4.90,4.99,4.49,4.52,11345517,110420152.00
2013-04-17,4.45,4.48,4.24,4.40,9141473,82281984.00
2013-04-18,4.29,4.34,4.27,4.29,4686869,41802272.00
2013-04-19,4.31,4.38,4.29,4.37,5254735,47363260.00
2013-04-22,4.34,4.34,4.26,4.29,4470539,39719264.00
2013-04-23,4.29,4.31,4.12,4.13,4824055,41689468.00
2013-04-24,4.14,4.21,4.10,4.21,3383634,29258402.00
2013-04-25,4.18,4.25,4.11,4.12,4076780,35403824.00
2013-04-26,4.13,4.15,3.92,3.95,3430960,28629802.00
2013-05-02,3.95,3.98,3.89,3.97,1503148,12363789.00
2013-05-03,3.97,4.07,3.97,4.03,2813116,23623734.00
2013-05-06,4.03,4.15,4.03,4.13,3063429,26236628.00
2013-05-07,4.13,4.15,4.08,4.11,2384980,20351264.00
2013-05-08,4.13,4.40,4.12,4.33,7743741,68790800.00
2013-05-09,4.33,4.37,4.24,4.34,3790848,33839144.00
2013-05-10,4.33,4.42,4.26,4.36,3598769,32570062.00
2013-05-13,4.36,4.36,4.21,4.29,3224176,28537970.00
2013-05-14,4.29,4.29,4.18,4.19,2335444,20418976.00
2013-05-15,4.19,4.31,4.19,4.31,2073555,18344530.00
2013-05-17,4.48,4.59,4.41,4.50,8920283,83378512.00
2013-05-20,4.50,4.59,4.44,4.54,5515640,51583324.00
2013-05-21,4.57,4.82,4.51,4.78,6647016,64656896.00
2013-05-22,4.81,4.96,4.62,4.68,5776962,56928696.00
2013-05-23,4.68,4.74,4.56,4.69,3652564,35028616.00
2013-05-24,4.69,4.79,4.66,4.76,3355459,32707014.00
2013-05-27,4.79,5.11,4.79,5.01,7750088,79385888.00
2013-05-28,5.00,5.08,4.89,4.95,3296025,33632452.00
2013-05-29,4.95,5.25,4.85,5.18,7319119,75572200.00
2013-05-30,5.16,5.64,5.11,5.48,12299736,136222432.00
2013-05-31,5.56,5.78,5.41,5.46,9930813,114087744.00
2013-06-03,5.35,5.59,5.17,5.19,7727348,84781848.00
2013-06-04,5.31,5.52,5.07,5.30,7484285,81544936.00
2013-06-05,5.21,5.30,5.12,5.23,3620619,38665976.00
2013-06-06,5.21,5.29,4.86,4.94,5988560,61503724.00
2013-06-07,4.98,5.07,4.94,5.04,6137861,62047652.00
2013-06-13,4.92,4.92,4.63,4.70,3412776,32648772.00
2013-06-14,4.73,4.95,4.71,4.93,3053548,29860686.00
2013-06-17,4.94,5.15,4.87,5.02,3856715,39041516.00
2013-06-18,5.05,5.38,4.93,5.27,4593568,47272380.00
2013-06-19,5.21,5.44,5.14,5.42,6633813,71250672.00
2013-06-20,5.35,5.62,5.30,5.41,7810140,85585352.00
2013-06-21,5.31,5.96,5.28,5.96,12830876,147085680.00
2013-06-24,6.09,6.41,5.82,6.24,19337863,237414352.00
2013-06-25,5.93,6.37,5.59,6.08,19760795,232785136.00
2013-06-26,5.94,6.70,5.79,6.50,21904132,277727968.00
2013-06-27,6.42,6.54,5.89,5.95,17086852,214812816.00
2013-06-28,5.85,6.09,5.51,5.71,11301349,131473840.00
2013-07-01,5.73,6.30,5.63,6.30,11409051,137532208.00
2013-07-02,6.39,6.59,6.26,6.54,16733747,215568880.00
2013-07-03,6.39,6.76,6.21,6.57,14292350,185484896.00
2013-07-04,6.58,6.79,6.37,6.41,11484474,151012880.00
2013-07-05,6.34,6.44,6.02,6.06,8855817,110980576.00
2013-07-08,5.88,5.91,5.55,5.65,7539307,86888368.00
2013-07-09,5.72,5.98,5.56,5.92,6102176,70546024.00
2013-07-10,5.93,6.09,5.82,6.03,5804282,69724608.00
2013-07-11,6.04,6.13,5.91,6.00,6210575,74974792.00
2013-07-12,5.98,6.55,5.95,6.31,9828518,124452840.00
2013-07-15,6.33,6.60,6.19,6.51,7830562,101282680.00
2013-07-16,6.51,6.95,6.41,6.81,10776098,144571664.00
2013-07-17,6.78,6.88,6.48,6.53,7787160,103672152.00
2013-07-18,6.48,6.78,6.38,6.77,7473721,98824312.00
2013-07-19,6.75,6.88,6.34,6.38,8468000,111939752.00
2013-07-22,6.18,6.59,6.14,6.52,4853771,62743884.00
2013-07-23,6.52,7.12,6.37,7.09,12174727,165949872.00
2013-07-24,7.01,7.19,6.86,7.11,9265750,130453416.00
2013-07-25,7.02,7.30,6.74,7.12,12149589,171637872.00
2013-07-26,7.09,7.29,6.88,6.90,8089471,113214952.00
2013-07-29,6.86,7.11,6.69,6.70,5326804,73095936.00
2013-07-30,6.73,6.86,6.32,6.64,5589074,73758504.00
2013-07-31,6.64,6.74,6.47,6.55,3704156,48850292.00
2013-08-01,6.54,7.05,6.54,7.01,6559571,90460376.00
2013-08-02,6.96,7.15,6.87,6.90,6182630,86374168.00
2013-08-05,6.87,7.09,6.82,7.02,4504546,62605992.00
2013-08-06,6.98,7.26,6.98,7.22,7160791,102362416.00
2013-08-07,7.27,7.27,6.91,6.91,5476419,76860920.00
2013-08-08,6.91,7.10,6.84,6.89,4042096,56295508.00
2013-08-09,6.87,6.96,6.66,6.79,4529142,61571468.00
2013-08-12,6.81,6.94,6.74,6.86,3460015,47377796.00
2013-08-13,6.87,6.96,6.73,6.96,5570579,76207656.00
2013-08-14,6.93,7.03,6.83,6.86,4116842,56901868.00
2013-08-15,6.86,6.90,6.55,6.55,4831250,64717064.00
2013-08-16,6.52,6.59,6.21,6.25,5051322,64541652.00
2013-08-19,6.24,6.50,6.18,6.48,2963290,37945352.00
2013-08-20,6.47,6.53,6.37,6.41,2108793,27208248.00
2013-08-21,6.39,6.59,6.39,6.52,2501961,32566562.00
2013-08-22,6.49,6.58,6.42,6.54,2154988,28090790.00
2013-08-23,6.54,6.63,6.39,6.52,2808993,36736464.00
2013-08-26,6.47,6.73,6.47,6.63,2874823,38001928.00
2013-08-27,6.63,6.63,6.44,6.52,2615501,34100692.00
2013-08-28,6.46,6.53,6.39,6.40,2157599,27825350.00
2013-08-29,6.52,6.70,6.47,6.51,3422074,45120764.00
2013-08-30,6.49,6.50,5.84,5.84,6970760,85681424.00
2013-09-02,5.83,5.98,5.77,5.93,2433265,28878022.00
2013-09-03,5.94,6.08,5.89,6.02,1926186,23202246.00
2013-09-04,6.04,6.05,5.87,5.92,2863086,34027172.00
2013-09-05,5.92,6.00,5.88,5.95,2307395,27553780.00
2013-09-06,5.94,5.98,5.86,5.92,1881518,22297112.00
2013-09-09,5.96,6.12,5.93,6.07,3553184,43102468.00
2013-09-10,6.05,6.28,6.05,6.16,2952572,36574040.00
2013-09-11,6.14,6.14,5.87,5.90,3306748,39455972.00
2013-09-12,5.90,5.98,5.65,5.75,4740116,54856308.00
2013-09-13,5.76,5.83,5.67,5.82,2234780,25905518.00
2013-09-16,5.83,5.96,5.82,5.87,1801501,21261306.00
2013-09-17,5.87,6.12,5.78,6.01,4278856,51664768.00
2013-09-18,6.00,6.08,5.93,6.04,2009973,24227992.00
2013-09-23,6.03,6.25,6.03,6.23,3015426,37325668.00
2013-09-24,6.23,6.35,6.18,6.19,3747025,46897076.00
2013-09-25,6.19,6.37,6.16,6.26,3977904,50051812.00
2013-09-26,6.25,6.35,6.19,6.19,2453301,30900100.00
2013-09-27,6.18,6.28,6.05,6.07,2137895,26271402.00
2013-09-30,6.07,6.28,6.07,6.27,1840635,22917278.00
2013-10-08,6.27,6.43,6.27,6.43,2855161,36403372.00
2013-10-09,6.41,6.60,6.34,6.60,3636246,47469220.00
2013-10-10,6.59,6.59,6.49,6.52,2795490,36574520.00
2013-10-11,6.54,6.73,6.52,6.62,3075451,40839172.00
2013-10-14,6.62,6.82,6.58,6.66,3262511,43666700.00
2013-10-15,6.66,6.70,6.39,6.46,3478872,45420392.00
2013-10-16,6.43,6.53,6.41,6.46,2282860,29563638.00
2013-10-17,6.47,6.68,6.44,6.47,2300619,30212654.00
2013-10-18,6.40,6.55,6.30,6.40,1714900,21945468.00
2013-10-21,6.42,6.65,6.40,6.65,2358324,31049196.00
2013-10-22,6.65,6.70,6.48,6.50,2958559,38969384.00
2013-10-23,6.48,6.54,6.20,6.24,3103541,39272464.00
2013-10-24,6.22,6.33,6.15,6.23,1246949,15567460.00
2013-10-25,6.27,6.32,5.91,5.97,2353576,28781878.00
2013-10-28,5.98,6.05,5.85,5.93,1282154,15257937.00
2013-10-29,5.93,6.03,5.32,5.45,3031510,33819160.00
2013-10-30,5.44,5.59,5.44,5.48,2493824,27536028.00
2013-10-31,5.52,5.52,5.36,5.49,1714428,18800688.00
2013-11-01,5.49,5.50,5.35,5.36,2516391,27286782.00
2013-11-04,5.37,5.39,5.21,5.31,2829815,30075490.00
2013-11-05,5.29,5.45,5.24,5.45,2037894,21955842.00
2013-11-06,5.44,5.59,5.37,5.49,3088911,34180852.00
2013-11-07,5.52,5.53,5.34,5.34,1658011,18148602.00
2013-11-08,5.32,5.41,5.22,5.27,1266719,13486161.00
2013-11-11,5.32,5.38,5.19,5.35,1135949,12113642.00
2013-11-12,5.35,5.45,5.31,5.42,2231868,24181538.00
2013-11-13,5.98,5.98,5.98,5.98,2338731,28041384.00
2013-11-14,6.44,6.59,6.33,6.59,9540437,124265280.00
2013-11-15,7.27,7.27,7.27,7.27,3616439,52474528.00
2013-11-18,8.02,8.02,8.02,8.02,1660554,26502442.00
2013-11-19,8.84,8.84,8.84,8.84,2044596,35903104.00
2013-11-20,9.41,9.74,9.28,9.74,38300759,720060864.00
2013-11-21,9.92,10.43,9.74,9.74,41271616,820838080.00
2013-11-22,9.47,10.73,9.37,10.73,29644241,587578560.00
2013-11-25,10.42,10.62,9.97,10.24,31173351,632905600.00
2013-11-26,10.09,10.75,9.95,10.10,31489413,643912128.00
2013-11-27,9.83,10.18,9.74,10.18,21568782,425457856.00
2013-11-28,10.22,10.45,9.94,10.24,21859304,440518688.00
2013-11-29,10.18,11.28,10.18,10.37,34007116,718694848.00
2013-12-02,9.32,9.68,9.32,9.32,16795635,312193088.00
2013-12-03,8.70,8.99,8.40,8.88,20533455,356670656.00
2013-12-04,8.83,9.24,8.76,8.92,17059890,305433664.00
2013-12-05,8.87,9.15,8.55,8.61,13219371,232568368.00
2013-12-06,8.63,9.15,8.55,9.04,16599440,294247328.00
2013-12-09,8.97,9.20,8.87,9.13,12807489,230252736.00
2013-12-10,9.13,9.22,8.48,8.65,15295928,264788992.00
2013-12-11,8.58,8.92,8.44,8.70,11726624,202441872.00
2013-12-12,8.55,8.84,8.51,8.56,9564002,164932144.00
2013-12-13,8.39,8.70,8.30,8.59,7927621,134655808.00
2013-12-16,8.63,9.36,8.55,9.07,20723527,369668992.00
2013-12-17,8.94,9.04,8.55,8.89,14017721,245778704.00
2013-12-18,8.76,8.92,8.52,8.53,8938194,154777280.00
2013-12-19,8.55,8.60,7.94,8.19,14449473,236274784.00
2013-12-20,8.09,8.24,8.04,8.09,6598734,107012120.00
2013-12-23,8.04,8.35,7.78,8.31,8131113,131612440.00
2013-12-24,8.34,8.52,8.04,8.19,14950282,247390816.00
2013-12-25,7.89,8.50,7.86,8.43,12455734,205260944.00
2013-12-26,8.34,8.53,8.01,8.06,9284283,153662704.00
2013-12-27,8.02,8.47,7.89,8.34,9253964,150890208.00
2013-12-30,8.38,8.68,8.29,8.52,14160796,239141440.00
2013-12-31,8.37,8.39,8.10,8.16,7600838,124579976.00
2014-01-02,8.19,8.50,8.12,8.39,9232117,152942672.00
2014-01-03,8.30,8.65,8.24,8.45,10844354,182519488.00
2014-01-06,8.34,8.44,7.83,7.93,7376120,118201120.00
2014-01-07,7.88,8.06,7.84,7.97,3588074,56915212.00
2014-01-08,8.02,8.72,7.92,8.51,13072875,218279312.00
2014-01-09,8.39,8.53,8.14,8.15,9682605,161128144.00
2014-01-10,8.06,8.37,8.04,8.13,5308879,86824552.00
2014-01-13,8.14,8.64,8.04,8.43,8224808,137255056.00
2014-01-14,8.42,8.90,8.39,8.89,15561024,269862432.00
2014-01-15,8.79,8.99,8.65,8.92,10692798,187498992.00
2014-01-16,8.86,9.11,8.72,8.79,8971075,157832896.00
2014-01-17,8.71,8.89,8.54,8.69,6706843,115996656.00
2014-01-20,8.63,8.75,8.45,8.64,5487162,93767688.00
2014-01-21,8.64,8.95,8.60,8.93,7292588,127120640.00
2014-01-22,8.96,9.30,8.89,9.01,13741785,247852064.00
2014-01-23,8.96,9.36,8.85,9.19,13535565,247324784.00
2014-01-24,9.11,9.53,9.07,9.51,12638401,234005808.00
2014-01-27,9.98,10.22,9.24,9.26,16297455,311424000.00
2014-01-28,9.02,9.14,8.68,8.73,10914975,191726640.00
2014-01-29,8.75,8.93,8.64,8.87,6317956,110663784.00
2014-01-30,8.85,9.00,8.73,8.79,4940639,87299040.00
2014-02-07,8.71,8.96,8.50,8.93,5964815,104145496.00
2014-02-10,8.97,9.44,8.96,9.32,9308538,170818208.00
2014-02-11,9.37,9.49,9.17,9.45,10472083,194480816.00
2014-02-12,9.52,9.53,9.24,9.49,7908040,147684224.00
2014-02-13,9.42,9.62,9.07,9.07,10272301,192379856.00
2014-02-14,9.11,9.28,9.00,9.22,5368051,97677656.00
2014-02-17,9.30,9.67,9.30,9.61,10482128,198764976.00
2014-02-18,9.61,9.65,9.38,9.42,8317301,156755248.00
2014-02-19,9.43,9.95,9.43,9.88,17204752,334388928.00
2014-02-20,9.88,9.88,9.33,9.34,11508728,217803648.00
2014-02-21,9.25,9.56,9.21,9.48,6059111,113120280.00
2014-02-24,9.37,9.46,9.22,9.38,4969701,92067128.00
2014-02-25,9.35,9.87,8.91,9.04,12362637,233400064.00
2014-02-26,8.86,9.29,8.17,9.11,9308315,158443584.00
2014-02-27,8.98,9.29,8.68,8.90,7555559,136263248.00
2014-02-28,9.32,9.55,8.90,9.14,10236255,187728352.00
2014-03-03,10.07,10.07,9.52,10.07,28754481,567252992.00
2014-03-04,10.02,10.02,9.68,9.81,17087692,333423552.00
2014-03-05,9.70,10.04,9.51,9.54,14220442,276908000.00
2014-03-06,9.25,9.40,8.85,9.04,12120630,218408992.00
2014-03-07,9.05,9.12,8.75,8.78,7502696,132848440.00
2014-03-10,8.78,9.43,8.50,9.19,14510609,261676016.00
2014-03-11,9.03,9.76,8.55,9.55,18428938,338945216.00
2014-03-12,9.22,9.52,8.91,8.99,10173388,185695248.00
2014-03-13,8.75,9.22,8.64,8.89,7063986,125908544.00
2014-03-14,8.77,9.16,8.77,8.97,6956966,123830368.00
2014-03-17,8.94,9.15,8.86,9.11,6142907,110052480.00
2014-03-18,9.05,9.16,8.82,8.85,8006487,142691376.00
2014-03-19,8.81,8.94,8.60,8.87,6543770,113600832.00
2014-03-20,8.76,8.82,8.39,8.39,5017581,86090912.00
2014-03-21,8.38,8.48,8.04,8.38,5870813,96410104.00
2014-03-24,8.42,8.52,8.20,8.29,4289946,71122200.00
2014-03-25,8.24,8.52,8.14,8.34,3591669,59527052.00
2014-03-26,8.33,8.42,8.28,8.31,2895972,48092736.00
2014-03-27,8.29,8.29,7.87,7.87,4765141,76542776.00
2014-03-28,7.83,7.84,7.16,7.30,5876497,87562960.00
2014-03-31,7.19,7.29,7.09,7.20,2969074,42610336.00
2014-04-01,7.18,7.57,7.18,7.30,2222982,32662464.00
2014-04-02,7.38,7.40,7.22,7.32,2156162,31375122.00
2014-04-03,7.32,7.46,7.29,7.33,2597181,38268712.00
2014-04-04,7.36,7.44,7.29,7.43,2045606,30141442.00
2014-04-08,7.36,7.53,7.32,7.47,2485217,37031264.00
2014-04-09,7.47,7.67,7.47,7.65,3329827,50499164.00
2014-04-10,7.82,7.96,7.64,7.65,4526517,70119072.00
2014-04-11,7.46,7.53,7.34,7.50,3221835,47703796.00
2014-04-14,7.43,7.76,7.43,7.72,3930799,59879516.00
2014-04-15,7.75,7.88,7.68,7.86,4976843,77179624.00
2014-04-16,7.93,8.14,7.62,7.67,6057981,94392912.00
2014-04-17,7.63,7.69,7.50,7.54,2475343,37301032.00
2014-04-18,7.52,7.62,7.47,7.58,1290694,19481216.00
2014-04-21,7.52,7.58,7.37,7.39,1885961,28173268.00
2014-04-22,7.28,7.42,7.09,7.22,2281590,32883332.00
2014-04-23,7.22,7.28,7.17,7.24,1220331,17620270.00
2014-04-24,7.32,7.45,7.28,7.37,2217923,32599066.00
2014-04-25,7.26,7.39,7.02,7.02,1930055,27503988.00
2014-04-28,6.95,7.04,6.51,6.58,1931317,25802286.00
2014-04-29,6.42,6.70,6.42,6.70,1449902,19171252.00
2014-04-30,6.66,6.87,6.66,6.83,1673844,22597112.00
2014-05-05,7.20,7.21,6.98,7.13,3328860,47165372.00
2014-05-06,7.07,7.45,7.07,7.35,4443870,64479520.00
2014-05-07,7.37,7.41,7.07,7.08,3077469,44139952.00
2014-05-08,7.24,7.81,7.21,7.81,7860640,120065848.00
2014-05-09,8.04,8.11,7.52,7.59,9706292,150207328.00
2014-05-12,7.73,7.92,7.52,7.73,6187494,95359776.00
2014-05-13,7.84,8.03,7.78,7.97,7390344,116707224.00
2014-05-14,7.96,7.96,7.78,7.89,3994921,62399884.00
2014-05-15,7.89,7.89,7.55,7.77,4916504,75510096.00
2014-05-16,7.72,7.90,7.57,7.84,4278572,66137252.00
2014-05-19,7.81,7.96,7.75,7.92,4641783,72809560.00
2014-05-20,7.98,8.08,7.79,7.92,6790615,107496176.00
2014-05-21,7.82,7.91,7.65,7.74,4022771,61907748.00
2014-05-22,7.93,8.53,7.93,8.53,19569417,325278432.00
2014-05-23,8.44,8.65,8.24,8.65,18253156,305701440.00
2014-05-26,8.65,8.76,8.43,8.70,12028932,205512640.00
2014-05-27,8.60,9.04,8.48,8.50,12271053,212770864.00
2014-05-28,8.50,8.79,8.33,8.54,13640334,177640208.00
2014-05-29,8.46,8.66,8.22,8.28,10951707,139630160.00
2014-05-30,8.33,9.00,8.29,8.74,17700273,232179280.00
2014-06-03,8.70,8.90,8.58,8.73,10066088,132676256.00
2014-06-04,8.65,8.80,8.47,8.72,7243980,94889776.00
2014-06-05,8.72,9.03,8.65,8.95,12743348,171018064.00
2014-06-06,8.98,9.04,8.70,8.77,8405126,112273192.00
2014-06-09,8.67,8.72,8.46,8.46,7188009,92875344.00
2014-06-10,8.49,8.82,8.49,8.73,7721515,101256576.00
2014-06-11,8.77,8.89,8.67,8.79,6930358,91902720.00
2014-06-12,8.72,8.77,8.61,8.67,5457802,71558864.00
2014-06-13,8.67,8.91,8.61,8.79,7456948,99092992.00
2014-06-16,8.67,9.03,8.65,9.00,9104143,122098528.00
2014-06-17,8.93,8.97,8.72,8.72,6855224,91471408.00
2014-06-18,8.72,8.84,8.52,8.54,5756864,75525528.00
2014-06-19,8.57,8.98,8.57,8.67,11128557,148071824.00
2014-06-20,8.57,8.57,7.82,8.48,6832826,85673440.00
2014-06-23,8.47,8.56,8.38,8.45,4641631,59526224.00
2014-06-24,8.40,8.50,8.17,8.22,5592199,70318920.00
2014-06-25,8.22,8.33,7.93,8.07,4890651,60003096.00
2014-06-26,8.11,8.27,8.11,8.21,4116922,51173680.00
2014-06-27,8.23,8.33,8.22,8.27,4238459,53109468.00
2014-06-30,8.35,8.52,8.25,8.38,3980150,50384540.00
2014-07-01,8.47,8.67,8.40,8.65,7090841,91506976.00
2014-07-02,8.67,8.67,8.45,8.57,4988448,64403832.00
2014-07-03,8.67,8.67,8.48,8.57,4034737,52118036.00
2014-07-04,8.59,8.61,8.40,8.45,4323207,55490176.00
2014-07-07,8.39,8.59,8.38,8.59,4626749,59331828.00
2014-07-08,8.57,8.59,8.41,8.55,4424777,57002320.00
2014-07-09,8.57,8.73,8.33,8.36,8050311,104428488.00
2014-07-10,8.38,8.38,8.19,8.24,4651992,58325836.00
2014-07-11,8.33,8.58,8.27,8.53,5283523,67194072.00
2014-07-14,8.61,8.87,8.41,8.71,8324781,109038648.00
2014-07-15,8.40,8.40,7.97,8.10,13832999,169564416.00
2014-07-16,8.10,8.16,7.93,7.93,5436671,65860204.00
2014-07-17,7.93,8.03,7.87,7.95,3016528,36216236.00
2014-07-18,7.93,8.03,7.89,7.91,2874340,34647932.00
2014-07-21,7.92,7.95,7.56,7.65,4668027,54241656.00
2014-07-22,7.65,7.69,7.59,7.67,3134255,36284656.00
2014-07-23,7.70,7.71,7.43,7.51,3708620,42361028.00
2014-07-24,7.51,7.62,7.34,7.52,2946673,33401164.00
2014-07-25,7.53,7.63,7.52,7.61,2277932,26139150.00
2014-07-28,7.63,7.75,7.60,7.72,3630344,42184812.00
2014-07-29,7.78,7.90,7.72,7.88,5009543,59384004.00
2014-07-30,7.97,8.07,7.83,7.95,5461216,65752864.00
2014-07-31,8.03,8.03,7.88,7.93,3547257,42508840.00
2014-08-01,7.88,7.98,7.77,7.77,3686241,43917352.00
2014-08-04,7.83,7.90,7.80,7.88,2733855,32497260.00
2014-08-05,7.85,7.97,7.84,7.94,3207541,38354512.00
2014-08-06,7.95,7.96,7.81,7.89,3702966,44171184.00
2014-08-07,7.91,7.93,7.85,7.85,3243733,38674292.00
2014-08-08,7.85,7.91,7.77,7.85,3337389,39551716.00
2014-08-11,7.87,7.95,7.82,7.93,4371047,52192272.00
2014-08-12,7.96,8.04,7.89,8.03,5601755,67649128.00
2014-08-13,8.03,8.12,7.88,8.01,4645107,56258624.00
2014-08-14,8.01,8.09,7.96,7.98,5148420,62520460.00
2014-08-15,7.99,8.12,7.96,8.06,5847023,71153424.00
2014-08-18,8.11,8.19,8.04,8.17,6965528,85540864.00
2014-08-19,8.19,8.39,8.12,8.37,11584757,144879120.00
2014-08-20,8.31,8.39,8.19,8.25,6474750,81210040.00
2014-08-21,8.27,8.28,8.07,8.21,4941708,61046660.00
2014-10-21,9.04,9.04,9.04,9.04,501356,6848523.00
2014-10-22,9.95,9.95,9.95,9.95,678503,10197900.00
2014-10-23,10.95,10.95,9.45,9.47,30516011,463232096.00
2014-10-24,9.63,9.71,8.99,9.05,18441645,258335456.00
2014-10-27,9.05,9.49,8.94,9.49,15885927,222789360.00
2014-10-28,9.47,9.60,9.24,9.50,15742262,223746608.00
2014-10-29,9.41,9.73,9.41,9.51,15884159,229073328.00
2014-10-30,9.51,9.59,9.23,9.31,10450660,148345344.00
2014-10-31,9.31,9.41,8.93,9.03,10754873,147898128.00
2014-11-03,9.07,9.22,8.98,9.18,7390303,101764464.00
2014-11-04,9.33,9.63,9.31,9.40,13474581,192668944.00
2014-11-05,9.27,9.34,9.13,9.18,7173985,99712928.00
2014-11-06,9.17,9.31,9.07,9.31,5502495,76793816.00
2014-11-07,9.31,9.43,9.06,9.10,7138105,99800120.00
2014-11-10,9.09,9.13,8.85,8.95,6787504,91614768.00
2014-11-11,8.97,8.98,8.45,8.50,8180617,106820256.00
2014-11-12,8.49,8.70,8.42,8.67,3983424,51678484.00
2014-11-13,8.70,8.76,8.50,8.57,3883650,50578440.00
2014-11-14,8.53,8.70,8.42,8.68,3595304,46539220.00
2014-11-17,8.73,8.77,8.54,8.71,3588567,47212424.00
2014-11-18,8.77,8.79,8.60,8.63,3111675,40712736.00
2014-11-19,8.63,8.83,8.55,8.77,5222586,68771256.00
2014-11-20,8.73,8.76,8.62,8.65,3312049,43454400.00
2014-11-21,8.62,8.77,8.60,8.72,3708147,48772924.00
2014-11-24,8.77,8.80,8.65,8.73,4727464,62265240.00
2014-11-25,8.80,8.91,8.77,8.86,5854745,78281312.00
2014-11-26,8.87,8.87,8.72,8.83,5135337,68214592.00
2014-11-27,8.84,9.23,8.81,9.20,11316126,154383856.00
2014-11-28,9.13,9.23,8.94,9.15,8429697,115893272.00
2014-12-01,9.23,9.31,8.85,8.95,5698849,77593856.00
2014-12-02,8.89,9.03,8.87,9.00,4171737,56579800.00
2014-12-03,9.01,9.01,8.73,8.93,6347494,84716720.00
2014-12-04,8.98,9.11,8.87,8.99,6372386,86681520.00
2014-12-05,8.99,9.01,8.43,8.59,7389104,96869624.00
2014-12-08,8.47,8.59,8.40,8.41,6938828,88986528.00
2014-12-09,8.42,8.66,8.02,8.10,6789966,86168472.00
2014-12-10,7.96,8.33,7.96,8.32,4175980,51758732.00
2014-12-11,8.28,8.48,8.21,8.42,3988106,50628620.00
2014-12-12,8.42,8.49,8.39,8.44,3094434,39442944.00
2014-12-15,8.40,8.85,8.34,8.83,7542306,98381672.00
2014-12-16,8.90,8.90,8.63,8.67,5897935,77529424.00
2014-12-17,8.60,8.65,8.43,8.51,3636467,46748792.00
2014-12-18,8.51,8.51,8.35,8.37,3176498,40408404.00
2014-12-19,8.40,8.41,8.01,8.12,3897104,48091828.00
2014-12-22,8.11,8.11,7.53,7.59,4235103,49484468.00
2015-02-13,8.35,8.35,8.35,8.35,150583,1901863.25
2015-02-16,9.19,9.19,8.77,8.95,20837622,283837472.00
2015-02-17,8.93,8.93,8.62,8.75,9878591,130872736.00
2015-02-25,8.79,9.19,8.76,8.91,10355141,140762848.00
2015-02-26,8.91,9.08,8.80,9.01,8285558,111895696.00
2015-02-27,8.95,9.08,8.90,9.01,8139690,110194384.00
2015-03-02,8.93,9.07,8.84,9.07,10821902,146732448.00
2015-03-03,9.03,9.39,8.97,9.22,15310162,213112208.00
2015-03-04,9.25,9.53,9.13,9.45,14021104,198082992.00
2015-03-05,9.45,9.46,9.22,9.31,8937071,125491280.00
2015-03-06,9.33,9.39,9.06,9.10,7247849,100572944.00
2015-03-09,9.03,9.33,8.94,9.27,6775358,94014016.00
2015-03-10,9.29,9.73,9.23,9.56,13444245,193864400.00
2015-03-11,9.53,9.66,9.41,9.65,8017159,115394480.00
2015-03-12,9.67,9.89,9.36,9.39,9017776,130622040.00
2015-03-13,9.39,9.62,9.34,9.60,6606606,94635288.00
2015-03-16,9.63,10.03,9.63,9.95,13467537,200533072.00
2015-03-17,10.04,10.07,9.81,9.95,12169367,182359888.00
2015-03-18,9.93,10.42,9.83,10.37,12410456,191502368.00
2015-03-19,10.27,10.50,10.13,10.47,11956070,185790016.00
2015-03-20,10.43,11.41,10.37,10.79,14571143,240337824.00
2015-03-23,10.71,11.50,10.71,11.50,18134316,305598944.00
2015-03-24,11.50,11.65,10.82,11.48,20640995,351300640.00
2015-03-25,11.37,11.60,11.07,11.37,15525735,267095744.00
2015-03-26,11.27,11.27,10.73,10.83,13881556,230732496.00
2015-03-27,10.78,11.18,10.75,11.05,7324340,121964832.00
2015-03-30,11.05,11.19,10.89,10.95,8140338,134988944.00
2015-03-31,10.83,10.93,10.49,10.75,10204829,165183824.00
2015-04-01,10.80,11.13,10.73,11.08,9166850,152151408.00
2015-04-02,11.08,11.60,11.07,11.45,12771993,218977200.00
2015-04-03,11.33,11.43,11.13,11.37,8274112,141069968.00
2015-04-07,11.37,11.79,11.25,11.63,13137745,227530752.00
2015-04-08,11.57,11.58,11.00,11.45,12531711,213661344.00
2015-04-09,11.31,12.27,10.99,11.90,14266435,247165504.00
2015-04-10,11.99,12.35,11.72,12.10,17672139,320095648.00
2015-04-13,12.10,12.61,11.97,12.30,14354299,266475216.00
2015-04-14,12.33,12.41,11.78,11.85,10851494,197089216.00
2015-04-15,11.77,11.77,11.00,11.00,8538192,146447424.00
2015-04-16,10.89,11.25,10.73,11.07,5693445,94897872.00
2015-04-17,11.15,11.35,10.81,11.06,8345185,140151088.00
2015-04-20,11.09,11.09,10.60,10.62,9359466,152350592.00
2015-04-21,10.63,11.05,10.62,10.99,5580800,91604728.00
2015-04-22,11.33,12.09,11.32,11.41,11939200,207692064.00
2015-04-23,11.53,11.53,11.23,11.43,11167815,191320432.00
2015-04-24,11.30,12.04,11.20,11.89,14982261,263233888.00
2015-04-27,12.07,12.25,11.64,11.71,11771516,209735568.00
2015-04-28,11.63,11.77,11.00,11.10,8397848,143370768.00
2015-04-29,11.10,11.39,11.04,11.25,5369795,91364328.00
2015-04-30,11.30,11.43,11.15,11.21,5274722,89820600.00
2015-05-04,11.21,11.25,10.90,11.15,5575700,93175536.00
2015-05-05,11.09,11.33,10.93,11.10,6423506,108175632.00
2015-05-06,11.03,11.67,11.03,11.21,10389948,178963040.00
2015-05-07,11.21,11.21,10.73,10.77,5507504,90697680.00
2015-05-08,10.94,11.44,10.85,11.43,8894621,149503696.00
2015-05-11,11.61,11.90,11.47,11.89,14300194,253505600.00
2015-05-12,11.89,12.50,11.68,12.37,18888211,343328480.00
2015-05-13,12.12,13.07,12.01,12.70,19030322,363063712.00
2015-05-14,12.70,13.57,12.63,12.71,15375324,300784384.00
2015-05-15,12.63,12.68,12.29,12.46,9999865,188230976.00
2015-05-18,12.44,13.03,12.28,12.97,11640795,225327504.00
2015-05-19,13.12,13.25,12.73,12.93,10288970,200418240.00
2015-05-20,13.44,14.23,13.34,13.41,18459463,384958464.00
2015-05-21,13.15,14.08,13.15,14.07,15591944,323794944.00
2015-05-22,14.07,14.25,13.53,13.83,14066393,293295104.00
2015-05-25,13.53,14.47,13.33,14.26,14843347,310153248.00
2015-05-26,14.27,15.11,14.17,14.81,14945884,330301824.00
2015-05-27,15.03,15.17,14.39,14.71,12960433,286878912.00
2015-05-28,14.55,15.08,13.47,13.51,15360130,331570752.00
2015-05-29,13.41,13.99,13.00,13.78,11791344,242034128.00
2015-06-01,14.03,15.17,14.03,15.17,9340444,207664800.00
2015-06-02,16.39,16.69,15.93,16.69,16361387,407559200.00
2015-06-03,17.83,18.33,16.64,17.25,27114934,715097664.00
2015-06-04,17.26,18.99,16.51,18.99,21845082,574710784.00
2015-06-05,19.93,20.19,18.43,18.50,20720214,606110336.00
2015-06-08,18.07,18.35,16.91,17.23,17681234,465483552.00
2015-06-09,17.07,18.17,17.07,17.73,13891270,371001600.00
2015-06-10,17.53,18.73,17.29,18.25,14658784,400784576.00
2015-06-11,18.61,20.09,18.37,20.09,17981687,514244160.00
2015-06-12,19.99,20.73,19.27,19.68,15696549,467067488.00
2015-06-15,19.67,19.92,18.49,18.87,11649805,336240992.00
2015-06-16,18.59,18.59,17.57,17.65,10750954,289973408.00
2015-06-17,17.51,18.57,17.41,18.31,9749112,263885152.00
2015-06-18,18.19,18.19,17.01,17.19,7395630,196514720.00
2015-06-19,16.71,16.78,15.47,15.47,10389533,165633584.00
2015-06-23,15.00,15.51,13.92,15.05,13352663,196283088.00
2015-06-24,15.30,15.57,14.61,15.18,11641885,176876976.00
2015-07-02,13.66,13.66,13.66,13.66,1675900,22892794.00
2015-07-03,12.29,12.29,12.29,12.29,836400,10279356.00
2015-07-06,13.00,13.32,11.06,11.06,17313166,206176928.00
2015-07-07,9.95,9.95,9.95,9.95,1255200,12489240.00
2015-07-13,10.95,10.95,10.95,10.95,465335,5095418.00
2015-07-14,12.05,12.05,12.05,12.05,1191454,14357021.00
2015-07-15,12.00,12.00,10.85,10.85,17566302,194104192.00
2015-07-16,9.87,11.14,9.77,10.45,23998262,249547792.00
2015-07-17,10.63,11.39,10.35,11.13,19987085,217662512.00
2015-07-20,11.30,12.24,10.91,12.24,29958277,344104512.00
2015-07-21,11.80,12.78,11.65,12.47,28946499,353958080.00
2015-07-22,12.30,12.50,11.91,12.34,19980108,244417808.00
2015-07-23,12.45,12.98,12.35,12.75,19040495,240652512.00
2015-07-24,13.20,13.35,12.20,12.58,23519313,303855328.00
2015-07-27,12.00,12.78,11.32,11.32,17106110,207837552.00
2015-07-28,10.34,11.29,10.20,10.76,18028849,190751712.00
2015-07-29,11.31,11.80,10.27,11.53,14086637,154306176.00
2015-07-30,11.36,11.89,10.89,10.90,14598273,167871952.00
2015-07-31,10.87,11.18,10.10,10.37,9686885,103844064.00
2015-08-03,10.30,10.48,9.40,9.60,10025245,99039208.00
2015-08-04,9.70,10.56,9.67,10.56,12625044,128760936.00
2015-08-05,10.62,10.90,10.30,10.40,12115410,128465592.00
2015-08-06,10.13,10.46,10.02,10.39,7818534,80135984.00
2015-08-07,10.49,11.13,10.44,10.85,12067064,130208584.00
2015-08-10,11.06,11.56,10.90,11.40,14950267,167550672.00
2015-08-11,11.43,12.10,11.25,11.78,19516291,226763664.00
2015-08-12,11.58,11.81,11.35,11.35,11758569,135939248.00
2015-08-13,11.57,11.78,11.31,11.74,11429420,132608248.00
2015-08-14,11.80,12.35,11.72,11.85,16638232,199867088.00
2015-08-17,11.70,12.19,11.48,12.13,14290752,168974864.00
2015-08-18,12.29,12.65,10.92,10.92,23397892,281964320.00
2015-09-11,10.14,11.58,10.14,11.08,19365744,208429424.00
2015-09-14,10.92,11.08,9.97,9.97,12693639,132827976.00
2015-09-15,9.20,9.42,8.97,8.97,9712600,88313736.00
2015-09-16,8.75,9.83,8.56,9.66,13616944,124497688.00
2015-09-17,9.40,9.73,9.03,9.04,13371791,125812792.00
2015-09-22,9.40,9.40,9.40,9.40,0,0.00
数据来源:通达信
