002538 司尔特 日线 前复权
      日期	    开盘	    最高	    最低	    收盘	    成交量	    成交额
2011-01-18,5.63,6.09,5.39,5.74,6579751,158534400.00
2011-01-19,5.74,6.19,5.74,6.08,4549260,113962664.00
2011-01-20,5.97,5.97,5.74,5.86,2842414,69237320.00
2011-01-21,5.76,5.92,5.65,5.70,1994895,48041840.00
2011-01-24,5.66,5.73,5.50,5.52,1427794,33290442.00
2011-01-25,5.50,5.61,5.41,5.60,955022,21945826.00
2011-01-26,5.54,5.72,5.54,5.68,963942,22787588.00
2011-01-27,5.60,5.78,5.59,5.77,939350,22378148.00
2011-01-28,5.70,5.79,5.67,5.72,671250,16020446.00
2011-01-31,5.72,5.78,5.66,5.76,807842,19311624.00
2011-02-01,5.76,5.77,5.68,5.72,507355,12105191.00
2011-02-09,5.75,5.83,5.69,5.73,807686,19417086.00
2011-02-10,5.73,5.95,5.71,5.94,1836339,44986764.00
2011-02-11,5.94,5.99,5.88,5.95,1388274,34400564.00
2011-02-14,5.91,6.02,5.90,6.01,1565372,38915532.00
2011-02-15,6.01,6.03,5.94,5.94,1357482,33850376.00
2011-02-16,5.94,6.06,5.90,6.06,1521189,38032160.00
2011-02-17,6.07,6.08,5.93,6.00,1238668,30891082.00
2011-02-18,5.96,5.99,5.90,5.92,827303,20456724.00
2011-02-21,5.89,6.00,5.89,5.99,851445,21161990.00
2011-02-22,6.06,6.29,6.06,6.08,4021591,103468640.00
2011-02-23,6.09,6.17,5.97,6.12,1766469,44491284.00
2011-02-24,6.11,6.20,6.05,6.14,1446952,36998876.00
2011-02-25,6.12,6.17,5.99,6.07,1101928,27780480.00
2011-02-28,6.09,6.12,6.01,6.10,884911,22372172.00
2011-03-01,6.12,6.27,6.10,6.25,2685031,69533728.00
2011-03-02,6.21,6.25,6.05,6.12,1321146,33766516.00
2011-03-03,6.12,6.16,5.98,5.99,1200367,30278618.00
2011-03-04,5.99,6.07,5.98,6.06,569240,14265169.00
2011-03-07,6.06,6.10,6.02,6.07,768193,19374908.00
2011-03-08,6.05,6.08,6.03,6.05,630653,15881033.00
2011-03-09,6.07,6.07,6.00,6.04,799753,20084962.00
2011-03-10,6.04,6.08,6.02,6.05,607112,15315234.00
2011-03-11,6.03,6.09,6.02,6.03,638116,16089947.00
2011-03-14,6.07,6.07,6.00,6.04,790930,19860972.00
2011-03-15,6.03,6.05,5.85,5.93,1099222,27204660.00
2011-03-16,5.95,6.08,5.95,6.07,1306453,32784222.00
2011-03-17,6.05,6.09,5.99,6.01,937841,23566728.00
2011-03-18,5.95,6.02,5.88,5.95,1331474,32930452.00
2011-03-21,5.95,5.97,5.90,5.91,429971,10612651.00
2011-03-22,5.95,5.97,5.86,5.91,361353,8889615.00
2011-03-23,5.88,5.96,5.87,5.93,538561,13264492.00
2011-03-24,5.93,6.02,5.90,6.01,780359,19340510.00
2011-03-25,5.98,6.03,5.95,5.97,644499,16062852.00
2011-03-28,6.02,6.02,5.93,5.96,896649,22336092.00
2011-03-29,5.93,5.99,5.84,5.84,833798,20473264.00
2011-03-30,5.84,5.92,5.76,5.80,413295,10028029.00
2011-03-31,5.81,5.85,5.74,5.75,344845,8309131.00
2011-04-01,5.78,5.80,5.70,5.77,267370,6408816.00
2011-04-06,5.77,5.78,5.72,5.75,244810,5862826.00
2011-04-08,5.78,5.85,5.77,5.83,325147,7910392.50
2011-04-11,5.81,5.83,5.77,5.77,281373,6796304.50
2011-04-12,5.77,5.79,5.75,5.75,201324,4838991.50
2011-04-13,5.75,5.82,5.74,5.82,254306,6128993.50
2011-04-14,5.82,5.82,5.76,5.80,212992,5143366.50
2011-04-15,5.88,5.93,5.83,5.87,611970,15016921.00
2011-04-18,5.86,6.07,5.86,6.07,2446522,61282628.00
2011-04-19,6.00,6.13,6.00,6.09,2546316,64388560.00
2011-04-20,6.04,6.11,6.00,6.11,1219841,30822728.00
2011-04-21,6.11,6.12,6.04,6.06,1383825,34920680.00
2011-04-22,6.10,6.10,5.87,5.90,1413926,35110860.00
2011-04-25,5.90,6.05,5.80,6.00,1532315,38018536.00
2011-04-26,6.01,6.12,5.97,6.06,4047583,101862368.00
2011-04-27,6.07,6.12,6.00,6.10,2690971,68036688.00
2011-04-28,6.11,6.12,5.93,5.94,1852395,46394624.00
2011-04-29,5.93,5.98,5.82,5.89,1124652,27664106.00
2011-05-03,5.88,5.91,5.74,5.89,927997,22507522.00
2011-05-04,5.83,5.87,5.74,5.75,905048,21803626.00
2011-05-05,5.73,5.79,5.71,5.75,669088,16046903.00
2011-05-06,5.75,5.77,5.68,5.72,760116,17986084.00
2011-05-09,5.73,5.79,5.70,5.75,620653,14765126.00
2011-05-10,5.75,5.80,5.71,5.80,639546,15262944.00
2011-05-11,5.79,5.81,5.71,5.75,749889,17872618.00
2011-05-12,5.73,5.80,5.67,5.67,825881,19638400.00
2011-05-13,5.71,5.85,5.70,5.84,1763787,42320252.00
2011-05-16,5.81,5.95,5.80,5.82,1255864,30376756.00
2011-05-17,5.82,5.85,5.77,5.79,780685,18755262.00
2011-05-18,5.80,5.83,5.76,5.81,602774,14433598.00
2011-05-19,5.80,5.81,5.70,5.70,722467,17180040.00
2011-05-20,5.70,5.72,5.62,5.64,612990,14372214.00
2011-05-23,5.64,5.71,5.50,5.50,775314,17847094.00
2011-05-24,5.50,5.55,5.48,5.53,368194,8418490.00
2011-05-25,5.53,5.55,5.44,5.44,373403,8488381.00
2011-05-26,5.45,5.48,5.34,5.35,448040,10048661.00
2011-05-27,5.18,5.34,4.93,4.99,790120,16950932.00
2011-05-30,4.99,5.01,4.89,4.89,580476,11959135.00
2011-05-31,4.91,4.99,4.86,4.99,487883,10024336.00
2011-06-01,5.00,5.05,4.95,5.05,496671,10345720.00
2011-06-02,5.00,5.00,4.88,4.95,422090,8660268.00
2011-06-03,4.92,5.05,4.92,5.02,376345,7819732.50
2011-06-07,5.02,5.05,4.93,5.01,396423,8242473.50
2011-06-08,5.03,5.03,4.94,4.99,307245,6348158.00
2011-06-09,4.99,5.01,4.85,4.85,500950,10273040.00
2011-06-10,4.85,4.91,4.73,4.80,595788,11954286.00
2011-06-13,4.75,4.83,4.73,4.79,296838,5902833.00
2011-06-14,4.83,5.20,4.83,5.09,1214384,25587548.00
2011-06-15,5.06,5.14,5.03,5.03,585183,12343052.00
2011-06-16,5.04,5.04,4.85,4.88,542358,11139877.00
2011-06-17,4.94,4.94,4.87,4.87,364712,7440101.50
2011-06-20,4.87,4.96,4.87,4.96,379428,7741558.00
2011-06-21,4.96,4.98,4.86,4.94,595837,12174416.00
2011-06-22,4.96,4.97,4.90,4.94,313489,6444466.50
2011-06-23,4.91,5.21,4.90,5.18,1585150,33767404.00
2011-06-24,5.25,5.50,5.18,5.32,2311714,51477348.00
2011-06-27,5.27,5.49,5.20,5.48,1641952,36653504.00
2011-06-28,5.43,5.49,5.36,5.40,759532,17001112.00
2011-06-29,5.40,5.47,5.36,5.37,894494,20104234.00
2011-06-30,5.35,5.44,5.35,5.38,905446,20278910.00
2011-07-01,5.41,5.44,5.37,5.38,565902,12674623.00
2011-07-04,5.44,5.49,5.41,5.47,839565,18970964.00
2011-07-05,5.47,5.54,5.42,5.47,861936,19543386.00
2011-07-06,5.46,5.53,5.39,5.53,864122,19534072.00
2011-07-07,5.57,5.69,5.50,5.60,1621970,37702088.00
2011-07-08,5.59,5.65,5.55,5.62,813164,18895622.00
2011-07-11,5.58,5.70,5.55,5.67,1055363,24756180.00
2011-07-12,5.61,5.67,5.52,5.54,1096989,25381704.00
2011-07-13,5.53,5.78,5.53,5.71,1630467,38429140.00
2011-07-14,5.91,5.96,5.83,5.91,2949697,71843560.00
2011-07-15,5.90,6.02,5.87,5.95,1750269,43172044.00
2011-07-18,6.00,6.09,5.88,5.91,1520423,37620008.00
2011-07-19,5.89,6.05,5.87,5.88,1808038,44587748.00
2011-07-20,5.95,5.99,5.79,5.90,1307759,31771096.00
2011-07-21,5.90,6.05,5.86,5.98,1587640,39210036.00
2011-07-22,5.98,6.09,5.95,6.00,1668308,41623728.00
2011-07-25,6.00,6.10,5.78,5.82,1910146,46980652.00
2011-07-26,5.75,5.84,5.69,5.80,1141016,27183130.00
2011-07-27,5.77,6.04,5.73,6.02,1657335,40715116.00
2011-07-28,5.94,6.10,5.89,6.10,1752646,43514708.00
2011-07-29,6.14,6.19,5.97,5.98,1811731,45418372.00
2011-08-01,5.93,6.14,5.93,6.09,1653491,41459952.00
2011-08-02,6.05,6.06,5.89,6.00,1468828,36169588.00
2011-08-03,5.90,6.06,5.90,5.96,983782,24396888.00
2011-08-04,5.96,6.01,5.90,5.96,892058,21916014.00
2011-08-05,5.80,5.92,5.75,5.85,1001700,24244314.00
2011-08-08,5.79,5.85,5.44,5.49,1369008,31846426.00
2011-08-09,5.35,5.61,5.25,5.57,1180749,26528956.00
2011-08-10,5.71,5.73,5.58,5.59,1240857,29052990.00
2011-08-11,5.48,5.74,5.45,5.73,912233,21404538.00
2011-08-12,5.77,5.86,5.76,5.80,987029,23718990.00
2011-08-15,5.82,5.92,5.82,5.92,941787,22950688.00
2011-08-16,5.91,5.98,5.89,5.94,1108111,27201596.00
2011-08-17,5.95,5.98,5.89,5.90,803476,19693362.00
2011-08-18,5.85,5.89,5.72,5.74,973883,23346358.00
2011-08-19,5.61,5.75,5.57,5.73,636400,14898207.00
2011-08-22,5.73,5.80,5.71,5.74,513152,12210276.00
2011-08-23,5.75,5.94,5.73,5.93,927946,22472072.00
2011-08-24,5.99,6.16,5.94,6.05,2576948,64549336.00
2011-08-25,6.10,6.16,5.95,6.06,1816133,45292440.00
2011-08-26,5.95,6.42,5.92,6.35,6550507,168118240.00
2011-08-29,6.30,6.52,6.28,6.37,5561771,147124608.00
2011-08-30,6.40,6.44,6.17,6.17,3521421,91608344.00
2011-08-31,6.19,6.22,6.03,6.18,1925630,48701800.00
2011-09-01,6.15,6.25,6.03,6.04,1836637,46531456.00
2011-09-02,6.00,6.04,5.80,5.85,2026532,49370928.00
2011-09-05,5.78,5.86,5.71,5.78,1302265,31097530.00
2011-09-06,5.73,5.83,5.66,5.75,980397,23343224.00
2011-09-07,5.79,6.10,5.77,6.06,2569789,63448152.00
2011-09-08,6.02,6.09,5.86,5.87,1820652,45116804.00
2011-09-09,5.86,5.99,5.79,5.80,1167177,28348932.00
2011-09-13,5.72,5.74,5.63,5.63,1374649,32266050.00
2011-09-14,5.67,5.69,5.50,5.68,1023495,23770044.00
2011-09-16,5.71,5.72,5.58,5.58,1008541,23643346.00
2011-09-19,5.58,5.58,5.43,5.43,707750,16096136.00
2011-09-20,5.46,5.55,5.44,5.53,583025,13286766.00
2011-09-21,5.53,5.75,5.49,5.69,1077648,25194580.00
2011-09-22,5.65,5.80,5.52,5.52,1246885,29307838.00
2011-09-23,5.38,5.52,5.34,5.46,852616,19218098.00
2011-09-26,5.44,5.51,5.38,5.40,358406,8076087.50
2011-09-27,5.42,5.50,5.40,5.46,415402,9403426.00
2011-09-28,5.51,5.55,5.38,5.40,551796,12519419.00
2011-09-29,5.36,5.42,5.22,5.28,502138,11049147.00
2011-09-30,5.33,5.35,5.08,5.15,604311,12955208.00
2011-10-10,5.16,5.20,5.09,5.12,367229,7831648.00
2011-10-11,5.28,5.29,5.11,5.16,588917,12704258.00
2011-10-12,5.13,5.39,5.11,5.38,900486,19735266.00
2011-10-13,5.38,5.47,5.35,5.41,886502,19915238.00
2011-10-14,5.38,5.45,5.36,5.44,575313,12913498.00
2011-10-17,5.44,5.50,5.41,5.47,669537,15147089.00
2011-10-18,5.43,5.46,5.26,5.27,662725,14751316.00
2011-10-19,5.30,5.37,5.24,5.28,383360,8429023.00
2011-10-20,5.26,5.30,5.08,5.10,609356,13047575.00
2011-10-21,5.09,5.14,4.80,4.81,953120,19561084.00
2011-10-24,4.85,4.95,4.76,4.94,544137,11016085.00
2011-10-25,4.90,5.19,4.90,5.16,820967,17317090.00
2011-10-26,5.11,5.28,5.08,5.23,843874,18263628.00
2011-10-27,5.39,5.42,5.25,5.26,1848536,41062372.00
2011-10-28,5.36,5.42,5.30,5.41,1412629,31549934.00
2011-10-31,5.44,5.49,5.38,5.45,1190532,26867818.00
2011-11-01,5.40,5.52,5.39,5.47,1094763,24797438.00
2011-11-02,5.39,5.57,5.37,5.56,1361349,30906784.00
2011-11-03,5.56,5.63,5.52,5.52,1445725,33371836.00
2011-11-04,5.56,5.66,5.51,5.65,1373898,31756216.00
2011-11-07,5.64,5.68,5.59,5.62,790165,18425736.00
2011-11-08,5.59,5.65,5.54,5.56,820049,19030358.00
2011-11-09,5.59,5.71,5.55,5.70,1091008,25388090.00
2011-11-10,5.66,5.75,5.64,5.65,1247189,29347498.00
2011-11-11,5.64,5.70,5.58,5.65,792133,18467710.00
2011-11-14,5.72,5.85,5.68,5.82,1288977,30820502.00
2011-11-15,5.83,5.89,5.78,5.85,830866,20036150.00
2011-11-16,5.85,5.89,5.72,5.83,1918235,46094480.00
2011-11-17,5.80,5.94,5.75,5.85,1380088,33452666.00
2011-11-18,5.80,5.87,5.61,5.63,1381116,32522128.00
2011-11-21,5.61,5.69,5.59,5.67,443297,10327424.00
2011-11-22,5.63,5.75,5.56,5.73,823810,19435206.00
2011-11-23,5.73,5.78,5.66,5.69,613268,14530259.00
2011-11-24,5.73,5.73,5.59,5.65,510254,11922953.00
2011-11-25,5.65,5.75,5.61,5.65,472453,11134112.00
2011-11-28,5.71,5.71,5.60,5.66,371879,8701644.00
2011-11-29,5.70,5.97,5.68,5.96,2583616,62858276.00
2011-11-30,5.92,5.99,5.68,5.85,2115780,50931060.00
2011-12-01,6.00,6.11,5.93,5.94,2099844,52119880.00
2011-12-02,5.90,5.99,5.87,5.96,1060337,25988580.00
2011-12-05,5.97,5.97,5.71,5.72,1266891,30403532.00
2011-12-06,5.65,5.75,5.58,5.66,681498,15933638.00
2011-12-07,5.67,5.75,5.67,5.72,355598,8399324.00
2011-12-08,5.73,5.77,5.53,5.68,634974,14886771.00
2011-12-09,5.64,5.74,5.60,5.66,283051,6650279.50
2011-12-12,5.63,5.73,5.63,5.69,350549,8252335.00
2011-12-13,5.64,5.67,5.48,5.49,710197,16286586.00
2011-12-14,5.52,5.62,5.49,5.49,667894,15407668.00
2011-12-15,5.43,5.51,5.33,5.48,521294,11782154.00
2011-12-16,5.50,5.67,5.46,5.67,1060678,24395484.00
2011-12-19,5.55,5.80,5.53,5.80,968484,22801010.00
2011-12-20,5.73,5.90,5.73,5.81,659995,15868282.00
2011-12-21,5.83,5.86,5.58,5.59,514619,12227004.00
2011-12-22,5.54,5.59,5.31,5.43,591123,13369209.00
2011-12-23,5.38,5.51,5.38,5.43,298773,6753504.50
2011-12-26,5.38,5.49,5.32,5.40,258462,5855754.50
2011-12-27,5.38,5.41,5.06,5.22,691002,15010918.00
2011-12-28,5.10,5.21,5.06,5.18,406991,8691365.00
2011-12-29,5.10,5.26,5.05,5.23,202420,4372534.00
2011-12-30,5.27,5.52,5.23,5.50,704045,15750259.00
2012-01-04,5.53,5.59,5.40,5.47,605833,13895707.00
2012-01-05,5.38,5.51,5.30,5.40,414917,9354724.00
2012-01-06,5.37,5.44,5.13,5.39,754062,16482626.00
2012-01-09,5.38,5.64,5.26,5.59,868843,19921790.00
2012-01-10,5.57,5.74,5.53,5.71,1015615,23742132.00
2012-01-11,5.66,5.78,5.65,5.73,719119,17018068.00
2012-01-12,5.68,5.74,5.62,5.63,512033,12031435.00
2012-01-13,5.55,5.62,5.05,5.07,1645224,35685084.00
2012-01-16,4.92,5.08,4.81,4.90,683160,14122483.00
2012-01-17,4.97,5.20,4.92,5.16,534499,11366602.00
2012-01-18,5.18,5.23,4.95,5.00,413763,8814712.00
2012-01-19,5.00,5.08,4.97,4.99,556974,11615923.00
2012-01-20,4.99,5.15,4.99,5.14,442226,9395155.00
2012-01-30,5.21,5.25,5.06,5.15,315100,6771787.00
2012-01-31,5.18,5.48,5.12,5.48,825753,18305766.00
2012-02-01,5.80,5.90,5.67,5.68,3574726,85384416.00
2012-02-02,5.63,5.86,5.63,5.81,2051453,49060896.00
2012-02-03,5.76,6.17,5.76,6.12,3551173,88690936.00
2012-02-06,6.06,6.27,6.02,6.15,2815074,71446064.00
2012-02-07,6.08,6.15,6.01,6.09,2291041,57487112.00
2012-02-08,6.08,6.24,6.03,6.20,2345727,59472460.00
2012-02-09,6.20,6.30,6.13,6.14,2595144,66454252.00
2012-02-10,6.16,6.24,6.10,6.18,2319318,59064624.00
2012-02-13,6.17,6.43,6.11,6.28,4211262,110079304.00
2012-02-14,6.23,6.30,6.18,6.25,1227699,31618040.00
2012-02-15,6.22,6.29,6.16,6.22,1936293,49785136.00
2012-02-16,6.17,6.26,6.07,6.10,2050797,52266428.00
2012-02-17,6.13,6.19,6.08,6.16,1604738,40663932.00
2012-02-20,6.20,6.28,6.11,6.22,2418881,61936964.00
2012-02-21,6.23,6.29,6.10,6.27,1952209,50041068.00
2012-02-22,6.25,6.92,6.23,6.79,7468979,203886896.00
2012-02-23,6.75,6.77,6.60,6.67,5169398,142313136.00
2012-02-24,6.78,7.08,6.77,6.85,6331007,179769168.00
2012-02-27,6.88,7.18,6.77,6.97,5604936,161064576.00
2012-02-28,6.89,6.92,6.69,6.88,3650591,102373544.00
2012-02-29,6.83,6.87,6.68,6.68,1867169,51865544.00
2012-03-01,6.65,6.80,6.63,6.70,1583811,43867852.00
2012-03-02,6.70,6.93,6.70,6.92,2455853,69003960.00
2012-03-05,6.98,7.16,6.86,7.00,4233151,122041688.00
2012-03-06,6.92,6.93,6.51,6.63,7101432,194565328.00
2012-03-07,6.58,6.66,6.52,6.56,2678773,72797912.00
2012-03-08,6.57,6.66,6.55,6.62,2130208,58091004.00
2012-03-09,6.65,6.94,6.63,6.91,4544244,127486688.00
2012-03-12,6.90,7.08,6.85,6.97,3387682,97182808.00
2012-03-13,6.94,7.18,6.85,7.14,4060278,117589192.00
2012-03-14,7.22,7.38,6.60,6.72,6553825,190885840.00
2012-03-15,6.72,6.98,6.65,6.90,3639493,101856536.00
2012-03-19,7.07,7.12,6.88,7.07,3464047,99880824.00
2012-03-20,6.99,7.00,6.75,6.77,2853742,80178488.00
2012-03-21,6.85,6.98,6.63,6.98,3592075,100866896.00
2012-03-22,6.92,7.38,6.86,7.24,7376008,217673872.00
2012-03-23,7.17,7.27,6.73,6.82,5583356,160289936.00
2012-03-26,6.78,6.89,6.52,6.80,4108054,112727360.00
2012-03-27,6.93,6.97,6.45,6.49,5553766,152721968.00
2012-03-28,6.38,6.41,6.15,6.15,3263487,84299272.00
2012-03-29,6.15,6.35,6.03,6.21,2673819,68470608.00
2012-03-30,6.21,6.25,5.75,5.86,3496551,85545688.00
2012-04-05,5.90,5.93,5.64,5.89,4217326,50506720.00
2012-04-06,5.90,6.29,5.72,6.20,8348328,102764208.00
2012-04-09,6.08,6.17,6.01,6.01,4723751,58856448.00
2012-04-10,5.94,6.00,5.55,5.95,5119922,61007648.00
2012-04-11,5.78,6.16,5.77,6.11,4627634,56919572.00
2012-04-12,6.06,6.13,5.94,6.11,4569084,56588648.00
2012-04-13,6.08,6.29,6.04,6.27,5719660,72569424.00
2012-04-16,6.27,6.27,6.06,6.14,3500925,44119840.00
2012-04-17,6.10,6.14,5.95,6.08,3010872,37256248.00
2012-04-18,6.05,6.24,6.04,6.19,3641087,46005072.00
2012-04-19,6.19,6.31,6.16,6.25,4730533,60436244.00
2012-04-20,6.23,6.28,6.16,6.19,2965343,37576668.00
2012-04-23,6.15,6.15,5.88,5.89,4314291,52667044.00
2012-04-24,5.83,5.99,5.71,5.82,3093735,36881704.00
2012-04-25,5.73,5.91,5.72,5.88,2329209,27773862.00
2012-04-26,6.10,6.31,6.04,6.08,5343859,67279248.00
2012-04-27,6.10,6.19,5.96,6.09,2941813,36530796.00
2012-05-02,6.18,6.52,6.10,6.39,7059408,90757088.00
2012-05-03,6.85,7.05,6.55,7.05,21145246,299148448.00
2012-05-04,6.92,7.02,6.86,6.94,10058498,142768912.00
2012-05-07,6.93,7.14,6.86,7.01,9679821,138365312.00
2012-05-08,7.01,7.18,6.93,6.93,7363544,105590416.00
2012-05-09,6.80,6.80,6.58,6.62,7874277,107197880.00
2012-05-10,6.58,6.74,6.57,6.71,4181898,56848660.00
2012-05-14,6.75,6.80,6.51,6.54,3935174,53284192.00
2012-05-15,6.45,6.70,6.37,6.68,4105248,54895248.00
2012-05-16,6.63,6.70,6.46,6.46,2957489,39643488.00
2012-05-17,6.46,6.67,6.41,6.61,3374995,45156608.00
2012-05-18,6.55,6.55,6.31,6.39,3551215,46789664.00
2012-05-21,6.39,6.43,6.20,6.25,3026136,39022548.00
2012-05-22,6.33,6.46,6.28,6.42,3542409,46221712.00
2012-05-23,6.38,6.49,6.32,6.44,3319519,43591816.00
2012-05-24,6.41,6.44,6.28,6.30,2687325,34942716.00
2012-05-25,6.35,6.43,6.28,6.38,2805515,36529096.00
2012-05-28,6.36,6.50,6.11,6.46,4000595,51702564.00
2012-05-29,6.45,6.79,6.41,6.70,5440821,73756648.00
2012-05-30,6.67,6.93,6.61,6.85,7337988,101851792.00
2012-05-31,6.75,6.91,6.68,6.84,5809471,80857536.00
2012-06-01,6.80,6.86,6.62,6.65,4987570,68387920.00
2012-06-04,6.41,6.41,6.21,6.22,5168035,66918988.00
2012-06-05,6.22,6.30,6.15,6.15,2091503,26583436.00
2012-06-06,6.21,6.26,6.13,6.18,1523452,19294206.00
2012-06-07,6.30,6.32,6.14,6.14,1699276,21633938.00
2012-06-08,6.22,6.27,6.11,6.17,1337417,16946910.00
2012-06-11,6.15,6.39,6.15,6.38,2390179,30849176.00
2012-06-12,6.34,6.38,6.26,6.29,1367118,17659732.00
2012-06-13,6.30,6.50,6.28,6.47,2581236,33957072.00
2012-06-14,6.44,6.49,6.31,6.34,2564571,33602276.00
2012-06-15,6.35,6.43,6.21,6.28,1889503,24353760.00
2012-06-18,6.35,6.39,6.30,6.30,1588400,20618680.00
2012-06-19,6.28,6.40,6.26,6.30,1541179,19983384.00
2012-06-20,6.32,6.49,6.32,6.43,2791635,36747548.00
2012-06-21,6.39,6.45,6.23,6.31,2090145,26906828.00
2012-06-25,6.24,6.39,6.04,6.19,1642627,21077848.00
2012-06-26,6.13,6.25,6.02,6.14,1407578,17625664.00
2012-06-27,6.14,6.20,6.08,6.08,1104254,13902690.00
2012-06-28,6.09,6.13,5.94,5.94,1623338,20107646.00
2012-06-29,5.88,6.06,5.81,6.02,1710511,20837842.00
2012-07-02,6.09,6.20,6.05,6.14,1460773,18382436.00
2012-07-03,6.11,6.30,6.11,6.23,2036249,25996894.00
2012-07-04,6.23,6.30,6.10,6.15,1610994,20428852.00
2012-07-05,6.13,6.13,5.94,5.96,2053953,25264182.00
2012-07-06,6.01,6.25,5.95,6.19,1988889,24820924.00
2012-07-09,6.18,6.18,5.85,5.98,1634182,20287472.00
2012-07-10,5.94,6.06,5.91,6.01,1537164,18846202.00
2012-07-11,5.98,6.09,5.97,6.09,1762657,21828096.00
2012-07-12,6.05,6.31,6.04,6.29,3852052,49153196.00
2012-07-13,6.28,6.35,6.19,6.24,2289213,29374910.00
2012-07-16,6.26,6.32,6.02,6.05,2482564,31312066.00
2012-07-17,6.03,6.15,5.89,6.15,1738411,21404422.00
2012-07-18,6.15,6.40,6.08,6.39,3663462,46949288.00
2012-07-19,6.39,6.52,6.35,6.43,4779110,63210660.00
2012-07-20,6.43,6.67,6.38,6.51,5179296,69245400.00
2012-07-23,6.39,6.64,6.35,6.42,3667115,48586120.00
2012-07-24,6.38,6.61,6.36,6.53,3065284,40820156.00
2012-07-25,6.50,6.56,6.38,6.41,2417227,31984328.00
2012-07-26,6.41,6.53,6.38,6.41,1854301,24443976.00
2012-07-27,6.45,6.58,6.39,6.46,2415152,32008410.00
2012-07-30,6.52,6.66,6.47,6.61,4170601,56063128.00
2012-07-31,6.58,6.58,5.93,5.93,6043915,75785216.00
2012-08-01,5.82,6.07,5.82,5.89,3832159,46462140.00
2012-08-02,5.84,5.92,5.60,5.74,3341226,39360560.00
2012-08-03,5.75,6.00,5.66,6.00,1856626,22151192.00
2012-08-06,5.87,6.09,5.87,6.06,2887152,35582740.00
2012-08-07,6.00,6.14,6.00,6.12,3625039,45164948.00
2012-08-08,6.14,6.18,6.04,6.13,2553159,31986946.00
2012-08-09,6.10,6.22,5.95,6.18,4528271,56783520.00
2012-08-10,6.18,6.19,6.03,6.17,3583585,44854200.00
2012-08-13,6.12,6.17,6.03,6.04,2101148,26275178.00
2012-08-14,6.01,6.09,5.85,5.98,3076378,37512632.00
2012-08-15,5.95,5.98,5.85,5.85,2279853,27613898.00
2012-08-16,5.85,5.91,5.81,5.83,1440360,17274296.00
2012-08-17,5.82,5.88,5.75,5.82,1355515,16165136.00
2012-08-20,5.80,5.98,5.76,5.97,1918817,23232934.00
2012-08-21,5.93,6.08,5.93,6.08,2385509,29403262.00
2012-08-22,6.07,6.07,5.91,5.93,1600890,19637386.00
2012-08-23,5.97,5.98,5.83,5.96,1360931,16528763.00
2012-08-24,5.93,6.02,5.83,5.84,2184510,26535564.00
2012-08-27,5.80,5.84,5.67,5.70,1940840,22768302.00
2012-08-28,5.70,5.80,5.70,5.74,858398,10124840.00
2012-08-29,5.70,5.79,5.68,5.76,837936,9871303.00
2012-08-30,5.79,5.79,5.59,5.64,1297022,15090444.00
2012-08-31,5.64,5.72,5.64,5.70,771553,9004208.00
2012-09-03,5.70,5.85,5.65,5.81,1091979,12968778.00
2012-09-04,5.79,5.84,5.74,5.75,646007,7670875.50
2012-09-05,5.73,5.80,5.68,5.76,795005,9363607.00
2012-09-06,5.80,5.85,5.76,5.85,1136124,13539037.00
2012-09-07,5.89,6.08,5.86,5.98,2694073,33135306.00
2012-09-10,6.01,6.04,5.96,6.00,1698157,20876106.00
2012-09-11,6.04,6.04,5.92,5.95,1316051,16093604.00
2012-09-12,6.02,6.05,5.95,6.02,1585808,19479326.00
2012-09-13,6.03,6.03,5.89,5.89,1412942,17257776.00
2012-09-14,5.94,5.97,5.84,5.90,1459686,17687974.00
2012-09-17,5.88,5.92,5.60,5.70,1110470,13101032.00
2012-09-18,5.63,5.72,5.63,5.66,1165060,13569283.00
2012-09-19,5.66,5.70,5.61,5.68,980858,11386740.00
2012-09-20,5.66,5.67,5.38,5.39,2321013,26166984.00
2012-09-21,5.36,5.45,5.25,5.36,1092981,12083664.00
2012-09-24,5.27,5.38,5.17,5.33,958874,10398578.00
2012-09-25,5.20,5.31,5.20,5.25,759959,8204691.00
2012-09-26,5.25,5.27,5.05,5.06,1358344,14324588.00
2012-09-27,5.05,5.23,5.03,5.16,878739,9307311.00
2012-09-28,5.16,5.29,5.13,5.27,970295,10468709.00
2012-10-08,5.30,5.32,5.20,5.23,1170383,12609689.00
2012-10-09,5.23,5.49,5.22,5.42,1883301,20651786.00
2012-10-10,5.39,5.49,5.37,5.45,1328522,14837734.00
2012-10-11,5.44,5.44,5.30,5.31,1274196,14056097.00
2012-10-12,5.31,5.37,5.25,5.30,1197843,13082943.00
2012-10-15,5.30,5.32,5.18,5.22,770377,8262696.00
2012-10-16,5.25,5.38,5.22,5.25,1128976,12273844.00
2012-10-17,5.26,5.57,5.26,5.51,4158622,46780504.00
2012-10-18,5.50,5.61,5.46,5.59,2857976,32599022.00
2012-10-19,5.50,5.61,5.50,5.54,1457717,16644839.00
2012-10-22,5.53,5.58,5.44,5.55,1182920,13374846.00
2012-10-23,5.56,5.58,5.45,5.47,1021610,11542380.00
2012-10-24,5.43,5.60,5.40,5.56,1296135,14684863.00
2012-10-25,5.54,5.65,5.48,5.48,1373686,15625843.00
2012-10-26,5.49,5.55,5.26,5.31,1200710,13251247.00
2012-10-29,5.28,5.33,5.09,5.30,1308476,14077219.00
2012-10-30,5.29,5.41,5.24,5.39,1056195,11642926.00
2012-10-31,5.38,5.39,5.25,5.35,554882,6057297.00
2012-11-01,5.37,5.56,5.32,5.52,1249211,14084092.00
2012-11-02,5.49,5.56,5.44,5.52,681909,7725004.50
2012-11-05,5.52,5.54,5.41,5.45,448316,5033970.50
2012-11-06,5.50,5.55,5.32,5.54,912980,10146340.00
2012-11-07,5.53,5.56,5.46,5.49,702657,7978141.50
2012-11-08,5.45,5.48,5.25,5.25,1154611,12696794.00
2012-11-09,5.25,5.30,5.19,5.25,682139,7336908.50
2012-11-12,5.23,5.32,5.18,5.25,596301,6407838.50
2012-11-13,5.21,5.24,5.09,5.20,1023105,10829806.00
2012-11-14,5.19,5.30,5.14,5.30,842888,9056269.00
2012-11-15,5.24,5.35,5.20,5.30,894893,9725853.00
2012-11-16,5.23,5.28,5.16,5.27,404510,4338886.50
2012-11-19,5.32,5.33,5.16,5.29,376451,4070393.75
2012-11-20,5.29,5.33,5.25,5.28,439911,4786274.00
2012-11-21,5.30,5.32,5.21,5.29,444984,4825301.00
2012-11-22,5.30,5.30,5.22,5.22,264900,2853820.50
2012-11-23,5.19,5.28,5.19,5.27,452101,4875974.00
2012-11-26,5.28,5.28,5.17,5.26,421300,4529587.00
2012-11-27,5.22,5.22,4.99,5.08,646376,6765791.50
2012-11-28,4.99,5.00,4.89,4.99,463610,4723727.50
2012-11-29,4.98,5.00,4.90,4.93,351268,3567981.00
2012-11-30,4.90,4.98,4.86,4.94,357364,3631493.00
2012-12-03,4.91,4.94,4.73,4.88,581523,5814712.50
2012-12-04,4.81,5.00,4.77,4.95,657935,6644058.50
2012-12-05,4.93,5.28,4.92,5.16,1527741,16315579.00
2012-12-06,5.14,5.21,5.04,5.09,319702,3355373.00
2012-12-07,5.09,5.23,5.06,5.23,779005,8299549.50
2012-12-10,5.23,5.31,5.19,5.28,769563,8343118.00
2012-12-11,5.23,5.38,5.22,5.33,1142091,12473309.00
2012-12-12,5.30,5.33,5.21,5.26,570173,6166060.00
2012-12-13,5.23,5.26,5.15,5.16,407003,4345168.00
2012-12-14,5.17,5.38,5.17,5.35,1294760,14192886.00
2012-12-17,5.36,5.38,5.29,5.32,1350883,14796789.00
2012-12-18,5.30,5.41,5.29,5.31,1226080,13523889.00
2012-12-19,5.29,5.37,5.26,5.27,861984,9389809.00
2012-12-20,5.25,5.31,5.18,5.31,929931,10042930.00
2012-12-21,5.32,5.50,5.30,5.46,2425619,27063962.00
2012-12-24,5.50,5.50,5.35,5.39,1305008,14451119.00
2012-12-25,5.39,5.65,5.38,5.56,2207428,25039210.00
2012-12-26,5.57,5.59,5.52,5.59,1396912,15936040.00
2012-12-27,5.59,5.63,5.44,5.45,1494308,16926210.00
2012-12-28,5.46,5.49,5.40,5.46,1184380,13234022.00
2012-12-31,5.46,5.67,5.44,5.66,2041594,23294128.00
2013-01-04,5.68,5.71,5.48,5.52,1253619,14312479.00
2013-01-07,5.54,5.58,5.50,5.56,808551,9194152.00
2013-01-08,5.56,5.83,5.51,5.71,2387893,27715772.00
2013-01-09,5.70,5.99,5.70,5.94,4305135,52011232.00
2013-01-10,5.93,6.02,5.86,5.87,1967522,23897736.00
2013-01-11,5.85,6.03,5.80,5.85,1683390,20354954.00
2013-01-14,5.85,6.17,5.80,6.09,3256977,40300296.00
2013-01-15,6.10,6.21,6.07,6.11,2410350,30326218.00
2013-01-16,6.10,6.13,5.94,6.02,1765764,21814108.00
2013-01-17,5.98,6.05,5.90,5.93,916146,11188336.00
2013-01-18,5.93,6.03,5.93,6.00,1265797,15513737.00
2013-01-21,6.00,6.25,5.97,6.23,2676739,33741336.00
2013-01-22,6.20,6.22,6.08,6.11,1737954,21827156.00
2013-01-23,6.05,6.13,5.89,5.98,1366382,16830422.00
2013-01-24,6.09,6.23,5.93,6.01,1901016,23678824.00
2013-01-25,6.01,6.05,5.89,6.04,1143515,13966371.00
2013-01-28,6.00,6.24,5.94,6.19,1989552,25076138.00
2013-01-29,6.19,6.40,6.16,6.35,2858340,37081524.00
2013-01-30,6.35,6.43,6.30,6.35,1934871,25154302.00
2013-01-31,6.36,6.38,6.30,6.37,1521650,19764740.00
2013-02-01,6.40,6.60,6.35,6.38,2314872,30639636.00
2013-02-04,6.38,6.40,6.19,6.21,1428936,18275616.00
2013-02-05,6.18,6.31,6.18,6.22,917348,11743419.00
2013-02-06,6.22,6.29,6.22,6.27,924447,11842165.00
2013-02-07,6.28,6.32,6.23,6.27,666133,8551532.00
2013-02-08,6.27,6.59,6.26,6.55,1758498,23190872.00
2013-02-18,6.57,6.59,6.49,6.50,1069111,14258252.00
2013-02-19,6.50,6.54,6.36,6.40,1080830,14175249.00
2013-02-20,6.35,6.53,6.34,6.50,1394146,18331684.00
2013-02-21,6.43,6.52,6.28,6.36,1922416,25104496.00
2013-02-22,6.36,6.36,6.26,6.26,751213,9699200.00
2013-02-25,6.26,6.31,6.18,6.26,983372,12550372.00
2013-02-26,6.35,6.35,6.08,6.15,1475088,18841366.00
2013-02-27,6.12,6.20,6.06,6.17,1205428,15163332.00
2013-02-28,6.20,6.26,6.10,6.25,870091,11046680.00
2013-03-01,6.24,6.33,6.22,6.33,1649855,21152712.00
2013-03-04,6.35,6.50,6.08,6.15,2604222,33386098.00
2013-03-05,6.16,6.33,6.03,6.26,1619861,20569164.00
2013-03-06,6.23,6.48,6.23,6.45,2883497,37714308.00
2013-03-07,6.43,6.54,6.33,6.42,1963939,25825266.00
2013-03-08,6.40,6.49,6.30,6.37,1502761,19611228.00
2013-03-11,6.37,6.37,6.21,6.26,1680002,21669212.00
2013-03-12,6.26,6.27,6.04,6.11,986926,12406770.00
2013-03-13,6.08,6.15,6.04,6.14,460391,5753999.00
2013-03-14,6.13,6.16,6.05,6.08,546663,6834916.50
2013-03-15,6.01,6.26,6.01,6.20,881620,11120230.00
2013-03-18,6.19,6.19,6.07,6.10,374443,4684519.00
2013-03-19,6.08,6.10,5.95,6.04,551236,6818163.00
2013-03-20,6.07,6.20,6.03,6.17,776679,9715785.00
2013-03-21,6.14,6.21,6.13,6.19,785852,9924689.00
2013-03-22,6.18,6.25,6.12,6.14,633442,7999265.00
2013-03-25,6.08,6.18,6.05,6.06,698004,8716411.00
2013-03-26,6.01,6.06,5.95,6.01,711126,8739481.00
2013-03-27,5.97,6.04,5.96,6.00,402718,4950111.00
2013-03-28,5.99,5.99,5.76,5.77,819958,9847062.00
2013-03-29,5.76,5.88,5.76,5.86,490068,5875902.00
2013-04-01,5.77,6.10,5.76,6.07,792257,9789922.00
2013-04-02,6.14,6.15,5.90,5.91,571746,7026400.50
2013-04-03,5.89,5.95,5.83,5.85,315313,3799541.25
2013-04-08,5.85,6.03,5.45,6.03,535610,6407068.50
2013-04-09,6.03,6.19,5.93,5.96,1056943,13107290.00
2013-04-10,5.93,6.03,5.75,5.82,558197,6700250.00
2013-04-11,5.78,5.94,5.78,5.83,229634,2762213.50
2013-04-12,5.79,5.93,5.75,5.75,236500,2829803.50
2013-04-15,5.84,5.84,5.65,5.66,382220,4492953.00
2013-04-16,5.60,5.84,5.54,5.77,630332,7301892.00
2013-04-17,5.72,5.81,5.60,5.72,481373,5632684.50
2013-04-18,5.69,5.83,5.68,5.75,473749,5598024.00
2013-04-19,5.74,6.00,5.74,5.94,924841,11248704.00
2013-04-22,5.86,6.15,5.86,6.02,1198372,14768346.00
2013-04-23,6.02,6.08,5.91,5.94,681792,8315285.50
2013-04-24,5.94,6.08,5.86,6.06,1091250,13480450.00
2013-04-25,6.05,6.14,5.97,5.98,1073215,13311398.00
2013-04-26,6.00,6.04,5.90,5.91,423843,5174691.50
2013-05-02,5.90,6.07,5.90,6.05,511239,6290523.50
2013-05-03,6.05,6.25,6.05,6.14,1285141,16205403.00
2013-05-06,6.15,6.24,6.15,6.19,910404,11581890.00
2013-05-07,6.19,6.19,6.10,6.13,673374,8470951.00
2013-05-08,6.13,6.30,6.11,6.30,1690610,21554858.00
2013-05-09,6.26,6.33,6.15,6.23,1375113,17544842.00
2013-05-10,6.20,6.26,6.17,6.24,951816,12110234.00
2013-05-13,6.23,6.29,6.18,6.21,885801,11298150.00
2013-05-14,6.20,6.21,6.05,6.15,1072227,13412980.00
2013-05-15,6.10,6.18,6.07,6.17,974819,12199828.00
2013-05-16,6.17,6.28,6.12,6.21,1020342,13025980.00
2013-05-17,6.16,6.28,6.11,6.25,1803557,22919024.00
2013-05-20,6.28,6.54,6.24,6.51,3446811,45183552.00
2013-05-21,6.50,6.50,6.39,6.45,2399042,31573366.00
2013-05-22,6.45,6.55,6.28,6.29,2216809,28997296.00
2013-05-23,6.28,6.38,6.18,6.20,1462555,18804902.00
2013-05-24,6.20,6.27,6.13,6.24,1377943,17490456.00
2013-05-27,6.23,6.29,6.15,6.28,1703252,21635330.00
2013-05-28,6.26,6.29,6.18,6.25,1099678,14027635.00
2013-05-29,6.24,6.27,6.17,6.21,1548226,19717388.00
2013-05-30,6.20,6.28,6.13,6.26,1169786,14855910.00
2013-05-31,6.26,6.36,6.22,6.24,2101145,27044204.00
2013-06-03,6.20,6.22,6.10,6.13,1351635,17067736.00
2013-06-04,6.13,6.17,5.96,6.03,1048940,13073123.00
2013-06-05,5.99,6.05,5.92,6.00,1089434,13345713.00
2013-06-06,5.94,5.99,5.84,5.86,1048300,12686050.00
2013-06-07,5.84,5.93,5.78,5.81,957920,11508973.00
2013-06-13,5.80,5.80,5.46,5.66,997309,11501491.00
2013-06-14,5.63,5.72,5.60,5.72,708500,8259299.50
2013-06-17,5.68,5.73,5.64,5.64,417812,4873208.00
2013-06-18,5.71,5.71,5.60,5.65,415708,4812437.00
2013-06-19,5.65,5.65,5.41,5.52,1066709,12023472.00
2013-06-20,5.48,5.52,5.33,5.34,579640,6452197.00
2013-06-21,5.33,5.37,5.20,5.33,427210,4587147.00
2013-06-24,5.33,5.33,4.97,5.03,672106,7081794.00
2013-06-25,5.03,5.14,4.69,5.12,981050,9947461.00
2013-06-26,5.13,5.18,5.06,5.14,522018,5446230.00
2013-06-27,5.15,5.19,4.99,5.02,679636,7073785.00
2013-06-28,4.88,5.10,4.87,5.03,464160,4738799.50
2013-07-01,5.03,5.09,5.00,5.09,381035,3926519.50
2013-07-02,5.10,5.14,5.04,5.09,948637,9841974.00
2013-07-03,5.08,5.08,4.87,4.97,951155,9562114.00
2013-07-04,4.93,5.25,4.88,5.03,1979473,20406076.00
2013-07-05,5.05,5.10,5.00,5.01,1412840,14542353.00
2013-07-08,4.92,4.92,4.78,4.78,1613097,15938522.00
2013-07-09,4.65,4.65,4.32,4.48,4332493,39521136.00
2013-07-10,4.42,4.61,4.38,4.61,2193773,20223790.00
2013-07-11,4.61,4.83,4.55,4.75,2056884,19795032.00
2013-07-12,4.74,4.78,4.64,4.65,1884536,18066978.00
2013-07-15,4.62,4.70,4.59,4.66,2173603,20669618.00
2013-07-16,4.67,4.74,4.58,4.70,3270375,31112498.00
2013-07-17,4.68,4.70,4.52,4.59,3822457,35979312.00
2013-07-18,4.58,4.60,4.39,4.50,3430559,31357860.00
2013-07-19,4.48,4.63,4.45,4.49,2838853,26300244.00
2013-07-22,4.49,4.58,4.41,4.58,2292200,21204152.00
2013-07-23,4.61,4.70,4.57,4.69,2948546,27958284.00
2013-07-24,4.71,4.71,4.54,4.63,2229098,21004198.00
2013-07-25,4.65,4.65,4.52,4.59,1686841,15720986.00
2013-07-26,4.57,4.60,4.48,4.54,1256744,11638674.00
2013-07-29,4.50,4.52,4.46,4.48,1191777,10905655.00
2013-07-30,4.51,4.53,4.45,4.47,3247480,29646912.00
2013-07-31,4.43,4.48,4.42,4.44,1720294,15650295.00
2013-08-01,4.44,4.55,4.40,4.53,2163606,19883452.00
2013-08-02,4.55,4.56,4.50,4.53,2397599,22217410.00
2013-08-05,4.54,4.76,4.52,4.75,6069661,57765432.00
2013-08-06,4.76,4.78,4.67,4.74,4424645,42765120.00
2013-08-07,4.73,4.80,4.70,4.71,3001674,29077382.00
2013-08-08,4.71,4.79,4.69,4.72,2692395,26110726.00
2013-08-09,4.72,4.77,4.66,4.75,2152719,20718902.00
2013-08-12,4.75,4.89,4.75,4.85,3184146,31420624.00
2013-08-13,4.85,4.87,4.80,4.84,2344968,23101304.00
2013-08-14,4.82,4.94,4.82,4.89,3178843,31730276.00
2013-08-15,4.88,4.92,4.83,4.83,1951041,19374614.00
2013-08-16,4.80,4.88,4.65,4.65,2313294,22441130.00
2013-08-19,4.60,4.72,4.50,4.70,2042206,19316732.00
2013-08-20,4.70,4.74,4.61,4.65,1473788,14055347.00
2013-08-21,4.65,4.66,4.57,4.64,2162816,20332962.00
2013-08-22,4.63,4.65,4.58,4.61,1527251,14405429.00
2013-08-23,4.61,4.64,4.49,4.53,3022595,28220290.00
2013-08-26,4.55,4.63,4.51,4.63,3484846,32471324.00
2013-08-27,4.63,4.67,4.58,4.67,2807170,26463076.00
2013-08-28,4.64,4.68,4.60,4.65,3257182,30849590.00
2013-08-29,4.65,4.78,4.65,4.77,4204121,40457544.00
2013-08-30,4.76,4.76,4.64,4.65,3177880,30496594.00
2013-09-02,4.63,4.67,4.57,4.66,1987535,18761816.00
2013-09-03,4.66,4.76,4.65,4.74,2797405,27014724.00
2013-09-04,4.75,4.81,4.73,4.78,3018101,29372878.00
2013-09-05,4.78,4.78,4.70,4.72,2441321,23547686.00
2013-09-06,4.72,4.76,4.70,4.73,2232430,21572110.00
2013-09-09,4.74,4.85,4.74,4.82,3615131,35368992.00
2013-09-10,4.83,4.88,4.78,4.87,3924235,38708224.00
2013-09-11,4.92,4.92,4.81,4.86,3549804,35272356.00
2013-09-12,4.85,4.95,4.83,4.94,3056078,30513706.00
2013-09-13,4.94,4.99,4.90,4.91,3157084,31742346.00
2013-09-16,4.91,4.95,4.83,4.85,2727212,27229490.00
2013-09-17,4.83,4.86,4.76,4.76,2051398,20088802.00
2013-09-18,4.75,4.81,4.75,4.81,1190307,11608073.00
2013-09-23,4.81,4.84,4.76,4.84,2220445,21739860.00
2013-09-24,4.84,4.84,4.74,4.76,2174535,21200110.00
2013-09-25,4.76,4.76,4.69,4.69,2365450,22836650.00
2013-09-26,4.67,4.77,4.66,4.71,2010215,19329178.00
2013-09-27,4.70,4.70,4.63,4.66,1419803,13520342.00
2013-09-30,4.69,4.69,4.64,4.66,898540,8546428.00
2013-10-08,4.65,4.75,4.63,4.73,1423618,13679458.00
2013-10-09,4.73,4.80,4.71,4.80,1674142,16239331.00
2013-10-10,4.80,4.83,4.74,4.75,1503736,14644068.00
2013-10-11,4.75,4.82,4.74,4.81,2361267,23092238.00
2013-10-14,4.81,4.85,4.80,4.81,2742455,26982252.00
2013-10-15,4.81,4.91,4.79,4.89,3762108,37227804.00
2013-10-16,4.88,4.93,4.78,4.80,3513523,34726700.00
2013-10-17,4.80,4.88,4.79,4.84,1836196,18105316.00
2013-10-18,4.84,4.91,4.81,4.88,2658256,26427026.00
2013-10-21,4.88,5.16,4.88,5.06,6263235,64241688.00
2013-10-22,5.06,5.06,4.94,4.98,4186356,42596504.00
2013-10-23,4.97,4.99,4.76,4.76,4532011,44786844.00
2013-10-24,4.75,4.79,4.70,4.71,2277951,22037040.00
2013-10-25,4.70,4.74,4.64,4.64,2047059,19555828.00
2013-10-28,4.64,4.69,4.62,4.66,1173093,11128405.00
2013-10-29,4.62,4.65,4.27,4.39,3470901,31613300.00
2013-10-30,4.37,4.41,4.35,4.40,1539232,13794366.00
2013-10-31,4.39,4.42,4.33,4.35,1543029,13730233.00
2013-11-01,4.30,4.39,4.28,4.35,1068235,9458265.00
2013-11-04,4.37,4.39,4.35,4.37,949604,8494523.00
2013-11-05,4.36,4.48,4.35,4.48,1782853,16098176.00
2013-11-06,4.47,4.47,4.39,4.40,1356718,12270068.00
2013-11-07,4.38,4.41,4.31,4.32,1441742,12832565.00
2013-11-08,4.31,4.33,4.27,4.29,1049194,9214025.00
2013-11-11,4.29,4.36,4.29,4.35,910734,8067585.50
2013-11-12,4.37,4.37,4.29,4.33,1568100,13859000.00
2013-11-13,4.34,4.34,4.25,4.26,1296389,11361200.00
2013-11-14,4.25,4.32,4.22,4.32,1218607,10671695.00
2013-11-15,4.31,4.44,4.30,4.41,2349755,21084552.00
2013-11-18,4.41,4.49,4.39,4.48,2080556,18952582.00
2013-11-19,4.49,4.49,4.43,4.45,1643168,14984273.00
2013-11-20,4.48,4.48,4.42,4.48,1532325,13942958.00
2013-11-21,4.47,4.54,4.43,4.54,2148555,19659892.00
2013-11-22,5.01,5.01,5.01,5.01,3913311,39954904.00
2013-11-25,5.20,5.20,4.84,4.93,16784239,171503744.00
2013-11-26,4.80,5.01,4.79,4.90,8179000,81770480.00
2013-11-27,4.84,4.92,4.75,4.86,5297863,52279652.00
2013-11-28,4.88,5.13,4.87,4.98,9419224,96111280.00
2013-11-29,4.93,5.03,4.91,4.94,5373503,54310904.00
2013-12-02,4.75,4.90,4.64,4.65,5271858,51176300.00
2013-12-03,4.60,5.08,4.58,4.98,5917307,58462776.00
2013-12-04,5.02,5.19,4.98,5.06,10829326,112441248.00
2013-12-05,5.04,5.10,4.94,5.01,4903920,50249184.00
2013-12-06,5.01,5.07,4.91,5.03,3704834,37690096.00
2013-12-09,4.99,5.38,4.99,5.31,11414474,121048496.00
2013-12-10,5.27,5.33,5.16,5.23,6835228,72927072.00
2013-12-11,5.17,5.22,5.10,5.20,3862759,40596264.00
2013-12-12,5.18,5.26,5.13,5.15,3251932,34361636.00
2013-12-13,5.10,5.13,5.02,5.10,3681954,38109912.00
2013-12-16,5.13,5.19,4.99,5.01,2984210,30813256.00
2013-12-17,5.00,5.05,4.87,4.89,2799782,28233182.00
2013-12-18,4.90,4.95,4.84,4.85,1862834,18609312.00
2013-12-19,4.87,4.94,4.83,4.83,1723851,17184702.00
2013-12-20,4.84,4.94,4.81,4.92,2213547,22000900.00
2013-12-23,4.91,4.97,4.74,4.92,2058763,20553666.00
2013-12-24,4.89,5.03,4.88,4.97,2403350,24274276.00
2013-12-25,4.90,4.97,4.89,4.94,2427109,24354044.00
2013-12-26,4.90,4.90,4.68,4.69,3528434,34470992.00
2013-12-27,4.70,4.77,4.65,4.75,2364422,22761554.00
2013-12-30,4.76,4.82,4.75,4.77,1574301,15362002.00
2013-12-31,4.78,4.78,4.69,4.75,1364002,13191700.00
2014-01-02,4.75,4.83,4.72,4.81,1266077,12362786.00
2014-01-03,4.81,4.81,4.73,4.75,1587531,15402588.00
2014-01-06,4.70,4.71,4.54,4.57,1677037,15818100.00
2014-01-07,4.56,4.64,4.51,4.59,1145377,10749706.00
2014-01-08,4.59,4.65,4.54,4.61,1498555,14041960.00
2014-01-09,4.55,4.64,4.45,4.50,1429233,13318188.00
2014-01-10,4.48,4.49,4.33,4.35,1394190,12477328.00
2014-01-13,4.36,4.41,4.33,4.36,724707,6469093.50
2014-01-14,4.37,4.47,4.37,4.47,1096627,9908462.00
2014-01-15,4.46,4.53,4.40,4.52,1715763,15646823.00
2014-01-16,4.48,4.52,4.46,4.50,1021715,9387718.00
2014-01-17,4.50,4.52,4.42,4.43,898476,8190740.00
2014-01-20,4.46,4.57,4.43,4.48,1408010,12934446.00
2014-01-21,4.49,4.52,4.45,4.51,909533,8342672.00
2014-01-22,4.51,4.60,4.50,4.59,1501620,13992438.00
2014-01-23,4.57,4.61,4.55,4.59,1430212,13370990.00
2014-01-24,4.55,4.60,4.54,4.60,4236673,39484952.00
2014-01-27,4.56,4.56,4.48,4.48,1797827,16616820.00
2014-01-28,4.50,4.53,4.44,4.49,1102376,10111112.00
2014-01-29,4.50,4.58,4.49,4.57,1132759,10514012.00
2014-01-30,4.56,4.56,4.48,4.49,1276415,11794467.00
2014-02-07,4.51,4.61,4.44,4.61,1460541,13546511.00
2014-02-10,4.61,4.75,4.59,4.70,3675312,35148364.00
2014-02-11,4.70,4.75,4.65,4.68,2529806,24249910.00
2014-02-12,4.69,4.83,4.69,4.80,3614658,35272708.00
2014-02-13,4.78,4.87,4.75,4.77,3458707,34012756.00
2014-02-14,4.78,4.83,4.73,4.83,3446159,33619352.00
2014-02-17,4.84,4.88,4.80,4.88,4095385,40525688.00
2014-02-18,4.90,4.91,4.79,4.83,3478122,34304980.00
2014-02-19,4.82,4.85,4.75,4.80,2820543,27651124.00
2014-02-20,4.80,4.92,4.71,4.72,2508053,24504018.00
2014-02-21,4.71,4.74,4.63,4.69,2058111,19724458.00
2014-02-24,4.70,4.73,4.60,4.72,1855714,17648622.00
2014-02-25,4.70,4.78,4.50,4.54,2824795,26947362.00
2014-02-26,4.52,4.55,4.36,4.52,1964412,17970382.00
2014-02-27,4.52,4.58,4.43,4.44,1755674,16112720.00
2014-02-28,4.48,4.53,4.43,4.52,1157662,10611520.00
2014-03-03,4.52,4.59,4.50,4.57,1502405,13992195.00
2014-03-04,4.55,4.64,4.51,4.64,1869371,17487470.00
2014-03-05,4.64,4.68,4.52,4.55,1486252,13977282.00
2014-03-06,4.54,4.65,4.45,4.61,1568224,14501827.00
2014-03-07,4.59,4.63,4.51,4.54,1303411,12152707.00
2014-03-10,4.54,4.54,4.36,4.39,1709213,15458287.00
2014-03-11,4.36,4.42,4.36,4.42,1058847,9501752.00
2014-03-12,4.42,4.43,4.34,4.40,1018863,9142054.00
2014-03-14,4.34,4.34,4.25,4.30,2701526,23722922.00
2014-03-17,4.31,4.41,4.29,4.41,2188245,19440150.00
2014-03-18,4.40,4.45,4.37,4.40,1340180,12065739.00
2014-03-19,4.39,4.50,4.38,4.47,1808048,16400940.00
2014-03-20,4.45,4.49,4.33,4.33,1448454,13106845.00
2014-03-21,4.31,4.45,4.30,4.44,1648095,14747762.00
2014-03-24,4.42,4.51,4.40,4.46,1830855,16704776.00
2014-03-25,4.47,4.54,4.47,4.50,1689163,15545286.00
2014-03-26,4.48,4.51,4.45,4.46,1221283,11159513.00
2014-03-27,4.46,4.46,4.38,4.40,2004579,18062066.00
2014-03-28,4.39,4.40,4.34,4.35,1146431,10227843.00
2014-03-31,4.35,4.37,4.31,4.34,937022,8306556.50
2014-04-01,4.35,4.40,4.33,4.40,714799,6393465.00
2014-04-02,4.40,4.53,4.40,4.47,2228674,20329832.00
2014-04-03,4.47,4.47,4.42,4.43,996302,9039178.00
2014-04-04,4.42,4.48,4.42,4.48,1186791,10803402.00
2014-04-08,4.47,4.51,4.45,4.50,1706952,15639636.00
2014-04-09,4.50,4.53,4.48,4.52,1701105,15658142.00
2014-04-10,4.52,4.52,4.48,4.49,1824520,16760124.00
2014-04-11,4.49,4.49,4.41,4.43,1517852,13758189.00
2014-04-14,4.43,4.49,4.42,4.49,1188774,10829082.00
2014-04-15,4.49,4.49,4.43,4.44,1057140,9619608.00
2014-04-16,4.44,4.51,4.43,4.49,1422399,12998503.00
2014-04-17,4.49,4.51,4.46,4.47,1158480,10597742.00
2014-04-18,4.47,4.51,4.45,4.50,1521055,13947616.00
2014-04-21,4.48,4.54,4.46,4.46,2159519,19883304.00
2014-04-22,4.46,4.48,4.35,4.41,1566223,13945330.00
2014-04-23,4.39,4.43,4.38,4.40,636733,5673518.50
2014-04-24,4.39,4.44,4.37,4.38,958920,8543063.00
2014-04-25,4.38,4.40,4.22,4.23,1583360,13774789.00
2014-04-28,4.23,4.25,4.07,4.08,1199400,10034072.00
2014-04-29,4.07,4.13,4.06,4.13,589091,4894226.00
2014-04-30,4.16,4.19,4.11,4.18,627140,5263793.50
2014-05-05,4.16,4.20,4.10,4.19,820596,6864446.50
2014-05-06,4.19,4.24,4.17,4.19,837757,7109164.50
2014-05-07,4.19,4.19,4.08,4.10,1011366,8426134.00
2014-05-08,4.07,4.17,4.07,4.10,685463,5715515.00
2014-05-09,4.08,4.11,4.05,4.08,757223,6242025.00
2014-05-12,4.09,4.21,4.09,4.20,1323025,11125354.00
2014-05-13,4.20,4.22,4.15,4.17,892992,7543779.50
2014-05-14,4.18,4.19,4.16,4.18,614411,5188792.50
2014-05-15,4.18,4.21,4.09,4.11,1053037,8845313.00
2014-05-16,4.09,4.13,4.06,4.11,862742,7135139.00
2014-05-19,4.11,4.13,4.07,4.12,469532,3884203.00
2014-05-20,4.13,4.16,4.09,4.12,653185,5457376.50
2014-05-21,4.11,4.16,4.09,4.16,556370,4659070.50
2014-05-22,4.15,4.20,4.12,4.13,828998,6967390.00
2014-05-23,4.11,4.16,4.11,4.16,489338,4095365.75
2014-05-26,4.17,4.20,4.16,4.19,891598,7536635.00
2014-05-27,4.20,4.20,4.15,4.17,704520,5938537.50
2014-05-28,4.16,4.19,4.13,4.19,772182,6503163.00
2014-05-29,4.18,4.19,4.11,4.11,791440,6637069.00
2014-05-30,4.12,4.13,4.08,4.12,626545,5201319.50
2014-06-03,4.12,4.16,4.12,4.13,580382,4857880.50
2014-06-04,4.14,4.14,4.09,4.09,551600,4576207.50
2014-06-05,4.09,4.13,4.08,4.13,606877,5039286.00
2014-06-06,4.13,4.15,4.10,4.13,685547,5718751.50
2014-06-09,4.14,4.15,4.10,4.11,616966,5148541.00
2014-06-10,4.12,4.15,4.09,4.14,769141,6427788.00
2014-06-11,4.15,4.18,4.13,4.18,1103195,9269118.00
2014-06-12,4.16,4.21,4.15,4.19,1370731,11616924.00
2014-06-13,4.18,4.23,4.17,4.21,1161028,9876679.00
2014-06-16,4.22,4.22,4.18,4.20,956296,8132927.00
2014-06-17,4.20,4.21,4.16,4.17,780900,6594472.00
2014-06-18,4.16,4.20,4.13,4.14,853865,7191006.00
2014-06-19,4.12,4.15,4.05,4.06,761984,6321688.50
2014-06-20,4.06,4.11,4.05,4.11,606216,5002836.50
2014-06-23,4.12,4.14,4.11,4.11,492495,4104606.25
2014-06-24,4.11,4.14,4.10,4.13,478041,3989283.25
2014-06-25,4.13,4.14,4.09,4.14,619278,5162825.00
2014-06-26,4.13,4.20,4.13,4.18,1052928,8904566.00
2014-06-27,4.18,4.22,4.16,4.20,1254161,10648760.00
2014-06-30,4.20,4.28,4.19,4.25,1612736,13855051.00
2014-07-01,4.25,4.27,4.22,4.26,1298126,11146343.00
2014-07-02,4.26,4.28,4.20,4.26,1499859,12862398.00
2014-07-03,4.25,4.30,4.25,4.28,1744753,15094191.00
2014-07-04,4.26,4.29,4.26,4.28,1093551,9448026.00
2014-07-07,4.28,4.30,4.22,4.26,1257837,10809301.00
2014-07-08,4.25,4.27,4.20,4.27,1227675,10528556.00
2014-07-09,4.27,4.27,4.20,4.21,1125306,9634276.00
2014-07-10,4.22,4.25,4.21,4.22,895677,7663706.00
2014-07-11,4.22,4.30,4.22,4.29,1625879,14024248.00
2014-07-14,4.29,4.38,4.28,4.38,2611596,22973812.00
2014-07-15,4.36,4.39,4.32,4.38,1521787,13387092.00
2014-07-16,4.37,4.41,4.33,4.35,1287461,11364149.00
2014-07-17,4.37,4.37,4.29,4.31,1108345,9684389.00
2014-07-18,4.31,4.36,4.30,4.34,760204,6665110.00
2014-07-21,4.33,4.40,4.32,4.40,1396196,12318350.00
2014-07-22,4.38,4.43,4.38,4.40,1506350,13417936.00
2014-07-23,4.40,4.44,4.34,4.35,1287242,11408562.00
2014-07-24,4.35,4.39,4.32,4.39,1542803,13576944.00
2014-07-25,4.40,4.57,4.38,4.55,5226226,47704880.00
2014-07-28,4.56,4.62,4.53,4.62,4559143,42221248.00
2014-07-29,4.62,4.67,4.59,4.63,3776283,35248144.00
2014-07-30,4.63,4.63,4.58,4.62,1623209,15098467.00
2014-07-31,4.62,4.83,4.62,4.80,4517154,43235076.00
2014-08-01,4.81,4.90,4.76,4.81,5515193,53798444.00
2014-08-04,4.81,4.91,4.78,4.90,3362615,32963994.00
2014-08-05,4.90,4.92,4.87,4.89,3922217,38800984.00
2014-08-06,4.89,5.00,4.88,5.00,4496782,45087996.00
2014-08-07,5.00,5.10,4.94,4.96,6294838,63621456.00
2014-08-08,4.92,4.98,4.87,4.89,2652479,26263662.00
2014-08-11,4.90,5.26,4.90,5.22,6496881,66539772.00
2014-08-12,5.25,5.36,5.19,5.22,6295525,67133480.00
2014-08-13,5.23,5.26,5.14,5.19,2905844,30394876.00
2014-08-14,5.19,5.30,5.19,5.24,4170845,44283992.00
2014-08-15,5.24,5.34,5.24,5.33,3555652,38047556.00
2014-08-18,5.25,5.50,5.25,5.42,5369871,58465360.00
2014-08-19,5.45,5.48,5.28,5.29,3235784,35190456.00
2014-08-20,5.34,5.45,5.31,5.43,2339633,25416942.00
2014-08-21,5.37,5.41,5.30,5.30,2982330,32181166.00
2014-08-22,5.28,5.40,5.26,5.38,2200406,23812054.00
2014-08-25,5.40,5.50,5.33,5.44,2005378,21875414.00
2014-08-26,5.38,5.46,5.23,5.24,2436496,26099294.00
2014-08-27,5.25,5.32,5.24,5.25,1016367,10815226.00
2014-08-28,5.28,5.38,5.20,5.30,2452228,26209660.00
2014-08-29,5.30,5.45,5.28,5.39,4923981,53200776.00
2014-09-01,5.39,5.46,5.32,5.45,4342824,47370232.00
2014-09-02,5.45,5.49,5.42,5.49,2550207,28074732.00
2014-09-03,5.59,5.60,5.49,5.53,3730515,41643748.00
2014-09-04,5.60,5.60,5.43,5.52,5943812,65795524.00
2014-09-05,5.48,5.73,5.48,5.70,4774215,54258536.00
2014-09-09,5.70,5.78,5.67,5.70,2238087,25791634.00
2014-09-10,5.64,5.73,5.55,5.64,2891011,32839444.00
2014-09-11,5.75,5.88,5.65,5.79,3089215,36078204.00
2014-09-12,5.85,5.87,5.78,5.85,1777178,20866332.00
2014-09-15,5.82,5.91,5.78,5.84,2471758,29147364.00
2014-09-16,5.84,5.85,5.70,5.71,2267168,26410678.00
2014-09-17,5.70,5.75,5.60,5.75,2223451,25439718.00
2014-09-18,5.75,5.86,5.75,5.85,2044392,23993012.00
2014-09-19,5.90,5.91,5.80,5.91,2890738,34240456.00
2014-09-22,5.90,5.90,5.81,5.83,1329634,15660301.00
2014-09-23,5.86,5.88,5.80,5.86,2205276,26002994.00
2014-09-24,5.86,6.03,5.85,5.99,2627433,31607578.00
2014-09-25,6.00,6.14,5.96,6.08,2865357,34862984.00
2014-09-26,6.09,6.10,6.01,6.06,1912523,23367976.00
2014-09-29,6.11,6.12,6.06,6.10,2890040,35478344.00
2014-09-30,6.08,6.32,6.08,6.29,3079182,38769448.00
2014-10-08,6.29,6.30,6.19,6.29,1735090,21893026.00
2014-10-09,6.28,6.48,6.24,6.45,3491226,44798020.00
2014-10-10,6.45,6.54,6.40,6.46,2347596,30604250.00
2014-10-13,6.46,6.48,6.28,6.37,2509162,32127460.00
2014-10-14,6.38,6.55,6.29,6.42,3408811,43735284.00
2014-10-15,6.38,6.40,6.25,6.28,2328882,29688490.00
2014-10-16,6.26,6.38,6.26,6.30,3359043,42806596.00
2014-10-17,6.27,6.31,6.06,6.31,1848304,23112052.00
2014-10-20,6.31,6.43,6.31,6.43,2643619,34022360.00
2014-10-21,6.43,6.43,6.35,6.35,1274708,16383323.00
2014-10-22,6.34,6.36,6.24,6.30,1826432,23259334.00
2014-10-23,6.25,6.30,6.04,6.24,3143126,39035772.00
2014-10-24,6.16,6.42,6.16,6.40,3754760,47785336.00
2014-10-27,6.40,7.04,6.40,6.72,21196362,287194048.00
2014-10-28,6.83,6.89,6.55,6.74,17835751,241143056.00
2014-10-29,6.65,6.78,6.63,6.72,9553694,129186432.00
2014-10-30,6.75,6.83,6.46,6.55,12003487,160980880.00
2014-10-31,6.57,6.70,6.48,6.63,6886642,91657928.00
2014-11-03,6.64,6.72,6.52,6.60,7452595,99633360.00
2014-11-04,6.60,6.65,6.45,6.58,4280782,56532796.00
2014-11-05,6.57,6.57,6.32,6.38,6839996,88067392.00
2014-11-06,6.35,6.48,6.35,6.44,4229264,54674104.00
2014-11-07,6.46,6.73,6.46,6.61,7385992,98684080.00
2014-11-10,6.65,6.81,6.59,6.65,5832727,78666104.00
2014-11-11,6.63,6.69,6.50,6.55,4370794,58026788.00
2014-11-12,6.56,6.70,6.45,6.68,3433478,45814940.00
2014-11-13,6.69,6.82,6.60,6.77,5545582,74961336.00
2014-11-14,6.77,6.83,6.68,6.82,3914612,53469636.00
2014-11-17,6.81,7.03,6.77,6.93,6018221,84158160.00
2014-11-18,6.98,7.07,6.86,7.02,5670315,80034984.00
2014-11-19,7.00,7.04,6.76,6.89,4456065,62003356.00
2014-11-20,6.87,6.92,6.82,6.88,2166993,30017030.00
2014-11-21,6.89,6.96,6.84,6.87,3357130,46555520.00
2014-11-24,6.90,7.16,6.85,7.07,7490846,105795080.00
2014-11-25,7.13,7.17,7.01,7.14,3819914,54651504.00
2014-11-26,7.15,7.22,7.10,7.18,3975608,57359180.00
2014-11-27,7.20,7.41,7.18,7.40,6993354,103184256.00
2014-11-28,7.35,7.42,7.25,7.30,4685699,69155000.00
2014-12-01,7.28,7.38,7.15,7.38,6031911,88228608.00
2014-12-02,7.34,7.68,7.31,7.61,5178670,78495472.00
2014-12-03,7.65,8.14,7.60,7.90,10346176,163929280.00
2014-12-04,7.83,7.90,7.80,7.88,5539825,87539392.00
2014-12-05,7.95,7.96,7.46,7.75,8275651,127588224.00
2014-12-08,7.65,7.78,7.42,7.66,9113235,138761296.00
2014-12-09,7.48,7.84,7.47,7.56,6341159,97563048.00
2014-12-10,7.53,8.00,7.48,7.97,9493676,148806992.00
2014-12-11,7.96,8.05,7.85,7.97,5385294,85999344.00
2014-12-12,7.90,8.39,7.90,8.33,9879122,163715408.00
2014-12-15,8.31,8.75,8.31,8.55,8843533,152172336.00
2014-12-16,8.57,8.69,8.40,8.58,4193488,71818856.00
2014-12-17,8.58,8.85,8.29,8.43,5421045,92113200.00
2014-12-18,8.43,8.50,8.30,8.37,4027024,68049520.00
2014-12-19,8.30,8.55,8.30,8.49,5158403,87694720.00
2014-12-22,8.49,8.49,7.64,7.83,10219938,160482720.00
2014-12-23,7.95,8.04,7.30,7.51,12717841,194540080.00
2014-12-24,7.55,8.19,7.38,8.05,14015892,221018048.00
2014-12-25,8.04,8.46,7.97,8.34,16070005,268063216.00
2014-12-26,8.25,8.38,8.11,8.19,7725728,127399200.00
2014-12-29,8.19,8.19,7.97,7.99,4669607,75608480.00
2014-12-30,7.95,7.95,7.39,7.64,7547931,116028264.00
2014-12-31,7.54,7.75,7.40,7.58,4678210,71131992.00
2015-01-05,7.78,7.98,7.60,7.65,6639306,103532424.00
2015-01-06,7.53,7.84,7.39,7.74,8724164,134700864.00
2015-01-07,7.67,8.19,7.66,8.14,13045747,209211568.00
2015-01-08,8.13,8.31,8.06,8.13,8663833,142554928.00
2015-01-22,8.95,8.95,8.86,8.95,14936916,268833216.00
2015-01-23,9.05,9.15,8.33,8.60,28604799,503213760.00
2015-01-26,8.75,9.11,8.73,9.09,25129951,452238976.00
2015-01-27,9.09,9.95,9.09,9.69,23071193,445090400.00
2015-01-28,9.58,9.94,9.51,9.76,18454103,360704576.00
2015-01-29,9.78,9.88,9.55,9.63,10023267,195698080.00
2015-01-30,9.63,9.70,9.18,9.28,12298216,231606640.00
2015-02-02,9.28,9.64,9.16,9.43,11944224,226912944.00
2015-02-03,9.30,9.89,9.28,9.68,17647061,341013920.00
2015-02-04,9.78,10.65,9.70,10.35,28887374,603390656.00
2015-02-05,10.39,11.05,10.27,10.42,22797895,488263616.00
2015-02-06,10.41,11.00,10.34,10.71,18427994,396912448.00
2015-02-09,10.71,10.80,9.89,10.05,14321595,295447968.00
2015-02-10,10.05,10.26,9.97,10.23,10699879,217200352.00
2015-02-11,10.29,10.94,9.97,10.69,12145433,255153728.00
2015-02-12,10.50,10.79,10.38,10.45,9432158,199275728.00
2015-02-13,11.11,11.28,10.01,10.02,27367045,575194240.00
2015-02-16,9.88,10.36,9.75,10.06,18502878,375036736.00
2015-02-17,10.06,10.70,10.01,10.51,15484216,322009408.00
2015-02-25,10.60,10.94,10.49,10.70,12818783,274258112.00
2015-02-26,10.80,10.91,10.30,10.59,13811263,293602048.00
2015-02-27,10.63,11.04,10.35,10.81,19798232,426630240.00
2015-03-02,10.97,11.66,10.38,11.16,64141245,702249920.00
2015-03-03,10.99,11.56,10.84,10.90,47944071,534461856.00
2015-03-04,10.60,11.99,10.60,11.99,65113783,749954176.00
2015-03-05,12.25,13.19,12.12,13.19,101050802,1291124352.00
2015-03-06,13.39,14.18,12.85,13.50,108487749,1463293568.00
2015-03-09,13.51,13.58,12.60,13.01,75617888,989300928.00
2015-03-10,12.88,13.32,12.53,13.12,57746928,749117376.00
2015-03-11,12.81,13.18,12.60,12.68,35507718,454018912.00
2015-03-12,12.58,12.97,12.28,12.46,37139331,468255776.00
2015-03-13,12.57,13.10,12.27,13.04,40266708,512435776.00
2015-03-16,13.28,13.70,13.00,13.50,62154693,827728512.00
2015-03-17,14.00,14.35,13.35,13.50,78152357,1075021568.00
2015-03-18,13.60,13.68,13.31,13.67,46983571,634657536.00
2015-03-19,13.68,13.69,13.32,13.45,45449682,610317888.00
2015-03-20,13.35,13.57,13.25,13.37,44429994,593177792.00
2015-03-23,13.45,14.50,13.32,14.38,81625281,1132957312.00
2015-03-24,14.35,14.45,13.50,14.15,67670787,950306432.00
2015-03-25,14.04,14.94,13.80,14.72,71745268,1032056576.00
2015-03-26,14.40,14.70,13.84,14.00,56529088,802942592.00
2015-03-27,13.90,14.09,13.61,13.89,27808404,384429472.00
2015-03-30,13.80,13.88,13.60,13.75,29864292,409074080.00
2015-03-31,13.75,13.95,13.63,13.80,37396147,515602784.00
2015-04-01,13.90,14.15,13.90,14.01,34359058,481656704.00
2015-04-02,14.10,14.20,13.81,14.02,31982917,446708640.00
2015-04-03,14.00,14.19,13.82,14.13,42100449,591982784.00
2015-04-07,14.21,15.45,14.21,15.12,77466788,1143355904.00
2015-04-08,15.00,15.00,14.20,14.49,58807296,858128448.00
2015-04-09,14.49,14.60,13.44,14.05,35831251,500685568.00
2015-04-10,13.95,14.28,13.68,14.12,25669217,362038816.00
2015-04-13,14.17,14.25,13.80,14.12,30671361,430522368.00
2015-04-14,14.11,14.11,13.80,13.88,25808948,358940864.00
2015-04-15,13.87,13.88,13.08,13.12,25493329,343648832.00
2015-04-16,13.00,13.50,12.48,13.29,19918759,260896912.00
2015-04-17,13.39,13.65,13.32,13.34,19723009,265335104.00
2015-04-20,13.55,13.98,13.38,13.51,30474028,418204544.00
2015-04-21,13.51,13.83,13.38,13.79,22162100,301521376.00
2015-04-22,13.83,14.16,13.70,14.05,33506900,466780224.00
2015-04-23,14.05,14.25,13.80,13.91,30785052,430741088.00
2015-04-24,13.80,14.15,13.61,14.04,31283949,437373344.00
2015-04-27,14.20,14.42,13.92,14.00,29630866,418477472.00
2015-04-28,14.00,14.09,13.37,13.38,24323333,330755264.00
2015-04-29,13.32,13.54,13.10,13.42,11514046,154053296.00
2015-04-30,13.42,13.76,13.41,13.45,14402054,195870368.00
2015-05-04,13.55,13.82,13.47,13.68,14532823,198997824.00
2015-05-05,13.58,13.58,12.90,12.97,16358818,216801120.00
2015-05-06,12.84,13.22,12.48,12.58,13033639,168586688.00
2015-05-07,12.51,12.72,12.00,12.00,13142774,160895104.00
2015-05-08,12.30,12.50,12.20,12.49,13897674,171713664.00
2015-05-11,12.50,13.13,12.50,13.13,16636066,214434672.00
2015-05-12,13.50,13.85,13.08,13.77,30703140,414246816.00
2015-05-13,13.80,14.50,13.78,14.13,55791923,790699584.00
2015-05-14,14.20,14.40,13.76,14.18,40375812,566104192.00
2015-05-15,14.19,14.28,13.85,13.90,27750699,389098272.00
2015-05-18,13.80,13.91,13.50,13.63,23585672,323186592.00
2015-05-19,13.60,14.00,13.60,13.92,22890437,316381440.00
2015-05-20,13.83,14.36,13.77,14.24,50195428,711644352.00
2015-05-21,14.45,15.60,14.40,15.53,71060670,1067171456.00
2015-05-22,15.54,16.37,15.11,15.85,71146707,1125939200.00
2015-05-25,15.80,16.20,15.33,15.85,53680146,850542464.00
2015-05-26,15.86,16.38,15.58,16.35,49717583,800117248.00
2015-05-27,16.40,16.64,15.80,16.03,47948130,770457856.00
2015-05-28,15.96,16.35,14.44,14.45,51888502,808072832.00
2015-05-29,14.41,15.17,13.90,15.15,47646554,697347584.00
2015-06-01,15.50,16.55,15.22,16.22,51258920,823204032.00
2015-06-02,16.25,17.84,15.91,17.84,63085267,1060714496.00
2015-06-03,18.01,19.22,17.51,18.25,61461617,1134981248.00
2015-06-04,18.25,19.10,16.50,18.80,43293624,787952064.00
2015-06-05,19.20,19.26,17.83,18.85,47004424,874759616.00
2015-06-08,18.52,18.70,17.70,17.75,32186645,579907968.00
2015-06-09,17.70,18.70,17.26,18.08,29180576,529530816.00
2015-06-10,17.62,18.45,17.62,18.10,25625638,465059424.00
2015-06-11,18.10,19.76,17.92,19.38,45847481,867805632.00
2015-06-12,19.54,20.58,19.07,19.10,44184535,877392512.00
2015-06-15,19.08,19.79,18.82,19.23,29692105,574562304.00
2015-06-16,19.10,19.98,18.61,19.53,37155743,721630400.00
2015-06-17,19.21,19.40,17.60,18.97,30108910,558180544.00
2015-06-18,19.00,19.04,17.65,17.82,18885883,347401248.00
2015-06-19,17.44,17.45,16.04,16.04,23746379,392826592.00
2015-06-23,15.80,16.46,14.48,15.90,18171500,282415552.00
2015-06-24,16.36,16.51,15.60,16.16,18175800,292302592.00
2015-06-25,16.21,16.40,14.85,15.28,16355918,257762928.00
2015-06-26,14.50,14.78,13.75,13.75,17398114,244370272.00
2015-06-29,14.10,14.39,12.38,12.38,27538018,356017088.00
2015-06-30,11.90,13.48,11.14,13.31,31862202,385894208.00
2015-07-01,13.12,13.98,11.99,12.30,27606117,367455872.00
2015-07-02,12.49,12.93,11.07,11.07,25276998,292932576.00
2015-07-03,10.65,11.80,9.96,10.20,25211799,261023552.00
2015-07-06,11.22,11.22,9.29,10.19,29837975,312985024.00
2015-07-07,9.90,9.96,9.17,9.17,15688727,147096816.00
2015-07-14,10.09,10.09,10.09,10.09,805112,8123580.00
2015-07-15,11.10,11.10,10.51,11.10,30318719,335258368.00
2015-07-16,11.10,12.21,10.58,12.21,64111122,761131584.00
2015-07-17,12.50,13.43,12.21,13.43,34958776,459247456.00
2015-07-20,13.68,14.20,13.05,13.89,28731269,395446848.00
2015-07-21,13.60,14.39,13.30,13.92,28994675,399899936.00
2015-07-22,13.75,15.10,13.60,15.06,35669570,506281888.00
2015-07-23,14.89,15.51,14.58,14.99,32235545,480789408.00
2015-07-24,15.00,15.23,14.02,14.34,23455094,346497920.00
2015-07-27,13.80,14.80,12.91,12.91,28124031,390323296.00
2015-07-28,12.00,14.00,11.66,13.50,28518330,368122496.00
2015-07-29,13.60,14.31,13.50,14.31,21445575,298062688.00
2015-07-30,14.64,15.16,13.70,13.80,24090302,352569728.00
2015-07-31,13.79,14.10,13.50,13.90,12404424,171542320.00
2015-08-03,13.72,13.80,12.51,12.70,16207016,209622432.00
2015-08-04,12.73,13.66,12.73,13.60,15657114,208100928.00
2015-08-05,13.70,13.97,13.20,13.54,16642419,226377216.00
2015-08-06,13.20,13.55,13.10,13.24,8969782,119278528.00
2015-08-07,13.45,13.86,13.38,13.77,12959470,176458224.00
2015-08-10,13.93,14.65,13.86,14.45,16938176,242890864.00
2015-08-11,14.45,14.64,13.93,14.25,27297608,388421344.00
2015-08-12,13.98,14.22,13.79,13.86,13587711,190050032.00
2015-08-13,13.82,14.15,13.67,14.05,11367722,158264176.00
2015-08-14,14.08,14.64,14.00,14.22,18694324,268091360.00
2015-08-17,14.22,14.36,13.80,14.28,14030398,198684992.00
2015-08-18,14.29,14.75,12.91,13.30,22150136,313261376.00
2015-08-19,13.45,14.63,13.45,14.63,42216175,605573376.00
2015-08-20,15.20,16.09,15.08,15.65,65654004,1031098944.00
2015-08-21,15.03,15.50,14.09,14.12,34426096,506305664.00
2015-08-24,13.00,13.35,12.71,12.71,12892470,165234080.00
2015-08-25,11.44,11.98,11.44,11.44,23060028,266074832.00
2015-08-26,11.60,11.68,10.30,10.30,39761419,429732416.00
2015-08-27,10.65,10.99,9.68,10.64,22159447,232409008.00
2015-08-28,10.96,11.70,10.76,11.70,25347804,286074432.00
2015-08-31,11.80,12.20,11.40,11.48,26200032,309356224.00
2015-09-01,11.43,11.43,10.33,10.33,25744828,269717888.00
2015-09-02,9.40,10.74,9.40,9.48,17547733,173452848.00
2015-09-07,9.90,10.29,9.60,9.80,17733847,176337104.00
2015-09-08,9.85,10.49,9.70,10.43,14959913,150643504.00
2015-09-09,10.45,11.40,10.45,11.27,22518499,247996224.00
2015-09-10,10.99,11.49,10.80,10.90,17018516,190446256.00
2015-09-11,10.85,11.21,10.80,11.03,11261637,124085080.00
2015-09-14,11.05,11.15,9.93,9.93,13391832,138590000.00
2015-09-15,9.70,10.01,8.94,8.96,14515367,136048640.00
2015-09-16,9.20,9.86,8.98,9.86,13097370,123098032.00
2015-09-17,10.02,10.27,9.65,9.65,14549705,146028704.00
2015-09-22,10.33,10.33,10.33,10.33,0,0.00
数据来源:通达信
