002406 远东传动 日线 前复权
      日期	    开盘	    最高	    最低	    收盘	    成交量	    成交额
2010-05-18,7.39,8.25,7.39,7.68,10906265,278481408.00
2010-05-19,7.58,8.29,7.52,7.99,7665288,198558400.00
2010-05-20,7.72,7.81,7.43,7.47,4708922,116042480.00
2010-05-21,7.18,7.85,7.09,7.74,3812192,93523128.00
2010-05-24,7.76,8.57,7.75,8.46,10503337,281090592.00
2010-05-25,8.25,8.34,7.99,8.15,5838875,153526224.00
2010-05-26,8.18,8.44,8.12,8.22,5375911,143602336.00
2010-05-27,8.12,8.38,7.88,8.37,5655806,149290320.00
2010-05-28,8.45,8.51,8.09,8.18,5094619,136157200.00
2010-05-31,8.05,8.18,7.72,7.73,3604718,92760824.00
2010-06-01,7.56,7.71,7.30,7.44,2724840,66283136.00
2010-06-02,7.39,7.70,7.35,7.69,2192845,53517772.00
2010-06-03,7.70,7.81,7.55,7.56,2326859,58057304.00
2010-06-04,7.48,7.67,7.40,7.63,1165198,28547986.00
2010-06-07,7.46,7.81,7.39,7.76,2083333,51824920.00
2010-06-08,7.68,7.79,7.63,7.73,1610893,40281636.00
2010-06-09,7.78,7.93,7.72,7.89,2373539,60137172.00
2010-06-10,7.91,8.00,7.86,7.89,2186459,56104284.00
2010-06-11,7.92,8.12,7.92,8.02,2474743,64114484.00
2010-06-17,8.10,8.14,7.63,7.65,2012170,51479668.00
2010-06-18,7.64,7.71,7.34,7.40,1495384,36534680.00
2010-06-21,7.38,7.63,7.34,7.63,919560,22492226.00
2010-06-22,7.60,7.68,7.59,7.60,766749,18966960.00
2010-06-23,7.55,7.65,7.46,7.59,733719,18002986.00
2010-06-24,7.55,7.65,7.52,7.59,584133,14367303.00
2010-06-25,7.55,7.57,7.36,7.44,900269,21826630.00
2010-06-28,7.44,7.53,7.42,7.47,659518,15987009.00
2010-06-29,7.52,7.52,7.00,7.00,1712616,40208204.00
2010-06-30,6.90,6.98,6.78,6.87,753813,16942254.00
2010-07-01,6.92,7.00,6.83,6.95,878396,19914336.00
2010-07-02,6.95,7.00,6.65,6.91,1087754,24412306.00
2010-07-05,6.81,6.91,6.74,6.85,566129,12628718.00
2010-07-06,6.86,7.01,6.86,7.01,931403,21180070.00
2010-07-07,7.01,7.06,6.92,7.03,691859,15794146.00
2010-07-08,7.21,7.21,6.97,7.03,1187603,27464916.00
2010-07-09,7.05,7.24,6.96,7.17,1344565,31251482.00
2010-07-12,7.20,7.27,7.16,7.22,985129,23166018.00
2010-07-13,7.17,7.17,6.97,7.03,979960,22507506.00
2010-07-14,7.04,7.20,7.04,7.08,906671,21021436.00
2010-07-15,7.06,7.14,6.89,6.89,771521,17625886.00
2010-07-16,6.88,7.01,6.79,6.96,833819,18764230.00
2010-07-19,6.92,7.13,6.87,7.11,829650,19101902.00
2010-07-20,7.40,7.86,7.40,7.69,4359650,108445552.00
2010-07-21,7.65,7.90,7.58,7.78,3370921,84799432.00
2010-07-22,7.73,7.84,7.70,7.78,1970444,49644048.00
2010-07-23,7.81,7.84,7.66,7.81,1586554,39877488.00
2010-07-26,7.80,7.98,7.79,7.88,1735415,44293592.00
2010-07-27,7.85,8.01,7.72,7.86,2321821,59402472.00
2010-07-28,7.79,8.01,7.76,7.98,2532837,65035856.00
2010-07-29,8.00,8.04,7.90,8.04,2324815,59935832.00
2010-07-30,8.04,8.27,8.01,8.16,3177095,83729408.00
2010-08-02,8.16,8.52,8.12,8.45,5023954,135498368.00
2010-08-03,8.41,8.46,8.18,8.19,3315142,88741360.00
2010-08-04,8.18,8.37,8.15,8.36,2917278,77555968.00
2010-08-05,8.41,8.52,8.15,8.18,2996521,80567584.00
2010-08-06,8.12,8.34,8.06,8.31,2197317,58361580.00
2010-08-09,8.33,8.55,8.22,8.55,3457590,93915608.00
2010-08-10,8.62,8.67,8.08,8.09,3890162,104905456.00
2010-08-11,8.05,8.19,7.96,8.12,1955703,51032412.00
2010-08-12,8.03,8.22,7.98,8.07,1548011,40312020.00
2010-08-13,8.05,8.34,8.02,8.30,2042273,53949020.00
2010-08-16,8.33,8.48,8.27,8.38,3061187,82502144.00
2010-08-17,8.39,8.50,8.34,8.41,2174009,58966156.00
2010-08-18,8.31,8.47,8.17,8.18,5421869,144730896.00
2010-08-19,8.19,8.35,8.15,8.27,3215643,85643280.00
2010-08-20,8.23,8.30,7.94,8.00,3478157,90583040.00
2010-08-23,8.08,8.10,7.94,7.96,1956135,50660964.00
2010-08-24,7.96,8.14,7.87,8.06,2224804,57725976.00
2010-08-25,8.03,8.41,8.01,8.23,5207454,139087184.00
2010-08-26,8.33,8.38,8.22,8.33,3352376,89610056.00
2010-08-27,8.28,8.80,8.24,8.72,7390290,204906928.00
2010-08-30,8.78,8.94,8.68,8.86,7663136,216348608.00
2010-08-31,8.77,8.95,8.67,8.87,4342300,122435800.00
2010-09-01,8.83,8.96,8.39,8.49,5318753,147471840.00
2010-09-02,8.55,8.75,8.46,8.61,3772883,104662576.00
2010-09-03,8.61,8.78,8.52,8.63,3232252,89805808.00
2010-09-06,8.68,8.77,8.42,8.42,3819392,104818984.00
2010-09-07,8.43,8.53,8.39,8.50,1788129,48722080.00
2010-09-09,8.63,8.78,8.49,8.53,3144190,87123496.00
2010-09-10,8.58,8.62,8.34,8.46,2447808,66678888.00
2010-09-13,8.46,8.65,8.44,8.65,2414603,66644416.00
2010-09-14,8.65,8.88,8.59,8.79,3907541,109645544.00
2010-09-15,8.81,8.84,8.38,8.45,3393801,93792568.00
2010-09-16,8.47,8.53,8.11,8.15,3127078,83383072.00
2010-09-17,8.20,8.20,8.01,8.08,2132384,55821692.00
2010-09-20,8.10,8.16,7.95,8.02,1121510,29208686.00
2010-09-21,8.05,8.13,7.97,8.08,1028241,26767958.00
2010-09-27,8.12,8.24,8.09,8.19,1631319,42989780.00
2010-09-28,8.18,8.18,7.95,7.96,1691580,43961636.00
2010-09-29,7.94,7.99,7.75,7.78,2064411,52311924.00
2010-09-30,7.79,7.93,7.76,7.90,1150773,29255262.00
2010-10-08,7.98,8.22,7.94,8.13,1820074,47553856.00
2010-10-11,8.15,8.20,8.08,8.16,1993147,52369428.00
2010-10-12,8.08,8.30,8.08,8.19,1584244,42009136.00
2010-10-13,8.19,8.45,8.19,8.37,2680260,71871968.00
2010-10-14,8.49,8.54,8.22,8.38,2938886,79148664.00
2010-10-15,8.36,8.38,8.18,8.24,2307183,61473740.00
2010-10-18,8.28,8.32,7.95,8.17,1810739,47417576.00
2010-10-19,8.18,8.54,8.18,8.52,2409648,65559724.00
2010-10-20,8.38,8.78,8.33,8.57,4205770,116345208.00
2010-10-21,8.60,8.74,8.45,8.67,2835976,78783848.00
2010-10-22,8.64,9.13,8.62,8.98,5896784,169325488.00
2010-10-25,9.06,9.33,8.99,9.07,5790544,168481904.00
2010-10-26,9.05,9.07,8.84,8.95,3688311,104782792.00
2010-10-27,8.95,9.17,8.89,8.90,3083116,88629208.00
2010-10-28,8.90,9.20,8.90,9.18,3785369,109602688.00
2010-10-29,9.25,9.29,9.05,9.20,3223135,94080904.00
2010-11-01,9.12,9.51,9.12,9.44,3605697,107868632.00
2010-11-02,9.44,9.58,9.19,9.23,3745928,111256352.00
2010-11-03,9.19,9.19,8.91,8.92,2726903,78513360.00
2010-11-04,8.93,9.14,8.93,9.09,1758807,50653724.00
2010-11-05,9.17,9.18,9.00,9.07,2146884,61924820.00
2010-11-08,9.08,9.64,9.02,9.64,4371636,130799288.00
2010-11-09,9.61,10.17,9.44,9.98,5623242,175376752.00
2010-11-10,9.95,10.18,9.81,10.00,4214728,134078312.00
2010-11-11,9.98,10.17,9.71,9.72,4043117,128192320.00
2010-11-12,9.72,9.82,9.01,9.14,4566913,136657328.00
2010-11-15,9.17,9.62,9.12,9.62,2988294,89038472.00
2010-11-16,9.61,9.85,9.25,9.39,3915697,119176728.00
2010-11-17,9.28,9.49,9.05,9.07,2495375,74022776.00
2010-11-18,9.21,9.58,9.08,9.50,2921395,86438528.00
2010-11-19,9.55,9.97,9.52,9.88,3931128,120902280.00
2010-11-22,9.85,10.13,9.72,9.82,3758362,118427608.00
2010-11-23,9.91,10.18,9.79,10.14,3710239,117151592.00
2010-11-24,10.11,10.40,10.05,10.31,3241182,105182520.00
2010-11-25,10.38,10.41,10.07,10.09,3208417,103337640.00
2010-11-26,10.02,10.25,9.98,10.09,1745304,55844852.00
2010-11-29,10.03,10.37,10.03,10.34,2164608,70203368.00
2010-11-30,10.29,10.35,9.65,9.97,3170837,99537144.00
2010-12-01,9.97,10.05,9.83,9.92,1186163,37411444.00
2010-12-02,10.04,10.18,9.92,10.01,1834936,58304168.00
2010-12-03,10.02,10.30,9.98,10.11,2320289,74569080.00
2010-12-06,10.09,10.19,9.74,9.77,1686408,52776072.00
2010-12-07,9.77,9.94,9.65,9.90,1175532,36607880.00
2010-12-08,9.85,9.98,9.75,9.77,928520,29000718.00
2010-12-09,9.74,9.84,9.69,9.74,783191,24255760.00
2010-12-10,9.72,9.98,9.70,9.89,864367,26982512.00
2010-12-13,9.89,10.20,9.89,10.19,2253418,72149176.00
2010-12-14,10.16,10.30,10.08,10.27,1817124,58549432.00
2010-12-15,10.24,10.40,10.18,10.25,1926039,62614708.00
2010-12-16,10.26,10.41,10.20,10.25,1528435,49837628.00
2010-12-17,10.23,10.73,10.22,10.62,2686024,89087432.00
2010-12-20,10.62,10.73,10.05,10.38,2886012,94921760.00
2010-12-21,10.44,10.57,10.30,10.54,1661443,54778628.00
2010-12-22,10.54,10.59,10.32,10.33,1318338,43250368.00
2010-12-23,10.29,10.38,10.05,10.07,1232592,39676692.00
2010-12-24,10.08,10.10,9.74,9.79,1174497,36746852.00
2010-12-28,9.46,9.61,9.38,9.59,1614842,48549264.00
2010-12-29,9.72,9.81,9.51,9.81,809745,24722908.00
2010-12-30,9.72,9.95,9.58,9.88,1415818,43679872.00
2010-12-31,9.82,10.15,9.78,10.15,1175652,37016628.00
2011-01-04,10.12,10.26,10.02,10.22,1235441,39652772.00
2011-01-05,10.12,10.28,10.12,10.13,869857,27979054.00
2011-01-06,10.13,10.23,9.91,9.93,1081701,34396344.00
2011-01-07,9.93,10.05,9.74,9.82,1029178,32225544.00
2011-01-10,9.88,9.96,9.66,9.72,693819,21556110.00
2011-01-11,9.66,9.70,9.49,9.58,701726,21314198.00
2011-01-12,9.58,9.70,9.49,9.68,630643,19203690.00
2011-01-13,9.72,9.72,9.59,9.59,337823,10347042.00
2011-01-14,9.59,9.59,9.24,9.28,900044,26876330.00
2011-01-17,9.29,9.40,9.03,9.05,853610,24795398.00
2011-01-18,9.04,9.12,8.92,9.05,564931,16224663.00
2011-01-19,9.05,9.20,8.96,9.18,763367,22129452.00
2011-01-21,8.92,9.14,8.84,9.12,803718,23096158.00
2011-01-24,9.10,9.26,8.92,8.92,514503,14887119.00
2011-01-25,8.88,8.92,8.42,8.46,1170628,31869218.00
2011-01-26,8.40,8.64,8.40,8.58,529985,14475084.00
2011-01-27,8.52,8.72,8.47,8.70,699844,19269042.00
2011-01-28,8.70,8.91,8.66,8.89,767430,21545448.00
2011-01-31,8.88,9.08,8.79,9.04,762482,21782308.00
2011-02-01,9.02,9.02,8.94,8.98,519968,14855533.00
2011-02-09,8.89,9.01,8.78,8.79,564421,15963977.00
2011-02-10,8.78,9.17,8.77,9.14,751062,21554794.00
2011-02-11,9.12,9.35,9.09,9.28,854741,25058182.00
2011-02-14,9.28,9.45,9.26,9.41,1104887,32885204.00
2011-02-15,9.42,9.57,9.36,9.36,1252621,37572856.00
2011-02-16,9.30,9.60,9.30,9.57,1130641,34082804.00
2011-02-17,9.57,9.67,9.45,9.52,975934,29546660.00
2011-02-18,9.47,9.52,9.33,9.35,1106444,33012140.00
2011-02-21,9.28,9.65,9.26,9.65,1037741,31177834.00
2011-02-22,9.62,9.68,9.28,9.28,1157653,34657840.00
2011-02-23,9.22,9.63,9.22,9.61,1290563,38744900.00
2011-02-24,9.62,9.88,9.55,9.80,1935494,59922124.00
2011-02-25,9.78,9.82,9.65,9.80,909471,28056686.00
2011-02-28,9.76,9.84,9.68,9.74,1361013,42050884.00
2011-03-01,9.72,9.79,9.60,9.62,1120794,34433756.00
2011-03-02,9.60,9.60,9.40,9.49,883901,26552282.00
2011-03-03,9.59,9.59,9.30,9.31,894587,26725940.00
2011-03-04,9.32,9.50,9.31,9.47,607732,18200274.00
2011-03-07,9.47,9.61,9.47,9.55,823258,24919204.00
2011-03-08,9.55,9.58,9.46,9.57,643772,19420716.00
2011-03-09,9.57,9.76,9.55,9.75,1277855,39217860.00
2011-03-10,9.72,9.77,9.62,9.64,927102,28496566.00
2011-03-11,9.62,9.82,9.58,9.69,1089433,33593528.00
2011-03-14,9.64,9.87,9.63,9.87,1319083,41001504.00
2011-03-15,9.82,9.86,9.42,9.58,1431634,43553780.00
2011-03-16,9.54,9.64,9.54,9.60,906939,27590464.00
2011-03-17,9.54,9.55,9.38,9.40,915555,27533398.00
2011-03-18,9.45,9.54,9.45,9.47,510576,15376693.00
2011-03-21,9.41,9.51,9.39,9.45,499683,14978372.00
2011-03-22,9.45,9.50,9.32,9.49,757662,22676686.00
2011-03-23,9.49,9.57,9.42,9.57,556470,16799190.00
2011-03-24,9.61,9.78,9.55,9.74,1259252,38796784.00
2011-03-25,9.72,10.11,9.72,10.02,2165028,68426848.00
2011-03-28,10.09,10.09,9.72,9.74,2262374,70314272.00
2011-03-29,9.72,9.72,9.36,9.39,1759736,52888596.00
2011-03-30,9.38,9.51,9.25,9.45,1230594,36549656.00
2011-03-31,9.45,9.51,9.20,9.22,649868,19290556.00
2011-04-01,9.20,9.36,9.17,9.28,466407,13734914.00
2011-04-06,9.22,9.28,8.78,8.98,1235871,35694284.00
2011-04-07,9.05,9.14,9.02,9.11,550891,15942197.00
2011-04-08,9.12,9.28,9.07,9.27,543376,15948090.00
2011-04-11,9.27,9.32,8.99,9.00,803713,23312186.00
2011-04-12,9.05,9.12,9.00,9.02,449601,12957364.00
2011-04-13,8.97,9.10,8.97,9.09,598566,17237356.00
2011-04-14,9.09,9.10,9.00,9.06,557031,16011896.00
2011-04-15,9.04,9.09,8.99,9.04,582520,16760111.00
2011-04-18,9.13,9.29,9.13,9.20,1209187,35485316.00
2011-04-19,9.20,9.30,9.14,9.22,974228,28617708.00
2011-04-21,9.27,9.50,9.27,9.48,1236044,37003352.00
2011-04-22,9.49,9.49,9.33,9.37,674142,20154502.00
2011-04-25,9.37,9.40,9.21,9.21,592435,17471318.00
2011-04-26,9.21,9.23,8.99,9.01,667382,19245348.00
2011-04-27,9.05,9.10,8.87,8.89,514984,14730425.00
2011-04-28,8.92,8.98,8.47,8.56,871292,24186114.00
2011-04-29,8.57,8.72,8.56,8.71,375818,10408084.00
2011-05-03,8.65,8.77,8.65,8.77,248686,6916315.00
2011-05-04,8.77,8.77,8.57,8.68,525773,14503974.00
2011-05-05,8.64,8.75,8.63,8.74,303951,8428811.00
2011-05-06,8.66,8.94,8.65,8.84,369744,10375729.00
2011-05-09,8.84,9.01,8.84,8.89,391944,11141218.00
2011-05-10,8.91,8.97,8.85,8.91,237205,6728479.50
2011-05-11,8.91,8.94,8.80,8.85,323193,9123776.00
2011-05-12,8.80,8.82,8.60,8.61,514590,14289642.00
2011-05-13,8.61,8.64,8.47,8.62,499215,13612034.00
2011-05-16,8.57,8.66,8.51,8.54,314088,8584947.00
2011-05-17,8.61,8.61,8.49,8.54,437812,11940557.00
2011-05-18,8.51,8.78,8.47,8.69,448781,12440773.00
2011-05-19,8.67,8.74,8.61,8.64,195897,5412505.00
2011-05-20,8.64,8.73,8.62,8.70,225695,6263199.00
2011-05-23,8.73,8.74,8.49,8.52,438713,12038504.00
2011-05-24,8.48,8.59,8.46,8.55,320725,8738519.00
2011-05-25,8.56,8.77,8.52,8.55,441320,12185950.00
2011-05-26,8.61,8.62,8.15,8.18,686711,18281760.00
2011-05-27,8.05,8.09,7.60,7.69,928291,15370176.00
2011-05-30,7.65,7.65,7.30,7.30,909897,14466237.00
2011-05-31,7.30,7.43,7.15,7.37,1154423,17837676.00
2011-06-01,7.38,7.47,7.29,7.44,632721,9910774.00
2011-06-02,7.35,7.35,7.11,7.20,436273,6683418.50
2011-06-03,7.24,7.44,7.20,7.40,587718,9191480.00
2011-06-07,7.43,7.53,7.36,7.50,308414,4878456.00
2011-06-08,7.53,7.53,7.38,7.42,363714,5725407.50
2011-06-09,7.40,7.41,7.23,7.24,355116,5507372.00
2011-06-10,7.19,7.28,7.08,7.20,486059,7387006.00
2011-06-13,7.14,7.18,7.08,7.14,315943,4783094.00
2011-06-14,7.14,7.44,7.14,7.38,751333,11707060.00
2011-06-15,7.35,7.41,7.27,7.28,545490,8507900.00
2011-06-16,7.25,7.25,6.88,7.16,406276,6174172.00
2011-06-17,7.08,7.18,7.01,7.05,410030,6181998.50
2011-06-20,7.01,7.07,6.94,7.01,213609,3174066.00
2011-06-21,7.05,7.21,7.05,7.21,454554,6884608.00
2011-06-22,7.23,7.23,7.07,7.13,391775,5935874.50
2011-06-23,7.14,7.45,6.57,7.44,1218715,18877330.00
2011-06-24,7.38,7.68,7.36,7.64,1425759,22835648.00
2011-06-27,7.69,7.70,7.59,7.69,1166217,18875730.00
2011-06-28,7.69,7.83,7.60,7.80,750860,12238753.00
2011-06-29,7.75,7.87,7.68,7.70,762895,12536386.00
2011-06-30,7.66,7.77,7.66,7.74,565738,9251844.00
2011-07-01,7.77,7.80,7.67,7.73,581183,9516434.00
2011-07-04,7.77,7.94,7.74,7.90,1454883,24198482.00
2011-07-05,7.85,7.95,7.85,7.91,758067,12655436.00
2011-07-06,7.88,7.93,7.78,7.91,865448,14376302.00
2011-07-07,7.90,8.14,7.86,8.03,2200764,37357140.00
2011-07-08,7.99,8.35,7.97,8.29,2221128,38429768.00
2011-07-11,8.21,8.47,8.20,8.40,1632475,28829976.00
2011-07-12,8.31,8.34,8.08,8.10,1789487,30962144.00
2011-07-13,8.09,8.35,8.05,8.28,1165180,20238160.00
2011-07-14,8.29,8.55,8.29,8.55,2278478,40621136.00
2011-07-15,8.44,8.66,8.40,8.62,2236877,40256220.00
2011-07-18,8.70,8.70,8.45,8.45,1484190,26656462.00
2011-07-19,8.45,8.45,8.09,8.21,1576477,27282340.00
2011-07-20,8.24,8.30,8.13,8.28,964347,16717695.00
2011-07-21,8.27,8.27,8.06,8.09,774844,13291628.00
2011-07-22,8.10,8.19,8.07,8.10,472982,8117055.50
2011-07-25,8.11,8.11,7.25,7.55,1815804,29571336.00
2011-07-26,7.48,7.64,7.43,7.59,602754,9691850.00
2011-07-27,7.59,7.75,7.53,7.72,661534,10758597.00
2011-07-28,7.70,7.71,7.56,7.65,555440,8992638.00
2011-07-29,7.65,7.81,7.55,7.55,585005,9507614.00
2011-08-01,7.50,7.66,7.50,7.56,501488,8056171.00
2011-08-02,7.60,7.60,7.34,7.48,552877,8693222.00
2011-08-03,7.44,7.72,7.33,7.68,761916,12270339.00
2011-08-04,7.70,7.84,7.69,7.84,628439,10319719.00
2011-08-05,7.58,7.70,7.55,7.65,578118,9357168.00
2011-08-08,7.55,7.60,7.05,7.25,833837,12960638.00
2011-08-09,6.95,7.55,6.86,7.50,1131652,17503016.00
2011-08-10,7.58,7.74,7.45,7.60,819089,13275473.00
2011-08-11,7.43,7.63,7.30,7.61,749988,11937888.00
2011-08-12,7.65,7.73,7.62,7.68,596928,9698744.00
2011-08-15,7.73,7.97,7.69,7.97,1144864,18973456.00
2011-08-16,7.99,8.04,7.82,7.85,948897,15833900.00
2011-08-17,7.86,7.93,7.82,7.85,444501,7397457.00
2011-08-18,7.85,7.88,7.63,7.64,616791,10119848.00
2011-08-19,7.53,7.55,7.36,7.45,461070,7286171.00
2011-08-22,7.46,7.55,7.34,7.36,395084,6240556.00
2011-08-23,7.55,7.55,7.36,7.55,440540,6988807.50
2011-08-24,7.60,7.83,7.60,7.62,748470,12201660.00
2011-08-25,7.70,7.85,7.59,7.80,793108,12990188.00
2011-08-26,7.75,8.10,7.74,8.00,1327913,22452646.00
2011-08-29,7.95,7.98,7.82,7.86,675514,11272672.00
2011-08-30,7.88,7.98,7.74,7.76,745573,12427179.00
2011-08-31,7.77,7.85,7.64,7.72,403375,6578046.00
2011-09-01,7.74,7.85,7.73,7.79,535268,8805359.00
2011-09-02,7.80,7.85,7.61,7.71,527702,8593567.00
2011-09-05,7.65,8.05,7.65,7.90,1776412,29616004.00
2011-09-06,7.90,7.90,7.65,7.66,1040762,17062860.00
2011-09-07,7.68,8.05,7.68,8.05,1469640,24595102.00
2011-09-08,8.08,8.08,7.60,7.60,3118060,51573676.00
2011-09-09,7.45,7.53,7.33,7.35,1390641,21854226.00
2011-09-13,7.20,7.29,7.15,7.24,544146,8343897.00
2011-09-14,7.23,7.30,7.16,7.28,522415,8020776.50
2011-09-15,7.30,7.43,7.28,7.31,650138,10155377.00
2011-09-16,7.32,7.40,7.25,7.28,424768,6594107.50
2011-09-19,7.23,7.25,7.15,7.16,223111,3403086.00
2011-09-20,7.08,7.30,7.08,7.23,199161,3036163.50
2011-09-21,7.20,7.49,7.20,7.42,614157,9620611.00
2011-09-22,7.39,7.44,7.23,7.23,394246,6147091.50
2011-09-23,7.15,7.26,7.06,7.21,235964,3590117.25
2011-09-26,7.20,7.24,7.12,7.18,228337,3477114.75
2011-09-27,7.23,7.27,7.14,7.23,257146,3938982.00
2011-09-28,7.30,7.30,7.09,7.10,200949,3067805.00
2011-09-29,7.05,7.07,6.86,6.87,548380,8073361.00
2011-09-30,6.86,6.97,6.75,6.82,243687,3551754.00
2011-10-10,6.87,6.88,6.73,6.74,196407,2841870.75
2011-10-11,6.90,6.95,6.71,6.76,237549,3450669.50
2011-10-12,6.69,6.97,6.42,6.94,578900,8342777.50
2011-10-13,6.92,7.06,6.81,6.95,467293,6910741.50
2011-10-14,6.94,6.99,6.76,6.84,350255,5113433.00
2011-10-17,6.81,6.86,6.69,6.73,544628,7855957.00
2011-10-18,6.61,6.70,6.50,6.53,541031,7582013.50
2011-10-19,6.45,6.58,6.45,6.53,210357,2928567.50
2011-10-20,6.56,6.60,6.12,6.12,632480,8446651.00
2011-10-21,6.17,6.17,5.95,5.96,533704,6930871.00
2011-10-24,5.95,6.17,5.64,6.00,1056917,13345136.00
2011-10-25,5.95,6.14,5.81,6.09,990322,12794071.00
2011-10-26,6.05,6.22,5.98,6.09,992253,13029231.00
2011-10-27,6.04,6.20,6.04,6.11,568327,7469611.00
2011-10-28,6.18,6.23,6.11,6.22,799298,10591919.00
2011-10-31,6.25,6.42,6.21,6.36,783591,10630231.00
2011-11-01,6.28,6.44,6.22,6.39,973187,13237283.00
2011-11-02,6.29,6.54,6.21,6.53,1375813,18840622.00
2011-11-03,6.62,6.65,6.46,6.47,2293326,32132118.00
2011-11-04,6.48,6.51,6.30,6.33,2504263,34171804.00
2011-11-07,6.33,6.41,6.28,6.31,1376687,18697732.00
2011-11-08,6.32,6.35,6.22,6.22,1206250,16257310.00
2011-11-09,6.28,6.28,6.09,6.23,1786909,23695636.00
2011-11-10,6.15,6.20,6.12,6.12,1091306,14408137.00
2011-11-11,6.15,6.20,6.12,6.15,1059347,14007911.00
2011-11-14,6.23,6.79,6.21,6.78,6009315,82949848.00
2011-11-15,6.70,6.70,6.58,6.60,4352537,61567476.00
2011-11-16,6.59,6.71,6.43,6.50,2663076,37364492.00
2011-11-17,6.52,6.57,6.37,6.51,2141916,29727836.00
2011-11-18,6.43,6.46,6.18,6.19,1973240,26644866.00
2011-11-21,6.29,6.29,6.16,6.25,893536,11931716.00
2011-11-22,6.25,6.30,6.12,6.30,855314,11341267.00
2011-11-23,6.14,6.23,6.12,6.14,1650501,21828388.00
2011-11-24,6.08,6.08,5.90,5.99,1584624,20348572.00
2011-11-25,5.93,6.01,5.90,5.93,594582,7594308.00
2011-11-28,5.96,6.01,5.91,5.96,485692,6223654.00
2011-11-29,6.00,6.10,5.95,6.08,1050963,13591648.00
2011-11-30,6.07,6.07,5.58,5.59,1753369,21818332.00
2011-12-01,5.78,5.83,5.68,5.68,1344538,16675971.00
2011-12-02,5.68,5.69,5.49,5.50,974971,11695880.00
2011-12-05,5.47,5.54,5.23,5.24,918158,10647977.00
2011-12-06,5.23,5.31,5.20,5.25,639226,7286143.00
2011-12-07,5.26,5.28,5.23,5.25,709354,8091682.00
2011-12-08,5.26,5.27,5.08,5.19,1441304,16218171.00
2011-12-09,5.16,5.38,5.09,5.25,1374565,15540954.00
2011-12-12,5.21,5.28,5.17,5.18,737111,8352487.50
2011-12-13,5.18,5.18,4.96,4.98,820610,9002703.00
2011-12-14,4.94,4.98,4.78,4.79,781430,8351178.00
2011-12-15,4.78,4.78,4.56,4.58,931699,9500475.00
2011-12-16,4.58,4.74,4.45,4.73,1129335,11435335.00
2011-12-19,4.73,4.74,4.57,4.72,741141,7559645.50
2011-12-20,4.67,4.85,4.65,4.77,926084,9667318.00
2011-12-21,4.82,4.94,4.69,4.70,3012018,31511406.00
2011-12-22,4.68,4.68,4.35,4.50,2217562,21903252.00
2011-12-23,4.50,4.62,4.44,4.55,999482,9965162.00
2011-12-26,4.55,4.57,4.43,4.46,932542,9258364.00
2011-12-27,4.45,4.47,4.33,4.35,965428,9365094.00
2011-12-28,4.36,4.70,4.25,4.44,1506544,14634184.00
2011-12-29,4.40,4.49,4.39,4.45,783253,7675516.00
2011-12-30,4.47,4.53,4.44,4.48,967311,9548030.00
2012-01-04,4.48,4.58,4.35,4.35,649583,6402293.00
2012-01-05,4.38,4.43,4.13,4.14,1000593,9455795.00
2012-01-06,4.14,4.14,3.68,4.14,1026715,9073239.00
2012-01-10,4.38,4.60,4.33,4.60,2920942,28924004.00
2012-01-11,4.71,5.03,4.71,4.79,7282201,76850272.00
2012-01-12,4.71,4.82,4.66,4.74,2640796,27470182.00
2012-01-13,4.67,4.77,4.43,4.50,2709647,27267268.00
2012-01-16,4.50,4.50,4.23,4.23,1542849,14800549.00
2012-01-17,4.23,4.59,4.13,4.55,3190641,30899656.00
2012-01-18,4.56,4.64,4.33,4.37,2494375,24756458.00
2012-01-19,4.32,4.48,4.30,4.40,1719191,16632385.00
2012-01-20,4.40,4.52,4.38,4.44,2054581,20111720.00
2012-01-30,4.44,4.48,4.42,4.43,1343886,13154304.00
2012-01-31,4.41,4.68,3.94,4.60,4150388,41551588.00
2012-02-01,4.57,4.67,4.51,4.54,2677360,26946946.00
2012-02-02,4.54,4.65,4.52,4.65,2386656,24036582.00
2012-02-03,4.63,4.79,4.61,4.74,3721084,38525608.00
2012-02-06,4.73,4.77,4.67,4.73,2621878,27127126.00
2012-02-07,4.73,4.73,4.53,4.56,2353603,23707276.00
2012-02-08,4.53,4.75,4.51,4.75,2913939,29803524.00
2012-02-09,4.76,5.04,4.76,4.95,5956533,63363084.00
2012-02-10,5.20,5.20,4.77,4.84,13059901,138644576.00
2012-02-13,4.74,4.88,4.69,4.85,5763083,60529568.00
2012-02-14,4.85,4.86,4.77,4.80,3451351,36257456.00
2012-02-15,4.78,4.92,4.76,4.91,4939109,52378228.00
2012-02-16,4.89,4.99,4.82,4.90,4912415,52728884.00
2012-02-17,4.93,5.41,4.90,5.21,12317925,138220816.00
2012-02-20,5.27,5.39,5.16,5.22,9564901,109374592.00
2012-02-21,5.22,5.27,5.07,5.26,4846186,54478292.00
2012-02-22,5.25,5.45,5.22,5.37,6847062,79455360.00
2012-02-23,5.38,5.42,5.27,5.35,5240385,60752552.00
2012-02-24,5.35,5.38,5.25,5.37,4633688,53408284.00
2012-02-27,5.38,5.54,5.35,5.35,6515487,76710840.00
2012-02-28,5.33,5.33,5.13,5.24,4464754,50755608.00
2012-02-29,5.24,5.24,5.10,5.11,2608868,29267888.00
2012-03-01,5.09,5.21,5.07,5.13,2100149,23515986.00
2012-03-02,5.14,5.29,5.11,5.28,2804211,31882302.00
2012-03-05,5.28,5.37,5.24,5.24,3008843,34567356.00
2012-03-06,5.23,5.23,5.11,5.19,2565415,28813488.00
2012-03-07,5.15,5.34,5.08,5.31,4105430,46718376.00
2012-03-08,5.30,5.48,5.30,5.43,5736072,67350616.00
2012-03-09,5.45,5.51,5.41,5.48,4067096,47984296.00
2012-03-12,5.48,5.52,5.39,5.48,4026868,47524196.00
2012-03-13,5.48,5.58,5.45,5.56,4597021,55002960.00
2012-03-14,5.56,5.70,5.19,5.23,7690637,91664248.00
2012-03-15,5.22,5.29,5.06,5.10,3478561,38941372.00
2012-03-16,5.13,5.23,5.07,5.22,2982253,33436634.00
2012-03-19,5.19,5.30,5.17,5.29,3170799,36024460.00
2012-03-20,5.26,5.26,5.09,5.10,3079907,34429472.00
2012-03-21,5.15,5.16,4.94,5.03,2725322,29935682.00
2012-03-22,5.01,5.09,4.92,4.99,2424166,26400458.00
2012-03-23,4.98,5.00,4.85,4.87,2191810,23550522.00
2012-03-26,4.85,4.90,4.82,4.84,1430499,15188034.00
2012-03-27,4.87,4.92,4.86,4.90,1431025,15293304.00
2012-03-28,4.89,4.89,4.54,4.56,2905269,29668496.00
2012-03-29,4.54,4.59,4.32,4.40,1772969,17415556.00
2012-03-30,4.40,4.46,4.33,4.41,1255781,12137226.00
2012-04-05,4.41,4.56,4.35,4.54,2008542,19786892.00
2012-04-06,4.55,4.56,4.46,4.51,1648716,16371437.00
2012-04-09,4.53,4.53,4.44,4.51,1098474,10858676.00
2012-04-10,4.45,4.50,4.33,4.49,1883891,18252738.00
2012-04-11,4.45,4.49,4.38,4.48,1339530,13105999.00
2012-04-12,4.48,4.59,4.46,4.59,2096937,20925866.00
2012-04-13,4.55,4.73,4.55,4.68,2355156,24091290.00
2012-04-16,4.64,4.69,4.60,4.67,1268885,12922136.00
2012-04-17,4.64,4.68,4.55,4.58,1897613,19181802.00
2012-04-18,4.59,4.73,4.59,4.71,2408894,24632238.00
2012-04-19,4.70,4.79,4.68,4.74,2168318,22450350.00
2012-04-20,4.74,4.79,4.68,4.76,2281611,23683208.00
2012-04-23,4.76,4.84,4.65,4.67,2632561,27348534.00
2012-04-24,4.58,4.70,4.40,4.63,2678778,26806070.00
2012-04-25,4.58,4.74,4.58,4.69,2010557,20508546.00
2012-04-26,4.74,4.75,4.64,4.69,1720276,17699980.00
2012-04-27,4.68,4.71,4.62,4.63,1220440,12454442.00
2012-05-02,4.69,4.90,4.67,4.86,4202568,44176920.00
2012-05-03,4.86,5.14,4.82,5.13,7240320,78959760.00
2012-05-04,5.11,5.11,4.96,5.03,4397140,48256980.00
2012-05-07,4.97,5.10,4.97,5.04,2771888,30370118.00
2012-05-08,5.00,5.02,4.88,4.97,4508145,48585876.00
2012-05-09,4.92,4.93,4.75,4.77,4207111,44428680.00
2012-05-11,4.80,4.90,4.77,4.78,2356626,24917712.00
2012-05-14,4.84,4.93,4.78,4.80,2792086,29664478.00
2012-05-15,4.78,4.78,4.65,4.74,1568530,16185414.00
2012-05-16,4.73,4.77,4.68,4.70,1185846,12248539.00
2012-05-17,4.68,4.83,4.67,4.79,1588778,16562325.00
2012-05-18,4.75,4.85,4.69,4.74,1249140,13028491.00
2012-05-21,4.73,4.77,4.58,4.60,1531935,15609068.00
2012-05-22,4.61,4.70,4.61,4.69,962635,9850478.00
2012-05-23,4.67,4.69,4.57,4.65,1000363,10160844.00
2012-05-24,4.61,4.68,4.54,4.56,1567306,15785296.00
2012-05-25,4.55,4.57,4.38,4.40,1835060,18022274.00
2012-05-28,4.39,4.50,4.29,4.48,1755293,16967402.00
2012-05-29,4.49,4.62,4.49,4.58,1875091,18843176.00
2012-05-30,4.59,4.67,4.57,4.59,1633448,16547027.00
2012-05-31,4.58,4.65,4.51,4.62,1627787,16438607.00
2012-06-01,4.62,4.66,4.58,4.60,933331,9461317.00
2012-06-04,4.52,4.52,4.37,4.38,1586161,15515690.00
2012-06-05,4.38,4.41,4.33,4.34,974017,9385711.00
2012-06-06,4.38,4.39,4.32,4.35,633892,6086447.00
2012-06-07,4.39,4.41,4.35,4.35,1154131,11159267.00
2012-06-08,4.37,4.42,4.33,4.37,1020800,9867806.00
2012-06-11,4.39,4.46,4.36,4.45,927189,9019777.00
2012-06-12,4.44,4.47,4.39,4.46,887005,8662242.00
2012-06-13,4.46,4.61,4.46,4.59,1381845,13778439.00
2012-06-14,4.54,4.58,4.52,4.55,1173214,11718980.00
2012-06-15,4.55,4.57,4.52,4.57,923788,9229919.00
2012-06-18,4.57,4.61,4.57,4.59,911534,9188700.00
2012-06-19,4.61,4.61,4.52,4.52,1130513,11286091.00
2012-06-20,4.54,4.57,4.52,4.53,636090,6341490.00
2012-06-21,4.56,4.56,4.41,4.45,822590,8085785.50
2012-06-25,4.44,4.45,4.35,4.37,641786,6205881.50
2012-06-26,4.39,4.48,4.32,4.45,1057643,10237409.00
2012-06-27,4.45,4.55,4.43,4.50,1183049,11745645.00
2012-06-28,4.56,4.57,4.38,4.39,640744,6178345.50
2012-06-29,4.40,4.51,4.32,4.51,1011442,9631115.00
2012-07-02,4.52,4.54,4.19,4.23,6141950,57438612.00
2012-07-03,4.18,4.26,4.18,4.20,1745745,15954039.00
2012-07-04,4.21,4.23,4.18,4.20,985470,8967537.00
2012-07-05,4.18,4.20,4.04,4.04,1355943,12026605.00
2012-07-06,4.09,4.14,3.98,4.11,1275373,11275713.00
2012-07-09,4.08,4.10,3.96,3.97,915995,8030655.50
2012-07-10,3.95,4.01,3.91,3.97,1069094,9196778.00
2012-07-11,3.95,4.02,3.94,3.99,902345,7801505.50
2012-07-12,3.97,4.05,3.92,4.03,1414159,12267719.00
2012-07-13,4.02,4.08,3.99,4.00,1052049,9212141.00
2012-07-16,3.91,3.96,3.71,3.72,1847225,15370789.00
2012-07-17,3.70,3.77,3.70,3.74,976283,7988997.00
2012-07-18,3.68,3.75,3.65,3.74,1074058,8703998.00
2012-07-19,3.73,3.93,3.73,3.88,2466695,20616934.00
2012-07-20,3.85,3.87,3.82,3.84,678306,5678873.00
2012-07-23,3.76,3.96,3.76,3.88,1123639,9459897.00
2012-07-24,3.83,3.93,3.83,3.87,930414,7854061.00
2012-07-25,3.84,3.88,3.75,3.78,1150261,9546406.00
2012-07-26,3.76,3.90,3.76,3.83,1675257,14015198.00
2012-07-27,3.83,3.87,3.78,3.83,739282,6161123.50
2012-07-30,3.80,3.84,3.72,3.77,929989,7641919.00
2012-07-31,3.76,3.79,3.70,3.70,670973,5477208.50
2012-08-01,3.73,3.78,3.71,3.75,994122,8153242.00
2012-08-02,3.72,3.78,3.71,3.72,573079,4678399.50
2012-08-03,3.74,3.80,3.73,3.80,638967,5260812.50
2012-08-06,3.77,3.87,3.77,3.87,844425,7070019.50
2012-08-07,3.85,4.19,3.84,4.10,5517492,48335024.00
2012-08-08,4.00,4.05,3.98,4.01,3455953,30148322.00
2012-08-09,4.01,4.07,3.97,4.05,1660165,14546597.00
2012-08-10,4.05,4.08,4.00,4.04,1144073,10026248.00
2012-08-13,4.02,4.02,3.90,3.91,1379833,11871532.00
2012-08-14,3.91,3.99,3.88,3.99,1232244,10587907.00
2012-08-15,3.98,3.99,3.92,3.93,931830,8003775.00
2012-08-16,3.90,3.95,3.90,3.90,598678,5107174.00
2012-08-17,3.90,3.94,3.88,3.94,516501,4397431.50
2012-08-20,3.92,3.94,3.86,3.93,736585,6236536.00
2012-08-21,3.94,4.02,3.92,4.00,1544887,13367561.00
2012-08-22,4.00,4.00,3.91,3.94,1058537,9122800.00
2012-08-23,3.94,3.98,3.88,3.98,1214056,10408952.00
2012-08-24,3.95,3.98,3.79,3.80,1267194,10703649.00
2012-08-27,3.77,3.78,3.60,3.61,1964052,15786918.00
2012-08-28,3.63,3.70,3.62,3.66,612043,4905805.50
2012-08-29,3.66,3.73,3.61,3.68,1400669,11301539.00
2012-08-30,3.69,3.74,3.63,3.67,1199307,9693384.00
2012-08-31,3.67,3.70,3.62,3.68,621421,4984219.00
2012-09-03,3.68,3.75,3.66,3.75,1475447,11986379.00
2012-09-04,3.76,3.76,3.63,3.67,2094988,16887162.00
2012-09-05,3.67,3.70,3.63,3.68,1040014,8344962.50
2012-09-06,3.70,3.75,3.65,3.74,1487308,12045656.00
2012-09-07,3.77,3.93,3.74,3.89,3189140,26820910.00
2012-09-10,3.88,3.95,3.86,3.94,2381933,20308990.00
2012-09-11,3.91,3.91,3.86,3.90,1403375,11870082.00
2012-09-12,3.91,3.96,3.86,3.92,1844405,15726386.00
2012-09-13,3.92,3.96,3.85,3.85,1678233,14293127.00
2012-09-14,3.90,3.90,3.82,3.85,1273532,10720215.00
2012-09-17,3.86,3.87,3.68,3.69,1364307,11240389.00
2012-09-18,3.67,3.71,3.66,3.69,798173,6437963.50
2012-09-19,3.69,3.72,3.68,3.70,541472,4388252.00
2012-09-20,3.69,3.69,3.57,3.57,925359,7363260.50
2012-09-21,3.57,3.63,3.56,3.58,669405,5263517.50
2012-09-24,3.56,3.59,3.51,3.58,770715,6011294.00
2012-09-25,3.56,3.58,3.51,3.52,460998,3587011.75
2012-09-26,3.53,3.54,3.40,3.41,832624,6346462.00
2012-09-27,3.43,3.54,3.40,3.49,956083,7295769.50
2012-09-28,3.47,3.57,3.46,3.56,757238,5869806.50
2012-10-08,3.56,3.58,3.53,3.56,695148,5419136.00
2012-10-09,3.56,3.69,3.56,3.67,1755803,14009275.00
2012-10-10,3.65,3.78,3.65,3.78,2474957,20250550.00
2012-10-11,3.76,3.76,3.72,3.72,1380386,11277917.00
2012-10-12,3.75,3.78,3.68,3.75,1539082,12547329.00
2012-10-15,3.73,3.74,3.63,3.67,855709,6876212.00
2012-10-16,3.66,3.72,3.63,3.71,965589,7805977.00
2012-10-17,3.71,3.72,3.67,3.71,587850,4753992.50
2012-10-18,3.71,3.77,3.69,3.76,888745,7273587.00
2012-10-19,3.74,3.78,3.74,3.76,767780,6309998.50
2012-10-22,3.72,3.76,3.71,3.75,542840,4435779.00
2012-10-23,3.75,3.75,3.70,3.71,860682,7018237.50
2012-10-24,3.70,3.74,3.67,3.67,857355,6956417.00
2012-10-25,3.67,3.78,3.67,3.67,755642,6148951.00
2012-10-26,3.69,3.70,3.60,3.63,984575,7845817.00
2012-10-29,3.63,3.70,3.58,3.63,380375,3031720.25
2012-10-30,3.65,3.67,3.61,3.63,317184,2530238.00
2012-10-31,3.66,3.68,3.62,3.68,500832,4007829.50
2012-11-01,3.66,3.75,3.66,3.73,5044467,40985668.00
2012-11-02,3.72,3.73,3.66,3.70,1827670,14775142.00
2012-11-05,3.70,3.72,3.67,3.70,828697,6707255.00
2012-11-06,3.71,3.71,3.62,3.64,1381067,11057657.00
2012-11-07,3.63,3.67,3.63,3.63,518520,4138907.50
2012-11-08,3.60,3.61,3.48,3.49,1190599,9283343.00
2012-11-09,3.46,3.50,3.46,3.49,603305,4613256.50
2012-11-12,3.53,3.53,3.49,3.51,451326,3471982.75
2012-11-13,3.50,3.51,3.43,3.43,648768,4934818.00
2012-11-14,3.43,3.46,3.43,3.45,298505,2263538.75
2012-11-15,3.44,3.46,3.40,3.41,581360,4392704.50
2012-11-16,3.43,3.44,3.39,3.42,529278,3981702.75
2012-11-19,3.43,3.45,3.40,3.45,360789,2726298.00
2012-11-20,3.47,3.47,3.42,3.42,439811,3329648.00
2012-11-21,3.45,3.47,3.38,3.46,767052,5799956.50
2012-11-22,3.46,3.51,3.44,3.48,986182,7544525.50
2012-11-23,3.48,3.52,3.48,3.50,843354,6490668.50
2012-11-26,3.49,3.49,3.42,3.42,456066,3463666.50
2012-11-27,3.40,3.43,3.26,3.28,802394,5902923.50
2012-11-28,3.28,3.28,3.22,3.24,416611,2994375.00
2012-11-29,3.25,3.27,3.20,3.20,578797,4152399.00
2012-11-30,3.20,3.26,3.20,3.23,423475,3029688.00
2012-12-03,3.24,3.24,3.14,3.14,481700,3419187.00
2012-12-04,3.11,3.18,3.06,3.15,585905,4049186.00
2012-12-05,3.14,3.30,3.14,3.27,890702,6429666.00
2012-12-06,3.28,3.30,3.23,3.26,594535,4293622.50
2012-12-07,3.24,3.37,3.24,3.34,1139068,8353062.50
2012-12-10,3.35,3.40,3.33,3.39,1002353,7452673.50
2012-12-11,3.37,3.39,3.35,3.38,1044501,7768726.00
2012-12-12,3.36,3.39,3.31,3.36,685573,5068777.50
2012-12-13,3.33,3.36,3.29,3.30,680217,4991488.50
2012-12-14,3.32,3.45,3.29,3.44,1764182,13246802.00
2012-12-17,3.47,3.50,3.44,3.48,1872259,14309193.00
2012-12-18,3.46,3.50,3.44,3.44,1107542,8449692.00
2012-12-19,3.43,3.48,3.43,3.45,903626,6860951.50
2012-12-20,3.43,3.45,3.39,3.43,958745,7220004.00
2012-12-21,3.44,3.49,3.41,3.45,1712009,12999731.00
2012-12-24,3.45,3.53,3.43,3.52,1723117,13224566.00
2012-12-25,3.51,3.60,3.51,3.60,2269381,17777582.00
2012-12-26,3.59,3.67,3.57,3.65,2082522,16497691.00
2012-12-27,3.67,3.72,3.57,3.57,2552866,20276596.00
2012-12-28,3.55,3.64,3.55,3.63,1578878,12474366.00
2012-12-31,3.63,3.64,3.58,3.61,2287620,18073804.00
2013-01-04,3.65,3.66,3.55,3.60,1911387,15133350.00
2013-01-07,3.60,3.63,3.57,3.62,1246512,9845667.00
2013-01-08,3.64,3.70,3.60,3.70,2632060,21098924.00
2013-01-09,3.67,3.73,3.63,3.68,2566329,20699644.00
2013-01-10,3.67,3.71,3.65,3.69,2029131,16343892.00
2013-01-11,3.70,3.72,3.58,3.59,2285913,18357016.00
2013-01-14,3.57,3.72,3.56,3.71,2607394,20908446.00
2013-01-15,3.73,3.80,3.70,3.78,3934026,32400698.00
2013-01-16,3.78,3.86,3.73,3.82,3657478,30310910.00
2013-01-17,3.81,3.82,3.73,3.74,2304947,18939024.00
2013-01-18,3.75,3.81,3.72,3.80,2346934,19346860.00
2013-01-21,3.81,3.94,3.80,3.89,4830824,40764180.00
2013-01-22,3.87,3.92,3.78,3.85,3082489,25979958.00
2013-01-23,3.83,3.84,3.74,3.78,1651842,13632063.00
2013-01-24,3.78,3.87,3.66,3.70,2908114,23968786.00
2013-01-25,3.71,3.71,3.65,3.69,1431401,11536062.00
2013-01-28,3.68,3.78,3.68,3.78,1602533,13112951.00
2013-01-29,3.79,3.86,3.77,3.85,3742570,31317858.00
2013-01-30,3.85,3.94,3.79,3.92,4264628,36017332.00
2013-01-31,3.90,4.00,3.86,3.99,4990622,42779016.00
2013-02-01,3.98,4.02,3.94,4.02,3697520,32014074.00
2013-02-04,4.02,4.13,3.97,3.98,3555149,31139068.00
2013-02-05,3.96,4.14,3.90,4.07,3467506,30287020.00
2013-02-06,4.04,4.08,4.03,4.05,1494203,13140396.00
2013-02-07,4.03,4.04,3.93,3.95,3097456,26707736.00
2013-02-08,3.96,4.14,3.96,4.07,2943126,25804168.00
2013-02-18,4.07,4.21,4.04,4.15,2801056,25119114.00
2013-02-19,4.14,4.16,4.04,4.05,2098866,18617630.00
2013-02-20,4.05,4.13,4.03,4.11,1683157,14927351.00
2013-02-21,4.08,4.11,3.89,3.91,2951851,25411400.00
2013-02-22,3.89,3.96,3.89,3.90,1251204,10694708.00
2013-02-25,3.92,3.96,3.89,3.93,1087629,9289271.00
2013-02-26,3.91,3.95,3.81,3.82,1516866,12875968.00
2013-02-27,3.82,3.86,3.73,3.77,1944865,16102617.00
2013-02-28,3.79,3.86,3.76,3.86,1899573,15826822.00
2013-03-01,3.87,3.92,3.84,3.89,1624554,13727894.00
2013-03-04,3.86,3.86,3.71,3.73,2082619,17105028.00
2013-03-05,3.74,3.86,3.70,3.84,1482948,12270306.00
2013-03-06,3.85,3.88,3.83,3.88,2596575,21816838.00
2013-03-07,3.87,3.90,3.81,3.84,1923969,16221039.00
2013-03-08,3.84,3.89,3.82,3.85,1189272,10003886.00
2013-03-11,3.87,3.87,3.80,3.84,817285,6848827.50
2013-03-12,3.84,3.86,3.65,3.69,1852643,15136806.00
2013-03-13,3.69,3.74,3.63,3.67,835754,6709833.00
2013-03-14,3.67,3.73,3.65,3.68,1128405,9100873.00
2013-03-15,3.68,3.90,3.65,3.83,3091666,25689776.00
2013-03-18,3.79,3.82,3.71,3.72,1196884,9846413.00
2013-03-19,3.70,3.74,3.66,3.73,784909,6360832.00
2013-03-20,3.73,3.82,3.73,3.82,1171252,9695640.00
2013-03-21,3.82,3.85,3.80,3.82,1525981,12738661.00
2013-03-22,3.82,3.86,3.80,3.82,1207277,10075840.00
2013-03-25,3.81,3.85,3.81,3.84,840051,7021114.50
2013-03-26,3.85,3.85,3.74,3.77,964033,7937173.50
2013-03-27,3.75,3.84,3.75,3.81,754880,6244272.00
2013-03-28,3.79,3.81,3.67,3.75,1189618,9685682.00
2013-03-29,3.73,3.75,3.70,3.72,566306,4613796.00
2013-04-01,3.67,3.72,3.67,3.68,744878,6020086.00
2013-04-02,3.70,3.71,3.65,3.65,541984,4361071.50
2013-04-03,3.64,3.67,3.53,3.54,1113161,8755086.00
2013-04-08,3.51,3.64,3.46,3.61,955005,7477451.50
2013-04-09,3.60,3.68,3.60,3.65,523251,4180196.50
2013-04-10,3.63,3.64,3.55,3.59,998514,7856772.50
2013-04-11,3.59,3.61,3.55,3.57,756627,5935130.50
2013-04-12,3.55,3.59,3.53,3.54,396549,3094655.75
2013-04-15,3.51,3.56,3.46,3.47,492504,3785916.25
2013-04-16,3.47,3.55,3.42,3.53,391913,3000039.50
2013-04-17,3.53,3.56,3.50,3.56,385193,2990040.50
2013-04-18,3.54,3.61,3.51,3.58,466864,3661594.75
2013-04-19,3.57,3.66,3.57,3.64,762339,6065494.00
2013-04-22,3.59,3.75,3.59,3.69,861590,6950657.00
2013-04-23,3.70,3.70,3.56,3.58,743156,5884005.00
2013-04-24,3.58,3.66,3.57,3.63,663895,5263322.00
2013-04-25,3.62,3.70,3.56,3.69,1673769,13395506.00
2013-04-26,3.67,3.69,3.58,3.65,748830,5981779.50
2013-05-02,3.64,3.64,3.56,3.57,673622,5304023.50
2013-05-03,3.61,3.67,3.57,3.65,876133,6990244.00
2013-05-06,3.63,3.72,3.63,3.71,1272816,10252030.00
2013-05-07,3.70,3.70,3.64,3.67,765182,6154856.50
2013-05-08,3.67,3.75,3.67,3.74,1295300,10524732.00
2013-05-09,3.75,3.75,3.68,3.73,948646,7708224.00
2013-05-10,3.71,3.90,3.70,3.84,3342996,27985070.00
2013-05-13,3.85,3.92,3.80,3.89,1677854,14167881.00
2013-05-14,3.85,3.91,3.77,3.82,1316608,10963337.00
2013-05-15,3.85,3.86,3.79,3.86,676791,5648842.00
2013-05-16,3.85,3.88,3.82,3.84,1201659,10087794.00
2013-05-17,3.84,3.88,3.81,3.86,1842955,15466695.00
2013-05-20,3.87,3.95,3.85,3.94,2492914,21229456.00
2013-05-21,3.94,3.97,3.89,3.94,1857288,15887710.00
2013-05-22,3.92,3.98,3.86,3.87,1621655,13816423.00
2013-05-23,3.86,3.91,3.80,3.83,1334991,11223105.00
2013-05-24,3.82,3.89,3.80,3.87,1438290,12056790.00
2013-05-27,3.87,3.94,3.84,3.91,1437692,12196252.00
2013-05-28,3.91,3.92,3.85,3.89,1450481,12263201.00
2013-05-29,3.89,4.02,3.88,3.98,4063068,35066396.00
2013-05-30,3.95,4.01,3.93,3.97,2651452,22916274.00
2013-05-31,3.99,4.01,3.95,3.98,2149093,18607780.00
2013-06-03,3.98,4.05,3.96,4.04,3149250,27477530.00
2013-06-04,4.06,4.06,3.83,3.86,2819224,23970132.00
2013-06-05,3.85,3.88,3.76,3.80,1989836,16573926.00
2013-06-06,3.80,3.83,3.77,3.77,994520,8246350.00
2013-06-07,3.79,3.81,3.66,3.68,1430154,11608754.00
2013-06-13,3.65,3.73,3.48,3.60,1131338,8870157.00
2013-06-14,3.60,3.70,3.57,3.65,764470,6077732.50
2013-06-17,3.67,3.68,3.60,3.65,893819,7139696.00
2013-06-18,3.69,3.69,3.60,3.64,738622,5874354.00
2013-06-19,3.63,3.63,3.52,3.53,1363157,10613575.00
2013-06-20,3.53,3.57,3.47,3.47,908241,7032332.50
2013-06-21,3.45,3.47,3.39,3.44,1196399,9032096.00
2013-06-24,3.48,3.48,3.18,3.25,945957,6978951.00
2013-06-25,3.28,3.28,3.01,3.20,2224622,14979597.00
2013-06-26,3.23,3.35,3.12,3.30,1678729,11720682.00
2013-06-27,3.31,3.34,3.18,3.22,1040759,7347420.50
2013-06-28,3.18,3.28,3.14,3.19,1420483,9771989.00
2013-07-01,3.17,3.22,3.10,3.20,1706166,11563175.00
2013-07-02,3.20,3.24,3.15,3.24,1293809,8903766.00
2013-07-03,3.24,3.24,3.13,3.19,1296624,8861478.00
2013-07-04,3.17,3.24,3.15,3.22,2282435,15805583.00
2013-07-05,3.21,3.27,3.19,3.21,1413268,9816131.00
2013-07-08,3.22,3.22,3.06,3.11,1378795,9242985.00
2013-07-09,3.11,3.14,3.05,3.06,1420368,9425784.00
2013-07-10,3.06,3.16,3.06,3.16,1123754,7549833.00
2013-07-11,3.16,3.30,3.15,3.26,1944464,13550781.00
2013-07-12,3.25,3.28,3.19,3.21,1463862,10203318.00
2013-07-15,3.21,3.27,3.20,3.24,1820946,12665914.00
2013-07-16,3.24,3.30,3.22,3.30,1692570,11931817.00
2013-07-17,3.32,3.32,3.24,3.24,1444780,10178204.00
2013-07-18,3.23,3.26,3.20,3.22,1102491,7654862.00
2013-07-19,3.22,3.27,3.18,3.18,1087047,7533047.00
2013-07-22,3.16,3.19,3.13,3.19,974971,6661553.50
2013-07-23,3.19,3.29,3.17,3.28,2155322,15029653.00
2013-07-24,3.27,3.30,3.22,3.28,1591529,11167903.00
2013-07-25,3.28,3.35,3.28,3.30,2945964,20976052.00
2013-07-26,3.29,3.41,3.25,3.40,3161567,22798460.00
2013-07-29,3.40,3.44,3.30,3.32,2391124,17230974.00
2013-07-30,3.34,3.35,3.24,3.30,1502339,10692046.00
2013-07-31,3.33,3.35,3.30,3.33,1419053,10130890.00
2013-08-01,3.34,3.43,3.32,3.42,2293259,16714166.00
2013-08-02,3.43,3.44,3.39,3.40,1834508,13438227.00
2013-08-05,3.40,3.45,3.37,3.45,1804967,13254124.00
2013-08-06,3.45,3.47,3.41,3.45,1584666,11693258.00
2013-08-07,3.46,3.48,3.38,3.39,2019612,14862527.00
2013-08-08,3.39,3.43,3.38,3.39,1379954,10069417.00
2013-08-09,3.41,3.45,3.36,3.43,1562878,11431738.00
2013-08-12,3.45,3.49,3.42,3.49,1871966,13908902.00
2013-08-13,3.47,3.55,3.47,3.53,2213720,16638267.00
2013-08-14,3.52,3.59,3.47,3.49,2344402,17698830.00
2013-08-15,3.49,3.52,3.45,3.47,1716888,12812947.00
2013-08-16,3.46,3.59,3.44,3.53,3727463,28120570.00
2013-08-19,3.52,3.70,3.50,3.68,6945298,54033804.00
2013-08-20,3.68,3.85,3.50,3.85,8363318,66939544.00
2013-08-21,3.76,4.08,3.76,4.03,11098725,93296152.00
2013-08-22,4.02,4.06,3.96,4.01,6080217,51941316.00
2013-08-23,3.98,4.17,3.96,4.12,7612170,66030788.00
2013-08-26,4.13,4.43,4.10,4.18,12450959,113042472.00
2013-08-27,4.17,4.20,4.12,4.17,3710104,32649352.00
2013-08-28,4.04,4.16,4.04,4.06,2731134,23677860.00
2013-08-29,4.06,4.27,3.96,4.25,3225798,28558654.00
2013-08-30,4.20,4.32,4.15,4.19,3268772,29285520.00
2013-09-02,4.17,4.53,4.17,4.41,13846658,129526248.00
2013-09-03,4.41,4.69,4.37,4.46,15083982,143503936.00
2013-09-04,4.33,4.50,4.33,4.35,6718509,62546016.00
2013-09-05,4.37,4.45,4.24,4.30,7396246,67127712.00
2013-09-06,4.23,4.33,4.05,4.25,7290611,65520356.00
2013-09-09,4.25,4.62,4.25,4.55,13254462,124096616.00
2013-09-10,4.55,4.79,4.52,4.69,12553886,123943088.00
2013-09-11,4.65,4.83,4.52,4.63,11094563,108899344.00
2013-09-12,4.59,4.70,4.51,4.60,4123843,39924888.00
2013-09-13,4.60,4.79,4.55,4.72,7014881,69590576.00
2013-09-16,4.73,4.99,4.72,4.86,8327098,85353800.00
2013-09-17,4.93,5.00,4.62,4.66,6841706,68304904.00
2013-09-18,4.50,4.60,4.40,4.40,6539538,61926372.00
2013-09-23,4.43,4.60,4.43,4.55,9033667,86129360.00
2013-09-24,4.56,4.59,4.45,4.50,4755535,44971276.00
2013-09-25,4.55,4.74,4.53,4.55,10266387,100074784.00
2013-09-26,4.45,4.59,4.44,4.49,4968551,46883640.00
2013-09-27,4.54,4.62,4.41,4.51,4031198,38510820.00
2013-09-30,4.55,4.72,4.55,4.65,8716391,85437640.00
2013-10-08,4.64,4.89,4.58,4.83,12245618,123095536.00
2013-10-09,4.85,5.08,4.78,4.95,16713261,174421696.00
2013-10-10,5.00,5.14,4.74,4.78,15420738,156781680.00
2013-10-11,4.65,4.84,4.50,4.66,14881831,145730832.00
2013-10-14,4.67,4.85,4.40,4.40,16908668,163348864.00
2013-10-15,4.43,4.44,4.18,4.19,13979311,125826368.00
2013-10-16,4.21,4.22,4.05,4.07,9234160,80884896.00
2013-10-17,4.12,4.16,4.09,4.12,3930051,34333540.00
2013-10-18,4.16,4.18,4.05,4.14,3796363,33168874.00
2013-10-21,4.16,4.24,4.12,4.23,4737559,42054708.00
2013-10-22,4.23,4.23,4.08,4.09,4931113,43321964.00
2013-10-23,4.10,4.15,4.03,4.06,3475611,30106530.00
2013-10-24,4.03,4.08,4.03,4.05,2061342,17733974.00
2013-10-25,4.08,4.08,3.91,3.94,2861030,24204636.00
2013-10-28,3.94,3.99,3.93,3.97,1751160,14719382.00
2013-10-29,3.97,3.99,3.64,3.73,3815579,30747876.00
2013-10-30,3.74,3.82,3.71,3.81,1943385,15589056.00
2013-10-31,3.79,3.79,3.74,3.77,1522028,12220065.00
2013-11-01,3.76,3.80,3.73,3.78,1819679,14622105.00
2013-11-04,3.78,3.85,3.74,3.85,1736980,14087750.00
2013-11-05,3.84,3.88,3.79,3.88,1834218,14960681.00
2013-11-06,3.87,3.93,3.84,3.84,1946497,16096543.00
2013-11-07,3.83,3.85,3.72,3.85,1763485,14255164.00
2013-11-08,3.80,3.84,3.73,3.78,1492283,12023130.00
2013-11-11,3.78,3.79,3.70,3.77,1163516,9296054.00
2013-11-12,3.79,3.84,3.77,3.84,1841984,14947144.00
2013-11-13,3.83,3.83,3.74,3.75,1022449,8242256.50
2013-11-14,3.73,3.82,3.72,3.82,1092987,8806347.00
2013-11-15,3.84,3.97,3.82,3.93,3728207,31043442.00
2013-11-18,3.93,4.05,3.92,4.04,3613031,30578618.00
2013-11-19,4.04,4.06,3.98,4.00,2411760,20541526.00
2013-11-20,4.00,4.09,3.98,4.08,2626824,22522326.00
2013-11-21,4.09,4.09,3.99,4.04,1910879,16373980.00
2013-11-22,4.02,4.06,3.96,3.96,2622032,22299816.00
2013-11-25,3.95,4.03,3.93,3.99,1487658,12638235.00
2013-11-26,3.99,4.05,3.97,4.05,1908858,16324516.00
2013-11-27,4.05,4.15,4.01,4.14,2895849,25189718.00
2013-11-28,4.13,4.17,4.11,4.13,2792436,24504982.00
2013-11-29,4.13,4.17,4.11,4.15,2371946,20857446.00
2013-12-02,4.05,4.05,3.76,3.80,4820297,40093188.00
2013-12-03,3.79,3.93,3.77,3.90,1897579,15626844.00
2013-12-04,3.91,4.02,3.88,3.98,2167197,18261104.00
2013-12-05,3.98,4.00,3.94,3.97,3158800,26627934.00
2013-12-06,3.97,4.14,3.96,4.10,5320935,45870736.00
2013-12-09,4.12,4.19,4.09,4.12,4885043,42657020.00
2013-12-10,4.14,4.16,4.09,4.13,5191013,45446600.00
2013-12-11,4.13,4.14,4.01,4.05,4529424,39202312.00
2013-12-12,4.05,4.14,4.02,4.12,4831668,42055940.00
2013-12-13,4.12,4.29,4.09,4.29,10077234,89623408.00
2013-12-16,4.32,4.38,4.23,4.31,9134269,83163024.00
2013-12-17,4.31,4.33,4.15,4.22,4987108,44659580.00
2013-12-18,4.22,4.27,4.17,4.19,3576107,31946122.00
2013-12-19,4.20,4.29,4.18,4.28,5524607,49680048.00
2013-12-20,4.28,4.31,4.12,4.12,4215643,37571548.00
2013-12-23,4.10,4.12,3.88,3.94,3923393,33145030.00
2013-12-24,3.95,4.04,3.90,3.98,2112153,17910392.00
2013-12-25,4.00,4.07,3.94,4.07,2379607,20328198.00
2013-12-26,4.08,4.13,4.02,4.03,3163080,27319122.00
2013-12-27,4.03,4.17,4.02,4.14,2838416,24756164.00
2013-12-30,4.16,4.27,4.15,4.19,3076938,27489318.00
2013-12-31,4.17,4.22,4.14,4.20,2210552,19623632.00
2014-01-02,4.17,4.27,4.17,4.23,2613694,23373416.00
2014-01-03,4.21,4.24,4.11,4.11,3527921,31137090.00
2014-01-06,4.08,4.10,3.95,3.99,2966826,25221764.00
2014-01-07,3.97,4.02,3.91,4.00,1560496,13194365.00
2014-01-08,3.98,4.09,3.98,4.01,1752978,15020683.00
2014-01-09,3.99,4.05,3.90,3.91,2192626,18617974.00
2014-01-10,3.90,3.92,3.71,3.72,2883306,23348582.00
2014-01-13,3.73,3.77,3.63,3.67,2088608,16477023.00
2014-01-14,3.67,3.80,3.67,3.80,1700306,13628339.00
2014-01-15,3.79,3.85,3.77,3.84,1479388,12032775.00
2014-01-16,3.83,3.88,3.81,3.85,1375298,11250390.00
2014-01-17,3.85,3.85,3.75,3.77,1517545,12243064.00
2014-01-20,3.72,3.80,3.72,3.74,907574,7274996.00
2014-01-21,3.78,3.83,3.74,3.80,1069601,8639457.00
2014-01-22,3.80,3.91,3.80,3.89,1998804,16443283.00
2014-01-23,3.89,3.98,3.88,3.93,2303019,19242912.00
2014-01-24,3.93,4.00,3.92,3.94,2424027,20387142.00
2014-01-27,3.93,4.05,3.92,3.99,2895220,24547044.00
2014-01-28,3.98,4.04,3.95,4.00,1802504,15319659.00
2014-01-29,4.00,4.07,3.97,4.06,2003339,17134416.00
2014-01-30,4.05,4.10,4.02,4.04,2046508,17639596.00
2014-02-07,4.01,4.10,4.00,4.10,2237172,19218402.00
2014-02-10,4.10,4.23,4.09,4.19,3975084,35213840.00
2014-02-11,4.21,4.37,4.18,4.25,5869898,53142948.00
2014-02-12,4.25,4.36,4.22,4.35,4549211,41460196.00
2014-02-13,4.35,4.35,4.19,4.21,4412486,39949288.00
2014-02-14,4.21,4.50,4.21,4.47,7672669,71172800.00
2014-02-17,4.51,4.60,4.45,4.49,5963163,56680236.00
2014-02-18,4.51,4.57,4.42,4.53,5661189,53638452.00
2014-02-19,4.52,4.67,4.47,4.52,6089423,58740300.00
2014-02-20,4.52,4.57,4.34,4.37,5930942,55314036.00
2014-02-21,4.36,4.44,4.26,4.31,3905279,35834832.00
2014-02-24,4.29,4.40,4.26,4.40,3860130,35369344.00
2014-02-25,4.43,4.58,4.21,4.29,8232527,77273352.00
2014-02-26,4.29,4.40,4.21,4.40,3685978,33624032.00
2014-02-27,4.40,4.57,4.38,4.40,6146659,58315624.00
2014-02-28,4.35,4.55,4.28,4.54,4792415,44857364.00
2014-03-03,4.55,4.66,4.54,4.62,8686064,84283080.00
2014-03-04,4.62,4.66,4.49,4.66,6301621,60791092.00
2014-03-05,4.65,4.81,4.61,4.64,7438191,73795296.00
2014-03-06,4.63,4.77,4.52,4.72,6319967,62319604.00
2014-03-07,4.72,4.93,4.72,4.86,8519860,86764640.00
2014-03-10,4.75,4.82,4.53,4.60,5286303,51886068.00
2014-03-11,4.58,4.64,4.44,4.50,3882292,37224532.00
2014-03-12,4.50,4.50,4.29,4.46,4231872,39243264.00
2014-03-13,4.44,4.49,4.42,4.46,2037786,19194564.00
2014-03-14,4.44,4.47,4.33,4.37,2295619,21306184.00
2014-03-17,4.34,4.51,4.34,4.50,2184878,20559042.00
2014-03-18,4.52,4.56,4.47,4.52,2502088,23847696.00
2014-03-19,4.51,4.64,4.46,4.63,3460853,33413274.00
2014-03-20,4.60,4.70,4.41,4.41,4288182,41286452.00
2014-03-21,4.41,4.56,4.33,4.54,4170406,38989924.00
2014-03-24,4.53,4.58,4.51,4.58,3460697,33192818.00
2014-03-25,4.56,4.65,4.52,4.54,3218041,31050916.00
2014-03-26,4.55,4.66,4.52,4.55,3802566,36747304.00
2014-03-27,4.55,4.55,4.31,4.32,4689361,43722772.00
2014-03-28,4.32,4.38,4.16,4.20,4126122,37221440.00
2014-03-31,4.21,4.30,4.16,4.27,1686228,15144717.00
2014-04-01,4.26,4.36,4.24,4.36,1589980,14533750.00
2014-04-02,4.33,4.37,4.30,4.30,1315978,12063114.00
2014-04-03,4.30,4.36,4.28,4.33,1226170,11220981.00
2014-04-04,4.34,4.39,4.30,4.39,1370686,12631905.00
2014-04-08,4.39,4.48,4.37,4.45,2346948,22008114.00
2014-04-09,4.45,4.52,4.44,4.51,2190077,20776626.00
2014-04-10,4.48,4.57,4.46,4.53,2736124,26128442.00
2014-04-11,4.50,4.50,4.36,4.37,3790122,35220164.00
2014-04-14,4.37,4.45,4.35,4.45,2255596,21030982.00
2014-04-15,4.46,4.52,4.43,4.46,2780211,26321014.00
2014-04-16,4.44,4.48,4.39,4.44,1622095,15175050.00
2014-04-17,4.44,4.57,4.44,4.55,4286370,40973456.00
2014-04-18,4.54,4.65,4.53,4.57,4507233,43666520.00
2014-04-21,4.55,4.62,4.48,4.49,2861121,27466692.00
2014-04-22,4.49,4.51,4.31,4.45,2859244,26570176.00
2014-04-23,4.43,4.47,4.34,4.37,2302122,21333574.00
2014-04-24,4.35,4.39,4.33,4.34,1127334,10378933.00
2014-04-25,4.29,4.39,4.29,4.31,1667264,15264475.00
2014-04-28,4.25,4.29,4.15,4.15,2220066,19820838.00
2014-04-29,4.13,4.21,4.07,4.19,1593514,13991906.00
2014-04-30,4.18,4.26,4.14,4.26,1148510,10240605.00
2014-05-05,4.26,4.32,4.22,4.30,1015353,9155391.00
2014-05-06,4.26,4.37,4.25,4.31,1738179,15908358.00
2014-05-07,4.29,4.32,4.23,4.27,1147715,10397496.00
2014-05-08,4.26,4.34,4.20,4.27,1318018,11957992.00
2014-05-09,4.27,4.32,4.22,4.32,1291459,11709920.00
2014-05-12,4.36,4.47,4.32,4.46,2632052,24507388.00
2014-05-13,4.46,4.46,4.40,4.41,1550674,14485844.00
2014-05-14,4.41,4.56,4.41,4.50,4187503,39782952.00
2014-05-15,4.48,4.54,4.39,4.44,2734829,25723614.00
2014-05-16,4.40,4.49,4.39,4.49,2132286,19996848.00
2014-05-19,4.49,4.57,4.43,4.57,3967503,37772236.00
2014-05-20,4.55,4.62,4.47,4.52,3262943,31267480.00
2014-05-21,4.48,4.61,4.41,4.61,4107346,39330496.00
2014-05-22,4.59,4.66,4.54,4.56,4333036,42035536.00
2014-05-23,4.60,4.63,4.54,4.62,3086129,28914938.00
2014-05-26,4.62,4.73,4.59,4.61,4866234,46276240.00
2014-05-27,4.61,4.61,4.48,4.50,6129044,56698628.00
2014-05-28,4.50,4.52,4.45,4.50,4564099,41806004.00
2014-05-29,4.51,4.54,4.47,4.48,2805329,25814168.00
2014-05-30,4.47,4.57,4.46,4.57,3014936,27882626.00
2014-06-03,4.57,4.61,4.54,4.56,2933448,27412006.00
2014-06-04,4.55,4.71,4.53,4.71,8154807,77345000.00
2014-06-05,4.71,4.75,4.66,4.73,6565433,63209064.00
2014-06-06,4.74,4.75,4.65,4.71,4734809,45426756.00
2014-06-09,4.70,4.81,4.64,4.80,6240636,60377540.00
2014-06-10,4.79,4.80,4.72,4.78,4300425,41758580.00
2014-06-11,4.77,4.78,4.67,4.74,4467738,43037920.00
2014-06-12,4.71,4.82,4.67,4.68,4487662,43522148.00
2014-06-13,4.66,4.77,4.60,4.75,5686635,54576688.00
2014-06-16,4.76,4.83,4.73,4.75,4298419,41883452.00
2014-06-17,4.74,4.74,4.63,4.64,3578689,34197524.00
2014-06-18,4.63,4.67,4.51,4.53,4053503,37885452.00
2014-06-19,4.56,4.56,4.35,4.39,3527269,32153728.00
2014-06-20,4.39,4.44,4.37,4.43,1955702,17650160.00
2014-06-23,4.44,4.51,4.42,4.48,2036822,18624040.00
2014-06-24,4.48,4.51,4.46,4.49,1609245,14751665.00
2014-06-25,4.49,4.58,4.44,4.56,2315250,21296784.00
2014-06-26,4.55,4.67,4.54,4.65,3646520,34424588.00
2014-06-27,4.63,4.67,4.61,4.64,2323057,22040110.00
2014-06-30,4.62,4.71,4.62,4.67,2712324,25906030.00
2014-07-01,4.68,4.69,4.60,4.67,2804872,26614942.00
2014-07-02,4.67,4.76,4.62,4.75,4630944,44428624.00
2014-07-03,4.74,4.79,4.70,4.74,3478831,33711104.00
2014-07-04,4.74,5.04,4.71,4.98,12766842,128085952.00
2014-07-07,4.97,5.07,4.91,5.01,6652412,67570168.00
2014-07-08,4.99,4.99,4.85,4.92,9643394,96674152.00
2014-07-09,4.91,5.11,4.86,4.86,11405661,116002736.00
2014-07-10,4.86,4.97,4.83,4.93,5675373,56949420.00
2014-07-11,4.90,5.06,4.85,5.02,6668266,67771600.00
2014-07-14,5.04,5.17,5.04,5.10,7411964,77150032.00
2014-07-15,5.10,5.19,4.96,5.03,9476758,98094248.00
2014-07-16,5.02,5.07,4.89,4.91,5542831,56036640.00
2014-07-17,4.90,4.90,4.80,4.86,5825753,57543888.00
2014-07-18,4.85,4.94,4.82,4.86,6194639,61638384.00
2014-07-21,4.87,4.98,4.84,4.98,5506753,55304380.00
2014-07-22,4.98,5.03,4.95,4.99,4654059,47373540.00
2014-07-23,4.99,5.05,4.87,4.87,4682631,47268920.00
2014-07-24,4.85,4.90,4.71,4.74,5504235,53592804.00
2014-07-25,4.74,4.82,4.73,4.78,3797509,37007816.00
2014-07-28,4.78,4.89,4.78,4.88,5461471,54060040.00
2014-07-29,4.88,4.97,4.86,4.94,4984004,50144036.00
2014-07-30,4.93,5.03,4.91,4.99,4504513,45600524.00
2014-07-31,4.99,5.09,4.99,5.05,4846853,49847952.00
2014-08-01,5.08,5.08,4.95,4.97,5643992,57532272.00
2014-08-04,4.97,5.27,4.95,5.27,11735102,123280456.00
2014-08-05,5.25,5.27,5.17,5.24,6836598,72604136.00
2014-08-06,5.23,5.33,5.16,5.19,6469624,68918464.00
2014-08-07,5.19,5.32,5.16,5.21,5940486,63245704.00
2014-08-08,5.19,5.30,5.17,5.22,4269496,45533740.00
2014-08-11,5.23,5.44,5.22,5.40,7251301,79264928.00
2014-08-12,5.42,5.47,5.35,5.36,6456328,71037656.00
2014-08-13,5.36,5.53,5.33,5.48,6632469,73551424.00
2014-08-14,5.52,5.53,5.34,5.35,6553620,72594592.00
2014-08-15,5.35,5.38,5.26,5.32,6787108,73452152.00
2014-09-15,5.68,5.86,5.50,5.86,18728189,215573616.00
2014-09-16,5.94,5.96,5.51,5.53,17559323,205291024.00
2014-09-17,5.53,5.68,5.39,5.67,10254779,115028944.00
2014-09-18,5.60,5.74,5.55,5.67,6551601,75396672.00
2014-09-19,5.64,5.78,5.64,5.75,6572038,76495256.00
2014-09-22,5.71,5.76,5.55,5.70,6545828,75200080.00
2014-09-23,5.67,5.80,5.64,5.76,7505468,87530560.00
2014-09-24,5.80,5.92,5.76,5.87,8311496,99173104.00
2014-09-25,5.89,5.93,5.74,5.77,6592932,78056448.00
2014-09-26,5.79,5.79,5.71,5.78,4848250,56725792.00
2014-09-29,5.80,5.92,5.77,5.89,6480432,76682072.00
2014-09-30,5.90,6.07,5.85,6.02,7286660,88281888.00
2014-10-08,6.00,6.29,5.99,6.21,7909964,98965880.00
2014-10-09,6.20,6.25,6.02,6.21,5272005,65863956.00
2014-10-10,6.15,6.17,6.04,6.06,5001508,61953956.00
2014-10-13,6.00,6.07,5.85,6.07,6814507,82263880.00
2014-10-14,6.02,6.11,5.91,6.02,4309222,52844728.00
2014-10-15,6.02,6.04,5.88,5.98,3526709,42698764.00
2014-10-16,5.93,6.02,5.80,5.81,5652721,68053496.00
2014-10-17,5.79,5.83,5.59,5.60,7730554,89344696.00
2014-10-20,5.64,5.73,5.59,5.71,3621081,41891516.00
2014-10-21,5.71,5.79,5.68,5.72,4189630,48993716.00
2014-10-22,5.67,5.75,5.55,5.55,3608740,41501812.00
2014-10-23,5.56,5.59,5.38,5.49,5212090,58051548.00
2014-10-24,5.48,5.55,5.47,5.53,2569528,28873932.00
2014-10-27,5.51,5.71,5.48,5.66,4063267,46654012.00
2014-10-28,5.67,5.85,5.67,5.82,4494876,52869680.00
2014-10-29,5.84,5.93,5.78,5.86,6628115,78810648.00
2014-10-30,5.85,5.96,5.82,5.87,6317396,75569624.00
2014-10-31,5.88,6.02,5.85,5.97,7244307,87566048.00
2014-11-03,6.00,6.05,5.96,6.00,5673828,69177808.00
2014-11-04,6.00,6.00,5.85,5.88,5024204,60429460.00
2014-11-05,5.87,6.02,5.87,5.90,4390194,53019336.00
2014-11-06,5.93,6.07,5.88,6.05,5807485,70648368.00
2014-11-07,6.08,6.13,5.82,5.86,6479017,78964448.00
2014-11-10,5.85,5.93,5.82,5.87,4701621,56024476.00
2014-11-11,5.91,5.93,5.57,5.60,6818139,78891888.00
2014-11-12,5.59,5.69,5.59,5.68,4734587,54132004.00
2014-11-13,5.66,5.70,5.50,5.59,4434645,50526472.00
2014-11-14,5.53,5.62,5.52,5.61,1913742,21706440.00
2014-11-17,5.63,5.73,5.54,5.70,3516684,40567640.00
2014-11-18,5.72,5.75,5.66,5.70,2138655,24836382.00
2014-11-19,5.71,5.84,5.67,5.83,4783893,56055700.00
2014-11-20,5.80,5.88,5.76,5.80,2669314,31541044.00
2014-11-21,5.77,5.94,5.76,5.80,6207161,73867664.00
2014-11-24,5.93,5.93,5.84,5.87,5680982,67870296.00
2014-11-25,5.89,5.89,5.78,5.86,9830302,116659768.00
2014-11-26,5.86,5.87,5.77,5.83,7819368,92525496.00
2014-11-27,5.82,6.04,5.82,6.03,12979671,156934416.00
2014-11-28,6.05,6.05,5.91,5.96,7573945,91967840.00
2014-12-01,5.97,6.03,5.82,5.87,6066859,72900960.00
2014-12-02,5.84,6.00,5.83,5.96,6260568,75706920.00
2014-12-03,5.96,6.07,5.85,6.07,9313671,112703592.00
2014-12-04,6.06,6.23,6.03,6.09,15116255,188139808.00
2014-12-05,6.10,6.10,5.68,5.79,11628682,138712544.00
2014-12-08,5.75,5.80,5.58,5.71,6344021,73863920.00
2014-12-09,5.70,5.70,5.43,5.43,8995425,102499768.00
2014-12-10,5.45,5.63,5.43,5.60,4044051,45572732.00
2014-12-11,5.58,5.71,5.55,5.69,4353834,50037064.00
2014-12-12,5.69,5.74,5.65,5.71,4128700,47864228.00
2014-12-15,5.70,5.81,5.65,5.80,4047761,47354356.00
2014-12-16,5.80,5.80,5.72,5.75,3370328,39429844.00
2014-12-17,5.73,5.74,5.57,5.64,4231247,48796356.00
2014-12-18,5.64,5.69,5.60,5.62,2971434,34114240.00
2014-12-19,5.62,5.67,5.45,5.51,4467600,50322196.00
2014-12-22,4.99,5.17,4.95,4.95,10697986,108597552.00
2014-12-23,4.90,5.05,4.74,4.91,8285448,82903120.00
2014-12-24,4.94,5.13,4.91,5.11,5257552,54149572.00
2014-12-25,5.12,5.20,5.08,5.14,4600767,48237732.00
2014-12-26,5.16,5.16,5.05,5.11,3860580,40152512.00
2014-12-29,5.12,5.15,4.95,4.98,4932943,50254460.00
2014-12-30,4.98,5.04,4.93,4.97,3519555,35751276.00
2014-12-31,4.97,4.99,4.89,4.98,3855778,38892624.00
2015-01-05,4.99,5.11,4.96,5.08,4098000,42153148.00
2015-01-06,5.07,5.20,5.03,5.19,5302127,55419568.00
2015-01-07,5.20,5.21,5.12,5.18,3225653,33962668.00
2015-01-08,5.17,5.24,5.14,5.18,3361142,35552384.00
2015-01-09,5.17,5.23,5.15,5.16,3582361,37933732.00
2015-01-12,5.16,5.16,4.98,5.03,2397821,24742332.00
2015-01-13,5.02,5.13,4.98,5.12,2452809,25372148.00
2015-01-14,5.10,5.16,5.09,5.11,2258660,23596832.00
2015-01-15,5.13,5.19,5.12,5.17,2347368,24708668.00
2015-01-16,5.20,5.26,5.17,5.24,2957023,31482968.00
2015-01-19,5.17,5.32,5.05,5.11,5038580,53301784.00
2015-01-20,5.11,5.27,5.11,5.27,4457239,47364416.00
2015-01-21,5.30,5.42,5.28,5.38,6655929,72607072.00
2015-01-22,5.38,5.45,5.36,5.42,4114555,45296364.00
2015-01-23,5.42,5.45,5.36,5.37,3367114,36982344.00
2015-01-26,5.37,5.48,5.37,5.48,3466335,38386796.00
2015-01-27,5.48,5.51,5.38,5.47,3735260,41500412.00
2015-01-28,5.45,5.49,5.42,5.43,3070601,34113860.00
2015-01-29,5.40,5.45,5.36,5.41,2585302,28481818.00
2015-01-30,5.41,5.45,5.36,5.37,2416945,26576598.00
2015-02-02,5.35,5.46,5.32,5.40,2683465,29566080.00
2015-02-03,5.44,5.46,5.39,5.43,2867525,31636182.00
2015-02-04,5.44,5.49,5.43,5.45,3423667,38033580.00
2015-02-05,5.50,5.53,5.39,5.41,3479412,38738676.00
2015-02-06,5.38,5.40,5.21,5.23,3022027,32708698.00
2015-02-09,5.23,5.32,5.20,5.25,2209353,23637766.00
2015-02-10,5.25,5.29,5.20,5.28,2334661,25012438.00
2015-02-11,5.30,5.33,5.24,5.26,3074726,33074996.00
2015-02-12,5.27,5.34,5.27,5.34,2640470,28561574.00
2015-02-13,5.35,5.46,5.35,5.41,3683756,40621292.00
2015-02-16,5.43,5.56,5.41,5.54,4189079,46973888.00
2015-02-17,5.57,5.59,5.51,5.54,2886410,32556582.00
2015-02-25,5.55,5.60,5.49,5.55,3083509,34835240.00
2015-02-26,5.55,5.63,5.53,5.63,3287121,37350672.00
2015-02-27,5.63,5.67,5.59,5.62,3598580,41149612.00
2015-03-02,5.65,5.68,5.61,5.68,4892332,56295044.00
2015-03-03,5.66,5.71,5.61,5.62,5667244,65173712.00
2015-03-04,5.60,5.69,5.59,5.69,3772165,43442028.00
2015-03-05,5.69,5.78,5.67,5.77,5296152,61726980.00
2015-03-06,5.80,5.80,5.70,5.74,5312401,62058100.00
2015-03-09,5.72,5.81,5.64,5.80,4426451,51714892.00
2015-03-10,5.80,5.94,5.78,5.87,5441783,65086364.00
2015-03-11,5.87,5.94,5.83,5.88,4352079,51991240.00
2015-03-12,5.89,6.03,5.88,5.90,6258751,75637192.00
2015-03-13,5.93,6.02,5.90,5.99,4229187,51327172.00
2015-03-16,6.06,6.18,6.02,6.15,7496798,92879136.00
2015-03-17,6.14,6.24,6.08,6.16,8942855,111817496.00
2015-03-18,6.16,6.43,6.14,6.42,12597599,161362976.00
2015-03-19,6.42,6.44,6.30,6.38,8053027,104136592.00
2015-03-20,6.36,6.62,6.36,6.49,8172206,108147216.00
2015-03-23,6.60,6.73,6.50,6.59,8909880,118845832.00
2015-03-24,6.61,6.65,6.30,6.50,11256422,148323472.00
2015-03-25,6.50,6.79,6.48,6.70,10573651,142800032.00
2015-03-26,6.67,6.79,6.55,6.63,8807189,119076792.00
2015-03-27,6.63,6.69,6.55,6.66,5793046,77960312.00
2015-03-30,6.55,6.75,6.40,6.69,14903329,198581728.00
2015-03-31,6.70,7.28,6.70,7.09,17150581,244851904.00
2015-04-01,7.10,7.33,7.09,7.21,10369337,151983920.00
2015-04-02,7.20,7.37,7.16,7.33,10017927,147807440.00
2015-04-03,7.30,7.83,7.28,7.78,11378075,175858384.00
2015-04-07,7.82,8.13,7.82,7.85,11706008,187629168.00
2015-04-08,7.86,8.00,7.42,7.73,12208306,191798304.00
2015-04-09,7.72,7.78,7.23,7.78,10717014,164442928.00
2015-04-10,7.74,8.57,7.65,8.57,13361872,226844752.00
2015-04-13,8.85,9.43,8.68,9.43,21650667,402693696.00
2015-04-14,9.48,10.24,9.30,9.42,21577330,423176960.00
2015-04-15,9.25,10.00,8.91,9.75,23967300,460446880.00
2015-04-16,9.96,9.97,9.25,9.52,24126621,469845760.00
2015-04-17,9.74,9.74,9.10,9.25,20866886,392827648.00
2015-04-20,9.22,9.22,8.75,8.78,13784910,249933104.00
2015-04-21,8.66,9.67,8.66,9.67,13434500,251447360.00
2015-04-22,10.60,10.60,9.94,10.01,30331800,629900864.00
2015-04-23,9.83,10.54,9.79,10.23,19939373,412810336.00
2015-04-24,10.15,11.26,9.96,11.26,26925607,585838016.00
2015-04-27,11.70,12.15,11.09,11.17,28311635,653821312.00
2015-04-28,10.92,11.63,10.89,11.19,16861627,382093600.00
2015-04-29,10.98,12.10,10.90,11.61,19985398,468945248.00
2015-04-30,11.48,11.68,11.15,11.17,14193443,325367136.00
2015-05-04,10.93,11.45,10.90,11.20,9291371,210008992.00
2015-05-05,11.15,11.89,11.01,11.10,16220879,375939072.00
2015-05-06,11.00,11.30,10.06,10.13,13849534,303062624.00
2015-05-07,10.00,10.18,9.45,9.65,11103435,219492560.00
2015-05-08,9.85,10.34,9.80,10.31,11323248,229689904.00
2015-05-11,10.45,10.89,10.43,10.81,10736889,232299088.00
2015-05-12,10.93,11.06,10.68,10.95,10817763,237543264.00
2015-05-13,10.84,11.64,10.73,11.48,12468951,282393280.00
2015-05-14,11.45,11.77,11.30,11.30,11455577,265992544.00
2015-05-15,11.43,11.45,10.69,10.85,11955955,264485648.00
2015-05-18,10.80,11.29,10.69,11.27,9159525,204791872.00
2015-05-19,11.33,12.41,11.23,12.41,17750676,425863840.00
2015-05-20,12.75,13.35,12.41,12.86,19506082,508241856.00
2015-05-21,12.74,13.49,12.71,13.46,14453150,384253856.00
2015-05-22,14.40,14.65,13.66,13.91,21280256,603342208.00
2015-05-25,13.88,15.26,13.63,15.04,16699074,485694432.00
2015-05-26,15.40,16.40,15.16,16.40,19743628,625055424.00
2015-05-27,16.65,17.05,15.75,16.49,20840334,697779392.00
2015-05-28,16.58,17.69,15.00,15.39,53409896,892840896.00
2015-05-29,15.09,15.99,14.03,14.74,34071600,505550944.00
2015-06-01,14.99,15.54,14.74,15.38,27521088,418663840.00
2015-06-02,15.39,16.92,15.11,16.92,36021407,574979072.00
2015-06-04,18.31,18.61,17.20,18.61,49241455,896188992.00
2015-06-05,19.50,19.85,17.90,18.25,53205833,1001389888.00
2015-06-08,17.75,17.89,16.86,17.00,36192293,624321024.00
2015-06-09,16.87,17.55,16.31,17.35,23207961,395773824.00
2015-06-10,17.02,17.85,16.80,17.56,29299020,509997056.00
2015-06-11,17.25,17.65,17.05,17.32,24017188,415319104.00
2015-06-12,17.28,17.58,17.15,17.37,24965153,433163904.00
2015-06-15,17.65,18.83,17.50,18.47,49747131,906921984.00
2015-06-16,18.36,19.17,17.72,18.80,51732238,964724992.00
2015-06-17,18.60,18.77,16.99,18.20,36040308,647123520.00
2015-06-18,18.00,18.50,17.11,17.20,22934164,411676608.00
2015-06-19,16.50,16.90,15.48,15.48,20121618,323309376.00
2015-06-23,15.10,15.67,13.93,14.75,25628411,372052416.00
2015-06-24,15.01,15.63,14.64,15.15,26807597,407432320.00
2015-06-25,15.16,15.28,13.70,14.13,26910408,392923904.00
2015-06-26,13.51,13.54,12.72,12.72,17189046,222391488.00
2015-06-29,12.99,12.99,11.45,11.45,21245748,248798864.00
2015-07-01,12.00,12.60,11.00,11.99,38955359,478577312.00
2015-07-02,11.99,11.99,10.79,10.79,26264590,293430784.00
2015-07-03,9.79,10.59,9.71,9.71,22407160,221491232.00
2015-07-06,10.60,10.60,8.74,8.74,32429233,302186208.00
2015-07-07,8.00,8.00,7.87,7.87,5673800,44723900.00
2015-07-13,8.66,8.66,8.66,8.66,495582,4291740.00
2015-07-14,9.53,9.53,9.53,9.53,586569,5590002.50
2015-07-15,10.48,10.48,8.60,8.81,46987823,454590432.00
2015-07-16,8.81,9.30,7.95,9.00,32186222,282574016.00
2015-07-17,9.08,9.90,9.00,9.90,28621502,275478528.00
2015-07-20,10.32,10.85,10.08,10.65,42145361,444027104.00
2015-07-21,10.45,11.36,10.18,11.16,39930123,436344384.00
2015-07-22,10.99,11.65,10.83,11.50,42430006,481124256.00
2015-07-23,11.39,11.79,11.25,11.71,31392929,363344864.00
2015-07-24,11.71,11.95,11.10,11.19,31815771,369990720.00
2015-07-27,10.98,11.58,10.07,10.07,32167232,351462976.00
2015-07-28,9.30,10.28,9.10,9.20,27646089,264506144.00
2015-07-29,9.50,10.12,8.75,10.10,31300581,292711360.00
2015-07-30,10.00,10.75,9.79,9.91,33072523,340773856.00
2015-07-31,9.88,10.24,9.60,9.89,19829173,198360560.00
2015-08-03,9.70,9.78,8.90,8.98,21847484,200948032.00
2015-08-04,9.09,9.88,9.04,9.87,21029670,198592384.00
2015-08-05,9.95,10.15,9.52,9.73,24032411,237684288.00
2015-08-06,9.40,9.79,9.26,9.51,13000745,124296408.00
2015-08-07,9.50,10.10,9.50,10.04,22478447,221832128.00
2015-08-10,10.13,10.97,10.13,10.75,30698878,322466400.00
2015-08-11,10.71,11.00,10.42,10.73,35503909,380348224.00
2015-08-12,10.60,10.95,10.51,10.73,27421357,296361408.00
2015-08-13,10.61,11.01,10.55,11.01,28385379,306528384.00
2015-08-14,11.08,11.39,10.87,11.18,35219484,391003392.00
2015-08-17,11.12,11.80,11.01,11.76,38538007,443229280.00
2015-08-18,11.65,11.86,10.58,10.58,36597854,407424928.00
2015-08-19,10.10,10.88,9.55,10.65,35663313,359994560.00
2015-08-20,10.34,10.49,9.86,9.89,22179582,226379264.00
2015-08-21,9.80,9.85,9.09,9.13,20153585,191435536.00
2015-08-24,8.80,8.85,8.22,8.22,13283180,110473888.00
2015-08-25,7.40,7.69,7.40,7.40,14499282,107989472.00
2015-08-26,7.41,7.73,6.71,6.95,21677055,158593664.00
2015-08-27,7.27,7.39,6.88,7.38,16923830,121701280.00
2015-08-28,7.53,8.12,7.42,8.12,24113593,187461632.00
2015-08-31,8.20,8.20,7.58,7.75,18473891,144330544.00
2015-09-01,7.67,7.67,7.05,7.07,12516546,90902208.00
2015-09-02,6.66,7.38,6.60,6.92,14007968,97987440.00
2015-09-07,7.01,7.40,7.01,7.10,11390053,82133344.00
2015-09-08,7.02,7.65,6.97,7.52,9785446,71061608.00
2015-09-09,7.61,7.86,7.48,7.83,17097059,131985576.00
2015-09-10,7.63,7.80,7.51,7.55,12300345,94219392.00
2015-09-11,7.48,7.67,7.43,7.60,8481661,64156332.00
2015-09-14,7.63,7.66,6.84,6.84,13063369,93213584.00
2015-09-15,6.60,6.69,6.16,6.16,14748074,93935208.00
2015-09-16,6.24,6.78,6.13,6.77,19942138,127110160.00
2015-09-17,6.68,7.04,6.46,6.54,20796621,139594064.00
2015-09-22,6.89,6.89,6.89,6.89,0,0.00
数据来源:通达信
