002183 怡 亚 通 日线 前复权
      日期	    开盘	    最高	    最低	    收盘	    成交量	    成交额
2007-11-13,7.23,8.05,7.23,7.31,19019958,1036256896.00
2007-11-14,7.55,8.09,7.26,7.77,9254373,510049824.00
2007-11-15,7.62,7.66,6.98,7.05,6302350,329820800.00
2007-11-16,6.79,7.46,6.75,7.37,2953919,151729568.00
2007-11-19,7.31,7.90,7.16,7.68,2314056,127120968.00
2007-11-20,7.74,8.41,7.54,8.12,3832092,221469072.00
2007-11-21,8.00,8.84,8.00,8.66,3068759,184704736.00
2007-11-22,8.42,8.79,8.28,8.39,2670879,161298608.00
2007-11-23,8.39,8.94,8.28,8.49,1997905,123196736.00
2007-11-26,8.57,8.71,8.25,8.28,1448733,86918648.00
2007-11-27,8.15,8.25,7.60,7.64,2390458,134777920.00
2007-11-28,7.69,8.03,7.56,7.95,1004176,56369028.00
2007-11-29,8.14,8.79,8.00,8.79,1875899,114035704.00
2007-11-30,8.94,9.50,8.91,9.01,1850394,120835216.00
2007-12-03,8.71,9.53,8.68,9.04,996121,64376360.00
2007-12-04,9.01,9.99,8.94,9.99,1484231,101594184.00
2007-12-05,10.04,10.85,9.90,10.20,1857729,135385536.00
2007-12-06,10.24,10.70,10.05,10.49,850677,62765492.00
2007-12-07,10.45,10.79,10.23,10.37,626860,46069812.00
2007-12-10,10.38,11.37,10.37,11.31,896037,68818720.00
2007-12-11,11.38,11.66,10.94,11.23,852123,67382480.00
2007-12-12,11.17,12.01,10.98,11.75,880614,72163832.00
2007-12-13,11.75,12.10,11.11,11.29,1172744,95055408.00
2007-12-17,11.53,11.93,10.71,10.79,1261121,99077816.00
2007-12-18,10.77,11.20,10.29,10.94,1175280,88976936.00
2007-12-19,10.95,11.53,10.76,11.35,808017,63413888.00
2007-12-20,11.23,11.44,11.01,11.31,473878,37484332.00
2007-12-21,11.45,11.45,10.86,11.06,741222,57592952.00
2007-12-24,10.99,12.21,10.95,12.21,1745287,146295536.00
2007-12-25,11.90,11.90,11.31,11.35,1809085,147006752.00
2007-12-26,11.36,11.66,11.07,11.47,828431,66245300.00
2007-12-27,11.26,11.62,11.23,11.29,673929,53940888.00
2007-12-28,11.31,11.33,10.93,11.08,789284,61559872.00
2008-01-02,11.30,11.68,11.21,11.45,908261,72957208.00
2008-01-03,11.38,12.57,11.16,12.11,1257415,105923976.00
2008-01-04,12.11,12.11,11.69,11.92,644442,53672956.00
2008-01-07,11.81,11.92,11.38,11.59,1009819,82018960.00
2008-01-08,11.59,11.82,11.17,11.32,780599,62354200.00
2008-01-09,11.23,11.53,11.23,11.42,612493,48946512.00
2008-01-10,11.43,11.59,11.11,11.16,1008616,79800672.00
2008-01-11,11.14,11.38,10.69,11.33,1038166,80406160.00
2008-01-14,11.08,11.50,11.01,11.42,548139,43604616.00
2008-01-15,11.38,11.60,11.23,11.37,650016,52194484.00
2008-01-16,11.32,12.06,11.23,11.69,1116129,91993200.00
2008-01-17,11.55,12.69,11.39,12.57,2428158,207499792.00
2008-01-18,12.57,13.45,12.43,12.89,1256936,113708888.00
2008-01-21,12.88,13.34,12.42,12.68,809248,72740928.00
2008-01-22,12.42,12.43,11.37,11.37,1146946,93746880.00
2008-01-23,11.12,11.75,10.49,11.44,1059652,83961776.00
2008-01-24,11.42,11.76,11.01,11.50,666615,53657308.00
2008-01-25,11.38,11.53,10.89,10.91,860103,67420456.00
2008-01-28,10.76,10.87,9.77,9.77,1181058,83633120.00
2008-01-29,9.60,10.04,9.45,9.85,530611,36706332.00
2008-01-30,9.87,10.12,9.53,9.88,429661,29908664.00
2008-01-31,9.78,9.82,9.31,9.38,567802,38504180.00
2008-02-01,9.28,9.39,8.49,9.39,1090527,69293096.00
2008-02-04,9.40,10.17,9.40,10.10,811866,56796684.00
2008-02-05,9.77,9.97,9.69,9.72,568068,39405492.00
2008-02-13,9.38,9.45,8.86,9.22,2763674,178977600.00
2008-02-14,9.28,9.63,9.16,9.51,1238298,82387680.00
2008-02-15,9.40,9.57,9.25,9.53,762717,50991808.00
2008-02-19,9.74,10.27,9.74,10.20,1746340,123727344.00
2008-02-20,10.22,10.73,10.21,10.34,1780694,132207528.00
2008-02-21,10.33,10.67,10.18,10.64,991805,73131080.00
2008-02-22,10.64,10.64,9.93,10.34,917595,66615976.00
2008-02-25,10.20,10.27,9.61,9.70,541851,38079936.00
2008-02-26,9.90,10.13,8.88,9.65,817137,54411736.00
2008-02-27,9.16,9.67,9.05,9.44,731473,48781608.00
2008-02-28,8.45,9.05,8.45,8.86,2191764,136365056.00
2008-02-29,8.74,9.18,8.58,9.16,880203,56188808.00
2008-03-03,9.01,9.24,8.80,8.99,941697,60229572.00
2008-03-04,8.99,9.40,8.94,9.23,780496,50915600.00
2008-03-05,9.16,9.27,9.01,9.27,597962,38610676.00
2008-03-06,9.38,9.44,9.11,9.27,445846,29095614.00
2008-03-07,9.26,9.26,8.80,9.20,618992,39635316.00
2008-03-10,9.16,9.16,8.73,8.95,311023,19603004.00
2008-03-11,8.94,8.98,8.41,8.52,542135,32954578.00
2008-03-12,8.59,8.61,7.84,8.05,709847,41326696.00
2008-03-13,7.84,7.97,7.56,7.58,380372,21107552.00
2008-03-14,7.57,7.65,7.41,7.57,264036,14240589.00
2008-03-17,7.67,7.67,7.08,7.08,751391,39006716.00
2008-03-18,6.98,7.09,6.33,6.39,528018,25255294.00
2008-03-19,6.60,6.77,6.39,6.42,464307,21977272.00
2008-03-20,6.39,6.86,5.79,6.64,534967,24450628.00
2008-03-21,6.61,6.75,6.39,6.71,531508,25478074.00
2008-03-24,6.71,6.81,6.19,6.20,329872,15636522.00
2008-03-25,6.09,6.21,5.91,6.12,272857,12079207.00
2008-03-26,6.14,6.37,5.93,6.03,548391,24682870.00
2008-03-27,5.96,5.96,5.47,5.47,746379,30857584.00
2008-03-28,5.46,5.93,5.45,5.83,487808,20193128.00
2008-03-31,5.72,5.75,5.42,5.75,346373,14182559.00
2008-04-01,5.73,5.73,5.13,5.15,352253,13842474.00
2008-04-02,5.20,5.53,4.83,5.24,538242,20873232.00
2008-04-03,5.28,5.50,5.04,5.45,475366,18595054.00
2008-04-07,5.38,5.89,5.23,5.82,839383,35135500.00
2008-04-08,5.79,6.08,5.65,6.07,659478,28310168.00
2008-04-09,5.91,6.05,5.47,5.55,314106,13365822.00
2008-04-10,5.38,5.59,5.27,5.56,336619,13416290.00
2008-04-11,5.53,5.74,5.53,5.60,196124,8083395.50
2008-04-14,5.45,5.57,5.14,5.16,230173,8953946.00
2008-04-15,5.16,5.38,4.99,5.38,316699,12084418.00
2008-04-16,5.37,5.42,4.94,4.98,474703,17802296.00
2008-04-17,4.98,5.08,4.71,4.74,301506,10882598.00
2008-04-18,4.65,5.03,4.57,5.03,560547,20153516.00
2008-04-22,5.16,5.58,4.94,5.58,1410728,55976608.00
2008-04-23,5.58,6.17,5.50,6.08,1518913,65850248.00
2008-04-24,6.64,6.73,6.30,6.64,2117042,100587608.00
2008-04-25,6.49,6.94,6.34,6.70,1541610,74598216.00
2008-04-28,6.49,6.92,6.37,6.71,804251,39004036.00
2008-04-29,6.61,6.91,6.61,6.80,720653,35451120.00
2008-04-30,6.79,7.44,6.79,7.38,949019,49626576.00
2008-05-05,7.53,7.97,7.41,7.84,1226421,68274456.00
2008-05-06,7.84,7.84,7.41,7.53,1117591,61176760.00
2008-05-07,7.54,8.09,7.50,7.53,1044492,58112348.00
2008-05-08,7.53,7.94,7.39,7.91,690298,37973592.00
2008-05-09,8.05,8.12,7.54,7.82,677494,37846504.00
2008-05-12,7.71,7.97,7.53,7.68,847676,47293032.00
2008-05-14,7.58,7.94,7.58,7.74,737302,40657436.00
2008-05-15,7.69,8.56,7.60,8.55,1316149,76016128.00
2008-05-16,8.27,8.98,8.27,8.63,1284466,79576192.00
2008-05-19,8.63,8.63,8.27,8.45,605809,36422404.00
2008-05-20,8.45,8.56,7.55,7.70,704894,40904780.00
2008-05-21,7.68,8.05,7.63,7.98,1001315,56492392.00
2008-05-22,7.88,7.88,7.44,7.54,1392007,37910208.00
2008-05-23,7.44,7.44,6.76,6.95,1740200,43939744.00
2008-05-26,6.73,6.84,6.40,6.43,1217064,28763548.00
2008-05-27,6.31,6.87,6.31,6.69,1063289,25369594.00
2008-05-28,6.69,7.11,6.66,6.96,1184523,29392636.00
2008-05-29,6.96,6.99,6.50,6.54,933998,22518666.00
2008-05-30,6.44,6.78,6.44,6.52,911391,21405526.00
2008-06-02,6.40,6.67,6.40,6.50,834613,19570450.00
2008-06-03,6.50,6.58,6.35,6.44,791415,18295984.00
2008-06-04,6.49,6.68,6.40,6.58,788628,18595030.00
2008-06-05,6.64,7.28,6.64,7.27,2259777,57190760.00
2008-06-06,7.23,7.74,6.93,7.56,2831161,74632664.00
2008-06-10,7.20,7.81,6.76,6.78,2960134,76369408.00
2008-06-11,6.70,6.96,6.11,6.86,1969230,45944044.00
2008-06-12,6.74,6.96,6.37,6.40,1278004,30409136.00
2008-06-13,6.35,6.62,6.19,6.19,1083209,25015386.00
2008-06-16,6.22,6.43,5.74,5.79,1082718,23220534.00
2008-06-17,5.75,5.92,5.38,5.64,1023654,20958692.00
2008-06-18,5.66,6.25,5.18,6.25,1747552,36929860.00
2008-06-19,6.11,6.36,5.58,5.60,1829728,39435340.00
2008-06-20,5.61,6.17,5.31,5.78,1251517,26580580.00
2008-06-23,5.57,5.96,5.56,5.83,620483,13024613.00
2008-06-24,5.78,6.40,5.78,6.14,1224938,27169006.00
2008-06-25,6.22,6.70,6.14,6.58,1664327,38572836.00
2008-06-26,6.55,6.73,6.40,6.58,1411322,33442174.00
2008-06-27,6.34,6.34,5.90,6.01,1301383,28778882.00
2008-06-30,5.90,6.31,5.86,6.25,805787,17924344.00
2008-07-01,6.28,6.60,6.25,6.40,954227,22099462.00
2008-07-02,6.43,6.63,6.34,6.46,616310,14320009.00
2008-07-03,6.34,7.11,6.26,7.04,2191901,53702152.00
2008-07-04,6.99,7.34,6.94,7.06,1658053,42152692.00
2008-07-07,7.08,7.51,6.99,7.37,1210822,31836022.00
2008-07-08,7.82,7.82,7.06,7.47,1612293,42752020.00
2008-07-09,7.39,7.56,7.32,7.53,1289232,34159932.00
2008-07-10,7.43,7.46,7.21,7.23,1234346,32176632.00
2008-07-11,7.14,7.28,6.87,7.02,985644,24678730.00
2008-07-14,6.98,7.25,6.88,7.21,733349,18676086.00
2008-07-15,7.28,7.53,7.18,7.27,1370378,35848408.00
2008-07-16,7.28,7.29,6.58,6.67,1151925,28256122.00
2008-07-17,6.83,6.99,6.55,6.60,860884,20873336.00
2008-07-18,6.78,6.86,6.37,6.80,760227,18130902.00
2008-07-21,6.70,7.16,6.65,7.08,891350,22356696.00
2008-07-22,7.08,7.18,6.94,7.01,593927,14934782.00
2008-07-23,7.14,7.15,6.73,6.75,733366,18140818.00
2008-07-24,6.75,7.02,6.66,6.99,813873,19940762.00
2008-07-25,6.85,7.05,6.79,6.91,482908,11952340.00
2008-07-28,7.02,7.28,6.99,7.20,1194142,30656526.00
2008-07-29,7.19,7.19,6.91,6.99,693313,17369100.00
2008-07-30,7.05,7.14,6.83,7.02,444230,11120765.00
2008-07-31,7.03,7.07,6.64,6.92,764832,18642770.00
2008-08-01,6.79,6.91,6.41,6.76,1112407,26469344.00
2008-08-04,6.67,6.70,6.42,6.46,793978,18588838.00
2008-08-05,6.46,6.58,6.35,6.35,480196,11059305.00
2008-08-06,6.46,6.49,6.16,6.22,368815,8378055.00
2008-08-07,6.20,6.31,5.77,5.96,643331,13907415.00
2008-08-08,5.92,6.06,5.73,5.78,710179,15081886.00
2008-08-11,5.66,5.81,5.16,5.16,865723,16857830.00
2008-08-12,5.07,5.27,5.07,5.26,420756,7961132.00
2008-08-13,5.26,5.42,5.01,5.32,351439,6645790.50
2008-08-14,5.30,5.44,5.19,5.34,249793,4848013.00
2008-08-15,5.33,5.41,5.16,5.29,229334,4442021.50
2008-08-18,5.25,5.36,4.75,4.92,365278,6695362.00
2008-08-19,4.92,5.01,4.68,4.78,251624,4465332.50
2008-08-20,4.69,5.30,4.64,5.30,677158,12664041.00
2008-08-21,5.13,5.45,4.95,5.21,562424,10710906.00
2008-08-22,5.18,5.35,5.09,5.24,303818,5791918.50
2008-08-25,5.25,5.37,5.13,5.18,212717,4060356.75
2008-08-26,5.13,5.13,4.69,4.93,374092,6754720.50
2008-08-27,4.87,5.06,4.71,4.75,332916,5919462.50
2008-08-28,4.77,4.89,4.48,4.51,547239,9377595.00
2008-08-29,4.59,4.77,4.37,4.61,941912,15736966.00
2008-09-01,4.61,4.61,4.30,4.33,509907,8278264.00
2008-09-02,4.33,4.38,4.12,4.12,613173,9555315.00
2008-09-03,4.07,4.16,3.82,3.92,684250,9982690.00
2008-09-04,3.96,4.32,3.89,4.27,728288,11035414.00
2008-09-05,4.09,4.41,4.06,4.41,772616,12279064.00
2008-09-08,4.36,4.38,4.12,4.12,360949,5652867.50
2008-09-09,4.19,4.26,3.82,3.88,782603,11664400.00
2008-09-10,3.79,3.99,3.77,3.82,678873,9869020.00
2008-09-11,3.81,3.85,3.53,3.66,874211,11894957.00
2008-09-16,3.53,3.62,3.43,3.55,767945,10070150.00
2008-09-17,3.50,3.56,3.36,3.41,783115,10131037.00
2008-09-18,3.28,3.44,3.14,3.37,1283645,15826474.00
2008-09-19,3.74,3.74,3.60,3.74,1502865,21030190.00
2008-09-22,3.91,4.14,3.70,3.85,1778114,26022258.00
2008-09-23,3.72,3.72,3.43,3.43,1129653,14960737.00
2008-09-24,3.35,3.47,3.11,3.46,973325,12028081.00
2008-09-25,3.41,3.70,3.36,3.64,1115333,15078848.00
2008-09-26,3.67,3.88,3.59,3.69,1431774,20016072.00
2008-10-06,3.57,3.57,3.38,3.38,656835,8576497.00
2008-10-07,3.20,3.76,3.15,3.76,1750634,24008538.00
2008-10-08,3.67,4.05,3.63,3.84,2329859,33826952.00
2008-10-09,3.89,4.11,3.75,3.99,1595003,23608536.00
2008-10-10,3.82,4.06,3.77,3.94,1218501,17709286.00
2008-10-13,3.93,3.93,3.51,3.74,1713052,23562182.00
2008-10-14,3.79,3.94,3.61,3.61,962580,13684222.00
2008-10-15,3.56,3.58,3.29,3.40,872783,11235258.00
2008-10-16,3.20,3.29,3.02,3.02,1559887,18408964.00
2008-10-17,2.98,3.11,2.87,2.99,959962,11023443.00
2008-10-20,2.98,3.10,2.81,3.05,854490,9672089.00
2008-10-21,3.07,3.31,3.05,3.20,1044517,12725702.00
2008-10-22,3.14,3.29,3.06,3.29,782692,9576911.00
2008-10-23,3.15,3.34,3.15,3.32,649361,8065047.50
2008-10-24,3.27,3.35,3.26,3.29,531006,6638656.00
2008-10-27,2.96,3.22,2.96,3.07,426400,5090818.00
2008-10-28,3.11,3.41,3.11,3.35,810158,10172185.00
2008-10-29,3.32,3.51,3.30,3.37,775513,10006669.00
2008-10-31,3.41,3.75,3.29,3.75,1914554,26142592.00
2008-11-03,3.77,4.11,3.65,4.03,2277964,33074706.00
2008-11-04,3.95,4.03,3.88,3.95,1743126,25540100.00
2008-11-05,3.91,4.16,3.91,4.09,1639150,24693168.00
2008-11-06,3.97,4.11,3.89,3.97,952540,14121194.00
2008-11-07,3.94,4.00,3.77,3.97,1138140,16549521.00
2008-11-10,3.97,4.39,3.97,4.33,1990423,31266754.00
2008-11-11,4.27,4.56,4.15,4.15,1587540,25680984.00
2008-11-12,4.18,4.31,4.11,4.27,1268575,19826538.00
2008-11-13,4.21,4.52,4.20,4.42,1857974,29938828.00
2008-11-14,4.48,4.80,4.28,4.70,2830454,47421316.00
2008-11-17,4.68,4.74,4.54,4.65,2306684,39184476.00
2008-11-19,4.24,4.91,4.24,4.83,2399221,39729992.00
2008-11-20,4.63,4.76,4.49,4.55,1564227,26493212.00
2008-11-21,4.33,4.45,4.05,4.19,2136931,33478230.00
2008-11-24,4.18,4.39,4.12,4.14,1011946,15961319.00
2008-11-25,4.26,4.32,4.14,4.28,939776,14777530.00
2008-11-26,4.28,4.38,4.26,4.35,709819,11324861.00
2008-11-27,4.64,4.73,4.35,4.37,1564968,26137182.00
2008-11-28,4.38,4.55,4.27,4.41,767349,12578424.00
2008-12-01,4.43,4.65,4.43,4.63,1268633,21405486.00
2008-12-02,4.52,4.74,4.48,4.72,1758739,30025018.00
2008-12-03,4.72,4.96,4.72,4.91,1489476,26504874.00
2008-12-04,4.92,4.99,4.68,4.74,1892589,33640584.00
2008-12-05,4.69,4.83,4.65,4.77,758356,13237763.00
2008-12-08,4.81,5.02,4.80,4.94,1095954,19724984.00
2008-12-09,4.94,5.23,4.94,5.16,2243622,41870104.00
2008-12-10,5.14,5.21,4.98,5.17,1080237,20131592.00
2008-12-11,5.13,5.38,4.97,4.97,1449322,27338352.00
2008-12-12,4.97,5.02,4.64,4.67,1382962,24254244.00
2008-12-15,4.73,4.85,4.51,4.64,870300,14906109.00
2008-12-16,4.62,4.81,4.53,4.81,559526,9650966.00
2008-12-17,4.81,5.19,4.79,4.98,1654102,30382106.00
2008-12-18,5.03,5.19,4.94,5.15,840208,15531708.00
2008-12-19,5.21,5.35,5.15,5.25,1274325,24367460.00
2008-12-22,5.22,5.27,5.06,5.21,888729,16722119.00
2008-12-23,5.21,5.21,4.65,4.67,1599953,28545430.00
2008-12-24,4.54,4.92,4.54,4.88,1353140,23531344.00
2008-12-25,4.86,4.99,4.80,4.96,847577,15246343.00
2008-12-26,4.96,5.17,4.92,5.13,742837,13756883.00
2008-12-29,5.13,5.22,4.95,5.20,778048,14479130.00
2008-12-30,5.25,5.51,5.19,5.42,1685717,33108804.00
2008-12-31,5.44,5.52,5.31,5.31,934516,18359604.00
2009-01-05,5.39,5.81,5.34,5.79,1262234,25599768.00
2009-01-06,5.73,5.91,5.66,5.75,1378780,28799840.00
2009-01-07,5.72,6.37,5.69,6.27,2781918,61998016.00
2009-01-08,6.14,6.51,6.00,6.28,2040391,46377300.00
2009-01-09,6.25,6.55,6.19,6.49,1511439,34755280.00
2009-01-12,6.54,6.54,6.25,6.26,1298453,29599056.00
2009-01-13,6.12,6.22,5.96,6.00,1025542,22387340.00
2009-01-14,5.99,6.28,5.94,6.16,835648,18477026.00
2009-01-15,6.11,6.28,5.84,6.28,1171803,25386078.00
2009-01-19,6.19,6.25,5.98,6.06,910117,19873626.00
2009-01-20,6.10,6.16,5.96,6.07,1392381,30588062.00
2009-01-21,6.00,6.10,5.90,5.91,809430,17475724.00
2009-01-22,5.99,6.04,5.80,5.93,1450616,30939992.00
2009-01-23,5.93,6.17,5.84,6.02,720935,15721019.00
2009-02-02,6.07,6.52,6.07,6.51,2330432,52483140.00
2009-02-03,6.51,6.51,6.28,6.46,1184219,27177778.00
2009-02-04,6.48,6.49,6.28,6.34,1560977,35574480.00
2009-02-05,6.35,6.58,6.25,6.43,1148500,26390610.00
2009-02-06,6.37,6.59,6.37,6.51,2307866,53475812.00
2009-02-10,6.64,6.86,6.49,6.81,2644014,63391484.00
2009-02-11,6.67,6.84,6.56,6.71,1932449,46283068.00
2009-02-12,6.71,6.72,6.41,6.54,1602942,37536196.00
2009-02-13,6.61,6.79,6.46,6.69,1308121,31017444.00
2009-02-16,6.70,7.23,6.59,7.17,1957219,48877412.00
2009-02-17,7.10,7.15,6.85,6.85,1386366,34428380.00
2009-02-19,6.62,6.79,6.43,6.58,1411607,33284368.00
2009-02-20,6.58,6.87,6.58,6.80,1918871,46215556.00
2009-02-23,6.85,7.32,6.79,7.28,1631828,41667028.00
2009-02-24,7.20,7.26,6.92,6.93,1692199,42658016.00
2009-02-25,7.11,7.59,6.94,7.22,2230905,57754576.00
2009-02-26,7.23,7.23,6.46,6.46,3960805,94338032.00
2009-02-27,5.96,6.11,5.77,5.77,1993573,42002420.00
2009-03-02,5.60,5.89,5.34,5.63,2311458,47405272.00
2009-03-03,5.48,5.67,5.38,5.67,2794463,55826536.00
2009-03-04,5.66,6.02,5.63,5.99,1727749,36533604.00
2009-03-05,5.99,6.15,5.70,5.81,1837956,39261048.00
2009-03-06,5.80,5.80,5.54,5.59,1234424,25241474.00
2009-03-09,5.59,5.84,5.51,5.55,1202021,24642534.00
2009-03-10,5.45,5.75,5.45,5.70,819214,16664632.00
2009-03-11,5.77,5.93,5.68,5.69,1142037,23991626.00
2009-03-12,5.68,5.75,5.55,5.75,773183,15800449.00
2009-03-13,5.81,5.90,5.66,5.71,717280,15019663.00
2009-03-16,5.71,5.77,5.58,5.74,455048,9345769.00
2009-03-17,5.76,5.98,5.69,5.93,1053772,22343450.00
2009-03-18,5.93,6.55,5.93,6.39,2673582,60674804.00
2009-03-19,6.38,6.46,6.28,6.39,1381307,31550778.00
2009-03-20,6.37,6.53,6.17,6.28,964644,21861808.00
2009-03-23,6.35,6.58,6.35,6.43,1130669,26231212.00
2009-03-24,6.49,6.55,6.35,6.38,855388,19667896.00
2009-03-25,6.38,6.49,6.14,6.14,1049616,23824550.00
2009-03-26,6.11,6.27,5.96,6.11,1291384,28413890.00
2009-03-27,6.20,6.34,6.11,6.28,1493217,33570260.00
2009-03-30,6.40,6.57,6.34,6.49,2042777,47537780.00
2009-03-31,6.37,6.51,6.28,6.49,1111133,25571986.00
2009-04-01,6.54,6.83,6.54,6.67,2809683,67661256.00
2009-04-02,6.65,6.91,6.61,6.76,1826755,44622620.00
2009-04-03,6.82,6.89,6.54,6.57,1921727,45578764.00
2009-04-07,6.51,6.60,6.41,6.51,1434935,33328476.00
2009-04-08,6.47,6.61,6.29,6.40,2309438,53735468.00
2009-04-09,6.41,6.49,6.13,6.48,1863150,42423576.00
2009-04-10,6.49,6.70,6.43,6.69,1965896,46666748.00
2009-04-13,6.74,7.40,6.66,7.40,5348729,136316112.00
2009-04-14,7.32,7.39,7.05,7.31,3268340,84096224.00
2009-04-15,7.23,7.85,7.17,7.71,4157080,112745056.00
2009-04-16,7.63,8.30,7.63,8.07,4129371,117181152.00
2009-04-17,8.12,8.12,7.71,7.77,2407060,66830088.00
2009-04-20,7.74,8.06,7.74,7.93,1501700,42276040.00
2009-04-21,7.74,7.88,7.47,7.62,2383057,64933268.00
2009-04-22,7.68,8.00,7.19,7.20,1862336,50216392.00
2009-04-23,7.04,7.80,7.04,7.71,2027727,53898024.00
2009-04-24,7.54,7.58,7.30,7.37,2035589,53951848.00
2009-04-27,7.52,7.62,6.91,7.11,2462150,63056632.00
2009-04-28,7.07,7.35,6.75,7.11,1899432,47777868.00
2009-04-29,6.35,6.87,6.35,6.43,8231347,190316576.00
2009-04-30,6.40,6.57,6.21,6.47,5777359,132191168.00
2009-05-04,6.41,6.73,6.41,6.65,6491354,152250624.00
2009-05-05,6.70,6.75,6.55,6.65,4389584,104491320.00
2009-05-06,6.66,6.93,6.61,6.91,5416318,131396536.00
2009-05-07,7.00,7.07,6.66,6.78,4488966,110026064.00
2009-05-08,6.78,6.78,6.40,6.55,3656700,86053544.00
2009-05-11,6.55,6.61,6.22,6.35,3700871,84704592.00
2009-05-12,6.34,6.45,6.23,6.43,2066228,47394856.00
2009-05-13,6.49,6.49,6.33,6.43,1927309,44414656.00
2009-05-14,6.38,6.58,6.29,6.58,2236690,51760692.00
2009-05-15,6.59,6.82,6.59,6.65,3434692,82445688.00
2009-05-18,6.65,6.72,6.47,6.53,2455223,57600176.00
2009-05-19,6.53,6.57,6.46,6.50,2569703,59909776.00
2009-05-21,6.61,6.81,6.55,6.72,5195279,124780008.00
2009-05-22,6.66,6.67,6.44,6.54,3238918,75587152.00
2009-05-25,6.51,6.51,6.09,6.28,3382926,75945432.00
2009-05-26,6.31,6.48,6.24,6.38,2437041,55589972.00
2009-05-27,6.40,6.49,6.29,6.36,1608598,36826296.00
2009-06-01,6.38,6.63,6.36,6.55,2458958,57235464.00
2009-06-02,6.58,6.61,6.49,6.51,2519162,59065776.00
2009-06-03,6.43,6.53,6.30,6.30,3743104,56217880.00
2009-06-05,6.41,6.41,6.06,6.07,4215189,61647584.00
2009-06-08,5.98,6.12,5.95,5.99,2511280,35746108.00
2009-06-09,5.99,6.01,5.73,5.86,3822104,52859924.00
2009-06-10,5.86,5.95,5.77,5.95,4531348,62758028.00
2009-06-11,5.92,6.03,5.87,5.93,3034863,42747628.00
2009-06-12,5.93,5.93,5.63,5.70,2808953,38575072.00
2009-06-15,5.69,5.78,5.64,5.74,1448748,19647994.00
2009-06-16,5.70,5.82,5.67,5.78,1897767,25931708.00
2009-06-17,5.76,5.91,5.73,5.88,2271875,31488966.00
2009-06-18,5.86,5.89,5.75,5.85,4448103,61211308.00
2009-06-19,5.84,5.85,5.72,5.77,3009512,41193500.00
2009-06-22,5.78,5.82,5.71,5.74,2465956,33740804.00
2009-06-23,5.70,5.89,5.66,5.85,3208279,44191628.00
2009-06-24,5.86,6.05,5.86,5.97,4578810,64860268.00
2009-06-25,5.99,5.99,5.84,5.89,2184380,30539550.00
2009-06-26,5.90,6.11,5.86,6.06,4737086,67316608.00
2009-06-29,6.00,6.07,5.90,5.92,3286080,46479180.00
2009-06-30,5.92,5.95,5.73,5.73,2819146,38820632.00
2009-07-01,5.73,5.77,5.64,5.66,3981706,53749844.00
2009-07-02,5.66,5.75,5.66,5.73,2446613,33143668.00
2009-07-03,5.72,6.07,5.66,5.94,5243484,72920768.00
2009-07-06,5.90,5.99,5.79,5.85,3370401,47026204.00
2009-07-07,5.86,5.98,5.83,5.88,3058561,42878236.00
2009-07-08,5.89,5.99,5.84,5.97,2881437,40524244.00
2009-07-09,5.99,6.22,5.95,6.18,5436536,78508328.00
2009-07-10,6.20,6.23,6.03,6.05,4681275,67812480.00
2009-07-13,6.08,6.21,6.05,6.12,3797709,55234224.00
2009-07-14,6.16,6.38,6.13,6.33,5381568,79142056.00
2009-07-15,6.30,6.97,6.30,6.79,11534760,182151520.00
2009-07-16,6.79,6.79,6.57,6.59,5737887,90065784.00
2009-07-17,6.55,6.80,6.53,6.68,4130918,65240660.00
2009-07-20,6.75,6.90,6.62,6.81,5408066,86363304.00
2009-07-21,6.79,6.89,6.44,6.46,5686083,89316120.00
2009-07-22,6.46,6.59,6.37,6.49,3624025,55381772.00
2009-07-23,6.50,6.56,6.38,6.42,3310836,50359884.00
2009-07-24,6.44,6.50,6.23,6.37,3485937,52365996.00
2009-07-27,6.39,6.50,6.30,6.44,3372084,51076844.00
2009-07-28,6.45,6.74,6.41,6.65,6006162,93177240.00
2009-07-29,6.67,6.88,6.21,6.35,8845300,138110432.00
2009-07-30,6.35,6.81,6.23,6.81,10860227,170254496.00
2009-07-31,6.89,7.18,6.77,7.01,11421820,189497776.00
2009-08-03,7.02,7.62,7.01,7.54,10594895,184368640.00
2009-08-04,7.57,8.02,7.55,7.66,10146053,185144896.00
2009-08-05,7.68,8.10,7.42,7.99,8785033,159279120.00
2009-08-06,7.84,8.27,7.59,7.73,7343191,136584864.00
2009-08-10,7.48,7.67,7.02,7.21,6368742,109086408.00
2009-08-11,7.11,7.42,7.11,7.31,3918809,67438800.00
2009-08-12,7.32,7.37,6.93,7.06,3862859,64008984.00
2009-08-13,7.03,7.05,6.79,6.95,2642985,43145576.00
2009-08-14,6.88,7.10,6.38,6.42,3358609,53761640.00
2009-08-17,6.40,6.40,5.78,5.84,3574038,51524912.00
2009-08-18,5.90,6.16,5.86,6.08,2537424,36150316.00
2009-08-19,6.09,6.14,5.46,5.70,2763848,38857892.00
2009-08-20,5.70,5.95,5.62,5.93,3236161,44418772.00
2009-08-21,5.95,6.10,5.82,6.04,4105407,58272124.00
2009-08-24,6.04,6.57,5.96,6.49,4564548,68173872.00
2009-08-25,6.49,6.54,6.09,6.50,3359602,50334252.00
2009-08-26,6.50,6.81,6.35,6.63,2567560,40320512.00
2009-08-27,6.63,6.74,6.44,6.49,2864832,44368820.00
2009-08-28,6.40,6.48,6.07,6.19,1978527,29220690.00
2009-08-31,6.08,6.17,5.64,5.66,2551661,35333524.00
2009-09-01,5.50,5.86,5.50,5.65,1983695,26893098.00
2009-09-03,5.77,6.00,5.69,5.99,2292171,32149984.00
2009-09-04,5.99,6.16,5.97,6.06,1479876,21247888.00
2009-09-07,6.06,6.26,6.00,6.06,1963929,28435116.00
2009-09-08,6.04,6.10,5.87,6.10,3990953,56443428.00
2009-09-09,6.11,6.13,5.95,6.03,2830858,40378296.00
2009-09-10,6.03,6.18,5.96,6.09,2655560,38248236.00
2009-09-11,6.10,6.22,6.05,6.19,2887710,42066564.00
2009-09-14,6.14,6.62,6.14,6.53,5514016,84577384.00
2009-09-15,6.48,7.00,6.48,6.87,5747613,92568568.00
2009-09-16,6.88,7.53,6.59,7.30,8077362,133614240.00
2009-09-17,7.35,7.68,7.15,7.29,6917758,119597624.00
2009-09-18,7.32,7.37,6.75,6.89,5819051,97512528.00
2009-09-21,6.81,7.13,6.53,6.97,3976296,63661656.00
2009-09-22,6.88,7.10,6.74,6.74,3044174,49575964.00
2009-09-23,6.74,6.84,6.53,6.63,2852716,44601420.00
2009-09-24,6.62,6.79,6.48,6.56,2926165,45849812.00
2009-09-25,6.58,6.73,6.48,6.66,1744872,27151402.00
2009-09-28,6.68,6.87,6.63,6.66,3142329,50005956.00
2009-09-29,6.65,6.75,6.00,6.08,2437612,36194668.00
2009-09-30,6.19,6.22,6.06,6.07,1233520,17967160.00
2009-10-09,6.19,6.46,6.17,6.38,1418243,21286794.00
2009-10-12,6.38,6.63,6.35,6.55,1636242,25253008.00
2009-10-13,6.50,6.57,6.39,6.55,1396120,21329486.00
2009-10-14,6.54,6.78,6.53,6.58,1810687,28379324.00
2009-10-15,6.67,7.02,6.62,6.94,4139693,67112776.00
2009-10-16,6.91,6.94,6.72,6.85,2416662,38795568.00
2009-10-19,6.83,6.98,6.82,6.98,2221713,36200784.00
2009-10-20,6.98,7.14,6.89,7.04,3305063,54545804.00
2009-10-21,7.04,7.08,6.75,6.75,3213815,51828032.00
2009-10-22,6.75,6.84,6.61,6.71,2316588,36652472.00
2009-10-23,6.70,6.87,6.70,6.84,2955759,47402044.00
2009-10-26,6.84,7.15,6.77,7.08,4168655,68456688.00
2009-10-27,7.01,7.08,6.70,6.73,3306092,53864680.00
2009-10-28,6.64,6.87,6.63,6.86,2230403,35578712.00
2009-10-29,6.70,6.94,6.62,6.93,2609712,41949676.00
2009-10-30,7.02,7.12,6.86,6.93,3684039,60690752.00
2009-11-02,6.82,7.10,6.64,7.10,3894297,63872412.00
2009-11-03,7.11,7.41,7.11,7.38,5183946,88929912.00
2009-11-04,7.31,7.54,7.21,7.47,5359855,93279504.00
2009-11-05,7.54,7.59,7.29,7.41,3370386,58419656.00
2009-11-06,7.43,7.50,7.24,7.26,3696998,63849592.00
2009-11-09,7.24,7.40,7.19,7.37,3301645,56449612.00
2009-11-11,7.50,7.50,7.10,7.22,3356647,57132880.00
2009-11-12,7.23,7.41,7.18,7.28,3385946,57861744.00
2009-11-13,7.18,7.32,7.11,7.28,2471448,41922376.00
2009-11-16,7.36,7.54,7.33,7.48,4411746,77079008.00
2009-11-17,7.48,7.90,7.42,7.77,6218574,111831096.00
2009-11-18,7.68,7.83,7.59,7.65,3682354,66161684.00
2009-11-19,7.66,7.90,7.66,7.72,3339410,60737864.00
2009-11-20,7.74,7.83,7.56,7.74,4151206,74746864.00
2009-11-23,7.77,8.26,7.74,8.17,7445643,139971216.00
2009-11-24,8.17,8.24,7.50,7.55,6942324,128815728.00
2009-11-25,7.52,7.82,7.28,7.76,5677376,100502944.00
2009-11-26,7.76,7.76,7.10,7.20,5900655,103002176.00
2009-11-27,7.21,7.32,6.90,6.98,3372100,56376588.00
2009-11-30,7.04,7.25,6.99,7.21,2529920,42567052.00
2009-12-01,7.28,7.46,7.24,7.38,3976433,68608256.00
2009-12-03,7.55,7.66,7.38,7.49,4116725,72644368.00
2009-12-04,7.42,7.59,7.06,7.28,4439941,76194792.00
2009-12-07,7.25,7.45,7.22,7.43,2720406,46923812.00
2009-12-08,7.44,7.50,7.27,7.38,2637840,45472360.00
2009-12-09,7.33,7.46,7.21,7.22,2300977,39532020.00
2009-12-10,7.28,7.32,7.17,7.24,1459619,24880336.00
2009-12-11,7.26,7.45,7.19,7.40,2334655,40031704.00
2009-12-14,7.39,7.39,7.14,7.30,1729181,29393520.00
2009-12-15,7.30,7.46,7.30,7.38,2897644,50348824.00
2009-12-16,7.38,7.64,7.34,7.54,5275808,93029344.00
2009-12-17,7.54,7.58,7.24,7.24,3759283,64859996.00
2009-12-18,7.18,7.18,6.74,6.79,2759827,44925940.00
2009-12-21,6.86,6.86,6.70,6.85,1830757,29133772.00
2009-12-22,6.86,6.88,6.50,6.53,1739437,27294718.00
2009-12-29,7.21,7.21,7.06,7.21,13615211,230579296.00
2009-12-30,7.21,7.45,7.10,7.28,12570911,215436672.00
2009-12-31,7.28,7.37,7.10,7.36,6700368,113609392.00
2010-01-04,7.37,7.39,7.21,7.27,4783013,81803872.00
2010-01-05,7.27,7.57,7.24,7.50,7353503,128368416.00
2010-01-06,7.50,7.53,7.30,7.30,5545182,96535840.00
2010-01-07,7.24,7.29,6.93,6.99,4324315,72652152.00
2010-01-08,6.93,7.13,6.89,7.06,2590815,42619808.00
2010-01-11,7.10,7.19,6.93,6.99,2854320,47061572.00
2010-01-12,6.97,7.22,6.95,7.20,2586488,43310968.00
2010-01-13,7.06,7.33,7.02,7.28,3995942,67854472.00
2010-01-14,7.32,7.58,7.32,7.48,6709674,117697872.00
2010-01-15,7.55,7.67,7.39,7.47,5247858,92637272.00
2010-01-18,7.49,7.74,7.46,7.70,6653470,118977600.00
2010-01-19,7.77,7.77,7.51,7.55,4207927,74808400.00
2010-01-20,7.57,7.66,7.14,7.20,5125672,88434368.00
2010-01-21,7.19,7.24,7.06,7.18,2273907,38311428.00
2010-01-22,7.04,7.18,6.93,7.10,2747857,45646184.00
2010-01-25,7.03,7.20,6.97,6.99,1545020,25720072.00
2010-01-26,6.93,7.06,6.70,6.76,1890501,30477314.00
2010-01-27,6.71,6.82,6.56,6.62,1567209,24645266.00
2010-01-28,6.59,6.66,6.52,6.59,1612190,25023404.00
2010-01-29,6.60,6.72,6.60,6.65,1632018,25641430.00
2010-02-01,6.65,6.70,6.35,6.43,1653973,25223262.00
2010-02-02,6.44,6.53,6.36,6.38,1336638,20339082.00
2010-02-03,6.39,6.48,6.09,6.46,1823871,27086352.00
2010-02-04,6.38,6.55,6.38,6.46,1487317,22746880.00
2010-02-05,6.41,6.41,6.19,6.24,1408536,20925324.00
2010-02-08,6.21,6.32,6.20,6.24,974989,14419811.00
2010-02-09,6.26,6.41,6.15,6.25,1620385,24005340.00
2010-02-10,6.42,6.42,6.19,6.33,2198486,32669108.00
2010-02-11,6.32,6.33,6.21,6.23,1635387,24229076.00
2010-02-12,6.30,6.42,6.23,6.41,1673796,25109016.00
2010-02-23,6.41,6.70,6.36,6.66,3643526,56062144.00
2010-02-24,6.63,6.79,6.54,6.72,2793677,44152856.00
2010-02-25,6.68,6.78,6.65,6.70,2766043,43743924.00
2010-02-26,6.64,6.70,6.58,6.61,2117235,33134760.00
2010-03-01,6.61,6.77,6.59,6.74,2000807,31452440.00
2010-03-02,6.77,6.90,6.67,6.79,2683880,42923860.00
2010-03-03,6.79,6.87,6.73,6.85,2312562,37116888.00
2010-03-04,6.86,6.95,6.55,6.57,2751563,43997564.00
2010-03-05,6.57,6.66,6.52,6.53,1602411,24856522.00
2010-03-08,6.59,6.67,6.55,6.62,1067248,16647926.00
2010-03-09,6.64,6.83,6.56,6.82,2297753,36362132.00
2010-03-10,6.81,6.90,6.72,6.74,1947635,31207770.00
2010-03-11,6.74,6.88,6.70,6.86,2468621,39639964.00
2010-03-12,6.88,7.13,6.86,6.99,5667562,93351408.00
2010-03-15,6.99,7.04,6.60,6.66,3036471,48446792.00
2010-03-16,6.59,6.70,6.46,6.54,2102352,32377756.00
2010-03-17,6.55,6.82,6.55,6.76,2340822,36994840.00
2010-03-18,6.83,7.07,6.77,6.90,3378171,54983564.00
2010-03-19,6.98,7.44,6.98,7.10,5993876,101551792.00
2010-03-22,7.11,7.42,7.01,7.34,7276740,124664408.00
2010-03-23,7.27,7.32,7.18,7.23,2894167,49186012.00
2010-03-24,7.24,7.64,7.23,7.54,7947163,139741216.00
2010-03-25,7.48,7.85,7.42,7.70,10284514,184296128.00
2010-03-26,7.64,7.80,7.61,7.67,5519539,99555184.00
2010-03-29,7.67,7.68,7.40,7.49,5989094,105623248.00
2010-03-30,7.50,7.75,7.43,7.69,3908897,69839864.00
2010-03-31,7.68,7.99,7.66,7.70,4313867,79005432.00
2010-04-01,7.72,8.00,7.64,7.86,5099719,93959728.00
2010-04-02,7.87,7.94,7.63,7.72,4023354,73259992.00
2010-04-06,7.74,7.77,7.56,7.64,3254132,58287092.00
2010-04-07,7.64,7.67,7.46,7.54,3014648,53418772.00
2010-04-08,7.59,8.19,7.58,8.04,8050117,148890960.00
2010-04-09,8.03,8.28,7.90,8.26,5417971,103098016.00
2010-04-12,8.22,8.39,8.13,8.26,4893580,94577320.00
2010-04-13,8.25,8.39,7.55,7.89,6672582,123808528.00
2010-04-14,7.87,7.90,7.73,7.81,2540562,46290492.00
2010-04-15,7.80,7.97,7.70,7.80,2474060,45304376.00
2010-04-16,7.81,8.39,7.81,8.02,4859821,92163288.00
2010-04-19,7.94,8.73,7.82,8.42,9578037,188523936.00
2010-04-20,8.35,8.83,8.27,8.83,9068542,182866336.00
2010-04-21,8.82,9.01,8.58,8.76,8321721,170175456.00
2010-04-23,8.76,9.37,8.70,9.01,6787187,144019520.00
2010-04-26,9.02,9.13,8.66,8.76,3642088,74863936.00
2010-04-27,8.66,8.66,8.30,8.48,3946259,77863624.00
2010-04-28,8.33,8.79,8.22,8.66,3250277,65235640.00
2010-04-29,8.66,8.74,8.05,8.08,2978895,58793180.00
2010-04-30,8.06,8.08,7.44,7.79,3324142,60562144.00
2010-05-04,7.63,8.10,7.53,7.93,2645611,48775572.00
2010-05-05,7.81,8.18,7.68,8.17,4671640,86899768.00
2010-05-07,7.66,7.98,7.38,7.68,4912582,88883312.00
2010-05-10,7.71,8.04,7.42,7.95,3975404,72166600.00
2010-05-11,8.04,8.33,7.86,8.02,5465218,103871376.00
2010-05-12,7.98,7.98,7.18,7.18,5226582,91048264.00
2010-05-13,7.14,7.39,6.81,7.36,3487322,57959560.00
2010-05-14,7.24,7.50,7.18,7.28,3902871,67119616.00
2010-05-17,7.20,7.20,6.53,6.63,3697861,60503240.00
2010-05-18,6.59,6.78,6.26,6.58,6648687,67151792.00
2010-05-19,6.46,6.63,6.32,6.38,4846664,48999288.00
2010-05-20,6.29,6.56,6.15,6.15,5348309,53240132.00
2010-05-21,5.95,6.18,5.72,6.15,5692058,53193648.00
2010-05-24,6.15,6.55,6.15,6.49,5744285,57488796.00
2010-05-25,6.45,6.85,6.36,6.77,7349453,76255984.00
2010-05-26,6.70,6.86,6.59,6.79,4338318,45579152.00
2010-05-27,6.73,6.97,6.57,6.87,5197081,54918988.00
2010-05-28,6.87,7.03,6.77,6.89,6582761,70833712.00
2010-05-31,6.79,6.85,6.45,6.45,4376783,45585548.00
2010-06-01,6.39,6.48,6.03,6.20,5180886,50638720.00
2010-06-02,6.13,6.51,6.09,6.49,3873645,38212052.00
2010-06-04,6.31,6.51,6.29,6.43,3336547,33322972.00
2010-06-07,6.23,6.63,6.19,6.59,6022695,60492152.00
2010-06-08,6.59,7.27,6.59,7.27,19147451,212852448.00
2010-06-09,7.27,7.41,7.04,7.34,13974880,156673936.00
2010-06-10,7.20,7.79,7.19,7.48,14338238,168057328.00
2010-06-11,7.53,7.70,7.39,7.57,8701516,101760656.00
2010-06-17,7.59,8.16,7.48,7.93,11888993,144446160.00
2010-06-18,7.81,7.87,7.33,7.43,10038522,117933576.00
2010-06-21,7.27,8.20,7.25,8.15,12930055,158559792.00
2010-06-22,8.00,8.15,7.93,8.03,8571181,106813416.00
2010-06-23,7.99,8.36,7.84,8.21,9826660,124191200.00
2010-06-24,8.19,8.31,7.93,8.25,8301676,104268104.00
2010-06-25,8.03,8.06,7.63,7.67,20815417,251065312.00
2010-06-28,7.49,7.72,7.26,7.29,7931582,91896392.00
2010-06-29,7.33,7.59,7.23,7.41,12763606,147566864.00
2010-06-30,7.25,7.70,7.01,7.61,10679230,123781872.00
2010-07-01,7.51,8.06,7.31,7.85,15982138,191887584.00
2010-07-02,7.79,8.08,7.57,8.04,16828967,204853264.00
2010-07-05,7.89,8.24,7.80,7.98,14243703,177574592.00
2010-07-06,7.95,8.31,7.88,8.29,16579128,209084512.00
2010-07-07,8.30,8.36,8.08,8.16,12630638,160623584.00
2010-07-08,8.18,8.33,7.87,8.23,13535516,170073696.00
2010-07-09,8.18,8.56,8.01,8.35,15978402,206396352.00
2010-07-12,8.39,8.84,8.35,8.67,16505434,220432176.00
2010-07-13,8.63,8.69,8.39,8.49,11039726,145887888.00
2010-07-14,8.51,8.93,8.46,8.50,15211007,204171728.00
2010-07-15,8.40,8.43,7.94,8.01,12699173,161872656.00
2010-07-16,7.90,8.17,7.85,8.16,8734611,108987104.00
2010-07-19,8.05,8.30,7.98,8.23,6826292,86588432.00
2010-07-20,8.23,8.59,8.23,8.53,9853011,129172648.00
2010-07-21,8.46,8.52,8.11,8.17,20406545,262995424.00
2010-07-22,8.09,8.21,8.00,8.19,13164050,165366000.00
2010-07-23,8.19,8.21,7.85,7.97,13624685,169169200.00
2010-07-26,7.97,8.49,7.87,8.49,18623523,237883200.00
2010-07-27,8.46,8.73,8.33,8.62,20016563,265217712.00
2010-07-28,8.59,8.77,8.46,8.69,16039830,214673424.00
2010-07-30,8.67,8.67,8.27,8.41,22004510,287219296.00
2010-08-02,8.44,8.58,8.33,8.56,11954324,157156336.00
2010-08-03,8.58,8.62,8.27,8.27,11589233,151713280.00
2010-08-04,8.25,8.41,8.19,8.40,8863571,113940944.00
2010-08-05,8.39,8.63,8.33,8.52,11036734,145122768.00
2010-08-06,8.49,9.19,8.47,8.96,25439568,351006528.00
2010-08-09,9.03,9.26,8.96,9.06,20033442,282016064.00
2010-08-10,9.09,9.10,8.64,8.65,14744459,201655408.00
2010-08-11,8.58,8.83,8.48,8.67,12056159,160829520.00
2010-08-12,8.53,8.81,8.47,8.62,9465535,127012072.00
2010-08-13,8.62,8.89,8.53,8.85,9475027,127851264.00
2010-08-16,8.88,9.13,8.76,9.04,12757193,177523040.00
2010-08-17,9.04,9.23,8.86,9.06,12617397,176752800.00
2010-08-18,9.06,9.11,8.83,8.99,8587868,118980416.00
2010-08-19,8.91,9.57,8.91,9.43,21998464,316614080.00
2010-08-20,9.36,9.64,9.26,9.48,20094220,294769056.00
2010-08-23,9.44,9.98,9.39,9.82,19380644,292797856.00
2010-08-24,9.84,9.85,9.48,9.74,14863359,222205760.00
2010-08-25,9.73,9.73,9.36,9.39,12574961,184208528.00
2010-08-26,9.45,9.58,9.27,9.54,16176921,235047152.00
2010-08-27,9.46,9.51,9.25,9.36,9630360,138878944.00
2010-08-30,9.36,9.69,9.36,9.65,10996621,162322800.00
2010-08-31,9.59,9.59,9.33,9.42,17475563,254392448.00
2010-09-01,9.37,9.70,9.27,9.53,14905069,218491856.00
2010-09-02,9.59,9.61,9.33,9.51,14705669,214709712.00
2010-09-03,9.46,9.92,9.46,9.73,19062205,285846880.00
2010-09-06,9.73,10.01,9.49,9.61,15464473,231526288.00
2010-09-07,9.59,9.65,9.20,9.42,13189211,191653712.00
2010-09-09,9.56,9.89,9.46,9.70,18559862,277324384.00
2010-09-10,9.64,9.79,9.39,9.61,12609741,186362384.00
2010-09-13,9.63,10.02,9.51,10.02,18944404,285991456.00
2010-09-14,10.02,10.15,9.80,10.15,23722527,364643744.00
2010-09-15,10.16,10.38,9.99,10.05,22725212,358570592.00
2010-09-16,10.05,10.10,9.46,9.63,14761690,221392896.00
2010-09-17,9.56,9.67,9.45,9.52,8334070,122879616.00
2010-09-20,9.54,9.66,9.13,9.13,8283328,120214368.00
2010-09-21,9.23,9.25,8.98,9.03,6324744,88587688.00
2010-09-27,9.09,9.38,9.09,9.33,5503680,78691576.00
2010-09-28,9.38,9.49,9.16,9.23,4939168,71132272.00
2010-09-29,9.19,9.31,8.99,9.02,5671672,80066208.00
2010-09-30,8.96,9.23,8.93,9.21,3703354,52204168.00
2010-10-08,9.25,9.58,9.25,9.40,7412448,107957656.00
2010-10-11,9.46,9.51,9.23,9.28,11128628,160426000.00
2010-10-12,9.28,9.41,9.09,9.21,10465187,148814432.00
2010-10-13,9.20,9.20,8.99,9.16,7203014,101222920.00
2010-10-14,9.24,9.26,8.47,8.52,14282816,194914960.00
2010-10-15,8.52,8.78,8.19,8.39,12419284,162924864.00
2010-10-18,8.41,8.46,7.93,8.15,9586095,120413904.00
2010-10-19,8.15,8.63,8.15,8.63,7883147,103551584.00
2010-10-20,8.58,8.93,8.42,8.73,10595831,143586368.00
2010-10-21,8.74,8.81,8.59,8.65,6011261,80574032.00
2010-10-22,8.64,8.82,8.61,8.72,6138933,82913312.00
2010-10-25,8.71,9.11,8.67,9.05,10577882,146994672.00
2010-10-26,9.09,9.38,9.09,9.36,11453638,162897312.00
2010-10-27,9.42,9.42,8.98,9.03,9193305,130659904.00
2010-10-28,9.01,9.19,8.78,8.90,5930174,81800784.00
2010-10-29,8.99,9.23,8.99,9.15,7769378,109551184.00
2010-11-01,9.22,9.49,9.21,9.48,10725704,155400832.00
2010-11-02,9.48,9.65,9.17,9.21,14070361,204442016.00
2010-11-03,9.19,9.21,8.83,8.88,9257422,128925224.00
2010-11-04,8.85,9.03,8.85,9.03,6131173,84783696.00
2010-11-05,9.07,9.17,8.89,9.00,9363423,129779312.00
2010-11-08,9.09,9.35,8.95,9.31,12859631,183077264.00
2010-11-10,9.34,9.55,9.26,9.46,17512750,255586480.00
2010-11-11,9.53,9.89,9.30,9.35,20611028,308113664.00
2010-11-12,9.33,9.56,8.73,8.73,15290328,216247216.00
2010-11-15,8.74,8.93,8.46,8.92,8474686,114006400.00
2010-11-16,8.91,9.05,8.26,8.41,9743379,130656856.00
2010-11-17,8.26,8.55,8.18,8.25,5633872,73061792.00
2010-11-18,8.27,8.46,8.16,8.29,4105448,52804072.00
2010-11-19,8.39,8.77,8.25,8.75,10163343,135328720.00
2010-11-22,8.68,9.11,8.64,8.95,9278978,128275336.00
2010-11-23,8.93,8.98,8.53,8.67,7048786,94783256.00
2010-11-24,8.56,9.01,8.56,8.99,6346426,86299824.00
2010-11-25,9.04,9.11,8.91,8.97,7492744,104286768.00
2010-11-29,8.89,8.91,8.70,8.79,5046435,68558936.00
2010-11-30,8.71,8.86,8.16,8.32,8023387,104083368.00
2010-12-02,8.48,8.57,8.34,8.36,5149019,67371440.00
2010-12-03,8.36,8.46,8.21,8.43,3472076,44855764.00
2010-12-06,8.43,8.53,8.26,8.31,2460888,31936116.00
2010-12-07,8.23,8.38,8.03,8.33,3218144,40920304.00
2010-12-08,8.31,8.39,8.25,8.27,2856950,36879364.00
2010-12-09,8.17,8.25,8.01,8.01,3095495,38918032.00
2010-12-10,8.01,8.16,7.96,8.13,2641557,33096730.00
2010-12-13,8.15,8.44,8.15,8.39,4343012,56225048.00
2010-12-14,8.46,8.62,8.42,8.51,6453807,85195808.00
2010-12-15,8.51,8.55,8.41,8.43,4254366,55880820.00
2010-12-16,8.51,8.55,8.43,8.47,2773315,36402404.00
2010-12-17,8.50,8.52,8.32,8.39,3133670,40734740.00
2010-12-20,8.39,8.45,8.13,8.25,4101435,52483264.00
2010-12-21,8.26,8.44,8.26,8.38,2891025,37423304.00
2010-12-22,8.36,8.56,8.33,8.44,6625211,86664432.00
2010-12-24,8.28,8.29,8.07,8.09,3811406,48223432.00
2010-12-27,8.09,8.26,7.71,7.73,4502346,56045636.00
2010-12-28,7.73,7.73,7.36,7.39,3928872,45740456.00
2010-12-29,7.39,7.53,7.36,7.51,2525884,29253928.00
2010-12-30,7.55,7.58,7.47,7.52,2431871,28456686.00
2010-12-31,7.49,7.66,7.49,7.63,3232601,38002704.00
2011-01-04,7.66,8.00,7.59,7.95,5483911,66883656.00
2011-01-05,7.92,8.03,7.87,7.90,2414642,29765344.00
2011-01-07,7.91,8.17,7.81,7.88,2844506,35233668.00
2011-01-10,7.86,7.96,7.59,7.59,2743639,32891132.00
2011-01-11,7.53,7.96,7.49,7.91,3907901,47265928.00
2011-01-12,7.99,7.99,7.78,7.83,2208680,26920758.00
2011-01-13,7.86,7.97,7.78,7.81,1873642,22877564.00
2011-01-14,7.77,7.77,7.51,7.55,2418840,28477140.00
2011-01-17,7.50,7.55,7.23,7.26,2377057,27249424.00
2011-01-18,7.31,7.38,7.24,7.31,1168427,13302500.00
2011-01-19,7.37,7.44,7.26,7.39,2174094,24953288.00
2011-01-20,7.45,7.48,7.13,7.13,2575046,29173868.00
2011-01-21,7.09,7.25,7.07,7.17,1876000,20902564.00
2011-01-24,7.19,7.19,6.94,6.99,1991928,21943718.00
2011-01-25,6.99,7.06,6.79,7.03,1677682,18064354.00
2011-01-26,7.05,7.19,6.97,7.12,1952364,21618736.00
2011-01-27,7.12,7.20,6.99,7.15,1897978,21101700.00
2011-01-28,7.23,7.41,7.15,7.38,2354587,26743498.00
2011-01-31,7.34,7.63,7.26,7.61,4229617,49221264.00
2011-02-01,7.61,7.95,7.59,7.91,6356115,77165896.00
2011-02-09,7.85,8.05,7.76,7.85,4489562,54939472.00
2011-02-10,7.81,8.06,7.77,7.98,4642160,57417148.00
2011-02-11,7.92,8.05,7.89,7.90,3325322,40966792.00
2011-02-14,7.91,8.00,7.79,7.95,4977221,61238868.00
2011-02-15,7.95,8.14,7.87,8.03,7804201,96689992.00
2011-02-16,7.99,8.01,7.87,7.99,5332532,65705924.00
2011-02-17,8.02,8.18,7.95,8.16,9568760,119976736.00
2011-02-18,8.19,8.28,7.92,7.94,5879358,73573728.00
2011-02-21,7.86,8.03,7.83,8.03,4622400,57016672.00
2011-02-22,8.10,8.30,7.99,8.00,11578510,146313344.00
2011-02-23,7.93,8.01,7.73,7.86,7080063,86384744.00
2011-02-24,7.93,8.03,7.81,7.97,5033691,61973336.00
2011-02-25,8.05,8.25,7.84,8.23,8745684,108904288.00
2011-02-28,8.27,8.71,8.17,8.57,15307929,201338416.00
2011-03-01,8.53,8.77,8.43,8.55,11000865,146202672.00
2011-03-02,8.46,8.63,8.36,8.53,6318758,83051144.00
2011-03-03,8.53,8.63,8.24,8.31,6601630,86006232.00
2011-03-04,8.28,8.54,8.20,8.51,5145428,66675080.00
2011-03-07,8.53,8.59,8.42,8.47,5245562,68945592.00
2011-03-08,8.47,8.83,8.45,8.69,9052345,121484328.00
2011-03-09,8.69,8.78,8.54,8.65,4757001,63544676.00
2011-03-10,8.65,8.65,8.43,8.44,4907802,64532980.00
2011-03-11,8.40,8.49,8.33,8.35,3775015,49252524.00
2011-03-14,8.28,8.49,8.24,8.37,3141846,40511684.00
2011-03-15,8.39,8.39,7.96,8.15,5170865,65197200.00
2011-03-16,8.09,8.21,8.08,8.18,3430730,43367288.00
2011-03-17,8.18,8.25,7.98,8.01,4168305,52399236.00
2011-03-21,8.07,8.10,7.84,7.85,5161432,63238768.00
2011-03-22,7.87,7.97,7.83,7.93,2291980,28144372.00
2011-03-23,7.94,8.07,7.91,8.05,3046561,37852492.00
2011-03-24,8.11,8.11,8.00,8.00,2933550,36652808.00
2011-03-25,8.03,8.10,8.01,8.03,2661105,33189664.00
2011-03-28,8.03,8.13,8.00,8.10,3243660,40588488.00
2011-03-29,8.07,8.09,7.73,7.77,4323952,53121584.00
2011-03-30,7.79,7.85,7.46,7.51,4959525,58607356.00
2011-03-31,7.59,7.59,7.45,7.47,3154147,36834552.00
2011-04-01,7.46,7.57,7.36,7.46,4983606,57633956.00
2011-04-06,7.46,7.81,7.45,7.73,6665526,79695136.00
2011-04-07,7.70,7.91,7.70,7.83,3739458,45517904.00
2011-04-08,7.95,8.08,7.84,7.87,3883677,47666172.00
2011-04-11,7.96,7.97,7.79,7.79,3372153,40991660.00
2011-04-12,7.74,7.86,7.73,7.80,2441076,29585200.00
2011-04-13,7.77,7.90,7.70,7.85,3426049,41562192.00
2011-04-14,7.84,7.85,7.76,7.79,2464500,29825264.00
2011-04-15,7.79,7.82,7.65,7.73,2707790,32493286.00
2011-04-18,7.73,7.73,7.58,7.62,3230920,38214316.00
2011-04-19,7.62,7.71,7.51,7.67,3149283,37210708.00
2011-04-20,7.67,7.69,7.60,7.69,2376949,28264678.00
2011-04-21,7.73,7.93,7.69,7.93,6249840,76368496.00
2011-04-22,7.94,8.03,7.83,7.85,4316579,52997780.00
2011-04-25,7.90,7.91,7.59,7.60,3170301,37817528.00
2011-04-26,7.60,7.63,7.47,7.49,2066494,24171700.00
2011-04-27,7.55,7.82,7.49,7.55,3358342,39976700.00
2011-04-28,7.55,7.66,7.20,7.25,3887739,44748008.00
2011-04-29,7.32,7.35,7.25,7.32,1832894,20820312.00
2011-05-03,7.35,7.41,7.29,7.41,1637882,18715550.00
2011-05-04,7.41,7.42,7.21,7.26,1712165,19499332.00
2011-05-05,7.26,7.31,7.21,7.25,1613894,18225018.00
2011-05-06,7.27,7.32,7.13,7.28,1504343,16933226.00
2011-05-09,7.31,7.37,7.28,7.32,1322130,15076995.00
2011-05-10,7.32,7.35,7.29,7.35,1798087,20496786.00
2011-05-11,7.39,7.46,7.35,7.41,1969063,22693442.00
2011-05-12,7.38,7.41,7.25,7.27,2213163,25273168.00
2011-05-13,7.27,7.45,7.27,7.43,1677087,19169048.00
2011-05-16,7.46,7.46,7.39,7.43,1867697,21550902.00
2011-05-18,7.40,7.47,7.34,7.45,1930420,22273322.00
2011-05-19,7.49,7.57,7.45,7.47,4024723,46965508.00
2011-05-20,7.43,7.43,7.21,7.32,3522541,39999460.00
2011-05-23,7.28,7.34,7.08,7.09,1996254,22345680.00
2011-05-24,7.05,7.09,6.83,6.95,3103719,33522556.00
2011-05-25,6.96,7.04,6.90,6.91,2118383,15163965.00
2011-05-26,6.94,7.00,6.55,6.63,4136359,28799860.00
2011-05-27,6.60,6.65,6.31,6.46,4207976,27941696.00
2011-05-30,6.48,6.53,6.38,6.41,2320347,15448107.00
2011-05-31,6.45,6.56,6.35,6.55,2441251,16236503.00
2011-06-01,6.57,6.64,6.50,6.63,2709803,18386846.00
2011-06-02,6.59,6.59,6.41,6.47,2597759,17332226.00
2011-06-03,6.41,6.58,6.41,6.52,1911366,12844943.00
2011-06-07,6.54,6.64,6.50,6.60,1982586,13428658.00
2011-06-08,6.60,6.63,6.55,6.58,2131886,14467670.00
2011-06-09,6.90,7.16,6.67,6.69,10566322,74995536.00
2011-06-10,6.61,6.88,6.47,6.83,6390999,44121652.00
2011-06-14,6.81,6.90,6.71,6.84,4664501,32876040.00
2011-06-15,6.84,6.89,6.68,6.68,3083223,21552350.00
2011-06-16,6.63,6.74,6.51,6.59,3515288,23975922.00
2011-06-17,6.58,6.61,6.46,6.46,2149533,14451508.00
2011-06-20,6.46,6.56,6.36,6.42,2174007,14414093.00
2011-06-21,6.44,6.49,6.39,6.47,1639610,10888687.00
2011-06-22,6.48,6.53,6.43,6.45,1699829,11342792.00
2011-06-23,6.48,6.57,6.33,6.56,2978308,19868888.00
2011-06-24,6.52,6.78,6.50,6.70,6231252,42827912.00
2011-06-27,6.72,6.86,6.68,6.77,4899731,34185984.00
2011-06-28,6.80,6.80,6.68,6.76,2952362,20477900.00
2011-06-29,6.75,6.77,6.57,6.59,3376795,23258600.00
2011-06-30,6.65,6.77,6.59,6.73,3436376,23767544.00
2011-07-01,6.73,6.82,6.68,6.78,4154566,28999396.00
2011-07-04,6.81,6.98,6.76,6.91,6706303,47485468.00
2011-07-05,6.91,7.05,6.90,6.97,5794619,41520056.00
2011-07-06,6.97,7.07,6.92,7.04,6248606,44931260.00
2011-07-07,7.05,7.14,6.97,6.98,7323049,53026040.00
2011-07-08,6.98,6.99,6.87,6.89,3659820,26030538.00
2011-07-11,6.88,7.07,6.86,7.07,4281373,30721534.00
2011-07-12,7.05,7.17,6.92,6.95,7410595,53760536.00
2011-07-13,6.90,7.08,6.90,7.04,4084883,29459444.00
2011-07-14,7.09,7.25,7.07,7.25,9183446,67531752.00
2011-07-15,7.22,7.26,7.13,7.21,6815915,50374524.00
2011-07-18,7.23,7.27,7.11,7.15,4963664,36552872.00
2011-07-19,7.09,7.14,6.98,7.01,3766977,27226366.00
2011-07-20,7.02,7.09,7.00,7.08,2947833,21345384.00
2011-07-21,7.07,7.07,6.90,6.91,3491086,25043368.00
2011-07-22,6.92,7.02,6.92,6.95,2048991,14683243.00
2011-07-25,6.93,6.98,6.60,6.62,4288181,29944652.00
2011-07-26,6.65,6.68,6.51,6.64,2114676,14325922.00
2011-07-27,6.62,6.75,6.53,6.68,3322104,22716514.00
2011-07-28,6.66,6.66,6.51,6.55,2908919,19660602.00
2011-07-29,6.56,6.66,6.48,6.60,3151234,21269646.00
2011-08-01,6.61,6.73,6.51,6.69,3838175,26237144.00
2011-08-02,6.70,6.90,6.52,6.90,5377975,37155920.00
2011-08-03,6.80,6.97,6.75,6.85,3899289,27643594.00
2011-08-04,6.86,7.24,6.86,7.05,9845781,71326936.00
2011-08-05,6.85,7.27,6.78,7.07,19683209,143554048.00
2011-08-08,6.93,7.04,6.40,6.61,11257278,77600568.00
2011-08-09,6.34,6.61,6.13,6.61,6838396,45076280.00
2011-08-10,6.71,7.00,6.58,7.00,10365660,72721352.00
2011-08-11,6.97,7.15,6.83,7.11,9415938,68246144.00
2011-08-12,7.17,7.19,7.00,7.07,6521576,47562168.00
2011-08-15,7.08,7.20,7.01,7.20,8333635,61061300.00
2011-08-16,7.22,7.22,7.09,7.15,6903120,50817792.00
2011-08-17,7.12,7.17,6.96,7.09,6372189,46357200.00
2011-08-18,7.06,7.24,7.03,7.12,6338952,46510368.00
2011-08-19,7.15,7.54,6.97,7.38,27298833,205352192.00
2011-08-22,7.42,7.50,7.20,7.50,23469930,178094624.00
2011-08-23,7.60,7.97,7.39,7.44,30485867,239005200.00
2011-08-24,7.33,7.45,7.13,7.17,15551762,116447016.00
2011-08-25,7.17,7.29,7.10,7.25,7959207,58922336.00
2011-08-26,7.25,7.39,7.15,7.29,7440484,55764640.00
2011-08-29,7.21,7.32,7.10,7.10,6470548,47796472.00
2011-08-30,7.12,7.20,6.95,6.96,5846586,42597896.00
2011-08-31,6.96,7.03,6.90,6.99,4387136,31457174.00
2011-09-01,7.01,7.09,6.85,6.94,4811086,34609984.00
2011-09-02,6.89,6.92,6.68,6.72,5850936,40704200.00
2011-09-06,6.47,6.55,6.35,6.41,6528283,43420872.00
2011-09-07,6.48,6.56,6.42,6.55,4231860,28370476.00
2011-09-08,6.60,6.87,6.55,6.69,7625885,52975580.00
2011-09-09,6.67,6.79,6.57,6.78,3645473,25160412.00
2011-09-13,6.70,6.75,6.61,6.71,2703985,18573910.00
2011-09-14,6.73,6.95,6.72,6.94,6582321,46365136.00
2011-09-15,6.97,6.98,6.89,6.93,4516168,32195422.00
2011-09-16,6.93,7.05,6.89,6.90,4334092,31132114.00
2011-09-19,6.86,7.03,6.74,6.82,3574928,25213188.00
2011-09-20,6.77,7.06,6.76,7.06,12153357,87011520.00
2011-09-21,7.09,7.31,6.97,7.24,20710089,152230016.00
2011-09-22,7.16,7.38,7.01,7.12,10472306,77170952.00
2011-09-23,7.09,7.24,6.90,7.21,17353305,126381296.00
2011-09-26,7.23,7.28,7.10,7.18,15367905,113675560.00
2011-09-27,7.25,7.26,6.96,7.14,18369845,133670744.00
2011-09-28,7.24,7.36,6.99,7.25,21765161,159798832.00
2011-09-29,7.25,7.48,7.18,7.25,31614788,237445696.00
2011-09-30,7.28,7.38,6.93,7.30,23629564,173732480.00
2011-10-10,7.33,7.78,7.09,7.16,33064224,248607744.00
2011-10-11,7.18,7.28,6.48,6.48,22235565,157170528.00
2011-10-13,6.65,6.79,6.45,6.58,14920666,101698208.00
2011-10-14,6.59,6.65,6.45,6.61,7099631,47978752.00
2011-10-17,6.60,6.68,6.50,6.52,6440282,43650464.00
2011-10-18,6.53,6.53,6.28,6.29,6800323,44598616.00
2011-10-19,6.28,6.35,6.18,6.20,4607940,29735706.00
2011-10-20,6.18,6.25,5.92,5.93,6259034,39070756.00
2011-10-21,5.92,5.98,5.83,5.83,3835448,23286534.00
2011-10-24,5.82,5.94,5.70,5.92,5452879,32834868.00
2011-10-25,5.90,6.15,5.87,6.08,6331438,39410108.00
2011-10-26,6.02,6.14,6.00,6.06,5595165,35073836.00
2011-10-27,6.11,6.41,6.11,6.25,11338423,73557016.00
2011-10-28,6.34,6.35,6.13,6.27,6819731,43884636.00
2011-10-31,6.23,6.30,6.14,6.22,4596886,29445184.00
2011-11-01,6.12,6.22,6.09,6.13,5284970,33525094.00
2011-11-02,6.04,6.30,6.01,6.30,8262271,52511920.00
2011-11-03,6.35,6.57,6.33,6.38,12176341,81177712.00
2011-11-04,6.45,6.47,6.30,6.37,6660403,43699656.00
2011-11-07,6.36,6.41,6.30,6.31,4175534,27324440.00
2011-11-08,6.30,6.36,6.19,6.20,4457931,28928106.00
2011-11-09,6.23,6.28,6.13,6.28,4329221,27779184.00
2011-11-11,6.14,6.27,6.14,6.18,4004500,25625022.00
2011-11-14,6.20,6.35,6.20,6.31,4246999,27601140.00
2011-11-15,6.32,6.41,6.30,6.40,5032917,33004534.00
2011-11-16,6.39,6.40,6.12,6.15,5074982,32776022.00
2011-11-17,6.16,6.33,6.16,6.19,4414975,28463346.00
2011-11-18,6.16,6.37,6.10,6.14,6419183,41260424.00
2011-11-21,6.18,6.19,5.91,6.00,4327213,26836710.00
2011-11-22,5.96,6.03,5.90,5.98,2150251,13242421.00
2011-11-23,6.02,6.02,5.91,5.95,1788301,11023685.00
2011-11-24,5.89,5.91,5.81,5.87,2650687,16064029.00
2011-11-25,5.81,5.90,5.79,5.80,2508545,15153476.00
2011-11-28,5.81,5.84,5.73,5.75,2389193,14268094.00
2011-11-29,5.82,5.90,5.75,5.89,3704852,22294146.00
2011-11-30,5.89,5.89,5.51,5.57,3761294,22129512.00
2011-12-01,5.73,5.78,5.62,5.65,4026683,23794452.00
2011-12-02,5.58,5.64,5.40,5.44,3585718,20332956.00
2011-12-05,5.43,5.48,5.27,5.28,2083563,11515114.00
2011-12-06,5.29,5.34,5.22,5.29,1469098,8034054.00
2011-12-07,5.30,5.35,5.26,5.31,1833384,10104613.00
2011-12-08,5.31,5.33,5.16,5.25,2976333,16219068.00
2011-12-09,5.24,5.29,5.18,5.20,1626658,8838118.00
2011-12-12,5.22,5.22,5.06,5.08,2354519,12554145.00
2011-12-13,5.05,5.05,4.70,4.76,3512607,17743216.00
2011-12-14,4.74,4.80,4.62,4.65,2317854,11403374.00
2011-12-15,4.65,4.65,4.42,4.42,3833744,18074716.00
2011-12-16,4.42,4.65,4.29,4.60,5137067,23853208.00
2011-12-19,4.54,4.76,4.38,4.71,3906738,18477574.00
2011-12-20,4.67,4.75,4.58,4.60,2822195,13685432.00
2011-12-21,4.64,4.67,4.35,4.38,2600690,12267935.00
2011-12-22,4.30,4.42,4.17,4.32,3853019,17215216.00
2011-12-23,4.30,4.42,4.28,4.33,2366435,10768587.00
2011-12-26,4.37,4.49,4.34,4.36,3010685,13898941.00
2011-12-27,4.36,4.40,4.29,4.32,2176960,9885908.00
2011-12-28,4.30,4.37,4.22,4.37,2271996,10262204.00
2011-12-29,4.36,4.43,4.31,4.34,2284621,10415968.00
2011-12-30,4.37,4.46,4.35,4.42,2074078,9588967.00
2012-01-05,4.16,4.23,4.01,4.01,3413094,14740253.00
2012-01-06,4.01,4.05,3.91,4.02,2113542,8807664.00
2012-01-09,4.02,4.22,3.98,4.20,2926859,12743906.00
2012-01-10,4.22,4.41,4.20,4.40,3873704,17558762.00
2012-01-11,4.41,4.52,4.38,4.46,4862102,22651692.00
2012-01-12,4.45,4.54,4.39,4.42,3508379,16297307.00
2012-01-13,4.40,4.42,4.21,4.24,4124667,18557406.00
2012-01-16,4.25,4.68,4.24,4.46,7237396,34082788.00
2012-01-17,4.41,4.70,4.26,4.68,7498031,35355872.00
2012-01-18,4.68,4.70,4.51,4.55,4431356,21278024.00
2012-01-19,4.54,4.61,4.49,4.53,3154145,14986702.00
2012-01-20,4.53,4.59,4.52,4.57,2716301,12913018.00
2012-01-30,4.59,4.68,4.53,4.54,2720107,13086642.00
2012-01-31,4.55,4.57,4.45,4.50,1909043,8948572.00
2012-02-01,4.50,4.55,4.41,4.45,1844261,8641093.00
2012-02-02,4.46,4.55,4.43,4.55,2085410,9819633.00
2012-02-03,4.57,4.64,4.54,4.62,3286687,15775060.00
2012-02-06,4.65,4.70,4.60,4.64,2825670,13673028.00
2012-02-07,4.65,4.65,4.48,4.48,2487768,11753993.00
2012-02-08,4.51,4.62,4.46,4.59,2604386,12375180.00
2012-02-09,4.60,4.82,4.57,4.76,8331103,41132024.00
2012-02-10,4.75,4.83,4.69,4.73,4789907,23726874.00
2012-02-13,4.70,4.85,4.64,4.85,5111127,25413354.00
2012-02-14,4.85,4.88,4.77,4.80,3364531,16862378.00
2012-02-15,4.83,5.30,4.82,5.30,14535594,78059896.00
2012-02-16,5.50,5.78,5.42,5.61,35910705,207188144.00
2012-02-17,5.57,5.62,5.36,5.51,14200751,80747216.00
2012-02-20,5.55,5.61,5.44,5.49,12714710,72716240.00
2012-02-21,5.52,5.73,5.50,5.62,18043071,104886656.00
2012-02-23,5.74,5.92,5.63,5.75,21245125,127663576.00
2012-02-24,5.74,5.76,5.59,5.69,12122847,71058424.00
2012-02-27,5.74,5.82,5.65,5.73,11380798,67316528.00
2012-02-28,5.68,5.68,5.53,5.58,7393181,42820604.00
2012-02-29,5.58,5.58,5.32,5.40,7375259,41583940.00
2012-03-01,5.34,5.64,5.32,5.53,7089451,40563140.00
2012-03-02,5.57,6.04,5.51,6.03,19877260,119549616.00
2012-03-05,6.05,6.09,5.89,5.98,10068973,62171148.00
2012-03-06,5.92,5.98,5.83,5.96,7979143,48581700.00
2012-03-07,5.84,6.07,5.83,5.87,8025522,49419028.00
2012-03-08,5.89,6.13,5.89,6.00,8160426,50646404.00
2012-03-09,6.03,6.44,6.02,6.26,22696698,146313248.00
2012-03-12,6.26,6.26,6.07,6.19,8462455,53815476.00
2012-03-13,6.16,6.29,6.10,6.26,6377039,40771820.00
2012-03-14,6.25,6.26,5.61,5.80,12702049,78340656.00
2012-03-15,5.80,5.89,5.40,5.53,10625644,61845624.00
2012-03-16,5.53,5.79,5.53,5.70,7549390,44444536.00
2012-03-19,5.72,5.99,5.68,5.93,6916740,42088296.00
2012-03-20,5.93,5.95,5.68,5.75,5908749,35283012.00
2012-03-21,5.71,5.79,5.62,5.73,5452002,32239732.00
2012-03-22,5.75,5.79,5.65,5.73,2833876,16775687.00
2012-03-23,5.70,5.70,5.48,5.54,5862153,33710072.00
2012-03-26,5.55,5.87,5.55,5.82,11454409,68392544.00
2012-03-27,5.88,5.90,5.76,5.81,5139476,31001164.00
2012-03-28,5.82,5.89,5.56,5.65,6196164,36564496.00
2012-03-29,5.60,5.63,5.14,5.32,12447671,68795560.00
2012-03-30,5.26,5.36,5.17,5.28,5539773,30290418.00
2012-04-05,5.34,5.57,5.34,5.50,5513542,31310060.00
2012-04-06,5.50,5.61,5.44,5.51,5619678,32143580.00
2012-04-09,5.49,5.95,5.40,5.72,8869512,52282808.00
2012-04-10,5.70,5.73,5.39,5.71,8402074,48390088.00
2012-04-11,5.60,5.98,5.60,5.94,17107629,104108832.00
2012-04-12,5.95,6.55,5.81,6.49,36546234,236355824.00
2012-04-13,6.60,6.95,6.30,6.30,42374228,288035392.00
2012-04-17,6.37,6.48,5.89,5.92,22042494,139848016.00
2012-04-18,5.90,6.25,5.89,6.18,14960273,94253840.00
2012-04-19,6.10,6.20,6.00,6.13,9508788,60006552.00
2012-04-20,6.12,6.65,6.05,6.43,19345355,127519200.00
2012-04-23,6.40,6.49,6.16,6.25,11640976,75906248.00
2012-04-24,6.12,6.55,6.03,6.49,15995528,104695576.00
2012-04-25,6.54,6.95,6.41,6.67,26611574,184673024.00
2012-04-26,6.67,6.68,6.40,6.46,10445705,70183752.00
2012-04-27,6.41,6.54,6.32,6.36,6504654,42938288.00
2012-05-02,6.44,6.55,6.20,6.37,15230918,99950584.00
2012-05-04,6.39,6.58,6.39,6.50,11064585,73863504.00
2012-05-07,6.59,6.59,6.38,6.42,10187907,67711176.00
2012-05-08,6.44,6.64,6.37,6.53,10695601,71753344.00
2012-05-09,6.48,6.48,6.31,6.38,6630605,43721312.00
2012-05-11,6.45,6.56,6.33,6.48,7935964,53031400.00
2012-05-14,6.52,6.99,6.47,6.73,15330061,106184640.00
2012-05-15,6.61,7.03,6.59,6.86,17545864,122840032.00
2012-05-16,6.87,7.21,6.78,6.93,14559483,104280928.00
2012-05-17,6.89,6.99,6.70,6.86,8348607,58272348.00
2012-05-18,6.82,7.10,6.73,6.75,9822515,69133768.00
2012-05-21,6.69,6.80,6.54,6.70,6096849,41335432.00
2012-05-22,6.72,6.86,6.72,6.78,4166558,28722948.00
2012-05-23,6.74,6.83,6.48,6.66,7275356,49173472.00
2012-05-24,6.62,6.70,6.46,6.50,5772667,38581736.00
2012-05-25,6.50,6.63,6.24,6.25,5355516,35126152.00
2012-05-28,6.26,6.41,6.17,6.40,4675001,29971686.00
2012-05-29,6.38,6.59,6.33,6.54,5762574,38021292.00
2012-05-30,6.50,6.62,6.45,6.58,3794199,25363154.00
2012-05-31,6.54,6.67,6.51,6.57,4036329,27156356.00
2012-06-01,6.54,6.63,6.48,6.49,2601666,17311486.00
2012-06-04,6.37,6.45,6.20,6.22,3718855,23973600.00
2012-06-05,6.22,6.31,6.03,6.04,5037562,31584912.00
2012-06-07,6.13,6.19,5.98,6.00,4887635,30408898.00
2012-06-08,6.06,6.10,5.73,5.83,6130989,37011060.00
2012-06-11,5.84,5.94,5.73,5.92,5723027,34168756.00
2012-06-12,5.86,5.94,5.72,5.89,4324358,25750414.00
2012-06-13,5.88,6.05,5.88,6.05,3455231,21137204.00
2012-06-14,6.03,6.14,5.94,5.97,5116061,31548114.00
2012-06-15,5.98,6.04,5.82,5.88,4475723,26956438.00
2012-06-18,5.99,6.04,5.93,6.02,3288533,20083012.00
2012-06-19,6.01,6.04,5.93,5.97,3379103,20640490.00
2012-06-20,5.97,6.06,5.94,6.01,1981709,12094642.00
2012-06-21,6.01,6.17,5.91,6.13,8782336,54249608.00
2012-06-25,6.07,6.23,6.00,6.01,6401971,39995052.00
2012-06-26,5.97,6.13,5.70,6.04,4599772,27919024.00
2012-06-27,6.04,6.28,5.88,5.91,7036211,43711028.00
2012-06-28,6.01,6.08,5.85,5.88,5896387,36006572.00
2012-06-29,5.88,6.05,5.79,6.01,5422304,32829554.00
2012-07-02,5.98,6.10,5.97,6.02,4784212,29428388.00
2012-07-03,5.98,6.01,5.90,5.93,4306716,26160972.00
2012-07-04,5.98,6.10,5.93,6.00,3638966,22312998.00
2012-07-05,5.94,6.00,5.75,5.83,3675717,21872864.00
2012-07-06,5.88,5.93,5.49,5.73,6176375,35917232.00
2012-07-09,5.68,5.68,5.49,5.49,4533111,25806692.00
2012-07-10,5.51,5.58,5.29,5.43,3964300,21841328.00
2012-07-11,5.49,5.62,5.34,5.60,3234670,18007708.00
2012-07-12,5.63,5.63,5.45,5.56,5391797,30509246.00
2012-07-13,5.53,5.58,5.45,5.48,2086318,11756621.00
2012-07-16,5.47,5.47,5.03,5.08,3811316,20435828.00
2012-07-17,5.09,5.12,5.02,5.03,3039611,15732695.00
2012-07-18,5.01,5.21,5.00,5.16,3604359,18804434.00
2012-07-19,5.14,5.27,5.10,5.19,3809264,20260748.00
2012-07-20,5.19,5.21,5.14,5.16,2038627,10772405.00
2012-07-23,5.10,5.11,4.87,4.90,4514803,22865634.00
2012-07-24,4.88,4.95,4.83,4.93,2687464,13472346.00
2012-07-25,4.89,4.96,4.88,4.90,1838796,9265610.00
2012-07-26,4.96,5.13,4.92,4.94,4957635,25498548.00
2012-07-27,4.98,4.98,4.86,4.88,2724940,13692480.00
2012-07-30,4.86,4.93,4.68,4.71,2787109,13615728.00
2012-07-31,4.68,4.72,4.60,4.61,2468096,11736007.00
2012-08-01,4.61,4.72,4.60,4.68,2134423,10226784.00
2012-08-02,4.68,4.70,4.60,4.68,1411832,6731643.50
2012-08-03,4.68,4.77,4.64,4.76,2455613,11869615.00
2012-08-06,4.74,4.88,4.73,4.86,2389854,11790084.00
2012-08-07,4.88,4.98,4.87,4.97,3564061,18042942.00
2012-08-08,5.07,5.23,4.98,4.99,6112153,31873056.00
2012-08-09,4.99,5.05,4.91,5.04,3963163,20238594.00
2012-08-10,5.08,5.08,4.96,4.98,2967386,15169082.00
2012-08-13,4.95,4.98,4.82,4.82,3151811,15782839.00
2012-08-14,4.82,4.88,4.73,4.87,2683502,13192835.00
2012-08-15,4.87,4.91,4.78,4.79,1780434,8798405.00
2012-08-16,4.74,4.82,4.74,4.81,1308795,6429224.00
2012-08-17,4.81,4.81,4.71,4.79,1508724,7357527.50
2012-08-20,4.76,4.86,4.66,4.80,2556829,12419202.00
2012-08-21,4.78,4.91,4.75,4.90,5165562,25665288.00
2012-08-22,4.90,4.92,4.81,4.83,2663840,13260210.00
2012-08-23,4.83,4.91,4.83,4.90,4390825,21954994.00
2012-08-24,4.87,4.88,4.69,4.69,3959761,19359392.00
2012-08-27,4.66,4.69,4.54,4.55,3300744,15543127.00
2012-08-28,4.55,4.64,4.52,4.58,1686042,7926228.50
2012-08-29,4.60,4.71,4.50,4.53,2872393,13579628.00
2012-08-30,4.53,4.57,4.43,4.48,1746509,8068001.50
2012-08-31,4.48,4.50,4.39,4.41,2606539,11865264.00
2012-09-03,4.41,4.46,4.34,4.46,3642768,16548375.00
2012-09-04,4.47,4.48,4.37,4.39,2871399,13045153.00
2012-09-05,4.39,4.39,4.27,4.34,3721448,16596623.00
2012-09-06,4.35,4.40,4.33,4.40,3588154,16098882.00
2012-09-07,4.45,4.68,4.43,4.61,10152787,47542264.00
2012-09-10,4.67,4.68,4.58,4.63,8006138,37867416.00
2012-09-11,4.58,4.63,4.55,4.62,4285947,20217014.00
2012-09-12,4.64,4.84,4.62,4.74,8952597,43378156.00
2012-09-13,4.75,4.78,4.65,4.66,6385974,30887136.00
2012-09-14,4.70,4.75,4.61,4.66,4199796,20111236.00
2012-09-17,4.66,4.71,4.46,4.48,3897315,18296350.00
2012-09-18,4.44,4.51,4.37,4.44,2144050,9770341.00
2012-09-19,4.46,4.50,4.44,4.48,2027695,9286229.00
2012-09-20,4.48,4.48,4.26,4.26,3567454,16011067.00
2012-09-21,4.27,4.31,4.21,4.22,2297915,10044216.00
2012-09-24,4.20,4.21,4.08,4.19,2886164,12271239.00
2012-09-25,4.16,4.23,4.13,4.15,1709356,7347891.00
2012-09-26,4.17,4.17,4.03,4.05,2124910,8937096.00
2012-09-27,4.07,4.23,4.06,4.18,4019572,17181138.00
2012-09-28,4.16,4.27,4.14,4.26,5700157,24676302.00
2012-10-08,4.24,4.26,4.17,4.20,3042485,13176155.00
2012-10-09,4.19,4.34,4.19,4.33,3719357,16415100.00
2012-10-10,4.33,4.40,4.29,4.40,3937100,17608426.00
2012-10-11,4.37,4.48,4.34,4.35,4948619,22371568.00
2012-10-12,4.37,4.42,4.27,4.32,3172282,14136497.00
2012-10-15,4.33,4.35,4.24,4.30,2689997,11840668.00
2012-10-16,4.31,4.41,4.28,4.35,2515031,11223428.00
2012-10-17,4.35,4.40,4.28,4.35,2429674,10817920.00
2012-10-18,4.37,4.56,4.31,4.49,7234070,33209560.00
2012-10-19,4.47,4.53,4.44,4.46,3022140,13892285.00
2012-10-22,4.43,4.68,4.41,4.63,8073152,38097900.00
2012-10-23,4.63,4.69,4.51,4.55,5251898,24800490.00
2012-10-24,4.51,4.58,4.46,4.58,3217213,14940492.00
2012-10-25,4.58,4.64,4.52,4.57,3292193,15465095.00
2012-10-26,4.55,4.55,4.21,4.26,5871175,26175404.00
2012-10-29,4.25,4.29,4.18,4.22,2986298,12980308.00
2012-10-30,4.23,4.28,4.20,4.23,1656488,7218323.00
2012-10-31,4.23,4.29,4.21,4.27,1994281,8702694.00
2012-11-01,4.27,4.38,4.27,4.35,2993669,13353867.00
2012-11-02,4.35,4.38,4.30,4.35,2608028,11634009.00
2012-11-05,4.34,4.37,4.28,4.32,1513659,6715623.50
2012-11-06,4.29,4.33,4.19,4.26,2567635,11198316.00
2012-11-07,4.26,4.28,4.18,4.22,1876351,8143426.00
2012-11-08,4.19,4.19,4.09,4.10,2635620,11219674.00
2012-11-09,4.10,4.14,4.06,4.11,2848935,12025097.00
2012-11-12,4.12,4.22,4.12,4.20,3043413,13057057.00
2012-11-13,4.19,4.19,4.09,4.09,1690283,7165489.00
2012-11-14,4.08,4.14,4.06,4.13,2392981,10087067.00
2012-11-15,4.10,4.12,4.00,4.01,2294314,9573769.00
2012-11-16,4.01,4.01,3.94,3.97,1493943,6096113.00
2012-11-19,3.96,4.03,3.93,4.03,2010472,8216496.50
2012-11-20,4.03,4.03,3.98,3.99,1447554,5966881.00
2012-11-21,4.02,4.04,3.93,4.04,2121490,8717114.00
2012-11-22,4.00,4.04,3.96,4.03,2354274,9695264.00
2012-11-23,4.03,4.06,4.00,4.04,2393762,9943760.00
2012-11-26,4.04,4.05,3.91,3.93,2135142,8747883.00
2012-11-27,3.94,3.95,3.74,3.76,3783261,14881728.00
2012-11-28,3.74,3.74,3.69,3.72,1546991,5930379.00
2012-11-29,3.74,3.78,3.69,3.71,1241674,4781812.50
2012-11-30,3.70,3.76,3.69,3.75,3632798,13966352.00
2012-12-03,3.94,3.94,3.67,3.70,3163129,12223696.00
2012-12-04,3.61,3.75,3.61,3.74,2405903,9135956.00
2012-12-05,3.71,3.90,3.71,3.86,4171768,16531342.00
2012-12-06,3.86,3.99,3.83,3.89,3645519,14654335.00
2012-12-07,3.88,3.97,3.84,3.95,5069780,20506016.00
2012-12-10,3.95,4.04,3.93,4.01,4606033,18898448.00
2012-12-11,4.00,4.10,3.99,4.00,5811849,24206560.00
2012-12-12,3.97,4.02,3.92,3.97,3020072,12319022.00
2012-12-13,3.96,3.98,3.89,3.91,2654559,10731664.00
2012-12-14,3.98,4.31,3.97,4.31,14659875,63723552.00
2012-12-17,4.68,4.68,4.37,4.53,29673496,137515504.00
2012-12-18,4.46,4.54,4.40,4.43,12811158,58606012.00
2012-12-19,4.40,4.46,4.32,4.40,7045965,31708354.00
2012-12-20,4.39,4.44,4.34,4.43,5527387,24979704.00
2012-12-21,4.40,4.45,4.34,4.38,5177060,23385006.00
2012-12-24,4.37,4.40,4.31,4.35,4801635,21515822.00
2012-12-25,4.35,4.60,4.34,4.58,13313866,61943140.00
2012-12-26,4.55,4.65,4.51,4.64,10760918,50576480.00
2012-12-27,4.82,4.86,4.58,4.58,16560562,80294416.00
2012-12-28,4.53,4.62,4.50,4.59,6660349,31157892.00
2012-12-31,4.60,4.62,4.51,4.56,5373362,25125486.00
2013-01-04,4.59,4.61,4.50,4.54,4381648,20403982.00
2013-01-07,4.51,4.57,4.48,4.56,3346885,15575290.00
2013-01-08,4.55,4.63,4.50,4.59,5805734,27165010.00
2013-01-09,4.58,4.62,4.52,4.54,5165998,24219454.00
2013-01-10,4.54,4.59,4.53,4.54,5076365,23701010.00
2013-01-11,4.54,4.71,4.50,4.52,10173878,48139396.00
2013-01-14,4.50,4.62,4.41,4.59,9124714,42506680.00
2013-01-15,4.61,4.71,4.56,4.67,9816756,46747984.00
2013-01-16,4.68,4.70,4.54,4.61,7786815,36889972.00
2013-01-17,4.60,4.61,4.48,4.50,5579985,25944340.00
2013-01-18,4.50,4.58,4.50,4.58,4895821,22827470.00
2013-01-21,4.58,4.69,4.58,4.68,9502990,45401452.00
2013-01-22,4.68,5.04,4.61,4.86,19348160,95763800.00
2013-01-23,4.77,4.85,4.69,4.83,12534518,61299192.00
2013-01-24,4.83,5.12,4.76,5.09,26505734,134727136.00
2013-01-25,5.07,5.07,4.91,4.93,11862310,60415708.00
2013-01-28,4.92,5.01,4.80,5.00,10864995,54491140.00
2013-01-29,4.97,4.97,4.86,4.88,9728037,48782272.00
2013-01-30,4.86,5.02,4.86,4.95,8255346,41691528.00
2013-01-31,4.93,4.93,4.73,4.79,9087949,44802048.00
2013-02-01,4.78,4.80,4.72,4.78,6072250,29585614.00
2013-02-04,4.78,4.81,4.71,4.73,4943647,24057186.00
2013-02-05,4.71,4.84,4.69,4.81,4885073,23981614.00
2013-02-06,4.82,4.85,4.77,4.78,5514954,27132390.00
2013-02-07,4.78,4.81,4.72,4.75,5392630,26215454.00
2013-02-08,4.76,4.84,4.75,4.82,4387215,21632282.00
2013-02-18,4.94,4.98,4.84,4.87,6501757,32563954.00
2013-02-19,4.85,4.87,4.73,4.76,4989258,24454838.00
2013-02-20,4.76,4.82,4.74,4.82,3261176,15975644.00
2013-02-21,4.82,4.82,4.61,4.63,6977761,33537240.00
2013-02-22,4.63,4.66,4.61,4.63,2448252,11629566.00
2013-02-25,4.62,4.69,4.61,4.67,2727191,13011270.00
2013-02-26,4.69,4.74,4.63,4.66,3414097,16380160.00
2013-02-27,4.66,4.69,4.58,4.61,3484575,16546166.00
2013-02-28,4.62,4.70,4.58,4.68,3855287,18411494.00
2013-03-01,4.68,4.72,4.63,4.72,4745193,22731636.00
2013-03-04,4.68,4.77,4.57,4.60,7800951,37306036.00
2013-03-05,4.59,4.95,4.59,4.95,14483325,71399120.00
2013-03-06,4.89,4.96,4.83,4.94,12452417,62556284.00
2013-03-07,4.94,4.94,4.77,4.89,9840907,49002388.00
2013-03-08,4.90,4.94,4.85,4.86,7732257,38833932.00
2013-03-11,4.85,4.93,4.81,4.91,6186216,30941312.00
2013-03-12,4.88,4.92,4.65,4.73,7557476,37056440.00
2013-03-13,4.70,4.73,4.56,4.62,4183241,19835672.00
2013-03-14,4.63,4.66,4.50,4.54,5043387,23576310.00
2013-03-15,4.54,4.66,4.48,4.55,4698513,22000156.00
2013-03-18,4.54,4.57,4.51,4.54,2428311,11299023.00
2013-03-19,4.54,4.62,4.51,4.61,2973605,13935942.00
2013-03-20,4.62,4.73,4.60,4.73,3778498,18099470.00
2013-03-21,4.73,4.84,4.70,4.74,4839372,23627804.00
2013-03-22,4.74,4.75,4.67,4.73,3499620,16885772.00
2013-03-25,4.71,4.76,4.66,4.70,3970678,19140912.00
2013-03-26,4.72,4.72,4.58,4.61,3431335,16257078.00
2013-03-27,4.63,5.08,4.63,5.08,19569907,100490472.00
2013-03-28,5.14,5.15,4.92,4.99,25029756,128061416.00
2013-03-29,5.02,5.09,4.91,5.00,14024850,71960216.00
2013-04-01,4.99,5.11,4.95,5.03,11541221,59563000.00
2013-04-02,5.05,5.11,4.83,4.87,9004732,45828548.00
2013-04-03,4.83,4.93,4.79,4.85,4422273,22049410.00
2013-04-08,4.76,4.80,4.58,4.80,4239771,20536738.00
2013-04-09,4.81,4.93,4.76,4.90,5497643,27448892.00
2013-04-10,4.87,4.98,4.78,4.91,6042438,30110154.00
2013-04-11,4.91,5.11,4.89,5.02,10989206,56547180.00
2013-04-12,4.98,5.09,4.95,4.99,5028062,25893782.00
2013-04-15,4.99,5.25,4.99,5.08,11073207,58080784.00
2013-04-16,5.03,5.58,4.98,5.41,20672749,112622200.00
2013-04-17,5.35,5.50,5.28,5.46,11306389,62299400.00
2013-04-18,5.38,5.51,5.31,5.36,8267482,45481904.00
2013-04-19,5.36,5.50,5.31,5.42,10389124,57343124.00
2013-04-22,5.33,5.40,5.22,5.39,9323120,50617860.00
2013-04-23,5.36,5.76,5.31,5.43,14587113,81890856.00
2013-04-24,5.29,5.68,5.29,5.55,15324563,86945672.00
2013-04-25,5.49,5.96,5.49,5.73,20415056,120268472.00
2013-04-26,5.70,5.84,5.44,5.49,11712327,67358616.00
2013-05-02,5.40,5.67,5.32,5.67,7826814,44069800.00
2013-05-03,5.67,5.82,5.60,5.62,9262067,53960180.00
2013-05-06,5.59,5.82,5.58,5.73,8610897,50334224.00
2013-05-07,5.70,5.77,5.55,5.68,7304280,42049396.00
2013-05-08,5.68,5.98,5.62,5.92,13946794,82895672.00
2013-05-09,5.88,5.99,5.74,5.85,8500079,50823556.00
2013-05-10,5.84,5.86,5.70,5.80,7559894,44488020.00
2013-05-13,5.78,5.82,5.53,5.65,8737831,50504024.00
2013-05-14,5.63,5.95,5.59,5.91,11687815,69062104.00
2013-05-15,5.88,6.08,5.84,6.00,11766059,72220392.00
2013-05-16,5.97,5.97,5.77,5.84,13710594,81694280.00
2013-05-17,5.82,6.05,5.79,5.98,10036247,61056008.00
2013-05-20,5.95,6.13,5.95,6.00,9379636,57811752.00
2013-05-21,5.99,6.18,5.90,6.18,10202045,63173512.00
2013-05-22,6.14,6.22,6.02,6.06,8915147,55563368.00
2013-05-23,6.08,6.59,6.08,6.34,19190984,125220872.00
2013-05-24,6.38,6.98,6.37,6.96,26927167,184771952.00
2013-05-27,7.04,7.34,6.90,7.18,32532668,235840000.00
2013-05-28,7.18,7.19,6.85,7.08,20891940,148081280.00
2013-05-29,7.21,7.53,7.13,7.17,24701490,182343616.00
2013-05-30,7.01,7.85,6.92,7.72,42699697,318447072.00
2013-05-31,7.58,7.67,7.36,7.39,27426308,207539840.00
2013-06-03,7.33,7.33,7.04,7.12,15869052,114604816.00
2013-06-04,7.09,7.27,6.75,6.90,12499299,88469464.00
2013-06-05,6.86,7.00,6.65,6.78,10155027,69664424.00
2013-06-06,6.74,7.09,6.74,6.83,13952803,97695576.00
2013-06-07,6.82,7.00,6.45,6.53,11134141,75366480.00
2013-06-13,6.34,6.46,5.87,6.13,9332778,58190356.00
2013-06-14,6.14,6.50,6.14,6.43,10706831,69003224.00
2013-06-17,6.48,6.58,6.37,6.49,7931999,51861044.00
2013-06-18,6.50,6.58,6.39,6.48,7310628,47789012.00
2013-06-19,6.44,6.46,6.11,6.27,10605018,66904804.00
2013-06-20,6.23,6.45,6.14,6.17,10242162,65478004.00
2013-06-21,5.93,6.44,5.85,6.38,11098108,69766312.00
2013-06-24,6.48,6.66,5.98,6.61,23531253,152796448.00
2013-06-25,6.39,6.81,5.94,6.68,27545805,178799488.00
2013-06-26,6.74,7.09,6.51,7.07,32103590,222449312.00
2013-06-27,7.06,7.12,6.63,6.63,25024210,173957456.00
2013-06-28,6.58,6.76,6.15,6.55,12264537,81296872.00
2013-07-01,6.59,6.89,6.45,6.87,13487472,92219824.00
2013-07-02,6.81,7.03,6.80,6.96,14520900,101785048.00
2013-07-03,6.93,6.98,6.68,6.91,13158336,90779160.00
2013-07-04,6.86,7.18,6.78,7.07,20495057,146481424.00
2013-07-05,7.08,7.13,6.82,6.82,13134896,92782176.00
2013-07-08,6.68,6.69,6.13,6.14,16739134,107971152.00
2013-07-09,6.18,6.32,6.08,6.20,9626320,60476980.00
2013-07-10,6.20,6.49,6.17,6.46,11934713,76641960.00
2013-07-11,6.41,6.64,6.35,6.54,14540899,95333064.00
2013-07-12,6.54,6.66,6.38,6.39,10170873,66925848.00
2013-07-15,6.34,6.61,6.33,6.55,9285028,60994976.00
2013-07-16,6.59,6.88,6.56,6.88,14896267,101371872.00
2013-07-17,6.80,6.88,6.66,6.66,11405448,78004368.00
2013-07-18,6.63,7.02,6.63,6.92,15936996,110433032.00
2013-07-19,6.89,6.95,6.49,6.49,15683296,107404448.00
2013-07-22,6.41,6.65,6.23,6.63,8911023,58935944.00
2013-07-23,6.61,6.89,6.61,6.83,12627153,87003104.00
2013-07-24,6.90,7.08,6.75,7.02,22272943,156148016.00
2013-07-25,6.94,7.28,6.88,6.98,19569483,139614480.00
2013-07-26,7.08,7.27,6.96,7.18,23255799,167507328.00
2013-07-29,7.11,7.12,6.73,6.74,15542533,108195904.00
2013-07-30,6.67,6.93,6.55,6.84,12393248,84771280.00
2013-07-31,6.81,6.89,6.69,6.73,9986788,68464984.00
2013-08-01,6.73,6.98,6.66,6.97,10691118,74332016.00
2013-08-02,6.98,7.05,6.86,6.88,11857926,83295136.00
2013-08-05,6.88,6.93,6.81,6.92,8359603,58033604.00
2013-08-06,6.93,7.17,6.93,7.09,15244282,108875584.00
2013-08-07,7.09,7.12,6.91,6.92,13085853,92399816.00
2013-08-08,6.89,7.03,6.85,6.96,7146737,50184752.00
2013-08-09,6.95,7.08,6.89,7.03,9980379,70628256.00
2013-08-16,7.26,7.28,6.56,6.60,17953163,125775752.00
2013-08-19,6.51,7.06,6.44,6.93,10771932,74566424.00
2013-08-20,6.94,7.11,6.82,6.89,10881367,76685184.00
2013-08-21,6.83,6.98,6.80,6.91,8164208,56595032.00
2013-08-22,6.93,6.93,6.78,6.79,7258837,50330880.00
2013-08-23,6.73,6.85,6.34,6.55,19383338,128619976.00
2013-08-26,6.56,6.71,6.46,6.68,9007137,60159984.00
2013-08-27,6.68,6.98,6.64,6.94,13831189,96293032.00
2013-08-28,6.93,7.58,6.87,7.25,38071031,280171104.00
2013-08-29,7.29,7.53,7.19,7.43,26658689,199062256.00
2013-08-30,7.50,7.80,7.11,7.30,27348812,205659744.00
2013-09-02,8.04,8.04,7.55,8.04,43467029,351129536.00
2013-09-03,8.08,8.08,7.64,7.93,47337476,376060768.00
2013-09-04,7.73,8.28,7.72,7.93,41699799,338561504.00
2013-09-05,8.00,8.02,7.62,7.64,25416631,198772544.00
2013-09-06,7.56,8.22,7.55,8.07,34685423,278060768.00
2013-09-09,8.07,8.41,7.81,8.02,35022450,285817408.00
2013-09-10,7.88,8.49,7.84,8.17,31319813,260352272.00
2013-09-11,8.16,8.28,7.84,7.84,20954291,168869168.00
2013-09-12,7.85,8.09,7.69,8.08,22204363,176691744.00
2013-09-13,8.53,8.90,8.53,8.90,29647112,264773824.00
2013-09-16,9.42,9.42,8.81,9.02,66600666,613478528.00
2013-09-17,8.83,9.01,8.58,8.62,32995387,291636704.00
2013-09-18,8.64,9.49,8.54,9.49,57243112,529193088.00
2013-09-23,9.53,10.03,9.35,9.73,67239634,659512448.00
2013-09-24,9.57,10.01,9.46,9.79,60801546,595767360.00
2013-09-25,9.63,10.10,9.23,9.33,51364174,501904992.00
2013-09-26,9.05,9.32,8.51,8.60,38045179,341976960.00
2013-09-27,8.59,8.88,8.26,8.71,22768765,198272960.00
2013-09-30,8.78,9.16,8.69,9.01,18241516,165054224.00
2013-10-08,9.06,9.28,8.81,9.05,23721222,215904816.00
2013-10-09,8.97,9.30,8.87,9.30,22550101,208189904.00
2013-10-10,9.38,9.43,8.96,8.96,29216617,270664320.00
2013-10-11,8.72,8.82,8.38,8.66,43438523,377275328.00
2013-10-14,8.67,8.80,8.46,8.64,23088751,200991920.00
2013-10-15,8.74,9.31,8.58,9.21,40696499,369333376.00
2013-10-16,9.22,9.22,8.53,8.69,28308824,253184000.00
2013-10-17,8.76,8.82,8.13,8.13,22323064,190353840.00
2013-10-18,8.13,8.39,8.03,8.24,12135342,100983912.00
2013-10-21,8.24,8.58,8.12,8.52,21423379,180768032.00
2013-10-22,8.44,8.51,8.08,8.18,19780035,164929232.00
2013-10-23,8.19,8.26,7.83,7.93,14461133,117065312.00
2013-10-24,7.93,8.20,7.93,8.02,11795751,96334952.00
2013-10-25,8.08,8.13,7.53,7.71,15662424,123046096.00
2013-10-28,7.76,7.91,7.64,7.85,9064458,70966936.00
2013-10-29,7.90,8.08,7.33,7.78,14422147,113336168.00
2013-10-30,7.80,8.02,7.63,7.95,11290737,89864232.00
2013-10-31,7.95,8.11,7.89,7.98,12277554,99026648.00
2013-11-01,8.02,8.04,7.65,8.01,9872773,78240480.00
2013-11-04,8.06,8.30,8.01,8.27,19955693,165127152.00
2013-11-05,8.25,8.40,8.12,8.36,14341509,119609856.00
2013-11-06,8.29,8.53,8.13,8.16,31527760,265005280.00
2013-11-07,8.11,8.19,7.80,7.81,16519975,132903488.00
2013-11-08,7.82,8.12,7.68,8.03,14776649,117892600.00
2013-11-11,8.08,8.08,7.59,7.64,14817437,116512480.00
2013-11-12,7.64,7.75,7.44,7.63,9798282,75181480.00
2013-11-13,7.66,7.66,7.25,7.25,11179033,83935064.00
2013-11-14,7.23,7.32,6.94,7.11,14953658,106952488.00
2013-11-15,7.16,7.40,7.13,7.31,12635644,93108296.00
2013-11-18,7.38,7.61,7.38,7.53,14035777,106502352.00
2013-11-19,7.73,7.88,7.57,7.67,14583433,113438216.00
2013-11-20,7.65,7.70,7.44,7.59,13526044,103083344.00
2013-11-21,7.60,7.78,7.48,7.74,16028648,124113880.00
2013-11-22,7.78,7.86,7.60,7.62,10315766,80135320.00
2013-11-25,7.57,7.68,7.49,7.52,9207432,70334864.00
2013-11-26,7.48,7.67,7.45,7.59,10603111,80876792.00
2013-11-27,7.58,7.72,7.53,7.61,12028811,92472720.00
2013-11-28,7.66,7.76,7.59,7.68,13288508,102865464.00
2013-11-29,7.66,7.78,7.65,7.68,10737900,83417416.00
2013-12-02,7.54,7.56,6.99,7.00,17551052,127868624.00
2013-12-03,7.08,7.16,6.91,7.14,9729462,69121656.00
2013-12-04,7.13,7.48,7.04,7.40,15180649,112598704.00
2013-12-05,7.45,7.46,7.26,7.29,7846778,58025444.00
2013-12-06,7.29,7.38,7.26,7.31,5869401,43408616.00
2013-12-09,7.31,7.40,7.18,7.23,8781028,64565980.00
2013-12-10,7.24,7.40,7.23,7.31,6934094,51314024.00
2013-12-11,7.29,7.40,7.23,7.33,9835952,72805376.00
2013-12-12,7.30,7.37,7.26,7.30,6030949,44498704.00
2013-12-13,7.31,7.35,7.25,7.30,4590923,33835764.00
2013-12-16,7.29,7.32,7.05,7.11,6805193,49193304.00
2013-12-17,7.11,7.21,6.95,6.97,5563070,39518432.00
2013-12-18,6.97,7.03,6.90,6.91,6037870,42294484.00
2013-12-19,6.93,7.00,6.84,6.85,4771911,33384864.00
2013-12-20,6.86,6.90,6.63,6.71,6388303,43494680.00
2013-12-23,6.71,6.75,6.52,6.58,5383599,35917512.00
2013-12-24,6.60,6.85,6.58,6.74,6284936,42799168.00
2013-12-25,6.73,6.79,6.67,6.79,4459249,30275578.00
2013-12-26,6.78,6.80,6.62,6.63,4772133,32231620.00
2013-12-27,6.61,6.74,6.56,6.72,4356123,29381306.00
2013-12-30,6.76,6.86,6.68,6.80,7696333,52758712.00
2013-12-31,6.76,6.88,6.75,6.80,6046931,41625464.00
2014-01-02,6.80,6.97,6.76,6.89,7923213,55074068.00
2014-01-03,6.86,7.21,6.82,7.17,19156812,137216368.00
2014-01-06,7.13,7.39,7.04,7.11,12737370,92695112.00
2014-01-07,7.10,7.25,7.04,7.16,7302204,52788116.00
2014-01-08,7.19,7.30,7.09,7.26,9552800,69770600.00
2014-01-09,7.27,7.32,7.10,7.14,8508763,61775372.00
2014-01-10,7.11,7.14,6.76,6.83,7262567,50942204.00
2014-01-13,6.79,6.93,6.63,6.64,6507705,44780696.00
2014-01-14,6.69,6.97,6.64,6.96,5518177,38153588.00
2014-01-15,6.98,7.00,6.85,6.93,4214957,29386588.00
2014-01-16,6.93,7.09,6.89,7.02,6183402,43893332.00
2014-01-17,7.00,7.03,6.89,6.94,4371085,30632220.00
2014-01-20,6.94,6.98,6.72,6.73,4914453,33833564.00
2014-01-21,6.68,6.94,6.66,6.94,4374667,30298692.00
2014-01-22,6.99,7.19,6.99,7.14,10049179,71959208.00
2014-01-23,7.12,7.19,7.05,7.13,6778300,48644456.00
2014-01-24,7.07,7.60,7.07,7.56,23924486,178791440.00
2014-01-27,7.43,7.79,7.40,7.63,19130362,148152224.00
2014-01-28,7.68,7.79,7.43,7.71,13502444,104171656.00
2014-01-29,7.73,7.90,7.63,7.89,15149120,118882752.00
2014-01-30,7.90,7.91,7.71,7.78,7438466,58554020.00
2014-02-07,7.73,7.83,7.53,7.83,10312097,80202960.00
2014-02-10,7.83,8.02,7.83,7.96,14685008,117904712.00
2014-02-11,7.93,8.06,7.83,7.86,12193466,97668984.00
2014-02-12,7.86,8.38,7.78,8.37,24625046,201333872.00
2014-02-13,8.51,8.51,7.95,8.00,20624276,170850224.00
2014-02-14,8.14,8.53,8.14,8.45,27715776,234398832.00
2014-02-17,8.43,8.71,8.38,8.44,22863976,196422880.00
2014-02-18,8.44,8.89,8.24,8.79,29386613,254726432.00
2014-02-19,8.76,8.86,8.53,8.63,21558838,188887392.00
2014-02-20,8.57,8.81,8.35,8.59,21462214,186574192.00
2014-02-21,8.65,8.89,8.48,8.63,16825042,147458576.00
2014-02-24,8.54,8.63,8.29,8.61,15322767,131163808.00
2014-02-25,8.62,9.15,8.36,8.53,35265372,314977984.00
2014-02-26,8.43,8.68,7.93,8.52,20225044,170254208.00
2014-02-27,8.57,8.78,8.33,8.39,16589868,143204368.00
2014-02-28,8.40,8.40,7.96,8.21,13131806,108077832.00
2014-03-03,8.16,8.38,8.08,8.34,10001457,83435224.00
2014-03-04,8.25,8.70,8.15,8.51,13265897,113508224.00
2014-03-05,8.61,8.71,8.39,8.41,10081336,86607416.00
2014-03-06,8.38,8.40,8.11,8.21,11610217,96516440.00
2014-03-07,8.25,9.04,8.25,9.04,47579839,420670720.00
2014-03-10,9.03,9.26,8.84,8.94,48441158,441536160.00
2014-03-11,8.73,9.18,8.50,8.67,34436738,307354880.00
2014-03-12,8.61,8.67,7.80,8.01,31784439,260495568.00
2014-03-13,7.98,8.09,7.64,7.88,18866054,149627456.00
2014-03-14,7.89,8.09,7.79,7.90,10161828,81321584.00
2014-03-17,7.93,8.09,7.73,8.01,9709491,77860616.00
2014-03-18,7.99,8.23,7.95,8.09,12899221,105673488.00
2014-03-19,8.05,8.16,7.73,7.87,12617472,100748848.00
2014-03-20,7.87,7.97,7.70,7.73,9095401,71925520.00
2014-03-21,7.75,7.80,7.43,7.80,11874373,91510000.00
2014-03-24,7.80,7.88,7.71,7.78,7685232,60361444.00
2014-03-25,7.77,7.98,7.70,7.96,9274784,73912688.00
2014-03-26,7.93,8.02,7.82,7.87,6814357,54313048.00
2014-03-27,7.86,7.96,7.76,7.82,6164605,48877764.00
2014-03-28,7.77,7.83,7.24,7.26,11607894,87993936.00
2014-03-31,7.30,7.36,7.07,7.12,5183301,37864056.00
2014-04-01,7.07,7.32,7.07,7.29,4458296,32550862.00
2014-04-02,7.32,7.32,7.22,7.27,3981007,29194950.00
2014-04-03,7.29,7.34,7.22,7.27,3460824,25441644.00
2014-04-04,7.30,7.38,7.25,7.34,3045496,22567734.00
2014-04-08,7.32,7.56,7.32,7.51,6001597,45330064.00
2014-04-09,7.56,7.63,7.48,7.52,6011231,45821992.00
2014-04-10,7.54,7.80,7.49,7.65,7348970,56861288.00
2014-04-11,7.58,7.68,7.54,7.62,4720627,36216436.00
2014-04-14,7.62,7.73,7.56,7.68,4225027,32618934.00
2014-04-15,7.70,7.89,7.63,7.88,12533774,98625160.00
2014-04-16,7.82,7.92,7.74,7.81,9947231,78616288.00
2014-04-17,7.79,8.01,7.77,7.81,7352041,58529012.00
2014-04-18,7.82,7.95,7.63,7.73,6346696,49809672.00
2014-04-21,7.73,7.82,7.43,7.43,6694991,51720604.00
2014-04-22,7.58,8.18,7.58,8.18,45484382,372560224.00
2014-04-23,8.17,8.18,7.87,8.01,27582303,223412976.00
2014-04-24,7.93,8.00,7.62,7.62,20168964,158132896.00
2014-04-25,7.56,7.65,6.87,7.09,29021364,211504064.00
2014-04-28,7.13,7.24,6.90,6.96,15867761,113452048.00
2014-04-29,6.96,7.10,6.92,7.10,10079570,71237384.00
2014-04-30,7.08,7.26,6.98,7.13,11390349,82235680.00
2014-05-05,7.13,7.21,7.06,7.15,7629223,54918876.00
2014-05-06,7.13,7.30,7.13,7.21,8777105,63933584.00
2014-05-07,7.18,7.18,7.06,7.07,8889052,63705792.00
2014-05-08,6.97,7.23,6.97,7.10,5549371,39851276.00
2014-05-09,7.10,7.15,7.03,7.13,4198288,30050630.00
2014-05-12,7.19,7.35,7.18,7.34,9163883,67379672.00
2014-05-13,7.37,7.63,7.35,7.55,12788400,96088216.00
2014-05-14,7.55,7.67,7.42,7.58,13764633,103899104.00
2014-05-15,7.57,7.57,7.30,7.37,11435983,84773528.00
2014-05-16,7.29,7.51,7.28,7.39,7407174,54858264.00
2014-05-19,7.41,7.41,7.28,7.38,4576643,33632848.00
2014-05-20,7.42,7.44,7.29,7.33,5997439,44149512.00
2014-05-21,7.29,7.53,7.20,7.50,8266740,61175892.00
2014-05-22,7.56,7.66,7.46,7.64,14342071,108516296.00
2014-05-23,7.60,7.64,7.47,7.60,8957005,67781920.00
2014-05-26,7.61,7.64,7.55,7.63,8365073,63516352.00
2014-05-27,7.61,7.62,7.48,7.52,6817076,51385984.00
2014-05-28,7.53,7.63,7.45,7.61,9983084,75310664.00
2014-05-29,7.63,7.74,7.53,7.65,13305244,101691104.00
2014-05-30,7.64,7.65,7.48,7.50,9517100,71763232.00
2014-06-03,7.50,7.57,7.40,7.43,7623729,57093676.00
2014-06-04,7.44,7.45,7.25,7.27,8698552,63501352.00
2014-06-05,7.29,7.39,7.19,7.37,7232825,52922704.00
2014-06-06,7.42,7.56,7.38,7.42,11840337,88672904.00
2014-06-09,7.38,7.49,7.33,7.49,8234991,61035716.00
2014-06-10,7.48,7.60,7.38,7.56,12548460,94205592.00
2014-06-11,7.55,7.82,7.53,7.71,24803595,190859584.00
2014-06-12,7.71,7.77,7.62,7.65,15391552,118494584.00
2014-06-13,7.65,7.87,7.63,7.80,19235124,149156448.00
2014-06-16,7.80,7.88,7.74,7.77,11984932,93447056.00
2014-06-17,7.78,7.78,7.61,7.65,8943600,68543192.00
2014-06-18,7.66,7.70,7.58,7.60,8121870,61921532.00
2014-06-19,7.59,7.69,7.32,7.36,9685439,73018904.00
2014-06-20,7.37,7.49,7.32,7.49,6092876,45179844.00
2014-06-23,7.47,7.62,7.46,7.57,6792306,51335564.00
2014-06-24,7.58,7.60,7.44,7.50,5987816,44932620.00
2014-06-25,7.57,7.57,7.36,7.43,5875083,43744928.00
2014-06-26,7.42,7.64,7.42,7.54,7780846,58626360.00
2014-06-27,7.57,7.67,7.53,7.63,7882059,59998804.00
2014-06-30,7.63,7.76,7.61,7.73,12678863,97845720.00
2014-07-01,7.72,7.95,7.70,7.84,19088364,149695920.00
2014-07-02,7.89,8.14,7.86,7.91,19172315,152769072.00
2014-07-03,7.91,8.04,7.82,7.87,12187954,96145088.00
2014-07-04,7.89,7.92,7.76,7.80,9000017,70440424.00
2014-07-07,7.85,8.10,7.85,7.95,15567098,124281592.00
2014-07-08,7.94,8.15,7.91,8.08,21315861,172013152.00
2014-07-09,8.12,8.13,7.85,7.86,13395283,106823320.00
2014-07-10,7.85,7.94,7.75,7.87,6984917,54898920.00
2014-07-11,7.87,7.95,7.80,7.90,8460517,66774080.00
2014-07-14,7.91,7.96,7.81,7.93,10146629,80038304.00
2014-07-15,7.93,7.94,7.76,7.80,12077213,94501288.00
2014-07-16,7.82,7.85,7.70,7.73,9494960,73783232.00
2014-07-17,7.70,7.76,7.58,7.61,8339922,63863188.00
2014-07-18,7.65,7.80,7.64,7.68,10262459,79108224.00
2014-07-21,7.67,7.71,7.60,7.66,5074883,38844740.00
2014-07-22,7.64,7.77,7.61,7.68,7484894,57721248.00
2014-07-23,7.71,7.71,7.50,7.56,9696778,73773176.00
2014-07-24,7.56,7.64,7.46,7.56,9387145,70866832.00
2014-07-25,7.59,7.64,7.53,7.59,10364234,78557656.00
2014-07-28,7.63,7.85,7.60,7.84,21075362,162456624.00
2014-07-29,7.86,8.05,7.79,7.96,35100408,278880960.00
2014-07-30,8.00,8.01,7.84,7.89,20196524,159926048.00
2014-07-31,7.90,8.08,7.86,8.01,20780872,166135504.00
2014-08-01,8.00,8.02,7.81,7.81,16859421,133744376.00
2014-08-04,7.85,7.97,7.81,7.93,12041932,95023520.00
2014-08-05,7.94,8.06,7.86,8.05,18421728,147207792.00
2014-08-06,8.00,8.06,7.92,8.06,24139373,192593584.00
2014-08-07,8.09,8.21,7.93,7.94,25661725,207170000.00
2014-08-08,7.93,8.10,7.89,8.04,16804304,134441136.00
2014-08-11,8.04,8.33,8.04,8.20,24916517,204727728.00
2014-08-12,8.26,8.34,8.19,8.29,26240091,216959168.00
2014-08-13,8.29,8.36,8.16,8.36,23387495,193351584.00
2014-08-14,8.37,8.47,8.22,8.23,21839330,181835648.00
2014-08-15,8.45,8.58,8.31,8.41,31416292,265622048.00
2014-08-18,8.47,8.70,8.41,8.70,32732312,281325856.00
2014-08-19,8.76,8.76,8.51,8.61,25794940,222189536.00
2014-08-20,8.59,8.68,8.46,8.53,23156802,197946800.00
2014-08-21,8.53,8.53,8.27,8.40,20596354,172654960.00
2014-08-22,8.42,9.08,8.37,8.87,45104552,394684544.00
2014-08-25,8.86,8.97,8.65,8.83,26975011,237083104.00
2014-08-26,8.78,8.96,8.57,8.62,24618285,214683728.00
2014-08-27,8.64,9.46,8.64,9.12,43283314,393709056.00
2014-08-28,9.10,9.36,9.00,9.11,33781563,310639968.00
2014-08-29,9.12,9.43,9.05,9.07,35307363,325820992.00
2014-09-01,9.11,9.98,9.11,9.98,85443593,832950144.00
2014-09-02,9.80,10.06,9.77,9.94,58868254,582919488.00
2014-09-03,9.99,10.79,9.95,10.41,68573376,708137536.00
2014-09-04,10.43,11.39,10.35,11.15,66459631,720159168.00
2014-09-05,11.29,12.18,11.20,11.88,92449139,1088810624.00
2014-09-09,12.30,13.07,11.97,13.07,76461701,966160768.00
2014-09-10,13.58,13.97,13.09,13.35,152529317,2053725824.00
2014-09-11,13.51,13.79,12.66,12.99,114781392,1502248320.00
2014-09-12,12.98,13.17,12.72,12.99,76647918,997357632.00
2014-09-15,13.05,14.29,13.00,14.29,98762025,1360268928.00
2014-09-16,14.29,14.48,12.86,12.86,156880418,2097732224.00
2014-09-17,12.66,12.96,12.45,12.75,65325221,828836800.00
2014-09-18,12.75,13.06,12.40,12.88,58104552,740360384.00
2014-09-19,12.78,14.13,12.62,13.57,95185008,1270586240.00
2014-09-22,13.30,13.46,12.48,12.76,66983161,860891456.00
2014-09-23,12.48,12.86,12.44,12.79,43633095,553454336.00
2014-09-24,12.74,13.40,12.50,12.92,63552261,825205312.00
2014-09-25,13.02,13.97,13.01,13.35,86188478,1160457984.00
2014-09-26,13.15,13.48,12.97,13.17,48025851,633773056.00
2014-09-29,13.23,13.85,13.04,13.57,68554722,926651072.00
2014-09-30,13.57,14.84,13.46,14.54,93251795,1320801792.00
2014-10-08,14.50,15.99,14.41,15.99,76601319,1173250688.00
2014-10-09,16.20,16.38,15.30,15.79,87041869,1373755264.00
2014-10-10,15.70,15.75,15.06,15.37,57772974,884853184.00
2014-10-13,15.07,15.20,14.38,14.94,45240700,668248128.00
2014-10-14,14.85,15.33,14.61,15.12,47633036,714463616.00
2014-10-15,15.18,15.30,14.70,15.07,48160124,725482048.00
2014-10-16,14.71,14.87,14.08,14.10,57808072,838725824.00
2014-10-17,14.10,14.63,14.03,14.31,40403851,577235328.00
2014-10-20,14.30,14.88,14.11,14.79,39554705,578004096.00
2014-10-21,14.70,14.87,14.27,14.31,28286248,411546784.00
2014-10-22,14.43,14.78,14.20,14.47,29127521,424306432.00
2014-10-23,14.30,14.78,14.22,14.58,30933879,451220096.00
2014-10-24,14.70,15.50,14.60,15.14,68817603,1045811520.00
2014-10-27,15.07,15.53,14.80,15.53,49512916,753399168.00
2014-10-28,15.64,15.87,15.31,15.41,64411287,1003343936.00
2014-10-29,15.46,16.50,15.25,16.11,83559275,1340665088.00
2014-10-30,16.00,16.19,15.66,15.80,50921623,807428160.00
2014-10-31,15.90,15.98,14.75,14.89,69202462,1050596032.00
2014-11-03,14.80,15.07,14.52,14.77,42117985,622867904.00
2014-11-04,14.81,14.87,14.32,14.50,35376256,514953152.00
2014-11-05,14.44,14.81,14.17,14.69,31234654,453597440.00
2014-11-06,14.78,14.78,14.45,14.57,18256625,266003520.00
2014-11-07,14.58,15.27,14.40,15.22,51890644,766530240.00
2014-11-10,15.21,15.34,14.79,15.10,40238330,605532032.00
2014-11-11,15.16,15.23,13.59,13.72,56969363,807505408.00
2014-11-12,13.65,13.94,13.40,13.76,25214128,345133664.00
2014-11-13,13.77,13.81,13.04,13.09,35218423,466143808.00
2014-11-14,13.01,13.22,12.80,12.98,20428894,266385264.00
2014-11-17,13.16,13.65,12.91,13.36,24120044,322277504.00
2014-11-18,13.32,13.96,13.21,13.68,25448046,347850944.00
2014-11-19,13.63,13.88,13.40,13.72,24102208,329659488.00
2014-11-20,13.69,13.69,13.41,13.58,15821951,214323968.00
2014-11-21,13.49,13.67,13.30,13.46,19353830,261187920.00
2014-11-24,13.66,13.75,13.46,13.49,23202343,314800000.00
2014-11-25,13.50,13.94,13.41,13.81,28981173,398131648.00
2014-11-26,13.61,13.68,13.02,13.42,48042262,640946752.00
2014-11-27,13.38,13.57,13.31,13.38,28940355,388949824.00
2014-11-28,13.38,13.57,13.35,13.38,23516385,315746816.00
2014-12-01,13.40,13.49,12.82,12.87,36892523,484258048.00
2014-12-02,12.87,13.09,12.66,12.79,34712995,447003264.00
2014-12-03,12.70,13.08,12.34,13.07,52448165,659745152.00
2014-12-04,13.03,13.27,12.80,12.94,48302406,629629632.00
2014-12-05,12.95,13.00,12.30,12.44,41722464,525699296.00
2014-12-08,12.48,13.15,12.25,12.98,50519283,650283392.00
2014-12-09,12.98,13.11,11.92,11.98,46530279,589188672.00
2014-12-10,11.85,12.51,11.80,12.43,25940274,317091616.00
2014-12-11,12.37,12.99,12.25,12.92,34190487,434900256.00
2014-12-12,13.15,14.20,12.89,14.07,85358855,1158035712.00
2014-12-15,14.08,14.90,14.08,14.33,82572050,1198586880.00
2014-12-16,14.15,14.25,13.67,13.81,66264851,920011392.00
2014-12-17,13.65,14.97,13.28,14.75,95147649,1356705280.00
2014-12-18,14.60,16.00,14.50,15.52,100550011,1544165632.00
2014-12-19,15.60,15.60,14.82,14.95,60367773,916563072.00
2014-12-22,14.64,14.76,13.46,13.48,57735101,801805952.00
2014-12-23,13.61,13.87,12.88,12.98,36391205,484417632.00
2014-12-24,13.07,13.87,13.07,13.40,30108020,405398816.00
2014-12-25,13.42,13.64,13.34,13.48,20652512,278862176.00
2014-12-26,13.39,13.79,13.16,13.55,31990217,431806752.00
2014-12-29,13.64,14.69,13.41,14.59,50593974,715758016.00
2014-12-30,14.45,14.96,14.06,14.54,48791024,709508928.00
2014-12-31,14.54,15.20,14.37,14.86,42962932,642462848.00
2015-01-05,15.05,15.22,14.31,14.60,37591154,554204736.00
2015-01-06,14.60,15.10,14.49,14.64,38004688,560975488.00
2015-01-07,14.70,15.48,14.26,15.22,63381396,948631424.00
2015-01-08,15.04,15.56,14.90,15.00,44869047,684438912.00
2015-01-09,14.93,15.29,14.55,14.55,32230438,478752032.00
2015-01-12,14.40,15.25,14.40,14.96,36406082,544592512.00
2015-01-13,14.94,15.78,14.80,15.63,57938075,896156096.00
2015-01-14,15.55,15.70,14.64,14.69,46793667,711167552.00
2015-01-15,14.77,15.02,14.52,14.90,29025820,428983136.00
2015-01-16,14.90,16.39,14.72,15.85,113722160,1802809088.00
2015-01-19,15.20,16.66,15.08,15.68,88848075,1409482752.00
2015-01-20,15.93,17.25,15.75,17.25,47512896,802669312.00
2015-01-21,18.40,18.98,18.20,18.98,99700340,1875690880.00
2015-01-22,19.90,20.12,18.88,19.13,119333370,2320106752.00
2015-01-23,19.05,20.15,18.50,18.59,100964441,1941187456.00
2015-01-26,18.50,20.20,18.33,19.65,101150808,1962902016.00
2015-01-27,19.60,20.36,19.25,19.86,68309550,1355565184.00
2015-01-28,19.80,20.25,18.76,18.99,59515494,1149518336.00
2015-01-29,18.64,19.55,18.56,19.21,37936280,725079680.00
2015-01-30,19.18,19.33,18.08,18.08,46434590,861187648.00
2015-02-02,17.61,18.65,17.57,18.01,32935050,599019136.00
2015-02-03,18.11,19.81,18.11,19.81,36599825,707562688.00
2015-02-04,20.59,21.58,20.06,20.55,88899262,1846042752.00
2015-02-05,20.58,22.61,20.40,21.92,90178896,1947790976.00
2015-02-06,21.66,22.10,20.45,20.73,54457011,1145874432.00
2015-02-09,20.53,21.25,19.82,20.17,36603141,748921792.00
2015-02-10,20.19,22.10,19.82,21.99,49019869,1037092864.00
2015-02-11,22.03,23.68,21.86,22.90,59363918,1367858432.00
2015-02-12,22.90,23.20,22.47,22.74,31585701,721283776.00
2015-02-13,22.86,23.97,22.80,22.90,44763824,1044382912.00
2015-02-16,23.05,24.80,23.00,24.67,46273071,1109371648.00
2015-02-17,25.12,27.14,24.12,27.14,59488197,1532147072.00
2015-02-25,28.10,28.80,26.01,26.31,69244118,1901491712.00
2015-02-26,26.31,27.48,25.02,25.95,60057337,1572406912.00
2015-02-27,26.01,28.55,25.60,28.55,63293655,1721206016.00
2015-03-02,29.43,31.11,28.71,30.60,74493993,2221031936.00
2015-03-03,30.15,30.50,29.20,29.37,52117366,1553051392.00
2015-03-04,29.20,30.79,28.91,29.91,58007575,1722052352.00
2015-03-05,29.59,30.78,28.80,29.65,49849768,1477738752.00
2015-03-06,29.48,29.50,26.69,26.69,71433208,1990408448.00
2015-03-09,26.38,27.95,25.99,27.29,43531359,1178667520.00
2015-03-10,27.37,29.93,26.92,29.55,55435091,1599331712.00
2015-03-11,29.39,29.56,27.22,28.10,55174426,1565603968.00
2015-03-12,28.40,28.42,26.11,27.41,41124659,1116788864.00
2015-03-13,27.46,28.60,27.22,28.00,36129973,1013252096.00
2015-03-16,28.50,30.00,28.39,29.40,53568955,1577328000.00
2015-03-17,29.39,29.98,28.55,29.07,47364656,1383052416.00
2015-03-18,28.89,29.65,28.20,29.16,44357830,1282478848.00
2015-03-19,29.00,29.25,28.38,28.90,37510719,1075917696.00
2015-03-20,28.90,30.66,28.78,30.12,68718979,2070038144.00
2015-03-23,29.98,33.06,29.66,32.42,64921424,2024892672.00
2015-03-24,32.50,34.42,31.00,33.46,76008749,2511130112.00
2015-03-25,33.20,33.22,32.00,32.65,42755211,1399202944.00
2015-03-26,32.60,33.29,30.01,30.73,49435645,1560084224.00
2015-03-27,30.73,32.50,30.60,32.08,36130290,1143405824.00
2015-03-30,32.11,32.98,31.40,31.80,32218411,1031688064.00
2015-03-31,31.50,32.19,30.79,31.52,34870281,1096510336.00
2015-04-01,31.50,33.08,31.48,32.52,39429209,1280563328.00
2015-04-02,33.50,34.84,33.08,33.19,44018713,1487422080.00
2015-04-03,32.95,34.22,32.51,33.93,39498055,1332420608.00
2015-04-07,33.95,37.32,33.93,37.32,50771012,1828635392.00
2015-04-08,38.20,38.48,35.28,36.43,49685465,1816099456.00
2015-04-09,36.12,36.40,33.79,35.82,45625217,1603337472.00
2015-04-10,35.98,37.50,35.82,36.40,33114685,1221806976.00
2015-04-13,36.08,37.25,35.50,36.41,33035306,1200848256.00
2015-04-14,36.30,36.30,34.61,35.27,38281726,1352878208.00
2015-04-15,35.10,35.10,31.80,32.50,41290934,1381192960.00
2015-04-16,31.55,33.58,31.16,32.39,30445424,990785024.00
2015-04-17,33.48,33.50,31.95,32.09,30855115,1000471296.00
2015-04-20,31.89,31.89,29.90,30.01,46180591,1418739712.00
2015-04-21,30.02,32.32,30.01,32.18,37334000,1172043008.00
2015-04-22,33.01,34.50,32.98,33.30,35500700,1191080832.00
2015-04-23,33.53,33.87,32.59,33.28,32675249,1087554432.00
2015-04-24,32.48,33.10,31.81,32.73,36943671,1200904960.00
2015-04-27,32.90,35.90,32.90,35.33,51553740,1779898752.00
2015-04-28,35.41,38.68,35.41,37.22,66321720,2466249472.00
2015-04-29,37.97,39.30,37.35,38.57,43533859,1679253120.00
2015-04-30,38.83,39.10,37.00,37.60,36023523,1365056384.00
2015-05-04,37.04,37.50,36.00,36.76,25727152,946522944.00
2015-05-05,36.69,38.58,36.03,36.92,33748075,1265185408.00
2015-05-06,36.80,39.15,36.80,37.70,37199656,1414097152.00
2015-05-07,37.50,38.53,35.00,35.70,30874636,1130068096.00
2015-05-08,36.50,39.27,36.50,39.27,46878857,1779133184.00
2015-05-11,39.60,43.20,39.60,43.20,58125208,2465125120.00
2015-05-12,43.68,44.88,42.26,44.05,52118878,2265423360.00
2015-05-13,42.81,48.46,42.32,47.42,61416759,2876882944.00
2015-05-14,48.00,49.96,45.50,48.55,52437730,2515287808.00
2015-05-15,47.85,53.26,46.30,50.50,43589888,2154625792.00
2015-05-18,50.60,55.55,50.60,55.55,32274126,1755352448.00
2015-05-19,57.30,61.11,56.00,60.90,50059610,2963244288.00
2015-05-20,60.95,63.51,58.90,61.00,51262936,3126996480.00
2015-05-21,60.00,62.00,58.16,60.99,41386175,2473624064.00
2015-05-22,61.35,62.25,57.16,58.41,41013062,2425561088.00
2015-05-25,56.31,64.25,56.03,64.25,50794437,3088156416.00
2015-05-26,66.00,70.68,64.30,70.68,40095917,2726962176.00
2015-05-27,71.89,74.78,67.92,69.52,46411260,3292662528.00
2015-05-28,69.50,71.10,66.00,66.50,42219321,2888479488.00
2015-05-29,67.40,73.15,67.40,73.15,50732104,3608338432.00
2015-09-22,73.15,73.15,73.15,73.15,0,0.00
数据来源:通达信
