002312 三泰控股 日线 前复权
      日期	    开盘	    最高	    最低	    收盘	    成交量	    成交额
2009-12-03,5.22,6.09,5.22,6.01,10080392,599943616.00
2009-12-04,5.54,5.95,5.49,5.49,5523871,337065952.00
2009-12-07,5.33,5.69,5.32,5.51,3167758,190331664.00
2009-12-08,5.51,5.53,5.28,5.36,2210559,128334424.00
2009-12-09,5.29,5.42,5.22,5.31,1428673,81667424.00
2009-12-10,5.34,5.50,5.34,5.43,1564709,91724072.00
2009-12-11,5.45,5.46,5.28,5.30,1517990,86844728.00
2009-12-14,5.27,5.35,5.22,5.33,984481,55974544.00
2009-12-15,5.32,5.36,5.23,5.24,883242,50095232.00
2009-12-16,5.24,5.24,4.80,4.85,1939969,102009928.00
2009-12-17,4.85,4.93,4.79,4.81,815577,41852532.00
2009-12-18,4.75,4.75,4.43,4.43,1110345,51838120.00
2009-12-21,4.41,4.49,4.40,4.48,627632,29108762.00
2009-12-22,4.49,4.50,4.20,4.21,1192931,53133056.00
2009-12-23,4.22,4.47,4.21,4.38,1206727,54284260.00
2009-12-24,4.34,4.47,4.34,4.45,1150248,52854080.00
2009-12-25,4.45,4.50,4.39,4.45,747293,34565896.00
2009-12-28,4.45,4.53,4.43,4.49,722556,33711284.00
2009-12-29,4.50,4.57,4.48,4.57,943763,44636568.00
2009-12-30,4.64,4.64,4.48,4.52,1204840,57040636.00
2009-12-31,4.51,4.53,4.47,4.51,578400,27112690.00
2010-01-04,4.47,4.59,4.47,4.54,702703,33267122.00
2010-01-05,4.54,4.57,4.48,4.54,756557,35591704.00
2010-01-06,4.54,4.61,4.51,4.55,938083,44610452.00
2010-01-07,4.54,4.90,4.52,4.78,2205586,109543320.00
2010-01-08,4.75,4.88,4.71,4.87,1476693,75226496.00
2010-01-11,4.84,5.01,4.73,4.96,1466400,76532656.00
2010-01-12,4.95,5.02,4.87,4.90,1479762,77542912.00
2010-01-13,4.81,4.90,4.75,4.77,1244289,63127164.00
2010-01-14,4.76,4.95,4.75,4.93,1192152,61506288.00
2010-01-15,4.98,5.06,4.91,4.96,1273206,67675928.00
2010-01-18,4.98,4.99,4.85,4.86,846951,43872444.00
2010-01-19,4.86,4.91,4.75,4.82,710773,36054908.00
2010-01-20,4.81,4.81,4.51,4.53,977454,47499596.00
2010-01-21,4.53,4.59,4.49,4.52,379509,17933826.00
2010-01-22,4.51,4.52,4.28,4.37,575213,26144006.00
2010-01-25,4.37,4.43,4.33,4.33,265588,12064345.00
2010-01-26,4.39,4.40,4.21,4.24,325495,14384235.00
2010-01-27,4.26,4.35,4.25,4.28,275538,12227685.00
2010-01-28,4.27,4.27,4.23,4.26,364756,15925204.00
2010-01-29,4.27,4.35,4.25,4.29,298661,13280023.00
2010-02-01,4.29,4.30,3.97,4.04,573524,23884854.00
2010-02-02,4.02,4.11,3.98,3.98,288235,11853070.00
2010-02-03,3.98,4.02,3.77,3.95,474036,18523646.00
2010-02-05,3.88,4.04,3.84,3.99,507984,20453420.00
2010-02-08,4.02,4.04,3.96,3.98,221546,8945146.00
2010-02-09,3.96,4.02,3.96,3.98,128460,5176318.00
2010-02-10,4.06,4.06,3.98,4.04,224027,9125587.00
2010-02-11,4.01,4.17,4.01,4.17,313900,13028607.00
2010-02-12,4.14,4.24,4.12,4.19,307876,13209018.00
2010-02-22,4.19,4.41,4.19,4.28,590456,26156194.00
2010-02-23,4.28,4.33,4.19,4.33,493706,21761896.00
2010-02-24,4.34,4.43,4.30,4.41,447733,20387386.00
2010-02-25,4.41,4.52,4.41,4.44,659764,30770916.00
2010-02-26,4.47,4.55,4.39,4.40,679197,31516152.00
2010-03-01,4.37,4.42,4.35,4.40,478747,21725868.00
2010-03-02,4.41,4.41,4.36,4.39,440718,20010500.00
2010-03-03,4.39,4.47,4.34,4.46,1874799,85304920.00
2010-03-04,4.44,4.48,4.28,4.29,1083370,49495572.00
2010-03-05,4.28,4.31,4.24,4.25,582534,25566070.00
2010-03-08,4.25,4.31,4.24,4.30,421801,18557040.00
2010-03-09,4.30,4.36,4.29,4.36,445804,19932276.00
2010-03-10,4.36,4.37,4.27,4.34,397993,17738758.00
2010-03-11,4.34,4.36,4.29,4.36,370891,16584835.00
2010-03-12,4.38,4.56,4.36,4.45,1428525,66307652.00
2010-03-15,4.42,4.59,4.42,4.52,1052672,49612356.00
2010-03-16,4.55,4.55,4.43,4.46,626977,29144558.00
2010-03-17,4.46,4.55,4.46,4.53,422712,19892650.00
2010-03-18,4.53,4.62,4.53,4.56,648187,31042162.00
2010-03-19,4.56,4.59,4.53,4.55,386218,18288676.00
2010-03-22,4.53,4.54,4.47,4.50,473195,22113788.00
2010-03-23,4.51,4.52,4.46,4.51,479269,22338266.00
2010-03-24,4.51,4.65,4.50,4.64,1047517,50424956.00
2010-03-25,4.63,4.79,4.63,4.73,1324014,65991216.00
2010-03-26,4.67,4.71,4.62,4.67,643022,31516224.00
2010-03-29,4.67,4.72,4.59,4.72,670092,32740202.00
2010-03-30,4.71,4.89,4.71,4.79,1057697,53808756.00
2010-03-31,4.79,4.93,4.79,4.90,1047335,54016872.00
2010-04-01,4.92,4.97,4.87,4.88,1173293,61219296.00
2010-04-02,4.84,4.94,4.82,4.90,786218,40688600.00
2010-04-06,4.93,4.94,4.88,4.93,514452,26735816.00
2010-04-07,4.96,5.10,4.91,5.10,1189054,63749684.00
2010-04-08,5.13,5.21,5.06,5.13,1176620,64594488.00
2010-04-09,5.05,5.19,5.05,5.17,779441,42803548.00
2010-04-12,5.19,5.42,5.19,5.41,1062246,60685524.00
2010-04-13,5.42,5.51,4.95,5.19,2013608,112413440.00
2010-04-14,5.14,5.23,4.98,5.23,1128098,61805028.00
2010-04-15,5.22,5.22,4.91,4.91,1175143,62616144.00
2010-04-16,4.92,5.09,4.92,5.03,1061155,56896896.00
2010-04-19,5.17,5.34,5.07,5.20,3657779,204726992.00
2010-04-20,5.14,5.16,4.94,5.09,2069480,110416808.00
2010-04-21,5.06,5.26,5.03,5.24,1947867,108159040.00
2010-04-22,5.06,5.06,4.87,4.93,3529219,184836112.00
2010-04-23,4.88,4.88,4.65,4.65,2111939,105403864.00
2010-04-26,4.66,4.74,4.59,4.68,987876,48362384.00
2010-04-27,4.66,4.66,4.29,4.39,1052437,48898128.00
2010-04-28,4.38,4.41,4.29,4.35,441917,19925872.00
2010-04-29,4.37,4.43,4.28,4.28,529911,23965830.00
2010-04-30,4.28,4.34,4.04,4.13,605646,25818002.00
2010-05-04,4.11,4.19,4.04,4.16,385510,16358646.00
2010-05-05,4.13,4.34,4.12,4.28,587887,25439356.00
2010-05-06,4.27,4.29,4.08,4.08,520600,22366490.00
2010-05-07,4.04,4.18,3.97,4.11,437598,18370652.00
2010-05-11,4.13,4.17,4.00,4.04,636309,26512156.00
2010-05-12,4.03,4.03,3.85,3.91,433637,17112484.00
2010-05-13,3.96,4.13,3.89,4.05,497588,20038910.00
2010-05-14,3.96,4.38,3.96,4.38,1537891,67603824.00
2010-05-17,4.35,4.35,4.14,4.16,981039,42933140.00
2010-05-18,4.08,4.19,4.04,4.19,587935,24727624.00
2010-05-19,4.19,4.31,4.14,4.24,906535,39607232.00
2010-05-20,4.14,4.24,4.03,4.03,1174216,24334142.00
2010-05-21,3.86,4.06,3.82,4.03,1200218,23908268.00
2010-05-24,4.03,4.19,4.03,4.18,1540014,32345826.00
2010-05-25,4.18,4.21,4.04,4.06,1024055,21390682.00
2010-05-26,4.06,4.14,4.06,4.12,752189,15623209.00
2010-05-27,4.12,4.18,4.07,4.16,1038496,21717372.00
2010-05-28,4.20,4.41,4.16,4.39,2296078,50584900.00
2010-05-31,4.33,4.53,4.32,4.38,2817949,64600008.00
2010-06-01,4.35,4.44,4.22,4.31,1743736,38766144.00
2010-06-02,4.30,4.30,4.10,4.21,1454617,31118086.00
2010-06-03,4.22,4.31,4.20,4.20,1217519,26530164.00
2010-06-04,4.18,4.27,4.12,4.24,994962,21207784.00
2010-06-07,4.14,4.59,4.12,4.59,4817819,112102736.00
2010-06-08,4.67,4.83,4.58,4.69,6315340,155511552.00
2010-06-09,4.69,4.89,4.61,4.80,4959865,123358816.00
2010-06-10,4.76,4.91,4.74,4.85,2887642,73381072.00
2010-06-11,4.87,4.91,4.70,4.75,2838386,71260632.00
2010-06-17,4.74,5.01,4.73,4.90,3952760,102433264.00
2010-06-18,4.85,4.88,4.55,4.59,2298186,56285380.00
2010-06-21,4.49,4.69,4.27,4.63,1267739,29787290.00
2010-06-22,4.60,4.79,4.59,4.72,1183989,29249398.00
2010-06-23,4.71,4.81,4.60,4.65,1265892,30929352.00
2010-06-24,4.65,4.71,4.62,4.71,790639,19255700.00
2010-06-25,4.69,4.71,4.54,4.63,1185167,28365514.00
2010-06-28,4.57,4.66,4.47,4.47,620600,14625406.00
2010-06-29,4.47,4.51,4.14,4.17,1331299,29224474.00
2010-06-30,4.17,4.17,3.95,4.09,1079593,22023374.00
2010-07-01,4.09,4.20,4.03,4.05,557052,11520736.00
2010-07-02,4.03,4.16,3.94,4.12,880435,17939464.00
2010-07-05,4.06,4.12,4.02,4.09,407376,8370277.00
2010-07-06,4.06,4.19,4.06,4.18,800020,16818226.00
2010-07-07,4.18,4.23,4.16,4.23,610635,13068810.00
2010-07-08,4.24,4.24,4.11,4.17,781289,16575072.00
2010-07-09,4.17,4.25,4.12,4.23,927822,19807554.00
2010-07-12,4.25,4.34,4.20,4.28,871890,19061956.00
2010-07-13,4.27,4.27,4.16,4.23,676299,14518172.00
2010-07-14,4.21,4.29,4.20,4.23,751116,16212942.00
2010-07-15,4.23,4.25,4.08,4.09,673130,14305808.00
2010-07-16,4.06,4.09,4.01,4.09,438980,8973912.00
2010-07-19,4.06,4.19,4.01,4.16,629901,13169799.00
2010-07-20,4.20,4.27,4.16,4.25,912315,19638632.00
2010-07-21,4.25,4.40,4.22,4.33,1601610,35404380.00
2010-07-22,4.33,4.38,4.28,4.33,905645,20070332.00
2010-07-23,4.33,4.68,4.28,4.68,4587216,108509952.00
2010-07-26,4.62,4.84,4.56,4.75,6468851,159289968.00
2010-07-27,4.71,4.71,4.63,4.65,3110889,75746008.00
2010-07-28,4.65,4.75,4.62,4.71,2264300,55464180.00
2010-07-29,4.71,4.91,4.71,4.84,4652117,117175256.00
2010-07-30,4.81,4.81,4.71,4.76,2735723,68177496.00
2010-08-02,4.77,4.88,4.71,4.82,4110791,103972984.00
2010-08-03,4.79,4.97,4.79,4.91,4995830,128562824.00
2010-08-04,4.87,5.24,4.87,5.10,8195816,217850656.00
2010-08-05,5.07,5.07,4.94,5.05,4186509,111031568.00
2010-08-06,5.03,5.05,4.91,5.05,2621818,69282488.00
2010-08-09,5.05,5.08,4.97,5.05,2434420,64723656.00
2010-08-10,5.05,5.05,4.80,4.80,2277540,59415076.00
2010-08-11,4.77,4.85,4.68,4.75,2359895,58714612.00
2010-08-12,4.70,4.83,4.67,4.75,1842070,46073588.00
2010-08-13,4.72,4.83,4.72,4.82,1705203,42910184.00
2010-08-16,4.83,4.97,4.76,4.95,1802888,46476464.00
2010-08-17,4.95,4.97,4.91,4.96,1686196,43982588.00
2010-08-18,4.96,4.96,4.86,4.87,1578538,40683112.00
2010-08-19,4.89,4.89,4.77,4.79,1623198,41096936.00
2010-08-20,4.77,4.85,4.76,4.76,1089890,27415516.00
2010-08-23,4.76,4.80,4.68,4.79,1374871,34105044.00
2010-08-24,4.79,4.93,4.79,4.85,1894009,48686740.00
2010-08-25,4.84,4.89,4.73,4.73,1142590,28717660.00
2010-08-26,4.73,4.79,4.66,4.71,1077093,26456122.00
2010-08-27,4.73,4.77,4.65,4.74,728464,18001162.00
2010-08-31,4.85,5.12,4.84,4.89,2902310,75832992.00
2010-09-01,4.90,5.05,4.89,5.00,3580242,93963752.00
2010-09-02,5.05,5.06,4.95,4.99,2579577,68112920.00
2010-09-03,5.01,5.04,4.93,5.02,2469682,65125904.00
2010-09-06,5.04,5.20,4.96,5.19,4123556,111205688.00
2010-09-07,5.19,5.29,5.13,5.28,5993097,167458304.00
2010-09-08,5.29,5.38,5.25,5.27,4568245,129629520.00
2010-09-09,5.23,5.27,5.07,5.07,3012814,82901240.00
2010-09-10,5.07,5.24,5.07,5.20,1718037,47036784.00
2010-09-13,5.18,5.27,5.16,5.26,2170194,60684328.00
2010-09-14,5.29,5.32,5.22,5.27,2185446,61445528.00
2010-09-15,5.29,5.59,5.26,5.48,5499111,161619888.00
2010-09-16,5.45,5.62,5.35,5.60,5677282,168213456.00
2010-09-17,5.59,5.82,5.53,5.63,4405078,134711952.00
2010-09-20,5.61,5.72,5.53,5.54,2735715,83375184.00
2010-09-21,5.45,5.55,5.27,5.39,2541276,73114496.00
2010-09-27,5.39,5.48,5.39,5.45,1114901,32489968.00
2010-09-28,5.48,5.48,5.32,5.41,2223437,63904376.00
2010-09-29,5.43,5.46,5.38,5.42,1273136,37050212.00
2010-09-30,5.42,5.45,5.35,5.43,890549,25851492.00
2010-10-08,5.43,5.62,5.43,5.53,1600746,48048156.00
2010-10-11,5.56,5.58,5.37,5.38,1677366,49285624.00
2010-10-12,5.46,5.49,5.40,5.46,1021525,29880664.00
2010-10-13,5.47,5.49,5.26,5.29,1692005,48103716.00
2010-10-14,5.29,5.34,5.04,5.09,1702873,47036908.00
2010-10-15,5.07,5.23,4.99,5.09,789728,21483794.00
2010-10-18,5.10,5.10,4.86,5.02,1307429,34379720.00
2010-10-19,5.08,5.33,5.01,5.28,931544,25917118.00
2010-10-20,5.18,5.33,5.13,5.22,856469,23899748.00
2010-10-21,5.22,5.32,5.17,5.28,816063,22769182.00
2010-10-22,5.28,5.48,5.28,5.43,1708654,49880960.00
2010-10-25,5.57,5.81,5.57,5.67,2603322,80279528.00
2010-10-26,5.73,5.73,5.48,5.58,1461916,44032084.00
2010-10-27,5.57,5.63,5.49,5.49,1194136,35823776.00
2010-10-28,5.49,5.59,5.48,5.53,1116271,33265322.00
2010-11-01,5.58,5.71,5.50,5.52,2222662,66523460.00
2010-11-02,5.52,5.58,5.50,5.50,1627745,48579888.00
2010-11-03,5.48,5.65,5.45,5.53,1718378,51727900.00
2010-11-04,5.54,5.54,5.42,5.51,1470319,43250888.00
2010-11-05,5.55,5.56,5.40,5.49,1030069,30351962.00
2010-11-08,5.49,5.70,5.47,5.68,2379412,71960464.00
2010-11-09,5.69,5.76,5.64,5.76,2094837,64829828.00
2010-11-10,5.77,5.97,5.72,5.90,2782863,89479088.00
2010-11-11,5.85,5.94,5.73,5.73,1931881,61583268.00
2010-11-12,5.70,5.72,5.27,5.27,1927144,57184956.00
2010-11-15,5.30,5.45,5.30,5.42,979003,28318606.00
2010-11-16,5.48,5.55,5.34,5.40,1214718,35432116.00
2010-11-17,5.35,5.46,5.29,5.32,669753,19329292.00
2010-11-18,5.43,5.50,5.35,5.46,812121,23642058.00
2010-11-19,5.53,5.72,5.53,5.65,1613325,48941672.00
2010-11-22,5.64,5.93,5.56,5.80,2596477,81983688.00
2010-11-23,5.80,5.80,5.48,5.63,1499039,45494008.00
2010-11-24,5.69,5.72,5.56,5.71,1042326,31975754.00
2010-11-25,5.71,5.83,5.61,5.63,1228427,37837920.00
2010-11-26,5.59,5.66,5.56,5.60,941403,28579790.00
2010-11-29,5.55,5.60,5.50,5.56,878059,26243846.00
2010-11-30,5.54,5.54,5.32,5.40,1235970,36017788.00
2010-12-01,5.40,5.53,5.40,5.47,543632,15996107.00
2010-12-02,5.52,5.59,5.48,5.49,624505,18562130.00
2010-12-03,5.49,5.51,5.37,5.45,482317,14030693.00
2010-12-06,5.45,5.50,5.29,5.33,571137,16398012.00
2010-12-07,5.32,5.43,5.30,5.42,381810,10997122.00
2010-12-08,5.42,5.45,5.36,5.36,506476,14691712.00
2010-12-09,5.36,5.38,5.22,5.22,703206,19845792.00
2010-12-10,5.21,5.27,5.17,5.27,404078,11322859.00
2010-12-13,5.29,5.37,5.27,5.35,684856,19530130.00
2010-12-14,5.36,5.42,5.34,5.36,544184,15693782.00
2010-12-15,5.35,5.41,5.33,5.37,535636,15392983.00
2010-12-16,5.40,5.42,5.34,5.38,510290,14716656.00
2010-12-17,5.45,5.45,5.33,5.35,482821,13981069.00
2010-12-21,5.39,5.39,5.23,5.28,814128,22926234.00
2010-12-22,5.28,5.28,5.10,5.15,833479,23064396.00
2010-12-23,5.15,5.19,5.11,5.11,470320,12894679.00
2010-12-24,5.12,5.13,4.93,4.96,501151,13366148.00
2010-12-27,4.96,5.10,4.91,4.94,512105,13616384.00
2010-12-28,4.96,5.01,4.85,4.86,229414,5912669.00
2010-12-29,4.83,4.93,4.81,4.93,248341,6390274.00
2010-12-30,4.93,5.04,4.90,4.93,346840,9065491.00
2010-12-31,4.99,4.99,4.93,4.99,321740,8434527.00
2011-01-04,4.99,5.03,4.94,4.98,638449,16774128.00
2011-01-05,4.95,5.11,4.95,5.07,635913,17065036.00
2011-01-06,5.07,5.12,5.01,5.07,363196,9752784.00
2011-01-07,5.07,5.08,4.98,5.02,448875,11949480.00
2011-01-10,5.07,5.07,4.85,4.86,370580,9596050.00
2011-01-11,4.81,4.86,4.70,4.84,348368,8732079.00
2011-01-12,4.80,4.86,4.69,4.73,357577,8893528.00
2011-01-13,4.77,4.83,4.74,4.75,220822,5535837.00
2011-01-14,4.72,4.79,4.58,4.61,395790,9593456.00
2011-01-17,4.61,4.61,4.46,4.46,460712,10686993.00
2011-01-18,4.45,4.50,4.34,4.41,197329,4527404.00
2011-01-19,4.46,4.53,4.41,4.49,402131,9247433.00
2011-01-20,4.49,4.53,4.34,4.35,397048,9109500.00
2011-01-21,4.30,4.39,4.28,4.30,429727,9510142.00
2011-01-24,4.30,4.34,4.22,4.26,246015,5397953.00
2011-01-25,4.30,4.30,4.22,4.24,208293,4537789.50
2011-01-26,4.27,4.32,4.24,4.29,465365,10209073.00
2011-01-27,4.30,4.40,4.27,4.32,568260,12596348.00
2011-01-28,4.32,4.38,4.31,4.35,295624,6593094.50
2011-01-31,4.36,4.43,4.35,4.40,394326,8912267.00
2011-02-01,4.40,4.42,4.38,4.42,283360,6427649.50
2011-02-09,4.41,4.44,4.35,4.36,270841,6117279.00
2011-02-10,4.28,4.46,4.28,4.45,336527,7672279.00
2011-02-11,4.45,4.58,4.43,4.56,530983,12500298.00
2011-02-14,4.60,4.69,4.58,4.60,598453,14394309.00
2011-02-15,4.61,4.67,4.53,4.54,724081,17312740.00
2011-02-16,4.61,4.61,4.54,4.59,705209,16739117.00
2011-02-17,4.59,4.64,4.55,4.61,624931,14905141.00
2011-02-18,4.63,4.67,4.60,4.62,695281,16797780.00
2011-02-21,4.61,4.64,4.57,4.63,962287,23011492.00
2011-02-22,4.68,4.69,4.61,4.61,1080657,26167810.00
2011-02-23,4.64,4.64,4.55,4.59,561448,13367164.00
2011-02-24,4.59,4.92,4.58,4.85,1550477,39154772.00
2011-02-25,4.86,4.97,4.85,4.87,1609973,41607184.00
2011-02-28,4.87,4.90,4.77,4.88,709271,18015090.00
2011-03-01,4.90,4.91,4.83,4.85,720847,18402140.00
2011-03-02,4.86,4.90,4.82,4.87,414932,10619017.00
2011-03-03,4.88,4.88,4.77,4.79,552970,14005763.00
2011-03-04,4.75,4.83,4.75,4.79,412110,10349614.00
2011-03-07,4.81,4.90,4.80,4.88,695223,17816888.00
2011-03-08,4.90,4.91,4.83,4.88,522262,13391606.00
2011-03-09,4.91,4.91,4.81,4.83,524763,13363064.00
2011-03-10,4.83,4.91,4.80,4.87,663237,17010748.00
2011-03-11,4.88,4.89,4.82,4.83,412796,10509945.00
2011-03-14,4.77,4.87,4.76,4.85,588139,14871310.00
2011-03-15,4.84,4.89,4.77,4.82,733769,18578324.00
2011-03-16,4.85,4.87,4.79,4.87,669689,17003038.00
2011-03-17,4.83,5.02,4.80,4.96,1329287,34708496.00
2011-03-18,4.96,5.03,4.91,4.96,643764,16891636.00
2011-03-21,4.95,5.01,4.90,4.91,559631,14524787.00
2011-03-22,4.93,4.93,4.81,4.83,461870,11740808.00
2011-03-23,4.82,4.87,4.82,4.84,268686,6831366.00
2011-03-24,4.85,4.86,4.78,4.79,553617,13978079.00
2011-03-25,4.86,4.86,4.79,4.80,850991,21574196.00
2011-03-28,4.82,4.85,4.77,4.79,550690,13859698.00
2011-03-29,4.79,4.79,4.61,4.61,672666,16427017.00
2011-03-30,4.61,4.66,4.57,4.60,276206,6632535.50
2011-03-31,4.59,4.68,4.59,4.63,238000,5705302.00
2011-04-01,4.58,4.64,4.58,4.63,149905,3596841.00
2011-04-06,4.62,4.62,4.49,4.53,448383,10551995.00
2011-04-07,4.54,4.58,4.50,4.57,245403,5781650.00
2011-04-08,4.61,4.63,4.55,4.59,217775,5183930.50
2011-04-11,4.59,4.63,4.57,4.58,287000,6857020.00
2011-04-12,4.54,4.61,4.54,4.58,419904,9928093.00
2011-04-13,4.58,4.60,4.55,4.60,199661,4754134.00
2011-04-14,4.63,4.63,4.57,4.58,279362,6650673.50
2011-04-18,4.62,4.64,4.53,4.53,295153,7012596.00
2011-04-19,4.53,4.53,4.41,4.46,423394,9736144.00
2011-04-20,4.44,4.50,4.44,4.49,264377,6117337.50
2011-04-21,4.48,4.55,4.48,4.55,310705,7250940.00
2011-04-22,4.55,4.55,4.42,4.43,514579,11805085.00
2011-04-25,4.48,4.48,4.33,4.34,423980,9481570.00
2011-04-26,4.36,4.36,4.22,4.30,468265,10209137.00
2011-04-27,4.30,4.57,4.25,4.48,622810,14096539.00
2011-04-28,4.48,4.48,4.31,4.31,403147,9089175.00
2011-04-29,4.26,4.35,4.26,4.31,198330,4397939.00
2011-05-03,4.30,4.38,4.26,4.38,331219,7319513.50
2011-05-04,4.40,4.40,4.34,4.36,284984,6364503.50
2011-05-05,4.24,4.39,4.23,4.36,126264,2817708.75
2011-05-06,4.38,4.40,4.34,4.37,151404,3401430.50
2011-05-09,4.39,4.61,4.34,4.61,1491602,34660972.00
2011-05-10,4.54,4.74,4.54,4.57,2502501,60792020.00
2011-05-11,4.49,4.57,4.41,4.52,1621510,24929864.00
2011-05-12,4.48,4.56,4.43,4.47,861936,13344846.00
2011-05-13,4.47,4.50,4.40,4.45,646091,9882689.00
2011-05-17,4.45,4.45,4.38,4.40,492183,7442382.00
2011-05-18,4.40,4.44,4.38,4.43,387289,5866368.00
2011-05-19,4.43,4.48,4.39,4.40,406576,6160884.50
2011-05-20,4.39,4.42,4.38,4.40,289316,4363345.00
2011-05-23,4.40,4.42,4.31,4.31,527731,7846190.50
2011-05-24,4.29,4.29,4.15,4.17,583580,8308876.50
2011-05-25,4.17,4.23,4.08,4.10,415137,5830657.00
2011-05-26,4.12,4.17,4.05,4.08,274808,3798424.75
2011-05-27,4.08,4.14,4.02,4.06,194105,2663026.00
2011-05-30,4.09,4.11,4.02,4.04,176153,2413072.25
2011-05-31,4.07,4.16,4.05,4.14,215687,2982734.25
2011-06-01,4.09,4.18,4.09,4.17,192626,2707486.00
2011-06-02,4.14,4.15,3.98,4.00,417826,5701469.50
2011-06-03,4.06,4.21,4.06,4.12,501266,7010358.00
2011-06-07,4.07,4.17,4.05,4.14,298516,4165309.50
2011-06-08,4.14,4.20,4.11,4.13,216437,3028600.50
2011-06-09,4.07,4.18,4.07,4.08,194359,2682347.25
2011-06-10,4.06,4.13,4.06,4.13,208482,2880377.25
2011-06-13,4.09,4.13,4.09,4.11,112256,1554999.38
2011-06-14,4.11,4.14,4.11,4.13,241180,3359441.50
2011-06-15,4.12,4.14,4.05,4.06,312236,4311732.00
2011-06-16,4.01,4.09,4.00,4.02,205502,2776745.25
2011-06-17,4.00,4.06,3.99,3.99,178045,2396411.50
2011-06-20,4.06,4.09,3.95,3.97,147400,1963800.00
2011-06-21,3.98,4.02,3.93,4.01,209761,2795409.75
2011-06-22,4.01,4.03,3.96,3.97,189003,2526135.25
2011-06-23,3.99,4.04,3.96,4.02,368680,4958177.00
2011-06-24,4.06,4.13,4.01,4.10,824034,11325197.00
2011-06-27,4.09,4.33,4.07,4.25,2063833,29530454.00
2011-06-28,4.25,4.26,4.16,4.22,1071756,15302944.00
2011-06-29,4.21,4.56,4.17,4.55,4529859,68322416.00
2011-06-30,4.53,4.53,4.40,4.45,4422274,68293696.00
2011-07-01,4.45,4.48,4.40,4.41,1478435,22511132.00
2011-07-04,4.41,4.64,4.41,4.61,2783169,43984964.00
2011-07-05,4.58,4.83,4.58,4.79,4730271,78414416.00
2011-07-06,4.71,4.89,4.69,4.84,2716242,45635512.00
2011-07-07,4.84,4.90,4.80,4.84,1629804,27570504.00
2011-07-08,4.80,4.89,4.79,4.85,1820484,30921816.00
2011-07-11,4.85,4.89,4.70,4.85,1695884,28643390.00
2011-07-12,4.80,4.82,4.70,4.72,1430995,23725410.00
2011-07-13,4.78,4.81,4.72,4.79,813742,13561388.00
2011-07-14,4.81,4.96,4.77,4.93,2076724,35709820.00
2011-07-15,4.92,4.99,4.87,4.94,1775562,30846544.00
2011-07-18,4.94,4.97,4.85,4.86,1028382,17708554.00
2011-07-19,4.87,4.87,4.73,4.74,1332227,22174456.00
2011-07-20,4.79,4.82,4.71,4.74,1156793,19219920.00
2011-07-21,4.71,4.78,4.67,4.70,890354,14648682.00
2011-07-22,4.71,4.80,4.69,4.72,628561,10391542.00
2011-07-25,4.74,4.76,4.49,4.50,1850570,29480726.00
2011-07-26,4.49,4.57,4.42,4.52,726436,11234821.00
2011-07-27,4.52,4.63,4.47,4.63,1018901,16172710.00
2011-07-28,4.61,4.66,4.52,4.65,529230,8463709.00
2011-07-29,4.67,4.72,4.61,4.66,793857,12931576.00
2011-08-01,4.66,4.70,4.54,4.57,554864,8846160.00
2011-08-02,4.60,4.66,4.52,4.56,366739,5759052.00
2011-08-03,4.53,4.60,4.50,4.57,351750,5559377.00
2011-08-04,4.58,4.61,4.55,4.57,434513,6883831.00
2011-08-05,4.52,4.56,4.40,4.47,687598,10658914.00
2011-08-08,4.38,4.47,4.26,4.26,1152587,17187364.00
2011-08-09,4.22,4.38,4.16,4.33,650157,9512481.00
2011-08-10,4.37,4.43,4.33,4.35,758623,11412268.00
2011-08-11,4.30,4.44,4.28,4.41,940058,14167559.00
2011-08-12,4.45,4.55,4.42,4.54,1761630,27202418.00
2011-08-15,4.54,4.59,4.50,4.52,1471813,23094174.00
2011-08-16,4.52,4.56,4.44,4.44,839500,12995483.00
2011-08-17,4.47,4.53,4.44,4.51,860253,13254858.00
2011-08-18,4.55,4.59,4.49,4.54,1840468,28929300.00
2011-08-19,4.48,4.59,4.47,4.51,1085756,16986908.00
2011-08-22,4.51,4.59,4.49,4.59,961337,15129156.00
2011-08-23,4.60,4.81,4.59,4.77,2121846,35169376.00
2011-08-24,4.85,4.94,4.73,4.87,2980270,51241236.00
2011-08-25,4.85,4.90,4.77,4.87,1382257,23481898.00
2011-08-26,4.87,4.92,4.80,4.91,1672547,28626240.00
2011-08-29,4.91,5.01,4.87,4.98,1836297,32110514.00
2011-08-30,4.98,5.09,4.85,4.93,2716069,47905816.00
2011-08-31,4.93,4.96,4.80,4.90,1013155,17386730.00
2011-09-01,4.90,4.96,4.85,4.89,764090,13124206.00
2011-09-02,4.86,4.91,4.80,4.83,573267,9723752.00
2011-09-05,4.74,4.91,4.66,4.85,840188,14146617.00
2011-09-06,4.90,4.90,4.82,4.83,695735,11808418.00
2011-09-07,4.85,4.89,4.73,4.79,1188705,19920482.00
2011-09-08,4.74,4.82,4.71,4.77,635765,10584808.00
2011-09-09,4.77,4.94,4.73,4.87,1672227,28507074.00
2011-09-13,4.85,4.91,4.78,4.89,1587228,27005074.00
2011-09-14,4.89,4.94,4.62,4.92,1571002,26765844.00
2011-09-15,4.92,4.93,4.85,4.92,1434023,24652412.00
2011-09-16,4.92,5.00,4.91,4.96,1806034,31591608.00
2011-09-19,4.92,4.99,4.75,4.82,1238794,21102074.00
2011-09-20,4.75,4.90,4.68,4.89,773053,13131887.00
2011-09-21,4.85,4.99,4.85,4.95,1710264,29725582.00
2011-09-22,4.95,4.98,4.82,4.86,1161183,20115918.00
2011-09-23,4.77,4.90,4.75,4.85,1423792,24075462.00
2011-09-26,4.85,4.85,4.76,4.83,935721,15780216.00
2011-09-27,4.89,4.92,4.78,4.84,884402,15066785.00
2011-09-28,4.84,4.85,4.77,4.80,780635,13178574.00
2011-09-29,4.77,4.87,4.41,4.54,849950,13908127.00
2011-09-30,4.56,4.60,4.35,4.42,871463,13247570.00
2011-10-10,4.51,4.60,4.26,4.46,1179069,17798980.00
2011-10-11,4.46,4.54,4.26,4.40,932726,14143488.00
2011-10-12,4.28,4.68,4.19,4.49,2679065,40264592.00
2011-10-13,4.46,4.53,4.38,4.47,1811438,27799512.00
2011-10-14,4.40,4.40,4.13,4.13,2697448,38927892.00
2011-10-17,4.16,4.26,4.13,4.18,1562100,22312090.00
2011-10-18,4.17,4.17,3.95,3.96,1659604,22506800.00
2011-10-19,3.97,4.02,3.94,3.99,606367,8081870.00
2011-10-20,4.00,4.02,3.75,3.82,864455,11164682.00
2011-10-21,3.80,3.82,3.70,3.71,537206,6624967.50
2011-10-24,3.78,3.78,3.67,3.74,485939,5951618.00
2011-10-25,3.74,3.83,3.73,3.81,893341,11175591.00
2011-10-26,3.81,3.86,3.79,3.84,1190179,15084792.00
2011-10-27,3.90,3.97,3.83,3.87,1348372,17498106.00
2011-10-28,3.91,3.96,3.87,3.91,926299,12044935.00
2011-10-31,3.94,3.94,3.85,3.90,1005261,12975949.00
2011-11-01,3.87,3.90,3.84,3.86,1023697,13148290.00
2011-11-02,3.82,4.06,3.80,4.04,3569407,47245452.00
2011-11-03,4.06,4.18,4.06,4.15,3558062,49799348.00
2011-11-04,4.21,4.25,4.14,4.23,2519097,35821956.00
2011-11-07,4.23,4.25,4.10,4.13,1219417,17168166.00
2011-11-08,4.13,4.33,4.11,4.29,2292616,33085856.00
2011-11-09,4.28,4.32,4.21,4.29,1203389,17463338.00
2011-11-10,4.26,4.26,4.19,4.20,822738,11793898.00
2011-11-11,4.24,4.24,4.14,4.16,414340,5852517.00
2011-11-14,4.17,4.29,4.17,4.29,1808623,26089738.00
2011-11-15,4.29,4.29,4.22,4.24,1200590,17344848.00
2011-11-16,4.21,4.31,4.12,4.13,1127370,15927655.00
2011-11-17,4.12,4.15,4.07,4.13,657576,9133147.00
2011-11-18,4.07,4.11,3.90,3.96,964854,12886589.00
2011-11-21,3.96,4.02,3.90,3.99,631600,8411394.00
2011-11-22,3.97,4.01,3.91,3.98,486557,6447600.50
2011-11-23,4.00,4.04,3.95,3.99,544452,7288120.00
2011-11-24,3.99,4.01,3.90,3.97,388340,5136765.50
2011-11-25,3.99,4.01,3.95,3.96,246600,3284411.50
2011-11-28,3.97,4.02,3.91,3.98,317813,4221952.00
2011-11-29,3.98,4.25,3.98,4.18,2429868,33938300.00
2011-11-30,4.20,4.20,3.91,4.01,1150438,15683050.00
2011-12-01,4.08,4.16,4.08,4.10,1952886,27202432.00
2011-12-02,4.05,4.09,3.98,4.00,451620,6132130.00
2011-12-05,4.02,4.02,3.86,4.00,1118887,14731015.00
2011-12-06,3.97,4.07,3.97,4.01,1760003,23764076.00
2011-12-07,4.02,4.02,3.91,3.93,637318,8457240.00
2011-12-08,3.93,3.93,3.81,3.88,485231,6242270.00
2011-12-09,3.81,3.90,3.81,3.83,257116,3283075.00
2011-12-12,3.84,3.84,3.78,3.82,2127599,26827314.00
2011-12-13,3.82,3.88,3.75,3.75,2209068,28106170.00
2011-12-14,3.75,3.75,3.50,3.54,567911,6682638.50
2011-12-15,3.54,3.54,3.39,3.46,505289,5600375.50
2011-12-16,3.49,3.52,3.44,3.52,575205,6418023.00
2011-12-19,3.52,3.52,3.38,3.47,571541,6305259.50
2011-12-21,3.47,3.50,3.38,3.38,702423,7740527.00
2011-12-22,3.35,3.35,3.13,3.14,2031483,19924988.00
2011-12-23,3.13,3.19,3.05,3.13,1606926,15447034.00
2011-12-26,3.13,3.16,3.05,3.11,957561,9342677.00
2011-12-27,3.03,3.09,2.93,2.93,1092219,10058152.00
2011-12-28,2.87,2.92,2.79,2.83,2097249,17832652.00
2011-12-29,2.84,3.03,2.83,3.03,4960258,44962656.00
2011-12-30,3.03,3.05,2.99,3.03,3211217,29782984.00
2012-01-06,2.86,3.01,2.85,2.99,2580218,22916554.00
2012-01-09,2.97,3.10,2.90,3.08,2993342,27802716.00
2012-01-10,3.08,3.19,3.05,3.16,3576563,34664220.00
2012-01-11,3.13,3.23,3.10,3.15,2769971,27488762.00
2012-01-12,3.15,3.19,3.11,3.15,1765637,17354936.00
2012-01-13,3.14,3.18,2.98,2.98,1704171,16179097.00
2012-01-16,2.96,2.96,2.87,2.88,1227922,10866793.00
2012-01-17,2.88,3.01,2.84,3.01,1464612,13092392.00
2012-01-18,3.01,3.04,2.87,2.88,1353922,12179288.00
2012-01-19,2.89,2.93,2.84,2.92,800112,6999714.00
2012-01-20,2.92,2.97,2.92,2.96,778650,6979770.50
2012-01-30,2.96,2.97,2.92,2.96,723309,6499592.50
2012-01-31,2.96,2.96,2.91,2.92,540784,4788905.50
2012-02-01,2.94,2.96,2.86,2.87,766813,6766496.00
2012-02-02,2.87,2.93,2.86,2.93,663909,5799334.50
2012-02-03,2.93,3.05,2.91,3.01,1627879,14890269.00
2012-02-06,3.02,3.10,3.02,3.10,1868147,17569160.00
2012-02-07,3.10,3.10,3.01,3.04,1213281,11395828.00
2012-02-08,3.07,3.27,3.04,3.27,3620994,36607592.00
2012-02-09,3.34,3.47,3.30,3.37,9496515,102312648.00
2012-02-10,3.35,3.45,3.34,3.40,5992043,65143984.00
2012-02-13,3.36,3.49,3.32,3.44,5535662,60567728.00
2012-02-14,3.41,3.44,3.38,3.41,2886900,31388086.00
2012-02-15,3.41,3.46,3.36,3.45,3963255,43454508.00
2012-02-16,3.43,3.51,3.38,3.43,3138662,34693428.00
2012-02-17,3.43,3.57,3.38,3.51,4665923,52092976.00
2012-02-20,3.56,3.56,3.47,3.47,4153519,47236416.00
2012-02-21,3.45,3.52,3.41,3.50,3024558,33827260.00
2012-02-22,3.49,3.62,3.47,3.59,4142683,48006864.00
2012-02-23,3.59,3.60,3.51,3.56,3004476,34703528.00
2012-02-24,3.53,3.58,3.50,3.58,3017684,34659044.00
2012-02-27,3.57,3.82,3.56,3.71,5337890,64545104.00
2012-02-28,3.67,4.00,3.65,4.00,4996527,63058540.00
2012-02-29,3.97,3.97,3.83,3.85,3146565,40884604.00
2012-03-01,3.80,3.97,3.80,3.88,2118677,27595596.00
2012-03-02,3.84,4.00,3.83,4.00,3042564,40078800.00
2012-03-06,4.00,4.14,3.97,4.05,4362336,59580984.00
2012-03-07,4.00,4.08,3.90,3.97,2747946,37006420.00
2012-03-08,3.94,4.01,3.94,3.96,1889344,25063958.00
2012-03-09,3.94,4.08,3.94,4.05,3198032,43465264.00
2012-03-12,4.03,4.26,4.03,4.14,2644366,36609632.00
2012-03-13,4.11,4.17,4.08,4.10,1442439,20043504.00
2012-03-14,4.13,4.13,3.86,3.92,2796379,37860536.00
2012-03-15,3.92,3.99,3.82,3.97,2251671,29318298.00
2012-03-16,3.97,4.11,3.94,4.10,2485224,33523768.00
2012-03-19,4.10,4.10,4.04,4.09,1477264,20282840.00
2012-03-20,4.07,4.17,4.01,4.01,1755294,24144732.00
2012-03-21,4.02,4.04,3.90,3.98,1190095,15805719.00
2012-03-22,3.93,3.97,3.85,3.87,1530401,19829880.00
2012-03-23,3.86,3.86,3.78,3.83,957131,12106489.00
2012-03-26,3.83,3.96,3.67,3.90,1285938,16606465.00
2012-03-27,3.90,3.95,3.88,3.90,378632,4919627.00
2012-03-28,3.90,3.90,3.68,3.73,1229896,15238467.00
2012-03-29,3.66,3.73,3.46,3.66,1659262,19565722.00
2012-03-30,3.57,3.60,3.49,3.52,1421848,16256463.00
2012-04-05,3.52,3.60,3.52,3.58,1109290,12880464.00
2012-04-06,3.59,3.64,3.53,3.60,739286,8652950.00
2012-04-09,3.60,3.63,3.55,3.58,408049,4767289.50
2012-04-10,3.53,3.62,3.47,3.62,685210,7863136.50
2012-04-11,3.60,3.65,3.56,3.64,657699,7761431.00
2012-04-12,3.68,3.74,3.60,3.70,745783,8985480.00
2012-04-13,3.73,3.78,3.69,3.76,899846,11079969.00
2012-04-16,3.76,3.80,3.73,3.76,528177,6558686.00
2012-04-17,3.77,3.78,3.69,3.73,470452,5786872.00
2012-04-18,3.70,3.81,3.69,3.79,960606,11978941.00
2012-04-19,3.78,3.81,3.76,3.78,516627,6457014.00
2012-04-20,3.77,3.85,3.77,3.82,541588,6804353.50
2012-04-23,3.79,3.82,3.74,3.75,496319,6155619.50
2012-04-24,3.75,3.75,3.56,3.67,1087058,12980129.00
2012-04-26,3.64,3.68,3.57,3.60,993531,11743529.00
2012-04-27,3.62,3.64,3.50,3.52,797099,9217549.00
2012-05-02,3.53,3.66,3.52,3.55,1026606,11977004.00
2012-05-03,3.57,3.64,3.56,3.58,990339,11634767.00
2012-05-04,3.59,3.68,3.59,3.65,874681,10365904.00
2012-05-07,3.64,3.69,3.59,3.61,1414221,16770263.00
2012-05-08,3.64,3.68,3.59,3.61,897322,10630416.00
2012-05-09,3.59,3.68,3.57,3.67,1273189,15126753.00
2012-05-10,3.67,3.90,3.66,3.83,2840396,35722564.00
2012-05-11,3.80,3.84,3.68,3.69,2597429,32117790.00
2012-05-14,3.74,3.98,3.74,3.98,5818861,77111888.00
2012-05-16,3.92,4.11,3.88,4.05,5550334,75066528.00
2012-05-17,4.03,4.21,3.99,4.19,4381336,61066984.00
2012-05-18,4.12,4.31,4.09,4.16,5097609,73172088.00
2012-05-21,4.17,4.21,3.98,4.04,2849632,39024948.00
2012-05-22,4.04,4.08,3.99,4.06,1096218,14868086.00
2012-05-23,4.06,4.08,3.99,4.07,1253928,16987522.00
2012-05-24,4.09,4.18,4.04,4.13,1860337,25803236.00
2012-05-25,4.15,4.15,3.98,3.99,1242297,16862376.00
2012-05-28,3.98,4.02,3.89,4.01,1501670,19696596.00
2012-05-29,4.00,4.07,3.94,4.04,1698105,22861654.00
2012-05-30,4.04,4.10,4.00,4.07,1622672,22143048.00
2012-05-31,4.16,4.19,3.92,4.12,2652077,36920920.00
2012-06-01,4.14,4.14,4.04,4.12,785207,10841047.00
2012-06-04,4.08,4.09,3.98,4.02,1113445,15132411.00
2012-06-05,4.02,4.04,3.93,3.95,635308,8446808.00
2012-06-06,3.95,4.09,3.90,3.91,673021,8884645.00
2012-06-07,3.96,3.97,3.90,3.91,480559,6298385.00
2012-06-11,3.90,3.95,3.83,3.86,1414562,18212922.00
2012-06-12,3.85,3.89,3.81,3.87,554049,7096106.50
2012-06-13,3.83,3.92,3.83,3.90,660478,8533875.00
2012-06-14,3.90,3.95,3.88,3.89,661880,8669906.00
2012-06-15,3.89,3.97,3.86,3.89,324497,4219922.50
2012-06-18,3.93,3.95,3.90,3.92,434984,5699180.50
2012-06-19,3.93,3.93,3.84,3.86,417514,5376058.50
2012-06-20,3.85,3.93,3.84,3.89,279413,3620956.75
2012-06-21,3.84,3.88,3.78,3.83,734535,9322720.00
2012-06-25,3.78,3.87,3.78,3.82,382920,4848510.50
2012-06-26,3.75,3.85,3.71,3.79,364272,4515355.00
2012-06-27,3.79,3.81,3.76,3.81,300201,3776710.25
2012-06-28,3.81,3.82,3.76,3.79,229411,2873049.75
2012-06-29,3.76,3.97,3.76,3.87,572587,7385475.00
2012-07-02,3.86,3.95,3.86,3.92,549943,7204368.50
2012-07-03,3.84,3.96,3.83,3.90,701352,9152644.00
2012-07-04,3.88,3.94,3.84,3.86,385368,4961779.50
2012-07-05,3.83,3.87,3.83,3.87,312855,3994439.00
2012-07-06,3.90,3.91,3.86,3.90,437017,5649411.00
2012-07-09,3.88,3.91,3.77,3.77,634702,8061689.00
2012-07-10,3.72,3.77,3.55,3.62,1014142,12025201.00
2012-07-11,3.56,3.62,3.55,3.60,419566,4889017.00
2012-07-12,3.57,3.69,3.55,3.63,350196,4127499.75
2012-07-13,3.64,3.71,3.63,3.67,227068,2710712.00
2012-07-16,3.68,3.68,3.57,3.60,219850,2567609.50
2012-07-17,3.60,3.71,3.58,3.69,396106,4662617.00
2012-07-18,3.69,3.69,3.61,3.64,213740,2522870.75
2012-07-19,3.64,3.68,3.60,3.64,418284,4937593.00
2012-07-20,3.64,3.66,3.62,3.64,208245,2456670.25
2012-07-23,3.64,3.64,3.55,3.59,296691,3430089.50
2012-07-24,3.59,3.64,3.45,3.51,649355,7284784.50
2012-07-25,3.51,3.58,3.49,3.53,396047,4505163.50
2012-07-26,3.53,3.57,3.46,3.48,299625,3355085.75
2012-07-27,3.52,3.53,3.40,3.45,630244,6971097.50
2012-07-30,3.43,3.54,3.41,3.54,543301,6134349.00
2012-07-31,3.50,3.64,3.50,3.62,600469,6996380.50
2012-08-01,3.59,3.71,3.59,3.71,827665,9862244.00
2012-08-02,3.71,3.71,3.62,3.66,395055,4680481.50
2012-08-03,3.63,3.72,3.58,3.71,688056,8145969.50
2012-08-06,3.66,3.69,3.62,3.66,899252,10690310.00
2012-08-07,3.66,3.76,3.63,3.73,1489323,17996246.00
2012-08-08,3.71,3.79,3.69,3.77,716217,8778466.00
2012-08-09,3.80,3.80,3.72,3.76,446945,5451624.50
2012-08-10,3.75,3.75,3.65,3.68,536351,6431799.50
2012-08-13,3.68,3.71,3.59,3.62,385261,4553486.00
2012-08-14,3.61,3.66,3.55,3.65,299764,3478827.25
2012-08-15,3.65,3.69,3.60,3.66,243168,2883353.50
2012-08-16,3.61,3.69,3.61,3.67,155000,1842621.00
2012-08-17,3.67,3.68,3.61,3.67,225842,2673387.50
2012-08-20,3.66,3.69,3.61,3.68,263505,3117617.25
2012-08-21,3.65,3.74,3.65,3.72,235324,2840558.75
2012-08-22,3.72,3.72,3.65,3.66,224400,2679367.00
2012-08-23,3.66,3.67,3.59,3.65,389222,4570457.50
2012-08-24,3.67,3.67,3.62,3.65,164940,1939443.00
2012-08-27,3.56,3.64,3.56,3.63,150901,1765963.63
2012-08-28,3.59,3.71,3.59,3.64,260503,3088337.50
2012-08-29,3.61,3.71,3.60,3.69,364943,4366111.00
2012-08-30,3.65,3.71,3.60,3.67,414352,4930197.00
2012-08-31,3.64,3.70,3.63,3.70,263202,3143137.00
2012-09-03,3.69,3.80,3.68,3.74,721328,8888858.00
2012-09-04,3.74,3.75,3.70,3.74,538113,6554991.50
2012-09-05,3.74,3.76,3.70,3.75,321627,3929720.75
2012-09-06,3.78,3.78,3.68,3.76,468952,5731987.50
2012-09-07,3.76,3.84,3.74,3.78,1133860,14067889.00
2012-09-10,3.78,3.83,3.75,3.77,586907,7285942.00
2012-09-11,3.77,3.79,3.70,3.73,690974,8381785.00
2012-09-12,3.71,3.87,3.69,3.85,2748932,34171180.00
2012-09-13,3.81,3.85,3.74,3.76,2155646,26743846.00
2012-09-14,3.76,3.78,3.60,3.73,1806899,21607954.00
2012-09-17,3.69,3.70,3.61,3.69,526348,6231385.00
2012-09-18,3.64,3.69,3.64,3.68,494164,5896063.00
2012-09-19,3.71,3.71,3.64,3.68,574242,6822464.00
2012-09-20,3.65,3.66,3.58,3.64,506379,5919144.50
2012-09-21,3.59,3.66,3.59,3.66,354328,4170198.00
2012-09-24,3.66,3.68,3.62,3.67,206472,2450828.25
2012-09-25,3.65,3.67,3.62,3.64,290763,3430426.00
2012-09-26,3.62,3.62,3.52,3.57,379902,4345847.00
2012-09-27,3.53,3.61,3.53,3.61,495313,5713640.00
2012-09-28,3.58,3.65,3.58,3.65,196397,2302542.25
2012-10-08,3.68,3.68,3.60,3.63,258203,3023585.50
2012-10-09,3.58,3.68,3.58,3.65,451902,5357878.00
2012-10-10,3.65,3.71,3.64,3.70,755530,9055226.00
2012-10-11,3.68,3.72,3.66,3.69,253883,3043144.50
2012-10-12,3.69,3.70,3.63,3.69,185129,2208506.50
2012-10-15,3.66,3.67,3.61,3.67,411735,4857925.50
2012-10-16,3.63,3.68,3.63,3.66,235250,2797178.00
2012-10-17,3.65,3.70,3.63,3.64,276650,3281474.25
2012-10-18,3.64,3.65,3.62,3.65,558602,6588902.50
2012-10-19,3.61,3.65,3.61,3.61,192599,2255317.75
2012-10-22,3.61,3.63,3.57,3.63,613500,7134459.50
2012-10-23,3.62,3.62,3.57,3.60,342357,3959598.00
2012-10-24,3.59,3.60,3.54,3.58,331739,3808305.25
2012-10-25,3.59,3.64,3.56,3.58,176801,2051383.00
2012-10-26,3.56,3.59,3.49,3.57,325986,3684089.25
2012-10-29,3.55,3.59,3.51,3.59,388377,4433483.00
2012-10-30,3.61,3.61,3.55,3.58,206238,2378378.00
2012-10-31,3.58,3.60,3.54,3.59,224207,2579727.75
2012-11-01,3.58,3.61,3.57,3.61,332540,3847503.25
2012-11-02,3.60,3.61,3.55,3.60,241461,2792369.50
2012-11-05,3.59,3.59,3.54,3.58,320635,3672944.25
2012-11-06,3.58,3.58,3.53,3.57,127575,1461187.50
2012-11-07,3.57,3.58,3.55,3.57,83701,961221.00
2012-11-08,3.56,3.56,3.53,3.56,177799,2025995.50
2012-11-09,3.56,3.57,3.53,3.56,222741,2537430.50
2012-11-12,3.53,3.67,3.51,3.65,453735,5284233.00
2012-11-13,3.65,3.65,3.51,3.59,2226669,25401432.00
2012-11-14,3.55,3.55,3.50,3.53,762690,8609233.00
2012-11-15,3.51,3.51,3.38,3.42,758301,8262823.00
2012-11-16,3.41,3.49,3.27,3.35,829300,8711580.00
2012-11-19,3.31,3.33,3.25,3.26,437052,4473419.50
2012-11-20,3.26,3.26,3.20,3.23,663462,6684833.00
2012-11-21,3.23,3.25,3.19,3.24,348399,3496035.75
2012-11-22,3.25,3.25,3.17,3.19,292913,2898076.00
2012-11-23,3.18,3.20,3.17,3.19,310014,3056095.00
2012-11-26,3.22,3.22,3.11,3.15,335498,3257719.50
2012-11-27,3.12,3.14,3.05,3.07,327199,3082628.50
2012-11-28,3.03,3.03,2.91,2.94,360679,3195155.25
2012-11-29,2.94,3.00,2.91,2.99,439501,3903042.50
2012-11-30,2.99,3.10,2.94,3.02,444583,4095340.00
2012-12-03,2.99,3.03,2.95,2.98,279332,2518185.00
2012-12-04,2.95,2.98,2.93,2.98,266952,2382274.75
2012-12-05,3.01,3.05,2.96,3.04,1523138,14034846.00
2012-12-06,3.01,3.04,3.00,3.01,611021,5599523.50
2012-12-07,3.00,3.06,2.99,3.06,1175934,10832415.00
2012-12-10,3.03,3.09,3.03,3.06,1111592,10383920.00
2012-12-11,3.08,3.08,3.04,3.05,686741,6397069.50
2012-12-12,3.05,3.06,2.99,3.03,666402,6117548.50
2012-12-13,3.06,3.10,3.03,3.04,1108671,10364181.00
2012-12-14,3.03,3.10,3.01,3.10,1990698,18732526.00
2012-12-17,3.10,3.14,3.06,3.13,1931320,18315912.00
2012-12-18,3.11,3.13,3.08,3.10,844462,8072488.50
2012-12-19,3.10,3.16,3.09,3.12,967810,9289618.00
2012-12-20,3.11,3.11,3.08,3.09,619342,5886654.00
2012-12-21,3.10,3.13,3.06,3.13,1135154,10755978.00
2012-12-24,3.12,3.14,3.10,3.12,883243,8458646.00
2012-12-25,3.11,3.19,3.10,3.17,1898124,18477672.00
2012-12-26,3.17,3.22,3.15,3.21,1763878,17379814.00
2012-12-27,3.22,3.25,3.17,3.20,1510025,15054525.00
2012-12-28,3.19,3.23,3.17,3.21,949849,9439179.00
2012-12-31,3.21,3.23,3.18,3.20,1267462,12596071.00
2013-01-04,3.21,3.23,3.16,3.20,933002,9208229.00
2013-01-07,3.21,3.23,3.18,3.22,1048294,10433031.00
2013-01-08,3.22,3.30,3.19,3.27,2111639,21379994.00
2013-01-09,3.25,3.28,3.23,3.26,1196782,12178278.00
2013-01-10,3.26,3.29,3.25,3.27,922636,9428393.00
2013-01-11,3.28,3.35,3.05,3.25,2667113,27575622.00
2013-01-14,3.21,3.35,3.19,3.32,1912156,19534182.00
2013-01-15,3.30,3.38,3.29,3.36,2316915,24342614.00
2013-01-16,3.38,3.39,3.31,3.37,1355213,14331251.00
2013-01-17,3.37,3.39,3.29,3.30,987443,10289496.00
2013-01-18,3.32,3.33,3.26,3.32,868387,8996405.00
2013-01-21,3.31,3.33,3.25,3.26,2465449,25309162.00
2013-01-22,3.26,3.27,3.22,3.25,1776089,18072246.00
2013-01-23,3.25,3.25,3.18,3.23,1276628,12774235.00
2013-01-24,3.22,3.26,3.16,3.19,1621903,16177397.00
2013-01-25,3.17,3.19,3.15,3.15,682019,6678657.50
2013-01-28,3.16,3.25,3.15,3.22,1519501,15076395.00
2013-01-29,3.21,3.24,3.20,3.22,1546693,15469396.00
2013-01-30,3.23,3.25,3.21,3.23,1037775,10439558.00
2013-01-31,3.23,3.30,3.22,3.25,1464431,14883015.00
2013-02-01,3.28,3.28,3.23,3.25,2013514,20442762.00
2013-02-04,3.26,3.26,3.17,3.21,1750176,17535192.00
2013-02-05,3.20,3.21,3.17,3.21,1676312,16592171.00
2013-02-06,3.21,3.24,3.19,3.22,1086749,10887202.00
2013-02-07,3.22,3.23,3.20,3.21,826906,8265949.50
2013-02-08,3.22,3.25,3.21,3.24,1235539,12435451.00
2013-02-18,3.24,3.27,3.24,3.25,1577746,16054308.00
2013-02-19,3.25,3.29,3.24,3.26,1729070,17607060.00
2013-02-20,3.25,3.30,3.25,3.29,1779535,18267424.00
2013-02-21,3.29,3.29,3.22,3.24,1328332,13499423.00
2013-02-22,3.24,3.28,3.21,3.23,1112730,11278734.00
2013-02-25,3.23,3.28,3.22,3.26,1447612,14731798.00
2013-02-26,3.26,3.28,3.23,3.24,1448997,14718201.00
2013-02-27,3.24,3.39,3.24,3.35,4117532,42866564.00
2013-02-28,3.34,3.38,3.29,3.37,3501386,36705444.00
2013-03-01,3.35,3.44,3.33,3.42,2995948,32033918.00
2013-03-04,3.39,3.42,3.31,3.36,2081046,22139600.00
2013-03-05,3.33,3.47,3.33,3.43,2511661,27270170.00
2013-03-06,3.44,3.49,3.43,3.47,2426435,26803690.00
2013-03-07,3.44,3.49,3.37,3.38,1844204,20044960.00
2013-03-08,3.38,3.41,3.34,3.36,1580476,16760792.00
2013-03-11,3.38,3.43,3.36,3.41,1533097,16565778.00
2013-03-12,3.41,3.43,3.26,3.34,2422250,25682896.00
2013-03-13,3.31,3.35,3.27,3.33,849314,8803810.00
2013-03-14,3.33,3.36,3.32,3.35,609217,6412626.50
2013-03-15,3.32,3.37,3.29,3.30,772149,8125140.00
2013-03-18,3.30,3.35,3.26,3.32,2241764,23228532.00
2013-03-19,3.30,3.31,3.23,3.30,632298,6481328.00
2013-03-20,3.30,3.39,3.22,3.38,2112087,22095530.00
2013-03-21,3.63,3.63,3.63,3.63,6071620,71462968.00
2013-03-22,3.69,3.82,3.65,3.77,10998899,134377664.00
2013-03-25,3.73,3.77,3.70,3.75,5056416,61619832.00
2013-03-26,3.75,3.75,3.69,3.73,3206241,38845268.00
2013-03-27,3.74,3.81,3.71,3.74,3410105,41932972.00
2013-03-28,3.72,3.72,3.63,3.67,2969781,35268620.00
2013-03-29,3.67,3.68,3.61,3.63,1706384,20071292.00
2013-04-01,3.55,3.60,3.51,3.58,2843832,32496820.00
2013-04-02,3.59,3.61,3.51,3.52,1465000,16690899.00
2013-04-03,3.52,3.54,3.48,3.53,933384,10523938.00
2013-04-08,3.48,3.58,3.46,3.58,1170502,13269719.00
2013-04-09,3.56,3.62,3.55,3.58,1186845,13690871.00
2013-04-10,3.59,3.59,3.52,3.53,832156,9501446.00
2013-04-11,3.54,3.57,3.53,3.54,500250,5703775.00
2013-04-12,3.53,3.57,3.52,3.56,609193,6940182.50
2013-04-15,3.56,3.61,3.56,3.60,1429422,16573114.00
2013-04-16,3.58,3.58,3.36,3.48,1975594,21739268.00
2013-04-17,3.47,3.53,3.44,3.53,1146824,12829642.00
2013-04-18,3.52,3.56,3.48,3.53,835910,9455373.00
2013-04-19,3.53,3.69,3.53,3.66,2508844,29535882.00
2013-04-22,3.66,3.72,3.61,3.71,3037292,36465432.00
2013-04-23,3.71,3.75,3.65,3.68,2832367,34109996.00
2013-04-24,3.65,3.73,3.64,3.72,2197261,26486734.00
2013-04-25,3.71,3.76,3.65,3.65,2724462,33092000.00
2013-04-26,3.59,3.67,3.57,3.63,1326824,15514174.00
2013-05-02,3.61,3.66,3.55,3.58,1015749,11830698.00
2013-05-03,3.62,3.65,3.58,3.59,1426559,16636245.00
2013-05-06,3.60,3.75,3.57,3.72,3700398,44221188.00
2013-05-07,3.69,3.71,3.64,3.68,2115483,25239940.00
2013-05-08,3.66,3.84,3.66,3.82,5844607,71847536.00
2013-05-09,3.82,3.84,3.74,3.81,3641093,45175396.00
2013-05-10,3.79,3.91,3.79,3.89,4137163,52721996.00
2013-05-13,3.87,3.96,3.87,3.94,2721274,35250192.00
2013-05-14,3.92,3.94,3.80,3.84,3894763,49420880.00
2013-05-15,3.84,3.94,3.84,3.93,2763517,35672268.00
2013-05-16,3.91,4.01,3.91,3.93,3101267,40876260.00
2013-05-17,3.94,4.09,3.94,4.06,4153943,55741656.00
2013-05-20,4.26,4.29,4.15,4.22,9702057,138191008.00
2013-05-21,4.21,4.34,4.19,4.23,8155669,117650472.00
2013-05-22,4.23,4.28,4.12,4.16,5029746,71256488.00
2013-05-23,4.16,4.49,4.13,4.36,8131119,119684648.00
2013-05-24,4.39,4.44,4.34,4.43,4890828,73463504.00
2013-05-27,4.46,4.59,4.44,4.48,4961146,76655464.00
2013-05-28,4.48,4.52,4.36,4.39,3787274,57115532.00
2013-05-29,4.41,4.43,4.31,4.41,3417646,50782956.00
2013-05-30,4.41,4.42,4.33,4.39,2247331,33567692.00
2013-05-31,4.38,4.53,4.38,4.44,4608766,70636928.00
2013-06-03,4.44,4.50,4.39,4.41,2664304,40498716.00
2013-06-04,4.42,4.42,4.12,4.16,3746384,53625140.00
2013-06-05,4.19,4.20,4.09,4.14,3177933,44163396.00
2013-06-06,4.14,4.14,4.06,4.07,2749995,37580588.00
2013-06-07,4.08,4.12,3.94,4.00,2149418,28913146.00
2013-06-13,3.98,4.20,3.90,4.13,3784722,51245412.00
2013-06-14,4.14,4.25,4.10,4.22,3988670,56254396.00
2013-06-17,4.19,4.31,4.19,4.24,3747257,54192092.00
2013-06-18,4.22,4.26,4.12,4.15,4247702,59379240.00
2013-06-19,4.15,4.15,3.96,3.99,8763738,117694960.00
2013-06-20,3.98,4.12,3.90,4.06,7318829,97655592.00
2013-06-21,3.98,4.17,3.94,4.16,4871448,66347600.00
2013-06-24,4.15,4.22,4.02,4.04,6556465,91273680.00
2013-06-25,3.98,4.35,3.93,4.26,7096309,97255480.00
2013-06-26,4.26,4.60,4.24,4.60,13521942,209846352.00
2013-08-12,4.52,4.94,4.37,4.74,30918271,245390592.00
2013-08-13,4.68,4.82,4.65,4.70,11751233,94979272.00
2013-08-14,4.68,4.85,4.59,4.79,14246348,115185280.00
2013-08-15,4.82,5.18,4.78,5.18,17197760,152631072.00
2013-08-16,5.24,5.56,5.01,5.38,25358194,239945536.00
2013-08-19,5.58,5.83,5.56,5.83,14816097,151252016.00
2013-08-20,6.05,6.33,6.01,6.33,23998947,271353856.00
2013-08-21,6.51,6.76,6.44,6.56,41031100,489854880.00
2013-08-22,6.45,6.51,6.33,6.41,27634875,321454784.00
2013-08-23,6.48,6.54,6.16,6.30,23766257,273586336.00
2013-08-26,6.28,6.53,6.28,6.43,18250544,212886048.00
2013-08-27,6.49,6.73,6.35,6.67,25312234,303001376.00
2013-08-28,6.58,6.68,6.26,6.31,19234816,226201120.00
2013-08-29,6.39,6.39,6.01,6.11,21221105,235203296.00
2013-08-30,6.20,6.41,5.98,6.08,19676514,218868096.00
2013-09-02,6.00,6.18,5.88,6.12,11083209,120840608.00
2013-09-03,6.10,6.23,5.99,6.20,10551546,116390256.00
2013-09-04,6.19,6.25,6.08,6.20,9299955,103533288.00
2013-09-05,6.15,6.73,6.05,6.73,21116480,248259808.00
2013-09-06,6.92,7.30,6.86,7.02,27596999,361037984.00
2013-09-09,6.94,7.23,6.81,7.11,16739952,216339584.00
2013-09-10,7.23,7.43,6.90,6.92,16036782,209246656.00
2013-09-11,6.80,6.90,6.51,6.63,12624722,154448848.00
2013-09-12,6.58,6.82,6.58,6.68,6300175,77593800.00
2013-09-13,6.75,6.90,6.69,6.88,5771051,72081248.00
2013-09-16,6.77,7.25,6.77,7.19,9762607,127899984.00
2013-09-17,7.25,7.29,6.92,6.97,7585248,98185808.00
2013-09-18,6.92,7.25,6.91,7.23,9012487,118249328.00
2013-09-23,7.27,7.41,7.17,7.33,8148143,110239888.00
2013-09-24,7.32,7.45,7.16,7.17,7467782,100443408.00
2013-09-25,7.17,7.33,7.01,7.33,8914425,117540632.00
2013-09-26,7.30,7.30,7.04,7.06,6728733,88952464.00
2013-09-27,6.94,7.28,6.94,7.21,5340511,69652712.00
2013-09-30,7.30,7.35,7.06,7.22,5006789,66149676.00
2013-10-08,7.14,7.29,7.06,7.19,5672986,75206216.00
2013-10-09,7.19,7.34,7.08,7.32,6956320,92890448.00
2013-10-10,7.38,7.97,7.32,7.97,15702448,227756304.00
2013-10-11,7.92,8.52,7.84,8.28,15161005,232724384.00
2013-10-14,8.33,8.48,8.08,8.40,8858678,138703120.00
2013-10-15,8.36,8.52,8.09,8.27,8603059,134288016.00
2013-10-16,8.16,8.25,7.79,7.90,8229640,122147112.00
2013-10-17,7.90,8.08,7.76,7.76,5995268,88332256.00
2013-10-18,7.64,7.92,7.59,7.76,4060062,58646932.00
2013-10-21,7.76,8.18,7.76,8.11,5456549,82185424.00
2013-10-22,8.10,8.24,7.68,7.73,7883951,115915648.00
2013-10-23,7.73,7.77,7.25,7.59,6902039,96135544.00
2013-10-24,7.49,7.88,7.41,7.76,4981740,71716864.00
2013-10-25,7.75,7.92,7.65,7.73,5283855,77036944.00
2013-10-28,7.82,7.94,7.68,7.89,2613908,38286128.00
2013-10-29,7.89,8.17,7.39,7.64,6814194,99107936.00
2013-10-30,7.58,8.01,7.50,8.01,4148387,60985144.00
2013-10-31,8.01,8.15,7.82,7.90,3466015,51744944.00
2013-11-01,7.95,7.95,7.39,7.42,4540178,63839728.00
2013-11-04,7.49,7.49,7.03,7.20,5011879,66802436.00
2013-11-05,7.16,7.51,7.10,7.49,3498650,47271464.00
2013-11-06,7.48,7.66,7.39,7.48,3440759,48324568.00
2013-11-07,7.53,7.58,7.23,7.25,3435076,47147400.00
2013-11-08,7.23,7.25,6.95,7.06,4753573,61598304.00
2013-11-11,7.06,7.32,6.93,7.25,3210931,42452280.00
2013-11-12,7.22,7.48,7.16,7.44,4694847,64079900.00
2013-11-13,7.55,7.55,7.29,7.32,2560703,35041724.00
2013-11-14,7.32,7.62,7.25,7.62,3568417,49426080.00
2013-11-15,7.61,7.87,7.56,7.77,4052557,58728980.00
2013-11-18,7.82,7.85,7.71,7.82,3211818,46559272.00
2013-11-19,7.91,7.92,7.74,7.78,3092292,44993056.00
2013-11-20,7.82,7.95,7.68,7.94,3291982,48133216.00
2013-11-21,7.92,8.39,7.90,8.24,7709057,118159128.00
2013-11-22,8.19,8.37,8.16,8.24,2933652,45620652.00
2013-12-02,8.28,8.98,8.16,8.98,4444607,74145888.00
2013-12-03,9.44,9.73,9.06,9.48,12369682,220204928.00
2013-12-04,9.44,10.34,9.36,9.80,19251929,370481984.00
2013-12-05,9.71,10.66,9.71,10.54,18860046,369251584.00
2013-12-06,10.32,10.51,9.73,9.88,13947470,267809424.00
2013-12-09,9.75,10.20,9.68,9.76,9917297,188532768.00
2013-12-10,9.69,10.53,9.63,10.25,11656128,226167280.00
2013-12-11,10.13,10.47,9.97,10.43,6787992,133423616.00
2013-12-12,10.39,11.00,10.19,10.78,11486553,235266976.00
2013-12-13,10.63,10.92,10.16,10.16,10543989,214463344.00
2013-12-16,10.01,10.13,9.58,9.82,8507087,160332032.00
2013-12-17,9.89,10.11,9.78,9.83,4896676,93401992.00
2013-12-18,9.74,9.97,9.63,9.73,3448715,64397056.00
2013-12-19,9.80,9.91,9.25,9.27,6783442,123487096.00
2013-12-20,9.27,9.47,8.98,9.38,7842612,136913344.00
2013-12-23,9.34,9.40,9.11,9.15,3791402,66795088.00
2013-12-24,9.11,9.30,9.11,9.23,2455742,43044448.00
2013-12-25,9.26,9.87,9.25,9.73,6096450,112715512.00
2013-12-26,9.77,9.78,9.44,9.47,2894795,53065916.00
2013-12-27,9.38,9.77,9.30,9.70,3356265,61714592.00
2013-12-30,9.79,10.05,9.65,9.74,3270878,61511388.00
2013-12-31,9.68,10.01,9.68,9.71,4670051,88173696.00
2014-01-02,9.81,9.81,9.42,9.73,3932905,72015408.00
2014-01-03,9.72,9.92,9.66,9.83,2938215,55090980.00
2014-01-06,9.85,9.85,9.49,9.53,2381996,43707772.00
2014-01-07,9.42,9.63,9.35,9.55,2136753,38774964.00
2014-01-08,9.55,10.03,9.49,10.02,5689963,107276648.00
2014-01-09,10.06,10.22,9.93,9.93,4288131,82924816.00
2014-01-10,9.89,9.89,9.63,9.77,3205550,59710740.00
2014-01-13,9.82,10.00,9.66,9.71,2851162,53469404.00
2014-01-14,9.80,9.82,9.59,9.81,2611121,48542108.00
2014-01-15,9.82,10.27,9.74,10.27,5604671,108229856.00
2014-01-16,10.27,10.35,10.05,10.21,3903015,76346304.00
2014-01-17,10.21,10.26,10.09,10.15,2154638,42031528.00
2014-01-20,10.16,10.39,10.08,10.25,3664760,72301336.00
2014-01-21,10.17,10.49,10.17,10.39,3901911,77595576.00
2014-01-22,10.40,11.35,10.38,11.35,9484225,202000096.00
2014-01-23,11.43,11.58,11.25,11.56,8188414,181689088.00
2014-01-24,11.54,11.73,11.34,11.59,5873403,131643040.00
2014-01-27,11.60,12.45,11.48,12.12,6781110,159299248.00
2014-01-28,12.06,12.39,11.52,11.52,7815194,183085840.00
2014-01-29,11.56,12.39,11.35,12.36,7613071,175701856.00
2014-01-30,12.47,12.47,12.00,12.18,3703626,87905104.00
2014-02-07,12.16,12.46,11.82,12.31,3694454,88534528.00
2014-02-10,12.20,12.86,12.20,12.77,7943048,196159728.00
2014-02-11,12.81,12.87,12.08,12.08,8518187,205829184.00
2014-02-12,12.08,12.35,11.73,12.03,7096709,166064256.00
2014-02-13,11.96,12.15,11.73,11.74,4867017,112567968.00
2014-02-14,11.74,11.99,11.63,11.85,3009232,69152136.00
2014-02-17,11.97,12.44,11.97,12.27,4595323,110366888.00
2014-02-18,12.31,12.52,12.16,12.38,3982052,95919400.00
2014-02-19,12.44,13.05,12.32,13.03,5218197,129412160.00
2014-02-20,12.97,13.31,12.68,12.78,4731686,120355432.00
2014-02-21,12.73,12.91,12.58,12.82,2411054,60140204.00
2014-02-24,12.82,14.02,12.82,14.02,11867100,319465984.00
2014-02-25,14.49,15.15,14.04,14.33,11521659,330739744.00
2014-02-26,14.28,15.27,13.83,15.00,8886552,257298224.00
2014-02-27,15.12,16.42,15.12,15.88,12743774,406028000.00
2014-02-28,16.11,16.24,14.93,15.38,8842291,271391072.00
2014-03-03,15.49,16.83,15.38,16.83,9547627,310408640.00
2014-03-04,17.26,17.26,16.64,16.88,8652448,292192544.00
2014-03-05,17.04,17.06,16.41,16.58,6092787,202599776.00
2014-03-06,16.49,16.53,15.58,15.93,6883844,218363424.00
2014-03-07,15.97,16.98,15.97,16.58,7750851,255726016.00
2014-03-10,16.51,16.51,15.01,15.01,9276850,287775936.00
2014-03-11,15.01,15.54,14.67,15.15,6113189,182815776.00
2014-03-12,15.12,15.39,14.30,14.68,7058478,205707184.00
2014-03-13,14.78,14.85,14.19,14.58,5921213,170476624.00
2014-03-14,14.49,15.29,14.40,14.99,5046040,149405440.00
2014-03-17,15.01,16.41,15.00,16.41,8848687,282077408.00
2014-03-18,16.65,17.92,16.53,17.62,11655966,398802336.00
2014-03-19,17.62,18.12,17.22,17.73,6763346,238350304.00
2014-03-20,17.73,18.23,17.24,17.25,5455016,192274800.00
2014-03-21,17.53,18.88,17.26,18.88,10295223,375389344.00
2014-03-24,19.39,19.67,18.21,18.38,9797691,372771616.00
2014-03-25,17.82,17.82,16.62,16.62,7526500,252329712.00
2014-03-26,15.63,16.56,15.05,15.05,27768697,863821824.00
2014-03-27,15.06,15.24,13.70,14.62,34429487,983459392.00
2014-03-28,14.01,14.16,13.25,13.25,24012676,638643648.00
2014-03-31,13.07,13.37,12.67,12.87,18990597,483691104.00
2014-04-03,13.06,13.72,13.02,13.06,22091507,576829696.00
2014-04-04,13.06,13.34,12.59,13.20,10227142,261661776.00
2014-04-08,13.05,13.34,12.78,13.07,8578806,218350464.00
2014-04-09,13.07,13.85,13.07,13.66,14292146,379364064.00
2014-04-10,13.66,14.19,13.45,13.78,12627387,342402784.00
2014-04-11,13.32,13.71,13.30,13.58,5847933,155032960.00
2014-04-14,13.45,13.57,12.51,12.58,17315463,434335424.00
2014-04-15,12.43,12.43,12.16,12.34,11011553,263795376.00
2014-04-16,12.25,12.65,12.24,12.38,7718329,187761984.00
2014-04-17,12.39,12.50,12.25,12.36,4824172,116561072.00
2014-04-18,12.35,12.57,12.18,12.54,6811702,165473392.00
2014-04-21,12.40,12.55,12.15,12.16,5582459,134354560.00
2014-04-22,12.16,12.35,11.33,11.67,9555604,218578432.00
2014-04-23,11.67,11.92,11.58,11.79,5189335,118500208.00
2014-04-24,11.78,11.88,11.30,11.52,7561672,169637968.00
2014-04-25,11.53,11.61,11.05,11.07,6635931,145117424.00
2014-04-28,10.90,11.01,10.40,10.42,10732142,218556176.00
2014-04-29,10.48,10.85,10.32,10.60,10839692,220436256.00
2014-04-30,10.61,10.79,10.46,10.51,5794073,117870648.00
2014-05-05,10.52,11.48,10.37,11.45,19987570,430484352.00
2014-05-06,11.43,11.69,11.20,11.38,17958187,396978592.00
2014-05-07,11.39,11.60,10.92,10.97,11437682,249893664.00
2014-05-08,10.84,11.36,10.84,10.98,7336794,156591184.00
2014-05-09,11.00,11.18,10.55,10.85,5381538,112900336.00
2014-05-12,11.11,11.62,10.87,11.46,9038766,197789280.00
2014-05-13,11.46,11.77,11.29,11.53,6576493,146525408.00
2014-05-14,11.53,12.08,11.48,11.78,11940110,273605568.00
2014-05-15,11.77,11.99,11.67,11.71,6553491,150078400.00
2014-05-16,11.64,11.92,11.43,11.87,6847748,155272352.00
2014-05-19,11.77,11.94,11.62,11.70,4267163,97313904.00
2014-05-20,11.85,12.38,11.80,12.31,8938890,212576992.00
2014-05-21,12.27,12.56,12.19,12.53,7433947,180099616.00
2014-05-22,12.62,12.78,12.33,12.42,7364066,179929824.00
2014-05-23,12.34,12.73,12.27,12.70,5923609,144820320.00
2014-05-26,12.81,12.96,12.67,12.81,5932836,148285648.00
2014-05-27,12.77,12.90,11.98,12.05,8455236,204968256.00
2014-05-28,12.08,12.57,11.97,12.42,7065921,169867696.00
2014-05-29,12.39,12.50,12.09,12.19,5195832,123698008.00
2014-05-30,12.18,12.61,12.12,12.54,4713837,113899088.00
2014-06-03,12.73,12.98,12.59,12.72,5786343,144244464.00
2014-06-04,12.70,12.70,12.34,12.52,4048925,98338384.00
2014-06-05,12.52,12.70,12.48,12.69,3084219,75749512.00
2014-06-06,12.82,13.14,12.81,12.93,6827673,172740016.00
2014-06-09,12.93,13.32,12.82,13.29,6606549,170799744.00
2014-06-10,13.31,13.31,12.89,13.24,6412092,164731632.00
2014-06-11,13.45,13.66,13.24,13.26,6499857,171161344.00
2014-06-12,13.13,13.15,12.77,12.86,7565007,189903600.00
2014-06-13,12.65,13.58,12.59,13.38,9168652,235110112.00
2014-06-16,13.38,13.54,13.23,13.42,4688363,122950968.00
2014-06-17,13.47,13.58,13.17,13.20,3806699,99447152.00
2014-06-18,13.24,13.28,13.01,13.16,2488380,64053436.00
2014-06-19,13.05,13.41,12.60,12.80,4273391,108785784.00
2014-06-20,12.76,12.91,12.69,12.83,2984775,74454440.00
2014-06-23,12.68,12.90,12.12,12.26,8345327,202339568.00
2014-06-24,12.27,12.61,11.13,11.13,17505075,394107840.00
2014-06-25,10.97,10.98,10.15,10.67,17270533,351931840.00
2014-06-26,10.50,10.88,10.43,10.74,9588586,196370624.00
2014-06-27,10.74,11.11,10.63,10.86,10164292,214224512.00
2014-06-30,10.84,10.85,10.41,10.61,11787552,238299920.00
2014-07-01,10.65,10.98,10.46,10.90,9354989,194089696.00
2014-07-02,10.86,11.23,10.82,11.06,10671311,228066976.00
2014-07-03,11.06,11.91,11.06,11.79,16081712,359334976.00
2014-07-04,11.77,12.70,11.66,12.25,14263737,339975456.00
2014-07-07,12.34,12.54,11.80,12.17,7541983,177096000.00
2014-07-08,12.11,12.58,12.01,12.51,8950557,216855808.00
2014-07-09,12.48,12.61,12.19,12.30,6587822,158967760.00
2014-07-10,12.23,12.42,11.83,11.88,6836692,161319632.00
2014-07-11,11.88,12.21,11.79,12.12,4384706,102914320.00
2014-07-14,12.22,12.41,12.03,12.30,3691236,88378104.00
2014-07-15,12.27,12.61,12.14,12.38,4683543,112596080.00
2014-07-16,12.34,12.46,11.76,11.97,5014540,117424760.00
2014-07-17,11.96,11.97,11.33,11.34,5050947,112714832.00
2014-07-18,11.25,11.62,11.17,11.23,3016423,66259424.00
2014-07-21,11.48,12.04,11.43,11.86,4661398,106491696.00
2014-07-22,11.86,12.12,11.77,12.04,4103469,95484776.00
2014-07-23,12.05,12.19,11.68,11.84,3679176,84916512.00
2014-07-24,11.70,11.92,11.46,11.86,3262172,73926008.00
2014-07-25,11.87,12.19,11.87,12.15,3562672,83713528.00
2014-07-28,12.14,12.26,11.96,12.16,3496977,82327664.00
2014-07-29,12.18,12.50,12.12,12.29,3948047,94578856.00
2014-07-30,12.16,12.42,12.15,12.19,3463784,82334080.00
2014-07-31,12.21,12.30,12.00,12.20,3204953,75630192.00
2014-08-01,12.18,12.65,12.13,12.51,8567081,207242624.00
2014-08-04,12.48,12.96,12.48,12.57,6811616,168526880.00
2014-08-05,12.57,12.80,12.44,12.66,3391230,83213264.00
2014-08-06,12.60,12.72,12.53,12.72,2784423,68628792.00
2014-08-07,12.72,13.19,12.72,13.09,8043484,204916096.00
2014-08-08,13.13,13.28,12.96,13.23,5465790,140199328.00
2014-08-11,13.38,14.42,13.26,14.15,11060562,302060672.00
2014-08-12,14.18,14.83,13.90,14.67,9039484,254275968.00
2014-08-13,14.65,14.70,14.04,14.17,8458647,237969520.00
2014-08-14,14.41,14.62,13.96,14.01,7658648,214001168.00
2014-08-15,14.07,14.18,13.15,13.45,11873363,314648640.00
2014-08-18,13.46,13.75,13.46,13.70,6025643,160922784.00
2014-08-19,13.72,13.72,13.29,13.35,6799504,179248720.00
2014-08-20,13.35,13.50,13.28,13.38,3424543,89784640.00
2014-08-21,13.41,13.71,13.41,13.61,6399159,170171280.00
2014-08-22,13.48,13.63,13.41,13.55,4156784,109882064.00
2014-08-25,13.55,13.55,13.29,13.34,3893637,102173512.00
2014-08-26,13.35,13.66,13.34,13.51,5170969,137109760.00
2014-08-27,13.51,14.04,13.51,13.97,8244194,223473456.00
2014-08-28,13.98,14.18,13.62,13.72,5346649,144826144.00
2014-08-29,13.75,13.95,13.60,13.86,3343428,90840352.00
2014-09-01,13.90,14.18,13.81,14.06,4936700,136433760.00
2014-09-02,14.07,14.18,13.95,14.12,4510024,124593096.00
2014-09-03,14.12,14.36,13.97,14.06,3793256,105053656.00
2014-09-04,14.00,14.06,13.62,13.78,6136043,165663408.00
2014-09-05,13.73,13.85,13.62,13.77,3122820,83934416.00
2014-09-09,13.78,13.95,13.62,13.63,4877843,130856952.00
2014-09-10,13.64,14.00,13.50,13.99,5777896,156142448.00
2014-09-11,13.98,14.02,13.66,13.72,4028484,109475744.00
2014-09-12,13.71,13.76,13.44,13.68,4347925,115765480.00
2014-09-15,13.68,13.73,13.48,13.53,4245987,112642112.00
2014-09-16,13.48,13.55,12.76,12.78,7102434,183633712.00
2014-09-17,12.81,12.96,12.13,12.65,6579736,161014976.00
2014-09-18,12.58,13.02,12.46,12.98,3663507,91417720.00
2014-09-19,12.96,13.10,12.86,12.97,2955111,75061520.00
2014-09-22,12.97,13.12,12.48,12.52,3928308,97629072.00
2014-09-23,12.52,13.38,12.42,13.37,7474526,190038240.00
2014-09-24,13.29,13.59,13.16,13.39,6353032,166801136.00
2014-09-25,13.53,13.85,13.40,13.63,9878012,264988912.00
2014-09-26,13.58,13.84,13.34,13.35,6532904,173308736.00
2014-09-29,13.43,13.60,13.22,13.30,5122382,133960248.00
2014-09-30,13.31,13.53,13.31,13.47,3777211,99429504.00
2014-10-08,13.48,13.87,13.34,13.87,6124265,163708608.00
2014-10-09,13.93,14.67,13.93,14.18,11496792,324542368.00
2014-10-10,14.08,14.32,13.71,13.85,7566331,208012544.00
2014-10-13,13.93,14.07,13.62,13.70,7035896,189638528.00
2014-10-14,13.67,14.32,13.63,14.29,12653169,351434976.00
2014-10-23,13.78,14.33,13.15,13.71,7684772,185982528.00
2014-10-24,13.54,14.67,13.46,14.66,7351180,183882688.00
2014-10-27,14.74,15.30,14.54,15.27,9268442,246098688.00
2014-10-28,15.37,15.38,15.07,15.36,6842315,183358208.00
2014-10-29,15.67,15.94,15.22,15.38,9668437,264213168.00
2014-10-30,15.20,15.47,14.86,15.07,9463665,251576784.00
2014-10-31,15.18,15.25,14.70,14.80,7229594,189194736.00
2014-11-03,14.79,16.29,14.79,15.98,16236994,449679360.00
2014-11-04,15.94,16.42,15.78,16.16,10470691,295699552.00
2014-11-05,15.95,16.17,15.80,15.99,5816317,162962576.00
2014-11-06,16.11,16.19,15.66,15.94,5654425,157927856.00
2014-11-07,15.94,16.17,15.42,15.54,8710575,240312944.00
2014-11-10,15.66,15.81,14.91,15.14,10370944,277034624.00
2014-11-11,15.18,15.27,14.21,14.49,12210789,311876000.00
2014-11-12,14.46,14.76,14.11,14.69,5104963,130317448.00
2014-11-13,14.70,14.73,14.11,14.24,7086080,177745664.00
2014-11-14,14.24,14.57,13.43,13.77,8079182,198793568.00
2014-11-17,13.86,14.31,13.77,13.97,5945348,147058672.00
2014-11-18,13.97,14.29,13.94,14.03,4127219,102448960.00
2014-11-19,14.03,14.91,14.03,14.80,9798954,251459392.00
2014-11-20,14.74,14.85,14.44,14.66,4131513,106106952.00
2014-11-21,14.66,14.66,14.23,14.37,6069492,153974416.00
2014-11-24,14.49,14.63,14.29,14.37,6786938,172088144.00
2014-11-25,14.37,14.74,14.29,14.45,8326397,211852288.00
2014-11-26,14.51,14.51,14.10,14.17,8232243,205816320.00
2014-11-27,14.27,14.27,13.54,13.71,13349252,323464256.00
2014-11-28,13.66,14.18,13.09,14.11,14913811,355653248.00
2014-12-01,14.06,14.06,13.33,13.49,11802011,283268256.00
2014-12-02,13.54,13.85,13.54,13.59,6785698,163536384.00
2015-03-06,14.96,14.96,14.96,14.96,121314,3188132.00
2015-03-09,16.46,16.46,16.46,16.46,201021,5811517.00
2015-03-10,18.11,18.11,18.11,18.11,195744,6224659.00
2015-03-11,19.93,19.93,19.93,19.93,340864,11923423.00
2015-03-12,21.93,21.93,21.19,21.53,66587150,2545094656.00
2015-03-13,21.37,23.09,21.17,22.35,47891160,1853250304.00
2015-03-16,22.29,24.40,22.23,23.77,41753524,1707602432.00
2015-03-17,23.37,24.17,22.75,22.99,25365443,1039030848.00
2015-03-18,22.81,23.62,22.79,23.11,18404430,747667840.00
2015-03-19,22.86,23.03,22.34,22.83,18407098,729993664.00
2015-03-20,23.10,24.73,22.91,24.32,27553870,1147599872.00
2015-03-23,24.91,25.65,23.66,24.50,27155559,1175357952.00
2015-03-24,24.49,26.96,24.40,26.96,32282957,1460876288.00
2015-03-25,27.83,29.41,26.97,28.17,34513351,1688065792.00
2015-03-26,28.14,28.57,25.35,25.89,32531207,1526115200.00
2015-03-27,25.87,27.09,25.67,26.09,17123321,792909440.00
2015-03-30,26.23,26.43,24.82,25.27,17584099,786603200.00
2015-03-31,25.09,26.18,24.97,25.43,13804277,620158720.00
2015-04-01,25.42,25.91,25.20,25.86,12791823,575753472.00
2015-04-02,25.99,28.43,25.99,27.58,23616403,1133893632.00
2015-04-03,27.40,27.48,26.57,27.15,17047039,806909440.00
2015-04-07,26.91,28.47,26.57,27.47,16163320,779630208.00
2015-04-08,27.50,27.52,25.18,25.62,22187124,1016392192.00
2015-04-09,25.60,25.87,24.01,24.89,18432124,802425664.00
2015-04-10,24.96,25.43,24.69,25.17,11129070,490063520.00
2015-04-13,25.17,26.73,25.09,26.15,17882376,822727296.00
2015-04-14,25.94,26.45,25.09,26.23,11588323,526261824.00
2015-04-15,26.06,26.35,24.29,24.37,12081227,533481536.00
2015-04-16,24.01,25.59,23.67,24.75,12441224,541422784.00
2015-04-17,24.83,25.03,24.01,24.25,9622433,412826464.00
2015-04-20,24.23,24.26,22.73,22.74,16231596,664211776.00
2015-04-21,22.71,23.74,22.57,23.54,11651600,473763456.00
2015-04-22,23.53,24.38,23.31,23.91,13930100,583254336.00
2015-04-23,23.91,25.03,23.59,24.76,16431115,699016640.00
2015-04-24,24.29,24.62,23.80,23.91,13431961,568499520.00
2015-04-27,24.51,26.31,24.20,26.07,25352881,1138840832.00
2015-04-28,26.06,26.07,23.95,24.37,17530707,771234048.00
2015-04-29,24.23,26.79,24.21,26.27,18365344,836339264.00
2015-04-30,26.57,27.64,26.40,26.49,19598366,933935296.00
2015-05-04,26.83,27.62,26.34,26.45,12733034,600155776.00
2015-05-05,26.51,26.86,24.52,24.74,11779471,526209952.00
2015-05-06,24.74,26.40,24.74,25.37,12106012,544371072.00
2015-05-07,25.37,26.06,25.01,25.17,9543714,427068128.00
2015-05-08,26.00,27.70,25.67,27.70,23785420,1129652352.00
2015-05-11,28.48,30.47,28.23,30.47,14631319,761590592.00
2015-05-12,32.51,33.53,31.39,33.53,28114049,1612857856.00
2015-05-13,33.53,36.76,31.94,35.31,20022167,1221276672.00
2015-05-14,34.79,37.37,34.35,36.49,17087149,1090157568.00
2015-05-15,36.29,38.17,34.23,37.28,16192122,1015592640.00
2015-05-18,38.86,41.01,38.51,41.01,10411070,736458368.00
2015-05-19,43.09,45.12,41.09,43.37,17659352,1334104448.00
2015-05-20,44.57,45.03,41.60,42.57,19298189,1466559616.00
2015-05-21,42.49,45.94,41.07,44.26,18794530,1422712704.00
2015-05-22,44.74,48.69,43.66,48.23,18599667,1509463808.00
2015-05-25,43.41,46.60,43.41,44.11,29242292,2284302336.00
2015-05-26,44.23,47.35,44.17,45.80,14338408,1150136448.00
2015-05-27,47.38,50.29,46.11,49.66,10624905,906324416.00
2015-05-28,48.80,53.93,47.09,47.09,15599221,1404200576.00
2015-05-29,49.09,51.80,46.86,51.80,14078448,1244537600.00
2015-06-01,52.91,56.99,51.80,55.49,13475325,1289235072.00
2015-06-02,57.00,61.04,55.49,61.03,26337592,1564060288.00
2015-06-03,62.00,62.49,55.00,58.61,30067397,1763235456.00
2015-06-04,58.39,58.39,52.75,57.08,22751959,1244053120.00
2015-06-05,57.08,59.10,53.28,54.75,20417851,1153198848.00
2015-06-08,54.30,58.20,50.77,54.67,24436106,1350019840.00
2015-06-09,53.00,56.50,50.50,52.33,27055092,1437587328.00
2015-06-10,52.03,55.00,50.65,52.97,21708271,1157214720.00
2015-06-11,53.11,58.27,53.11,58.27,27280023,1550768896.00
2015-06-12,61.74,64.10,61.74,64.10,12701730,808844288.00
2015-06-18,61.80,68.76,57.69,57.69,29099302,1812743552.00
2015-06-19,54.00,56.00,51.92,51.92,16211641,863611968.00
2015-06-23,50.05,51.50,46.73,47.50,23465090,1131451648.00
2015-06-24,48.00,49.87,43.22,47.30,30398960,1399081600.00
2015-06-25,46.30,46.40,42.57,42.57,24244350,1067432832.00
2015-06-26,39.00,39.01,38.31,38.31,10335300,396741856.00
2015-06-29,36.55,37.99,34.48,34.48,22142093,774032768.00
2015-06-30,31.03,37.93,31.03,37.46,47141831,1609054336.00
2015-07-01,36.00,39.98,33.71,33.71,44022094,1640910976.00
2015-07-02,33.00,33.71,30.34,30.34,35789027,1105185280.00
2015-07-03,27.31,30.00,27.31,27.31,44159770,1236644480.00
2015-07-06,28.99,29.70,24.58,24.58,31101338,830165696.00
2015-07-13,27.04,27.04,27.04,27.04,1534918,41504184.00
2015-07-14,29.74,29.74,29.74,29.74,632124,18799368.00
2015-07-15,32.71,32.71,27.05,28.87,87877973,2664930560.00
2015-07-16,25.98,30.58,25.98,29.90,51854368,1469592576.00
2015-07-17,30.00,32.89,29.11,32.89,41861842,1326901120.00
2015-07-20,33.50,36.00,32.70,34.77,41470209,1424908928.00
2015-07-21,33.77,37.06,33.70,36.35,30894953,1082423040.00
2015-07-22,35.80,36.98,33.99,35.20,25360368,895325632.00
2015-07-23,35.26,36.40,33.99,35.89,26611342,942180928.00
2015-07-24,36.35,38.30,34.87,35.49,36669779,1359457536.00
2015-07-27,34.50,35.38,31.94,31.94,29532165,982583104.00
2015-07-28,28.75,31.00,28.75,28.75,38866999,1124718720.00
2015-07-29,28.95,29.88,25.88,28.65,72255910,1934044288.00
2015-07-30,27.53,28.20,25.80,25.80,49191010,1322716416.00
2015-07-31,26.49,27.51,25.15,26.20,50028613,1337841280.00
2015-08-03,27.00,28.82,26.47,28.82,78227773,2218241024.00
2015-08-04,28.70,31.70,27.00,30.89,76999111,2244578560.00
2015-08-05,30.30,30.82,28.90,29.30,52656488,1573625344.00
2015-08-06,28.30,28.78,27.50,27.65,34082181,957721792.00
2015-08-07,28.01,30.42,28.01,30.42,56770493,1679777280.00
2015-08-10,31.35,33.46,30.50,33.46,53066413,1720371200.00
2015-08-11,34.00,36.50,33.40,33.90,54831131,1907531008.00
2015-08-12,33.16,34.99,32.75,33.05,40256814,1356006272.00
2015-08-13,32.85,34.89,31.90,34.80,36165875,1207465856.00
2015-08-14,35.50,35.50,33.86,33.91,31854741,1096349056.00
2015-08-17,33.20,33.78,32.19,33.29,23794541,785505408.00
2015-08-18,33.40,34.70,29.96,29.96,33499614,1086399488.00
2015-08-19,28.18,30.99,27.01,30.25,30366479,869357056.00
2015-08-20,29.50,30.50,28.01,28.20,20175097,591306368.00
2015-08-21,25.38,26.78,25.38,25.38,37136637,960232896.00
2015-08-24,23.15,23.88,22.84,22.84,9669986,222178128.00
2015-08-25,20.56,20.82,20.56,20.56,12211647,251194864.00
2015-08-26,18.55,21.08,18.50,18.50,52983277,1010143936.00
2015-08-27,18.65,19.35,16.65,18.12,49689768,890490368.00
2015-08-28,18.52,19.93,18.12,19.93,51371254,978362432.00
2015-08-31,19.90,19.90,17.94,17.94,37641719,705051264.00
2015-09-01,17.10,17.32,16.15,16.15,27289036,450625344.00
2015-09-02,14.54,17.13,14.54,14.54,46010709,704372928.00
2015-09-07,14.95,15.99,14.63,15.99,48239904,753027200.00
2015-09-08,15.40,17.59,15.27,17.59,46877482,775567872.00
2015-09-09,18.41,19.35,18.21,19.35,26910502,509885760.00
2015-09-10,20.00,20.78,19.39,20.13,65909809,1322929408.00
2015-09-11,19.81,21.00,19.81,20.60,48179210,979353792.00
2015-09-14,20.41,20.44,18.54,18.54,37823430,726390400.00
2015-09-15,17.18,17.98,16.69,16.69,39128531,670957312.00
2015-09-16,16.95,18.36,16.60,18.36,58756367,1034483520.00
2015-09-17,19.03,20.20,18.55,19.20,83206992,1621891968.00
2015-09-22,21.33,21.33,21.33,21.33,0,0.00
数据来源:通达信
