002472 双环传动 日线 前复权
      日期	    开盘	    最高	    最低	    收盘	    成交量	    成交额
2010-09-10,20.69,20.94,18.59,18.60,17784229,859454784.00
2010-09-13,17.48,18.01,16.68,16.94,9628960,396665376.00
2010-09-14,16.75,16.93,16.32,16.42,5849945,234404176.00
2010-09-15,16.25,16.28,15.11,15.18,5720706,217636544.00
2010-09-16,15.36,15.68,15.13,15.63,4367808,164669008.00
2010-09-17,15.39,15.54,14.75,14.96,3123210,114703760.00
2010-09-20,15.04,15.20,14.69,14.93,1930755,70328408.00
2010-09-21,15.22,16.40,14.96,15.94,4711220,178993824.00
2010-09-27,15.81,16.06,15.61,15.89,3232862,124880800.00
2010-09-28,15.88,15.88,15.09,15.15,2936799,110429760.00
2010-09-29,15.13,15.13,14.75,14.90,1604711,58257376.00
2010-09-30,14.90,15.46,14.77,15.34,1562224,58097648.00
2010-10-08,15.41,15.81,15.18,15.66,2355327,89554136.00
2010-10-11,15.63,15.98,15.48,15.65,2376925,90847336.00
2010-10-12,15.56,15.93,15.48,15.67,1851136,70876392.00
2010-10-13,15.70,16.36,15.61,16.11,3218910,125631864.00
2010-10-14,16.13,16.20,15.46,15.58,2533123,97145896.00
2010-10-15,15.47,15.54,15.13,15.24,2252047,83842776.00
2010-10-18,15.17,15.88,14.81,15.81,2395516,88958144.00
2010-10-19,15.68,16.26,15.57,16.26,3062211,119558928.00
2010-10-20,15.93,16.57,15.89,16.39,2953881,116500120.00
2010-10-21,16.67,17.14,16.46,17.01,4534926,184750384.00
2010-10-22,16.93,16.99,16.67,16.72,1833147,74743544.00
2010-10-25,16.71,16.96,16.50,16.75,2474934,100728472.00
2010-10-26,16.68,16.68,16.29,16.32,2312630,92201360.00
2010-10-27,16.31,16.80,16.25,16.46,1752693,70725792.00
2010-10-28,16.46,17.05,16.37,16.96,2088432,85081856.00
2010-10-29,17.07,17.21,16.80,16.96,2635423,108743472.00
2010-11-02,17.52,17.52,16.75,16.79,3729534,155906400.00
2010-11-03,16.71,16.77,16.46,16.53,1175004,47412920.00
2010-11-04,16.61,16.77,16.52,16.69,1106807,44730808.00
2010-11-05,16.81,16.97,16.70,16.88,1501547,61511476.00
2010-11-08,17.22,18.63,17.10,18.63,3963645,172578704.00
2010-11-09,18.61,19.15,18.25,18.75,3026333,137564432.00
2010-11-10,18.59,19.14,18.42,18.96,2171403,99607592.00
2010-11-11,18.98,20.15,18.55,18.57,3014729,141789056.00
2010-11-12,18.61,19.31,17.84,18.26,3391139,152924352.00
2010-11-15,18.79,19.64,18.38,19.52,2627550,121142136.00
2010-11-16,19.51,19.88,18.04,18.38,2883715,132476952.00
2010-11-17,18.29,18.79,18.02,18.16,1330231,59266564.00
2010-11-18,18.29,18.64,18.19,18.34,1045886,46520756.00
2010-11-19,18.55,19.02,18.29,18.98,1850721,83557272.00
2010-11-22,18.85,19.49,18.77,19.18,2103707,97668888.00
2010-11-23,19.11,19.15,18.46,18.99,1580480,71798328.00
2010-11-24,18.72,19.26,18.72,19.23,1742183,80480704.00
2010-11-25,19.40,19.85,18.92,19.26,1610019,75422264.00
2010-11-26,19.26,19.39,18.93,19.05,1004016,46363148.00
2010-11-29,19.06,19.61,18.90,19.44,1605256,74920752.00
2010-11-30,19.60,19.60,18.35,18.63,2152030,98009760.00
2010-12-01,18.58,18.71,18.30,18.49,983112,44015644.00
2010-12-02,18.69,18.82,18.47,18.51,916679,41308760.00
2010-12-03,18.51,18.57,17.99,18.21,1013837,44737176.00
2010-12-06,18.07,18.24,17.40,17.64,732980,31628926.00
2010-12-07,17.48,17.89,17.35,17.87,592289,25379374.00
2010-12-08,17.90,18.04,17.42,17.46,802623,34386696.00
2010-12-09,17.46,17.53,17.22,17.29,655748,27552350.00
2010-12-10,17.27,17.27,16.46,16.95,3519257,143149504.00
2010-12-13,17.10,17.68,16.98,17.58,1890176,79881824.00
2010-12-14,17.60,18.38,17.48,18.17,1698570,73551888.00
2010-12-15,18.21,18.25,17.91,17.97,1090582,47751208.00
2010-12-16,17.94,18.25,17.87,18.05,1064648,46742540.00
2010-12-17,18.04,18.54,18.04,18.46,1225292,54461832.00
2010-12-20,18.59,18.72,17.52,18.19,1820632,80259832.00
2010-12-21,18.31,18.66,18.24,18.40,1162141,51826956.00
2010-12-22,18.37,18.48,17.95,18.03,982712,43124072.00
2010-12-23,17.99,17.99,17.54,17.57,1228142,52778400.00
2010-12-24,17.52,17.52,16.93,17.17,763882,31900940.00
2010-12-27,17.19,17.56,16.46,16.72,914689,38178100.00
2010-12-28,16.84,16.87,16.63,16.81,643095,26169340.00
2010-12-29,16.86,17.47,16.81,17.34,862906,35932396.00
2010-12-30,17.34,17.57,17.20,17.28,587571,24755818.00
2010-12-31,17.29,17.61,17.26,17.57,553175,23389866.00
2011-01-04,17.59,17.72,17.33,17.69,1149024,48748916.00
2011-01-05,17.73,17.73,17.31,17.31,844486,35837656.00
2011-01-06,17.27,17.31,16.92,17.18,974209,40341668.00
2011-01-07,17.08,17.60,16.93,17.31,976687,40549084.00
2011-01-10,17.50,19.10,17.48,18.54,4805656,215721808.00
2011-01-11,18.26,18.71,18.16,18.36,2072052,92422680.00
2011-01-12,18.42,18.46,18.02,18.35,1632403,71864744.00
2011-01-13,18.27,18.71,18.21,18.57,1855873,83555288.00
2011-01-14,18.40,18.42,17.52,17.57,1706256,73941776.00
2011-01-17,17.14,17.35,16.63,16.81,1181219,48613228.00
2011-01-18,16.51,16.97,16.51,16.78,469302,19096868.00
2011-01-19,16.80,17.31,16.67,17.10,716194,29645148.00
2011-01-20,17.10,17.39,16.67,16.69,891230,36937892.00
2011-01-21,16.53,17.30,16.49,17.24,798681,33004332.00
2011-01-24,17.17,17.82,16.75,16.84,1123910,47456068.00
2011-01-25,16.81,16.81,15.60,16.00,1011996,39770064.00
2011-01-26,15.86,16.24,15.86,16.21,471488,18521126.00
2011-01-27,16.07,16.56,15.82,16.47,800311,31641754.00
2011-01-28,16.46,16.68,16.24,16.65,566588,22770350.00
2011-01-31,16.54,17.09,16.54,16.70,753309,30672194.00
2011-02-01,16.70,16.84,16.54,16.73,609101,24677056.00
2011-02-09,16.48,16.73,16.28,16.53,631805,25310830.00
2011-02-10,16.46,17.04,16.35,16.99,706217,28869034.00
2011-02-11,16.99,17.47,16.88,17.33,830964,34740720.00
2011-02-14,17.25,17.57,17.25,17.49,1068384,45150708.00
2011-02-15,17.57,17.57,17.18,17.21,1027114,43135364.00
2011-02-16,17.21,17.56,17.21,17.52,712665,30135042.00
2011-02-17,17.65,17.68,17.31,17.51,848634,35963368.00
2011-02-18,17.47,17.47,17.15,17.20,727892,30492468.00
2011-02-21,17.31,17.78,17.31,17.78,1077189,46083240.00
2011-02-22,17.74,17.94,17.18,17.19,1083496,45859264.00
2011-02-23,17.16,17.54,17.16,17.44,787396,33202974.00
2011-02-24,17.44,17.52,17.28,17.43,500295,21105448.00
2011-02-25,17.35,17.43,17.10,17.32,679371,28381020.00
2011-02-28,17.28,17.66,17.12,17.59,842709,35638932.00
2011-03-01,17.61,17.73,17.31,17.57,796939,34028308.00
2011-03-02,17.43,17.44,17.26,17.35,603318,25371838.00
2011-03-03,17.41,17.42,16.67,16.87,1034405,42695180.00
2011-03-04,16.93,17.22,16.83,17.22,496400,20489280.00
2011-03-07,17.14,17.29,17.04,17.15,742449,30868506.00
2011-03-08,17.15,17.27,17.10,17.22,367846,15350813.00
2011-03-09,17.24,17.28,17.10,17.21,512401,21389862.00
2011-03-10,17.22,17.30,17.02,17.14,615482,25664830.00
2011-03-11,17.05,17.44,17.05,17.38,862834,36126484.00
2011-03-14,17.39,18.05,17.31,17.89,1576959,68022448.00
2011-03-15,17.86,17.86,17.29,17.60,1247161,52866160.00
2011-03-16,17.35,17.73,17.35,17.70,694221,29638000.00
2011-03-17,17.63,17.64,17.09,17.18,842910,35532112.00
2011-03-18,17.26,17.39,17.10,17.18,540306,22589960.00
2011-03-21,17.16,17.35,16.80,16.89,619294,25508074.00
2011-03-22,16.93,17.05,16.72,17.05,280463,11508171.00
2011-03-23,17.05,17.13,16.96,17.07,321535,13301909.00
2011-03-24,17.07,17.13,16.89,16.92,434051,17865010.00
2011-03-25,16.84,17.11,16.84,17.00,426916,17616504.00
2011-03-28,16.93,17.04,16.65,16.67,803328,32735402.00
2011-03-29,16.66,16.66,16.10,16.27,835642,33193688.00
2011-03-30,16.20,16.43,16.15,16.33,372648,14775389.00
2011-03-31,16.42,16.45,16.20,16.43,376682,14939717.00
2011-04-01,16.41,16.58,16.32,16.55,200864,8040630.50
2011-04-06,16.48,16.60,16.37,16.48,382574,15304482.00
2011-04-07,16.58,16.58,16.37,16.50,278877,11135860.00
2011-04-08,16.50,16.57,16.35,16.51,339924,13615583.00
2011-04-11,16.56,16.69,16.20,16.20,492701,19568250.00
2011-04-12,16.20,16.37,16.03,16.10,319823,12559038.00
2011-04-13,16.09,16.27,15.95,16.25,335058,13116408.00
2011-04-14,16.25,16.36,16.15,16.16,299151,11798963.00
2011-04-15,16.16,16.27,15.89,16.07,461037,17960062.00
2011-04-18,16.01,16.46,15.94,16.28,467701,18494072.00
2011-04-19,16.33,16.63,16.21,16.60,726339,29084434.00
2011-04-20,16.60,16.79,16.42,16.62,325893,13115147.00
2011-04-21,16.70,16.87,16.62,16.62,538884,21907044.00
2011-04-22,16.67,16.77,16.51,16.60,310881,12577296.00
2011-04-25,16.56,16.87,16.29,16.73,539097,21893454.00
2011-04-26,16.65,16.67,16.02,16.16,399560,15905883.00
2011-04-27,16.31,16.57,16.03,16.11,296769,11754786.00
2011-04-28,16.45,16.45,15.77,16.02,324815,12635893.00
2011-04-29,15.85,16.06,15.85,16.03,273783,10628486.00
2011-05-03,16.07,16.22,15.73,15.96,155120,6012041.50
2011-05-04,15.96,15.96,15.40,15.46,349555,13302851.00
2011-05-05,15.38,15.56,15.19,15.48,125807,4734712.50
2011-05-06,15.48,15.66,15.22,15.56,218660,8240238.50
2011-05-09,15.64,15.77,15.52,15.70,135027,5152850.50
2011-05-10,15.63,15.77,15.63,15.68,100885,3848309.00
2011-05-11,15.68,15.81,15.46,15.50,143542,5451321.00
2011-05-12,15.39,15.50,15.26,15.29,220564,8239278.50
2011-05-13,15.26,15.37,15.15,15.34,103180,3838409.00
2011-05-16,15.30,15.56,15.30,15.41,93152,3503385.50
2011-05-17,15.41,15.55,15.37,15.48,157262,5923815.50
2011-05-19,15.56,15.68,15.27,15.34,121300,4572419.00
2011-05-20,15.30,15.53,15.19,15.47,93424,3516795.75
2011-05-23,15.26,15.50,15.01,15.01,212150,7855204.50
2011-05-24,14.96,15.34,14.87,15.25,196715,7247993.00
2011-05-25,15.27,15.28,15.04,15.07,173121,6408488.00
2011-05-26,15.07,15.22,14.87,14.90,126016,4634264.00
2011-05-27,14.93,15.06,14.13,14.46,351141,12417217.00
2011-05-30,14.46,14.71,14.19,14.32,203850,7173484.50
2011-05-31,14.04,14.42,13.91,14.11,387641,7380217.00
2011-06-01,14.10,14.40,14.10,14.27,174526,3345909.75
2011-06-02,14.00,14.17,13.61,13.80,270245,5041718.00
2011-06-03,13.94,14.72,13.74,14.49,582598,11276847.00
2011-06-07,14.41,15.02,14.11,14.71,330963,6505787.50
2011-06-08,14.71,14.77,14.41,14.76,227437,4466769.50
2011-06-09,14.75,14.77,14.17,14.20,333310,6485778.00
2011-06-10,14.17,14.30,13.80,14.00,299814,5629689.50
2011-06-13,13.97,13.97,13.60,13.81,234897,4334033.50
2011-06-14,13.97,14.02,13.77,13.95,198126,3714840.50
2011-06-15,13.90,14.07,13.72,13.73,188080,3505234.50
2011-06-16,13.64,13.70,12.99,13.09,406029,7254869.00
2011-06-17,12.96,13.14,12.84,13.04,256985,4509282.00
2011-06-20,12.99,13.04,11.70,12.51,291265,4926674.50
2011-06-21,12.54,12.84,12.39,12.70,541171,9266607.00
2011-06-22,12.70,13.03,12.57,12.89,455746,7912089.00
2011-06-23,12.77,14.06,12.77,13.57,683265,12366796.00
2011-06-24,13.57,13.77,13.38,13.70,694257,12786416.00
2011-06-27,13.80,15.04,13.64,15.04,2190678,42542676.00
2011-06-28,14.98,15.87,14.57,15.30,3764023,77506656.00
2011-06-29,15.05,15.12,14.57,14.69,1299151,25931770.00
2011-06-30,14.50,14.95,14.50,14.66,548490,10877763.00
2011-07-01,14.68,15.15,14.68,14.74,687417,13785609.00
2011-07-04,14.91,15.07,14.68,15.01,706758,14131491.00
2011-07-05,15.01,15.06,14.78,15.01,721608,14479510.00
2011-07-06,14.99,15.48,14.78,15.37,1114357,22741872.00
2011-07-08,15.50,15.50,14.91,14.97,761232,15400562.00
2011-07-11,14.87,15.48,14.76,15.24,630654,12869424.00
2011-07-12,15.07,15.14,14.66,15.12,904552,18138968.00
2011-07-13,15.10,15.46,14.91,15.41,1094656,22562844.00
2011-07-14,15.42,16.01,15.41,16.01,1599401,33880328.00
2011-07-15,16.03,16.33,16.01,16.14,1588919,34394148.00
2011-07-18,16.14,16.61,15.81,16.53,1673866,36413180.00
2011-07-19,16.35,16.45,16.15,16.16,839404,18335970.00
2011-07-20,16.30,16.40,15.68,15.77,1000045,21303542.00
2011-07-21,15.77,15.93,15.50,15.83,773200,16354844.00
2011-07-22,15.84,16.00,15.61,15.70,674062,14323381.00
2011-07-25,15.59,15.69,14.64,14.67,844570,17039302.00
2011-07-26,14.67,14.80,14.36,14.68,650197,12710169.00
2011-07-27,14.68,15.07,14.41,14.94,585276,11572068.00
2011-07-28,14.87,14.87,14.47,14.61,412559,8118706.00
2011-07-29,14.57,14.77,14.17,14.20,395382,7707526.50
2011-08-01,14.10,14.35,13.81,14.18,500299,9560770.00
2011-08-02,14.22,14.34,13.90,14.11,359760,6801243.00
2011-08-03,14.01,14.47,13.92,14.34,432747,8360109.00
2011-08-04,14.47,14.57,14.37,14.41,353333,6871380.50
2011-08-05,14.09,14.09,13.72,13.96,364204,6845982.00
2011-08-08,13.79,13.79,12.51,12.76,1026596,17988626.00
2011-08-09,12.15,12.54,11.49,12.41,1417064,23063874.00
2011-08-10,12.60,12.87,12.42,12.49,790550,13572382.00
2011-08-11,12.34,12.72,11.95,12.64,950088,15920328.00
2011-08-12,12.80,12.93,12.66,12.88,709905,12314607.00
2011-08-15,12.87,13.15,12.80,13.14,890828,15657601.00
2011-08-16,13.10,14.49,12.96,14.47,2033344,37806292.00
2011-08-17,14.32,14.55,13.95,13.96,2045321,39089912.00
2011-08-18,13.94,13.96,13.27,13.27,1101232,20146418.00
2011-08-19,12.87,13.17,12.58,13.01,567310,9874061.00
2011-08-22,13.07,13.24,12.89,13.07,539747,9552417.00
2011-08-23,13.04,13.41,13.04,13.40,497605,8903422.00
2011-08-24,13.50,13.79,13.40,13.40,722872,13226336.00
2011-08-25,13.41,13.63,13.37,13.57,742833,13553605.00
2011-08-26,13.49,13.91,13.43,13.79,714072,13138286.00
2011-08-29,13.72,14.06,13.49,13.67,821845,15277393.00
2011-08-30,13.67,13.87,13.26,13.26,505411,9247831.00
2011-08-31,13.26,13.34,12.87,12.94,516232,9061531.00
2011-09-01,12.92,13.14,12.91,12.94,280110,4912792.50
2011-09-02,12.76,12.99,12.68,12.69,312192,5386907.00
2011-09-05,12.63,12.63,12.22,12.22,382808,6382676.00
2011-09-06,12.18,12.32,12.10,12.15,230944,3807471.75
2011-09-07,12.22,12.67,12.22,12.67,287002,4835304.50
2011-09-08,12.68,12.68,12.36,12.36,253680,4292528.50
2011-09-09,12.25,12.63,12.03,12.07,310237,5121827.50
2011-09-13,12.03,12.03,11.76,11.85,253633,4077639.25
2011-09-14,12.10,12.15,11.87,12.15,182231,2962492.00
2011-09-15,11.99,12.26,11.99,12.17,228921,3778570.75
2011-09-16,12.20,12.38,12.10,12.10,168912,2795778.25
2011-09-19,12.25,12.26,11.80,11.84,258750,4198261.50
2011-09-20,11.80,11.94,11.64,11.83,174025,2777895.50
2011-09-21,11.69,12.41,11.68,12.32,567692,9422291.00
2011-09-22,12.32,12.32,11.80,11.85,347192,5671201.50
2011-09-23,11.67,11.78,11.54,11.76,313964,4975051.50
2011-09-26,11.69,11.88,11.65,11.73,234210,3732641.25
2011-09-27,11.94,11.94,11.67,11.80,162625,2599470.75
2011-09-28,11.99,11.99,11.67,11.76,181570,2901581.75
2011-09-29,11.73,11.73,11.26,11.41,319604,4986768.00
2011-09-30,11.35,11.92,11.28,11.47,182107,2844808.75
2011-10-10,11.34,11.64,11.34,11.54,87901,1375163.38
2011-10-11,11.87,11.87,11.49,11.60,208053,3292855.25
2011-10-12,11.34,12.07,11.34,12.07,277713,4459009.00
2011-10-13,12.06,12.18,11.95,12.09,359173,5885402.00
2011-10-14,12.09,12.87,12.09,12.61,1141628,19441554.00
2011-10-17,12.60,12.60,12.37,12.52,620006,10448571.00
2011-10-18,12.30,12.45,11.97,11.98,451941,7469575.50
2011-10-19,11.80,12.12,11.80,11.84,188139,3035898.00
2011-10-20,11.64,11.79,11.40,11.53,344515,5390864.00
2011-10-21,11.57,11.63,11.41,11.44,148869,2325021.75
2011-10-24,11.38,11.68,11.05,11.66,256895,4014635.00
2011-10-25,11.65,11.93,11.53,11.91,366703,5869195.00
2011-10-26,11.78,12.21,11.78,11.97,562509,9173666.00
2011-10-27,12.23,12.24,11.80,11.81,409801,6648209.50
2011-10-28,12.16,12.16,11.89,12.08,543259,8852116.00
2011-10-31,12.14,12.22,11.95,12.14,456533,7484366.50
2011-11-01,12.11,12.31,12.00,12.27,502976,8288234.50
2011-11-02,12.09,12.45,11.93,12.42,688755,11370860.00
2011-11-03,12.48,12.78,12.47,12.47,1143631,19494680.00
2011-11-04,12.50,12.71,12.43,12.59,625734,10642714.00
2011-11-07,12.57,12.70,12.45,12.50,511310,8703106.00
2011-11-08,12.50,13.57,12.47,12.70,1229009,21471180.00
2011-11-09,12.76,12.93,12.54,12.88,698927,12024373.00
2011-11-10,12.78,12.78,12.50,12.55,585838,10009103.00
2011-11-11,12.50,12.76,12.37,12.37,474546,8060781.00
2011-11-14,12.51,12.83,12.51,12.83,516359,8851514.00
2011-11-15,12.83,12.83,12.66,12.77,411727,7086609.50
2011-11-16,12.84,12.84,12.26,12.30,630973,10640429.00
2011-11-17,12.21,12.40,12.20,12.23,371697,6186842.00
2011-11-18,12.21,12.21,11.70,11.78,401124,6473912.50
2011-11-21,11.80,11.98,11.73,11.80,203974,3271003.75
2011-11-22,11.72,11.92,11.44,11.92,173169,2760466.25
2011-11-23,12.01,12.46,11.72,12.26,746629,12289457.00
2011-11-24,12.09,12.45,11.97,12.01,468628,7699690.50
2011-11-25,12.00,12.05,11.57,11.57,408112,6525035.00
2011-11-28,11.63,11.92,11.59,11.75,229577,3655380.25
2011-11-29,11.84,11.90,11.72,11.84,263778,4230027.50
2011-11-30,11.74,12.10,11.22,11.31,390949,6156634.50
2011-12-01,11.78,11.87,11.42,11.48,380139,5989519.00
2011-12-02,11.50,11.51,11.24,11.48,259571,3996705.50
2011-12-05,11.47,11.47,11.19,11.47,293925,4520393.00
2011-12-06,11.24,11.47,11.20,11.47,175175,2692351.00
2011-12-07,11.32,11.57,11.32,11.46,168972,2630658.00
2011-12-08,11.54,11.60,11.27,11.48,120551,1876975.50
2011-12-09,11.40,11.52,11.28,11.47,100320,1554526.00
2011-12-12,11.41,11.47,11.22,11.40,95660,1470962.25
2011-12-13,11.30,11.37,10.94,11.37,456786,6930566.50
2011-12-14,11.35,11.35,11.12,11.32,152181,2326967.50
2011-12-15,11.03,11.04,10.41,10.41,604780,8777895.00
2011-12-16,10.26,10.55,9.74,10.41,1505046,20820544.00
2011-12-19,10.24,10.38,9.94,10.26,728613,10098829.00
2011-12-20,10.16,10.65,10.16,10.20,653723,9221380.00
2011-12-21,10.45,10.46,9.81,9.83,400055,5519792.00
2011-12-22,9.74,9.74,8.95,9.39,576725,7376663.00
2011-12-23,9.34,9.80,9.20,9.69,767903,9981510.00
2011-12-26,9.42,9.68,9.40,9.43,367063,4784525.50
2011-12-27,9.28,9.41,8.94,8.95,267791,3349676.50
2011-12-28,8.72,8.84,8.49,8.70,331150,3943316.25
2011-12-29,8.49,8.74,8.42,8.67,261500,3122057.00
2011-12-30,8.65,8.94,8.65,8.74,272185,3267370.25
2012-01-04,8.78,8.81,8.35,8.37,238356,2850443.50
2012-01-05,8.27,8.33,7.87,7.90,343488,3834285.00
2012-01-06,7.90,7.90,7.68,7.85,358157,3850774.00
2012-01-09,7.80,8.24,7.73,8.22,346082,3868732.75
2012-01-10,8.23,8.84,8.14,8.84,809752,9566018.00
2012-01-11,8.74,8.99,8.73,8.91,697856,8501498.00
2012-01-12,8.87,9.01,8.73,8.76,346698,4220897.00
2012-01-13,8.77,8.78,8.28,8.31,519460,6051817.50
2012-01-16,8.10,8.28,7.94,7.94,179982,2024733.63
2012-01-17,7.97,8.47,7.97,8.44,293642,3364827.00
2012-01-18,8.41,8.61,8.28,8.29,435982,5077355.00
2012-01-19,8.37,8.50,8.29,8.41,268078,3104609.00
2012-01-20,8.50,8.59,8.43,8.58,267781,3149303.50
2012-01-30,8.58,8.70,8.49,8.51,312865,3692095.00
2012-01-31,8.50,8.62,8.45,8.62,189514,2228781.00
2012-02-01,8.60,8.69,8.54,8.60,271114,3222277.75
2012-02-02,8.64,8.70,8.58,8.70,379599,4516289.50
2012-02-03,8.70,8.88,8.66,8.84,609407,7365986.50
2012-02-06,8.86,9.00,8.79,8.95,737460,9020111.00
2012-02-07,8.95,8.95,8.61,8.70,440451,5283530.50
2012-02-08,8.66,8.91,8.61,8.90,494714,5998107.50
2012-02-09,8.86,9.10,8.84,8.90,962478,11865129.00
2012-02-10,9.72,9.84,9.40,9.84,3933725,51786084.00
2012-02-13,9.87,10.77,9.72,10.48,5176361,73000800.00
2012-02-14,10.41,10.41,10.20,10.26,2434677,34172616.00
2012-02-15,10.26,10.34,10.11,10.31,2243337,31400432.00
2012-02-16,10.31,10.31,10.07,10.12,1755513,24409780.00
2012-02-17,10.09,10.27,10.05,10.25,1442185,20019050.00
2012-02-20,10.40,10.40,10.15,10.27,1856546,26019008.00
2012-02-21,10.26,10.33,10.04,10.31,1220778,17023978.00
2012-02-22,10.33,10.54,10.22,10.40,2876123,40792808.00
2012-02-23,10.34,11.24,10.34,11.03,5215478,76646336.00
2012-02-24,11.04,11.10,10.76,10.93,2732388,40355120.00
2012-02-27,10.84,11.09,10.81,10.85,2618153,38885304.00
2012-02-28,10.82,10.82,10.34,10.37,2793358,39919588.00
2012-02-29,10.27,10.50,10.26,10.28,1052771,14916815.00
2012-03-01,10.21,10.40,10.18,10.33,784025,11069210.00
2012-03-02,10.33,10.47,10.33,10.46,1101618,15658427.00
2012-03-05,10.46,10.69,10.46,10.68,1620313,23376466.00
2012-03-06,10.63,10.63,10.24,10.24,2002756,28270074.00
2012-03-07,10.17,10.24,10.05,10.12,1297439,17958638.00
2012-03-08,10.14,10.47,10.10,10.39,1312971,18537906.00
2012-03-09,10.52,10.55,10.37,10.53,1180801,16852702.00
2012-03-12,10.57,10.61,10.40,10.53,1142393,16321645.00
2012-03-13,10.53,10.78,10.52,10.70,2014305,29209216.00
2012-03-14,10.79,10.92,9.75,10.02,2796877,40170028.00
2012-03-15,9.97,10.14,9.65,9.77,1231078,16621437.00
2012-03-16,9.87,10.04,9.72,10.00,955267,12907373.00
2012-03-19,10.04,10.22,9.92,10.22,1041073,14307999.00
2012-03-20,10.10,10.14,9.87,9.90,728180,9918565.00
2012-03-21,9.87,10.04,9.77,9.91,545208,7367501.50
2012-03-22,9.97,10.04,9.80,9.97,556588,7555865.50
2012-03-23,9.87,10.04,9.70,9.73,810601,10868878.00
2012-03-26,9.74,9.97,9.74,9.91,485397,6547952.50
2012-03-27,9.96,10.08,9.89,9.91,657968,8979371.00
2012-03-28,9.95,9.95,9.41,9.48,899736,11883430.00
2012-03-29,9.48,9.74,9.12,9.27,819288,10580917.00
2012-03-30,9.39,9.40,8.87,9.07,1129472,14073040.00
2012-04-05,9.07,9.37,8.96,9.31,971467,12215321.00
2012-04-06,9.34,9.40,9.17,9.33,714946,9104793.00
2012-04-09,9.45,9.45,9.18,9.24,343903,4365330.50
2012-04-10,9.17,9.32,8.96,9.32,502815,6291065.00
2012-04-11,9.17,9.34,9.10,9.29,406941,5158170.00
2012-04-12,9.33,9.47,9.27,9.47,780005,10059389.00
2012-04-13,9.45,9.69,9.45,9.61,721871,9469704.00
2012-04-16,9.55,9.61,9.41,9.56,546697,7122026.00
2012-04-17,9.56,9.60,9.34,9.34,476052,6161551.50
2012-04-18,9.37,9.64,9.34,9.62,582025,7592058.50
2012-04-19,9.62,9.84,9.62,9.75,825594,10978518.00
2012-04-20,9.75,9.87,9.67,9.84,787393,10554092.00
2012-04-23,9.94,9.94,9.54,9.54,928634,12309393.00
2012-04-24,9.61,9.61,8.89,9.16,1096210,13856380.00
2012-04-25,9.17,9.28,9.04,9.23,601715,7563280.00
2012-04-26,9.16,9.30,9.14,9.16,596614,7535974.50
2012-04-27,9.16,9.27,9.07,9.14,363797,4567691.00
2012-05-03,9.26,9.37,9.20,9.31,649702,8267857.00
2012-05-04,9.32,9.46,9.20,9.46,674891,8660267.00
2012-05-07,9.52,9.58,9.36,9.56,763752,9926784.00
2012-05-08,9.56,9.60,9.47,9.54,577791,7540020.50
2012-05-09,9.57,9.84,9.54,9.74,1679599,22342582.00
2012-05-10,9.77,10.76,9.76,10.73,5399618,76707072.00
2012-05-11,10.60,10.60,10.27,10.27,2501866,35520708.00
2012-05-14,10.41,10.45,10.10,10.10,2069034,28931298.00
2012-05-15,10.04,10.04,9.64,9.83,2658851,35534908.00
2012-05-16,9.83,9.83,9.22,9.27,1528231,14950851.00
2012-05-17,9.19,9.45,9.19,9.36,1249546,11983651.00
2012-05-18,9.32,9.34,9.09,9.15,882111,8332870.00
2012-05-21,9.14,9.22,9.06,9.10,543789,5120940.50
2012-05-22,9.18,9.27,9.09,9.20,606806,5741017.50
2012-05-23,9.18,9.24,8.90,8.97,1057716,9832893.00
2012-05-24,8.97,8.98,8.66,8.70,1439777,13050177.00
2012-05-25,8.80,8.80,8.34,8.40,973412,8575279.00
2012-05-28,8.34,8.67,8.15,8.64,1526109,13339651.00
2012-05-29,8.50,8.76,8.50,8.75,1059475,9522564.00
2012-05-30,8.72,8.75,8.60,8.69,1159650,10384499.00
2012-05-31,8.66,8.77,8.58,8.71,858171,7684689.00
2012-06-01,8.67,8.85,8.64,8.71,740388,6671295.00
2012-06-04,8.43,8.55,8.23,8.24,1142255,9895183.00
2012-06-05,8.22,8.29,8.12,8.17,731655,6189176.50
2012-06-06,8.17,8.28,8.14,8.20,408980,3471831.75
2012-06-07,8.29,8.34,8.10,8.13,518898,4408941.00
2012-06-08,8.21,8.27,8.08,8.13,455648,3851410.50
2012-06-11,8.13,8.32,8.13,8.31,465762,3977744.00
2012-06-12,8.38,8.38,8.16,8.20,374647,3188657.50
2012-06-13,8.22,8.40,8.20,8.37,633007,5433284.00
2012-06-14,8.38,8.49,8.28,8.33,706255,6111140.00
2012-06-15,8.34,8.40,8.23,8.35,424892,3662134.00
2012-06-18,8.44,8.57,8.38,8.51,761123,6681671.00
2012-06-19,8.46,8.47,8.29,8.42,536984,4645774.00
2012-06-20,8.50,8.56,8.42,8.53,654178,5747788.50
2012-06-21,8.53,8.53,8.24,8.35,597111,5169226.50
2012-06-25,8.37,8.37,8.07,8.10,388123,3282009.50
2012-06-26,8.03,8.14,7.85,8.10,283341,2360688.75
2012-06-27,8.15,8.17,7.97,8.00,270586,2264133.25
2012-06-28,8.02,8.12,7.95,7.98,279711,2321162.00
2012-06-29,7.97,8.17,7.92,8.16,376148,3144028.50
2012-07-02,8.27,8.40,8.16,8.19,454119,3863116.50
2012-07-03,8.19,8.28,8.13,8.21,596088,5062423.50
2012-07-04,8.25,8.87,8.18,8.50,1355118,11967604.00
2012-07-05,8.50,8.68,8.37,8.42,812650,7113085.00
2012-07-06,8.55,8.56,8.32,8.50,831467,7265912.50
2012-07-09,8.44,8.57,7.86,8.01,969788,8263687.00
2012-07-10,8.00,8.07,7.88,7.95,346459,2851122.50
2012-07-11,7.95,8.04,7.91,8.04,268320,2217308.25
2012-07-12,8.04,8.19,7.89,8.12,637524,5276236.00
2012-07-13,8.04,8.42,7.88,7.98,714050,5990007.50
2012-07-16,7.96,8.02,7.15,7.20,1138708,8893723.00
2012-07-17,7.17,7.37,7.17,7.35,588860,4463200.50
2012-07-18,7.42,7.91,7.35,7.74,936284,7471469.00
2012-07-19,7.65,7.85,7.63,7.76,894642,7183734.50
2012-07-20,7.76,7.84,7.55,7.81,664968,5321487.50
2012-07-23,7.82,7.84,7.64,7.81,551084,4443015.50
2012-07-24,7.80,7.87,7.65,7.84,384646,3116203.50
2012-07-25,7.85,7.85,7.67,7.69,370200,2980206.25
2012-07-26,7.69,7.80,7.62,7.67,277866,2218765.50
2012-07-27,7.66,7.78,7.66,7.70,224560,1794997.50
2012-07-30,7.80,7.80,7.55,7.56,251159,1998049.00
2012-07-31,7.57,7.59,7.33,7.42,249732,1929847.13
2012-08-01,7.54,7.55,7.36,7.43,278945,2154806.75
2012-08-02,7.41,7.43,7.23,7.29,268583,2043812.25
2012-08-03,7.44,7.52,7.32,7.50,298615,2301128.75
2012-08-06,7.50,7.68,7.50,7.65,303029,2385498.50
2012-08-07,7.71,7.79,7.64,7.73,311707,2489362.25
2012-08-08,7.69,7.79,7.63,7.71,294298,2349146.00
2012-08-09,7.70,7.85,7.62,7.80,508963,4082789.50
2012-08-10,7.79,7.82,7.67,7.75,321942,2584149.25
2012-08-13,7.75,7.75,7.53,7.60,273388,2158186.25
2012-08-14,7.53,7.69,7.50,7.67,379913,3000212.25
2012-08-15,7.60,7.67,7.53,7.53,205418,1615562.63
2012-08-16,7.53,7.61,7.44,7.46,204248,1583621.75
2012-08-17,7.58,7.58,7.43,7.48,156427,1214844.63
2012-08-20,7.50,7.55,7.43,7.52,240934,1873624.25
2012-08-21,7.54,7.70,7.54,7.65,472187,3733267.50
2012-08-22,7.59,7.76,7.59,7.71,369165,2942263.00
2012-08-23,7.72,7.77,7.64,7.75,415970,3328261.25
2012-08-24,7.75,7.81,7.65,7.65,324984,2599019.50
2012-08-27,7.52,7.60,7.38,7.40,208494,1612491.75
2012-08-28,7.56,7.56,7.40,7.50,211952,1647844.13
2012-08-29,7.52,7.58,7.23,7.30,939218,7179459.00
2012-08-30,7.18,7.40,7.02,7.08,473198,3519807.75
2012-08-31,7.11,7.25,7.03,7.09,218891,1609695.88
2012-09-03,7.08,7.22,6.93,7.18,514847,3798995.25
2012-09-04,7.12,7.66,7.09,7.49,1428325,11041699.00
2012-09-05,7.39,7.51,7.33,7.42,675001,5184934.00
2012-09-06,7.47,7.48,7.35,7.43,557331,4281796.00
2012-09-07,7.44,7.80,7.43,7.68,1673204,13235883.00
2012-09-10,7.68,8.01,7.60,7.88,1464964,11842531.00
2012-09-11,7.82,7.86,7.67,7.75,823873,6614991.50
2012-09-12,7.76,7.97,7.71,7.91,999496,8111826.50
2012-09-13,7.91,8.02,7.73,7.82,939765,7661637.50
2012-09-14,7.88,7.92,7.69,7.76,700709,5664203.00
2012-09-17,7.82,7.88,7.40,7.40,875454,6904092.00
2012-09-18,7.35,7.57,7.35,7.43,402494,3105208.75
2012-09-19,7.40,7.55,7.39,7.49,412448,3186239.75
2012-09-20,7.49,7.49,7.18,7.18,342500,2605956.25
2012-09-21,7.12,7.38,7.10,7.17,207062,1552459.25
2012-09-24,7.22,7.26,7.09,7.25,192088,1435477.13
2012-09-25,7.28,7.30,7.16,7.21,187898,1409618.38
2012-09-26,7.25,7.48,6.97,6.97,351128,2598798.75
2012-09-27,7.05,7.21,6.97,7.14,317621,2343353.75
2012-09-28,7.14,7.26,7.13,7.24,248801,1862774.13
2012-10-08,7.30,7.45,7.24,7.44,479191,3644078.75
2012-10-09,7.35,7.75,7.34,7.72,1044748,8232161.50
2012-10-10,7.97,7.97,7.73,7.80,2534273,20575454.00
2012-10-11,7.75,7.82,7.57,7.68,1431176,11382941.00
2012-10-12,7.72,7.87,7.52,7.78,1673015,13443545.00
2012-10-15,7.68,7.91,7.58,7.80,1196510,9637244.00
2012-10-16,7.90,7.90,7.64,7.79,817020,6585216.00
2012-10-17,7.78,7.78,7.61,7.68,768190,6121653.50
2012-10-18,7.68,7.76,7.65,7.73,972272,7780227.00
2012-10-19,7.76,7.78,7.61,7.61,854139,6814767.50
2012-10-22,7.61,7.69,7.52,7.61,681677,5357090.00
2012-10-23,7.61,7.61,7.52,7.53,425879,3340105.25
2012-10-24,7.44,7.55,7.33,7.36,1080642,8306160.50
2012-10-25,7.34,7.42,7.29,7.39,592703,4525726.50
2012-10-26,7.41,7.44,7.23,7.43,1097239,8361683.00
2012-10-29,7.37,7.44,7.29,7.34,597947,4563427.50
2012-10-30,7.40,7.40,7.28,7.35,288650,2194512.00
2012-10-31,7.35,7.37,7.22,7.37,328499,2484187.50
2012-11-01,7.32,7.48,7.32,7.45,777951,5997879.00
2012-11-02,7.50,7.50,7.39,7.46,483559,3733976.50
2012-11-05,7.46,7.49,7.32,7.40,402743,3085748.75
2012-11-06,7.41,7.41,7.16,7.26,487404,3674534.25
2012-11-07,7.27,7.32,7.22,7.24,187826,1415532.00
2012-11-08,7.15,7.25,7.08,7.08,362116,2689065.00
2012-11-09,7.10,7.17,7.04,7.07,239750,1766415.00
2012-11-12,7.12,7.16,7.08,7.12,263397,1950678.63
2012-11-13,7.07,7.15,7.00,7.05,272437,1998450.38
2012-11-14,7.02,7.16,7.02,7.14,212101,1558969.75
2012-11-15,7.11,7.88,7.05,7.37,1664476,12755197.00
2012-11-16,7.37,7.38,7.06,7.07,820902,6159422.50
2012-11-19,7.02,7.16,6.94,7.08,536786,3914163.50
2012-11-20,7.05,7.20,7.02,7.09,356248,2625720.75
2012-11-21,7.01,7.20,7.00,7.18,402759,2975242.50
2012-11-22,7.15,7.16,7.02,7.05,234340,1721912.50
2012-11-23,7.10,7.12,7.02,7.09,277666,2047273.38
2012-11-26,7.06,7.10,7.02,7.07,199568,1462301.13
2012-11-27,7.05,7.05,6.47,6.61,477060,3394158.25
2012-11-28,6.52,6.71,6.25,6.25,479700,3224286.25
2012-11-29,6.22,6.35,6.04,6.12,526303,3389482.75
2012-11-30,6.10,6.17,6.04,6.14,351737,2250537.25
2012-12-03,6.15,6.15,5.86,5.86,406500,2559335.75
2012-12-04,5.86,5.96,5.82,5.92,330201,2033481.75
2012-12-05,5.92,6.19,5.89,6.17,576640,3679082.00
2012-12-06,6.15,6.22,6.12,6.17,418980,2703730.50
2012-12-07,6.14,6.37,6.14,6.35,651030,4267212.00
2012-12-10,6.33,6.51,6.33,6.51,763369,5106129.00
2012-12-11,6.44,6.55,6.40,6.41,475231,3201324.25
2012-12-12,6.42,6.44,6.27,6.34,557826,3687127.75
2012-12-13,6.24,6.36,6.24,6.27,264424,1735576.88
2012-12-14,6.25,6.57,6.25,6.53,884579,5972878.50
2012-12-17,6.55,6.63,6.48,6.57,868824,5936166.00
2012-12-18,6.57,6.76,6.52,6.70,1180452,8151279.00
2012-12-19,6.61,6.70,6.56,6.62,804285,5558541.00
2012-12-20,6.60,6.60,6.42,6.53,884728,6014061.50
2012-12-21,6.56,6.61,6.48,6.53,665350,4540958.00
2012-12-24,6.49,7.16,6.49,7.05,2798424,19938790.00
2012-12-25,6.96,7.43,6.89,7.40,4659311,34711756.00
2012-12-26,7.27,7.49,7.21,7.40,2911036,22147760.00
2012-12-27,7.39,7.39,7.10,7.26,2063432,15478847.00
2012-12-28,7.16,8.01,7.03,7.41,3666142,28385842.00
2012-12-31,7.38,7.66,7.34,7.40,3455760,26788410.00
2013-01-04,7.47,7.86,7.22,7.63,2800208,21743298.00
2013-01-07,7.53,7.89,7.43,7.60,3480647,27319282.00
2013-01-08,7.57,7.78,7.33,7.76,4653223,36655808.00
2013-01-09,7.69,7.78,7.49,7.58,3327038,26444604.00
2013-01-10,7.57,7.72,7.51,7.62,2272856,17899456.00
2013-01-11,7.60,7.61,7.26,7.26,2209349,17011946.00
2013-01-14,7.23,7.51,7.19,7.47,2351279,18052344.00
2013-01-15,7.48,7.74,7.45,7.66,3609951,28469188.00
2013-01-16,7.63,7.78,7.43,7.65,2260961,17860474.00
2013-01-17,7.65,7.71,7.51,7.53,1555741,12266068.00
2013-01-18,7.62,7.92,7.60,7.87,4590046,37002540.00
2013-01-21,7.87,8.59,7.80,8.32,7313288,61212728.00
2013-01-22,8.22,8.59,8.07,8.35,10170715,88357280.00
2013-01-23,8.23,8.32,7.98,8.30,5693413,47755868.00
2013-01-24,8.19,8.50,7.80,7.87,5332546,44955632.00
2013-01-25,7.86,7.90,7.43,7.55,3566940,28129624.00
2013-01-28,7.58,7.74,7.52,7.71,2117478,16775609.00
2013-01-29,7.77,7.77,7.63,7.67,2176490,17368276.00
2013-01-30,7.71,7.74,7.56,7.68,2308816,18340368.00
2013-01-31,7.68,7.87,7.62,7.72,2197697,17595694.00
2013-02-01,7.67,7.73,7.56,7.68,2041682,16232631.00
2013-02-04,7.67,7.78,7.62,7.71,1602843,12757538.00
2013-02-05,7.68,8.09,7.65,7.94,3931318,32249632.00
2013-02-06,7.92,7.98,7.84,7.95,2008164,16464684.00
2013-02-07,7.97,8.17,7.87,7.89,2246206,18569060.00
2013-02-08,7.90,8.20,7.88,8.02,2644164,22069940.00
2013-02-18,8.00,8.32,8.00,8.15,3265904,27547672.00
2013-02-19,8.16,8.17,7.87,7.92,2141640,17678808.00
2013-02-20,7.94,8.08,7.83,8.03,2323879,19184500.00
2013-02-21,8.00,8.14,7.80,7.87,2636206,21540652.00
2013-02-22,7.90,7.92,7.80,7.82,1148474,9332768.00
2013-02-25,7.77,7.88,7.58,7.65,2134276,16947536.00
2013-02-26,7.62,7.67,7.50,7.52,1545700,12154189.00
2013-02-27,7.42,7.62,7.42,7.52,826882,6456219.00
2013-02-28,7.57,7.68,7.52,7.65,929609,7340365.00
2013-03-01,7.65,7.72,7.57,7.72,1503119,11918471.00
2013-03-04,7.67,7.67,7.34,7.39,1503566,11702769.00
2013-03-05,7.47,7.57,7.37,7.54,1237811,9609819.00
2013-03-06,7.51,7.71,7.51,7.71,1594475,12632696.00
2013-03-07,7.71,7.72,7.58,7.59,1255006,9963603.00
2013-03-08,7.69,7.70,7.60,7.68,975036,7743837.50
2013-03-11,7.70,7.81,7.64,7.81,1219045,9745077.00
2013-03-12,7.81,7.95,7.47,7.54,2810398,22613310.00
2013-03-13,7.48,7.53,7.23,7.25,1320968,10051257.00
2013-03-14,7.25,7.33,7.20,7.23,630280,4749820.00
2013-03-15,7.26,7.42,7.12,7.24,752627,5681188.00
2013-03-18,7.37,7.37,7.02,7.06,704802,5222966.00
2013-03-19,7.09,7.11,6.98,7.08,508297,3723615.50
2013-03-20,7.08,7.26,7.04,7.24,697825,5222684.50
2013-03-21,7.25,7.39,7.25,7.31,904620,6882740.50
2013-03-22,7.34,7.50,7.29,7.42,815766,6247392.50
2013-03-25,7.42,7.59,7.36,7.59,1304468,10115691.00
2013-03-26,7.62,7.62,7.42,7.47,1815701,14191168.00
2013-03-27,7.44,7.51,7.34,7.41,792971,6104384.00
2013-03-28,7.32,7.32,7.09,7.09,1184201,8809729.00
2013-03-29,7.09,7.17,7.07,7.14,292557,2165613.25
2013-04-01,7.12,7.19,7.06,7.09,487931,3611882.25
2013-04-02,7.14,7.32,6.98,7.18,1043940,7700850.50
2013-04-03,7.22,7.22,7.03,7.07,352470,2592707.00
2013-04-08,6.98,7.32,6.74,7.15,1595732,11868577.00
2013-04-09,7.19,7.23,7.12,7.19,478321,3568082.25
2013-04-10,7.21,7.41,7.01,7.33,1563856,11786695.00
2013-04-11,7.33,7.75,7.27,7.62,3537032,27634258.00
2013-04-12,7.47,7.56,7.25,7.27,3397913,26106434.00
2013-04-15,7.23,7.30,6.92,6.92,1152652,8428908.00
2013-04-16,6.87,6.98,6.74,6.94,748079,5369651.50
2013-04-17,6.92,7.00,6.84,6.95,643245,4630652.00
2013-04-18,6.93,6.98,6.83,6.91,517623,3726896.00
2013-04-19,6.91,7.11,6.91,7.06,900752,6592761.00
2013-04-22,7.02,7.11,6.91,7.11,765504,5601260.00
2013-04-23,7.08,7.08,6.87,6.87,831251,6018224.50
2013-04-24,6.77,7.02,6.77,6.98,571745,4125130.50
2013-04-25,6.92,7.01,6.82,6.84,660645,4750710.00
2013-04-26,6.84,6.89,6.62,6.66,603015,4258707.50
2013-05-02,6.72,6.73,6.57,6.73,376693,2606975.25
2013-05-03,6.77,6.86,6.73,6.80,432208,3063217.25
2013-05-06,6.80,6.95,6.76,6.91,558500,3986821.75
2013-05-07,6.90,6.94,6.82,6.88,443834,3173648.50
2013-05-08,6.90,7.11,6.88,7.06,1411916,10303281.00
2013-05-09,7.11,7.11,6.95,7.04,606174,4416817.00
2013-05-10,6.99,7.09,6.97,7.07,589844,4305116.00
2013-05-13,7.11,7.14,7.04,7.07,629502,4592410.00
2013-05-14,7.07,7.07,6.87,6.93,639442,4598744.00
2013-05-15,6.93,7.13,6.87,7.13,1037499,7492111.50
2013-05-16,7.06,7.38,7.06,7.31,2743180,20465146.00
2013-05-17,7.22,7.32,7.18,7.26,1438117,10738417.00
2013-05-20,7.26,7.41,7.23,7.38,1605347,12111697.00
2013-05-21,7.38,7.43,7.30,7.40,1391597,10567180.00
2013-05-22,7.40,7.55,7.33,7.42,1972741,15126334.00
2013-05-23,7.40,7.40,7.23,7.23,1476684,11123092.00
2013-05-24,7.22,7.41,7.20,7.38,1273365,9561471.00
2013-05-27,7.39,7.48,7.35,7.41,1317276,10071107.00
2013-05-28,7.40,7.46,7.29,7.42,1252893,9528584.00
2013-05-29,7.39,7.64,7.39,7.50,3355687,26045902.00
2013-05-30,7.48,7.64,7.44,7.55,3225248,25156702.00
2013-05-31,7.55,7.69,7.38,7.38,2857404,22146458.00
2013-06-03,7.38,7.41,7.25,7.31,1562287,11786998.00
2013-06-04,7.29,7.35,7.15,7.18,1095750,8144712.50
2013-06-05,7.18,7.25,7.14,7.24,567993,4215004.50
2013-06-06,7.23,7.24,7.14,7.16,783489,5799551.50
2013-06-07,7.18,7.18,6.92,6.96,964533,7003735.00
2013-06-13,6.94,6.94,6.64,6.68,979718,6788536.50
2013-06-14,6.73,6.81,6.66,6.78,598472,4167475.50
2013-06-17,6.78,6.83,6.72,6.77,709289,4960292.50
2013-06-18,6.77,6.83,6.72,6.82,610964,4283822.00
2013-06-19,6.82,6.87,6.67,6.86,688724,4831744.50
2013-06-20,6.87,7.13,6.73,6.74,1613394,11515394.00
2013-06-21,6.58,6.96,6.31,6.75,1060218,7373200.50
2013-06-24,6.73,6.82,6.30,6.37,943362,6422933.00
2013-06-25,6.36,6.43,5.85,6.40,1217934,7824424.50
2013-06-26,6.45,6.45,6.29,6.41,550548,3624636.75
2013-06-27,6.47,6.58,6.23,6.33,930112,6134928.00
2013-06-28,6.32,6.39,6.18,6.28,497232,3228595.00
2013-07-01,6.26,6.36,6.18,6.32,514450,3351516.25
2013-07-02,6.29,6.36,6.25,6.35,756561,4944770.50
2013-07-03,6.34,6.48,6.24,6.32,1430201,9374929.00
2013-07-04,6.28,6.40,6.23,6.32,837790,5475438.00
2013-07-05,6.32,6.37,6.27,6.31,774574,5062194.00
2013-07-08,6.29,6.29,6.08,6.21,953928,6085518.00
2013-07-09,6.21,6.81,6.13,6.53,3113060,20951710.00
2013-07-10,6.63,6.91,6.54,6.79,6023024,42081684.00
2013-07-11,6.70,6.90,6.60,6.81,3038551,21257110.00
2013-07-12,6.79,6.79,6.60,6.72,1822294,12583836.00
2013-07-15,6.70,6.72,6.54,6.66,1867425,12774672.00
2013-07-16,6.63,6.74,6.60,6.68,1022850,7044814.50
2013-07-17,6.72,6.72,6.45,6.45,1160553,7878857.50
2013-07-18,6.38,6.44,6.26,6.35,1110658,7252117.50
2013-07-19,6.30,6.42,6.26,6.32,780779,5111579.00
2013-07-22,6.28,6.38,6.24,6.37,575029,3758671.00
2013-07-23,6.34,6.52,6.32,6.46,898013,5996169.50
2013-07-24,6.49,6.53,6.29,6.44,874993,5803179.50
2013-07-25,6.43,6.49,6.32,6.33,770951,5098824.00
2013-07-26,6.33,6.43,6.30,6.41,583078,3837963.75
2013-07-29,6.32,6.42,6.27,6.33,1004995,6576040.50
2013-07-30,6.33,6.40,6.23,6.30,694866,4537063.50
2013-07-31,6.33,6.37,6.27,6.31,626940,4097152.75
2013-08-01,6.28,6.44,6.25,6.43,936869,6193686.00
2013-08-02,6.46,6.53,6.38,6.47,1325049,8842442.00
2013-08-05,6.44,6.55,6.44,6.53,1026111,6915919.00
2013-08-06,6.50,6.57,6.49,6.55,1500157,10130667.00
2013-08-07,6.54,6.60,6.46,6.48,1304021,8800682.00
2013-08-08,6.48,6.53,6.45,6.48,1091822,7321006.00
2013-08-09,6.53,6.96,6.45,6.85,3315318,22873746.00
2013-08-12,6.76,6.85,6.72,6.79,2451381,17139868.00
2013-08-13,6.74,6.85,6.72,6.77,1511736,10563536.00
2013-08-14,6.80,6.93,6.73,6.76,1895942,13327773.00
2013-08-15,6.76,6.78,6.66,6.72,947023,6571059.00
2013-08-16,6.64,6.80,6.58,6.66,943343,6500471.50
2013-08-19,6.65,7.13,6.60,7.06,1166987,8211658.00
2013-08-20,6.89,6.94,6.76,6.80,2442267,17285944.00
2013-08-21,6.79,6.83,6.74,6.76,1097144,7660454.00
2013-08-22,6.77,6.81,6.69,6.74,867000,6033582.00
2013-08-23,6.74,6.78,6.57,6.71,1330189,9175251.00
2013-08-26,6.69,6.81,6.66,6.80,1331445,9314862.00
2013-08-27,6.78,6.87,6.73,6.78,1922661,13463547.00
2013-08-28,6.76,6.76,6.61,6.62,2123552,14659940.00
2013-08-29,6.63,6.70,6.61,6.67,1240876,8524797.00
2013-08-30,6.66,6.72,6.59,6.61,1536570,10579473.00
2013-09-02,6.58,6.68,6.55,6.67,925886,6341218.50
2013-09-03,6.67,6.75,6.64,6.73,1462056,10122032.00
2013-09-04,6.72,6.77,6.69,6.76,1279314,8894790.00
2013-09-05,6.76,6.80,6.71,6.73,1011452,7045712.50
2013-09-06,6.69,6.76,6.69,6.72,836772,5800169.50
2013-09-09,6.67,6.78,6.66,6.75,2476082,17229928.00
2013-09-10,6.75,6.86,6.74,6.79,2149177,15098490.00
2013-09-11,6.80,6.89,6.80,6.87,2714551,19188834.00
2013-09-12,6.88,7.01,6.83,6.86,2249848,16008918.00
2013-09-13,6.85,6.97,6.83,6.94,2925148,20874216.00
2013-09-16,6.92,6.97,6.86,6.93,2067459,14746592.00
2013-09-17,6.93,6.97,6.66,6.67,1828051,12818222.00
2013-09-18,6.67,6.72,6.61,6.69,813348,5598272.50
2013-09-23,6.71,6.79,6.67,6.76,1504912,10462587.00
2013-09-24,6.76,6.78,6.68,6.75,1294248,9002983.00
2013-09-25,6.70,6.76,6.70,6.73,927402,6445648.50
2013-09-26,6.71,6.74,6.55,6.58,1294248,8876747.00
2013-09-27,6.58,6.62,6.46,6.51,1416104,9525720.00
2013-09-30,6.51,6.56,6.48,6.53,663511,4470845.00
2013-10-08,6.54,6.65,6.50,6.64,900135,6121490.50
2013-10-09,6.59,6.69,6.59,6.68,1124136,7721873.00
2013-10-10,6.70,6.70,6.59,6.66,1082556,7422173.00
2013-10-11,6.66,6.74,6.65,6.74,2554009,17685664.00
2013-10-14,6.75,6.87,6.73,6.85,3278670,23124848.00
2013-10-15,6.86,6.86,6.81,6.84,1411792,9951089.00
2013-10-16,6.85,6.93,6.70,6.75,2473703,17370726.00
2013-10-17,6.77,6.94,6.77,6.91,2577033,18304394.00
2013-10-18,6.93,6.93,6.83,6.88,1335568,9488386.00
2013-10-21,6.86,6.97,6.85,6.97,2560586,18291920.00
2013-10-22,6.97,7.01,6.91,6.96,2083911,14942280.00
2013-10-23,6.95,7.00,6.80,6.88,1816667,12915391.00
2013-10-24,6.89,7.03,6.82,6.96,2094568,15014239.00
2013-10-25,6.96,7.08,6.82,7.07,3128662,22501530.00
2013-10-28,7.05,7.38,6.95,7.21,16291776,120428248.00
2013-10-29,7.19,7.23,6.93,7.11,11424857,83631088.00
2013-10-30,7.10,7.51,7.04,7.46,13056747,97137000.00
2013-10-31,7.33,7.41,7.16,7.16,5249409,39388032.00
2013-11-01,7.08,7.28,6.82,7.15,6669384,48964704.00
2013-11-04,7.03,7.28,7.03,7.20,5078985,37694628.00
2013-11-05,7.20,7.20,6.99,7.08,3972698,29019814.00
2013-11-06,7.11,7.17,6.88,6.91,3574894,25788564.00
2013-11-07,6.97,7.01,6.86,6.92,2160504,15465364.00
2013-11-08,6.85,6.89,6.58,6.60,3004535,20746390.00
2013-11-11,6.58,6.71,6.46,6.65,1454957,9934512.00
2013-11-12,6.69,6.74,6.61,6.66,1098583,7565297.00
2013-11-13,6.66,6.70,6.51,6.51,1270473,8697258.00
2013-11-14,6.51,6.61,6.32,6.55,1316322,8825665.00
2013-11-15,6.55,6.73,6.50,6.66,1874195,12883173.00
2013-11-18,6.68,6.80,6.67,6.69,1857201,12894541.00
2013-11-19,6.71,6.80,6.69,6.77,1517592,10594666.00
2013-11-20,6.79,6.87,6.71,6.83,1536305,10790978.00
2013-11-21,6.83,6.84,6.68,6.73,1592957,11069511.00
2013-11-22,6.73,6.83,6.71,6.77,1865231,13021702.00
2013-11-25,6.76,6.86,6.71,6.76,1435512,10069549.00
2013-11-26,6.79,6.85,6.74,6.84,1658583,11644538.00
2013-11-27,6.85,6.87,6.77,6.83,2030222,14296461.00
2013-11-28,6.83,6.94,6.82,6.91,2114898,15044910.00
2013-11-29,6.92,6.96,6.85,6.92,2006490,14287042.00
2013-12-02,6.82,6.82,6.35,6.49,2826678,19273278.00
2013-12-03,6.50,6.65,6.44,6.62,1370612,9271866.00
2013-12-04,6.61,6.75,6.58,6.74,2223304,15408247.00
2013-12-05,6.71,6.88,6.71,6.80,2137991,15007773.00
2013-12-06,6.74,6.85,6.74,6.85,1536596,10803951.00
2013-12-09,6.85,6.92,6.82,6.85,1686467,11973894.00
2013-12-10,6.88,7.01,6.82,6.82,2453027,17456740.00
2013-12-11,6.82,6.87,6.71,6.79,1504317,10533024.00
2013-12-12,6.78,6.89,6.75,6.88,1576377,11121294.00
2013-12-13,6.84,6.97,6.83,6.94,2425398,17324764.00
2013-12-19,6.99,7.26,6.84,6.87,4932539,35707256.00
2013-12-20,6.81,6.81,6.54,6.60,2370872,16278424.00
2013-12-23,6.62,6.62,6.38,6.51,1264280,8477039.00
2013-12-24,6.52,6.65,6.48,6.64,1274656,8653724.00
2013-12-25,6.60,6.69,6.56,6.68,1048723,7204808.00
2013-12-26,6.67,6.68,6.55,6.55,1559763,10626094.00
2013-12-27,6.56,6.67,6.53,6.65,1259102,8605685.00
2013-12-30,6.66,6.78,6.66,6.75,1168096,8128617.00
2013-12-31,6.77,6.81,6.71,6.80,1067473,7460754.50
2014-01-02,6.80,6.91,6.75,6.87,1527580,10791709.00
2014-01-03,6.83,6.94,6.76,6.91,1992193,14096776.00
2014-01-06,6.90,6.98,6.77,6.78,2265209,16058418.00
2014-01-07,6.73,6.98,6.58,6.93,2250538,15911601.00
2014-01-08,6.95,7.04,6.90,6.94,2822490,20274924.00
2014-01-09,6.91,7.06,6.89,6.91,2559698,18462954.00
2014-01-10,6.94,6.98,6.67,6.73,1607910,11315081.00
2014-01-13,6.68,6.78,6.60,6.68,989146,6828536.00
2014-01-14,6.66,6.97,6.65,6.97,1845492,13095799.00
2014-01-15,7.00,7.02,6.92,7.02,1823323,13107166.00
2014-01-16,7.04,7.14,6.99,7.03,3412972,24915032.00
2014-01-17,7.03,7.17,6.95,7.03,2215318,16123598.00
2014-01-20,7.02,7.22,6.99,7.10,2391695,17552650.00
2014-01-21,7.14,7.17,7.06,7.14,1913826,14052744.00
2014-01-22,7.12,7.36,7.12,7.27,3888892,29047386.00
2014-01-23,7.27,7.35,7.18,7.18,3056628,22849040.00
2014-01-24,7.15,7.41,7.14,7.31,3749330,28145194.00
2014-01-27,7.31,8.01,7.25,7.61,8593102,67663816.00
2014-01-28,7.59,7.77,7.48,7.69,3860559,30297118.00
2014-01-29,7.69,7.84,7.58,7.64,3689234,29281688.00
2014-01-30,7.59,7.71,7.46,7.54,1755524,13695113.00
2014-02-07,7.54,7.98,7.50,7.92,3438629,27543816.00
2014-02-10,7.96,8.33,7.89,7.97,6951475,57816164.00
2014-02-11,7.98,8.13,7.82,7.97,5237999,42885192.00
2014-02-12,8.03,8.79,7.88,8.64,11602723,100509512.00
2014-02-13,8.68,9.27,8.48,8.85,12098576,110788248.00
2014-02-14,8.83,9.76,8.78,9.76,14463669,141486768.00
2014-02-17,10.13,10.26,9.55,9.95,13493742,135308384.00
2014-02-18,9.81,10.03,9.64,9.87,8474709,84520640.00
2014-02-19,9.73,10.18,9.68,9.78,7792987,78812144.00
2014-02-20,9.73,10.01,9.16,9.48,8819450,86341376.00
2014-02-21,9.53,9.66,9.30,9.51,3175403,30645152.00
2014-02-24,9.50,9.88,9.38,9.85,4476754,44110348.00
2014-02-25,9.87,9.96,8.84,8.87,7825697,74910088.00
2014-02-26,8.74,9.04,8.60,8.99,3562505,32294926.00
2014-02-27,8.95,9.51,8.91,9.02,4044139,38188304.00
2014-02-28,8.90,9.37,8.81,9.30,3458105,32601484.00
2014-03-03,9.26,9.58,9.21,9.34,3041241,29011494.00
2014-03-04,9.23,9.26,8.99,9.21,2842907,26526048.00
2014-03-05,9.19,9.19,8.94,8.94,2349223,21790090.00
2014-03-06,8.80,8.91,8.66,8.88,1953277,17544210.00
2014-03-07,8.83,9.02,8.80,8.89,1279465,11659330.00
2014-03-10,9.07,9.70,9.05,9.13,6869484,65416836.00
2014-03-11,9.08,9.27,8.81,9.04,2595003,23931072.00
2014-03-12,8.97,9.48,8.86,9.44,4412669,41688272.00
2014-03-13,9.38,9.60,9.28,9.57,4039288,39052436.00
2014-03-14,9.56,9.62,9.33,9.51,3068747,29711952.00
2014-03-17,9.79,10.23,9.31,9.45,7999390,79092488.00
2014-03-18,9.37,9.43,9.08,9.16,4149133,39247260.00
2014-03-19,9.16,9.33,9.08,9.24,2356102,22197508.00
2014-03-20,9.21,9.26,8.59,8.59,4188925,38201104.00
2014-03-21,8.48,8.65,8.21,8.58,4626503,39835568.00
2014-03-24,8.68,8.68,8.37,8.47,3372148,29449942.00
2014-03-25,8.47,8.68,8.47,8.64,2693804,23737100.00
2014-03-26,8.68,8.79,8.58,8.65,2204350,19644676.00
2014-03-27,8.65,8.69,8.51,8.51,1566653,13792392.00
2014-03-28,8.51,8.57,8.21,8.21,2033999,17397330.00
2014-03-31,8.19,8.32,7.99,8.07,1460075,12147578.00
2014-04-01,8.08,8.28,8.08,8.19,1313875,11001394.00
2014-04-02,8.17,8.24,8.02,8.06,1218369,10174134.00
2014-04-03,8.09,8.39,8.05,8.33,2039231,17293394.00
2014-04-04,8.28,8.58,8.22,8.52,2009241,17434380.00
2014-04-08,8.49,8.69,8.46,8.69,2807928,24710040.00
2014-04-09,8.69,8.73,8.61,8.67,1535482,13650496.00
2014-04-10,8.67,8.73,8.61,8.64,1496430,13298373.00
2014-04-11,8.61,8.63,8.41,8.44,1335893,11634822.00
2014-04-14,8.39,8.56,8.35,8.55,816305,7104323.50
2014-04-15,8.51,8.63,8.50,8.53,953623,8380479.00
2014-04-16,8.50,8.60,8.48,8.56,868339,7616401.50
2014-04-17,8.58,8.61,8.49,8.56,921297,8074436.50
2014-04-18,8.56,8.60,8.53,8.59,853883,7503026.50
2014-04-21,8.56,8.58,8.39,8.39,1048807,9148690.00
2014-04-22,8.35,8.50,8.19,8.29,1177835,10054329.00
2014-04-23,8.27,8.35,8.23,8.31,423999,3601553.25
2014-04-24,8.35,8.36,8.06,8.07,1015059,8488894.00
2014-04-25,8.07,8.20,8.00,8.11,1049276,8752127.00
2014-04-28,8.24,8.56,8.06,8.42,2915305,25054840.00
2014-04-29,8.43,8.57,8.30,8.48,1935836,16767811.00
2014-04-30,8.53,8.72,8.48,8.67,2545803,22465528.00
2014-05-05,8.68,8.72,8.54,8.66,2226903,19672280.00
2014-05-06,8.63,8.72,8.54,8.72,2497873,22129554.00
2014-05-07,8.63,8.65,8.25,8.26,2433929,21128632.00
2014-05-08,8.15,9.11,8.14,9.10,7898341,71845088.00
2014-05-09,9.05,9.16,8.84,9.04,5610556,51742956.00
2014-05-12,9.06,9.63,8.96,9.48,6874173,66160128.00
2014-05-13,9.44,9.63,9.29,9.58,4396036,42506880.00
2014-05-14,9.50,9.60,9.31,9.40,3319915,32012832.00
2014-05-15,9.40,9.40,8.96,9.05,3304301,30888734.00
2014-05-16,8.95,9.22,8.85,9.08,2666046,24617980.00
2014-05-19,8.90,9.06,8.86,8.88,2370614,21673594.00
2014-05-20,8.91,9.32,8.89,9.24,3575695,33294116.00
2014-05-21,9.24,9.53,9.09,9.48,3658970,34863600.00
2014-05-22,9.48,9.53,9.18,9.19,3605507,34635516.00
2014-05-23,9.11,9.44,9.11,9.36,2439348,23264716.00
2014-05-26,9.36,9.91,9.30,9.76,6501930,63892736.00
2014-05-27,9.70,9.88,9.58,9.68,3888540,38495736.00
2014-05-28,9.63,9.85,9.62,9.69,3896742,38775892.00
2014-05-29,9.69,9.87,9.41,9.49,4245481,41856088.00
2014-05-30,9.48,9.55,9.25,9.33,2842288,27296976.00
2014-06-03,9.34,9.69,9.28,9.52,3059252,29802706.00
2014-06-04,9.50,9.50,9.09,9.35,2932568,27855570.00
2014-06-05,9.24,9.52,9.09,9.43,3574292,34162100.00
2014-06-06,9.43,9.43,9.16,9.28,2766794,26289888.00
2014-06-09,9.33,9.50,9.26,9.31,2691663,25560632.00
2014-06-10,9.27,9.37,8.93,9.16,4673925,43102948.00
2014-06-11,9.20,9.29,9.10,9.25,1917744,17876606.00
2014-06-12,9.25,9.26,9.04,9.14,2004494,18567118.00
2014-06-13,9.10,9.32,9.01,9.23,2166806,20201238.00
2014-06-16,9.24,9.70,9.23,9.57,4200610,40689236.00
2014-06-17,9.59,9.63,9.43,9.62,2709156,26186968.00
2014-06-18,9.60,9.79,9.45,9.55,3454762,33670980.00
2014-06-19,9.56,9.65,9.09,9.17,2588951,24595762.00
2014-06-20,9.15,9.31,9.06,9.28,1572850,14599957.00
2014-06-23,9.29,9.33,9.18,9.32,1760960,16476047.00
2014-06-24,9.31,9.62,9.31,9.53,2517003,24242454.00
2014-06-25,9.56,9.87,9.43,9.87,6326408,62327868.00
2014-06-26,9.88,10.19,9.78,9.84,7326995,73659000.00
2014-06-27,9.89,10.15,9.78,10.06,6069998,61525220.00
2014-06-30,10.06,10.35,9.92,9.98,6751988,68905984.00
2014-07-01,10.03,10.03,9.70,9.87,4462899,44426192.00
2014-07-02,9.85,10.63,9.72,10.58,9088210,93862024.00
2014-07-03,10.48,10.55,10.38,10.49,5151230,54494220.00
2014-07-04,10.62,11.04,10.43,10.43,8174661,88479160.00
2014-07-07,10.48,10.67,10.22,10.65,4242289,44700408.00
2014-07-08,10.62,10.87,10.43,10.87,4896094,52937548.00
2014-07-09,10.78,10.88,10.31,10.34,5317333,56927044.00
2014-07-10,10.28,10.40,10.11,10.27,3390116,35152880.00
2014-07-11,10.25,10.48,10.18,10.28,2958613,30965832.00
2014-07-14,10.24,10.63,10.24,10.56,2792642,29692746.00
2014-07-15,10.83,11.17,10.64,10.88,8696452,95860528.00
2014-07-16,10.79,10.98,10.54,10.64,4658654,50636524.00
2014-07-17,10.70,10.79,10.46,10.60,1967689,21015542.00
2014-07-18,10.55,10.86,10.49,10.80,2542834,27632758.00
2014-07-21,10.73,10.92,10.60,10.62,2894535,31444148.00
2014-07-22,10.62,10.83,10.46,10.79,2656069,28540222.00
2014-07-23,10.80,10.83,10.23,10.23,4129467,43785472.00
2014-07-24,10.17,10.24,9.69,9.93,4179442,41938120.00
2014-07-25,9.89,10.01,9.82,9.98,1706657,17182762.00
2014-07-28,9.98,10.16,9.92,10.16,3143405,31974924.00
2014-07-29,10.16,10.32,10.10,10.28,2871014,29711108.00
2014-07-30,10.28,10.36,10.06,10.07,4370102,44951516.00
2014-07-31,10.06,10.29,9.93,10.22,3289679,33816240.00
2014-08-01,10.26,10.26,10.01,10.08,2335954,23941502.00
2014-08-04,10.12,10.21,10.02,10.20,2199335,22537980.00
2014-08-05,10.18,10.40,10.10,10.33,3478979,36189996.00
2014-08-06,10.30,10.52,10.24,10.44,3414536,35936208.00
2014-08-07,10.45,10.68,10.28,10.30,3156468,33482664.00
2014-08-08,10.28,10.59,10.26,10.58,2663195,28283722.00
2014-08-11,10.60,10.78,10.59,10.75,4093400,44295364.00
2014-08-12,10.75,10.77,10.63,10.72,2267522,24492488.00
2014-08-13,10.69,10.85,10.49,10.70,2945195,31673850.00
2014-08-14,10.70,10.89,10.60,10.72,3522097,38341708.00
2014-08-15,10.75,10.98,10.64,10.89,3370224,36717036.00
2014-08-18,10.91,11.05,10.81,10.93,3035896,33502580.00
2014-08-19,10.94,11.22,10.89,11.16,4584226,51185848.00
2014-08-20,11.08,11.52,11.08,11.41,6339545,72650360.00
2014-08-21,11.41,11.45,11.08,11.33,3941034,44885144.00
2014-08-22,11.32,11.43,11.12,11.25,3167805,35992868.00
2014-08-25,11.27,11.32,11.07,11.19,2825906,31972352.00
2014-08-26,11.19,11.22,10.76,10.89,3526630,39090460.00
2014-08-27,10.92,11.03,10.79,10.91,2117014,23404756.00
2014-08-28,10.91,11.00,10.80,10.92,1607630,17703120.00
2014-08-29,10.98,11.20,10.86,11.19,2115796,23573012.00
2014-09-01,11.25,11.45,11.19,11.28,2623676,30008080.00
2014-09-02,11.33,11.37,11.20,11.36,3143116,35873984.00
2014-09-03,11.38,11.47,11.24,11.36,3329310,38132720.00
2014-09-04,11.29,11.54,11.01,11.53,6629149,74982720.00
2014-09-05,11.73,11.75,11.31,11.38,4754204,55139016.00
2014-09-09,11.33,11.41,11.19,11.37,3255250,37089668.00
2014-09-10,11.37,11.52,11.21,11.50,3206247,36965076.00
2014-09-11,11.48,11.67,11.33,11.36,3688636,42887804.00
2014-09-12,11.36,11.58,11.25,11.55,2114942,24506166.00
2014-09-15,11.55,11.96,11.53,11.90,4368784,51942528.00
2014-09-16,11.98,12.29,11.35,11.36,6095003,73108584.00
2014-09-17,11.32,11.52,11.16,11.48,2997241,34256524.00
2014-09-18,11.46,11.61,11.35,11.58,1684293,19516510.00
2014-09-19,11.57,11.76,11.49,11.67,2895331,33988448.00
2014-09-22,11.59,11.63,11.33,11.51,2226094,25756982.00
2014-09-23,11.48,12.11,11.43,11.97,5979487,71416744.00
2014-09-24,11.97,12.45,11.88,12.05,8445250,103017112.00
2014-09-25,12.05,12.23,11.84,11.85,4788309,57950772.00
2014-09-26,11.73,12.10,11.61,12.06,3736844,44780808.00
2014-09-29,12.07,12.38,12.03,12.33,4429151,54519048.00
2014-09-30,12.33,12.44,12.18,12.33,2446048,30433950.00
2014-10-08,12.32,12.87,12.23,12.82,4566118,58344092.00
2014-10-09,12.82,12.98,12.48,12.77,3825994,48935468.00
2014-10-10,12.68,12.73,12.39,12.45,3511943,44517424.00
2014-10-13,12.41,12.58,12.14,12.33,3151509,39045084.00
2014-10-14,12.36,12.73,12.33,12.42,3207944,40476696.00
2014-10-15,12.41,12.43,12.16,12.33,2518261,31204838.00
2014-10-16,12.28,12.42,12.04,12.04,2822887,34901028.00
2014-10-17,11.96,12.03,11.46,11.69,4498594,53243640.00
2014-10-20,11.68,11.93,11.61,11.88,2856620,33955692.00
2014-10-21,11.79,11.96,11.64,11.71,1920204,22861780.00
2014-10-22,11.69,11.82,11.51,11.51,1767868,20810244.00
2014-10-23,11.48,11.59,11.13,11.17,3076099,35131108.00
2014-10-24,11.17,11.33,11.15,11.33,1562627,17769412.00
2014-10-27,11.34,11.68,11.23,11.66,1865657,21755622.00
2014-10-28,11.69,11.96,11.65,11.94,3058184,36511736.00
2014-10-29,12.04,12.98,12.00,12.79,10734715,136298544.00
2014-10-30,12.67,14.08,12.63,14.08,20903082,289402816.00
2014-10-31,14.37,15.50,13.98,15.27,25189195,381703648.00
2014-11-03,15.01,15.21,14.62,15.21,20051934,300435552.00
2014-11-04,15.13,15.13,14.65,14.74,10328471,154654704.00
2014-11-05,14.74,15.27,14.63,14.74,10522209,158777456.00
2014-11-06,14.68,15.08,14.56,14.66,11846918,176678608.00
2014-11-07,14.58,14.58,14.08,14.36,12985818,187782272.00
2014-11-10,14.25,14.35,13.93,14.17,8775055,124416472.00
2014-11-11,14.21,14.21,13.06,13.53,10495740,143747712.00
2014-11-12,13.29,13.87,13.29,13.78,7588884,104865848.00
2014-11-13,13.88,14.10,13.55,13.56,9023761,126267280.00
2014-11-14,13.41,13.84,13.41,13.70,5101932,70266904.00
2014-11-17,13.78,14.59,13.73,14.59,10185185,146247344.00
2014-11-18,14.55,14.62,14.23,14.43,5203788,75652072.00
2014-11-19,14.53,14.53,14.08,14.22,4584961,65818404.00
2014-11-20,14.20,14.24,13.70,13.78,6576866,92510024.00
2014-11-21,13.57,13.84,13.53,13.77,5795267,79936520.00
2014-11-24,13.86,14.10,13.78,13.81,4280002,60054628.00
2014-11-25,13.78,14.62,13.75,14.49,7933030,114238064.00
2014-11-26,14.60,14.66,14.30,14.44,6547003,95579856.00
2014-11-27,14.38,15.21,14.38,15.18,9299150,139406464.00
2014-11-28,15.08,15.31,14.70,14.88,7976027,120339784.00
2014-12-01,14.81,14.86,13.88,13.97,8500711,121000464.00
2014-12-02,14.06,14.22,13.90,13.97,5546780,78534536.00
2014-12-03,13.98,14.13,13.36,14.10,6539945,90913304.00
2014-12-04,14.10,14.44,14.01,14.17,5758596,82440560.00
2014-12-05,14.13,14.14,13.24,13.45,6501809,89009712.00
2014-12-08,13.38,13.80,13.29,13.48,4983159,68306616.00
2014-12-09,13.51,13.51,12.28,12.39,7037521,92348984.00
2014-12-10,12.39,13.00,12.39,12.91,2747753,35373428.00
2014-12-11,12.92,13.26,12.91,13.21,2761849,36550144.00
2014-12-12,13.28,13.50,13.17,13.48,3616928,48679520.00
2014-12-15,13.45,13.79,13.31,13.72,3343864,45816808.00
2014-12-16,13.76,13.76,13.42,13.48,2185766,29797998.00
2014-12-17,13.46,13.61,13.03,13.58,3636438,48816456.00
2014-12-18,13.57,13.67,13.19,13.24,2449708,33185538.00
2014-12-19,13.22,13.33,12.73,13.04,3169006,41526936.00
2014-12-22,13.04,13.13,12.28,12.37,3539489,44565908.00
2014-12-23,12.40,12.67,11.88,12.23,2087035,26279434.00
2014-12-24,12.26,12.68,12.26,12.66,1842219,23224982.00
2014-12-25,12.75,12.93,12.61,12.81,1658193,21368008.00
2014-12-26,12.98,13.11,12.68,12.79,2031404,26418826.00
2014-12-29,12.72,12.77,12.01,12.11,3804178,47496132.00
2014-12-30,12.11,12.48,11.61,11.78,3969649,47704296.00
2014-12-31,11.91,12.05,11.70,11.88,2506240,30099424.00
2015-01-05,11.90,12.18,11.78,12.08,2886273,34963444.00
2015-01-06,12.20,12.72,11.99,12.71,4918705,61585404.00
2015-01-07,12.72,12.94,12.63,12.72,3037824,39232316.00
2015-01-08,12.58,12.95,12.49,12.73,2343318,30138706.00
2015-01-09,12.68,13.04,12.59,12.76,3711324,48256452.00
2015-01-12,12.60,12.83,12.09,12.21,2162358,27060130.00
2015-01-13,12.21,12.84,12.07,12.80,3352001,42519212.00
2015-01-14,12.96,13.21,12.78,12.82,3211419,42061112.00
2015-01-15,12.79,12.94,12.69,12.86,1545015,20018232.00
2015-01-16,12.85,12.93,12.70,12.83,3334614,43202012.00
2015-01-19,12.59,12.99,12.33,12.45,2938614,37628116.00
2015-01-20,12.46,13.06,12.46,13.04,3060166,39700468.00
2015-01-21,13.16,13.41,13.08,13.25,3688575,49435148.00
2015-01-22,13.25,13.70,13.18,13.68,4656735,63437456.00
2015-01-23,13.73,13.77,13.28,13.44,3670304,50096932.00
2015-01-26,13.42,14.04,13.38,13.93,4535335,63133224.00
2015-01-27,13.99,14.00,13.58,13.77,3509198,48724392.00
2015-01-28,13.78,13.92,13.46,13.58,3063507,42182076.00
2015-01-29,13.38,13.58,13.30,13.48,1632907,22180438.00
2015-01-30,13.56,13.71,13.33,13.34,1806057,24509576.00
2015-02-02,13.27,13.46,13.08,13.33,2058950,27585104.00
2015-02-03,13.48,13.55,13.27,13.36,2498181,33678040.00
2015-02-04,13.40,13.81,13.35,13.57,6254128,85931672.00
2015-02-05,13.87,13.87,13.48,13.52,5464777,75236056.00
2015-02-06,13.52,13.56,12.98,13.09,3251633,43496152.00
2015-02-09,13.08,13.25,12.93,13.03,1577145,20790090.00
2015-02-10,13.11,13.83,13.00,13.76,4005026,54551272.00
2015-02-11,13.76,13.78,13.43,13.61,2813756,38477216.00
2015-02-12,13.61,13.76,13.48,13.61,2357005,32400076.00
2015-02-13,13.94,14.12,13.73,13.78,5362652,75040936.00
2015-02-16,13.88,14.22,13.85,14.21,4261974,60632716.00
2015-02-17,14.21,14.27,13.90,14.12,2849112,40338812.00
2015-02-25,14.06,14.11,13.71,13.75,3461172,48440464.00
2015-02-26,13.72,14.18,13.72,14.03,3644304,51421544.00
2015-02-27,14.08,14.20,13.96,14.19,3899590,55490976.00
2015-03-02,14.26,14.55,14.26,14.53,5427419,79034704.00
2015-03-03,14.59,15.23,14.59,14.73,9689171,145704832.00
2015-03-04,14.76,15.08,14.69,14.88,4035932,60547596.00
2015-03-05,14.88,15.17,14.67,14.81,4358088,65195876.00
2015-03-06,14.82,15.12,14.50,14.51,3660968,54356284.00
2015-03-09,14.39,14.98,14.23,14.90,3896996,57917688.00
2015-03-10,14.88,15.22,14.87,15.04,3554166,53809872.00
2015-03-11,15.08,15.32,14.92,15.31,3983900,60633500.00
2015-03-12,15.31,16.36,15.31,15.70,6800035,108506832.00
2015-03-13,15.87,16.08,15.59,15.80,4134459,65844572.00
2015-03-16,15.88,16.04,15.78,16.04,4586213,73583784.00
2015-03-17,16.35,16.76,16.05,16.62,5983552,98596376.00
2015-03-18,16.63,16.67,16.34,16.66,4163518,69086784.00
2015-03-19,16.66,16.67,16.19,16.33,4783267,78893760.00
2015-03-20,16.26,16.63,16.05,16.38,4888853,80141880.00
2015-03-23,16.38,16.88,16.13,16.87,5638360,93743552.00
2015-03-24,16.69,16.71,15.60,16.31,8883555,146069808.00
2015-03-25,16.12,16.64,16.08,16.54,6548582,108552224.00
2015-03-26,16.48,17.43,16.13,17.09,8946015,153200832.00
2015-03-27,17.08,17.42,16.89,17.10,5943786,102580656.00
2015-03-30,17.13,17.42,16.83,17.31,5639113,97227704.00
2015-03-31,17.31,17.92,17.08,17.82,7715677,136529328.00
2015-04-01,17.83,19.61,17.78,19.61,13749104,266361408.00
2015-04-02,19.66,21.58,19.66,21.58,16847986,363265568.00
2015-04-03,22.32,23.43,21.46,23.01,20375938,463187872.00
2015-04-07,22.96,23.85,22.36,22.46,16550076,379229216.00
2015-04-08,22.43,22.43,20.42,21.13,21755878,465317376.00
2015-04-09,20.53,20.63,19.18,20.20,16811603,336841696.00
2015-04-10,19.93,21.10,19.88,20.68,12348525,256379776.00
2015-04-13,20.53,21.18,20.48,20.76,11538493,241082992.00
2015-04-14,20.66,20.66,19.86,20.20,8927290,181378464.00
2015-04-15,19.91,20.00,18.92,18.95,8396516,163472112.00
2015-04-16,18.87,19.43,18.41,19.23,5808632,111075112.00
2015-04-17,19.28,19.58,19.00,19.37,8238144,159484096.00
2015-04-20,19.18,19.91,18.91,19.10,8735465,170407712.00
2015-04-21,19.10,20.11,18.98,20.06,8003700,157546992.00
2015-04-22,20.07,20.78,19.88,20.62,11231600,230743936.00
2015-04-23,20.77,21.32,20.56,20.56,13976676,293929920.00
2015-04-24,20.08,20.09,19.48,19.88,9231981,184248448.00
2015-04-27,19.87,20.26,19.57,19.84,8478906,169137520.00
2015-04-28,20.36,20.42,18.14,18.53,13240404,255033632.00
2015-04-29,18.30,19.24,18.30,19.18,6659179,126864440.00
2015-04-30,19.28,20.93,19.28,20.65,15821625,324090112.00
2015-05-08,22.73,22.73,22.73,22.73,2790297,63758288.00
2015-05-11,24.98,25.01,23.39,23.78,28824187,692279168.00
2015-05-12,23.65,24.38,23.08,23.54,20146543,477972256.00
2015-05-13,23.38,24.33,23.08,23.56,16108091,385292192.00
2015-05-14,23.60,24.13,22.97,23.67,17334343,410394528.00
2015-05-15,23.53,24.07,23.08,23.66,11957103,283125952.00
2015-05-18,23.75,25.55,23.75,24.95,17285789,428351424.00
2015-05-19,24.96,25.13,24.14,24.93,11747197,290187840.00
2015-05-20,25.26,27.38,25.26,25.36,15086629,398583616.00
2015-05-21,25.67,26.37,25.50,26.15,11429862,297074912.00
2015-05-22,26.27,26.97,25.27,25.59,12403813,320270208.00
2015-05-25,25.20,25.78,24.58,25.64,13183999,332414240.00
2015-05-26,26.15,27.43,26.15,27.07,14684283,394351168.00
2015-05-27,27.10,27.48,26.18,26.92,11821623,315799168.00
2015-05-28,26.99,27.18,24.23,24.37,13379073,349231584.00
2015-05-29,24.40,25.18,23.20,24.63,10296174,252617536.00
2015-06-01,24.60,27.09,24.48,27.09,13910792,365260448.00
2015-06-02,27.52,29.67,27.51,29.36,15325998,440883712.00
2015-06-03,29.55,31.86,29.11,30.80,20590604,627616448.00
2015-06-04,31.12,33.88,29.84,33.88,22652736,732297152.00
2015-06-05,35.54,37.27,34.05,37.27,17341001,616254080.00
2015-06-08,38.18,39.00,36.00,37.45,17459362,653398208.00
2015-06-09,36.84,37.89,35.53,37.47,11257829,413137248.00
2015-06-10,37.35,41.21,36.50,39.90,10811556,425683232.00
2015-06-11,40.00,43.89,38.72,43.89,10142519,420260416.00
2015-06-12,44.01,48.00,41.13,42.80,14947599,674855040.00
2015-06-15,41.40,45.80,40.28,44.00,11113678,482564224.00
2015-06-16,42.99,45.64,41.03,43.00,8525838,372650784.00
2015-06-17,42.00,46.06,39.00,44.50,12188220,509463776.00
2015-06-18,45.00,46.88,43.96,44.98,8442763,381287296.00
2015-06-19,42.70,44.07,40.48,40.48,10598119,442815488.00
2015-06-23,38.60,40.80,36.43,37.88,10836648,402299232.00
2015-06-24,38.57,40.50,37.89,39.98,10190535,401595936.00
2015-06-25,40.48,40.48,35.98,36.50,8941045,340560128.00
2015-06-26,35.50,35.50,32.85,32.85,8223457,274548832.00
2015-06-29,33.20,33.60,29.57,29.57,7859866,236573664.00
2015-06-30,28.50,32.30,26.61,32.25,10306819,296905536.00
2015-07-01,31.68,33.90,29.03,29.03,8312427,261159024.00
2015-07-02,29.90,31.02,26.30,27.00,11334213,330308384.00
2015-07-03,25.88,27.50,24.30,25.78,8339841,208484816.00
2015-07-06,28.30,28.36,23.20,23.35,10285606,259952064.00
2015-07-07,21.83,21.83,21.02,21.02,1151100,24272720.00
2015-07-15,23.12,23.12,23.12,23.12,757270,17508082.00
2015-07-16,21.00,24.35,20.81,23.45,24220929,556957440.00
2015-07-17,23.51,25.80,23.51,25.80,10237221,256125312.00
2015-07-20,26.60,27.28,25.06,26.50,17342495,456929312.00
2015-07-21,26.02,26.98,25.18,26.85,15779848,414515584.00
2015-07-22,26.85,27.68,26.00,27.05,12475228,336555712.00
2015-07-23,26.81,28.26,26.66,27.96,12154384,333673344.00
2015-07-24,27.95,29.40,27.24,27.71,14270105,407580256.00
2015-07-27,27.00,28.10,24.94,24.94,12605708,332492736.00
2015-07-28,22.48,24.48,22.45,22.45,18656835,424545152.00
2015-07-29,23.06,23.60,20.37,23.57,14109441,310809344.00
2015-07-30,23.30,23.58,21.65,21.71,10712939,245333728.00
2015-07-31,21.37,22.47,20.88,21.66,7859850,170947840.00
2015-08-03,21.13,21.57,19.49,19.49,9988640,200670256.00
2015-08-04,19.62,21.44,19.38,21.44,10279271,210307936.00
2015-08-05,22.01,23.44,22.01,22.99,16626174,377528768.00
2015-08-06,22.30,23.83,22.06,23.25,10932253,253580256.00
2015-08-07,23.60,24.18,23.28,23.79,10990899,260975056.00
2015-08-10,24.10,26.11,23.86,25.96,12139038,301853600.00
2015-08-11,25.79,26.45,25.43,25.67,8776582,227390368.00
2015-08-12,24.80,26.97,24.80,25.96,11674463,304704864.00
2015-08-13,25.81,27.10,25.00,27.06,10609192,277396512.00
2015-08-14,27.22,27.89,26.66,27.69,11920676,326638912.00
2015-08-17,27.69,28.64,26.04,26.62,10540809,284622368.00
2015-08-18,26.70,27.50,23.96,23.96,14110786,363847232.00
2015-08-19,22.80,25.65,21.70,24.98,10441604,244545424.00
2015-08-20,24.50,24.98,23.00,23.38,5050123,121874144.00
2015-08-21,22.76,24.12,22.10,22.97,7203246,166207616.00
2015-08-24,21.85,22.34,20.67,20.67,5932260,123843088.00
2015-08-25,18.60,19.63,18.60,18.60,5020472,93970096.00
2015-08-26,18.96,19.20,16.74,16.74,12593466,225725552.00
2015-08-27,17.15,17.64,15.19,16.99,9084675,150174912.00
2015-08-28,17.09,18.69,17.09,18.69,8080341,143285536.00
2015-08-31,18.79,18.96,17.36,17.42,5617098,101512888.00
2015-09-01,17.50,17.50,15.68,15.68,8559156,136479680.00
2015-09-02,14.88,16.16,14.30,14.47,6824519,102292312.00
2015-09-07,14.93,15.56,14.85,15.12,5433288,82501552.00
2015-09-08,15.12,16.55,14.85,16.43,5576309,86590136.00
2015-09-09,16.76,17.50,16.51,17.25,10400465,177197504.00
2015-09-10,17.00,17.07,16.53,16.57,5842387,98307176.00
2015-09-11,16.40,17.55,16.36,17.00,5536332,93992544.00
2015-09-14,17.10,17.19,15.30,15.30,7689122,122786720.00
2015-09-15,14.60,15.10,13.77,13.77,7059648,100307904.00
2015-09-16,13.93,15.15,13.76,15.15,9577284,136755696.00
2015-09-17,15.16,15.96,14.69,14.80,9173092,140478240.00
2015-09-22,15.91,15.91,15.91,15.91,0,0.00
数据来源:通达信
