002384 东山精密 日线 前复权
      日期	    开盘	    最高	    最低	    收盘	    成交量	    成交额
2010-04-09,12.01,14.42,12.01,14.42,26838888,1673859456.00
2010-04-12,13.67,14.50,13.58,13.75,17221501,1160265472.00
2010-04-13,13.71,14.19,12.37,12.38,12008856,753334976.00
2010-04-14,12.01,12.22,11.70,11.71,7248529,418581536.00
2010-04-15,11.65,11.98,11.07,11.17,6153363,342771744.00
2010-04-16,11.02,11.05,10.35,10.86,4946660,256246192.00
2010-04-19,10.64,11.13,10.55,10.98,3466360,183359312.00
2010-04-20,10.98,11.45,10.81,11.41,4280659,233310128.00
2010-04-21,11.42,11.97,11.28,11.93,4349656,248136992.00
2010-04-22,11.98,12.25,11.80,12.22,4331532,252742608.00
2010-04-23,12.13,12.31,11.70,11.84,3145241,181366304.00
2010-04-26,11.83,12.35,11.20,12.17,3149016,182227440.00
2010-04-27,11.99,12.19,11.21,11.67,2296747,128634576.00
2010-04-28,11.38,12.17,11.24,12.04,2735765,156958848.00
2010-04-29,12.04,12.79,11.94,12.29,4538037,274262848.00
2010-04-30,12.22,12.40,11.59,12.26,2590372,151214544.00
2010-05-04,11.88,12.24,11.84,12.00,1101451,64023272.00
2010-05-05,11.88,12.59,11.88,12.49,2520056,150542656.00
2010-05-06,12.48,12.84,12.12,12.21,2516937,152321008.00
2010-05-07,11.83,12.17,11.22,11.28,2537627,144576800.00
2010-05-10,10.97,11.61,10.68,11.20,1833949,99724552.00
2010-05-11,11.48,11.54,10.97,11.17,1444170,78792080.00
2010-05-12,11.17,11.28,10.05,10.05,1709196,86081296.00
2010-05-13,9.78,10.04,9.07,10.00,2301357,105482304.00
2010-05-14,9.82,10.29,9.52,10.18,2027794,97294632.00
2010-05-17,9.92,10.18,9.64,9.82,1648512,79258464.00
2010-05-18,9.67,10.03,9.19,9.72,1870242,87205176.00
2010-05-19,9.62,10.09,9.52,9.91,1233261,59007876.00
2010-05-20,9.88,10.05,9.69,9.78,903937,43077896.00
2010-05-21,9.53,10.00,9.49,9.97,965664,45689432.00
2010-05-24,10.07,10.80,10.07,10.60,1784083,90896664.00
2010-05-25,10.55,10.80,10.49,10.62,1114542,57401876.00
2010-05-26,10.51,10.70,10.44,10.51,647026,33022188.00
2010-05-27,10.51,11.30,10.51,11.06,1547277,81944240.00
2010-05-28,11.13,11.69,11.04,11.61,2436171,136044688.00
2010-05-31,11.49,11.69,11.04,11.05,1494035,82620632.00
2010-06-01,11.00,11.35,10.64,11.03,1621727,86658592.00
2010-06-02,11.03,12.13,10.98,11.98,2129497,119527872.00
2010-06-03,11.92,12.21,11.77,11.91,1356544,78677056.00
2010-06-07,11.90,12.11,11.70,12.00,2397564,138524192.00
2010-06-08,12.00,12.67,11.84,12.43,1719532,102889672.00
2010-06-09,13.47,13.47,12.01,12.23,3013586,183850528.00
2010-06-10,12.06,12.37,12.06,12.21,1058699,62559372.00
2010-06-11,12.23,12.53,12.23,12.33,1255164,75132024.00
2010-06-17,12.34,12.42,11.33,11.90,1427456,82203112.00
2010-06-18,11.80,11.93,11.19,11.28,1221340,67198848.00
2010-06-21,11.38,11.84,11.18,11.66,994493,55414592.00
2010-06-22,11.62,12.53,11.54,12.41,1921373,112791280.00
2010-06-23,12.40,13.19,12.38,13.19,3088422,192112752.00
2010-06-24,13.05,13.76,12.99,13.39,2764484,179749552.00
2010-06-25,13.42,13.46,12.81,13.19,1474075,93096368.00
2010-06-28,13.05,13.67,13.01,13.16,1093241,70474624.00
2010-06-29,13.22,13.22,12.19,12.22,1540628,93734968.00
2010-06-30,12.02,12.17,11.17,11.94,1394441,78188480.00
2010-07-01,11.80,12.15,11.59,11.80,601157,34489332.00
2010-07-02,11.75,12.08,10.88,11.55,995359,54829356.00
2010-07-05,11.25,11.42,10.90,11.28,539632,29203814.00
2010-07-06,11.13,11.65,11.13,11.46,567711,31488626.00
2010-07-07,11.34,11.67,11.01,11.07,1213980,65738744.00
2010-07-08,11.07,11.55,11.07,11.50,1147557,62966908.00
2010-07-09,11.17,11.63,10.45,11.32,6158939,327686432.00
2010-07-12,11.31,12.00,10.98,11.82,3071733,171588544.00
2010-07-13,11.67,11.89,11.36,11.59,1329511,74764048.00
2010-07-14,11.76,11.76,11.07,11.17,1932588,105507544.00
2010-07-15,11.15,11.16,10.86,10.86,1314112,69789360.00
2010-07-16,10.76,11.01,10.51,10.84,1072280,55232064.00
2010-07-19,10.57,11.20,10.57,11.13,1123778,59723480.00
2010-07-20,11.13,11.40,11.04,11.20,1902657,103177720.00
2010-07-21,11.27,11.35,11.16,11.16,1107190,60096096.00
2010-07-22,11.15,11.19,10.92,11.17,920509,49359228.00
2010-07-23,11.17,12.29,11.17,12.26,4601377,263043776.00
2010-07-26,12.17,12.17,11.88,12.05,1945632,113039720.00
2010-07-27,12.05,12.29,11.89,12.11,2435057,142556064.00
2010-07-28,12.02,12.63,12.01,12.24,2120619,126684568.00
2010-07-29,12.22,12.42,11.98,12.42,1798328,105406568.00
2010-07-30,12.42,13.05,12.38,12.65,2840321,174865296.00
2010-08-02,12.71,12.74,12.40,12.52,1641685,99338728.00
2010-08-03,12.54,12.63,12.09,12.09,2121818,125761752.00
2010-08-04,12.09,12.17,11.80,12.14,1533554,88706000.00
2010-08-05,12.22,12.30,12.01,12.08,1095787,64240412.00
2010-08-06,12.07,12.08,11.66,12.03,2251034,129043944.00
2010-08-09,12.01,12.33,11.97,12.21,2259091,132489944.00
2010-08-10,12.21,12.25,11.67,11.70,2236703,129097168.00
2010-08-11,11.68,11.89,11.65,11.83,1178779,66974904.00
2010-08-12,11.59,11.92,11.59,11.77,978961,55790488.00
2010-08-13,11.77,12.23,11.68,12.22,1931115,112598728.00
2010-08-16,12.23,12.27,12.12,12.25,2168338,128017688.00
2010-08-17,12.28,13.03,12.22,12.99,4348428,267575696.00
2010-08-18,13.00,13.17,12.62,13.10,2477133,154578880.00
2010-08-19,13.03,13.32,12.63,12.74,2415650,151834768.00
2010-08-20,12.63,12.63,12.25,12.30,2276740,136105216.00
2010-08-23,12.26,12.53,12.04,12.28,1700589,100905136.00
2010-08-24,12.22,12.52,12.22,12.33,1151697,69031600.00
2010-08-25,12.33,12.40,12.01,12.11,1842301,107921200.00
2010-08-26,12.09,12.48,12.09,12.47,1391979,83124296.00
2010-08-27,12.49,12.79,12.39,12.62,1331001,80919264.00
2010-08-30,12.75,13.21,12.67,12.90,2048658,128330792.00
2010-08-31,12.82,12.88,12.63,12.76,1829522,112367632.00
2010-09-01,12.80,12.80,12.14,12.26,2607922,156226320.00
2010-09-02,12.40,12.52,12.27,12.51,1566782,93956608.00
2010-09-03,12.52,12.84,12.34,12.71,1929006,117667872.00
2010-09-06,12.78,13.03,12.51,12.64,1489887,91868328.00
2010-09-08,12.63,13.91,12.63,13.91,4302053,279582752.00
2010-09-09,13.81,13.98,13.38,13.47,2708632,178184736.00
2010-09-10,13.40,13.87,13.37,13.53,1788050,117299000.00
2010-09-13,13.42,13.67,13.30,13.56,1326616,86320472.00
2010-09-14,13.59,14.09,13.19,13.28,2231981,146657392.00
2010-09-15,13.21,13.21,12.65,12.67,2107193,130726880.00
2010-09-16,12.78,12.99,12.51,12.82,1265628,77638368.00
2010-09-17,12.83,13.17,12.78,12.88,1201263,75048392.00
2010-09-20,12.81,12.88,12.38,12.47,788569,47810700.00
2010-09-21,12.40,12.65,12.38,12.61,684465,41293932.00
2010-09-27,12.78,12.88,12.61,12.84,670585,41183140.00
2010-09-28,12.96,12.99,12.22,12.30,2029301,121074496.00
2010-09-29,12.30,12.37,11.42,11.65,2613027,147336864.00
2010-09-30,11.63,11.83,11.47,11.79,989326,55980848.00
2010-10-08,11.83,12.29,11.83,12.13,1055822,61748240.00
2010-10-11,12.05,12.36,11.82,11.82,1751223,101187064.00
2010-10-12,11.82,12.26,11.70,12.11,1733370,99840520.00
2010-10-13,12.09,12.09,11.82,11.98,884286,50737536.00
2010-10-14,12.15,12.15,11.48,11.51,1538712,86589016.00
2010-10-15,11.50,11.76,11.24,11.36,1568668,86474464.00
2010-10-18,11.43,11.43,10.22,10.39,2926941,147338608.00
2010-10-19,10.42,11.36,10.42,11.31,1921850,101259728.00
2010-10-20,11.06,11.63,10.92,11.19,1407570,76423104.00
2010-10-21,11.19,11.38,11.01,11.19,812372,43494144.00
2010-10-22,11.28,11.69,11.25,11.34,1189494,65518296.00
2010-10-25,11.42,12.48,11.42,12.29,6055274,355347520.00
2010-10-26,12.45,12.45,12.06,12.37,1887238,111343896.00
2010-10-27,12.46,12.74,12.26,12.47,1777990,107047448.00
2010-10-28,12.47,12.84,12.36,12.63,1209158,73705432.00
2010-10-29,12.65,13.22,12.36,13.02,1721372,106125408.00
2010-11-01,13.21,14.32,13.09,14.32,5552672,371817152.00
2010-11-02,14.32,14.95,13.65,13.80,2989536,204713264.00
2010-11-03,13.79,14.51,13.72,14.04,3061348,207239264.00
2010-11-04,13.94,14.25,13.72,14.18,1156039,77569808.00
2010-11-05,14.22,14.44,13.92,14.26,1327664,90666080.00
2010-11-08,14.26,14.32,13.72,14.15,1420283,96083000.00
2010-11-09,14.15,14.24,13.59,13.69,2282662,151530816.00
2010-11-10,13.69,14.56,13.69,14.48,2309537,156677776.00
2010-11-11,14.42,14.96,13.94,14.13,1883319,133016600.00
2010-11-12,14.07,14.24,13.03,13.30,1818576,118801080.00
2010-11-15,13.42,13.78,13.11,13.73,1145649,74632640.00
2010-11-16,13.74,14.02,12.81,12.86,1898098,121803504.00
2010-11-17,12.82,13.07,12.15,12.29,1950782,118295008.00
2010-11-18,12.31,12.62,12.28,12.51,596746,35781784.00
2010-11-19,12.67,13.22,12.63,13.05,1357038,84297224.00
2010-11-22,13.19,14.36,13.09,14.24,2867442,193047136.00
2010-11-23,14.05,14.40,13.65,14.13,1441492,96699016.00
2010-11-24,14.04,15.17,13.93,15.17,2232073,158365280.00
2010-11-25,15.13,15.49,14.72,15.07,1803265,131500752.00
2010-11-26,15.11,15.38,14.74,14.90,1390973,100737336.00
2010-11-29,14.86,16.39,14.59,16.11,2339217,178169248.00
2010-11-30,16.08,16.21,14.66,15.38,1921111,141239424.00
2010-12-01,15.37,15.94,15.01,15.79,1019655,75931088.00
2010-12-02,15.79,16.35,15.59,15.61,1064478,81532080.00
2010-12-03,15.66,16.17,14.83,15.38,1834113,136181264.00
2010-12-06,15.58,15.58,14.68,14.91,881664,63288876.00
2010-12-07,14.76,15.67,14.55,15.65,1410023,103378960.00
2010-12-08,15.61,15.76,15.28,15.30,592584,44223568.00
2010-12-09,15.07,15.25,14.32,14.32,1680613,118230744.00
2010-12-13,14.65,15.75,14.65,15.75,1697806,125421816.00
2010-12-14,16.11,16.32,15.75,16.17,1426733,109918768.00
2010-12-15,16.16,16.16,15.75,15.77,850853,65010328.00
2010-12-16,15.62,17.13,15.62,16.57,2294014,184598928.00
2010-12-17,16.63,17.13,16.44,16.74,853403,68768128.00
2010-12-20,16.92,16.92,15.80,16.50,1092618,85534304.00
2010-12-21,16.61,16.63,16.17,16.50,496800,39317560.00
2010-12-22,16.50,16.50,16.05,16.20,564543,44034372.00
2010-12-23,16.13,16.31,15.80,16.01,670581,51802444.00
2010-12-24,15.95,15.95,15.38,15.39,846002,63257848.00
2010-12-27,15.49,15.90,14.88,14.97,1016118,74885960.00
2010-12-28,14.86,15.26,14.65,15.00,976212,70315248.00
2010-12-29,15.07,15.75,15.00,15.55,523039,38637896.00
2010-12-30,15.17,15.17,14.31,14.73,1585343,112420688.00
2010-12-31,14.76,15.62,14.55,15.53,1006564,73155920.00
2011-01-04,15.52,15.52,15.07,15.16,1712250,124917544.00
2011-01-05,15.16,15.17,14.62,14.92,1387230,98987632.00
2011-01-06,14.84,14.90,14.40,14.52,1135340,79356608.00
2011-01-07,14.52,14.91,14.09,14.40,1288970,89918336.00
2011-01-10,14.51,14.53,14.09,14.18,864823,59441156.00
2011-01-11,14.13,14.18,13.61,13.78,805157,53623168.00
2011-01-12,13.86,14.17,13.66,14.07,761377,51061164.00
2011-01-13,14.14,14.41,14.07,14.15,1051133,72069616.00
2011-01-14,14.15,14.29,13.93,14.00,751504,51001968.00
2011-01-17,13.90,13.90,13.26,13.27,854757,55413368.00
2011-01-18,13.26,13.26,12.89,13.19,378339,23771676.00
2011-01-19,13.19,13.57,12.97,13.46,476782,30344176.00
2011-01-20,13.40,13.51,12.84,12.89,601518,38024004.00
2011-01-21,12.92,13.29,12.82,13.02,678077,42384428.00
2011-01-24,12.88,13.18,11.72,11.86,1338831,78320424.00
2011-01-26,11.86,12.28,11.65,12.24,739557,42965500.00
2011-01-27,12.20,12.78,11.94,12.71,631912,37770436.00
2011-01-28,12.67,12.92,12.38,12.63,458285,27811650.00
2011-01-31,12.45,12.64,12.35,12.47,550805,33005432.00
2011-02-01,12.56,12.56,12.40,12.43,320246,19194278.00
2011-02-09,12.43,12.63,12.29,12.32,365691,21896822.00
2011-02-10,12.32,12.62,12.16,12.59,916308,54721076.00
2011-02-11,12.65,13.05,12.59,13.03,1411909,87567192.00
2011-02-14,13.09,13.58,12.95,13.44,1017327,65188088.00
2011-02-15,13.50,13.50,13.26,13.42,966644,62086572.00
2011-02-16,13.42,13.71,13.24,13.70,791715,51148952.00
2011-02-17,13.69,13.69,13.28,13.62,872321,56487240.00
2011-02-18,13.51,14.13,13.51,13.57,839326,56030148.00
2011-02-21,13.56,13.65,13.42,13.55,763302,49632012.00
2011-02-22,13.67,14.11,13.40,13.48,1942376,129021496.00
2011-02-23,13.41,13.66,13.31,13.61,721879,46831256.00
2011-02-24,13.61,14.15,13.45,14.13,1707615,114630424.00
2011-03-01,13.82,13.82,13.23,13.26,2433086,156298496.00
2011-03-02,13.22,13.26,13.01,13.16,953734,60108444.00
2011-03-03,13.14,13.17,12.26,12.49,1980496,120231752.00
2011-03-04,12.47,12.63,12.26,12.54,552915,33218758.00
2011-03-07,12.63,12.67,12.28,12.47,1080159,64568892.00
2011-03-08,12.59,12.66,12.42,12.59,723662,43821284.00
2011-03-09,12.59,12.86,12.51,12.69,1144459,70094416.00
2011-03-10,12.78,12.86,12.57,12.70,1010646,61832584.00
2011-03-11,12.70,12.70,12.47,12.51,637984,38532056.00
2011-03-14,12.47,12.47,12.19,12.42,1034155,61265808.00
2011-03-15,12.42,12.67,12.35,12.62,941517,56838884.00
2011-03-16,12.63,13.19,12.62,13.16,2067073,129164640.00
2011-03-17,12.97,13.19,12.74,12.97,1529038,95589832.00
2011-03-18,12.97,13.17,12.78,12.80,870608,54097860.00
2011-03-21,12.78,12.78,12.19,12.43,617849,36933860.00
2011-03-22,12.32,12.54,12.24,12.40,307266,18242204.00
2011-03-23,12.38,12.45,12.27,12.43,582243,34675152.00
2011-03-24,12.42,12.45,12.22,12.22,671355,39800560.00
2011-03-25,12.21,12.40,12.17,12.25,691410,40747512.00
2011-03-28,12.24,12.34,12.00,12.02,896272,52168760.00
2011-03-29,12.01,12.01,11.65,11.79,718689,40684780.00
2011-03-30,11.79,11.88,11.44,11.49,617956,34388576.00
2011-03-31,11.44,11.60,11.30,11.36,523362,28805452.00
2011-04-01,11.38,11.42,11.27,11.42,417532,22797638.00
2011-04-06,11.42,11.43,10.90,11.00,794469,42298292.00
2011-04-07,10.90,11.02,10.77,10.92,921482,48283392.00
2011-04-08,10.92,11.39,10.83,11.24,2068539,109812768.00
2011-04-11,11.24,11.24,10.86,10.90,1618171,85733096.00
2011-04-13,10.90,11.04,10.69,10.90,1157492,60807144.00
2011-04-14,10.92,11.08,10.80,11.01,1738454,91849256.00
2011-04-15,11.01,11.08,10.76,10.80,1034547,54001444.00
2011-04-18,10.75,10.84,10.38,10.42,1775410,89805856.00
2011-04-19,10.42,10.73,10.40,10.64,1147635,58392004.00
2011-04-20,10.76,11.28,10.76,11.28,2111821,112825104.00
2011-04-21,11.30,11.31,11.01,11.13,1039501,55861180.00
2011-04-22,11.42,11.42,10.74,10.90,1003348,44155124.00
2011-04-25,10.76,10.91,10.72,10.74,758011,32793130.00
2011-04-26,10.73,10.89,9.97,10.24,1270067,52322508.00
2011-04-27,10.22,10.44,10.02,10.07,581940,23725836.00
2011-04-28,10.09,10.19,9.56,9.58,1249202,49545716.00
2011-04-29,9.56,9.71,9.55,9.66,936719,36102912.00
2011-05-03,9.69,9.81,9.66,9.74,827857,32396444.00
2011-05-04,9.64,9.84,9.57,9.58,1101738,42901156.00
2011-05-05,9.57,9.71,9.37,9.54,1320482,50205160.00
2011-05-06,9.53,9.72,9.37,9.67,989454,38159784.00
2011-05-09,9.66,9.82,9.61,9.67,1219637,47623872.00
2011-05-10,9.70,9.81,9.61,9.72,1204068,46775488.00
2011-05-11,9.77,9.80,9.62,9.72,1160207,45274112.00
2011-05-12,9.65,9.71,9.49,9.56,923731,35541108.00
2011-05-13,9.49,9.62,9.29,9.46,836703,31676080.00
2011-05-16,9.46,9.63,9.46,9.52,938195,36021208.00
2011-05-17,9.58,9.67,9.46,9.60,875144,33602004.00
2011-05-18,9.60,9.64,9.50,9.54,550335,21145490.00
2011-05-19,9.56,9.58,9.34,9.43,651783,24795156.00
2011-05-20,9.40,9.46,9.09,9.09,1188364,44024024.00
2011-05-23,9.09,9.14,8.77,8.80,1022970,36592220.00
2011-05-24,8.69,9.15,8.64,9.07,1176045,42166788.00
2011-05-25,9.07,9.07,8.70,8.81,583322,20802962.00
2011-05-26,8.91,8.94,8.70,8.77,399670,14139180.00
2011-05-27,8.77,8.77,8.62,8.66,555449,19370650.00
2011-05-30,8.62,8.80,8.48,8.65,615243,21452962.00
2011-05-31,8.58,8.91,8.58,8.90,1375144,48817344.00
2011-06-01,8.87,8.98,8.79,8.92,864749,30893986.00
2011-06-02,8.86,8.86,8.39,8.45,2218136,76030800.00
2011-06-03,8.52,8.69,8.44,8.60,1260484,43528836.00
2011-06-07,8.60,8.69,8.50,8.63,1130776,39062428.00
2011-06-08,8.62,8.63,8.43,8.58,981353,33647852.00
2011-06-09,8.57,8.60,8.31,8.31,993114,33660712.00
2011-06-10,8.29,8.31,7.89,8.02,2675294,86046088.00
2011-06-13,7.99,8.12,7.87,8.03,947040,30551666.00
2011-06-14,8.11,8.19,8.03,8.17,1593155,52095260.00
2011-06-15,8.09,8.16,7.95,7.97,1383796,44642512.00
2011-06-16,7.89,7.89,7.68,7.70,1738363,54256372.00
2011-06-17,7.62,7.72,7.49,7.52,960848,29350926.00
2011-06-20,7.52,7.54,6.76,6.98,3853584,109551528.00
2011-06-21,7.01,7.12,6.92,7.07,2696650,76081720.00
2011-06-22,7.07,7.15,6.72,6.88,2985109,82881480.00
2011-06-23,6.86,7.57,6.77,7.57,5680041,169054624.00
2011-06-24,7.80,8.33,7.73,8.33,11844333,381052544.00
2011-06-27,8.19,8.58,8.03,8.45,8272038,276715808.00
2011-06-28,8.40,8.44,8.24,8.37,4243995,142176016.00
2011-06-29,8.35,8.55,8.29,8.34,3947765,133362744.00
2011-06-30,8.31,8.47,8.29,8.40,3178311,107103712.00
2011-07-01,8.40,9.04,8.38,8.64,6107804,214220608.00
2011-07-04,8.71,8.89,8.56,8.80,4467916,156237840.00
2011-07-05,8.84,8.86,8.63,8.76,2936052,102672672.00
2011-07-06,8.75,8.75,8.55,8.70,3232713,112182552.00
2011-07-07,8.72,9.13,8.62,8.94,5370599,191678640.00
2011-07-08,8.88,8.93,8.71,8.78,2854893,100983496.00
2011-07-11,8.69,8.84,8.57,8.76,2579625,90096496.00
2011-07-12,8.67,8.72,8.55,8.63,2095708,72672960.00
2011-07-13,8.62,9.04,8.60,8.98,3704420,132259424.00
2011-07-14,9.06,9.27,8.97,9.10,3729646,136345296.00
2011-07-18,9.21,9.33,9.04,9.08,2885377,106377568.00
2011-07-19,9.02,9.02,8.69,8.75,2660411,94137496.00
2011-07-20,8.82,8.86,8.57,8.67,2751170,95875696.00
2011-07-21,8.68,8.68,8.34,8.40,3029394,103063440.00
2011-07-22,8.44,8.53,8.32,8.34,3504012,118174920.00
2011-07-25,8.32,8.34,7.72,7.82,3472009,111189208.00
2011-07-26,7.74,7.90,7.72,7.89,1437231,45176020.00
2011-07-27,7.87,8.10,7.75,8.09,2562988,82224120.00
2011-07-28,8.07,8.42,7.99,8.32,4423070,147287424.00
2011-07-29,8.25,8.34,8.02,8.04,2239904,73139832.00
2011-08-01,7.97,8.24,7.92,8.17,1874173,61193556.00
2011-08-02,8.08,8.13,7.72,7.98,2666261,84187152.00
2011-08-03,7.84,8.06,7.72,7.94,2094752,66798868.00
2011-08-04,7.96,8.22,7.96,8.07,2504098,81503248.00
2011-08-05,7.59,7.87,7.58,7.79,3773147,117804664.00
2011-08-08,7.68,7.76,7.01,7.05,3813201,111879344.00
2011-08-09,6.74,6.97,6.39,6.90,3505391,95631680.00
2011-08-10,7.04,7.24,6.97,6.97,3220865,91779584.00
2011-08-11,6.67,7.10,6.67,7.10,3997506,111486208.00
2011-08-12,7.24,7.44,7.20,7.28,4112550,120774032.00
2011-08-15,7.38,7.55,7.29,7.52,3320841,98873944.00
2011-08-16,7.53,7.60,7.37,7.38,2540195,75824776.00
2011-08-17,7.39,7.43,7.27,7.35,1792300,52917484.00
2011-08-18,7.35,7.35,7.12,7.12,2087077,60511848.00
2011-08-19,6.89,7.05,6.88,7.05,2033260,56754920.00
2011-08-22,7.05,7.24,7.05,7.13,1814675,52200484.00
2011-08-23,7.18,7.52,7.18,7.51,3752950,111217840.00
2011-08-24,7.54,7.77,7.39,7.46,3965475,120590520.00
2011-08-25,7.59,7.67,7.44,7.64,3250960,98547016.00
2011-08-26,7.62,7.85,7.57,7.72,3403223,105500792.00
2011-08-29,7.55,7.62,7.46,7.47,3477089,105162568.00
2011-08-30,7.54,7.68,7.27,7.30,2628785,79143680.00
2011-08-31,7.26,7.34,7.05,7.17,2359086,67955600.00
2011-09-01,7.22,7.36,7.14,7.24,2106121,61312192.00
2011-09-02,7.22,7.33,7.09,7.18,1277727,37033240.00
2011-09-05,7.09,7.11,6.99,7.03,1188864,33624644.00
2011-09-06,6.97,7.06,6.89,6.93,1143480,31981906.00
2011-09-07,6.95,7.63,6.95,7.62,5335097,160338480.00
2011-09-08,7.62,7.62,7.34,7.35,3734938,112093280.00
2011-09-09,7.35,7.49,7.30,7.38,1868770,55483432.00
2011-09-13,7.20,7.25,7.04,7.17,1530881,43968264.00
2011-09-14,7.22,7.49,7.12,7.45,1848617,54179248.00
2011-09-15,7.46,7.59,7.41,7.42,2640191,79525264.00
2011-09-16,7.47,7.55,7.40,7.41,1781353,53524732.00
2011-09-19,7.22,7.29,7.19,7.22,1543290,44849188.00
2011-09-20,7.18,7.56,7.14,7.42,2332704,69176608.00
2011-09-21,7.43,7.83,7.39,7.73,4906596,151074176.00
2011-09-22,7.68,7.79,7.49,7.52,3737279,114804848.00
2011-09-23,7.34,7.49,7.23,7.46,2298917,68158888.00
2011-09-26,7.41,7.59,7.37,7.46,2058389,61918832.00
2011-09-27,7.52,7.76,7.52,7.70,3058341,94191640.00
2011-09-28,7.78,8.21,7.78,7.98,8363118,268946432.00
2011-09-29,7.98,7.98,7.72,7.76,4336332,136135072.00
2011-09-30,7.81,7.82,6.98,7.09,4999500,146358992.00
2011-10-10,7.10,7.30,7.10,7.25,2110758,61068516.00
2011-10-11,7.42,7.46,6.88,7.04,2534799,73336224.00
2011-10-12,7.04,7.33,6.79,7.31,2363393,68279200.00
2011-10-13,7.30,7.61,7.23,7.61,3479035,104345560.00
2011-10-14,7.57,7.66,7.38,7.52,2728138,82267512.00
2011-10-17,7.52,7.89,7.52,7.78,4391876,136697024.00
2011-10-18,7.71,7.93,7.59,7.70,4197912,130354720.00
2011-10-19,7.71,7.92,7.64,7.76,3687183,115132216.00
2011-10-20,7.34,7.34,6.98,6.98,4281766,121279712.00
2011-10-21,6.73,6.76,6.28,6.28,4534700,117535632.00
2011-10-24,6.32,6.38,5.72,6.19,3204193,77848160.00
2011-10-25,6.05,6.34,6.01,6.32,3109404,78228504.00
2011-10-26,6.26,6.45,6.19,6.27,3210243,81563912.00
2011-10-27,6.25,6.43,6.16,6.19,2583816,65133244.00
2011-10-28,6.29,6.43,6.19,6.42,3704715,93933656.00
2011-10-31,6.42,6.62,6.37,6.58,3469658,90721584.00
2011-11-01,6.50,6.62,6.42,6.50,2667519,69721480.00
2011-11-02,6.37,6.64,6.27,6.64,3436384,88967720.00
2011-11-03,6.64,7.21,6.64,6.97,6640538,184605968.00
2011-11-04,6.97,7.04,6.85,6.90,3431707,95389920.00
2011-11-07,6.82,6.92,6.77,6.78,2166711,59583240.00
2011-11-08,6.77,6.91,6.69,6.72,2127364,58160320.00
2011-11-09,7.05,7.40,6.86,6.99,4886907,138706016.00
2011-11-10,6.85,7.01,6.80,6.91,2667466,74042360.00
2011-11-11,6.84,6.94,6.84,6.88,1560391,43133136.00
2011-11-14,6.96,7.16,6.94,7.06,3421634,96957976.00
2011-11-15,7.03,7.06,6.97,7.03,2168150,61079436.00
2011-11-16,7.06,7.11,6.72,6.76,2763394,76754776.00
2011-11-17,6.76,6.88,6.73,6.74,2367656,64705060.00
2011-11-18,6.69,6.69,6.31,6.35,2766502,71894032.00
2011-11-21,6.41,6.42,6.19,6.42,1186985,30098076.00
2011-11-22,6.29,6.38,6.25,6.36,863054,21987950.00
2011-11-23,6.37,6.44,6.31,6.33,1144308,29347844.00
2011-11-24,6.23,6.33,6.17,6.25,1203287,30196824.00
2011-11-25,6.19,6.29,6.08,6.08,1272611,31584222.00
2011-11-28,6.08,6.10,5.94,6.02,1104586,26737036.00
2011-11-29,6.10,6.18,6.05,6.18,1403841,34519944.00
2011-11-30,6.17,6.17,5.72,5.81,1890305,44935112.00
2011-12-01,6.01,6.06,5.87,5.95,1649361,39749004.00
2011-12-02,5.85,5.94,5.73,5.81,959092,22486488.00
2011-12-05,5.80,5.84,5.50,5.50,1326777,29980784.00
2011-12-06,5.50,5.56,5.39,5.51,791214,17463846.00
2011-12-07,5.56,5.59,5.48,5.53,776359,17283326.00
2011-12-08,5.51,5.63,5.34,5.54,1318571,29196716.00
2011-12-09,5.47,5.57,5.46,5.52,827362,18354934.00
2011-12-12,5.49,5.58,5.44,5.44,658836,14610991.00
2011-12-13,5.42,5.42,5.19,5.19,1109997,23576926.00
2011-12-14,5.22,5.34,5.11,5.11,881093,18561318.00
2011-12-15,5.07,5.22,4.99,5.08,1342243,27748496.00
2011-12-16,5.08,5.27,5.08,5.27,1311887,27262474.00
2011-12-19,5.22,5.28,5.10,5.27,1487458,31075142.00
2011-12-20,5.25,5.59,5.22,5.39,2474290,54083004.00
2011-12-21,5.41,5.46,5.17,5.17,1475573,31664686.00
2011-12-22,5.11,5.14,4.85,5.06,1540949,31092002.00
2011-12-23,5.05,5.20,4.99,5.12,1416276,29178042.00
2011-12-26,5.07,5.17,5.02,5.03,1011465,20740456.00
2011-12-27,4.97,5.03,4.83,4.85,1593411,31471200.00
2011-12-28,4.80,4.80,4.62,4.76,1228710,23309950.00
2011-12-29,4.71,4.79,4.69,4.71,996192,19013750.00
2011-12-30,4.76,4.81,4.74,4.76,778903,14974386.00
2012-01-04,4.82,4.90,4.66,4.66,1446187,28024812.00
2012-01-05,4.62,4.66,4.32,4.33,1712731,30778038.00
2012-01-06,4.32,4.40,4.18,4.37,1199330,20693298.00
2012-01-09,4.36,4.58,4.24,4.54,1671624,30065836.00
2012-01-10,4.54,4.78,4.51,4.76,2420610,45659608.00
2012-01-11,4.77,4.82,4.70,4.76,2092009,40066824.00
2012-01-12,4.76,4.84,4.67,4.84,2501008,48121624.00
2012-01-13,4.82,4.89,4.35,4.35,4011793,73849608.00
2012-01-16,4.23,4.23,4.04,4.04,3525162,58471688.00
2012-01-17,4.05,4.32,4.04,4.29,1906326,32238312.00
2012-01-18,4.37,4.39,4.09,4.11,2070654,35575540.00
2012-01-19,4.12,4.30,4.11,4.27,1625304,27725724.00
2012-01-20,4.31,4.36,4.25,4.32,1508618,26238694.00
2012-01-30,4.34,4.46,4.32,4.39,2025208,35812328.00
2012-01-31,4.38,4.38,4.27,4.35,1003119,17443530.00
2012-02-01,4.16,4.30,4.10,4.22,1956944,33277798.00
2012-02-02,4.20,4.31,4.17,4.31,1486820,25444260.00
2012-02-03,4.31,4.75,4.26,4.75,6095996,113658160.00
2012-02-06,4.84,4.85,4.69,4.80,5674108,108919616.00
2012-02-07,4.74,4.84,4.70,4.82,5098707,97969408.00
2012-02-08,4.77,4.91,4.72,4.88,4003310,77780776.00
2012-02-09,4.89,5.12,4.83,4.85,5138931,102489480.00
2012-02-10,4.80,4.92,4.72,4.90,2842453,55516568.00
2012-02-13,4.84,5.08,4.80,5.00,3689108,73994488.00
2012-02-14,5.00,5.01,4.90,4.93,2129609,42373712.00
2012-02-15,4.92,5.05,4.87,5.04,3042066,60913048.00
2012-02-16,5.02,5.14,4.94,4.99,2914354,58916320.00
2012-02-17,4.99,5.02,4.86,4.93,1964191,38953800.00
2012-02-20,5.02,5.03,4.93,4.93,2240705,44998240.00
2012-02-21,4.90,5.05,4.87,5.05,2724281,54576976.00
2012-02-22,5.07,5.56,5.06,5.34,9729068,210191824.00
2012-02-23,5.30,5.41,5.27,5.40,4910854,105917168.00
2012-02-24,5.41,5.47,5.35,5.47,3292294,71760376.00
2012-02-27,5.49,5.58,5.38,5.46,4652490,102540968.00
2012-02-28,5.42,5.46,5.23,5.31,2869946,61696748.00
2012-02-29,5.31,5.50,5.27,5.27,2957688,63939112.00
2012-03-01,5.29,5.31,5.17,5.25,2284633,48200648.00
2012-03-02,5.25,5.45,5.25,5.42,3247165,70240776.00
2012-03-05,5.43,5.89,5.43,5.61,6565799,149343312.00
2012-03-06,5.61,5.61,5.43,5.51,3117173,69080360.00
2012-03-07,5.42,5.53,5.36,5.44,2327861,51030204.00
2012-03-08,5.42,5.60,5.42,5.57,2553411,56577708.00
2012-03-09,5.64,5.64,5.50,5.55,3090182,69015872.00
2012-03-12,5.52,5.55,5.38,5.44,3679260,80639272.00
2012-03-13,5.45,5.59,5.45,5.51,2917786,64747176.00
2012-03-14,5.54,5.57,5.04,5.14,5070267,110744096.00
2012-03-15,5.08,5.19,4.92,5.05,3374718,68513208.00
2012-03-16,5.05,5.13,4.95,5.10,2861930,58101104.00
2012-03-19,5.09,5.12,4.99,5.10,2314858,47097124.00
2012-03-20,5.11,5.11,4.97,4.97,1847640,37265400.00
2012-03-21,5.00,5.05,4.93,5.00,1797918,36101832.00
2012-03-22,4.99,5.02,4.94,4.97,1246752,24970710.00
2012-03-23,4.95,4.96,4.76,4.77,1863866,36477076.00
2012-03-26,4.77,4.82,4.71,4.73,1237161,23691688.00
2012-03-27,4.77,4.79,4.70,4.74,963355,18456228.00
2012-03-28,4.74,4.74,4.42,4.44,1873571,34214508.00
2012-03-29,4.44,4.44,4.32,4.35,1364116,24155234.00
2012-03-30,4.42,4.42,4.21,4.29,1604399,27805248.00
2012-04-05,4.29,4.72,4.29,4.72,4483608,82791896.00
2012-04-06,4.71,4.79,4.65,4.73,3643913,69279512.00
2012-04-09,4.68,4.77,4.66,4.76,2467683,46792284.00
2012-04-10,4.74,4.81,4.39,4.63,3602358,66965624.00
2012-04-11,4.61,4.73,4.51,4.73,2582062,48340752.00
2012-04-12,5.09,5.18,4.90,4.97,7463155,150869120.00
2012-04-13,4.92,5.08,4.89,5.04,3331553,67162592.00
2012-04-16,4.95,5.03,4.89,4.95,3159365,63197356.00
2012-04-17,4.97,5.23,4.93,5.00,3757368,75827680.00
2012-04-18,4.97,5.09,4.92,5.07,3263103,65979048.00
2012-04-20,5.07,5.28,5.01,5.20,4392132,91528696.00
2012-04-23,5.13,5.19,4.84,4.89,2784468,56178192.00
2012-04-24,4.86,4.92,4.61,4.70,2550279,48521948.00
2012-04-25,4.74,4.76,4.64,4.76,1630627,30882084.00
2012-04-26,4.77,4.88,4.73,4.82,1864892,36311156.00
2012-04-27,4.86,4.99,4.76,4.93,2248647,44073160.00
2012-05-02,4.96,5.00,4.87,4.96,1793548,35686200.00
2012-05-03,4.97,5.23,4.97,5.17,3611191,74652072.00
2012-05-04,5.18,5.21,5.11,5.17,2027107,42152700.00
2012-05-07,5.14,5.15,5.04,5.15,3598987,73644744.00
2012-05-08,5.16,5.45,5.07,5.36,5905665,124643984.00
2012-05-09,5.29,5.35,5.23,5.29,3590858,76477880.00
2012-05-10,5.32,5.46,5.27,5.37,4512974,97631512.00
2012-05-11,5.35,5.50,5.22,5.25,3681567,79764080.00
2012-05-14,5.33,5.34,5.19,5.28,2767278,58768196.00
2012-05-16,5.29,5.44,5.23,5.31,3635841,78683216.00
2012-05-17,5.32,5.52,5.29,5.49,3391499,74225520.00
2012-05-18,5.47,5.57,5.39,5.47,3247653,71770680.00
2012-05-21,5.47,5.47,5.22,5.28,2501603,53653136.00
2012-05-22,5.30,5.38,5.24,5.32,1985069,42289876.00
2012-05-23,5.29,5.30,5.04,5.11,3343915,69096328.00
2012-05-24,5.09,5.09,4.88,4.94,2586967,51672844.00
2012-05-25,4.97,5.07,4.96,5.04,2253427,45584584.00
2012-05-28,5.06,5.12,4.84,5.12,1545293,31139506.00
2012-05-29,5.15,5.56,5.15,5.48,4586505,99669416.00
2012-05-30,5.52,5.53,5.38,5.45,3396310,74231200.00
2012-05-31,5.38,5.64,5.38,5.60,3928913,88057784.00
2012-06-01,5.61,5.71,5.49,5.57,2793168,62859176.00
2012-06-04,5.41,5.54,5.27,5.34,2459328,53598760.00
2012-06-05,5.34,5.42,5.24,5.24,1894060,40582388.00
2012-06-06,5.29,5.31,5.06,5.09,3540284,36570792.00
2012-06-07,5.17,5.27,5.10,5.19,3082225,32083940.00
2012-06-08,5.27,5.27,4.96,4.98,4000494,40337812.00
2012-06-11,4.96,5.24,4.90,5.15,3663020,37525636.00
2012-06-12,5.17,5.54,5.07,5.43,9468226,101847336.00
2012-06-13,5.40,5.91,5.37,5.91,14868871,169553904.00
2012-06-14,5.82,5.95,5.73,5.76,8722615,101265560.00
2012-06-15,5.78,6.03,5.74,5.88,8978827,106164504.00
2012-06-18,5.92,5.94,5.78,5.88,6031029,70676624.00
2012-06-19,5.88,5.89,5.72,5.73,4523652,52615336.00
2012-06-20,5.77,6.27,5.67,6.10,12712126,153603744.00
2012-06-21,6.05,6.39,5.92,6.22,9053415,111148344.00
2012-06-25,6.09,6.46,6.07,6.19,10099144,127391504.00
2012-06-26,6.12,6.20,5.65,5.88,6832841,80447096.00
2012-06-27,5.84,6.18,5.74,5.95,5747780,69160936.00
2012-06-28,5.95,6.14,5.81,5.84,5608646,67287192.00
2012-06-29,5.70,5.82,5.52,5.69,6202736,70090360.00
2012-07-02,5.74,5.99,5.66,5.94,5684162,67022184.00
2012-07-03,6.01,6.54,6.01,6.54,14325320,182196912.00
2012-07-04,6.49,6.54,6.29,6.49,8439471,108256704.00
2012-07-05,6.42,6.73,6.27,6.51,11309878,149187024.00
2012-07-06,6.52,6.76,6.33,6.70,9207238,121083608.00
2012-07-09,6.59,6.76,6.29,6.32,7948086,103595080.00
2012-07-10,6.29,6.44,6.04,6.09,9047492,111820312.00
2012-07-11,6.08,6.32,6.00,6.32,4660490,57480700.00
2012-07-12,6.28,6.69,6.16,6.62,10484625,135152464.00
2012-07-13,6.52,6.62,6.39,6.43,5379819,69833288.00
2012-07-16,6.39,6.46,6.09,6.13,4883014,61088148.00
2012-07-17,6.04,6.23,6.00,6.22,4127110,50690776.00
2012-07-18,6.20,6.20,5.60,5.81,8215939,95465416.00
2012-07-19,5.72,5.99,5.68,5.90,4426675,51924140.00
2012-07-20,5.91,5.97,5.70,5.74,2750785,32008974.00
2012-07-23,5.64,5.78,5.61,5.75,2970462,33891652.00
2012-07-24,5.67,5.93,5.67,5.85,3470141,40420560.00
2012-07-25,5.81,5.94,5.79,5.83,3033824,35674240.00
2012-07-26,5.81,5.89,5.66,5.67,2883261,33052830.00
2012-07-27,5.70,5.74,5.30,5.32,4549155,49668192.00
2012-07-30,5.27,5.44,5.03,5.08,2907002,30429248.00
2012-07-31,5.09,5.14,4.84,5.00,2610766,26011166.00
2012-08-01,5.04,5.19,5.00,5.13,2683626,27576026.00
2012-08-02,5.12,5.19,5.00,5.05,1696913,17314318.00
2012-08-03,5.04,5.27,5.00,5.22,3163114,32687500.00
2012-08-06,5.17,5.47,5.17,5.40,3206509,34279824.00
2012-08-07,5.40,5.48,5.35,5.46,2545894,27641784.00
2012-08-08,5.49,5.49,5.17,5.32,4506584,47839316.00
2012-08-09,5.29,5.33,5.12,5.31,3331268,34982876.00
2012-08-10,5.32,5.67,5.28,5.59,6655843,73117064.00
2012-08-13,5.49,5.58,5.40,5.41,3416479,37554264.00
2012-08-14,5.38,5.44,5.12,5.31,3731461,39171376.00
2012-08-15,5.28,5.29,5.14,5.15,2494812,25994354.00
2012-08-16,5.12,5.28,5.02,5.04,2910387,29941508.00
2012-08-17,5.04,5.17,4.88,4.99,3704693,37036756.00
2012-08-20,4.93,4.96,4.84,4.89,3136482,30744322.00
2012-08-21,4.92,5.09,4.87,4.99,5248256,52241548.00
2012-08-22,4.99,5.01,4.85,4.87,3812248,37425112.00
2012-08-23,4.87,5.01,4.86,4.98,3407000,33739476.00
2012-08-24,4.94,5.02,4.84,4.85,3281124,32364162.00
2012-08-27,4.86,4.88,4.54,4.60,4611421,42856824.00
2012-08-28,4.60,4.72,4.45,4.65,3951803,36521764.00
2012-08-29,4.66,4.97,4.57,4.87,6003859,58099456.00
2012-08-30,4.84,4.89,4.60,4.77,3149188,29942072.00
2012-08-31,4.79,4.92,4.74,4.89,3157921,30690352.00
2012-09-03,4.95,5.03,4.85,4.98,5171380,51414528.00
2012-09-04,4.95,4.99,4.75,4.79,3845387,37517944.00
2012-09-05,4.80,4.92,4.79,4.84,2768580,26954198.00
2012-09-06,4.86,5.20,4.85,5.03,7260484,73819504.00
2012-09-07,5.06,5.44,5.03,5.34,11369143,119712984.00
2012-09-10,5.29,5.45,5.25,5.40,8785164,94431568.00
2012-09-11,5.39,5.51,5.29,5.44,5522219,59630708.00
2012-09-12,5.45,5.63,5.40,5.43,6378512,70320456.00
2012-09-13,5.42,5.52,5.26,5.27,5926822,63632224.00
2012-09-14,5.34,5.49,5.27,5.37,5920170,63783812.00
2012-09-17,5.32,5.49,5.25,5.25,4931648,53299144.00
2012-09-18,5.20,5.39,5.10,5.35,3522377,36979976.00
2012-09-19,5.35,5.69,5.29,5.65,9297425,103033504.00
2012-09-20,5.59,5.65,5.40,5.40,6554768,72417952.00
2012-09-21,5.32,5.42,5.24,5.29,3587201,38230424.00
2012-09-24,5.26,5.34,5.11,5.25,2885239,30232902.00
2012-09-25,5.23,5.28,4.93,4.94,5332302,53879736.00
2012-09-26,4.94,4.97,4.82,4.84,1914327,18681708.00
2012-09-27,4.81,5.02,4.81,4.93,2901561,28686222.00
2012-09-28,4.91,5.15,4.88,5.14,3447912,34800020.00
2012-10-08,5.14,5.29,5.10,5.23,3570108,37291820.00
2012-10-09,5.24,5.37,5.22,5.34,3096501,32923914.00
2012-10-10,5.30,5.40,5.27,5.39,2535543,27098134.00
2012-10-11,5.35,5.48,5.27,5.30,3764918,40569392.00
2012-10-12,5.31,5.37,5.15,5.25,2152518,22630616.00
2012-10-15,5.27,5.27,5.08,5.27,1716346,17852940.00
2012-10-16,5.24,5.39,5.21,5.29,1959972,20921734.00
2012-10-17,5.31,5.32,5.18,5.24,1941108,20422222.00
2012-10-18,5.23,5.39,5.21,5.37,3279253,34860760.00
2012-10-19,5.38,5.45,5.28,5.35,2746303,29452082.00
2012-10-22,5.33,5.59,5.31,5.53,6569710,72259520.00
2012-10-23,5.53,5.53,5.24,5.25,7619134,81695288.00
2012-10-24,5.20,5.21,5.07,5.11,3899438,40102632.00
2012-10-25,5.09,5.20,5.02,5.03,2980902,30458374.00
2012-10-26,5.04,5.07,4.93,4.97,2163366,21630562.00
2012-10-29,5.01,5.05,4.95,4.99,1475326,14764709.00
2012-10-30,5.02,5.06,4.99,5.04,1167337,11765072.00
2012-10-31,5.07,5.07,4.96,4.97,1219028,12199282.00
2012-11-01,4.98,5.12,4.97,5.10,3156264,32100716.00
2012-11-02,5.10,5.14,5.04,5.07,1711125,17391632.00
2012-11-05,5.08,5.09,4.93,4.94,2634875,26332726.00
2012-11-06,4.96,4.97,4.77,4.85,2491909,24080404.00
2012-11-07,4.82,4.92,4.80,4.85,1597510,15574739.00
2012-11-08,4.84,4.84,4.63,4.63,2826690,26684590.00
2012-11-09,4.59,4.66,4.36,4.39,5908130,53069196.00
2012-11-12,4.40,4.44,4.31,4.43,3511871,30827032.00
2012-11-13,4.50,4.62,4.44,4.44,4184602,37931676.00
2012-11-14,4.44,4.47,4.34,4.44,2068591,18294762.00
2012-11-15,4.40,4.42,4.30,4.33,2024300,17680714.00
2012-11-16,4.36,4.36,4.22,4.24,2151783,18410380.00
2012-11-19,4.25,4.26,4.10,4.21,3867273,32234050.00
2012-11-20,4.22,4.27,4.12,4.15,2631087,22094800.00
2012-11-21,4.15,4.26,4.08,4.25,3356294,28014782.00
2012-11-22,4.25,4.25,4.09,4.15,2935674,24389842.00
2012-11-23,4.17,4.21,4.13,4.15,2543270,21294450.00
2012-11-26,4.16,4.19,4.08,4.08,1810369,14928291.00
2012-11-27,4.07,4.07,3.84,3.86,3577610,27996120.00
2012-11-28,3.83,3.88,3.75,3.84,1993743,15255524.00
2012-11-29,3.84,3.92,3.77,3.77,2177969,16798256.00
2012-11-30,3.77,3.87,3.72,3.82,2013696,15354123.00
2012-12-03,3.80,3.86,3.57,3.59,3079665,22831154.00
2012-12-04,3.58,3.67,3.53,3.65,2674239,19199474.00
2012-12-05,3.62,3.87,3.62,3.83,4013470,30469186.00
2012-12-06,3.81,3.89,3.73,3.79,3162375,24026028.00
2012-12-07,3.79,3.92,3.76,3.91,3815872,29442856.00
2012-12-10,3.91,4.06,3.87,4.03,5859125,46518788.00
2012-12-11,4.01,4.03,3.94,3.95,3723179,29655016.00
2012-12-12,3.96,4.00,3.88,3.96,2482523,19581386.00
2012-12-13,3.94,3.96,3.83,3.85,2574972,20077364.00
2012-12-14,3.82,4.21,3.82,4.09,6937104,56173880.00
2012-12-17,4.14,4.26,4.09,4.15,6062772,50503824.00
2012-12-18,4.13,4.16,4.08,4.10,6877416,56747444.00
2012-12-19,4.09,4.24,4.08,4.16,5734658,47925668.00
2012-12-20,4.16,4.22,4.10,4.22,4624485,38588280.00
2012-12-21,4.21,4.28,4.12,4.16,4315007,36221836.00
2012-12-24,4.14,4.19,4.10,4.13,3320553,27521976.00
2012-12-25,4.12,4.31,4.12,4.27,6677865,56784424.00
2012-12-26,4.27,4.57,4.24,4.54,10545106,92618168.00
2012-12-27,4.49,4.52,4.37,4.43,8430307,74798968.00
2012-12-28,4.39,4.51,4.39,4.46,5701477,50910048.00
2012-12-31,4.43,4.59,4.43,4.58,3813063,34564392.00
2013-01-04,4.61,4.64,4.41,4.44,4360707,39296876.00
2013-01-07,4.42,4.49,4.37,4.48,3503322,31066018.00
2013-01-08,4.48,4.58,4.44,4.57,4950603,44787264.00
2013-01-09,4.56,4.57,4.48,4.54,4402224,39930996.00
2013-01-10,4.52,4.62,4.52,4.58,4736726,43300100.00
2013-01-11,4.57,4.66,4.38,4.42,5343762,48652596.00
2013-01-14,4.36,4.64,4.35,4.64,6774818,61827596.00
2013-01-15,4.64,4.79,4.60,4.79,8422250,79148992.00
2013-01-16,4.78,4.79,4.63,4.75,7051449,66599072.00
2013-01-17,4.44,4.48,4.29,4.32,20667606,180976736.00
2013-01-18,4.33,4.38,4.25,4.33,10086730,87327888.00
2013-01-21,4.34,4.44,4.32,4.39,8169653,71921272.00
2013-01-22,4.37,4.39,4.24,4.28,7114290,61486172.00
2013-01-23,4.27,4.28,4.19,4.25,6006815,50909316.00
2013-01-24,4.34,4.38,4.12,4.17,5198106,44165832.00
2013-01-25,4.16,4.17,4.01,4.02,7714483,62818156.00
2013-01-28,4.01,4.16,4.01,4.14,6511555,53337296.00
2013-01-29,4.15,4.26,4.12,4.21,8484808,71097544.00
2013-01-30,4.19,4.20,4.10,4.14,4482995,37241956.00
2013-01-31,4.13,4.18,4.09,4.15,4130554,34318896.00
2013-02-01,4.12,4.21,4.12,4.19,5054474,42181772.00
2013-02-04,4.20,4.21,4.08,4.11,4285431,35376292.00
2013-02-05,4.09,4.15,4.07,4.14,2820068,23240672.00
2013-02-06,4.14,4.23,4.12,4.20,4528883,38102864.00
2013-02-07,4.19,4.26,4.16,4.22,4503300,37836856.00
2013-02-08,4.15,4.23,4.11,4.21,9574186,80587080.00
2013-02-18,4.22,4.34,4.20,4.32,8758527,75080112.00
2013-02-19,4.32,4.41,4.24,4.37,9633572,83562040.00
2013-02-20,4.34,4.51,4.33,4.49,8620294,76559208.00
2013-02-21,4.48,4.48,4.35,4.38,6092031,53769404.00
2013-02-22,4.34,4.43,4.34,4.36,4106247,36065176.00
2013-02-25,4.35,4.51,4.34,4.50,6609522,58937900.00
2013-02-26,4.48,4.53,4.38,4.38,4768316,42499496.00
2013-02-27,4.39,4.46,4.28,4.32,3604565,31404932.00
2013-02-28,4.34,4.43,4.32,4.41,5027930,44172608.00
2013-03-01,4.39,4.56,4.35,4.56,8173570,73476488.00
2013-03-04,4.52,4.53,4.37,4.42,6227758,55582788.00
2013-03-05,4.42,4.57,4.39,4.56,4935821,44635092.00
2013-03-06,4.57,4.71,4.56,4.66,6977858,64855676.00
2013-03-07,4.64,4.72,4.59,4.68,5358225,50108992.00
2013-03-08,4.68,4.82,4.61,4.72,6870346,65499660.00
2013-03-11,4.75,4.76,4.60,4.61,3948583,36858084.00
2013-03-12,4.59,4.64,4.40,4.46,5113424,46170016.00
2013-03-13,4.44,4.52,4.37,4.48,2382798,21248782.00
2013-03-14,4.44,4.52,4.42,4.43,1637167,14619146.00
2013-03-15,4.43,4.52,4.39,4.43,3191908,28465798.00
2013-03-18,4.44,4.48,4.37,4.37,2217418,19568666.00
2013-03-19,4.37,4.42,4.33,4.39,2159113,18953642.00
2013-03-20,4.41,4.49,4.38,4.48,3492712,31147444.00
2013-03-21,4.47,4.60,4.44,4.59,4977134,45463332.00
2013-03-22,4.58,4.68,4.54,4.67,5235659,48701056.00
2013-03-25,4.67,4.70,4.58,4.60,2642446,24443042.00
2013-03-26,4.60,4.70,4.59,4.67,5758884,53852680.00
2013-03-27,4.64,4.73,4.56,4.61,3209660,29768768.00
2013-03-28,4.59,4.79,4.50,4.60,5351582,50006860.00
2013-03-29,4.57,5.06,4.54,4.97,14116860,137313616.00
2013-04-01,4.92,5.02,4.81,4.90,10812067,106489584.00
2013-04-02,4.86,4.97,4.75,4.79,7285990,70645312.00
2013-04-03,4.81,5.04,4.76,5.02,11158032,110696336.00
2013-04-08,4.92,5.10,4.84,4.97,9171464,91454792.00
2013-04-09,4.93,5.07,4.86,4.97,8035635,80142072.00
2013-04-10,4.95,5.34,4.94,5.24,14042636,145493232.00
2013-04-11,5.22,5.27,5.10,5.13,7558443,78071648.00
2013-04-12,5.16,5.28,5.12,5.18,5184181,53798868.00
2013-04-15,5.14,5.17,4.94,5.00,6613706,66422564.00
2013-04-16,4.96,5.07,4.93,5.02,3614444,36255992.00
2013-04-17,5.02,5.25,5.00,5.23,6096875,62617444.00
2013-04-18,5.18,5.50,5.14,5.39,10417146,111609480.00
2013-04-19,5.34,5.47,5.29,5.39,7476215,80556328.00
2013-04-22,5.37,5.56,5.30,5.40,6305044,68023504.00
2013-04-23,5.39,5.39,5.15,5.22,6132789,64511976.00
2013-04-24,5.22,5.44,5.17,5.44,5182229,55263292.00
2013-04-25,5.38,5.54,5.33,5.38,7367210,80343376.00
2013-04-26,5.38,5.40,5.16,5.19,4972889,52134404.00
2013-05-02,5.19,5.19,5.04,5.16,2722965,27847932.00
2013-05-03,5.16,5.39,5.07,5.37,4184364,44356976.00
2013-05-06,5.32,5.39,5.21,5.22,8872117,93817120.00
2013-05-07,5.24,5.24,5.08,5.17,6663154,68517664.00
2013-05-08,5.14,5.27,5.07,5.24,7708728,80045624.00
2013-05-09,5.23,5.54,5.15,5.51,13152361,141864864.00
2013-05-10,5.48,5.66,5.43,5.56,7460632,82915168.00
2013-05-13,5.57,5.72,5.49,5.67,6183360,69612144.00
2013-05-14,5.67,5.68,5.56,5.56,5308458,59562484.00
2013-05-15,5.55,5.91,5.49,5.84,6747644,77473072.00
2013-05-16,5.78,6.18,5.76,6.14,10820518,130651496.00
2013-05-17,6.12,6.57,6.03,6.42,13202969,168177744.00
2013-05-20,6.43,6.58,6.28,6.44,10234945,131129704.00
2013-05-21,6.42,6.68,6.32,6.51,7722745,101130424.00
2013-05-22,6.46,6.63,6.28,6.31,8476025,109221048.00
2013-05-23,6.24,6.52,6.22,6.36,5170148,66405248.00
2013-05-24,6.32,6.71,6.32,6.63,10171837,132889624.00
2013-05-27,6.63,6.69,6.43,6.52,5584799,72904120.00
2013-05-28,6.53,6.58,6.33,6.39,4944709,63555244.00
2013-05-29,6.39,6.55,6.34,6.49,4370594,56745760.00
2013-05-30,6.49,6.80,6.37,6.73,8772445,115400544.00
2013-05-31,6.69,7.04,6.54,6.62,7323698,99050288.00
2013-06-03,6.58,6.66,6.44,6.49,4365905,57110896.00
2013-06-04,6.49,6.63,6.42,6.55,3987627,51978236.00
2013-06-05,6.53,6.59,6.44,6.46,3368793,43773968.00
2013-06-06,6.44,6.73,6.43,6.62,4347086,57556628.00
2013-06-07,6.63,6.99,6.59,6.87,7142045,97816656.00
2013-06-13,6.84,6.84,6.18,6.69,6499193,85686528.00
2013-06-14,6.63,7.14,6.63,7.09,9319065,129967408.00
2013-06-17,7.08,7.38,6.99,7.11,9637068,137635584.00
2013-06-18,7.18,7.18,6.89,6.96,5416748,75814112.00
2013-06-19,6.87,6.94,6.74,6.86,4180706,57280988.00
2013-06-20,6.84,6.86,6.45,6.54,4948809,66214232.00
2013-06-21,6.43,6.88,6.34,6.79,4310201,57450944.00
2013-06-24,6.78,6.78,6.25,6.31,3707914,48155540.00
2013-06-25,6.28,6.45,5.79,6.37,5408906,67275936.00
2013-06-26,6.39,6.81,6.31,6.72,4193238,55325252.00
2013-06-27,6.74,6.87,6.54,6.73,4868090,65916948.00
2013-06-28,6.55,6.95,6.50,6.75,3892390,52878404.00
2013-07-01,6.69,7.15,6.66,7.10,5083269,71101272.00
2013-07-02,7.09,7.61,7.07,7.52,7334289,108303752.00
2013-07-03,7.47,7.87,7.29,7.80,7281224,110151704.00
2013-07-04,7.72,7.94,7.63,7.67,5137255,79761000.00
2013-07-05,7.67,7.89,7.59,7.59,3866211,59932868.00
2013-07-08,7.48,7.72,7.04,7.46,4390723,65811532.00
2013-07-09,7.39,7.71,7.39,7.67,3540802,53985224.00
2013-07-10,7.69,7.76,7.60,7.70,2181562,33565832.00
2013-07-11,7.70,7.92,7.50,7.84,4755284,73773496.00
2013-07-12,7.75,8.08,7.74,7.82,4286215,67925096.00
2013-07-15,7.44,7.97,7.44,7.64,4783657,73957864.00
2013-07-16,7.67,8.13,7.64,8.07,4737852,75161912.00
2013-07-17,8.13,8.17,7.74,7.74,4848496,77084288.00
2013-07-18,7.57,7.99,7.57,7.82,3083030,48145912.00
2013-07-19,7.71,7.98,7.61,7.69,2862004,44772108.00
2013-07-22,7.64,7.97,7.64,7.93,3746950,58953096.00
2013-07-23,7.82,8.08,7.82,7.97,5162708,82187848.00
2013-07-24,7.99,7.99,7.81,7.89,2363730,37235384.00
2013-07-25,7.89,7.94,7.67,7.69,2074440,32202866.00
2013-07-26,7.59,7.73,7.49,7.62,2114781,32216580.00
2013-07-29,7.54,7.80,7.50,7.68,3391603,52209532.00
2013-07-30,7.67,7.73,7.53,7.65,1331127,20314306.00
2013-07-31,7.67,7.87,7.67,7.75,1365034,21256670.00
2013-08-01,7.65,7.92,7.59,7.90,2397716,37593476.00
2013-08-02,7.90,8.06,7.83,8.06,3496965,55817140.00
2013-08-05,8.09,8.39,7.99,8.21,5013799,81757232.00
2013-08-06,8.14,8.27,8.04,8.13,2894779,47166636.00
2013-08-07,8.22,8.22,7.89,7.92,2996410,48276892.00
2013-08-08,7.84,8.01,7.82,7.93,1879046,29839438.00
2013-08-09,7.93,7.99,7.87,7.93,1343476,21289968.00
2013-08-12,7.95,8.11,7.89,8.04,2859603,45918216.00
2013-08-13,8.11,8.14,7.97,8.05,2583225,41718172.00
2013-08-14,8.09,8.09,7.93,8.00,1717595,27440174.00
2013-08-15,7.99,7.99,7.89,7.89,1438112,22810468.00
2013-08-16,7.89,8.04,7.82,7.83,1367369,21607776.00
2013-08-19,7.86,8.07,7.79,8.07,1885396,30221276.00
2013-08-20,8.07,8.09,7.94,7.97,1061318,17013654.00
2013-08-21,7.96,8.07,7.92,8.03,982041,15760657.00
2013-08-22,8.06,8.35,7.98,8.22,4715015,77159136.00
2013-08-23,8.17,8.57,8.17,8.47,4849896,81320400.00
2013-08-26,8.55,8.55,8.29,8.52,2939266,49305232.00
2013-08-27,8.50,8.63,8.45,8.52,2556462,43751688.00
2013-08-28,8.50,8.58,8.46,8.53,3299891,56134904.00
2013-08-29,8.53,8.62,8.34,8.39,3965086,67024612.00
2013-08-30,8.34,8.49,8.19,8.22,3328605,55336552.00
2013-09-02,8.14,8.38,8.09,8.30,1962439,32264216.00
2013-09-03,8.29,8.42,8.24,8.30,1569701,26201140.00
2013-09-04,8.29,8.40,8.22,8.30,836010,13875884.00
2013-09-05,8.30,8.38,8.24,8.34,950145,15841400.00
2013-09-06,8.34,8.41,8.29,8.38,1525979,25539986.00
2013-09-09,8.40,8.48,8.37,8.45,2086500,35218184.00
2013-09-10,8.57,8.57,8.38,8.42,2881612,48603500.00
2013-09-11,8.41,8.56,8.37,8.56,2359117,40015784.00
2013-09-12,8.59,8.59,8.38,8.38,1849943,31362310.00
2013-09-13,8.34,8.43,8.32,8.34,1442902,24167452.00
2013-09-16,8.33,8.49,8.33,8.34,1284149,21510602.00
2013-09-17,8.34,8.82,8.30,8.77,5327953,92043504.00
2013-09-18,8.82,9.18,8.76,8.99,4012590,71590904.00
2013-09-23,8.84,9.84,8.75,9.69,5830898,109467240.00
2013-09-24,9.70,9.84,9.55,9.77,2942674,57489932.00
2013-09-25,9.79,9.83,9.46,9.51,2572421,49455380.00
2013-09-26,9.39,10.31,9.39,10.11,4472880,89107736.00
2013-09-27,10.11,10.58,10.11,10.38,3689916,76525552.00
2013-09-30,10.18,10.59,10.18,10.59,2946882,61313888.00
2013-10-08,10.59,11.65,10.59,11.54,3724954,84389080.00
2013-10-09,11.44,11.99,11.29,11.74,2665685,62354372.00
2013-10-10,11.79,12.32,11.61,12.16,3053556,74109472.00
2013-10-11,12.24,12.39,11.67,12.07,4515931,108098200.00
2013-10-14,11.82,12.14,11.82,11.91,2012724,48184044.00
2013-10-15,11.92,11.99,10.72,10.76,6816227,152878016.00
2013-10-16,10.74,11.24,10.37,10.83,4825076,104999848.00
2013-10-17,10.89,11.02,10.60,10.64,3049451,65834156.00
2013-10-18,10.50,10.96,10.50,10.91,2344079,50510012.00
2013-10-21,10.85,11.39,10.85,11.03,3319760,73522072.00
2013-10-22,11.03,11.03,10.65,10.84,2805876,60516960.00
2013-10-23,10.85,10.92,10.65,10.74,2160702,46384272.00
2013-10-24,10.64,10.84,10.64,10.69,1263975,27155440.00
2013-10-25,10.68,10.79,9.64,9.84,2967867,61028768.00
2013-10-28,9.84,10.27,9.84,10.04,3018710,61114748.00
2013-10-29,10.19,10.53,9.95,10.19,1987591,40616888.00
2013-10-30,10.34,10.66,10.24,10.59,2999955,62919760.00
2013-10-31,10.72,10.83,10.55,10.69,1514360,32558016.00
2013-11-01,10.62,10.88,10.62,10.83,1680937,36184208.00
2013-11-04,10.82,11.21,10.80,11.11,1516677,33594312.00
2013-11-05,11.21,11.24,10.93,11.12,2194895,48437056.00
2013-11-06,11.22,11.22,10.58,10.67,4149968,89019520.00
2013-11-07,10.67,11.04,10.39,10.82,2991410,64991516.00
2013-11-08,10.75,10.97,10.69,10.79,1324655,28673764.00
2013-11-11,10.79,10.79,10.14,10.38,4722335,98648000.00
2013-11-12,10.38,10.44,9.98,10.24,3257292,66704060.00
2013-11-13,10.24,10.38,10.04,10.19,1678504,34185360.00
2013-11-14,10.14,10.29,9.89,10.26,1415885,28578298.00
2013-11-15,10.47,10.47,10.15,10.27,1289544,26481662.00
2013-11-18,10.27,10.37,10.03,10.15,1763671,35867720.00
2013-11-19,10.15,10.17,9.93,10.11,1564730,31392914.00
2013-11-20,10.11,10.18,9.98,10.13,1071746,21619590.00
2013-11-21,10.13,10.35,10.10,10.29,2542976,52104860.00
2013-11-22,10.28,10.99,10.28,10.62,3123429,66890812.00
2013-11-25,10.64,10.84,10.64,10.79,2591377,55806784.00
2013-11-26,10.74,10.78,9.94,10.39,2959704,61461800.00
2013-11-27,10.37,10.40,10.19,10.38,1297144,26730090.00
2013-11-28,10.33,10.48,10.24,10.34,1427082,29691468.00
2013-11-29,10.38,10.42,10.31,10.35,749354,15530196.00
2013-12-02,10.23,10.27,9.64,9.89,3456548,69068336.00
2013-12-03,9.89,10.09,9.71,9.99,1047303,20914752.00
2013-12-04,9.94,10.22,9.80,9.97,905079,18225094.00
2013-12-05,9.94,10.06,9.88,9.91,885295,17583458.00
2013-12-06,9.87,9.99,9.84,9.91,936782,18549924.00
2013-12-09,9.91,10.02,9.84,10.01,1068988,21326170.00
2013-12-10,10.07,10.14,9.85,9.93,833793,16560523.00
2013-12-11,9.98,9.98,9.70,9.91,733082,14402669.00
2013-12-12,9.95,10.07,9.85,10.05,973795,19437230.00
2013-12-13,9.99,10.18,9.94,10.15,1286948,25953296.00
2013-12-16,10.11,10.94,10.11,10.61,2722859,57838048.00
2013-12-17,10.61,10.79,10.50,10.52,2478665,52406860.00
2013-12-18,10.77,10.77,10.29,10.47,949862,19918622.00
2013-12-19,10.40,10.61,10.40,10.50,780772,16426680.00
2013-12-20,10.50,10.55,10.25,10.31,1503510,31472578.00
2013-12-23,10.16,10.39,10.02,10.24,1122557,22945712.00
2013-12-24,10.12,10.42,10.12,10.24,602311,12438266.00
2013-12-25,10.16,10.53,10.16,10.53,2228794,46690584.00
2013-12-26,10.58,10.62,10.37,10.52,2000509,41792160.00
2013-12-27,10.61,10.75,10.51,10.62,1574028,33575160.00
2013-12-30,10.63,10.74,10.36,10.44,1865840,39114716.00
2013-12-31,10.36,10.48,10.24,10.43,589545,12285798.00
2014-01-02,10.43,10.48,10.29,10.38,1029933,21394688.00
2014-01-03,10.42,10.72,10.31,10.70,1868063,39282612.00
2014-01-06,10.72,10.87,10.52,10.59,2142452,45771152.00
2014-01-07,10.52,10.72,10.47,10.71,1734508,36887548.00
2014-01-08,10.71,11.57,10.71,11.43,6255249,140792880.00
2014-01-09,11.38,11.52,11.21,11.39,2391511,54476620.00
2014-01-10,11.40,11.83,11.33,11.58,2575675,59530228.00
2014-01-14,11.58,11.58,10.74,11.30,2498308,56295636.00
2014-01-15,11.30,11.47,11.17,11.30,1666463,37729276.00
2014-01-16,11.32,11.54,11.19,11.47,1667584,38067644.00
2014-01-17,11.42,11.99,11.42,11.69,3131562,73857200.00
2014-01-20,11.50,11.76,11.32,11.43,1803426,41258980.00
2014-01-21,11.41,11.52,11.25,11.40,1309666,29789670.00
2014-01-22,11.25,11.74,11.25,11.74,1303144,30006078.00
2014-01-23,11.78,11.83,11.51,11.68,1538712,35838136.00
2014-01-24,11.57,11.88,11.54,11.57,1782586,41648188.00
2014-01-27,11.59,11.84,11.54,11.71,1484081,34679308.00
2014-01-28,11.77,11.79,11.34,11.38,1710024,39596152.00
2014-01-29,11.27,11.72,11.27,11.58,757002,17491622.00
2014-01-30,11.64,12.12,11.44,11.98,1574978,37507496.00
2014-02-07,11.90,12.83,11.88,12.75,2696925,67412536.00
2014-02-10,12.84,13.09,12.62,12.90,1588036,40745484.00
2014-02-11,12.89,12.92,12.47,12.54,2220747,56171608.00
2014-02-12,12.54,12.54,12.20,12.34,1757258,43418248.00
2014-02-13,12.24,12.49,11.84,11.85,2455337,60048348.00
2014-02-14,11.89,12.16,11.49,12.14,1932413,45755596.00
2014-02-17,12.14,12.63,11.93,12.45,2003503,48761720.00
2014-02-18,12.42,12.44,12.14,12.21,900906,22105634.00
2014-02-19,12.21,12.44,12.02,12.25,1651623,40246964.00
2014-02-20,12.24,12.24,11.66,11.70,1785193,42685408.00
2014-02-21,11.68,11.84,11.52,11.59,1382309,32353606.00
2014-02-24,11.52,11.88,11.52,11.70,1079555,25282838.00
2014-02-25,11.60,11.74,10.53,10.57,2917742,64219204.00
2014-02-26,10.56,11.18,10.14,10.91,2428714,52042248.00
2014-02-27,10.90,10.97,10.49,10.73,1539295,32950902.00
2014-02-28,10.59,10.82,10.34,10.72,862934,18266970.00
2014-03-03,10.70,10.84,10.58,10.69,1183042,25440566.00
2014-03-04,10.69,10.86,10.66,10.77,1485874,31944696.00
2014-03-05,10.78,10.96,10.72,10.91,1102090,23917500.00
2014-03-06,10.84,10.89,10.66,10.77,1214520,26171466.00
2014-03-07,10.77,10.89,10.52,10.53,1025978,21893674.00
2014-03-10,10.54,10.55,10.07,10.39,2505562,51508604.00
2014-03-11,10.26,10.35,9.99,10.27,1415710,28977796.00
2014-03-12,10.39,10.39,9.99,10.28,816298,16563061.00
2014-03-13,10.29,11.00,10.20,10.95,2576430,55157804.00
2014-03-14,10.92,11.09,10.69,10.98,844897,18301212.00
2014-03-17,10.95,11.20,10.95,11.01,1497232,33081132.00
2014-03-18,10.79,11.38,10.79,11.29,1108237,24816812.00
2014-03-19,11.20,11.37,11.10,11.29,1200029,26916818.00
2014-03-20,11.16,11.30,10.90,10.98,870408,19401516.00
2014-03-21,10.98,11.48,10.87,11.47,3308204,73738896.00
2014-03-24,11.47,11.49,11.14,11.45,2724437,61596032.00
2014-03-25,11.41,11.80,11.35,11.47,1088358,25163712.00
2014-03-26,11.35,11.58,11.24,11.28,1021441,23213602.00
2014-03-27,11.28,11.47,10.89,10.89,1658842,36654544.00
2014-03-28,10.92,11.08,10.52,10.74,835047,18058258.00
2014-03-31,10.70,10.77,10.51,10.59,626144,13306759.00
2014-04-01,10.49,10.75,10.49,10.70,699296,14929098.00
2014-04-02,10.84,11.31,10.70,10.75,848709,18564320.00
2014-04-03,10.77,11.31,10.74,11.09,1167425,25807648.00
2014-04-04,10.90,11.59,10.90,11.44,2077079,47392224.00
2014-04-08,11.34,11.49,11.25,11.39,1082033,24604772.00
2014-04-09,11.34,11.49,11.33,11.43,525130,11975891.00
2014-04-10,11.33,11.34,10.28,10.59,5916103,126568728.00
2014-04-11,10.43,10.59,10.18,10.47,2436725,50556760.00
2014-04-14,10.42,10.82,10.39,10.76,1838061,39324816.00
2014-04-15,10.75,10.83,10.55,10.63,542182,11599099.00
2014-04-16,10.56,10.69,10.41,10.61,496665,10515867.00
2014-04-17,10.52,10.80,10.52,10.78,897246,19286946.00
2014-04-18,10.79,10.88,10.52,10.66,708622,15163010.00
2014-04-21,10.54,10.68,10.44,10.44,514615,10839838.00
2014-04-22,10.44,10.56,10.31,10.33,581176,12089837.00
2014-04-23,10.33,10.44,10.19,10.29,685480,14158513.00
2014-04-24,10.20,10.54,10.20,10.52,614661,12799720.00
2014-04-25,10.54,10.69,10.19,10.44,765661,15898634.00
2014-04-28,10.37,10.40,9.80,10.07,848700,17000894.00
2014-04-29,10.08,10.49,9.90,10.39,654778,13270019.00
2014-04-30,10.34,10.48,10.24,10.38,263153,5467616.50
2014-05-05,10.21,10.65,10.20,10.52,481618,10170339.00
2014-05-06,10.52,10.89,10.52,10.74,944201,20351550.00
2014-05-07,10.78,10.78,10.49,10.66,275212,5839670.00
2014-05-08,10.66,10.82,10.53,10.59,485432,10387644.00
2014-05-09,10.58,10.72,10.51,10.63,269232,5707334.50
2014-05-12,10.68,10.81,10.63,10.74,573936,12323538.00
2014-05-13,10.71,10.79,10.64,10.66,300156,6429002.50
2014-05-14,10.62,10.77,10.62,10.70,488392,10486524.00
2014-05-15,10.69,10.78,10.33,10.35,600029,12668233.00
2014-05-16,10.34,10.47,10.24,10.41,251767,5231932.00
2014-05-19,10.42,10.54,10.25,10.52,325264,6808111.00
2014-05-20,10.49,10.67,10.36,10.39,277472,5816905.00
2014-05-21,10.34,10.54,10.32,10.41,128280,2666704.75
2014-05-22,10.47,10.59,10.38,10.39,266715,5577639.00
2014-05-23,10.48,10.49,10.28,10.38,516490,10689959.00
2014-05-26,10.45,10.54,10.33,10.40,352828,7332376.00
2014-05-27,10.34,10.39,10.11,10.19,542817,11121568.00
2014-05-28,10.17,10.26,10.14,10.18,973085,19843648.00
2014-05-29,10.05,10.74,9.99,10.49,3280395,69074488.00
2014-05-30,10.46,10.48,10.29,10.31,855530,17728502.00
2014-06-03,10.31,10.47,10.31,10.42,827078,17263870.00
2014-06-04,10.30,10.45,9.99,10.39,822419,16832378.00
2014-06-05,10.30,10.45,10.30,10.41,415665,8651089.00
2014-06-06,10.44,10.47,10.25,10.26,428936,8882265.00
2014-06-09,10.26,10.38,10.17,10.18,561097,11564277.00
2014-06-10,10.29,10.34,10.21,10.32,519896,10715008.00
2014-06-11,10.32,10.49,10.28,10.43,869655,18111686.00
2014-06-12,10.49,10.49,10.36,10.43,858985,17894588.00
2014-06-13,10.33,10.49,10.33,10.44,339575,7080289.00
2014-06-16,10.44,10.69,10.40,10.66,1242467,26380070.00
2014-06-17,10.80,10.80,10.44,10.59,2163376,23012562.00
2014-06-18,10.63,11.35,10.55,10.89,6865970,75318152.00
2014-06-19,10.99,11.11,10.15,10.33,4189696,44291392.00
2014-06-20,10.30,10.42,10.15,10.35,2760738,28355604.00
2014-06-23,10.35,10.50,10.19,10.28,2411290,24889050.00
2014-06-24,10.28,10.36,10.06,10.10,3126635,31700080.00
2014-06-25,10.11,10.18,9.90,10.09,1654436,16579781.00
2014-06-26,10.10,10.15,9.98,10.04,2448652,24561524.00
2014-06-27,10.04,10.12,9.97,10.04,2881220,29013866.00
2014-06-30,10.00,10.11,9.99,10.11,3587305,36114864.00
2014-07-01,10.11,10.11,9.96,10.10,1856928,18667152.00
2014-07-02,10.17,10.22,9.98,10.00,3602428,36175604.00
2014-07-03,10.00,10.05,9.94,9.96,3372165,33646860.00
2014-07-04,9.99,10.04,9.89,9.95,3500908,34846608.00
2014-07-07,9.97,9.99,9.80,9.95,2522643,24955380.00
2014-07-08,9.96,9.96,9.63,9.83,3495640,34244376.00
2014-07-09,9.83,9.92,9.70,9.87,3027732,29668916.00
2014-07-10,9.87,9.93,9.70,9.74,1384755,13576120.00
2014-07-11,9.83,9.83,9.56,9.67,3428437,33153084.00
2014-07-14,9.68,10.06,9.49,9.95,8416066,82042272.00
2014-07-15,9.96,10.20,9.81,9.89,8062679,80512936.00
2014-07-16,9.81,9.91,9.69,9.71,1842132,18035412.00
2014-07-17,9.71,9.76,9.59,9.63,1728512,16665511.00
2014-07-18,9.62,9.64,9.54,9.62,1388720,13311879.00
2014-07-21,9.56,9.82,9.55,9.72,1424882,13879910.00
2014-07-22,9.68,10.18,9.68,9.92,4011566,39943448.00
2014-07-23,9.89,10.07,9.71,9.78,2351877,23294028.00
2014-07-24,9.70,9.80,9.60,9.76,1693670,16436583.00
2014-07-25,9.76,9.91,9.66,9.86,1495653,14673231.00
2014-07-28,9.86,10.01,9.84,9.93,3774041,37514508.00
2014-07-29,9.96,10.01,9.88,9.95,2896515,28813984.00
2014-07-30,9.95,10.14,9.90,10.12,4117496,41292432.00
2014-07-31,10.12,10.13,10.02,10.09,2342470,23598642.00
2014-08-01,10.09,10.09,9.93,9.94,2038060,20393258.00
2014-08-04,9.96,10.29,9.92,10.18,3492039,35297164.00
2014-08-05,10.25,10.57,10.13,10.53,6777070,70705928.00
2014-08-06,10.68,10.75,10.46,10.57,4314662,45561484.00
2014-08-07,10.57,10.61,10.40,10.47,3175025,33363950.00
2014-08-08,10.40,10.52,10.36,10.45,3255865,33919828.00
2014-08-11,10.45,10.60,10.37,10.51,2292700,24016820.00
2014-08-12,10.51,10.57,10.45,10.49,2429412,25490624.00
2014-08-13,10.50,10.52,10.29,10.40,2447222,25496140.00
2014-08-14,10.42,10.72,10.42,10.65,5436750,57811436.00
2014-08-15,10.65,10.84,10.55,10.82,4387103,47045100.00
2014-08-18,10.85,11.80,10.80,11.78,11696868,134222640.00
2014-08-19,11.96,11.97,11.45,11.74,7491123,86931880.00
2014-08-20,11.76,11.77,11.47,11.51,4353627,50417196.00
2014-08-21,11.50,11.65,11.34,11.49,3836972,44023080.00
2014-08-22,11.49,11.61,11.43,11.60,3228684,37296536.00
2014-08-25,11.70,11.85,11.53,11.57,4762078,55623444.00
2014-08-26,11.52,11.60,11.17,11.48,3674347,41929404.00
2014-08-27,11.36,11.50,11.23,11.35,1790786,20304570.00
2014-08-28,11.36,11.39,10.94,11.19,3706309,41165848.00
2014-08-29,11.19,11.19,10.99,11.09,2829871,31284084.00
2014-09-01,11.12,11.32,11.04,11.32,4330844,48451256.00
2014-09-02,11.30,11.35,11.19,11.27,6791164,76440184.00
2014-09-03,11.30,11.82,11.25,11.79,12729649,147914016.00
2014-09-04,11.70,11.95,11.60,11.80,8019075,94938112.00
2014-09-05,11.81,12.18,11.71,12.13,6337643,75915064.00
2014-09-09,12.18,12.38,11.87,12.13,9369990,113621736.00
2014-09-10,12.08,12.84,11.90,12.62,19529597,242826896.00
2014-09-11,12.50,13.15,12.40,12.66,19021171,242406592.00
2014-09-12,12.70,13.17,12.67,13.11,10322407,133310552.00
2014-09-15,13.01,13.97,12.90,13.86,12457168,167482832.00
2014-09-16,13.80,13.95,13.06,13.07,15719418,211458288.00
2014-09-17,13.05,13.15,12.49,12.83,9621746,122580552.00
2014-09-18,12.68,13.25,12.66,12.83,6451007,83730272.00
2014-09-19,12.82,13.23,12.82,12.97,5564721,72337224.00
2014-09-22,12.96,13.30,12.80,12.87,7032684,91619064.00
2014-09-23,12.89,13.23,12.87,13.11,4273672,56029064.00
2014-09-24,13.13,13.20,13.00,13.10,4524380,59194428.00
2014-09-25,13.15,13.34,12.95,13.00,5962873,78116584.00
2014-09-26,12.95,13.02,12.57,12.85,6525355,83660328.00
2014-09-29,12.85,13.02,12.79,12.88,4881269,62782556.00
2014-09-30,12.81,13.27,12.81,13.27,6219209,81294808.00
2014-10-08,13.30,14.41,13.10,14.22,18152899,253617696.00
2014-10-09,14.21,15.15,14.01,14.75,17379769,251191088.00
2014-10-10,14.65,15.11,14.41,14.80,14343982,213677152.00
2014-10-13,14.82,15.50,14.82,15.26,13648135,207265184.00
2014-10-14,15.49,15.55,14.81,14.93,8834909,133906112.00
2014-10-15,14.88,14.96,14.58,14.75,6567277,96879672.00
2014-10-16,14.75,14.77,14.35,14.47,7542694,109623944.00
2014-10-17,14.45,15.02,14.14,14.92,6825785,99602504.00
2014-10-20,14.94,15.30,14.82,15.23,8229504,124520248.00
2014-10-21,15.23,15.29,14.67,15.10,5506895,82205984.00
2014-10-22,15.00,15.06,14.52,14.58,4458883,65634320.00
2014-10-23,14.44,14.65,14.00,14.07,5391090,76718944.00
2014-10-24,14.06,14.44,14.00,14.07,3322743,47062084.00
2014-10-27,14.06,14.55,14.01,14.42,3175319,45294060.00
2014-10-28,14.42,14.81,14.41,14.55,4286713,62556436.00
2014-10-29,14.60,14.71,14.33,14.48,5685998,82697112.00
2014-10-30,14.48,14.54,14.15,14.32,4693767,67007580.00
2014-10-31,14.28,14.39,14.12,14.22,3536098,50252668.00
2014-11-03,14.26,14.28,13.84,14.01,5764142,80747152.00
2014-11-04,14.00,14.13,13.46,13.54,8171463,111742008.00
2014-11-05,13.54,13.70,13.20,13.33,6477319,86776152.00
2014-11-06,13.38,13.67,13.11,13.63,5745437,77105952.00
2014-11-07,13.65,13.78,13.44,13.48,4592028,62332036.00
2014-11-10,13.51,13.59,13.28,13.37,2657060,35608772.00
2014-11-11,13.38,13.40,12.58,12.69,6443688,83318296.00
2014-11-12,12.66,13.10,12.62,12.79,3859703,49624320.00
2014-11-13,12.83,12.86,12.15,12.40,4998763,61747352.00
2014-11-14,12.38,12.63,12.15,12.60,2815333,35013384.00
2014-11-17,12.58,13.03,12.51,12.92,2817602,36404692.00
2014-11-18,12.95,12.98,12.62,12.65,2462325,31413450.00
2014-11-19,12.63,13.02,12.58,12.83,2844618,36530400.00
2014-11-20,12.86,13.00,12.54,12.55,5389774,68592520.00
2014-11-21,12.51,12.61,12.28,12.44,3933687,48827012.00
2014-11-24,12.53,12.55,12.20,12.43,5091253,62928876.00
2014-11-25,12.41,12.79,12.20,12.75,6804332,84548520.00
2014-11-26,12.69,12.73,12.51,12.63,4290411,54078128.00
2014-11-27,12.63,12.94,12.61,12.85,6848618,87691288.00
2014-11-28,12.96,12.96,12.64,12.75,5291761,67530600.00
2014-12-01,12.60,12.65,11.80,12.09,10670594,129757192.00
2014-12-02,12.01,12.25,12.00,12.15,6512630,78846456.00
2014-12-03,12.05,12.18,11.70,11.97,8014644,95518032.00
2014-12-04,12.02,12.36,11.85,12.30,8720660,105830968.00
2014-12-05,12.28,12.28,11.37,11.77,11852563,139740720.00
2014-12-08,11.77,11.77,11.20,11.49,11924581,136068000.00
2014-12-09,11.19,11.33,10.70,10.91,14106494,155013520.00
2014-12-10,10.92,11.26,10.80,11.25,7883706,87192152.00
2014-12-11,11.23,11.38,10.99,11.34,7533486,84067872.00
2014-12-12,11.30,11.80,11.27,11.66,8146655,94294896.00
2014-12-15,11.66,11.94,11.60,11.84,6976467,82227904.00
2014-12-16,11.84,11.90,11.57,11.60,4588512,53464828.00
2014-12-17,11.54,11.58,11.01,11.23,7811732,87581992.00
2014-12-18,11.42,11.70,11.30,11.58,7478164,86149592.00
2014-12-19,11.45,11.45,11.00,11.34,5273635,59150392.00
2014-12-22,11.34,11.34,10.68,10.83,7095984,77221328.00
2014-12-23,10.83,11.33,10.70,10.85,4170804,46102764.00
2014-12-24,10.84,11.25,10.84,11.18,3908002,43508392.00
2014-12-25,11.18,11.30,11.05,11.14,3081160,34430056.00
2014-12-26,11.14,11.20,11.02,11.15,3051330,33966652.00
2014-12-29,11.15,11.15,10.52,10.90,5791266,62505080.00
2014-12-30,10.77,11.02,10.73,10.93,2984520,32441160.00
2014-12-31,10.92,11.04,10.71,10.94,4684719,50956948.00
2015-01-05,10.93,10.96,10.73,10.89,4241676,46065864.00
2015-01-06,10.89,11.18,10.79,11.15,6483319,71340424.00
2015-01-07,11.16,11.54,11.15,11.45,8134591,92463528.00
2015-01-08,11.50,11.87,11.35,11.42,9755896,113753328.00
2015-01-09,11.39,11.57,11.26,11.34,5087799,58125408.00
2015-01-12,11.40,11.68,11.27,11.45,5614597,64550736.00
2015-01-13,11.40,11.83,11.35,11.78,7427560,86876864.00
2015-01-14,11.76,11.82,11.54,11.60,4269387,49699652.00
2015-01-15,11.47,11.60,11.42,11.51,3417366,39232124.00
2015-01-16,11.49,11.64,11.39,11.59,4158867,47890520.00
2015-01-19,11.48,11.67,11.11,11.35,5206446,59683492.00
2015-01-20,11.33,11.70,11.32,11.60,5262431,61061100.00
2015-01-21,11.57,11.84,11.55,11.77,7431438,87350416.00
2015-01-22,11.80,11.96,11.70,11.95,7428373,88021848.00
2015-01-23,12.00,12.52,11.98,12.38,13273704,163608624.00
2015-01-26,12.43,12.80,12.40,12.50,11007737,138535760.00
2015-01-27,12.49,12.60,12.06,12.35,10496069,129000568.00
2015-01-28,12.30,12.32,12.07,12.29,8245175,100458128.00
2015-01-29,12.27,12.66,12.10,12.54,9101403,113973648.00
2015-01-30,12.34,12.62,12.31,12.35,4778757,59420056.00
2015-02-02,12.34,12.60,12.08,12.28,4431051,54833064.00
2015-02-03,12.27,12.44,12.26,12.36,3740855,46126328.00
2015-02-04,12.37,12.49,12.24,12.25,5669387,70087232.00
2015-02-05,12.32,12.45,12.26,12.32,4545468,56080596.00
2015-02-06,12.28,12.47,12.00,12.11,4676776,57164272.00
2015-02-09,12.10,12.24,11.85,11.87,4393135,53059472.00
2015-02-10,11.82,11.95,11.50,11.82,3821252,44802496.00
2015-02-11,11.83,12.21,11.83,12.20,4332120,51871020.00
2015-02-12,12.15,12.32,12.01,12.22,4302804,52318036.00
2015-02-13,12.35,12.38,12.13,12.16,4852524,59430572.00
2015-02-16,12.17,12.34,12.04,12.29,4608551,56435816.00
2015-02-17,12.40,12.55,12.25,12.40,4961141,61237060.00
2015-02-25,12.40,12.99,12.33,12.68,9926953,126326200.00
2015-02-26,12.73,12.81,12.43,12.79,6730382,85032928.00
2015-02-27,12.78,13.04,12.65,13.00,8893155,115126064.00
2015-03-02,13.20,13.28,12.90,13.04,9114783,118790936.00
2015-03-03,13.06,13.40,12.90,13.09,9943521,131088688.00
2015-03-04,13.01,13.85,13.01,13.55,12573198,169599120.00
2015-03-05,13.56,13.66,13.36,13.58,7098575,96032488.00
2015-03-06,13.58,13.92,13.29,13.29,7107571,95958688.00
2015-03-09,13.29,13.30,12.87,13.11,6644934,86808944.00
2015-03-10,13.06,13.68,13.00,13.51,7746184,104445024.00
2015-03-11,13.50,13.54,13.20,13.24,6068270,80885280.00
2015-03-12,13.28,13.32,13.07,13.17,4907202,64613776.00
2015-03-13,13.33,13.45,13.13,13.24,5462825,72337512.00
2015-03-16,13.30,13.67,13.26,13.60,11339989,153190480.00
2015-03-17,13.72,14.06,13.45,13.99,14546192,200206768.00
2015-03-18,13.95,14.43,13.78,14.11,12313649,173686752.00
2015-03-19,14.11,14.22,13.78,13.87,9710885,135381296.00
2015-03-20,13.85,14.00,13.74,13.85,12060558,167093408.00
2015-03-23,13.84,14.00,13.77,13.99,13724298,190684592.00
2015-03-24,13.99,13.99,13.20,13.63,14732308,201388224.00
2015-03-25,13.61,13.63,13.29,13.53,15046813,202032096.00
2015-03-26,13.53,13.63,13.38,13.51,11074568,149611456.00
2015-03-27,13.51,14.27,13.51,14.19,20384141,284175840.00
2015-03-30,14.22,14.44,14.00,14.22,17522933,250137536.00
2015-03-31,14.30,14.50,14.10,14.38,15343532,219265072.00
2015-04-01,14.46,14.88,14.46,14.74,14868113,218805360.00
2015-04-02,14.65,14.79,14.50,14.63,16253437,237224320.00
2015-04-03,14.50,15.43,14.30,15.33,23549102,351530016.00
2015-04-07,15.30,16.17,15.05,15.75,25988420,403025504.00
2015-04-08,15.75,16.70,15.59,16.19,34538496,557924864.00
2015-04-09,16.16,17.08,15.15,17.03,28950170,472893952.00
2015-04-10,16.97,17.56,16.60,17.10,18123806,312452480.00
2015-04-13,17.10,17.50,16.69,17.01,17447065,296948736.00
2015-04-14,17.01,17.15,16.75,16.77,11879167,200981728.00
2015-04-15,16.51,16.57,15.70,15.71,15712734,253396480.00
2015-04-16,15.60,16.45,15.35,16.00,12920069,207768064.00
2015-04-17,16.20,16.28,15.38,15.80,18457365,291357312.00
2015-04-20,15.75,16.98,15.40,16.33,21138085,342973344.00
2015-04-21,16.25,16.85,16.25,16.73,12255800,203171744.00
2015-04-22,17.02,18.00,17.02,17.70,19722700,347735424.00
2015-04-23,18.16,19.47,18.16,19.41,30748438,586154112.00
2015-04-24,18.83,19.54,18.50,18.86,17726114,336170976.00
2015-04-27,18.90,18.98,17.92,18.50,18571304,341806656.00
2015-04-28,18.40,18.40,17.03,17.69,16699719,294030016.00
2015-04-29,17.60,18.50,17.10,18.39,9984225,179304656.00
2015-04-30,18.39,18.39,17.89,18.12,7778597,141100352.00
2015-05-04,18.01,18.45,17.90,18.23,7192658,130749192.00
2015-05-05,18.20,19.50,17.70,18.34,12841974,236070160.00
2015-05-06,18.67,19.15,17.70,17.90,9295933,169570288.00
2015-05-07,17.60,17.90,16.83,17.55,8828032,152914304.00
2015-05-08,17.54,17.93,17.53,17.84,5126520,90850776.00
2015-05-11,18.10,19.05,18.10,18.93,13890588,260220464.00
2015-05-12,18.93,20.18,18.70,19.88,15199377,297320864.00
2015-05-13,19.67,20.72,19.30,19.53,13405845,268815168.00
2015-05-14,19.53,20.10,19.17,19.80,9932047,194928976.00
2015-05-15,19.80,20.65,19.38,20.23,12854180,259062544.00
2015-05-18,20.24,20.60,19.70,20.40,11779387,238047680.00
2015-05-19,20.35,21.60,20.15,21.41,11859177,251113072.00
2015-05-20,21.51,23.50,21.13,22.85,12126969,272829888.00
2015-05-21,22.90,25.14,22.90,24.80,14718642,359176800.00
2015-05-22,24.80,25.95,23.18,23.64,17750764,426796032.00
2015-05-25,23.50,24.72,22.53,24.28,12441780,294906112.00
2015-05-26,24.36,25.46,24.28,25.21,14175331,352109088.00
2015-05-27,25.79,27.73,25.03,27.26,14516099,385410048.00
2015-05-28,27.26,28.45,25.00,25.20,15673852,420330880.00
2015-05-29,25.00,26.58,24.02,25.98,15399667,394646944.00
2015-06-01,26.71,27.01,25.99,27.00,11163958,298861408.00
2015-06-02,27.10,28.77,26.85,28.14,18963440,524434816.00
2015-06-03,28.14,28.49,26.61,27.06,14258125,389683072.00
2015-06-04,27.07,27.26,24.66,26.25,13189549,339557472.00
2015-06-05,26.40,27.20,25.85,26.64,13865947,365244704.00
2015-06-08,27.00,27.09,25.37,25.43,11351122,293239040.00
2015-06-09,25.05,26.22,25.00,25.50,10035326,256601920.00
2015-06-10,25.30,26.36,25.01,26.20,11313314,292537728.00
2015-06-11,26.21,28.50,26.21,28.40,16290424,448946464.00
2015-06-12,29.70,29.89,27.79,29.20,18795608,547722176.00
2015-06-15,29.29,29.97,27.71,29.34,18074632,521508320.00
2015-06-16,29.40,29.40,26.79,26.95,13319093,369012736.00
2015-06-17,26.95,27.60,24.98,26.70,10144379,266259296.00
2015-06-18,26.78,28.00,24.90,25.14,8716990,227547552.00
2015-06-19,25.20,25.57,23.01,24.00,11650392,281541728.00
2015-06-23,23.90,25.00,22.06,24.30,8536905,200824640.00
2015-06-24,24.50,25.40,24.35,25.34,10778155,269442464.00
2015-06-25,25.34,25.59,23.16,24.02,8320977,206678624.00
2015-06-26,23.30,23.50,21.62,21.62,8578307,190301904.00
2015-06-29,22.48,22.48,19.46,20.10,21120671,429543840.00
2015-06-30,20.21,22.11,18.16,22.11,20315755,411375648.00
2015-07-01,22.64,24.32,22.00,23.35,20090941,476618752.00
2015-07-02,23.77,24.66,22.00,22.22,21330409,502623808.00
2015-09-22,22.22,22.22,22.22,22.22,0,0.00
数据来源:通达信
