002423 中原特钢 日线 前复权
      日期	    开盘	    最高	    最低	    收盘	    成交量	    成交额
2010-06-03,9.84,10.69,9.60,9.90,50279315,512224000.00
2010-06-04,9.44,9.57,8.90,9.03,30145325,280517440.00
2010-06-07,8.56,8.87,8.55,8.74,14312548,127005848.00
2010-06-08,8.66,9.14,8.64,8.98,15084006,137263840.00
2010-06-09,8.96,9.11,8.79,9.04,15034993,136943296.00
2010-06-10,8.98,9.30,8.93,9.11,14129414,130950472.00
2010-06-11,9.16,9.73,9.09,9.52,19057037,182770384.00
2010-06-17,9.54,9.57,9.10,9.10,13602515,128811928.00
2010-06-18,9.06,9.09,8.61,8.72,9301847,83815808.00
2010-06-21,8.69,9.08,8.62,9.07,6399646,57924632.00
2010-06-22,8.95,9.10,8.94,8.99,5675922,52169956.00
2010-06-23,8.86,8.98,8.78,8.97,5548350,50172236.00
2010-06-24,8.92,9.12,8.92,9.01,5484481,50361940.00
2010-06-25,8.92,8.94,8.66,8.78,5421501,48509332.00
2010-06-28,8.73,8.83,8.66,8.69,3169540,28183736.00
2010-06-29,8.75,8.81,8.07,8.09,6306008,53538420.00
2010-06-30,8.03,8.03,7.82,7.93,4125008,33284494.00
2010-07-01,7.94,8.02,7.81,7.87,2856918,23030858.00
2010-07-02,7.89,7.90,7.52,7.80,4028661,31677902.00
2010-07-05,7.71,7.85,7.55,7.78,2735569,21501624.00
2010-07-06,7.75,7.91,7.69,7.91,4087712,32728436.00
2010-07-07,7.92,7.98,7.84,7.95,3663361,29568738.00
2010-07-08,7.96,8.09,7.86,7.89,3907651,31777550.00
2010-07-09,7.91,8.21,7.76,8.04,6609146,54209428.00
2010-07-12,8.09,8.39,8.04,8.27,6167178,51647820.00
2010-07-13,8.15,8.18,7.98,8.05,5137090,42232008.00
2010-07-14,8.03,8.21,8.03,8.08,4426950,36643744.00
2010-07-15,8.02,8.18,7.76,7.77,4537563,36985548.00
2010-07-19,7.82,8.19,7.78,8.14,5355337,43903084.00
2010-07-20,8.10,8.39,8.10,8.29,6371589,53558660.00
2010-07-21,8.32,8.46,8.24,8.30,5313776,45265256.00
2010-07-22,8.34,8.53,8.24,8.45,7136980,61147748.00
2010-07-23,8.45,8.47,8.24,8.38,4956897,42188684.00
2010-07-26,8.37,8.56,8.35,8.48,4803463,41328772.00
2010-07-27,8.44,8.45,8.32,8.39,3874206,33097360.00
2010-07-28,8.35,8.60,8.35,8.60,6428018,55819304.00
2010-07-29,8.59,8.80,8.52,8.64,6961204,61341360.00
2010-07-30,8.61,8.64,8.46,8.62,5247080,45695992.00
2010-08-02,8.64,8.76,8.59,8.75,6021742,53380572.00
2010-08-03,8.75,8.80,8.52,8.52,4502814,39763056.00
2010-08-04,8.49,8.79,8.44,8.76,4280952,37408116.00
2010-08-05,8.73,8.97,8.69,8.94,8020043,72520040.00
2010-08-06,8.79,8.87,8.60,8.83,8661485,77113176.00
2010-08-09,8.82,8.91,8.78,8.89,5567667,50264728.00
2010-08-10,8.88,8.99,8.55,8.56,5273937,47188964.00
2010-08-11,8.53,8.79,8.51,8.68,3257523,28679744.00
2010-08-12,8.55,8.76,8.53,8.71,4669174,41234348.00
2010-08-13,8.64,8.77,8.59,8.77,4138366,36658788.00
2010-08-16,8.77,8.94,8.69,8.88,6868926,61808508.00
2010-08-17,8.92,9.02,8.83,8.99,6065634,55087648.00
2010-08-18,8.98,9.06,8.86,8.94,5289965,48259196.00
2010-08-19,8.94,8.99,8.86,8.89,4296784,39069020.00
2010-08-20,8.87,8.96,8.69,8.70,4013611,35944136.00
2010-08-23,8.74,8.82,8.66,8.77,2704302,24071450.00
2010-08-24,8.79,9.12,8.70,8.94,5813540,53003408.00
2010-08-25,8.84,8.92,8.62,8.63,3513018,31401070.00
2010-08-26,8.68,8.75,8.61,8.71,2604307,23002500.00
2010-08-27,8.67,8.78,8.64,8.78,1894077,16838990.00
2010-08-30,8.79,8.93,8.79,8.88,3839407,34726808.00
2010-08-31,8.81,8.97,8.80,8.90,4027065,36456200.00
2010-09-01,8.91,9.11,8.84,8.97,6574567,59932936.00
2010-09-02,8.92,9.69,8.92,9.44,13990114,132465632.00
2010-09-03,9.24,9.44,9.14,9.32,13502814,127629920.00
2010-09-06,9.35,9.64,9.10,9.52,15727288,150093424.00
2010-09-07,9.44,9.74,9.37,9.50,9637661,93306104.00
2010-09-08,9.42,9.52,9.19,9.30,7440912,70431552.00
2010-09-09,9.29,9.36,9.00,9.09,6026585,56308780.00
2010-09-10,9.20,9.21,9.00,9.18,4068105,37809776.00
2010-09-13,9.30,9.48,9.24,9.32,5455409,51901804.00
2010-09-14,9.29,9.37,9.13,9.24,5088542,47663572.00
2010-09-15,9.25,9.25,9.04,9.07,4199329,38901428.00
2010-09-16,9.07,9.13,8.66,8.76,4913568,44120588.00
2010-09-17,8.74,8.86,8.62,8.64,3260745,28934240.00
2010-09-20,8.68,8.79,8.63,8.72,2270702,20125552.00
2010-09-21,8.72,8.85,8.72,8.82,2316957,20727324.00
2010-09-27,9.14,9.14,8.91,8.92,2720333,24862274.00
2010-09-29,8.90,8.90,8.66,8.66,2842892,25325142.00
2010-09-30,8.66,8.77,8.64,8.75,1812917,16086017.00
2010-10-08,8.71,9.02,8.71,8.95,3861897,35164288.00
2010-10-11,8.91,9.13,8.91,9.04,4869449,44744708.00
2010-10-12,9.02,9.13,8.96,9.11,3988045,36768572.00
2010-10-13,9.10,9.10,8.99,9.04,3699344,34006688.00
2010-10-14,9.05,9.10,8.84,8.87,4066960,37092572.00
2010-10-15,8.79,9.02,8.79,8.91,3256162,29568316.00
2010-10-18,8.87,9.54,8.87,9.21,8091802,75931352.00
2010-10-19,9.14,9.46,9.06,9.38,8526262,80609504.00
2010-10-20,9.24,9.26,9.03,9.15,6413223,59597704.00
2010-10-21,9.14,9.16,8.94,9.07,4414729,40588712.00
2010-10-22,9.04,9.13,8.97,9.03,3517041,32368774.00
2010-10-25,9.07,9.19,9.03,9.13,4651818,43217628.00
2010-10-26,9.17,9.20,8.98,9.03,5392207,49602132.00
2010-10-27,9.03,9.20,8.92,9.06,6256091,57763264.00
2010-10-28,9.03,9.13,8.96,9.01,4099589,37758648.00
2010-10-29,9.03,9.24,8.97,9.22,6427561,59752796.00
2010-11-01,9.25,9.56,9.25,9.33,8644006,82287624.00
2010-11-02,9.33,9.39,9.17,9.22,6074054,57266140.00
2010-11-03,9.19,9.73,9.17,9.40,12245200,118320960.00
2010-11-04,9.43,9.66,9.34,9.51,7076333,68507912.00
2010-11-05,9.63,10.44,9.47,9.95,13872346,140031600.00
2010-11-08,10.11,10.34,9.92,10.21,10570879,108544624.00
2010-11-09,10.22,10.22,9.89,10.07,6732908,68524504.00
2010-11-10,10.07,10.50,10.04,10.12,6673334,69445672.00
2010-11-11,10.06,10.18,9.77,9.79,7851682,79663976.00
2010-11-12,9.76,9.77,9.12,9.18,9236904,88318664.00
2010-11-15,9.19,9.38,9.11,9.38,4541039,42684828.00
2010-11-16,9.37,9.39,8.90,9.06,4388609,40869948.00
2010-11-17,9.01,9.15,8.91,8.94,2985166,27438088.00
2010-11-18,8.97,9.14,8.94,9.03,2338115,21496168.00
2010-11-19,9.06,9.25,9.00,9.24,3672514,34075112.00
2010-11-22,9.20,9.31,9.12,9.25,3343312,31370592.00
2010-11-23,9.22,9.22,9.01,9.12,3266751,30202176.00
2010-11-24,9.14,9.32,9.07,9.32,3081596,28934570.00
2010-11-25,9.38,9.69,9.26,9.56,6528998,62874144.00
2010-11-26,9.44,9.91,9.35,9.73,9336574,91682184.00
2010-11-29,9.75,9.93,9.59,9.66,8678922,86212152.00
2010-11-30,9.54,9.64,9.02,9.14,5901075,55798268.00
2010-12-01,9.13,9.29,9.12,9.24,2280420,21409490.00
2010-12-02,9.31,9.38,9.22,9.23,3003457,28358582.00
2010-12-03,9.24,9.37,9.14,9.32,2688665,25345080.00
2010-12-06,9.34,9.37,9.16,9.16,3143426,29525824.00
2010-12-08,9.26,9.44,9.20,9.35,3518734,33391364.00
2010-12-09,9.29,9.50,9.20,9.25,2918333,27754006.00
2010-12-10,9.21,9.47,9.21,9.34,2208679,20949396.00
2010-12-13,9.29,9.61,9.29,9.55,4730522,45692600.00
2010-12-14,9.57,10.13,9.46,9.96,11459299,113828376.00
2010-12-15,9.91,10.01,9.65,9.71,8452290,84292624.00
2010-12-16,9.69,9.79,9.64,9.65,3425794,33861892.00
2010-12-17,9.66,9.80,9.57,9.79,3072166,30361140.00
2010-12-20,9.79,9.84,9.39,9.58,4119406,40183924.00
2010-12-21,9.58,9.90,9.48,9.80,3608407,35644248.00
2010-12-22,9.80,10.20,9.70,9.86,7874796,79875968.00
2010-12-23,9.82,10.03,9.69,9.74,5426407,54536652.00
2010-12-24,9.61,9.71,9.42,9.48,3028439,29444746.00
2010-12-27,9.48,9.73,9.22,9.24,3131108,30182878.00
2010-12-28,9.13,9.19,8.94,8.97,3419701,31506768.00
2010-12-29,9.01,9.18,9.00,9.17,1579061,14632673.00
2010-12-30,9.20,9.21,9.04,9.08,1664516,15435876.00
2010-12-31,9.09,9.21,9.09,9.19,1739622,16214532.00
2011-01-04,9.24,9.31,9.18,9.24,2393703,22519646.00
2011-01-05,9.23,9.35,9.15,9.30,1977364,18652428.00
2011-01-06,9.30,9.36,9.23,9.30,1373355,12971978.00
2011-01-07,9.27,9.30,9.14,9.24,2204518,20672312.00
2011-01-10,9.20,9.23,8.84,8.88,2362459,21713044.00
2011-01-11,8.88,8.92,8.67,8.82,1905832,17029794.00
2011-01-12,8.79,8.98,8.79,8.91,1100520,9950564.00
2011-01-13,8.94,8.95,8.84,8.94,989556,8956704.00
2011-01-14,8.93,8.93,8.72,8.75,1120320,10011294.00
2011-01-17,8.74,8.74,8.30,8.33,1804166,15633073.00
2011-01-18,8.31,8.43,8.31,8.40,875165,7474079.50
2011-01-19,8.38,8.55,8.36,8.53,980731,8482591.00
2011-01-20,8.51,8.52,8.22,8.22,1069765,9119270.00
2011-01-21,8.23,8.36,8.22,8.31,983533,8315190.00
2011-01-24,8.31,8.44,8.29,8.30,942575,8028007.00
2011-01-25,8.34,8.49,8.27,8.44,1239648,10596590.00
2011-01-26,8.45,8.50,8.34,8.48,877746,7550742.50
2011-01-27,8.53,9.12,8.51,8.86,4390531,39705308.00
2011-01-28,8.77,8.92,8.67,8.83,2740098,24559348.00
2011-01-31,8.78,8.99,8.78,8.91,1618663,14666220.00
2011-02-01,8.93,8.97,8.85,8.91,1158030,10495644.00
2011-02-09,8.79,8.95,8.74,8.83,1456025,13096662.00
2011-02-10,8.81,9.00,8.74,8.97,1361558,12339926.00
2011-02-11,9.00,9.12,8.92,9.03,2049586,18858134.00
2011-02-14,9.03,9.26,9.02,9.17,2549489,23708806.00
2011-02-15,9.19,9.21,9.07,9.07,2907612,27009414.00
2011-02-16,9.07,9.28,9.04,9.21,2254849,21075212.00
2011-02-17,9.29,9.29,9.05,9.15,1643768,15298690.00
2011-02-18,9.12,9.15,8.97,8.99,1626374,14988071.00
2011-02-21,8.91,9.17,8.90,9.17,1660823,15373203.00
2011-02-22,9.24,9.33,8.94,8.97,2599347,24067454.00
2011-02-23,8.93,9.06,8.91,9.00,1277072,11696995.00
2011-02-24,9.00,9.15,8.98,9.12,2051101,18953230.00
2011-02-25,9.09,9.31,9.06,9.30,3021848,28370962.00
2011-02-28,9.33,9.52,9.32,9.34,3560405,34074484.00
2011-03-01,9.34,9.43,9.24,9.39,3045392,28931626.00
2011-03-02,9.34,9.45,9.25,9.39,2026392,19236564.00
2011-03-03,9.37,9.47,9.11,9.14,2275888,21543308.00
2011-03-04,9.17,9.51,9.14,9.43,3784088,36146584.00
2011-03-07,9.43,9.52,9.37,9.52,3289200,31652726.00
2011-03-08,9.46,9.55,9.39,9.47,2102096,20182476.00
2011-03-09,9.47,9.53,9.34,9.47,2602790,24956060.00
2011-03-10,9.45,9.45,9.25,9.28,2186750,20729222.00
2011-03-11,9.26,9.50,9.26,9.37,2662154,25346382.00
2011-03-14,9.35,9.46,9.24,9.43,2565040,24426788.00
2011-03-15,9.41,9.69,9.28,9.63,6189666,59846740.00
2011-03-16,9.63,9.99,9.56,9.77,8335230,83025112.00
2011-03-17,9.66,9.89,9.32,9.53,4824830,47481108.00
2011-03-18,9.54,9.67,9.48,9.56,2283521,22193864.00
2011-03-21,9.53,9.59,9.38,9.46,1999831,19251592.00
2011-03-22,9.48,9.52,9.30,9.45,1693455,16203971.00
2011-03-23,9.42,9.51,9.38,9.49,2083213,20048092.00
2011-03-24,9.47,9.47,9.29,9.34,3676536,35028372.00
2011-03-25,9.36,9.40,9.31,9.39,2885664,27467312.00
2011-03-28,9.41,9.48,9.34,9.38,2864429,27417478.00
2011-03-29,9.39,9.58,9.32,9.43,4525816,43617552.00
2011-03-30,9.45,9.46,9.08,9.13,4012875,37599732.00
2011-03-31,9.14,9.23,8.95,8.97,1991971,18360822.00
2011-04-01,8.98,9.14,8.91,9.10,1103044,10134067.00
2011-04-06,9.04,9.21,9.01,9.12,2056892,19011122.00
2011-04-07,9.12,9.13,9.01,9.08,2054791,18946176.00
2011-04-08,9.08,9.44,9.05,9.42,4604564,43420140.00
2011-04-11,9.49,9.65,9.25,9.59,7928250,76768104.00
2011-04-12,9.59,9.93,9.50,9.55,12033622,119214024.00
2011-04-13,9.49,9.51,9.30,9.51,3508309,33536204.00
2011-04-15,9.35,9.40,9.19,9.40,4127514,39119456.00
2011-04-18,9.33,9.48,9.27,9.45,2327332,22238844.00
2011-04-19,9.39,9.94,9.32,9.68,10569110,104674408.00
2011-04-20,9.64,9.66,9.47,9.61,2965255,28824744.00
2011-04-21,9.62,9.92,9.59,9.69,5953459,59003464.00
2011-04-22,9.64,9.99,9.53,9.63,6208849,61730860.00
2011-04-25,9.63,9.63,9.29,9.30,3904920,37241620.00
2011-04-26,9.29,9.34,8.94,9.10,2613399,24241642.00
2011-04-27,9.13,9.18,8.95,9.06,1546548,14283452.00
2011-04-28,9.09,9.18,8.83,8.83,1705189,15580830.00
2011-04-29,8.82,8.98,8.77,8.96,879623,7977683.00
2011-05-03,8.94,9.02,8.89,9.01,1041586,9495168.00
2011-05-04,9.02,9.02,8.81,8.84,1516566,13758109.00
2011-05-05,8.84,9.00,8.79,8.93,774368,7019763.00
2011-05-06,8.96,9.01,8.84,9.01,835981,7611972.50
2011-05-09,9.02,9.06,8.98,9.00,650394,5966032.00
2011-05-10,9.00,9.10,8.99,9.09,1157468,10656810.00
2011-05-11,9.09,9.19,8.95,9.10,1403046,12978036.00
2011-05-12,9.04,9.11,8.96,9.01,1287796,11822402.00
2011-05-13,8.99,9.09,8.94,9.07,1114401,10213991.00
2011-05-16,9.07,9.12,9.00,9.08,1127451,10393808.00
2011-05-17,9.06,9.12,8.93,9.07,1067462,9805388.00
2011-05-18,9.04,9.19,9.00,9.13,1022067,9479620.00
2011-05-19,9.14,9.20,9.04,9.06,707687,6562331.50
2011-05-20,9.06,9.14,9.00,9.12,907633,8384005.50
2011-05-23,9.08,9.11,8.79,8.79,1638558,14882660.00
2011-05-24,8.64,8.84,8.64,8.78,800388,7133581.00
2011-05-25,8.77,8.87,8.70,8.70,531900,4770662.00
2011-05-26,8.72,8.86,8.71,8.76,463498,4147270.25
2011-05-27,8.76,8.76,8.44,8.49,1045522,9125615.00
2011-05-30,8.60,8.60,8.24,8.28,349885,3012381.00
2011-05-31,8.38,8.47,8.25,8.42,567519,4817614.50
2011-06-01,8.42,8.53,8.37,8.51,505282,4364029.00
2011-06-02,8.44,8.50,8.27,8.35,586380,5001035.00
2011-06-10,9.21,9.21,9.21,9.21,836898,7783151.50
2011-06-13,9.92,10.11,9.24,9.35,23591355,231512848.00
2011-06-14,9.35,10.29,9.35,10.29,13498673,135658816.00
2011-06-15,10.92,11.24,10.41,10.61,25488970,278525184.00
2011-06-16,10.49,11.68,10.41,11.68,30895377,351022688.00
2011-06-17,11.59,12.09,11.01,11.09,24506234,286484096.00
2011-06-20,11.16,12.16,11.16,11.55,19677103,232733840.00
2011-06-21,11.56,12.01,11.15,11.72,16016876,186409088.00
2011-06-22,11.53,11.66,11.30,11.50,12555912,144997744.00
2011-06-24,11.54,12.66,11.54,12.66,31534359,391782624.00
2011-06-27,12.61,13.41,12.41,12.98,27876219,360891424.00
2011-06-28,12.78,12.92,12.46,12.84,15715243,200811776.00
2011-06-29,12.61,12.88,12.46,12.55,11754557,149317200.00
2011-06-30,12.41,12.70,12.32,12.59,10963306,138197120.00
2011-07-01,12.47,12.90,12.37,12.44,11695448,148510944.00
2011-07-04,12.27,12.83,12.04,12.50,14911055,186377600.00
2011-07-05,12.49,13.21,12.21,12.65,18168337,233419296.00
2011-07-06,12.39,12.87,12.32,12.87,12778470,161248272.00
2011-07-07,12.81,12.95,12.31,12.31,11912997,151039632.00
2011-07-08,12.21,12.81,11.98,12.71,14460830,181206928.00
2011-07-11,12.51,12.68,12.31,12.46,9979871,125183600.00
2011-07-12,12.31,13.72,12.25,13.12,24068745,318959680.00
2011-07-13,12.91,13.36,12.83,13.22,13290867,175126464.00
2011-07-14,13.22,13.57,13.04,13.16,11091480,147842704.00
2011-07-15,13.04,13.13,12.48,12.61,15998698,205229744.00
2011-07-18,12.59,12.83,12.32,12.51,9394014,118963712.00
2011-07-19,12.48,12.71,12.20,12.24,7668127,96008296.00
2011-07-20,12.21,12.41,11.91,12.26,6939613,85222488.00
2011-07-21,12.22,12.26,11.76,11.78,5370293,64756968.00
2011-07-22,11.81,12.18,11.74,11.86,5482451,65928348.00
2011-07-25,11.86,12.25,11.22,11.34,8759200,104542112.00
2011-07-26,11.27,11.57,11.13,11.50,5680657,65172500.00
2011-07-27,11.49,12.35,11.35,11.98,9572361,114881608.00
2011-07-28,11.79,12.57,11.69,12.14,12299115,151762288.00
2011-07-29,12.05,12.36,11.52,12.19,10639586,127703968.00
2011-08-01,11.96,12.25,11.72,11.91,7004142,84736208.00
2011-08-02,11.81,11.90,11.17,11.49,7135826,81995064.00
2011-08-03,11.36,11.56,11.17,11.39,4078298,46721900.00
2011-08-04,11.47,11.57,11.35,11.41,3249017,37456820.00
2011-08-05,11.06,11.06,10.61,10.67,6381875,69202304.00
2011-08-08,10.46,10.64,9.89,10.05,7503429,77182872.00
2011-08-09,9.87,10.48,9.61,10.36,9361565,95705448.00
2011-08-10,10.37,10.66,10.35,10.39,8533423,90157976.00
2011-08-11,10.06,10.61,9.93,10.51,6453442,67333328.00
2011-08-12,10.53,10.76,10.40,10.52,6795524,72356312.00
2011-08-15,10.49,10.85,10.37,10.80,7697201,82435632.00
2011-08-16,10.72,10.79,10.45,10.48,5469825,58457288.00
2011-08-17,10.42,10.56,10.32,10.36,3168697,33265374.00
2011-08-18,10.36,10.48,10.12,10.16,3151347,32771250.00
2011-08-19,9.91,10.09,9.77,9.94,4201067,41945640.00
2011-08-22,10.05,10.21,9.87,9.96,3221107,32516100.00
2011-08-23,10.00,10.23,9.96,10.19,4804667,48972368.00
2011-08-24,10.30,10.41,10.12,10.14,5673716,58835584.00
2011-08-25,10.13,10.46,10.03,10.45,6259170,64990720.00
2011-08-26,10.36,10.46,10.27,10.38,4583784,47857020.00
2011-08-29,10.31,10.49,10.19,10.24,4112158,42846228.00
2011-08-30,10.31,10.38,9.91,9.95,3830473,39263532.00
2011-08-31,10.11,10.91,10.11,10.69,16187538,173928128.00
2011-09-01,10.50,11.30,10.47,11.02,15365240,169638688.00
2011-09-02,10.89,10.94,10.61,10.63,6973074,75382024.00
2011-09-05,10.61,10.61,10.06,10.13,5392474,55475332.00
2011-09-06,10.12,11.15,10.12,10.96,11781242,129193776.00
2011-09-07,10.85,11.46,10.78,11.29,15330890,172958608.00
2011-09-08,11.14,11.48,10.98,11.04,10013032,113009904.00
2011-09-09,10.96,12.05,10.93,11.72,16209192,190745920.00
2011-09-13,11.61,12.18,11.41,11.89,13079083,156201200.00
2011-09-14,11.96,12.16,11.61,12.06,11489208,137683248.00
2011-09-15,11.93,12.08,11.61,11.67,9941059,118546704.00
2011-09-16,11.74,12.15,11.54,11.73,11135694,133212152.00
2011-09-19,11.51,11.53,10.88,10.99,9573607,107444640.00
2011-09-20,10.92,11.29,10.66,11.19,6443780,71763568.00
2011-09-21,11.16,11.51,10.85,11.39,8826553,99992728.00
2011-09-22,11.30,11.31,10.78,10.81,7665945,85417160.00
2011-09-23,10.39,10.68,10.09,10.46,5446777,57299276.00
2011-09-26,10.40,10.66,10.30,10.41,3803496,40229168.00
2011-09-27,10.52,10.58,10.16,10.48,3640282,38082432.00
2011-09-28,10.52,10.85,10.34,10.38,5471842,58673612.00
2011-09-29,10.21,10.21,9.73,9.73,4504692,45199504.00
2011-09-30,9.75,9.86,9.43,9.44,3449969,33334398.00
2011-10-10,9.70,9.84,9.53,9.60,3236017,31623364.00
2011-10-11,9.84,9.99,9.42,9.58,3450208,33967020.00
2011-10-12,9.52,10.06,9.31,9.96,4840943,47961188.00
2011-10-13,9.91,10.36,9.89,10.30,6046350,62156028.00
2011-10-14,10.16,10.21,9.94,10.08,4129428,41899320.00
2011-10-17,10.11,10.15,9.98,10.08,2646941,26875866.00
2011-10-18,10.06,10.06,9.59,9.59,3864418,38250220.00
2011-10-19,9.62,9.71,9.29,9.29,2956523,28218650.00
2011-10-20,9.10,9.28,8.81,8.86,2965333,26957746.00
2011-10-21,8.89,8.98,8.75,8.80,1660259,14854154.00
2011-10-24,8.83,9.07,8.71,9.05,2278777,20561750.00
2011-10-25,9.07,9.27,8.89,9.21,3679035,33861300.00
2011-10-26,9.13,9.34,9.06,9.28,3997547,37176428.00
2011-10-27,9.24,9.39,9.10,9.12,3258101,30330874.00
2011-10-28,9.22,9.45,9.14,9.39,4574316,42941728.00
2011-10-31,9.34,9.47,9.26,9.33,2909007,27406770.00
2011-11-01,9.21,9.27,9.09,9.21,3171400,29412320.00
2011-11-02,9.01,9.26,8.89,9.24,3699059,33865816.00
2011-11-03,9.28,10.17,9.28,10.17,6974683,70130472.00
2011-11-04,10.32,10.49,10.02,10.33,12571716,130425056.00
2011-11-07,10.30,10.68,10.16,10.40,7890042,83321704.00
2011-11-08,10.29,10.50,9.94,10.06,5594260,57588716.00
2011-11-09,10.07,10.56,10.03,10.50,6362286,65961152.00
2011-11-10,10.34,10.80,10.23,10.30,7492062,79297504.00
2011-11-11,10.30,10.41,10.12,10.17,4024617,41468500.00
2011-11-14,10.26,10.47,10.18,10.43,4627935,48235532.00
2011-11-15,10.44,10.51,10.27,10.50,4348143,45644764.00
2011-11-16,10.38,10.49,10.04,10.05,4364234,44975592.00
2011-11-17,10.11,10.14,9.87,9.89,3317562,33404210.00
2011-11-18,9.87,10.89,9.43,10.71,11448512,118185840.00
2011-11-21,10.37,11.18,10.35,10.82,15254255,166722160.00
2011-11-22,10.56,10.76,10.10,10.72,7451810,78772384.00
2011-11-23,10.54,11.00,10.54,10.58,7422241,80746104.00
2011-11-24,10.36,11.55,10.21,11.29,14669792,162767040.00
2011-11-25,11.22,11.41,10.91,11.10,10780492,121441384.00
2011-11-28,10.99,11.19,10.73,11.12,6509292,71958464.00
2011-11-29,11.24,11.52,10.94,11.25,10531370,119459744.00
2011-11-30,11.21,11.21,10.29,10.34,9600195,103887968.00
2011-12-01,10.69,10.90,10.40,10.44,6827985,73347336.00
2011-12-02,10.41,10.41,9.81,9.85,6193095,62896920.00
2011-12-05,9.77,10.02,9.66,9.73,4350897,43263104.00
2011-12-06,9.74,9.84,9.46,9.74,3476383,33841972.00
2011-12-07,9.71,10.15,9.70,9.94,5283133,53215608.00
2011-12-08,10.01,10.06,9.53,9.71,4754258,46942224.00
2011-12-09,9.59,9.72,9.38,9.48,3375573,32501784.00
2011-12-12,9.55,9.55,9.30,9.33,2116230,20089716.00
2011-12-13,9.40,9.44,8.91,8.97,3317209,30764412.00
2011-12-14,8.90,9.02,8.62,8.64,3072426,27416294.00
2011-12-16,8.26,8.67,8.11,8.66,4303034,36529856.00
2011-12-19,8.58,8.71,8.32,8.66,3653970,31541760.00
2011-12-20,8.68,8.85,8.58,8.61,2850042,25037222.00
2011-12-21,8.64,8.84,8.23,8.24,2652081,22839404.00
2011-12-22,8.22,8.22,7.77,8.03,2924600,23497672.00
2011-12-23,7.92,8.21,7.92,8.06,2119324,17342474.00
2011-12-26,8.06,8.31,8.03,8.09,2182240,18046790.00
2011-12-27,8.03,8.07,7.71,7.73,1922531,15282959.00
2011-12-28,7.51,7.69,7.31,7.58,1948473,14760753.00
2011-12-29,7.42,7.73,7.42,7.58,1352422,10442986.00
2011-12-30,7.71,7.79,7.63,7.65,1285359,9986638.00
2012-01-04,7.69,7.79,7.41,7.41,1513129,11714668.00
2012-01-05,7.36,7.41,6.90,6.92,2197406,15894608.00
2012-01-06,6.97,6.98,6.57,6.96,2387890,16367297.00
2012-01-09,7.00,7.34,6.84,7.31,3103188,22491912.00
2012-01-10,7.23,8.05,7.23,7.91,6509258,50713956.00
2012-01-11,7.86,8.71,7.68,8.13,7516750,62874412.00
2012-01-12,7.97,8.21,7.83,8.04,3985465,32421520.00
2012-01-13,8.04,8.06,7.56,7.67,3439041,26944912.00
2012-01-16,7.56,7.64,7.14,7.16,2171159,16286023.00
2012-01-17,7.12,7.73,7.12,7.71,3039028,23071312.00
2012-01-18,7.73,8.02,7.55,7.61,3485680,27520386.00
2012-01-19,7.63,8.07,7.61,7.83,3266669,25934282.00
2012-01-20,7.83,7.90,7.76,7.81,1866432,14780350.00
2012-01-30,7.82,7.95,7.76,7.80,1715585,13622878.00
2012-02-01,7.80,7.87,7.63,7.66,1787175,14010919.00
2012-02-02,7.62,7.85,7.62,7.83,1833858,14374855.00
2012-02-03,7.83,8.01,7.81,7.97,2640879,21235166.00
2012-02-06,7.97,8.17,7.89,8.01,3382886,27419962.00
2012-02-07,7.98,8.26,7.92,8.13,5027228,41138004.00
2012-02-08,8.04,8.31,7.95,8.29,5090528,42028732.00
2012-02-09,8.21,8.63,8.20,8.41,6080105,51498380.00
2012-02-10,8.37,8.56,8.24,8.32,4087873,34615352.00
2012-02-13,8.21,8.44,8.11,8.37,3455870,28932718.00
2012-02-14,8.30,8.35,8.18,8.28,2526670,21108234.00
2012-02-15,8.34,8.46,8.25,8.44,3166702,26834702.00
2012-02-16,8.43,8.53,8.21,8.32,3026652,25586502.00
2012-02-17,8.31,8.46,8.24,8.35,3130307,26438546.00
2012-02-20,8.45,8.63,8.38,8.44,4793143,41124116.00
2012-02-21,8.45,8.49,8.21,8.46,3432457,28970672.00
2012-02-22,8.41,8.63,8.38,8.61,4808645,41564576.00
2012-02-23,8.66,8.86,8.57,8.61,5558122,48761568.00
2012-02-24,8.61,8.69,8.51,8.67,4989677,43385020.00
2012-02-27,8.71,8.95,8.62,8.67,6136639,54528488.00
2012-02-28,8.59,8.86,8.36,8.70,5885201,51135748.00
2012-02-29,8.62,8.70,8.41,8.41,3276612,28329490.00
2012-03-01,8.41,8.59,8.36,8.42,2124872,18227792.00
2012-03-02,8.46,8.71,8.43,8.64,4338488,37724076.00
2012-03-05,8.66,8.93,8.61,8.64,5097409,45162484.00
2012-03-06,8.60,8.61,8.37,8.47,3070296,26379600.00
2012-03-07,8.39,9.01,8.36,8.73,7438749,65684104.00
2012-03-08,8.80,8.96,8.69,8.77,6230426,55314916.00
2012-03-09,8.74,8.87,8.67,8.78,4158574,36801904.00
2012-03-12,8.79,8.98,8.76,8.95,5163556,46346108.00
2012-03-13,8.94,9.04,8.83,8.95,4018652,36171104.00
2012-03-14,8.99,9.13,8.37,8.48,7542754,67105448.00
2012-03-15,8.48,8.54,8.08,8.13,4019080,33529262.00
2012-03-16,8.19,8.29,8.10,8.28,2840387,23556066.00
2012-03-19,8.27,8.66,8.23,8.58,5588757,47976800.00
2012-03-20,8.56,8.80,8.34,8.45,5652124,48964940.00
2012-03-21,8.45,8.50,8.16,8.37,3396835,28589226.00
2012-03-22,8.39,8.39,8.21,8.27,2139402,17915202.00
2012-03-23,8.24,8.61,8.17,8.34,5381397,45633344.00
2012-03-26,8.31,8.47,8.22,8.35,2314029,19539894.00
2012-03-27,8.36,8.44,8.31,8.37,1687689,14301109.00
2012-03-28,8.31,8.40,7.66,7.91,3352932,27034698.00
2012-03-29,7.87,7.87,7.43,7.61,2474367,19009976.00
2012-03-30,7.55,7.59,7.39,7.48,1455891,11048431.00
2012-04-05,7.51,7.72,7.44,7.67,1515147,11688465.00
2012-04-06,7.68,7.83,7.65,7.72,1599229,12490897.00
2012-04-09,7.69,7.91,7.59,7.68,1545793,12127474.00
2012-04-10,7.61,7.69,7.28,7.57,2883660,21797244.00
2012-04-11,7.45,7.61,7.39,7.59,1805099,13748276.00
2012-04-12,7.56,7.77,7.51,7.76,2382724,18516168.00
2012-04-13,7.73,7.99,7.72,7.86,3419504,27178590.00
2012-04-16,7.77,7.87,7.73,7.81,1919020,15137005.00
2012-04-17,7.81,7.96,7.73,7.77,2429272,19302690.00
2012-04-18,7.85,7.94,7.73,7.91,2660357,21183144.00
2012-04-20,7.91,7.93,7.74,7.90,3100051,24679270.00
2012-04-23,7.92,8.63,7.82,8.35,8525173,70961536.00
2012-04-24,8.14,8.21,7.72,7.99,5846564,47378608.00
2012-04-25,7.94,8.35,7.77,8.21,4577676,37206392.00
2012-04-26,8.16,8.32,8.10,8.29,3717837,30993064.00
2012-04-27,8.27,8.40,8.16,8.16,2568325,21509178.00
2012-05-02,8.27,8.34,8.02,8.31,3049557,25383636.00
2012-05-03,8.30,8.36,8.16,8.21,2042719,17015664.00
2012-05-04,8.21,8.26,8.15,8.22,1595287,13222694.00
2012-05-07,8.18,8.18,8.01,8.10,2098714,17139178.00
2012-05-08,8.11,8.34,8.05,8.34,3636873,30208056.00
2012-05-09,8.32,9.11,8.28,8.68,11281842,98431720.00
2012-05-10,8.52,8.67,8.40,8.49,5623460,48257080.00
2012-05-11,8.42,8.45,8.16,8.22,3704680,30998074.00
2012-05-14,8.27,8.28,8.03,8.05,2622998,21581082.00
2012-05-15,7.99,8.02,7.85,8.01,2075508,16663889.00
2012-05-16,7.99,7.99,7.78,7.81,1635921,13051461.00
2012-05-17,7.78,7.94,7.78,7.91,1296968,10329548.00
2012-05-18,7.86,7.90,7.68,7.71,1498900,11835085.00
2012-05-21,7.64,7.80,7.62,7.71,836835,6525884.50
2012-05-22,7.81,7.88,7.77,7.85,1062498,8405370.00
2012-05-23,7.85,7.96,7.73,7.96,1444930,11456464.00
2012-05-24,7.96,8.05,7.87,7.98,1356132,10924339.00
2012-05-25,7.96,8.08,7.90,7.92,1368779,11053580.00
2012-05-28,7.91,7.99,7.61,7.97,1852670,14687144.00
2012-05-29,7.97,8.14,7.94,8.08,2218708,18108290.00
2012-05-30,8.06,8.16,8.01,8.09,1504199,12294886.00
2012-05-31,8.09,8.10,7.97,7.99,1280738,10411718.00
2012-06-01,8.02,8.07,7.94,7.95,968334,7825493.00
2012-06-04,7.81,7.85,7.54,7.54,2033692,15840834.00
2012-06-05,7.53,7.69,7.51,7.62,719218,5523289.50
2012-06-06,7.62,7.68,7.51,7.54,750752,5757085.00
2012-06-07,7.66,7.68,7.40,7.41,822629,6266828.00
2012-06-08,7.41,7.52,7.36,7.36,762549,5736145.00
2012-06-11,7.41,7.52,7.36,7.50,674513,5090686.00
2012-06-12,7.48,7.53,7.38,7.43,696330,5247160.50
2012-06-13,7.50,7.64,7.41,7.64,798274,6094151.00
2012-06-14,7.57,8.11,7.57,7.80,4293882,34435904.00
2012-06-15,7.81,7.85,7.69,7.76,1074054,8360063.50
2012-06-18,7.77,7.97,7.75,7.87,1495350,11791245.00
2012-06-19,7.80,7.89,7.72,7.72,750239,5859946.00
2012-06-20,7.77,7.86,7.70,7.70,850101,6619164.00
2012-06-21,7.70,7.76,7.52,7.54,769829,5857953.00
2012-06-25,7.55,7.58,7.32,7.35,825878,6168397.00
2012-06-26,7.35,7.57,7.18,7.51,2157851,16143733.00
2012-06-27,7.42,7.54,7.37,7.37,1872196,14012478.00
2012-06-28,7.36,7.40,7.16,7.16,996848,7274201.50
2012-06-29,7.09,7.27,7.07,7.22,918693,6623476.50
2012-07-02,7.28,7.29,7.22,7.22,808734,5879993.00
2012-07-03,7.23,7.36,7.18,7.27,839478,6138670.00
2012-07-04,7.25,7.34,7.20,7.27,645316,4716802.50
2012-07-05,7.24,7.25,7.02,7.02,784977,5582295.50
2012-07-06,7.09,7.15,6.87,7.13,646570,4562487.00
2012-07-09,7.06,7.13,6.82,6.85,675101,4737774.00
2012-07-10,6.82,6.90,6.76,6.79,445343,3047032.25
2012-07-11,6.82,6.90,6.69,6.86,391260,2680743.50
2012-07-12,6.64,6.78,6.40,6.57,4025352,26477342.00
2012-07-13,6.47,6.54,6.35,6.42,2645634,17110520.00
2012-07-16,6.38,6.38,5.78,5.79,3422302,20503056.00
2012-07-17,5.74,5.86,5.71,5.80,1724173,10037485.00
2012-07-18,5.81,6.17,5.77,6.03,2962698,17872172.00
2012-07-19,5.96,6.13,5.88,6.01,1979047,11909318.00
2012-07-20,6.00,6.04,5.92,5.94,902832,5436605.00
2012-07-23,5.93,5.95,5.79,5.95,1232158,7246282.50
2012-07-24,5.87,6.11,5.85,6.09,1772112,10783577.00
2012-07-25,6.04,6.32,6.00,6.19,2920779,18070750.00
2012-07-26,6.14,6.26,5.98,6.02,2457919,15165935.00
2012-07-27,6.02,6.05,5.88,5.91,1377181,8237581.50
2012-07-30,5.95,5.95,5.76,5.78,1021121,5973059.00
2012-07-31,5.76,5.78,5.61,5.61,960135,5489828.50
2012-08-01,5.58,5.76,5.58,5.71,647778,3712090.50
2012-08-02,5.71,5.99,5.71,5.72,1360516,7969099.50
2012-08-03,5.72,5.83,5.69,5.82,1160399,6730682.00
2012-08-06,5.82,6.00,5.80,5.96,1337601,7947434.50
2012-08-07,5.95,6.25,5.91,6.08,2456792,15017001.00
2012-08-08,6.05,6.36,5.97,6.27,4010866,25017572.00
2012-08-09,6.18,6.26,6.07,6.21,2637488,16323039.00
2012-08-10,6.22,6.29,6.17,6.20,1859096,11646205.00
2012-08-13,6.21,6.23,6.07,6.08,1527048,9439495.00
2012-08-14,6.07,6.16,5.99,6.14,1183109,7228418.50
2012-08-15,6.11,6.14,6.02,6.03,819761,5009037.50
2012-08-16,6.04,6.14,6.00,6.06,926264,5659754.00
2012-08-17,6.00,6.10,5.99,6.09,570125,3466027.50
2012-08-20,6.07,6.07,5.89,5.99,791245,4756785.50
2012-08-21,5.99,6.12,5.97,6.11,1078734,6593559.00
2012-08-22,6.07,6.15,6.02,6.06,832598,5088514.00
2012-08-23,6.02,6.13,6.00,6.10,916553,5596598.50
2012-08-24,6.09,6.39,6.08,6.21,4010055,25182806.00
2012-08-27,6.19,6.19,5.59,5.75,2632278,15687144.00
2012-08-28,5.85,5.98,5.81,5.85,1607234,9501351.00
2012-08-29,5.75,5.83,5.69,5.75,1223105,7073327.00
2012-08-30,5.57,5.75,5.48,5.64,1166722,6614833.00
2012-08-31,5.62,5.73,5.61,5.68,670046,3817845.75
2012-09-03,5.68,5.77,5.63,5.76,915772,5268989.00
2012-09-04,5.77,5.81,5.67,5.76,838134,4846903.00
2012-09-05,5.72,5.81,5.71,5.79,539717,3126557.00
2012-09-06,5.80,5.86,5.74,5.85,1010441,5892299.50
2012-09-07,5.85,6.12,5.85,6.05,2143786,13001588.00
2012-09-10,6.04,6.25,6.04,6.14,1855645,11480310.00
2012-09-11,6.38,6.76,6.38,6.76,10857837,72835152.00
2012-09-12,7.17,7.44,6.98,7.44,15792611,115135728.00
2012-09-13,8.19,8.19,8.19,8.19,5456736,44854368.00
2012-09-14,9.01,9.01,8.70,9.01,36025909,324281184.00
2012-09-17,8.82,9.82,8.75,9.46,36253343,334397280.00
2012-09-18,9.12,9.46,9.00,9.36,24630621,228012144.00
2012-09-19,9.48,9.82,9.05,9.25,26451601,248147392.00
2012-09-20,9.08,9.56,8.72,8.73,27048004,247710000.00
2012-09-21,8.47,8.52,7.85,7.95,29720176,239064368.00
2012-09-24,7.95,8.40,7.92,8.07,24270228,197789296.00
2012-09-25,7.82,8.88,7.70,8.88,26376670,220346112.00
2012-09-26,8.60,8.65,8.03,8.16,25334059,211510912.00
2012-09-27,8.05,8.63,8.01,8.29,20870912,173808656.00
2012-09-28,8.17,9.12,8.07,8.82,27262967,237771360.00
2012-10-08,8.86,9.71,8.77,9.71,24970504,229590544.00
2012-10-09,9.55,10.27,9.28,9.79,27114339,263745280.00
2012-10-10,9.68,10.77,9.68,10.77,33101523,345863008.00
2012-10-11,10.83,10.83,9.69,9.69,28840820,291461600.00
2012-10-12,9.49,9.73,9.15,9.31,16867020,158648000.00
2012-10-15,9.25,9.50,9.00,9.15,12069179,112077408.00
2012-10-16,9.21,10.03,9.04,9.97,24840103,238816000.00
2012-10-17,9.67,9.81,9.27,9.44,17363354,165921696.00
2012-10-18,9.14,9.33,8.86,9.21,16447379,150079024.00
2012-10-19,9.27,9.72,9.20,9.36,17604460,166937760.00
2012-10-22,8.97,9.12,8.68,9.05,12468533,111642168.00
2012-10-23,8.98,9.24,8.87,8.98,10710870,97157648.00
2012-10-24,8.87,9.17,8.82,8.88,8571230,77296280.00
2012-10-25,8.86,9.25,8.55,8.78,14595118,130970208.00
2012-10-26,8.64,8.66,8.07,8.17,11971478,99682488.00
2012-10-29,8.09,8.26,8.02,8.13,6069652,49575256.00
2012-10-30,8.08,8.22,7.92,7.93,6884403,55643232.00
2012-10-31,7.92,8.05,7.74,7.96,6470818,51316412.00
2012-11-01,7.92,8.20,7.90,8.07,7538382,61090512.00
2012-11-02,8.09,8.22,8.05,8.19,6555171,53585828.00
2012-11-05,8.20,8.42,7.96,8.22,9532650,78132504.00
2012-11-06,8.13,8.14,7.75,7.91,6918971,54905040.00
2012-11-07,7.90,8.32,7.79,8.20,8981157,72862392.00
2012-11-08,8.13,8.13,7.69,7.69,6756318,53758084.00
2012-11-09,7.67,7.67,7.31,7.40,6954710,52212668.00
2012-11-12,7.39,7.55,7.33,7.47,4609334,34494580.00
2012-11-13,7.42,7.43,7.04,7.09,5415458,39068812.00
2012-11-14,7.07,7.15,6.96,7.11,4022709,28529708.00
2012-11-15,7.02,7.23,6.98,6.99,4708129,33673664.00
2012-11-16,6.95,6.95,6.76,6.85,4743103,32492182.00
2012-11-19,6.87,7.00,6.77,6.95,3778789,26113246.00
2012-11-20,6.97,7.05,6.89,7.01,4233757,29634498.00
2012-11-21,7.02,7.29,6.82,7.19,7262840,51627620.00
2012-11-22,7.09,7.15,7.01,7.11,5581898,39683084.00
2012-11-23,7.11,7.15,7.04,7.06,3868119,27560010.00
2012-11-26,7.20,7.42,7.02,7.06,8677915,62926412.00
2012-11-27,6.87,6.87,6.35,6.35,7416490,48703668.00
2012-11-28,6.26,6.30,6.08,6.22,4313642,26876706.00
2012-11-29,6.17,6.41,6.17,6.22,5048022,31916708.00
2012-11-30,6.20,6.52,6.20,6.45,6353165,40645036.00
2012-12-03,6.54,6.54,6.06,6.08,5267578,33409366.00
2012-12-04,5.99,6.69,5.89,6.69,9426660,60899028.00
2012-12-05,6.93,7.35,6.82,7.06,18084569,127194944.00
2012-12-06,7.02,7.64,6.99,7.32,17029967,125615280.00
2012-12-07,7.38,7.63,7.15,7.50,16802629,124534616.00
2012-12-10,7.29,7.74,7.29,7.52,16746732,126612336.00
2012-12-11,7.47,8.28,7.27,8.28,21265518,168674048.00
2012-12-12,8.22,8.94,7.83,8.37,28316395,238702832.00
2012-12-13,8.15,8.51,7.97,8.07,16405041,134713680.00
2012-12-14,8.14,8.46,7.99,8.36,15754370,131122184.00
2012-12-17,8.27,9.17,8.24,8.56,19033357,166585968.00
2012-12-18,8.77,9.15,8.48,8.67,14891356,130866088.00
2012-12-19,8.57,8.64,8.36,8.44,10281235,87321608.00
2012-12-20,8.37,8.51,8.21,8.50,10299913,86284816.00
2012-12-21,8.53,8.85,8.26,8.27,11048188,94151824.00
2012-12-24,8.27,8.65,8.12,8.41,10228681,86280320.00
2012-12-25,8.30,8.95,8.23,8.66,18303421,157648112.00
2012-12-26,8.57,8.74,8.49,8.71,13109372,113128832.00
2012-12-27,8.87,9.30,8.57,8.97,22744840,204395712.00
2012-12-28,8.78,9.12,8.67,8.91,15798187,140421040.00
2012-12-31,8.85,8.94,8.67,8.79,9817521,86800584.00
2013-01-04,8.87,9.12,8.68,8.74,9991038,89057712.00
2013-01-07,8.65,9.06,8.37,8.78,12728487,111233992.00
2013-01-08,8.78,9.25,8.63,9.04,19154814,173898448.00
2013-01-09,8.93,9.21,8.72,8.87,14334996,128894440.00
2013-01-10,8.93,9.76,8.87,9.76,23214412,220462208.00
2013-01-11,10.07,10.74,10.04,10.74,26064150,273787776.00
2013-01-14,11.27,11.82,11.17,11.82,19076939,220833520.00
2013-01-15,13.01,13.01,13.01,13.01,2680350,34951764.00
2013-01-16,13.60,14.31,13.27,14.08,47870635,661619840.00
2013-01-17,13.38,13.57,12.67,12.67,27027413,347603904.00
2013-01-18,12.02,12.59,11.85,12.21,25735419,314617472.00
2013-01-21,12.10,12.47,11.87,12.36,20842527,254717056.00
2013-01-22,12.12,12.24,11.79,11.93,15919973,191305984.00
2013-01-23,11.91,12.34,11.82,12.12,18994726,230449744.00
2013-01-24,12.04,13.34,11.89,13.34,42967047,552944000.00
2013-01-25,13.07,13.07,12.04,12.18,26419327,331464384.00
2013-01-28,11.99,12.45,11.98,12.30,16727548,205703664.00
2013-01-29,12.29,12.52,11.68,12.11,19074378,230643488.00
2013-01-30,11.95,12.62,11.77,12.37,23721481,292542976.00
2013-01-31,12.37,12.41,11.84,11.87,13265365,158894320.00
2013-02-01,11.75,12.11,11.66,11.77,9853622,117058640.00
2013-02-04,11.94,12.10,11.68,12.06,12238736,146411296.00
2013-02-05,11.94,12.57,11.78,12.00,14607979,178824368.00
2013-02-06,12.17,12.57,12.09,12.25,14515315,178836176.00
2013-02-07,12.10,12.47,11.77,12.21,13801660,168157152.00
2013-02-08,12.09,12.28,11.97,12.11,7701944,93662880.00
2013-02-18,12.12,12.34,11.87,12.18,11504548,139257168.00
2013-02-19,12.02,12.14,11.77,11.80,8253895,98611408.00
2013-02-20,11.80,11.93,11.70,11.88,5071211,60182136.00
2013-02-21,11.84,12.57,10.81,12.33,20300795,242032688.00
2013-02-22,12.47,13.32,12.07,12.69,27965995,358996576.00
2013-02-25,12.38,13.17,12.24,12.80,17399439,222881168.00
2013-02-26,12.55,13.85,12.48,13.07,22502476,294787488.00
2013-02-27,13.07,14.17,12.93,14.06,28402536,388565056.00
2013-02-28,13.86,14.01,13.47,13.72,19490430,267916384.00
2013-03-01,13.67,14.04,13.42,13.57,17445915,238323152.00
2013-03-04,13.43,13.85,12.67,13.32,20018891,265834864.00
2013-03-05,13.17,13.43,13.02,13.27,11345264,150966592.00
2013-03-06,13.48,13.67,13.08,13.13,12116041,161260480.00
2013-03-07,12.96,12.96,12.19,12.22,13936990,176116608.00
2013-03-08,12.17,12.61,12.12,12.35,7898830,98313680.00
2013-03-11,12.26,12.56,12.18,12.38,4970203,61855092.00
2013-03-12,12.48,12.54,11.66,11.85,7109450,85458792.00
2013-03-13,11.77,12.26,11.29,12.14,9978717,117887232.00
2013-03-14,11.97,12.32,11.92,11.94,5703040,68971888.00
2013-03-15,11.90,12.20,11.60,11.75,5673586,67990784.00
2013-03-18,11.52,12.12,11.37,11.73,6450661,75521272.00
2013-03-19,11.58,11.86,11.51,11.75,4372007,51300976.00
2013-03-20,11.76,12.11,11.65,12.04,6559258,78519248.00
2013-03-21,12.02,12.84,11.97,12.57,13334563,166541376.00
2013-03-22,12.57,12.72,12.35,12.37,7188132,89687184.00
2013-03-25,12.37,12.76,12.15,12.50,10481169,131156440.00
2013-03-26,12.37,12.41,12.04,12.10,6442592,78801040.00
2013-03-27,12.27,13.27,12.17,12.78,19983757,255952944.00
2013-03-28,12.52,12.62,12.17,12.18,10741757,132938744.00
2013-03-29,11.82,12.07,11.35,11.41,12677382,147889792.00
2013-04-01,11.45,11.60,11.08,11.25,6718790,76394720.00
2013-04-02,11.23,11.33,11.02,11.11,5474535,61359808.00
2013-04-03,11.12,12.09,10.84,11.78,15625654,181385072.00
2013-04-08,11.47,12.33,11.27,11.98,14253538,170224208.00
2013-04-09,11.77,12.11,11.59,11.89,8169958,96998464.00
2013-04-10,12.00,13.07,12.00,12.83,25675341,324254240.00
2013-04-11,12.47,12.82,12.37,12.42,15678292,196977984.00
2013-04-12,12.21,12.65,11.77,11.85,12668387,155068640.00
2013-04-15,11.53,11.68,11.22,11.28,8844768,101320568.00
2013-04-16,11.18,11.66,11.18,11.54,5820936,67094896.00
2013-04-17,11.47,11.92,11.34,11.78,7428920,86887872.00
2013-04-18,11.57,11.80,11.53,11.65,5082550,59324556.00
2013-04-19,11.59,11.88,11.59,11.74,6540831,77045160.00
2013-04-22,11.62,12.09,11.49,11.92,8955565,106145232.00
2013-04-23,11.92,12.46,11.62,12.26,18064870,220548720.00
2013-04-24,11.97,12.40,11.85,12.19,11878620,144244944.00
2013-04-25,12.09,12.57,11.79,11.86,12451738,153164592.00
2013-04-26,11.88,11.95,11.12,11.27,10208373,116274408.00
2013-05-02,11.28,11.40,10.89,11.02,5040297,56264720.00
2013-05-03,11.01,11.42,11.01,11.22,4645119,52275268.00
2013-05-06,11.23,11.40,11.17,11.35,5771399,65368928.00
2013-05-07,11.33,11.47,11.14,11.37,5266475,59813768.00
2013-05-08,11.39,11.82,11.30,11.79,10421217,121519848.00
2013-05-09,11.65,11.96,11.60,11.76,9880474,116655048.00
2013-05-10,11.86,11.90,11.29,11.44,8246011,95516464.00
2013-05-13,11.47,12.37,11.46,11.91,13958582,167802128.00
2013-05-14,11.88,11.92,11.48,11.61,8034591,94100448.00
2013-05-15,11.48,11.95,11.47,11.69,6262168,73677312.00
2013-05-16,11.58,11.82,11.47,11.73,6672719,78075304.00
2013-05-17,11.68,12.09,11.67,11.83,8211570,97930888.00
2013-05-20,11.87,12.26,11.87,12.07,10199905,123293192.00
2013-05-21,11.98,12.92,11.89,12.57,20028575,251060720.00
2013-05-22,12.42,12.55,12.12,12.23,11350507,139258464.00
2013-05-23,12.24,13.26,12.17,12.80,22197670,284538112.00
2013-05-24,12.59,12.89,12.48,12.71,11358840,144229840.00
2013-05-27,12.67,12.70,12.29,12.47,8542591,106770488.00
2013-05-28,12.52,12.73,12.25,12.45,7078705,88387192.00
2013-05-29,12.49,12.77,12.39,12.57,9373357,118620080.00
2013-05-30,12.37,12.37,11.88,12.02,14688564,177674688.00
2013-05-31,11.90,11.97,11.57,11.59,10424934,122334640.00
2013-06-03,11.49,11.85,11.43,11.57,7611702,89139224.00
2013-06-04,11.57,11.70,11.37,11.43,5726514,66115312.00
2013-06-05,11.46,11.57,11.32,11.54,3874277,44506488.00
2013-06-06,11.51,11.66,11.43,11.44,3640425,42125512.00
2013-06-07,11.49,11.56,10.97,11.00,5557351,62131672.00
2013-06-13,11.04,11.04,10.27,10.35,4078149,42696032.00
2013-06-14,10.37,10.50,10.24,10.46,3293773,34361124.00
2013-06-17,10.48,11.29,10.47,11.17,9913490,108864168.00
2013-06-18,10.97,11.06,10.67,10.74,13188914,142583072.00
2013-06-19,10.49,10.84,10.25,10.60,10335991,109463376.00
2013-06-20,10.45,10.74,10.30,10.36,5551498,58499480.00
2013-06-21,10.15,10.65,9.68,10.57,12795897,132077824.00
2013-06-24,10.45,10.60,9.82,10.19,8268636,84500944.00
2013-06-25,9.98,10.42,9.34,10.31,14365853,144709152.00
2013-06-26,10.24,10.55,10.15,10.50,13975184,145285744.00
2013-06-27,10.49,10.76,10.17,10.22,11330291,118558256.00
2013-06-28,10.11,10.41,9.82,10.14,8218810,83050008.00
2013-07-01,10.04,10.20,9.87,10.13,5782006,58137380.00
2013-07-02,10.12,10.45,9.93,10.37,15970570,164299824.00
2013-07-03,10.22,10.47,10.14,10.28,9007756,93073144.00
2013-07-04,10.19,10.36,10.01,10.21,11040067,113259856.00
2013-07-05,10.25,10.34,9.78,9.79,9985173,100334544.00
2013-07-08,9.55,9.55,8.81,8.81,10323661,92430640.00
2013-07-09,8.55,8.58,8.31,8.37,8365978,70611264.00
2013-07-10,8.41,8.60,8.31,8.56,6689077,56637708.00
2013-07-11,8.56,8.84,8.46,8.80,9560917,83230496.00
2013-07-12,8.62,8.87,8.56,8.67,7953508,69357904.00
2013-07-15,8.66,8.83,8.66,8.75,5557523,48590220.00
2013-07-16,8.79,9.63,8.71,9.63,13227084,122931984.00
2013-07-17,9.90,10.13,9.63,9.80,23137289,228684032.00
2013-07-18,9.60,9.98,9.56,9.67,11765335,114870008.00
2013-07-19,9.52,9.68,8.83,8.86,12997506,120166504.00
2013-07-22,8.70,9.18,8.53,9.05,8257269,73233872.00
2013-07-23,9.01,9.44,8.96,9.28,9339052,85854968.00
2013-07-24,9.20,9.28,8.91,9.08,8016393,72821280.00
2013-07-25,9.15,9.41,9.02,9.10,9266735,85729136.00
2013-07-26,8.96,9.00,8.74,8.80,6996279,61868740.00
2013-07-29,8.67,8.75,8.50,8.52,4554930,39241000.00
2013-07-30,8.54,8.71,8.30,8.56,7131290,60877924.00
2013-07-31,8.56,9.09,8.43,8.80,12548912,110503192.00
2013-08-01,8.72,9.00,8.66,9.00,12398060,109312192.00
2013-08-02,9.00,9.30,8.95,8.98,14123935,128728256.00
2013-08-05,8.99,9.32,8.90,9.14,12297394,112465864.00
2013-08-06,9.09,9.12,8.94,9.06,9594754,86589360.00
2013-08-07,9.08,9.25,9.04,9.07,9900889,90424256.00
2013-08-08,9.04,9.04,8.84,8.88,7776790,69476824.00
2013-08-09,8.88,8.97,8.81,8.91,5468240,48626884.00
2013-08-12,8.92,9.15,8.84,9.09,8782187,79216976.00
2013-08-13,9.13,9.55,9.08,9.28,15728932,147174736.00
2013-08-14,9.38,9.38,9.05,9.12,8909122,81875016.00
2013-08-15,9.20,9.28,9.12,9.15,6923472,63552152.00
2013-08-16,9.00,9.22,8.79,8.81,10288761,91908800.00
2013-08-19,8.69,8.87,8.60,8.85,4635408,40655120.00
2013-08-20,8.80,8.96,8.76,8.89,5463205,48443348.00
2013-08-21,8.83,8.96,8.67,8.93,4919576,43275684.00
2013-08-22,8.87,8.95,8.72,8.77,4600361,40608756.00
2013-08-23,8.83,8.89,8.50,8.74,5810814,50653220.00
2013-08-26,8.75,8.99,8.61,8.97,7184275,63723728.00
2013-08-27,8.98,9.23,8.92,9.17,10293082,93860856.00
2013-08-28,9.50,10.09,9.50,10.09,16735921,165295296.00
2013-08-29,10.89,10.89,10.31,10.42,40188765,424851264.00
2013-08-30,10.00,11.22,9.68,11.00,39968822,410938848.00
2013-09-02,11.00,12.07,10.74,10.77,40340207,455335264.00
2013-09-03,10.19,11.20,10.00,10.65,26547219,281594528.00
2013-09-04,10.73,11.61,10.47,11.31,35646748,398170016.00
2013-09-05,11.00,11.27,10.84,11.04,20258286,223690896.00
2013-09-06,10.90,11.67,10.82,11.56,29881025,337668480.00
2013-09-09,11.35,11.92,11.15,11.45,25722991,295334528.00
2013-09-10,11.05,11.32,11.00,11.04,19394753,215380912.00
2013-09-11,11.20,11.20,10.10,10.23,23331832,248903120.00
2013-09-12,10.13,10.34,10.04,10.18,11800032,119940560.00
2013-09-13,10.21,10.28,9.88,10.10,9496612,95396160.00
2013-09-16,10.00,10.17,9.95,10.00,7131711,71602296.00
2013-09-17,9.99,10.47,9.96,10.17,12368101,126043120.00
2013-09-18,10.01,10.16,10.01,10.12,6054350,61067368.00
2013-09-23,10.10,10.22,10.02,10.18,7315412,74052608.00
2013-09-24,10.19,10.25,9.78,9.83,10855575,107884344.00
2013-09-25,9.80,10.13,9.73,9.93,8724320,86885944.00
2013-09-26,9.85,9.88,9.53,9.54,7700697,74568880.00
2013-09-27,9.48,9.58,9.31,9.35,5060124,47761356.00
2013-09-30,9.34,9.46,9.33,9.38,2850664,26756616.00
2013-10-08,9.38,9.64,9.38,9.60,4684020,44772208.00
2013-10-09,9.64,9.77,9.55,9.70,5640140,54613644.00
2013-10-10,9.70,10.02,9.51,9.87,10209127,99752008.00
2013-10-11,9.81,9.97,9.74,9.80,6570389,64588380.00
2013-10-14,9.81,9.93,9.61,9.84,7368104,72180352.00
2013-10-15,9.75,9.91,9.63,9.70,6646726,64800776.00
2013-10-16,9.70,9.70,9.11,9.14,6744747,63031788.00
2013-10-17,9.20,9.56,9.12,9.19,5435638,50621040.00
2013-10-18,9.19,9.37,9.14,9.26,2882660,26683458.00
2013-10-21,9.26,9.43,9.22,9.38,3850180,35939132.00
2013-10-22,9.38,9.54,9.28,9.34,4576057,42990752.00
2013-10-23,9.31,9.46,9.16,9.23,4134120,38490984.00
2013-10-24,9.32,9.32,9.12,9.15,2944625,27154658.00
2013-10-25,9.18,9.21,8.76,8.82,4649384,41452508.00
2013-10-28,8.91,9.22,8.78,9.09,4747764,42784176.00
2013-10-29,9.04,9.15,8.33,8.71,5472576,48287932.00
2013-10-30,8.71,9.58,8.61,9.32,10292464,95056064.00
2013-10-31,9.16,9.23,8.94,9.07,5812560,52754184.00
2013-11-01,9.03,9.40,9.03,9.14,5800927,53484680.00
2013-11-04,9.14,9.19,9.00,9.13,3723968,33866876.00
2013-11-05,9.05,9.11,8.86,9.09,3826843,34483584.00
2013-11-06,9.04,9.24,8.98,9.06,4906819,44758580.00
2013-11-07,9.00,9.28,8.85,9.07,6133113,55692020.00
2013-11-08,8.93,9.10,8.77,8.79,4706484,41947832.00
2013-11-11,8.72,8.89,8.72,8.82,2164447,19085824.00
2013-11-12,8.97,8.97,8.79,8.88,2001492,17751126.00
2013-11-13,9.52,9.77,9.13,9.17,11718499,110144264.00
2013-11-14,8.82,9.48,8.81,9.31,10222730,93954856.00
2013-11-15,9.31,9.77,9.25,9.43,12755676,121510600.00
2013-11-18,9.43,9.75,9.32,9.66,12899793,123877872.00
2013-11-19,9.60,9.71,9.48,9.55,6716566,64244316.00
2013-11-20,9.51,10.24,9.50,9.89,16035455,158824432.00
2013-11-21,9.78,9.81,9.56,9.62,9231020,89311448.00
2013-11-22,9.51,9.74,9.51,9.58,7042612,67831392.00
2013-11-25,9.87,10.07,9.63,9.70,10465001,103515104.00
2013-11-26,9.53,10.28,9.45,10.13,17964025,178098080.00
2013-11-27,10.10,10.55,9.90,10.28,24310366,248825648.00
2013-11-28,10.10,10.30,9.98,10.00,15854965,160440736.00
2013-11-29,10.00,10.37,9.99,10.07,13113513,133506400.00
2013-12-02,9.65,9.79,9.06,9.07,13524642,127267168.00
2013-12-03,9.00,9.23,8.90,9.18,5539214,50549948.00
2013-12-04,9.19,9.30,9.12,9.23,6331752,58533384.00
2013-12-05,9.19,9.38,9.16,9.22,4447825,41246316.00
2013-12-06,9.23,9.27,9.10,9.14,3744415,34397320.00
2013-12-09,9.14,9.30,9.12,9.25,3702329,34130576.00
2013-12-10,9.26,9.35,9.15,9.27,3932596,36318052.00
2013-12-11,9.27,9.30,9.06,9.11,2906893,26570888.00
2013-12-12,9.15,9.18,9.05,9.07,2665594,24244248.00
2013-12-13,9.07,9.15,9.01,9.12,2080587,18950120.00
2013-12-16,9.13,9.19,8.99,9.01,2916908,26433218.00
2013-12-17,8.83,9.18,8.82,9.08,4987450,44903224.00
2013-12-18,9.02,9.07,8.92,8.92,2754430,24750424.00
2013-12-19,8.92,9.04,8.73,8.73,2616894,23220400.00
2013-12-20,8.75,8.81,8.51,8.52,2625233,22595970.00
2013-12-23,8.45,8.63,8.40,8.51,1866959,15896492.00
2013-12-24,8.50,8.65,8.48,8.56,1789801,15322341.00
2013-12-25,8.71,8.71,8.53,8.61,1730114,14901145.00
2013-12-26,8.58,8.79,8.45,8.59,4454393,38563508.00
2013-12-27,8.52,8.89,8.49,8.80,4604245,40015596.00
2013-12-30,8.83,8.83,8.66,8.67,2919418,25477194.00
2013-12-31,8.67,8.80,8.61,8.64,2138151,18583976.00
2014-01-02,8.62,8.72,8.58,8.72,2045587,17740782.00
2014-01-03,8.70,8.70,8.56,8.65,2263602,19544636.00
2014-01-06,8.69,8.72,8.43,8.46,2718941,23302766.00
2014-01-07,8.46,8.53,8.41,8.42,1373733,11619326.00
2014-01-08,8.42,8.55,8.41,8.47,1749462,14839814.00
2014-01-09,8.45,8.54,8.21,8.22,2031270,17099422.00
2014-01-10,8.20,8.29,7.88,7.99,2547452,20549860.00
2014-01-13,7.99,8.05,7.79,7.85,1469850,11641029.00
2014-01-14,7.85,7.97,7.80,7.95,1745459,13782352.00
2014-01-15,7.91,8.13,7.90,8.03,2287104,18381160.00
2014-01-16,7.99,8.06,7.93,7.94,1807791,14442288.00
2014-01-17,7.96,7.96,7.66,7.67,1972622,15367944.00
2014-01-20,7.80,8.30,7.80,7.89,3379372,26978362.00
2014-01-21,7.80,7.99,7.75,7.89,1722259,13555868.00
2014-01-22,7.88,8.20,7.85,8.13,3793400,30663358.00
2014-01-23,8.07,8.14,8.03,8.03,2851175,23052212.00
2014-01-24,8.03,8.31,8.00,8.24,3314498,27126740.00
2014-01-27,8.24,8.28,8.08,8.20,1822237,14911292.00
2014-01-28,8.13,8.24,8.05,8.16,2429742,19776226.00
2014-01-29,8.18,8.21,8.10,8.15,1539430,12545498.00
2014-01-30,8.15,8.48,8.11,8.44,5659093,47290060.00
2014-02-07,8.29,8.66,8.20,8.52,6401481,54216476.00
2014-02-10,8.49,8.78,8.42,8.66,6813762,58801116.00
2014-02-11,8.62,8.80,8.50,8.69,6704741,57985780.00
2014-02-12,8.60,8.82,8.60,8.69,5657407,49226448.00
2014-02-13,8.66,8.68,8.46,8.52,4813920,41350384.00
2014-02-14,8.50,8.63,8.45,8.60,3120306,26635270.00
2014-02-17,8.59,8.95,8.59,8.93,9062650,80289840.00
2014-02-18,8.87,8.91,8.70,8.84,6128305,54085812.00
2014-02-19,8.84,8.92,8.74,8.88,4959260,43872176.00
2014-02-20,8.89,8.94,8.59,8.59,4196422,36707596.00
2014-02-21,8.58,8.73,8.46,8.66,2856593,24566480.00
2014-02-24,8.59,8.75,8.53,8.57,2650839,22819418.00
2014-02-25,8.57,8.67,7.91,8.14,4905270,40767792.00
2014-02-26,8.15,8.25,7.99,8.16,2210581,17929408.00
2014-02-27,8.19,8.98,8.15,8.98,19132589,169885472.00
2014-02-28,8.84,9.39,8.70,9.10,20761701,186678976.00
2014-03-03,9.09,9.32,8.92,9.19,13804044,126299736.00
2014-03-04,9.19,9.35,8.98,9.28,11646556,106784808.00
2014-03-05,9.27,9.49,9.05,9.19,13903937,128824040.00
2014-03-06,9.11,9.11,8.80,8.95,8560609,76485152.00
2014-03-07,8.95,9.63,8.87,9.18,14652567,135117312.00
2014-03-10,9.00,9.00,8.46,8.66,8859689,77106240.00
2014-03-11,8.51,8.64,8.30,8.35,4264608,35923612.00
2014-03-12,8.37,8.49,8.06,8.23,4099053,33918192.00
2014-03-13,8.28,8.46,8.18,8.36,4055396,33786980.00
2014-03-14,8.30,8.43,8.14,8.31,4413295,36535188.00
2014-03-28,8.13,8.19,7.78,7.79,4611473,36859732.00
2014-03-31,7.83,8.44,7.80,8.15,5478885,44548880.00
2014-04-01,8.13,8.17,8.05,8.11,2943598,23864530.00
2014-04-02,8.12,8.30,8.05,8.12,3026324,24691902.00
2014-04-03,8.06,8.16,8.05,8.09,2319443,18779576.00
2014-04-04,8.10,8.23,8.07,8.20,2852597,23276056.00
2014-04-08,8.19,8.35,8.10,8.29,3757688,31050650.00
2014-04-09,8.25,8.36,8.24,8.30,3432538,28458802.00
2014-04-10,8.25,8.38,8.25,8.32,3638371,30280086.00
2014-04-11,8.30,8.38,8.16,8.29,3710592,30741658.00
2014-04-14,8.28,8.33,8.22,8.31,2354755,19457528.00
2014-04-15,8.32,8.36,8.22,8.27,3038158,25131168.00
2014-04-16,8.24,8.27,8.16,8.16,2122491,17423068.00
2014-04-17,8.16,8.21,8.11,8.11,2129232,17376502.00
2014-04-18,8.11,8.21,8.05,8.17,2197021,17875636.00
2014-04-21,8.15,8.33,8.11,8.18,4228721,34907448.00
2014-04-22,8.13,8.20,7.81,8.04,3094303,24770494.00
2014-04-23,8.01,8.75,7.86,8.46,10733902,89414664.00
2014-04-24,8.40,8.55,8.20,8.21,6179149,51543044.00
2014-04-25,8.22,8.28,7.86,7.86,4984141,39857564.00
2014-04-28,7.87,7.92,7.41,7.42,4139985,31595590.00
2014-04-29,7.50,7.50,7.35,7.46,3004196,22296258.00
2014-04-30,7.46,7.61,7.40,7.56,2404865,18055410.00
2014-05-05,7.60,7.68,7.55,7.65,2617775,19930240.00
2014-05-06,7.64,7.72,7.60,7.64,2125509,16271042.00
2014-05-07,7.61,7.94,7.53,7.69,4578102,35419800.00
2014-05-08,7.69,7.78,7.62,7.68,3203577,24659510.00
2014-05-09,7.70,8.03,7.61,7.78,5277175,41430728.00
2014-05-12,7.80,7.98,7.72,7.97,5221352,41164416.00
2014-05-13,7.98,8.40,7.84,8.19,9418313,76741640.00
2014-05-14,8.09,8.25,8.05,8.06,4050910,32843482.00
2014-05-15,8.04,8.85,8.03,8.25,14852833,125817808.00
2014-05-16,8.08,8.14,7.88,8.02,7717219,61481408.00
2014-05-19,8.09,8.39,7.93,8.14,6429001,52334148.00
2014-05-20,8.01,8.31,8.01,8.21,5481998,44648224.00
2014-05-21,8.13,8.13,7.96,8.05,5372618,43142196.00
2014-05-22,8.03,8.08,7.85,7.88,4187255,33430816.00
2014-05-23,7.88,7.95,7.85,7.88,2743441,21639276.00
2014-05-26,7.90,8.00,7.89,7.94,2770394,21988728.00
2014-05-27,7.96,8.01,7.89,7.92,2292445,18209338.00
2014-05-28,7.89,7.97,7.81,7.92,3679403,29075634.00
2014-05-29,7.89,7.97,7.80,7.90,3459947,27252762.00
2014-05-30,7.89,8.37,7.85,8.10,9869848,80193992.00
2014-06-03,8.04,8.25,8.01,8.16,6410212,52103908.00
2014-06-04,8.12,8.64,7.96,8.34,13398488,111131488.00
2014-06-05,8.23,8.40,8.15,8.27,7647010,63006552.00
2014-06-06,8.25,8.39,8.16,8.19,6077533,50284764.00
2014-06-09,8.20,8.28,8.07,8.14,4449650,36310944.00
2014-06-10,8.12,8.25,8.04,8.22,5668529,46232740.00
2014-06-11,8.16,8.45,8.13,8.29,8390188,69694280.00
2014-06-12,8.22,8.45,8.16,8.31,9286296,77097920.00
2014-06-13,8.25,8.42,8.22,8.30,6645927,55353624.00
2014-06-16,8.30,8.39,8.28,8.31,3985131,33192890.00
2014-06-17,8.30,8.31,8.13,8.17,4633972,38070516.00
2014-06-18,8.17,8.60,8.06,8.38,11719064,97945672.00
2014-06-19,8.31,8.48,8.11,8.16,7334232,60860928.00
2014-06-20,8.16,8.17,7.98,8.01,4713507,37995156.00
2014-06-23,8.02,8.31,8.02,8.13,4244210,34698704.00
2014-06-24,8.13,8.31,8.08,8.23,4572541,37531660.00
2014-06-25,8.18,8.24,8.09,8.12,3220554,26245582.00
2014-06-26,8.11,8.36,8.11,8.25,5562564,45880604.00
2014-06-27,8.22,8.53,8.20,8.39,9978427,83632152.00
2014-06-30,8.39,8.96,8.38,8.58,15380749,133645368.00
2014-07-01,8.59,8.69,8.40,8.46,9435020,80098024.00
2014-07-02,8.53,9.31,8.50,9.31,13553960,123448528.00
2014-07-03,9.70,9.75,9.31,9.39,33489671,318295968.00
2014-07-04,9.25,9.69,9.17,9.18,18501889,173822848.00
2014-07-07,9.11,9.53,9.10,9.35,16372591,152505120.00
2014-07-08,9.20,9.39,9.00,9.25,12000388,110173888.00
2014-07-09,9.20,10.18,9.16,9.96,40533020,403057536.00
2014-07-10,9.70,10.80,9.59,10.23,38347565,384012416.00
2014-07-11,9.95,11.18,9.82,11.18,37354599,397318368.00
2014-07-14,10.95,11.90,10.80,11.08,35816624,406276288.00
2014-07-15,10.89,11.08,10.32,10.52,25947095,277636704.00
2014-07-16,10.40,10.48,9.96,9.98,19517699,198260064.00
2014-07-17,9.96,10.12,9.67,9.89,13268435,131104480.00
2014-07-18,10.00,10.22,9.80,9.90,14183621,142953152.00
2014-07-21,9.99,10.20,9.53,10.17,15755305,155813376.00
2014-07-22,10.01,10.28,9.83,10.06,11203933,112319160.00
2014-07-23,9.97,10.28,9.83,9.84,11523613,115959144.00
2014-07-24,9.77,9.95,9.25,9.68,12198896,117732008.00
2014-07-25,9.62,9.87,9.33,9.64,6968828,67427488.00
2014-07-28,9.75,10.29,9.72,10.22,19184799,194272576.00
2014-07-29,10.22,10.44,10.08,10.19,17154977,176096656.00
2014-07-30,10.19,10.64,10.08,10.56,21365641,222621920.00
2014-07-31,10.39,10.60,10.21,10.41,13117757,136622048.00
2014-08-01,10.30,10.63,10.00,10.06,14821604,152608608.00
2014-08-04,9.98,10.98,9.88,10.83,25002832,262195200.00
2014-08-05,10.66,11.36,10.60,11.03,28787077,316940256.00
2014-08-06,10.87,11.19,10.60,10.93,16836173,184132336.00
2014-08-07,10.90,11.38,10.80,11.03,23165742,257485424.00
2014-08-08,11.00,11.85,10.80,11.40,28921330,330251008.00
2014-08-11,11.36,11.88,11.20,11.50,25893888,298605952.00
2014-08-12,11.48,11.48,11.11,11.26,16341189,183642944.00
2014-08-13,11.27,11.55,10.91,11.29,20582281,232104624.00
2014-08-14,11.18,11.28,10.65,10.81,16042894,176747744.00
2014-08-15,10.81,10.99,10.73,10.80,7412342,80532824.00
2014-08-18,10.85,11.15,10.84,10.89,8342765,91419264.00
2014-08-19,10.90,11.09,10.85,11.00,8078897,88643584.00
2014-08-20,11.05,11.05,10.80,10.85,7366350,80199464.00
2014-08-21,10.81,10.94,10.74,10.92,7014950,76240672.00
2014-08-22,10.90,11.14,10.87,11.07,9631372,106503944.00
2014-08-25,11.07,11.15,10.69,10.70,7685895,83279504.00
2014-08-26,10.67,10.67,10.30,10.35,7644616,80172992.00
2014-08-27,10.36,10.71,10.36,10.57,6231208,65777548.00
2014-08-28,10.57,10.76,10.45,10.48,4703827,49717496.00
2014-08-29,10.50,10.59,10.33,10.55,3986747,41795548.00
2014-09-01,10.65,10.87,10.58,10.76,6693313,71910488.00
2014-09-02,10.80,11.23,10.69,11.23,16844706,185476256.00
2014-09-03,11.20,11.25,11.00,11.11,12229300,135940912.00
2014-09-04,11.14,11.57,11.07,11.36,21174085,240886240.00
2014-09-05,11.29,11.59,11.12,11.46,18287296,207618176.00
2014-09-09,11.46,12.61,11.40,12.61,20326824,248607840.00
2014-09-10,13.52,13.87,13.14,13.87,31756648,430683520.00
2014-09-11,14.40,14.80,13.96,14.45,55928599,801841920.00
2014-09-12,14.28,15.65,14.16,14.66,52227351,777099200.00
2014-09-15,14.43,15.20,14.28,15.15,41624982,613418944.00
2014-09-16,14.89,14.96,13.85,14.15,37343887,538320256.00
2014-09-17,14.24,14.29,13.61,13.97,23885250,334131520.00
2014-09-18,13.90,14.14,13.66,13.87,17504946,243013072.00
2014-09-19,14.00,14.79,13.87,14.50,36019951,516516288.00
2014-09-22,14.00,14.08,13.30,13.55,21340683,289583104.00
2014-09-23,13.50,14.33,13.41,14.25,26233757,363046816.00
2014-09-24,14.38,15.14,14.12,14.65,28136686,411156064.00
2014-09-25,14.54,15.10,14.30,14.61,20620464,302396192.00
2014-09-26,14.98,15.70,14.76,14.77,24087444,365321216.00
2014-09-29,14.65,15.10,13.90,13.96,29804697,423824032.00
2014-09-30,13.87,14.12,13.68,13.99,12304408,171654496.00
2014-10-08,14.00,14.25,13.92,14.14,10371166,146487392.00
2014-10-09,14.19,14.28,13.50,13.66,22271600,306400960.00
2014-10-10,13.59,13.89,13.56,13.72,11427022,157141888.00
2014-10-13,13.72,14.05,13.41,14.02,12764587,175794288.00
2014-10-14,13.99,14.58,13.82,14.15,18297146,260446768.00
2014-10-15,14.10,14.14,13.59,13.81,11115478,153511232.00
2014-10-16,13.68,13.85,13.15,13.22,10354597,140233328.00
2014-10-17,13.00,13.09,12.61,12.82,9206071,118207104.00
2014-10-20,12.97,13.00,12.83,12.98,4957448,64124824.00
2014-10-21,13.07,13.08,12.60,12.76,5471188,70324448.00
2014-10-22,12.74,13.16,12.59,12.85,7884457,102155152.00
2014-10-23,12.66,12.83,12.34,12.51,6580447,82535304.00
2014-10-24,12.50,12.90,12.45,12.63,5679119,72061936.00
2014-10-27,12.44,12.93,12.41,12.86,5471596,69727648.00
2014-10-28,12.81,13.23,12.75,13.20,9237087,120867032.00
2014-10-29,13.26,13.47,13.10,13.36,12198548,161933744.00
2014-10-30,13.41,13.46,13.08,13.12,6940603,91811736.00
2014-10-31,13.13,13.70,13.08,13.26,11424296,153230160.00
2014-11-03,13.16,13.35,13.01,13.08,7598956,99632800.00
2014-11-04,12.98,13.38,12.78,13.12,9104980,119088912.00
2014-11-05,13.09,13.40,12.97,13.30,9492057,125716048.00
2014-11-06,13.23,13.58,13.11,13.53,10539073,140988960.00
2014-11-07,13.60,13.82,13.06,13.11,11488319,154597280.00
2014-11-10,13.07,13.09,12.88,12.97,6838429,88574208.00
2014-11-11,12.96,13.06,11.90,12.10,9684575,119986496.00
2014-11-12,12.05,12.32,11.85,12.21,4607376,55916596.00
2014-11-13,12.16,12.18,11.62,11.77,6577592,77842904.00
2014-11-14,11.66,12.27,11.65,11.92,5381557,64515588.00
2014-11-17,11.85,12.19,11.78,11.99,3614999,43507248.00
2014-11-18,11.99,12.15,11.92,12.00,2993314,35986440.00
2014-11-19,12.06,12.18,11.94,12.05,3814045,45930116.00
2014-11-20,12.00,12.06,11.86,11.86,3317620,39643944.00
2014-11-21,11.86,12.25,11.76,12.15,6843189,82911960.00
2014-11-24,12.15,12.45,12.10,12.34,7525835,92423600.00
2014-11-25,12.34,12.54,12.26,12.37,5790312,71687704.00
2014-11-26,12.45,12.61,12.19,12.44,6973865,86473520.00
2014-11-27,12.48,13.68,12.47,13.26,21441382,284006080.00
2014-11-28,13.21,13.55,12.95,13.01,15798805,209045952.00
2014-12-01,13.00,13.28,12.62,13.10,10747791,139095168.00
2014-12-02,12.99,13.23,12.86,13.14,7764360,101635768.00
2014-12-03,13.16,13.60,12.90,13.40,15104285,201106272.00
2014-12-04,13.30,13.88,13.20,13.76,20413707,278559712.00
2014-12-05,13.80,14.75,12.41,14.34,33169256,462994432.00
2014-12-08,14.13,14.94,13.98,14.34,29117311,421959392.00
2014-12-09,14.30,14.30,12.91,12.91,21653883,296851360.00
2014-12-10,12.60,13.35,12.30,13.02,12366893,158698368.00
2014-12-11,12.86,14.27,12.72,13.95,21283421,288371520.00
2014-12-12,13.80,14.00,13.44,13.70,12231203,166976160.00
2014-12-15,13.20,13.54,13.10,13.40,9072881,120698784.00
2014-12-16,13.25,13.86,13.25,13.53,12345879,168133952.00
2014-12-17,13.38,13.49,12.95,13.08,8360188,110534480.00
2014-12-18,13.08,13.52,12.94,13.16,7876174,104562496.00
2014-12-19,13.07,13.60,12.40,13.28,14359904,186873168.00
2014-12-22,13.11,13.38,12.37,12.40,9541586,121516504.00
2014-12-23,12.30,12.37,11.70,11.76,6064724,73113760.00
2014-12-24,11.76,12.06,11.73,11.92,3432399,40784244.00
2014-12-25,11.92,12.25,11.85,12.10,3759885,45295940.00
2014-12-26,12.17,12.50,11.87,12.25,7987434,96937728.00
2014-12-29,12.00,12.17,11.81,11.90,5902890,70523024.00
2014-12-30,11.90,12.04,11.26,11.33,4763986,55587260.00
2014-12-31,11.38,11.45,11.18,11.23,4340760,49093132.00
2015-01-05,11.30,11.54,11.20,11.51,4784655,54620128.00
2015-01-06,11.50,11.85,11.38,11.72,7551579,87894136.00
2015-01-07,11.70,11.70,11.50,11.63,4014418,46495784.00
2015-01-08,11.60,11.78,11.41,11.50,3816947,44348596.00
2015-01-09,11.51,12.28,11.47,11.63,8121530,96071016.00
2015-01-12,11.48,11.60,11.16,11.19,3936424,44722288.00
2015-01-13,11.11,11.50,11.11,11.41,3122770,35489888.00
2015-01-14,11.41,11.80,11.35,11.50,4732342,54878132.00
2015-01-15,11.45,11.67,11.45,11.57,3541779,40995516.00
2015-01-16,11.58,11.73,11.58,11.72,3534908,41272280.00
2015-01-19,11.38,11.58,10.80,11.05,4607580,51853844.00
2015-01-20,11.03,11.45,11.03,11.42,3131880,35457832.00
2015-01-21,11.42,11.98,11.37,11.85,7331648,86013208.00
2015-01-22,11.70,12.50,11.67,12.33,11948207,145278192.00
2015-01-23,12.32,12.38,11.90,12.03,9029970,109160384.00
2015-01-26,12.42,12.57,11.98,12.23,6635277,81333736.00
2015-01-27,12.13,12.95,12.13,12.70,13064068,164794560.00
2015-01-28,12.47,12.61,12.18,12.27,6523275,80668528.00
2015-01-29,12.18,12.50,12.08,12.16,4161377,50921828.00
2015-01-30,12.13,12.26,11.76,11.81,4965612,59428224.00
2015-02-02,11.79,12.11,11.71,11.83,3553886,42472656.00
2015-02-03,11.81,12.08,11.75,12.03,3543223,42265460.00
2015-02-04,12.02,12.40,11.93,12.17,7600101,92613440.00
2015-02-05,12.00,12.28,11.86,11.93,5763753,69589520.00
2015-02-06,11.88,12.19,11.37,11.41,4388474,50999600.00
2015-02-09,11.40,11.50,11.30,11.43,2296781,26202120.00
2015-02-10,11.44,11.54,11.30,11.40,2111316,24152088.00
2015-02-11,11.41,11.60,11.40,11.55,2939014,33789076.00
2015-02-12,11.55,11.73,11.48,11.63,3217047,37320244.00
2015-02-13,11.67,12.05,11.60,11.89,5168344,61271212.00
2015-02-16,11.88,12.03,11.80,11.95,3544863,42304844.00
2015-02-17,11.96,12.20,11.94,11.94,3108444,37445260.00
2015-02-25,11.95,12.18,11.91,12.04,3526029,42531796.00
2015-02-26,12.10,12.20,12.05,12.18,3579394,43428972.00
2015-02-27,12.35,12.78,12.35,12.52,11250197,141790896.00
2015-03-02,12.60,12.88,12.42,12.86,10673728,135859584.00
2015-03-03,12.84,13.42,12.68,12.96,15200819,199339152.00
2015-03-04,12.86,13.13,12.68,12.76,8709698,111576464.00
2015-03-05,12.76,12.85,12.46,12.64,6629333,83319872.00
2015-03-06,12.67,12.78,12.56,12.60,4849788,61330932.00
2015-03-09,12.60,13.17,12.40,13.06,8784954,112732536.00
2015-03-10,12.89,13.15,12.85,12.96,7869426,102289832.00
2015-03-11,12.88,12.99,12.70,12.86,5545985,71224864.00
2015-03-12,12.86,13.09,12.68,12.98,6291339,81229624.00
2015-03-13,13.30,13.55,13.05,13.10,10806886,143407456.00
2015-03-16,13.13,13.46,13.13,13.36,9809321,130609320.00
2015-03-17,13.30,13.85,13.20,13.78,16849384,228947792.00
2015-03-18,13.68,14.47,13.68,14.14,17976392,253998016.00
2015-03-19,14.14,14.20,13.72,13.86,12881046,178708576.00
2015-03-20,13.84,13.98,13.71,13.78,9063648,125023928.00
2015-03-23,13.79,13.99,13.65,13.93,11627645,160788800.00
2015-03-24,13.94,14.46,13.70,14.21,19045858,269114080.00
2015-03-25,14.11,14.88,13.85,14.67,20510313,294724672.00
2015-03-26,14.46,14.72,14.15,14.30,13187986,190059360.00
2015-03-27,14.40,14.45,14.05,14.20,6445269,91390672.00
2015-03-30,14.18,14.70,14.16,14.43,9917627,142239472.00
2015-03-31,14.40,14.40,13.85,13.92,13194800,185566912.00
2015-04-01,13.85,14.06,13.82,14.02,7915666,110447160.00
2015-04-02,14.03,14.47,13.93,14.43,11785229,167369136.00
2015-04-03,14.43,14.43,13.91,14.30,10961294,156318768.00
2015-04-07,14.32,14.91,14.22,14.80,16667391,243978752.00
2015-04-08,14.80,16.28,14.43,16.28,16168647,249615984.00
2015-04-09,17.09,17.40,15.65,16.58,31025590,517279104.00
2015-04-10,16.08,17.99,15.92,17.31,21846017,366092640.00
2015-04-13,17.20,17.99,16.78,17.16,16813067,291269888.00
2015-04-14,17.00,17.48,16.61,16.80,12889299,219467824.00
2015-04-15,16.61,16.91,15.82,16.24,8741418,143189552.00
2015-04-16,16.14,17.00,16.02,16.86,9704358,161757104.00
2015-04-17,16.90,17.38,16.51,16.75,13871070,235596768.00
2015-04-20,16.75,17.49,16.55,16.85,13632887,233259968.00
2015-04-21,16.90,17.88,16.82,17.48,13833700,240518096.00
2015-04-22,17.70,17.87,17.30,17.77,15496400,272828480.00
2015-04-23,17.75,18.30,17.33,17.51,14728303,261566800.00
2015-04-24,17.11,17.30,16.58,16.80,11608578,196494384.00
2015-04-27,16.88,17.30,16.80,16.85,9011999,153017776.00
2015-04-28,16.85,17.00,15.87,16.05,9066931,148448080.00
2015-04-29,15.80,16.80,15.80,16.61,7195745,117883664.00
2015-04-30,16.95,16.95,16.38,16.40,5410890,89760504.00
2015-05-04,16.40,17.30,16.30,16.95,6568542,110334392.00
2015-05-05,16.91,17.20,15.96,15.98,5641690,93460648.00
2015-05-06,16.05,16.29,14.50,15.12,6866425,107253408.00
2015-05-07,14.81,15.05,14.40,14.40,4792401,70089960.00
2015-05-08,14.61,14.80,14.42,14.78,5615043,82111464.00
2015-05-11,14.99,15.61,14.82,15.37,6450057,98240312.00
2015-05-12,15.38,15.75,15.20,15.57,6402771,98942160.00
2015-05-13,15.33,15.84,15.30,15.55,6644429,103634864.00
2015-05-14,15.56,16.00,15.50,15.82,7267285,114301384.00
2015-05-15,15.84,16.50,15.41,16.02,9608291,153661232.00
2015-05-18,15.88,16.79,15.77,16.32,8567171,139217648.00
2015-05-19,16.29,17.18,16.27,17.00,11894390,199544160.00
2015-05-20,16.96,17.36,16.65,16.78,11727709,199744544.00
2015-05-21,16.71,17.35,16.56,17.23,8890909,151080688.00
2015-05-22,17.24,17.75,17.18,17.30,12871465,223807200.00
2015-05-25,17.34,18.80,17.08,18.37,14772414,266026144.00
2015-05-26,18.46,20.21,18.20,20.21,9240576,179185328.00
2015-05-27,21.95,22.23,21.42,22.23,22106393,488206464.00
2015-05-28,22.51,23.70,20.98,21.00,26261707,585313408.00
2015-05-29,21.00,21.51,19.15,20.04,16938006,348489984.00
2015-06-01,20.02,21.38,20.02,21.35,12391313,258240512.00
2015-06-02,21.35,22.35,20.92,22.24,13697625,296925536.00
2015-06-03,22.25,22.40,20.52,21.40,10769105,231562256.00
2015-06-04,21.32,22.00,19.30,20.95,9005908,186703200.00
2015-06-05,21.35,21.97,20.24,21.60,11732061,252162128.00
2015-06-08,21.45,21.60,20.40,20.59,11174562,231635008.00
2015-06-09,20.70,21.49,20.25,20.95,8370462,175063360.00
2015-06-10,20.65,22.98,20.20,22.20,15743828,344652576.00
2015-06-11,21.77,22.14,21.46,21.93,8077160,176060768.00
2015-06-12,21.85,23.00,21.33,22.89,17989032,400157856.00
2015-06-15,22.83,24.47,22.46,23.30,17336282,406566688.00
2015-06-16,22.50,22.95,20.97,21.00,10984060,238181168.00
2015-06-17,21.00,21.40,18.90,21.26,8452916,175169088.00
2015-06-18,21.26,21.93,20.20,20.28,8653706,184151392.00
2015-06-19,19.89,19.89,18.25,18.25,7235816,137753648.00
2015-06-23,18.18,18.59,16.77,18.59,6898171,123801024.00
2015-06-24,19.16,20.14,18.96,19.61,10600365,206789040.00
2015-06-25,19.61,20.12,17.65,18.58,9277562,180093056.00
2015-06-26,18.00,18.00,16.72,16.72,7997635,137282848.00
2015-06-29,17.41,17.57,15.05,15.05,9310313,148408560.00
2015-06-30,14.52,16.55,13.55,16.15,10783154,159547040.00
2015-07-01,15.98,16.39,14.67,14.81,8489283,134225712.00
2015-07-02,14.81,15.26,13.33,13.35,8068131,114086704.00
2015-07-03,12.18,13.28,12.02,12.02,8376242,103359320.00
2015-07-06,13.00,13.19,10.82,10.85,9880867,115208192.00
2015-07-07,10.05,10.38,9.77,9.77,3256800,31967258.00
2015-07-08,8.79,10.30,8.79,9.99,27434160,249321824.00
2015-07-09,9.33,10.99,9.22,10.99,11709383,123271560.00
2015-07-10,11.09,12.09,11.09,12.09,9116654,108277440.00
2015-07-13,12.60,13.30,12.32,13.30,14285044,183949312.00
2015-07-14,13.20,14.26,12.51,13.45,18075914,243997184.00
2015-07-15,12.81,13.04,12.11,12.11,8132989,100806056.00
2015-07-16,12.11,12.77,10.91,12.09,11734796,141115104.00
2015-07-17,12.30,13.30,12.10,13.30,15564800,202121728.00
2015-07-20,13.40,14.30,13.13,13.99,16453687,225733504.00
2015-07-21,13.50,14.03,13.22,13.83,11498048,157544720.00
2015-07-22,13.80,14.75,13.61,14.30,12822434,183090816.00
2015-07-23,14.48,14.95,14.00,14.63,12210763,177361856.00
2015-07-24,14.45,15.37,13.86,14.25,13354089,197873888.00
2015-07-27,13.65,14.49,12.83,12.83,10751939,147899216.00
2015-07-28,11.56,13.25,11.55,11.78,12212689,146100128.00
2015-07-29,12.15,12.96,11.71,12.96,9469675,115536968.00
2015-07-30,12.94,14.12,12.80,13.00,13911848,187436608.00
2015-07-31,12.61,13.20,11.73,12.30,7884155,99771144.00
2015-08-03,11.98,12.14,11.07,11.08,7155400,82024992.00
2015-08-04,11.20,12.19,11.20,12.19,6967643,82029720.00
2015-08-05,12.12,12.66,11.95,12.18,9620384,119169808.00
2015-08-06,11.95,12.45,11.76,12.38,5900025,71932728.00
2015-08-07,12.40,13.01,12.40,12.90,7190408,91600272.00
2015-08-10,13.20,14.19,13.03,14.19,11882616,162793456.00
2015-08-11,14.37,14.94,13.96,14.28,15234670,218041456.00
2015-08-12,13.96,14.79,13.78,14.35,10151070,146108304.00
2015-08-13,14.00,15.79,14.00,15.79,16971345,258093200.00
2015-08-14,16.10,16.66,15.68,16.10,19120050,307865248.00
2015-08-17,15.99,17.20,15.71,16.99,13659937,226975536.00
2015-08-18,16.88,16.88,15.29,15.29,12482625,198545760.00
2015-08-19,13.97,15.77,13.83,15.50,12710878,185729888.00
2015-08-20,15.01,15.49,14.00,14.25,8559184,125881408.00
2015-08-21,13.95,14.85,13.25,13.48,8977557,126920896.00
2015-08-24,12.60,13.37,12.13,12.13,4894714,59972544.00
2015-08-25,10.92,11.38,10.92,10.92,5356416,58615524.00
2015-08-26,10.92,11.29,9.83,9.83,10547007,109490840.00
2015-08-27,9.99,10.48,9.16,10.20,8709123,86471216.00
2015-08-28,10.35,11.22,10.30,11.22,12043874,129705072.00
2015-08-31,11.25,11.28,10.61,10.62,8545131,93210408.00
2015-09-01,10.37,10.37,9.56,9.56,8632639,83970240.00
2015-09-02,8.86,9.70,8.60,8.60,8396305,75487008.00
2015-09-07,8.85,9.30,8.74,8.90,6470908,58145488.00
2015-09-08,8.84,9.38,8.55,9.33,4999319,44884380.00
2015-09-09,9.40,10.00,9.33,10.00,9476495,91129328.00
2015-09-10,9.80,10.68,9.61,10.35,12441475,127777656.00
2015-09-11,10.35,10.50,9.80,10.26,5728881,58080508.00
2015-09-14,10.30,10.38,9.23,9.23,5980100,57569180.00
2015-09-15,8.75,8.95,8.31,8.31,8433457,72009616.00
2015-09-16,8.34,9.14,8.18,9.06,6720486,58238396.00
2015-09-17,8.88,9.49,8.73,8.73,8189937,74483272.00
2015-09-22,9.28,9.28,9.28,9.28,0,0.00
数据来源:通达信
