002462 嘉事堂 日线 前复权
      日期	    开盘	    最高	    最低	    收盘	    成交量	    成交额
2010-08-18,14.33,15.39,13.33,13.40,24870370,548732288.00
2010-08-19,12.99,14.81,12.85,14.81,18052240,407577184.00
2010-08-20,14.66,16.32,14.59,15.89,21588924,527337184.00
2010-08-23,15.57,16.31,14.85,16.06,13977457,340889792.00
2010-08-24,15.76,15.93,15.20,15.26,8349481,203164992.00
2010-08-25,14.99,15.85,14.67,15.00,7736033,184851968.00
2010-08-26,15.00,15.25,14.67,14.85,4967268,115908784.00
2010-08-27,14.79,15.71,14.69,15.49,5404084,128526608.00
2010-08-30,15.49,17.11,15.39,17.11,8269988,213454464.00
2010-08-31,17.59,18.83,17.26,18.22,13859467,386043232.00
2010-09-01,17.97,18.94,16.87,18.66,11548285,325126144.00
2010-09-02,18.32,20.51,18.21,19.99,11884172,361272544.00
2010-09-03,19.86,21.78,19.46,20.53,10777891,343268480.00
2010-09-06,20.13,20.92,18.41,18.65,9624175,286337984.00
2010-09-07,18.00,19.98,18.00,19.11,6395623,190298912.00
2010-09-08,18.79,18.86,18.32,18.79,4235437,122613968.00
2010-09-09,18.99,19.75,18.46,18.87,4621125,136624256.00
2010-09-10,18.66,18.85,17.86,18.47,4543771,129385400.00
2010-09-13,18.33,18.96,17.99,18.83,4391765,126352920.00
2010-09-14,18.79,20.36,18.66,20.09,7992566,244563328.00
2010-09-15,19.87,20.16,18.39,18.59,5927410,176673424.00
2010-09-16,18.23,18.65,17.33,17.59,4303430,119085376.00
2010-09-17,17.46,18.02,17.36,17.41,2232792,61326740.00
2010-09-20,17.41,17.81,16.62,16.64,2444626,65169668.00
2010-09-21,16.76,16.96,15.99,16.09,2567544,64974944.00
2010-09-28,16.53,17.12,16.33,16.55,3340537,87143120.00
2010-09-29,16.54,16.58,15.99,15.99,2017663,50952908.00
2010-09-30,15.99,16.43,15.99,16.32,1483032,37650816.00
2010-10-08,16.59,16.78,16.32,16.66,2196734,56864304.00
2010-10-11,16.66,18.07,16.38,17.90,4886469,130575328.00
2010-10-12,17.53,17.79,16.96,17.16,2913800,79085328.00
2010-10-13,17.33,17.33,16.43,16.58,2673681,69459696.00
2010-10-14,16.59,16.65,15.99,16.12,2405572,60940632.00
2010-10-15,16.11,16.31,15.63,15.64,2937986,73312280.00
2010-10-18,15.60,16.29,14.66,16.13,3159339,75732232.00
2010-10-19,16.10,16.65,15.73,16.37,2429460,61863048.00
2010-10-20,15.99,16.57,15.87,16.04,2668233,67411224.00
2010-10-21,16.05,16.19,15.66,15.77,1901150,47094800.00
2010-10-22,15.78,16.19,15.66,15.96,1648826,41004396.00
2010-10-25,16.00,16.32,15.86,16.17,2388623,60095996.00
2010-10-26,16.13,16.57,15.71,16.49,3849507,96968560.00
2010-10-27,16.53,17.29,16.53,16.65,4418546,116034384.00
2010-10-28,16.59,16.85,16.23,16.66,2716299,70169032.00
2010-10-29,16.83,17.31,16.66,17.17,3062097,81007120.00
2010-11-01,17.22,17.33,16.93,17.21,3509642,93815904.00
2010-11-02,17.21,18.53,16.57,17.93,6840886,185097584.00
2010-11-03,17.86,18.13,17.09,17.11,4979091,137758592.00
2010-11-04,17.11,17.66,16.85,17.21,3096416,83642744.00
2010-11-05,17.31,17.37,16.98,17.23,2700388,72117328.00
2010-11-08,17.15,17.53,16.99,17.53,2704852,72846968.00
2010-11-09,17.53,17.84,17.36,17.61,2679236,73473896.00
2010-11-10,17.53,18.14,17.43,17.43,4709065,130765824.00
2010-11-11,17.49,17.65,17.03,17.05,3346720,90574232.00
2010-11-12,16.93,16.96,15.33,15.50,2718179,69089048.00
2010-11-15,15.54,15.99,15.43,15.96,1652458,40689248.00
2010-11-16,16.33,16.33,15.38,15.57,1570316,39049892.00
2010-11-17,15.41,15.72,14.67,14.83,1108121,26459178.00
2010-11-18,14.66,14.79,14.08,14.39,4515416,101368720.00
2010-11-19,14.51,14.96,14.31,14.81,2603164,59425212.00
2010-11-22,14.68,15.51,14.68,15.19,2607880,62124152.00
2010-11-23,15.09,15.29,14.65,14.92,2031965,47295580.00
2010-11-24,14.79,15.46,14.73,15.35,2205858,52156684.00
2010-11-25,15.59,15.66,15.13,15.41,2375498,57364240.00
2010-11-26,15.41,15.55,15.19,15.39,1539335,36914524.00
2010-11-29,15.37,15.63,15.32,15.41,1543900,37322976.00
2010-11-30,15.38,15.71,14.56,14.84,2103918,49663580.00
2010-12-01,14.79,14.83,14.53,14.59,1417752,32534888.00
2010-12-02,14.66,14.93,14.63,14.75,1466233,33968372.00
2010-12-03,14.75,14.85,14.31,14.53,1346583,30658804.00
2010-12-06,14.56,14.63,14.13,14.33,1189721,26772602.00
2010-12-07,14.23,14.43,13.91,14.35,1119574,24943836.00
2010-12-08,14.35,14.61,14.33,14.35,926100,20994548.00
2010-12-09,14.29,15.85,14.29,15.85,8219192,198941664.00
2010-12-10,15.79,15.79,15.10,15.23,4832607,115931056.00
2010-12-14,15.50,15.78,15.23,15.58,4571669,111049984.00
2010-12-15,15.46,15.91,15.29,15.80,3321610,81081672.00
2010-12-16,15.67,16.09,15.41,15.71,2923700,72370184.00
2010-12-17,15.61,15.70,15.43,15.58,1866135,45293656.00
2010-12-20,15.63,15.65,14.73,15.26,2105351,50189792.00
2010-12-21,15.23,15.46,14.94,15.36,1525439,36376988.00
2010-12-22,15.33,15.42,15.10,15.36,1334346,31870840.00
2010-12-23,15.39,15.46,14.81,14.85,1290166,30399332.00
2010-12-24,14.79,14.79,14.28,14.43,910737,20691180.00
2010-12-27,14.70,14.70,14.09,14.13,840481,19013254.00
2010-12-28,14.06,14.19,13.55,13.57,1195423,25915398.00
2010-12-29,13.57,13.85,13.43,13.73,731432,15711260.00
2010-12-30,13.68,14.31,13.59,14.31,912963,19878266.00
2010-12-31,14.02,14.50,14.00,14.37,1084991,24321316.00
2011-01-04,14.39,14.49,14.16,14.40,1159968,26065814.00
2011-01-05,14.28,14.56,14.20,14.26,880112,19856936.00
2011-01-06,14.26,14.37,13.91,13.95,937707,20701858.00
2011-01-07,13.99,14.18,13.77,14.16,990366,21852320.00
2011-01-10,14.15,14.16,13.79,14.03,1055638,23113082.00
2011-01-11,13.92,13.92,13.39,13.55,935999,19962842.00
2011-01-12,13.49,13.66,13.31,13.51,795060,16847160.00
2011-01-13,13.63,13.63,13.38,13.45,531270,11267457.00
2011-01-14,13.33,13.46,12.89,12.99,1109452,22773634.00
2011-01-17,12.79,12.99,11.62,11.79,1395327,26889476.00
2011-01-18,11.73,11.79,11.45,11.69,856663,15762295.00
2011-01-19,11.71,12.07,11.66,12.05,796958,15039341.00
2011-01-20,12.00,12.07,11.33,11.43,779571,14445078.00
2011-01-21,11.51,11.63,11.33,11.53,641450,11698407.00
2011-01-24,11.71,11.71,11.39,11.43,624350,11451120.00
2011-01-25,11.43,11.56,10.99,11.15,624368,11069880.00
2011-01-26,11.15,11.66,11.15,11.52,573624,10449177.00
2011-01-27,11.49,11.73,11.33,11.66,758819,13971236.00
2011-01-28,11.65,11.82,11.56,11.76,509384,9459048.00
2011-01-31,11.75,11.94,11.63,11.89,550728,10279978.00
2011-02-01,11.93,11.93,11.77,11.77,458369,8588822.00
2011-02-09,11.66,11.78,11.43,11.50,649231,11914800.00
2011-02-10,11.34,12.05,11.33,11.99,1029430,19227086.00
2011-02-11,11.96,12.29,11.83,12.13,1118506,21410850.00
2011-02-14,12.11,12.98,12.11,12.95,2276564,45038984.00
2011-02-15,12.93,14.20,12.79,13.44,4280385,90173256.00
2011-02-16,13.19,13.53,13.05,13.37,1576470,33015858.00
2011-02-17,13.39,13.53,13.07,13.22,1287445,26979944.00
2011-02-18,13.15,13.53,13.03,13.07,956560,19937664.00
2011-02-21,12.99,13.33,12.90,13.18,958394,19783158.00
2011-02-22,13.13,13.28,12.53,12.53,1335530,27015480.00
2011-02-23,12.49,12.76,12.49,12.62,763850,15256735.00
2011-02-24,12.62,12.99,12.62,12.80,679558,13767757.00
2011-02-25,12.81,12.97,12.67,12.77,605034,12214098.00
2011-02-28,12.79,13.43,12.63,13.31,1641983,33987932.00
2011-03-01,13.25,13.39,13.06,13.12,1198121,24937666.00
2011-03-02,13.11,13.19,12.83,12.97,1212231,24814390.00
2011-03-03,12.97,13.05,12.81,13.00,976119,19918842.00
2011-03-04,12.97,13.96,12.89,13.85,2469737,51945000.00
2011-03-07,13.76,14.10,13.69,13.87,4994123,109439816.00
2011-03-08,13.94,13.94,13.23,13.61,1543622,33028514.00
2011-03-09,13.61,13.66,13.37,13.53,1497590,31849550.00
2011-03-10,13.48,13.59,13.42,13.47,848679,18027850.00
2011-03-11,13.46,13.93,13.43,13.62,1855609,40169036.00
2011-03-14,13.49,13.93,13.48,13.82,1520651,32988090.00
2011-03-15,13.83,13.91,13.00,13.33,1567602,32964412.00
2011-03-16,13.33,13.64,13.17,13.42,913501,19309634.00
2011-03-17,13.29,13.37,12.76,12.88,1063669,21940144.00
2011-03-18,12.99,13.13,12.77,13.13,1051628,21527726.00
2011-03-21,13.31,13.36,12.59,12.72,1425497,28925380.00
2011-03-22,12.73,13.55,12.60,13.48,2482959,51392620.00
2011-03-23,13.53,13.64,13.34,13.49,2517661,53596812.00
2011-03-24,13.48,13.49,13.11,13.13,1304948,27198326.00
2011-03-25,13.09,13.26,13.07,13.09,912336,18892056.00
2011-03-28,13.13,13.26,12.77,12.81,1235486,25097994.00
2011-03-29,12.81,12.95,12.75,12.78,706550,14306905.00
2011-03-30,12.75,12.86,12.33,12.35,928845,18364080.00
2011-03-31,12.33,12.43,12.14,12.20,713284,13856007.00
2011-04-01,12.26,12.64,12.19,12.59,399721,7826170.50
2011-04-06,12.46,12.64,12.39,12.45,564338,11160768.00
2011-04-07,12.41,12.81,12.41,12.63,596592,11957547.00
2011-04-08,12.57,12.76,12.57,12.66,441035,8827664.00
2011-04-11,12.66,12.82,12.61,12.69,517634,10380435.00
2011-04-12,12.66,12.77,12.53,12.58,438203,8762391.00
2011-04-13,12.59,12.71,12.45,12.67,552936,11031411.00
2011-04-14,12.92,13.99,12.92,13.80,4322863,92419064.00
2011-04-15,13.74,13.74,13.23,13.45,2262402,47826488.00
2011-04-18,13.37,13.39,13.14,13.31,1168813,24404344.00
2011-04-19,13.32,13.32,12.77,12.85,1319496,26929030.00
2011-04-20,12.94,13.19,12.71,13.16,1027999,20968964.00
2011-04-21,13.06,13.15,12.94,12.96,1030661,21191434.00
2011-04-22,12.98,13.03,12.77,12.79,847059,17166690.00
2011-04-25,12.76,13.01,12.76,13.01,857268,17459168.00
2011-04-26,12.91,14.13,12.91,13.79,3701285,78675808.00
2011-04-27,13.59,13.79,13.20,13.43,2839369,60099304.00
2011-04-28,13.33,13.45,12.91,13.26,1584854,32881366.00
2011-04-29,13.23,13.29,12.73,12.73,2044478,41767580.00
2011-05-03,12.85,12.85,11.69,12.03,2606502,49578136.00
2011-05-04,11.86,12.06,11.81,11.87,905800,17087754.00
2011-05-06,11.99,11.99,11.77,11.84,537559,10126137.00
2011-05-09,11.86,11.95,11.75,11.82,678151,12749168.00
2011-05-10,11.86,11.92,11.79,11.83,520345,9761833.00
2011-05-11,11.87,12.03,11.79,11.91,751538,14180700.00
2011-05-12,11.83,11.89,11.43,11.50,941402,17367444.00
2011-05-13,11.49,11.59,11.13,11.37,745314,13424905.00
2011-05-16,11.33,11.55,11.33,11.39,449520,8163550.50
2011-05-17,11.42,11.48,11.29,11.45,432998,7841941.50
2011-05-18,11.43,11.57,11.36,11.52,551652,10043830.00
2011-05-19,11.55,11.65,11.45,11.51,322410,5913454.00
2011-05-20,11.43,11.58,11.41,11.50,228473,4162405.25
2011-05-23,11.45,11.51,10.91,10.93,599761,10624344.00
2011-05-24,10.93,10.96,10.37,10.78,469200,7977220.50
2011-05-25,10.77,10.87,10.47,10.47,310056,5271263.50
2011-05-26,10.65,10.73,10.36,10.38,368584,6170532.00
2011-05-27,10.38,10.39,9.93,9.96,570601,9214146.00
2011-05-30,9.93,10.23,9.84,10.01,361562,5805889.50
2011-05-31,10.02,10.25,10.01,10.25,356953,5797453.50
2011-06-01,10.27,10.31,10.10,10.29,342964,5617823.00
2011-06-02,10.24,10.24,9.92,10.05,332062,5324619.50
2011-06-03,10.00,10.29,10.00,10.21,375330,6103401.50
2011-06-07,10.13,10.33,10.13,10.32,415818,6806860.50
2011-06-08,10.31,10.59,10.23,10.53,900608,15094114.00
2011-06-09,10.43,10.51,10.11,10.13,427299,7044990.00
2011-06-10,10.19,10.23,9.86,10.06,335774,5370912.00
2011-06-13,9.99,10.06,9.87,10.03,295408,4712159.50
2011-06-14,9.93,10.18,9.93,10.16,395311,6398014.00
2011-06-15,10.19,10.19,10.05,10.13,316201,5133104.50
2011-06-16,10.08,10.08,9.84,9.91,543630,8654029.00
2011-06-17,9.97,9.97,9.67,9.67,261827,4136779.00
2011-06-20,9.66,9.67,9.42,9.46,259909,3968465.50
2011-06-21,9.52,9.63,9.42,9.61,276910,4228126.00
2011-06-22,9.63,9.76,9.59,9.71,303491,4701358.00
2011-06-23,9.71,9.93,9.63,9.88,628611,9902334.00
2011-06-24,9.82,10.26,9.79,10.26,1081233,17436202.00
2011-06-27,10.25,11.33,10.17,10.97,2539438,43777324.00
2011-06-28,10.91,10.93,10.67,10.87,1217508,20912186.00
2011-06-29,10.88,11.06,10.71,10.93,954489,16561146.00
2011-06-30,10.93,11.06,10.85,11.00,1208961,21129996.00
2011-07-01,11.05,11.19,10.98,11.01,1145786,20134344.00
2011-07-04,11.01,11.09,10.86,11.06,2208000,25457472.00
2011-07-05,11.09,12.22,11.06,12.22,10333337,130259864.00
2011-07-06,12.06,12.21,11.76,12.05,6641972,82957832.00
2011-07-07,12.01,12.26,11.81,12.12,3769691,47462524.00
2011-07-08,11.96,12.14,11.66,11.81,2313360,28667646.00
2011-07-11,11.75,11.95,11.36,11.94,2454497,29965708.00
2011-07-12,11.86,11.93,11.56,11.78,1503989,18508054.00
2011-07-13,11.81,12.70,11.67,12.36,4256642,54463256.00
2011-07-14,12.34,12.75,12.23,12.50,4336245,56568424.00
2011-07-15,12.55,12.76,12.46,12.70,3170937,41732252.00
2011-07-18,12.65,12.95,12.42,12.49,2646282,34927588.00
2011-07-19,12.49,12.49,12.11,12.13,1739606,22134826.00
2011-07-20,12.18,12.40,12.11,12.33,1291047,16524429.00
2011-07-21,12.17,12.33,11.82,11.85,1466160,18415740.00
2011-07-22,11.94,12.04,11.72,11.82,929092,11530455.00
2011-07-25,11.86,12.01,11.23,11.27,1456928,17526916.00
2011-07-26,11.34,11.46,11.06,11.43,1103835,13078313.00
2011-07-27,11.43,11.90,11.11,11.76,1570887,19122518.00
2011-07-28,11.69,11.99,11.47,11.87,1939830,23649956.00
2011-07-29,11.86,11.87,11.53,11.53,1188978,14547294.00
2011-08-01,11.43,11.76,11.27,11.61,710379,8593130.00
2011-08-02,11.56,11.56,11.25,11.41,940638,11182764.00
2011-08-03,11.36,11.71,11.27,11.60,935318,11282543.00
2011-08-04,11.61,11.73,11.52,11.58,793569,9645644.00
2011-08-05,10.87,11.40,10.87,11.16,989566,11612135.00
2011-08-08,11.01,11.07,10.02,10.21,1469592,16257209.00
2011-08-09,9.66,10.21,9.44,10.14,1334605,13874213.00
2011-08-10,10.28,10.46,10.18,10.29,965084,10493204.00
2011-08-11,10.12,10.51,9.89,10.48,2161538,23273716.00
2011-08-12,10.56,10.76,10.48,10.58,1326877,14809423.00
2011-08-15,10.57,10.81,10.51,10.72,1048225,11777196.00
2011-08-16,10.74,10.80,10.52,10.54,1205960,13461953.00
2011-08-17,10.44,10.63,10.38,10.38,1109848,12255031.00
2011-08-18,10.46,10.56,10.26,10.27,750520,8206550.00
2011-08-19,9.96,10.16,9.86,10.06,853410,9030874.00
2011-08-22,10.06,10.24,9.89,9.94,1145867,12132338.00
2011-08-23,9.97,10.20,9.96,10.16,1320465,14007873.00
2011-08-24,10.21,10.66,10.21,10.41,2817786,30929472.00
2011-08-25,10.42,11.45,10.42,11.01,4569647,52828172.00
2011-08-26,10.84,11.26,10.67,11.15,3270930,37825088.00
2011-08-29,10.97,11.20,10.94,10.94,1741527,20197940.00
2011-08-30,11.04,11.13,10.72,10.72,1490320,17118990.00
2011-08-31,10.72,10.92,10.58,10.78,942260,10625839.00
2011-09-01,10.76,10.86,10.48,10.55,1077836,12054498.00
2011-09-02,10.55,10.62,10.36,10.36,638494,7024954.50
2011-09-05,10.26,10.26,9.87,9.87,838945,8825634.00
2011-09-06,9.88,10.01,9.82,9.82,585012,6108065.00
2011-09-07,9.87,10.23,9.86,10.19,904666,9592186.00
2011-09-08,10.24,10.35,10.07,10.07,669360,7162156.50
2011-09-09,10.08,10.18,9.89,9.89,514220,5433960.50
2011-09-13,9.74,9.82,9.57,9.75,493500,5043258.00
2011-09-14,9.85,9.88,9.65,9.88,608840,6301834.50
2011-09-15,9.93,10.07,9.88,9.91,475883,5002101.00
2011-09-16,9.96,10.09,9.87,9.88,451291,4733666.50
2011-09-19,9.99,10.30,9.87,10.22,1896704,20292324.00
2011-09-20,10.21,10.22,10.01,10.17,1081412,11503560.00
2011-09-21,10.15,10.54,10.01,10.47,1889080,20465084.00
2011-09-22,10.35,10.44,9.81,9.84,1810941,19308926.00
2011-09-23,9.62,9.76,9.48,9.72,968158,9834683.00
2011-09-26,9.64,9.79,9.56,9.62,412893,4210045.00
2011-09-27,9.76,9.76,9.51,9.65,419233,4261207.50
2011-09-28,9.70,9.76,9.48,9.50,532163,5396435.00
2011-09-29,9.46,9.52,9.27,9.28,515063,5117553.50
2011-09-30,9.44,9.44,8.97,9.27,434594,4227721.50
2011-10-10,9.26,9.37,9.06,9.09,349016,3381040.00
2011-10-11,9.36,9.51,9.06,9.14,420072,4092233.50
2011-10-12,9.11,9.56,8.98,9.51,770174,7644585.50
2011-10-13,9.46,9.72,9.42,9.63,748157,7594788.50
2011-10-14,9.57,9.69,9.41,9.61,565990,5702789.00
2011-10-17,9.67,9.74,9.51,9.59,470646,4785063.00
2011-10-18,9.60,9.66,9.34,9.35,669308,6722595.50
2011-10-19,9.36,9.45,9.19,9.29,368279,3633687.00
2011-10-20,9.26,9.29,9.00,9.11,656696,6331405.00
2011-10-21,9.06,9.25,8.92,8.92,387564,3706060.75
2011-10-24,9.06,9.15,8.76,9.13,470244,4488055.50
2011-10-25,9.13,9.40,9.06,9.38,786147,7702955.50
2011-10-26,9.27,9.56,9.26,9.45,862889,8608020.00
2011-10-27,9.46,9.66,9.39,9.46,738201,7411869.50
2011-10-28,9.61,9.65,9.47,9.61,944556,9551928.00
2011-10-31,9.65,9.76,9.46,9.70,855434,8724456.00
2011-11-01,9.60,9.95,9.60,9.87,1895156,19549596.00
2011-11-02,9.70,10.09,9.61,10.09,2084233,21707334.00
2011-11-03,10.13,10.38,10.00,10.09,2541261,27306540.00
2011-11-04,10.12,10.26,10.06,10.22,1304648,13938430.00
2011-11-07,10.21,10.85,10.13,10.31,2393068,26375276.00
2011-11-08,10.17,10.36,10.06,10.06,1378968,14840316.00
2011-11-09,10.16,10.31,9.96,10.29,1213375,12977849.00
2011-11-10,10.15,10.41,10.06,10.28,1542331,16607634.00
2011-11-11,10.28,10.72,10.18,10.49,2220770,24503108.00
2011-11-14,10.67,10.76,10.56,10.69,2494240,27883856.00
2011-11-15,10.69,10.72,10.56,10.65,1143568,12756325.00
2011-11-16,10.71,10.71,10.16,10.21,1528390,16679483.00
2011-11-17,10.17,10.30,10.06,10.13,845148,9035336.00
2011-11-18,10.00,10.11,9.76,9.81,766297,8018238.50
2011-11-21,9.77,9.92,9.67,9.89,490734,5076278.00
2011-11-22,9.72,9.86,9.56,9.78,512786,5269560.50
2011-11-23,9.88,9.90,9.73,9.76,402131,4153308.50
2011-11-24,9.57,10.06,9.49,9.97,910104,9390902.00
2011-11-25,9.88,10.06,9.81,9.86,1077806,11309852.00
2011-11-28,9.86,9.93,9.67,9.76,555531,5726518.50
2011-11-29,9.91,10.00,9.75,9.95,909928,9477019.00
2011-11-30,9.89,9.99,9.18,9.33,1115480,11249871.00
2011-12-01,9.66,9.76,9.47,9.58,972229,9886981.00
2011-12-02,9.58,9.58,9.32,9.40,683131,6814756.00
2011-12-05,9.32,9.41,9.04,9.10,440824,4280164.50
2011-12-06,9.04,9.10,8.85,9.04,570248,5420322.50
2011-12-07,9.05,9.05,8.90,8.96,487030,4633816.00
2011-12-08,8.96,9.07,8.85,8.99,602210,5738716.00
2011-12-09,8.94,9.05,8.78,9.00,371121,3516749.25
2011-12-12,8.99,9.03,8.82,8.89,347465,3280683.50
2011-12-13,8.78,8.89,8.37,8.47,813896,7371606.00
2011-12-14,8.36,8.47,7.98,8.26,744544,6546625.00
2011-12-15,8.15,8.30,8.04,8.06,549815,4763178.50
2011-12-16,8.06,8.24,7.94,8.21,616894,5320710.50
2011-12-19,8.19,8.19,7.87,8.08,793568,6790462.00
2011-12-20,8.03,8.31,8.03,8.12,650380,5660370.00
2011-12-21,8.25,8.25,7.88,7.92,691561,5960252.00
2011-12-22,7.76,7.81,7.46,7.56,713089,5800683.00
2011-12-23,7.60,7.72,7.51,7.65,596460,4864025.00
2011-12-26,7.65,7.71,7.51,7.61,378452,3091393.50
2011-12-27,7.58,7.60,7.27,7.27,505704,4015614.75
2011-12-28,7.15,7.23,6.95,7.20,422540,3219805.75
2011-12-29,7.07,7.25,7.07,7.17,362204,2802785.00
2011-12-30,7.20,7.30,7.20,7.28,299704,2336890.25
2012-01-04,7.37,7.45,7.22,7.24,754514,5943288.50
2012-01-05,7.18,7.24,6.76,6.76,422022,3196054.50
2012-01-06,6.84,6.84,6.57,6.81,455966,3298581.25
2012-01-09,6.81,7.45,6.67,7.34,1013422,7765984.50
2012-01-10,7.34,7.65,7.26,7.65,1303280,10509942.00
2012-01-11,7.62,7.69,7.56,7.61,864230,7055249.50
2012-01-12,7.55,7.70,7.55,7.63,493131,4019879.00
2012-01-13,7.68,7.87,7.09,7.11,789934,6255021.00
2012-01-16,7.05,7.11,6.81,6.83,407282,3040407.25
2012-01-17,6.96,7.31,6.81,7.26,515635,3941213.75
2012-01-18,7.28,7.52,7.11,7.23,665046,5227555.50
2012-01-19,7.22,7.45,7.10,7.40,481259,3799563.25
2012-01-20,7.46,7.55,7.31,7.44,465681,3722175.00
2012-01-30,7.45,7.54,7.30,7.37,490881,3919534.25
2012-01-31,7.29,7.43,7.16,7.31,460048,3595142.00
2012-02-01,7.26,7.36,7.21,7.30,303648,2378027.75
2012-02-02,7.28,7.53,7.28,7.53,663701,5288884.00
2012-02-03,7.54,7.78,7.39,7.68,1003707,8191058.50
2012-02-06,7.66,7.80,7.59,7.64,812554,6663870.50
2012-02-07,7.57,7.63,7.37,7.45,744518,5961870.00
2012-02-08,7.44,7.75,7.41,7.75,1340618,10942046.00
2012-02-09,7.74,7.85,7.71,7.78,1446027,12018792.00
2012-02-10,7.79,7.93,7.70,7.78,941312,7852250.50
2012-02-13,7.71,7.98,7.67,7.95,1421868,11971665.00
2012-02-14,7.95,8.24,7.86,8.21,1776560,15203938.00
2012-02-15,8.33,8.70,8.24,8.61,3942283,35645992.00
2012-02-16,8.45,8.61,8.24,8.59,2509556,22590050.00
2012-02-17,8.51,8.58,8.34,8.38,1549429,13891935.00
2012-02-20,8.49,8.71,8.36,8.57,2596036,23568206.00
2012-02-21,8.51,8.57,8.34,8.52,1265398,11374809.00
2012-02-22,8.52,8.62,8.46,8.61,1618821,14734821.00
2012-02-23,8.61,8.78,8.56,8.78,1916839,17644720.00
2012-02-24,8.82,8.85,8.64,8.74,1289645,11933716.00
2012-02-27,8.76,8.89,8.71,8.74,1834861,17114306.00
2012-02-28,8.68,8.71,8.35,8.45,1442150,13096259.00
2012-02-29,8.38,8.49,8.31,8.36,631439,5642913.50
2012-03-01,8.35,8.45,8.31,8.36,919099,8190748.50
2012-03-02,8.40,8.53,8.40,8.52,1168502,10507558.00
2012-03-05,8.51,8.58,8.48,8.51,921064,8354860.00
2012-03-06,8.51,8.52,8.24,8.37,972428,8642690.00
2012-03-07,8.27,8.46,8.26,8.31,778269,6919422.00
2012-03-08,8.32,8.48,8.32,8.44,691196,6199511.00
2012-03-09,8.44,8.66,8.43,8.63,1305562,11896222.00
2012-03-12,8.61,8.72,8.56,8.68,1291180,11869180.00
2012-03-13,8.66,8.73,8.56,8.70,1460512,13438007.00
2012-03-14,8.74,8.76,8.14,8.17,2296772,20956716.00
2012-03-15,8.19,8.26,7.72,7.92,1787294,15111709.00
2012-03-16,7.94,8.17,7.86,8.16,1367202,11689765.00
2012-03-19,8.12,8.41,8.01,8.40,1270614,11205517.00
2012-03-20,8.51,8.51,8.15,8.23,1036122,9114477.00
2012-03-21,8.26,8.36,8.17,8.29,858774,7557894.00
2012-03-22,8.26,8.30,8.07,8.11,861910,7511860.00
2012-03-23,8.08,8.16,7.92,7.95,784849,6726234.00
2012-03-26,7.95,7.99,7.82,7.88,484143,4082107.50
2012-03-27,7.94,8.00,7.88,7.91,503679,4272494.00
2012-03-28,7.88,7.89,7.38,7.45,1155725,9371246.00
2012-03-29,7.43,7.48,7.28,7.36,526519,4163039.75
2012-03-30,7.36,7.40,7.29,7.34,457074,3600359.00
2012-04-05,7.39,7.69,7.36,7.65,683672,5531367.00
2012-04-06,7.67,7.74,7.54,7.66,581535,4776445.00
2012-04-09,7.66,7.88,7.58,7.74,902369,7488538.00
2012-04-10,7.68,8.01,7.68,8.00,1302623,10913125.00
2012-04-11,7.86,8.06,7.82,8.00,1294346,11029223.00
2012-04-12,7.96,8.19,7.93,8.12,1053817,9049749.00
2012-04-13,8.12,8.34,8.06,8.21,1072016,9355416.00
2012-04-16,8.20,8.30,8.08,8.19,1132006,9916698.00
2012-04-17,8.11,8.22,8.04,8.08,619300,5365221.00
2012-04-18,8.06,8.36,8.04,8.36,1187598,10421884.00
2012-04-19,8.33,8.40,8.29,8.34,768439,6818113.00
2012-04-20,8.35,9.23,8.34,8.94,4885489,45749820.00
2012-04-23,8.89,9.36,8.69,9.07,4610483,43956992.00
2012-04-24,8.96,9.34,8.36,8.81,4116065,38386472.00
2012-04-25,8.77,8.85,8.50,8.66,2330818,21479534.00
2012-04-26,8.78,8.83,8.54,8.58,1421666,13005538.00
2012-05-02,8.65,8.75,8.56,8.69,1258678,11608657.00
2012-05-03,8.66,8.88,8.64,8.88,1573488,14679017.00
2012-05-04,8.91,8.95,8.75,8.84,1316259,12341815.00
2012-05-07,8.75,8.84,8.61,8.66,1229168,11358902.00
2012-05-08,8.71,8.77,8.64,8.72,881454,8141012.00
2012-05-09,8.67,8.73,8.51,8.52,905531,8282541.50
2012-05-10,8.52,8.65,8.51,8.56,921622,8408413.00
2012-05-11,8.52,8.69,8.52,8.64,933885,8546942.00
2012-05-14,8.75,9.11,8.68,8.88,3415788,32264502.00
2012-05-15,8.81,8.81,8.11,8.73,1296765,11895763.00
2012-05-16,8.71,8.71,8.51,8.54,1088316,9921444.00
2012-05-17,8.49,8.62,8.31,8.59,1028333,9265438.00
2012-05-18,8.51,8.61,8.41,8.42,641079,5793526.50
2012-05-21,8.42,8.49,8.26,8.34,506650,4515566.50
2012-05-22,8.37,8.60,8.37,8.59,485680,4400745.50
2012-05-23,8.58,8.63,8.42,8.58,564480,5129469.50
2012-05-24,8.57,8.62,8.45,8.45,605187,5486255.00
2012-05-25,8.52,8.52,8.21,8.24,618753,5482619.50
2012-05-28,8.06,8.25,7.93,8.20,736724,6338915.00
2012-05-29,8.09,8.34,8.09,8.30,800120,7036565.50
2012-05-30,8.31,8.37,8.24,8.34,497044,4403807.50
2012-05-31,8.28,8.45,8.25,8.38,440849,3926255.50
2012-06-01,8.38,8.44,8.28,8.41,476434,4250459.00
2012-06-04,8.34,8.34,7.99,8.08,727719,6318348.50
2012-06-05,8.10,8.13,7.98,7.98,501235,4298331.50
2012-06-06,8.06,8.11,7.96,7.99,315041,2703258.00
2012-06-07,8.05,8.10,7.93,7.93,445800,3812922.50
2012-06-08,7.97,8.02,7.84,7.87,245494,2075767.25
2012-06-11,7.87,8.06,7.87,8.04,228682,1948384.63
2012-06-12,7.97,8.13,7.97,8.13,318881,2748857.75
2012-06-13,8.16,8.64,8.11,8.48,1379919,12367646.00
2012-06-14,8.41,8.52,8.34,8.42,709918,6356192.50
2012-06-15,8.45,8.58,8.36,8.53,984260,8879312.00
2012-06-18,8.62,8.76,8.53,8.72,1388434,12592283.00
2012-06-19,8.71,8.72,8.59,8.59,964879,8719166.00
2012-06-20,8.57,8.67,8.43,8.46,743522,6611961.50
2012-06-21,8.52,8.52,8.21,8.31,550991,4801887.50
2012-06-25,8.34,8.67,8.23,8.67,1730128,15443284.00
2012-06-26,8.60,9.18,8.60,8.84,4012405,37225160.00
2012-06-27,8.68,8.94,8.62,8.80,2654175,24440022.00
2012-06-28,8.71,9.08,8.68,9.08,3573793,33536226.00
2012-06-29,9.05,9.41,8.95,9.33,4685262,45144460.00
2012-07-02,9.39,9.59,9.27,9.41,3653346,35861144.00
2012-07-03,9.42,9.66,9.29,9.41,2839963,27970208.00
2012-07-04,9.39,9.59,9.33,9.44,1817985,17839498.00
2012-07-05,9.36,9.44,9.08,9.23,1920259,18542094.00
2012-07-06,9.28,9.69,9.14,9.65,3171244,31332110.00
2012-07-09,9.91,9.91,9.37,9.38,2598588,25945850.00
2012-07-10,9.23,9.55,9.23,9.55,2128904,20917626.00
2012-07-11,9.55,9.78,9.45,9.74,2110932,21173852.00
2012-07-12,9.91,10.05,9.71,9.74,2906650,29736512.00
2012-07-13,9.56,9.75,9.32,9.73,2251298,22430880.00
2012-07-16,9.85,9.85,9.54,9.61,2412199,24175268.00
2012-07-17,9.36,9.70,9.36,9.51,1904273,18837306.00
2012-07-18,9.61,9.62,9.09,9.34,1708890,16710657.00
2012-07-19,9.51,9.94,9.30,9.79,2177988,21963818.00
2012-07-20,9.63,9.88,9.53,9.63,1310040,13187765.00
2012-07-23,9.81,9.81,9.52,9.66,1428049,14359014.00
2012-07-24,9.51,9.86,9.50,9.79,886882,8965986.00
2012-07-25,10.06,10.06,9.72,9.81,1348022,13816501.00
2012-07-26,9.74,9.89,9.42,9.69,899309,9054435.00
2012-07-27,9.78,9.78,9.40,9.59,1024549,10155534.00
2012-07-30,9.61,9.61,9.40,9.55,767300,7566556.50
2012-07-31,9.59,9.59,9.11,9.41,962107,9347722.00
2012-08-01,9.43,9.56,9.29,9.42,519876,5126618.00
2012-08-02,9.53,9.77,9.42,9.74,922546,9220307.00
2012-08-03,9.68,9.94,9.68,9.94,1181878,12044666.00
2012-08-06,9.95,10.28,9.84,10.26,2031049,21378716.00
2012-08-07,10.39,10.39,10.16,10.19,1238639,13152982.00
2012-08-08,10.12,10.29,9.99,10.17,987225,10384220.00
2012-08-09,10.21,10.23,9.94,10.21,1037213,10892751.00
2012-08-10,10.41,10.41,10.03,10.05,655900,6902149.00
2012-08-13,9.95,10.14,9.83,10.00,700071,7294165.00
2012-08-14,10.27,10.27,9.83,10.10,773941,8046212.00
2012-08-15,10.07,10.20,9.69,9.87,1464094,15005621.00
2012-08-16,9.87,9.88,9.59,9.76,622196,6280301.00
2012-08-17,9.73,9.79,9.49,9.66,526152,5256576.00
2012-08-20,9.64,9.70,9.47,9.63,462772,4615860.00
2012-08-21,9.69,9.94,9.61,9.90,1323614,13549151.00
2012-08-22,9.90,10.21,9.86,9.98,1448840,15055992.00
2012-08-23,9.97,10.08,9.84,9.93,565078,5842763.50
2012-08-24,9.81,9.85,9.49,9.64,1118496,11215402.00
2012-08-27,9.56,9.63,9.38,9.51,418781,4130615.00
2012-08-28,9.57,9.75,9.46,9.70,599705,6020307.00
2012-08-29,9.69,9.76,9.51,9.65,491516,4922618.50
2012-08-30,9.63,9.84,9.17,9.37,953849,9315276.00
2012-08-31,9.31,9.35,9.22,9.29,321351,3109541.25
2012-09-03,9.31,9.49,9.20,9.47,464498,4533224.00
2012-09-04,9.54,9.59,9.41,9.43,683611,6759600.50
2012-09-05,9.47,9.58,9.38,9.50,352715,3482209.25
2012-09-06,9.55,9.69,9.49,9.66,494550,4938337.50
2012-09-07,9.74,9.98,9.66,9.82,944174,9643309.00
2012-09-10,9.82,10.00,9.74,9.96,1073442,11001071.00
2012-09-11,9.92,10.01,9.72,9.88,831822,8516342.00
2012-09-12,9.86,9.98,9.74,9.91,624048,6408143.50
2012-09-13,9.93,10.14,9.71,9.71,554549,5679323.00
2012-09-14,9.82,9.90,9.50,9.58,1031509,10307618.00
2012-09-17,9.61,9.61,9.43,9.55,832959,8251331.50
2012-09-18,9.54,9.71,9.52,9.61,788041,7907966.50
2012-09-19,9.66,9.86,9.61,9.80,768612,7792408.50
2012-09-20,9.80,9.86,9.40,9.45,603251,5989980.00
2012-09-21,9.36,9.50,9.22,9.30,359111,3491658.25
2012-09-24,9.30,9.47,8.81,9.18,458617,4366734.00
2012-09-25,9.12,9.26,8.97,9.07,295395,2785483.75
2012-09-26,9.07,9.15,8.75,8.86,457625,4230209.50
2012-09-27,8.94,9.05,8.83,9.04,480808,4487077.50
2012-09-28,9.02,9.11,8.77,9.07,500662,4687100.00
2012-10-08,9.06,9.12,8.97,9.05,236226,2228675.50
2012-10-09,9.05,9.30,9.05,9.24,557454,5323239.50
2012-10-10,9.19,9.29,9.11,9.26,885384,8503308.00
2012-10-11,9.22,9.22,8.96,9.06,534002,5061963.00
2012-10-12,9.11,9.27,8.80,8.97,513676,4808633.00
2012-10-15,8.99,8.99,8.68,8.74,415563,3813993.75
2012-10-16,8.77,8.93,8.73,8.91,587830,5428927.50
2012-10-17,8.88,8.90,8.80,8.87,344376,3177482.75
2012-10-18,8.86,9.00,8.86,8.96,722912,6736027.50
2012-10-19,8.96,8.98,8.03,8.49,1446322,13070458.00
2012-10-22,8.35,8.68,8.35,8.67,792832,7126168.00
2012-10-23,8.69,8.76,8.51,8.56,650647,5848933.50
2012-10-24,8.51,8.51,8.21,8.40,616049,5380490.50
2012-10-25,8.43,8.43,8.27,8.35,542212,4727001.50
2012-10-26,8.36,8.49,8.12,8.21,586531,5058949.50
2012-10-29,8.28,8.28,8.04,8.12,448500,3813975.00
2012-10-30,8.11,8.19,7.96,8.04,981890,8267649.00
2012-10-31,8.10,8.13,7.97,8.13,489212,4136732.00
2012-11-01,8.16,8.35,8.11,8.28,832008,7193153.00
2012-11-02,8.26,8.49,8.26,8.34,481062,4204541.00
2012-11-05,8.36,8.53,8.23,8.51,880211,7733519.00
2012-11-06,8.49,8.49,8.34,8.47,676730,5973488.00
2012-11-07,8.37,8.46,8.24,8.34,657667,5721928.50
2012-11-08,8.36,8.36,8.21,8.21,315966,2735521.75
2012-11-09,8.09,8.27,8.09,8.26,246785,2110831.00
2012-11-12,8.19,8.27,7.85,7.98,732765,6149311.00
2012-11-13,7.96,7.96,7.72,7.89,684049,5599791.50
2012-11-14,7.83,7.87,7.71,7.80,411390,3358020.00
2012-11-15,7.79,7.84,7.46,7.61,880390,7044142.50
2012-11-16,7.46,7.51,7.23,7.34,818378,6327860.00
2012-11-19,7.38,7.40,6.98,7.21,869510,6569157.00
2012-11-20,7.24,7.24,7.09,7.20,602996,4566036.00
2012-11-21,7.23,7.30,7.14,7.28,638813,4865456.00
2012-11-22,7.26,7.26,7.07,7.11,436386,3291828.25
2012-11-23,7.15,7.31,7.04,7.31,725791,5497119.00
2012-11-26,7.18,7.30,7.03,7.05,883999,6672900.00
2012-11-27,7.00,7.06,6.80,6.86,488641,3566351.00
2012-11-28,6.84,6.89,6.59,6.76,521704,3686371.25
2012-11-29,6.71,6.81,6.62,6.72,378411,2696720.75
2012-11-30,6.69,6.78,6.58,6.70,727490,5126512.50
2012-12-03,6.66,6.74,6.13,6.41,730452,5070249.50
2012-12-04,6.32,6.49,6.11,6.45,616553,4084855.75
2012-12-05,6.41,6.83,6.32,6.77,945732,6637530.00
2012-12-06,6.71,6.85,6.69,6.70,441861,3154807.50
2012-12-07,6.71,6.86,6.65,6.86,570566,4096141.50
2012-12-10,6.89,6.99,6.84,6.97,711082,5193205.50
2012-12-11,6.98,6.98,6.83,6.86,606964,4423926.00
2012-12-12,6.80,6.93,6.64,6.74,965101,6889665.00
2012-12-13,6.73,6.76,6.53,6.59,879281,6180786.00
2012-12-14,6.54,7.19,6.42,7.14,2910994,21350636.00
2012-12-17,7.06,7.24,6.97,7.16,1789061,13415091.00
2012-12-18,7.13,7.28,7.05,7.09,1131152,8537546.00
2012-12-19,7.07,7.29,7.05,7.26,985021,7466244.00
2012-12-20,7.31,7.47,7.26,7.35,1675479,12988023.00
2012-12-21,7.33,7.45,7.21,7.29,1226370,9410080.00
2012-12-24,7.30,7.33,7.21,7.26,876621,6711603.00
2012-12-25,7.30,7.56,7.24,7.51,1623473,12680504.00
2012-12-26,7.51,7.63,7.43,7.55,2242473,17689154.00
2012-12-27,7.57,7.61,7.47,7.53,1053947,8351230.50
2012-12-28,7.53,7.57,7.40,7.56,1026381,8098807.00
2012-12-31,7.56,7.58,7.46,7.57,1078515,8531478.00
2013-01-04,7.60,7.77,7.48,7.58,1080444,8629084.00
2013-01-07,7.60,7.73,7.55,7.72,1092109,8761405.00
2013-01-08,7.68,7.89,7.68,7.77,1502504,12257050.00
2013-01-09,7.74,8.26,7.74,8.00,3689272,31063166.00
2013-01-10,7.91,8.09,7.91,8.09,2943305,24735960.00
2013-01-11,8.11,8.37,7.98,8.14,2944341,25147164.00
2013-01-14,8.04,8.55,8.04,8.55,3035215,26649742.00
2013-01-15,8.49,8.61,8.25,8.40,4601996,40343044.00
2013-01-16,8.32,8.38,8.08,8.38,3057939,26340562.00
2013-01-17,8.29,8.51,8.10,8.21,5281628,46016272.00
2013-01-18,8.15,8.32,8.07,8.21,2321824,19877770.00
2013-01-21,8.21,8.29,8.17,8.22,1054907,9068331.00
2013-01-22,8.13,8.27,7.96,8.00,1476400,12536858.00
2013-01-23,7.99,8.08,7.84,7.91,1261019,10503956.00
2013-01-24,7.91,8.07,7.66,7.74,1234947,10233029.00
2013-01-25,7.72,7.76,7.66,7.74,943882,7649741.50
2013-01-28,7.75,7.89,7.69,7.89,1528361,12540250.00
2013-01-29,7.89,7.95,7.86,7.93,1338634,11093661.00
2013-01-30,7.92,7.95,7.77,7.87,946164,7804329.50
2013-01-31,7.90,7.96,7.73,7.76,834880,6842057.00
2013-02-01,7.74,7.82,7.71,7.79,1069955,8710616.00
2013-02-04,7.77,7.82,7.72,7.77,756618,6169314.00
2013-02-05,7.72,7.82,7.70,7.82,1025762,8343673.50
2013-02-06,7.81,7.91,7.78,7.91,859466,7080724.50
2013-02-07,7.92,7.99,7.84,7.90,684655,5670099.00
2013-02-08,7.89,8.03,7.89,8.01,1269381,10606726.00
2013-02-18,8.06,8.19,7.99,8.15,1303580,11028744.00
2013-02-19,8.15,8.19,7.98,8.04,1118997,9472344.00
2013-02-20,8.11,8.43,8.07,8.38,2904244,25221638.00
2013-02-21,8.47,9.26,8.47,9.26,18126772,173104736.00
2013-02-22,9.01,9.06,8.68,8.76,11140702,103183176.00
2013-02-25,8.81,8.89,8.64,8.84,4469002,41041304.00
2013-02-26,8.81,8.90,8.59,8.71,4462348,40651900.00
2013-02-27,8.76,8.81,8.50,8.56,3363807,30320902.00
2013-02-28,8.56,8.74,8.49,8.65,3983341,35801268.00
2013-03-01,8.65,8.91,8.64,8.82,4091458,37564224.00
2013-03-04,8.80,8.82,8.47,8.58,3237920,29188446.00
2013-03-05,8.60,8.80,8.53,8.78,2636615,23999188.00
2013-03-06,8.76,9.20,8.75,8.96,4444653,41634248.00
2013-03-07,8.99,9.08,8.66,8.72,2625509,24216052.00
2013-03-08,8.84,8.84,8.58,8.61,1920307,17341320.00
2013-03-11,8.63,8.80,8.55,8.80,1924437,17496308.00
2013-03-12,8.83,8.90,8.11,8.34,3203440,28472308.00
2013-03-13,8.31,8.40,8.06,8.20,1343924,11528000.00
2013-03-14,8.20,8.33,8.14,8.26,1176437,10182855.00
2013-03-15,8.31,8.42,8.17,8.23,1058170,9189807.00
2013-03-18,8.22,8.29,8.06,8.09,849636,7284900.50
2013-03-19,8.09,8.19,7.71,7.96,1925978,15960383.00
2013-03-20,7.97,8.20,7.88,8.19,1325980,11213862.00
2013-03-21,8.19,8.29,8.16,8.29,1513902,13060544.00
2013-03-22,8.24,8.35,8.23,8.30,1211290,10509780.00
2013-03-25,8.34,8.39,8.21,8.31,943760,8210443.00
2013-03-26,8.38,8.38,8.03,8.25,994110,8498029.00
2013-03-27,8.26,8.36,8.09,8.17,1561968,13432035.00
2013-03-28,8.09,8.09,7.68,7.72,1649040,13705132.00
2013-03-29,7.82,7.86,7.75,7.76,651880,5334256.50
2013-04-01,7.77,7.94,7.77,7.92,828560,6863638.00
2013-04-02,7.97,8.03,7.60,7.61,2256784,18405516.00
2013-04-03,7.70,7.81,7.46,7.51,1803341,14497428.00
2013-04-08,7.51,7.68,7.35,7.66,1018075,8090872.00
2013-04-09,7.66,7.72,7.51,7.67,678686,5467717.00
2013-04-10,7.67,7.70,7.59,7.66,488946,3927669.25
2013-04-11,7.63,7.71,7.61,7.65,440400,3540283.00
2013-04-12,7.65,7.65,7.53,7.53,435250,3472561.50
2013-04-15,7.53,7.53,7.32,7.37,469504,3653636.75
2013-04-16,7.23,7.52,7.11,7.52,638521,4948576.50
2013-04-17,7.49,7.64,7.49,7.61,933910,7458655.00
2013-04-18,7.66,7.75,7.58,7.68,870078,7006918.00
2013-04-19,7.67,7.98,7.64,7.94,1511894,12469749.00
2013-04-22,7.96,8.01,7.71,7.99,1534218,12730707.00
2013-04-23,7.91,7.95,7.67,7.73,1058262,8662151.00
2013-04-24,7.73,8.05,7.73,7.96,1422874,11824045.00
2013-04-25,7.96,8.08,7.90,7.93,1464751,12284580.00
2013-04-26,7.87,7.98,7.77,7.77,1036203,8578103.00
2013-05-02,7.74,7.84,7.68,7.77,511600,4163813.75
2013-05-03,7.85,8.07,7.79,8.05,1587420,13289275.00
2013-05-06,8.05,8.21,8.00,8.17,1405072,11952021.00
2013-05-07,8.14,8.31,8.06,8.12,1359016,11649468.00
2013-05-08,8.12,8.28,8.08,8.25,1204013,10304317.00
2013-05-09,8.26,8.28,8.12,8.22,1398020,12017891.00
2013-05-10,8.21,8.42,8.17,8.34,2066663,17986036.00
2013-05-13,8.32,8.38,8.23,8.36,1200421,10448309.00
2013-05-14,8.31,8.32,8.09,8.10,1336126,11427803.00
2013-05-15,8.09,8.32,8.09,8.31,1093463,9430157.00
2013-05-16,8.33,8.50,8.25,8.43,2455304,21630954.00
2013-05-17,8.51,8.88,8.51,8.74,5662022,51500776.00
2013-05-20,8.74,8.91,8.63,8.90,3396284,31168122.00
2013-05-21,9.01,9.06,8.85,9.06,3237713,30280732.00
2013-05-22,9.00,9.79,8.99,9.39,6343106,62198376.00
2013-05-23,9.40,9.69,9.32,9.48,3806273,37599044.00
2013-05-24,9.50,9.58,9.31,9.51,2384373,23555106.00
2013-05-27,9.51,10.19,9.51,10.14,5709503,59092460.00
2013-05-28,10.31,11.19,10.31,10.56,11555826,128300784.00
2013-05-29,10.43,10.89,10.43,10.72,6817828,75308328.00
2013-05-30,10.66,11.61,10.46,11.45,8628277,98184400.00
2013-05-31,11.74,11.79,11.21,11.23,6239087,73676032.00
2013-06-03,11.28,11.54,10.79,11.06,5312322,60947184.00
2013-06-04,10.97,11.11,10.29,10.58,5771668,63836772.00
2013-06-05,10.53,10.81,10.29,10.60,4706014,51763156.00
2013-06-06,10.49,10.68,10.33,10.56,2703488,29515612.00
2013-06-07,10.51,10.70,10.41,10.61,3787749,41454756.00
2013-06-13,10.51,10.56,9.70,10.09,3300910,34437936.00
2013-06-14,10.21,11.14,10.01,11.14,5416494,60434636.00
2013-06-17,11.41,11.43,11.01,11.16,5637102,65399424.00
2013-06-18,11.21,11.33,10.74,11.33,3083618,34565600.00
2013-06-19,11.23,11.68,10.98,11.63,4122843,47934208.00
2013-06-20,11.49,11.68,11.21,11.41,3029646,35507364.00
2013-06-21,11.12,11.71,10.83,11.49,2933743,33824252.00
2013-06-24,11.43,11.71,10.31,10.73,4617071,52246268.00
2013-06-25,10.23,11.11,9.72,11.09,4981938,52805812.00
2013-06-26,10.90,11.91,10.80,11.82,5233666,61266936.00
2013-06-27,11.79,12.22,11.03,11.03,6758672,81037736.00
2013-06-28,10.72,11.05,10.33,10.56,3180757,34553432.00
2013-07-01,10.84,11.64,10.73,11.64,4322510,50676652.00
2013-07-02,11.74,12.73,11.66,12.59,12010857,150959728.00
2013-07-03,12.33,13.01,12.16,12.83,9284560,118699240.00
2013-07-04,12.61,12.88,12.38,12.68,6686178,86382528.00
2013-07-05,12.59,12.87,12.13,12.14,4845607,61896104.00
2013-07-08,11.74,12.22,11.53,11.67,4181544,50827220.00
2013-07-09,11.84,12.25,11.69,11.98,3286502,40401312.00
2013-07-10,11.92,12.75,11.74,12.53,5388448,67933280.00
2013-07-11,12.50,12.98,12.39,12.58,4777533,61765356.00
2013-07-12,12.43,12.90,12.43,12.72,5431480,70663016.00
2013-07-15,12.71,13.18,12.68,12.99,5394991,71295088.00
2013-07-16,13.07,13.07,12.56,12.73,5169649,67445768.00
2013-07-17,12.63,13.11,12.44,13.08,5818607,76195712.00
2013-07-18,13.19,13.19,12.33,12.38,7642666,98290880.00
2013-07-19,12.38,12.70,11.83,11.97,6794745,85296296.00
2013-07-22,11.74,12.30,11.45,12.10,3569744,43773364.00
2013-07-23,12.16,12.38,11.89,12.23,4543209,56523536.00
2013-07-24,12.22,12.43,12.11,12.21,4784673,60017256.00
2013-07-25,12.21,12.53,11.88,11.93,5577582,69855880.00
2013-07-26,11.72,12.17,11.36,12.06,5915003,70233440.00
2013-07-29,11.96,11.96,11.62,11.73,2234639,26893246.00
2013-07-30,11.73,11.83,11.43,11.55,1912314,22641158.00
2013-07-31,11.49,11.68,11.44,11.45,1525626,18029706.00
2013-08-01,11.57,11.98,11.45,11.95,3178482,38338520.00
2013-08-02,11.98,12.01,11.71,11.73,2317372,28051710.00
2013-08-05,11.73,12.45,11.69,12.41,3903728,48487944.00
2013-08-06,12.42,12.63,12.17,12.53,4369575,55207484.00
2013-08-07,12.43,12.61,12.03,12.07,4257864,53436444.00
2013-08-08,12.01,12.55,11.94,12.26,3365924,42332128.00
2013-08-09,12.23,12.45,12.20,12.40,2717143,34295740.00
2013-08-12,12.47,12.52,12.10,12.28,3378241,42113908.00
2013-08-13,12.27,12.35,12.13,12.22,1628209,20313916.00
2013-08-14,12.26,12.46,12.16,12.27,2794339,35129168.00
2013-08-15,12.33,12.34,11.70,11.71,3046734,37327024.00
2013-08-16,11.59,11.78,11.42,11.50,2318076,27469488.00
2013-08-19,11.75,12.21,11.68,12.21,2831596,34683464.00
2013-08-20,12.19,12.54,12.04,12.48,3279702,41280664.00
2013-08-21,12.45,12.57,12.37,12.41,2546610,32375686.00
2013-08-22,12.43,13.07,12.28,12.77,4879368,63899608.00
2013-08-23,12.93,13.29,12.69,12.95,4639317,61690604.00
2013-08-26,12.95,13.17,12.84,13.03,2617378,34621988.00
2013-08-27,12.95,13.07,12.62,12.84,2371771,31026556.00
2013-08-28,12.84,14.15,12.58,13.83,10170812,142401280.00
2013-08-29,13.83,14.68,13.73,14.67,8808880,128652816.00
2013-08-30,14.58,14.83,13.94,14.00,4252629,61835316.00
2013-09-02,14.02,14.78,13.65,14.70,5645237,82028880.00
2013-09-03,14.71,14.93,14.29,14.57,4241029,62873380.00
2013-09-04,14.45,14.52,13.93,14.07,3172641,45591532.00
2013-09-05,14.08,14.26,13.74,14.16,3110451,44524920.00
2013-09-06,14.13,14.17,13.71,13.83,3261543,46139616.00
2013-09-09,13.83,13.93,13.43,13.85,5039031,70116424.00
2013-09-10,13.86,14.20,13.68,13.76,2776625,39370824.00
2013-09-11,13.68,13.90,13.38,13.52,2134993,29436518.00
2013-09-12,13.49,14.20,13.47,13.78,2959567,41918844.00
2013-09-13,13.77,14.41,13.57,14.34,3578424,51445332.00
2013-09-16,14.52,14.52,14.10,14.18,2104953,30464378.00
2013-09-17,14.09,14.43,13.84,14.29,2490127,36026376.00
2013-09-18,14.33,14.51,13.99,14.42,2330543,33996140.00
2013-09-23,14.53,14.54,13.97,14.33,2729831,39655892.00
2013-09-24,14.35,15.74,14.06,15.41,5286139,80857144.00
2013-09-25,15.28,15.69,14.90,14.91,2600237,40210216.00
2013-09-26,14.90,15.84,14.83,14.92,4392597,68685424.00
2013-09-27,14.92,15.31,14.92,15.03,2807709,43118688.00
2013-09-30,15.17,15.51,15.10,15.34,1808377,27995476.00
2013-10-08,15.28,15.66,14.86,15.44,2562770,39718468.00
2013-10-09,15.29,15.59,15.16,15.36,1847458,28781188.00
2013-10-10,15.33,15.46,14.95,14.98,1618488,24935400.00
2013-10-11,14.93,15.13,14.73,14.97,2986133,45547476.00
2013-10-14,14.97,16.15,14.94,15.88,4494645,71902688.00
2013-10-15,15.99,16.35,15.62,16.21,3873818,63315116.00
2013-10-16,16.21,16.23,15.33,15.85,3676076,58692112.00
2013-10-17,15.82,16.61,15.69,16.29,3325809,54932060.00
2013-10-18,16.21,17.23,16.11,16.99,4065785,69832000.00
2013-10-21,16.99,17.22,16.58,16.65,5170710,87791120.00
2013-10-22,16.60,16.79,16.03,16.23,4381609,72909896.00
2013-10-23,16.31,16.35,15.63,15.73,2611736,42197104.00
2013-10-24,15.75,15.75,14.14,14.72,4212378,63819008.00
2013-10-25,14.73,14.87,14.15,14.43,2279372,33613412.00
2013-10-28,14.44,15.13,14.39,14.74,3085536,46608788.00
2013-10-29,14.74,15.11,14.23,14.98,3523906,52745408.00
2013-10-30,14.84,15.38,14.75,15.08,3057945,46878796.00
2013-10-31,15.03,15.03,14.74,14.78,979432,14806546.00
2013-11-01,14.53,14.93,14.23,14.59,1226790,18242508.00
2013-11-04,14.58,14.94,14.23,14.85,2604554,38933488.00
2013-11-05,14.64,14.93,14.53,14.89,795642,11996805.00
2013-11-06,14.90,15.02,14.68,14.72,812523,12268891.00
2013-11-07,14.63,14.85,14.13,14.18,1621806,23901926.00
2013-11-08,14.14,14.18,13.42,13.86,2488635,34678044.00
2013-11-11,13.55,14.18,13.48,14.16,1212336,17023722.00
2013-11-12,14.16,14.22,13.80,14.03,905178,12940286.00
2013-11-13,14.06,14.23,13.84,14.21,1310505,18794340.00
2013-11-15,14.62,15.11,14.43,14.76,2671774,40502796.00
2013-11-18,14.86,15.21,14.73,15.13,2245283,34461196.00
2013-11-19,15.09,15.83,15.09,15.65,2693303,42970292.00
2013-11-20,15.64,15.78,15.30,15.65,1984065,31302046.00
2013-11-21,15.51,15.81,15.28,15.74,1523578,24189778.00
2013-11-22,15.83,15.85,15.34,15.41,569231,8972983.00
2013-11-25,15.26,15.74,15.26,15.62,1656746,26270458.00
2013-11-26,15.62,15.74,15.47,15.59,869205,13764331.00
2013-11-27,15.43,15.83,15.43,15.80,1469511,23456058.00
2013-11-28,15.90,16.17,15.73,15.99,1359517,22080898.00
2013-11-29,16.09,16.32,15.93,16.32,1629334,26735614.00
2013-12-02,15.85,16.19,14.73,15.14,1642805,25912586.00
2013-12-03,15.04,15.93,15.04,15.69,2324677,37051508.00
2013-12-04,15.44,15.92,15.44,15.59,2202557,35146920.00
2013-12-05,15.63,15.69,15.08,15.08,1747693,27130694.00
2013-12-06,15.04,15.20,15.00,15.05,573756,8797035.00
2013-12-09,15.06,15.21,15.03,15.13,577654,8888212.00
2013-12-10,15.13,15.83,15.10,15.42,1672101,26480180.00
2013-12-11,15.43,15.48,15.03,15.28,992058,15358716.00
2013-12-12,15.18,15.70,14.53,15.19,3211600,49116040.00
2013-12-13,14.98,14.98,14.11,14.40,7265230,106460288.00
2013-12-16,14.23,14.26,13.95,14.08,1896111,27184650.00
2013-12-17,14.08,14.52,13.95,14.15,1460914,21089572.00
2013-12-18,14.11,14.78,14.11,14.73,4103116,60921024.00
2013-12-19,14.73,14.82,14.42,14.48,869982,12861274.00
2013-12-20,14.34,14.58,14.33,14.48,718318,10567390.00
2013-12-23,14.42,14.62,14.27,14.50,1171590,17296404.00
2013-12-24,14.55,15.12,14.44,14.85,1949834,29387922.00
2013-12-25,14.82,14.99,14.31,14.38,5420946,79713312.00
2013-12-26,14.33,14.44,14.25,14.26,1913722,27922880.00
2013-12-27,14.23,14.45,14.23,14.43,1123629,16490226.00
2013-12-30,14.42,14.75,14.42,14.70,1883712,28113310.00
2013-12-31,14.64,14.86,14.54,14.78,1616695,24240506.00
2014-01-02,14.78,15.08,14.65,15.06,2343902,35724380.00
2014-01-03,15.14,15.15,14.73,14.93,1305049,19751332.00
2014-01-06,14.89,15.03,14.49,14.51,1285252,19292826.00
2014-01-07,14.43,14.62,14.04,14.30,1796866,26187210.00
2014-01-08,14.28,14.47,13.83,13.91,2335678,33424590.00
2014-01-09,13.88,14.25,13.88,13.99,1858010,26764644.00
2014-01-10,13.93,14.23,13.81,13.87,1365776,19572796.00
2014-01-13,13.86,14.23,13.86,14.20,1083453,15565240.00
2014-01-14,14.26,14.32,14.02,14.25,930687,13407223.00
2014-01-15,14.15,14.70,14.15,14.60,1520138,22537254.00
2014-01-16,14.70,14.70,14.23,14.26,1021440,14951494.00
2014-01-17,14.31,14.31,13.89,13.94,832577,11899923.00
2014-01-20,13.93,14.04,13.87,13.93,365493,5191612.00
2014-01-21,13.93,14.48,13.69,13.79,1792317,25440334.00
2014-01-22,13.74,14.16,13.74,14.14,1713916,24433916.00
2014-01-23,14.06,14.61,14.06,14.56,2395225,35256192.00
2014-01-24,14.69,15.93,14.48,15.51,4678685,72257600.00
2014-01-27,15.51,15.63,14.86,15.35,2181921,33961212.00
2014-01-28,15.33,15.79,15.22,15.31,2429545,38405660.00
2014-01-29,15.35,15.84,15.35,15.71,1710010,27321196.00
2014-01-30,15.82,16.29,15.63,15.91,1919977,31397196.00
2014-02-07,15.90,16.38,15.59,16.14,1842643,30058666.00
2014-02-10,16.08,16.95,16.03,16.68,3472517,58945348.00
2014-02-11,16.68,18.07,16.68,17.67,7347176,131754304.00
2014-02-12,17.65,18.34,17.31,17.93,5334485,97853224.00
2014-02-13,17.88,18.01,16.90,17.17,2447654,43654056.00
2014-02-14,17.28,18.71,17.28,18.45,5587942,103405200.00
2014-02-17,18.43,19.51,18.13,19.33,8188751,157739296.00
2014-02-18,19.34,19.40,18.60,19.03,3512016,67500200.00
2014-02-19,19.10,19.43,18.48,18.76,2744668,52128432.00
2014-02-20,18.76,18.88,17.73,18.09,1900023,34893368.00
2014-02-21,18.13,18.50,18.06,18.23,1760674,32598490.00
2014-02-24,18.22,19.23,17.82,19.03,3118481,58779224.00
2014-02-25,19.00,20.96,18.23,19.30,5205125,104772952.00
2014-02-26,19.38,19.38,17.73,18.84,2852804,53668080.00
2014-02-27,18.83,20.03,17.83,18.23,3087602,59608624.00
2014-02-28,18.30,18.67,17.15,17.95,1884678,34000384.00
2014-03-03,17.95,18.61,17.74,18.40,1146033,21291138.00
2014-03-04,18.42,18.73,18.05,18.48,1100847,20601272.00
2014-03-05,18.48,18.71,18.13,18.32,1266550,23643796.00
2014-03-06,18.19,18.20,17.55,17.61,2083601,37510712.00
2014-03-07,17.34,18.01,17.23,17.73,1060704,19097180.00
2014-03-10,17.73,18.03,17.36,17.73,1450302,25981580.00
2014-03-11,17.69,17.97,17.54,17.85,1234494,22350504.00
2014-03-12,17.84,18.73,17.83,18.26,2558429,47511720.00
2014-03-13,18.26,19.51,17.93,19.43,2235649,42623672.00
2014-03-14,19.13,19.42,18.64,18.95,1436669,27674632.00
2014-03-17,18.85,19.07,18.43,18.83,2139515,40540296.00
2014-03-18,19.03,19.03,17.93,18.03,3965064,74117288.00
2014-03-19,17.83,17.88,16.96,17.06,4034884,70528096.00
2014-03-20,17.03,17.16,16.40,16.61,2717024,46093332.00
2014-03-21,16.43,16.71,16.22,16.54,2005447,33595728.00
2014-03-24,16.56,16.89,16.56,16.67,1769323,30073904.00
2014-03-25,16.67,16.70,16.21,16.33,1948744,32581900.00
2014-03-26,16.38,16.47,16.18,16.38,3061699,50724564.00
2014-03-27,16.33,16.61,15.83,16.42,2762264,45770408.00
2014-03-28,16.23,16.57,16.05,16.50,2874981,47892652.00
2014-03-31,16.62,17.23,16.62,17.12,2667981,46158776.00
2014-04-01,17.19,17.69,17.13,17.31,3577583,63225964.00
2014-04-02,17.31,17.45,16.99,17.28,1577031,27454444.00
2014-04-03,17.28,17.41,16.91,17.35,1942342,33854940.00
2014-04-04,17.32,17.38,17.01,17.25,1208053,21046834.00
2014-04-08,17.22,17.22,16.82,17.10,2265323,39014276.00
2014-04-09,17.10,17.32,16.99,17.15,1397618,24411642.00
2014-04-10,17.20,17.72,17.10,17.70,2080488,37081808.00
2014-04-11,17.55,17.61,17.28,17.45,1256811,22209594.00
2014-04-14,17.34,18.48,17.29,18.40,2629670,48309084.00
2014-04-15,18.40,18.68,18.11,18.66,2378938,44545292.00
2014-04-16,18.58,18.91,18.45,18.75,1481969,28168752.00
2014-04-17,18.76,19.02,18.41,18.78,1051714,19947430.00
2014-04-18,18.63,19.18,18.52,18.98,2326831,44823776.00
2014-04-21,18.98,19.03,18.23,18.48,2134751,40138940.00
2014-04-22,18.48,18.48,17.77,17.86,1738009,31670876.00
2014-04-23,17.84,18.38,17.84,18.01,1078169,19806512.00
2014-04-24,18.02,18.13,17.50,17.51,1002567,18079180.00
2014-04-25,17.66,17.82,17.38,17.51,832566,14871208.00
2014-04-28,17.69,17.69,16.09,16.23,1695451,28749408.00
2014-04-29,16.40,16.96,16.40,16.86,1292766,21973376.00
2014-04-30,17.01,17.28,16.90,17.08,1476817,25672602.00
2014-05-05,17.03,17.62,16.98,17.58,1360406,23964898.00
2014-05-06,17.67,17.78,17.25,17.61,1039398,18628118.00
2014-05-07,17.51,17.63,16.65,16.96,1146279,20016760.00
2014-05-08,16.98,17.55,16.86,17.14,1281057,22461506.00
2014-05-09,17.19,17.28,16.73,17.04,689895,11938655.00
2014-05-12,17.08,17.48,17.07,17.40,1300109,22828766.00
2014-05-13,17.33,17.48,17.13,17.34,790524,13896524.00
2014-05-14,17.25,17.38,17.06,17.18,734717,12799129.00
2014-05-15,17.14,17.21,16.61,16.63,795634,13630675.00
2014-05-16,16.89,16.89,16.14,16.32,1471764,24425412.00
2014-05-19,16.34,16.43,15.74,15.95,1093695,17792714.00
2014-05-20,16.01,16.49,16.01,16.48,1141351,18984802.00
2014-05-21,16.45,16.93,16.20,16.78,1011533,17171686.00
2014-05-22,16.70,16.96,16.62,16.73,825664,14110771.00
2014-05-23,16.92,16.94,16.54,16.91,943529,16148189.00
2014-05-26,16.91,17.23,16.86,17.18,1114928,19317666.00
2014-05-27,17.13,17.27,16.93,16.95,625759,10853118.00
2014-05-28,16.90,17.12,16.81,17.01,1017069,17567764.00
2014-05-29,17.17,17.94,17.04,17.54,3733751,66813916.00
2014-05-30,17.43,17.65,17.15,17.28,1549523,27343658.00
2014-06-03,17.27,17.53,17.09,17.09,881785,15466955.00
2014-06-04,17.09,17.19,16.63,16.81,1121918,19165912.00
2014-06-05,16.88,17.53,16.64,17.46,1535644,26740572.00
2014-06-06,17.46,17.51,17.11,17.21,1622984,28407850.00
2014-06-09,17.18,17.30,16.83,16.83,984457,17077316.00
2014-06-10,16.83,17.17,16.75,17.15,909728,15666889.00
2014-06-11,17.13,17.56,17.01,17.42,1328149,23320174.00
2014-06-12,17.44,17.86,17.36,17.75,1991986,35312892.00
2014-06-13,17.76,17.77,17.46,17.71,2534433,44837156.00
2014-06-16,17.71,18.06,17.54,17.81,3087686,54969544.00
2014-06-17,17.75,17.84,17.41,17.44,2438091,43021600.00
2014-06-18,17.52,17.53,17.21,17.21,1221889,21296788.00
2014-06-19,17.19,17.32,16.19,16.34,2774432,46731748.00
2014-06-20,16.38,16.77,16.38,16.76,1120116,18698564.00
2014-06-23,16.74,16.86,16.57,16.67,1402902,23549526.00
2014-06-24,16.67,16.98,16.66,16.80,1014817,17195256.00
2014-06-25,16.83,16.93,16.58,16.69,1241019,20905676.00
2014-06-26,16.77,17.66,16.77,17.54,2950688,51725060.00
2014-06-27,17.63,17.78,17.36,17.69,3748328,66306756.00
2014-06-30,17.66,18.53,17.58,18.50,5007238,91041504.00
2014-07-01,18.48,18.93,18.28,18.84,3777514,70798904.00
2014-07-02,18.83,20.48,18.76,19.33,6560758,128861384.00
2014-07-03,19.38,19.43,18.80,19.12,2982502,57479032.00
2014-07-04,19.12,20.33,19.03,20.12,5502901,110640104.00
2014-07-07,19.89,20.47,19.44,20.05,3541361,70673520.00
2014-07-08,19.88,19.88,19.24,19.69,2781516,54684488.00
2014-07-09,19.69,19.69,18.83,18.84,2822003,54371668.00
2014-07-10,18.83,19.26,18.64,19.18,2204307,42107676.00
2014-07-11,19.27,19.27,18.88,18.96,1292412,24736818.00
2014-07-14,19.03,19.15,18.77,19.11,1759530,33560212.00
2014-07-15,19.11,19.43,18.99,19.35,1889779,36619892.00
2014-07-16,19.31,19.50,19.13,19.20,1204478,23379902.00
2014-07-17,19.21,19.21,18.28,18.54,1592850,29869012.00
2014-07-18,18.40,18.48,17.88,18.14,2770017,50774000.00
2014-07-21,18.14,18.23,17.78,18.21,2330306,42247760.00
2014-07-22,18.16,18.61,18.13,18.55,2193081,40736224.00
2014-07-23,18.51,18.64,17.83,17.95,2759245,50205724.00
2014-07-24,17.88,18.09,17.66,17.92,1304070,23429010.00
2014-07-25,17.99,18.16,17.91,18.16,1030037,18707756.00
2014-07-28,18.20,18.54,18.19,18.44,1659120,30767900.00
2014-07-29,18.55,18.75,18.41,18.61,1686275,31452566.00
2014-07-30,18.77,19.33,18.77,19.08,2856912,54968368.00
2014-07-31,19.08,19.14,18.88,19.03,2109064,40336820.00
2014-08-01,19.01,19.73,18.88,19.53,4824311,94424424.00
2014-08-04,19.61,19.73,19.37,19.69,2034180,40044608.00
2014-08-05,19.70,19.70,19.38,19.48,2084449,40904516.00
2014-08-06,19.41,19.68,19.38,19.43,1917762,37633344.00
2014-08-07,19.46,19.55,19.14,19.31,1921192,37428280.00
2014-08-08,19.37,19.42,19.18,19.34,1342455,26023120.00
2014-08-11,19.34,19.54,19.24,19.52,2002599,39131388.00
2014-09-11,21.48,21.48,21.48,21.48,274770,5935032.00
2014-09-12,23.64,23.64,23.64,23.64,859564,20423240.00
2014-09-15,25.18,25.18,23.13,23.68,21279803,511844640.00
2014-09-16,23.73,23.73,22.19,22.68,10577619,242784288.00
2014-09-17,22.56,23.00,22.11,22.76,5381541,122523096.00
2014-09-18,22.58,23.05,22.18,22.38,4271386,96602712.00
2014-09-19,22.53,23.43,22.28,23.36,7172650,166080960.00
2014-09-22,23.35,23.81,22.65,23.55,5663825,133337216.00
2014-09-23,23.39,23.75,23.29,23.38,3578650,84410960.00
2014-09-24,23.40,23.82,23.39,23.58,3116963,73938368.00
2014-09-25,23.58,23.69,23.03,23.10,3413813,79818136.00
2014-09-26,22.90,23.16,22.68,22.73,1923270,44140620.00
2014-09-29,22.76,23.06,22.76,22.91,1828908,42139632.00
2014-09-30,23.12,23.74,22.88,23.61,2311512,54040592.00
2014-10-08,23.58,24.73,23.41,24.48,3972251,95877456.00
2014-10-09,24.38,24.68,24.11,24.53,3275180,80468576.00
2014-10-10,24.42,25.05,24.08,24.89,4054321,100357248.00
2014-10-13,24.86,25.13,24.48,24.81,2066188,51406040.00
2014-10-14,24.81,26.76,24.76,26.00,5143742,133664864.00
2014-10-15,26.00,26.65,25.79,26.01,3210432,84402344.00
2014-10-16,25.98,26.47,25.44,25.53,3644440,95004616.00
2014-10-17,25.53,25.57,24.33,24.33,3713202,92008160.00
2014-10-20,24.36,25.18,24.36,24.68,1629602,40565888.00
2014-10-21,24.63,25.13,24.40,24.94,2505839,62269208.00
2014-10-22,24.87,25.13,23.98,24.66,2840079,70132808.00
2014-10-23,24.43,24.53,23.76,24.04,1999072,48468788.00
2014-10-24,24.08,24.88,23.88,23.88,3171512,77573816.00
2014-10-27,23.63,24.37,23.57,23.91,2361793,56968192.00
2014-10-28,24.03,24.44,23.93,24.40,3303913,80299744.00
2014-10-29,24.47,24.59,24.20,24.49,3826936,93822968.00
2014-10-30,24.49,25.13,24.43,24.88,3418804,85460856.00
2014-10-31,24.82,24.92,23.81,24.34,3002693,73362800.00
2014-11-03,24.38,24.44,23.91,24.16,2063113,50033672.00
2014-11-04,24.16,24.16,23.40,23.85,2946735,70278616.00
2014-11-05,23.70,23.85,23.34,23.74,2487219,58893720.00
2014-11-06,23.69,24.13,23.58,24.08,2627893,62958144.00
2014-11-07,24.08,24.48,23.98,24.23,2977877,72585976.00
2014-11-10,24.31,24.44,23.88,24.44,2198653,53335928.00
2014-11-11,24.56,24.65,23.89,24.18,2738452,66480396.00
2014-11-12,24.26,25.36,24.12,25.31,4858762,121723096.00
2014-11-13,25.18,25.18,24.39,24.73,3400201,84527712.00
2014-11-14,24.17,24.17,23.49,23.80,2995469,71648128.00
2014-11-17,23.78,23.99,23.58,23.77,1611921,38572464.00
2014-11-18,23.68,24.34,23.59,24.26,2072248,50178848.00
2014-11-19,24.12,24.82,24.12,24.65,2071312,51296464.00
2014-11-20,24.65,24.99,24.41,24.80,2297399,57168076.00
2014-11-21,24.80,25.03,24.60,24.80,1119767,27891638.00
2014-11-24,24.86,25.30,24.84,25.00,2329365,58602248.00
2014-11-25,24.98,24.98,24.16,24.32,3910340,95892976.00
2014-11-26,24.32,24.90,24.16,24.35,2452064,60334868.00
2014-11-27,24.48,24.54,23.88,24.08,2746516,66655732.00
2014-11-28,24.07,24.24,23.78,24.03,2649873,63831048.00
2014-12-01,23.97,24.18,23.58,23.92,2960696,71001144.00
2014-12-02,23.76,24.34,23.72,23.97,2914352,70323904.00
2014-12-03,23.98,24.02,23.21,23.73,4227323,100121456.00
2014-12-04,23.83,23.98,23.19,23.56,4483399,106425472.00
2014-12-05,23.59,25.78,23.53,24.99,15272058,378872704.00
2014-12-08,24.78,24.87,23.54,23.68,11739621,284455584.00
2014-12-09,23.37,23.37,21.31,21.33,9207595,204993088.00
2014-12-10,21.39,23.13,21.39,23.00,5643662,127377296.00
2014-12-11,22.63,24.81,22.63,24.67,7869926,192025664.00
2014-12-12,24.40,24.98,24.18,24.55,3470330,85519344.00
2014-12-15,24.55,26.38,24.44,26.23,7074259,184378688.00
2014-12-16,26.23,28.33,26.08,27.34,7550834,208941344.00
2014-12-17,27.18,27.36,26.14,26.97,4093074,109699000.00
2014-12-18,26.88,27.88,26.33,26.41,4872361,132590224.00
2014-12-19,26.28,26.75,25.22,25.80,3294076,85535872.00
2014-12-22,25.58,25.58,23.21,23.38,6971690,166480576.00
2014-12-23,23.38,25.37,23.16,23.93,6206767,151932160.00
2014-12-24,24.48,25.39,24.33,25.10,4607127,115480600.00
2014-12-25,25.36,25.68,24.69,25.48,2892330,73059064.00
2014-12-26,25.46,26.17,25.27,26.03,3007704,78297248.00
2014-12-29,25.88,26.02,23.94,25.23,5601313,139461680.00
2014-12-30,24.74,25.73,24.39,24.78,2996631,75312136.00
2014-12-31,24.88,26.86,24.88,26.58,6407328,167324784.00
2015-01-05,26.48,26.68,25.03,26.68,6072004,156332816.00
2015-01-06,26.08,27.37,25.36,27.14,5643304,149684912.00
2015-01-07,26.71,27.86,26.63,26.78,3908249,106730424.00
2015-01-08,26.78,27.80,26.43,27.08,4532266,124119304.00
2015-01-09,26.75,27.34,26.33,26.37,3792916,102054792.00
2015-01-12,26.26,26.26,25.53,25.83,1770899,46117628.00
2015-01-13,25.83,27.09,25.83,26.81,2743634,73469120.00
2015-01-14,26.75,27.53,26.63,27.43,3193126,87594608.00
2015-01-15,27.48,27.59,26.73,27.03,2086469,56469812.00
2015-01-16,26.80,27.23,26.53,26.91,2652092,71448024.00
2015-01-19,26.40,29.61,26.04,28.68,15137332,440208032.00
2015-01-20,28.68,31.56,28.09,31.56,11327435,340650208.00
2015-01-21,31.14,33.51,30.69,31.44,10957428,350762080.00
2015-01-22,31.48,33.08,31.01,32.26,6738754,217571856.00
2015-01-23,32.08,33.08,31.18,31.23,5377034,172215248.00
2015-01-26,30.68,31.98,29.89,31.02,5867518,181641296.00
2015-01-27,30.88,31.16,30.02,30.83,6253368,191538192.00
2015-01-28,30.41,33.24,30.39,32.89,9464620,303822784.00
2015-01-29,32.18,33.18,31.58,31.77,4078720,132239584.00
2015-01-30,31.77,32.38,30.89,31.09,2730239,86818704.00
2015-02-02,30.68,32.13,30.08,30.81,3589009,112180024.00
2015-02-03,30.94,31.43,30.13,31.18,5976345,183435088.00
2015-02-04,31.18,31.23,29.95,30.10,4523956,138404464.00
2015-02-05,30.38,30.63,29.68,29.68,4147975,125212912.00
2015-02-06,29.58,30.85,28.96,30.46,5305193,159208304.00
2015-02-09,30.19,30.53,29.84,30.03,3531679,107059512.00
2015-02-10,30.03,32.73,30.03,32.06,6931507,221215088.00
2015-02-11,32.06,35.28,31.78,35.24,14029313,485441248.00
2015-02-12,34.68,38.78,34.06,37.36,13798576,507378048.00
2015-02-13,37.88,39.84,36.98,38.21,9821810,375498656.00
2015-02-16,38.21,40.07,37.88,39.08,8592021,339151520.00
2015-02-17,38.78,38.78,37.42,37.91,6143036,232454640.00
2015-02-25,37.76,37.76,36.18,36.68,5260898,195807248.00
2015-02-26,36.65,38.28,35.98,36.40,7724252,286604672.00
2015-02-27,36.77,37.75,35.88,36.99,5490119,204379440.00
2015-03-02,37.03,40.28,36.42,39.38,8183109,315636992.00
2015-03-03,38.68,39.18,37.44,38.26,5074196,194484832.00
2015-03-04,37.88,38.47,37.64,38.27,2949410,112557568.00
2015-03-05,38.17,40.88,38.16,39.16,5764177,230359376.00
2015-03-06,39.08,39.19,36.76,36.97,5235756,196314112.00
2015-03-09,36.76,38.00,35.68,37.27,3277371,122529680.00
2015-03-10,37.18,38.14,36.88,37.08,2937550,110270480.00
2015-03-11,37.18,38.08,37.06,37.59,3959975,149462592.00
2015-03-12,37.59,38.73,36.66,38.10,3380375,127187456.00
2015-03-13,38.18,38.35,37.08,37.85,2508718,94837360.00
2015-03-16,38.09,40.39,37.78,40.32,5996227,237042096.00
2015-03-17,40.61,41.08,39.08,39.56,5381774,214893488.00
2015-03-18,38.57,39.91,38.57,39.73,4039440,158708768.00
2015-03-19,39.38,39.58,38.68,39.03,4643364,181664192.00
2015-03-20,39.10,39.44,38.61,38.97,4294154,168133632.00
2015-03-23,39.08,42.88,38.68,42.38,14975642,623195840.00
2015-03-24,41.88,45.37,41.09,43.91,13738136,597416960.00
2015-03-25,41.88,44.03,41.60,42.63,10176683,435250336.00
2015-03-26,42.79,44.36,40.32,40.38,8721813,369719936.00
2015-03-27,40.70,41.36,39.38,40.26,6394514,256105872.00
2015-03-30,40.05,40.68,39.68,40.47,4939363,199312608.00
2015-03-31,40.76,40.76,39.88,40.33,5933522,239142928.00
2015-04-01,40.23,40.48,39.88,40.42,6408662,258482368.00
2015-04-02,41.10,42.28,40.63,42.06,10009114,417555680.00
2015-04-03,41.66,43.38,41.30,43.08,7347585,315221280.00
2015-04-07,43.07,45.98,42.79,45.54,7704264,346071488.00
2015-04-08,45.62,45.87,41.68,43.09,6946501,304603488.00
2015-04-09,42.78,44.18,39.88,43.85,7422076,310686560.00
2015-04-10,42.58,46.57,42.08,45.96,9137358,416027424.00
2015-04-13,45.39,50.57,45.09,50.57,9234827,455052608.00
2015-04-14,52.63,54.06,49.13,49.69,6926377,354671520.00
2015-04-15,49.68,49.68,46.10,46.16,3707988,177115552.00
2015-04-16,45.88,49.03,44.45,47.31,4612071,216132816.00
2015-04-17,47.26,48.57,45.48,45.88,4013503,187211872.00
2015-04-20,45.48,45.94,42.76,42.88,5901367,261340304.00
2015-04-21,42.90,45.38,42.90,44.53,3626900,160307856.00
2015-04-22,44.57,46.38,44.57,45.38,3936400,180185552.00
2015-04-23,45.38,45.76,43.78,44.57,6019302,267791984.00
2015-04-24,44.00,45.26,43.06,43.88,5886579,258308096.00
2015-04-27,44.37,47.68,44.10,47.25,9362744,431743200.00
2015-04-28,46.88,47.83,44.68,45.10,5027054,230411744.00
2015-04-29,44.48,46.53,43.66,46.10,5390878,243607184.00
2015-04-30,46.88,47.67,44.88,45.38,5202244,241823280.00
2015-05-04,44.88,44.98,43.38,44.28,4532414,200046672.00
2015-05-05,44.26,44.26,40.38,40.56,7466198,312570656.00
2015-05-06,40.83,42.15,40.38,41.07,11131534,456031168.00
2015-05-07,41.09,41.38,39.78,40.31,4087453,165637424.00
2015-05-08,40.94,41.65,40.31,41.58,7135919,294188320.00
2015-05-11,41.73,45.75,41.73,44.33,10961253,485446144.00
2015-05-12,44.87,45.80,43.44,43.51,11022883,494777088.00
2015-05-13,42.38,45.64,41.38,45.53,11613456,509390976.00
2015-05-14,45.55,48.58,45.03,47.08,12397443,583655040.00
2015-05-15,47.03,48.82,46.56,47.79,8017781,386125440.00
2015-05-18,48.44,52.58,48.44,50.99,11370073,583055488.00
2015-05-19,51.03,56.10,51.03,56.10,7410447,402118240.00
2015-05-20,59.18,61.72,59.18,61.72,1988542,122213544.00
2015-05-21,67.85,67.90,62.88,65.75,10598938,704541888.00
2015-05-22,65.50,70.86,60.39,66.58,9356718,607784832.00
2015-05-25,67.38,71.86,66.88,70.56,5840282,407501856.00
2015-05-26,68.45,70.58,66.89,69.91,4490184,308210944.00
2015-05-27,69.68,69.76,65.20,65.29,6470508,430903360.00
2015-05-28,66.76,68.29,60.39,60.88,4480683,294438912.00
2015-05-29,61.02,65.08,54.78,60.18,6462906,390431968.00
2015-06-01,60.18,66.17,58.88,65.66,4531124,288968448.00
2015-06-02,66.38,72.24,66.38,72.24,4550839,322694496.00
2015-06-03,72.54,79.48,72.54,79.48,4188425,320837536.00
2015-06-04,79.77,85.88,71.68,77.90,4853805,379531136.00
2015-06-05,78.88,79.88,71.69,72.93,4611657,343365216.00
2015-06-08,72.96,73.66,66.16,66.93,5835702,399465568.00
2015-06-09,67.12,69.06,63.48,65.45,4911062,324394336.00
2015-06-10,65.00,72.00,64.50,72.00,5112695,354866848.00
2015-06-11,73.04,76.00,70.71,72.79,3616476,265459216.00
2015-06-12,71.90,73.68,68.03,70.36,5116231,358756576.00
2015-06-15,69.95,69.95,64.00,66.49,6273183,418501568.00
2015-06-16,66.49,66.49,61.98,62.54,5621012,357091072.00
2015-06-17,64.00,68.30,62.38,67.35,3855264,250831216.00
2015-06-18,67.50,68.50,60.86,63.08,3671929,238545840.00
2015-06-19,62.00,62.50,56.77,56.77,4250693,250902560.00
2015-06-23,57.01,61.69,51.20,59.72,4310243,245312768.00
2015-06-24,59.44,63.97,59.40,63.27,4642395,290336608.00
2015-06-25,63.90,63.90,57.90,59.59,3554158,217801088.00
2015-06-26,57.00,57.05,53.63,53.63,3792054,207980784.00
2015-06-29,56.48,56.48,48.27,48.27,8006860,393482432.00
2015-06-30,43.44,53.10,43.44,53.10,8535341,399931328.00
2015-07-01,53.93,57.69,48.00,50.21,5395155,292492896.00
2015-07-02,50.03,50.89,45.19,45.19,5750228,267366256.00
2015-07-03,42.40,48.60,40.67,40.67,12861776,551407744.00
2015-07-06,44.74,44.74,36.60,36.60,12941363,499088416.00
2015-07-07,34.00,34.09,32.94,32.94,4427536,146015152.00
2015-07-08,29.65,30.34,29.65,29.65,24317944,721063808.00
2015-07-09,26.69,32.62,26.69,32.62,8567555,265617600.00
2015-07-10,35.88,35.88,35.88,35.88,407750,14630070.00
2015-07-13,39.47,39.47,39.47,39.47,416672,16446044.00
2015-07-14,43.42,43.42,43.42,43.42,1424546,61853788.00
2015-07-15,47.56,47.56,39.21,43.01,13681795,602579200.00
2015-07-16,40.31,47.31,40.31,46.98,8171639,369569344.00
2015-07-17,48.00,51.68,47.00,51.68,6890033,351272384.00
2015-07-20,51.68,55.55,50.80,54.49,6648728,357925504.00
2015-07-21,53.35,56.53,51.76,53.31,2654588,144420000.00
2015-07-22,53.32,55.30,51.16,54.51,5364722,282134848.00
2015-07-23,53.13,57.00,53.13,55.42,3719680,204736976.00
2015-07-24,55.42,56.51,53.68,53.83,5717716,314532288.00
2015-07-27,52.43,52.80,48.45,48.45,7039700,356055872.00
2015-07-28,43.61,50.00,43.61,43.90,8319008,375170880.00
2015-07-29,45.45,48.19,41.00,47.86,6126995,271224672.00
2015-07-30,47.60,50.25,45.70,48.30,4851878,238598832.00
2015-07-31,47.05,50.97,46.52,49.04,4741863,233712304.00
2015-08-03,48.90,48.90,44.14,44.14,4478862,201264272.00
2015-08-04,42.80,46.60,39.79,46.05,9045204,392688768.00
2015-08-05,45.79,45.79,41.45,41.45,12382792,528015776.00
2015-08-06,38.10,39.15,37.31,37.31,13500975,514539744.00
2015-08-07,37.30,39.90,37.21,39.33,13747277,532275968.00
2015-08-10,39.80,43.26,39.80,42.90,9992571,415671264.00
2015-08-11,43.20,44.99,41.65,43.46,11854640,510663072.00
2015-08-12,42.13,43.46,40.89,40.89,7140621,299004288.00
2015-08-13,41.15,41.75,39.50,40.90,8311961,337573888.00
2015-08-14,41.40,42.41,41.40,42.27,8525662,357946272.00
2015-08-17,42.84,44.64,42.15,44.48,12081285,524923392.00
2015-08-18,44.11,46.30,41.00,42.00,14357142,633165632.00
2015-08-19,39.05,43.74,39.05,43.00,8374852,345603104.00
2015-08-20,42.40,42.50,39.62,39.70,6177144,253085856.00
2015-08-26,35.73,37.00,35.73,35.73,11909841,427945248.00
2015-08-27,34.00,35.70,32.16,32.97,9977655,336985728.00
2015-08-28,33.69,35.99,33.69,35.77,6218686,214720688.00
2015-08-31,35.71,35.71,32.19,32.19,4513357,150777536.00
2015-09-01,32.20,32.20,28.97,28.97,6773644,199802352.00
2015-09-02,28.00,30.87,26.50,27.78,5925996,169817808.00
2015-09-07,28.88,30.10,28.05,28.84,4434843,129586552.00
2015-09-08,29.28,31.72,28.48,31.72,7314814,225570992.00
2015-09-09,32.53,34.89,32.53,34.89,9791253,334934496.00
2015-09-10,34.60,36.21,33.46,34.69,4982804,175966240.00
2015-09-11,34.68,35.74,32.70,33.80,4465573,151600144.00
2015-09-14,34.04,34.40,30.42,30.42,5427487,172498528.00
2015-09-15,29.99,31.98,28.64,30.34,4180184,128273136.00
2015-09-16,31.39,33.37,29.90,33.37,4266857,135542688.00
2015-09-17,33.95,36.71,33.00,35.27,6720372,241161168.00
2015-09-22,39.40,39.40,39.40,39.40,0,0.00
数据来源:通达信
