002603 以岭药业 日线 前复权
      日期	    开盘	    最高	    最低	    收盘	    成交量	    成交额
2011-07-28,15.58,17.00,15.23,17.00,45788415,1963812480.00
2011-07-29,17.76,18.47,17.61,17.97,24198720,1139639552.00
2011-08-01,17.51,18.47,17.13,18.05,18131624,846682880.00
2011-08-02,17.66,18.43,17.31,17.47,14790878,692551040.00
2011-08-03,16.97,17.62,16.85,17.26,9588226,433545696.00
2011-08-04,17.16,17.33,16.46,16.93,10579488,468978976.00
2011-08-05,16.27,17.12,16.12,16.48,9087009,398254240.00
2011-08-08,16.10,16.43,14.97,15.15,11129001,454824704.00
2011-08-09,14.47,15.68,14.43,15.40,8513187,337883776.00
2011-08-10,15.50,16.31,15.47,15.88,8216289,344745216.00
2011-08-11,15.58,16.60,15.50,16.43,7419110,317220640.00
2011-08-12,16.39,16.48,16.10,16.23,5023841,215082992.00
2011-08-15,16.23,16.34,15.82,16.10,4988628,210799056.00
2011-08-16,16.11,16.79,16.09,16.45,6418298,279100512.00
2011-08-17,16.45,16.46,16.10,16.22,3521787,150684224.00
2011-08-18,16.04,16.21,15.52,15.52,4174915,173222944.00
2011-08-19,15.04,15.43,15.00,15.22,2982260,119553928.00
2011-08-22,15.29,15.64,15.03,15.22,2589203,104689168.00
2011-08-23,15.29,15.86,15.24,15.86,3324048,136361936.00
2011-08-24,15.98,16.15,15.68,15.70,3278453,137419104.00
2011-08-25,15.80,16.04,15.53,15.97,3170922,131838480.00
2011-08-26,15.93,16.37,15.88,16.14,3749409,159742784.00
2011-08-29,16.00,16.57,15.98,16.42,4472381,192279872.00
2011-08-30,16.43,16.47,15.53,15.53,3509583,148178288.00
2011-08-31,15.57,15.62,15.08,15.60,2344337,94701744.00
2011-09-01,15.60,15.68,15.12,15.20,2755591,110908888.00
2011-09-02,15.21,15.27,14.77,15.00,2086196,81988032.00
2011-09-05,14.82,15.03,14.70,14.85,1476009,57806624.00
2011-09-06,14.79,14.98,14.57,14.83,1817675,70715472.00
2011-09-07,14.95,15.15,14.81,15.15,1642263,64858368.00
2011-09-08,15.16,15.27,14.77,14.77,1723214,68255400.00
2011-09-09,14.70,14.88,14.53,14.73,1595855,61687024.00
2011-09-13,14.78,15.05,14.58,14.91,1231300,48288748.00
2011-09-14,14.91,15.15,14.71,15.14,1294300,50838012.00
2011-09-15,15.15,15.23,15.02,15.13,1099547,43740736.00
2011-09-16,15.16,15.32,14.81,14.97,1044379,41562996.00
2011-09-19,14.81,14.81,14.47,14.62,1162985,44716348.00
2011-09-20,14.54,14.71,14.25,14.29,1539460,58683828.00
2011-09-21,14.30,14.73,14.04,14.51,1784705,67569448.00
2011-09-22,14.33,14.59,14.00,14.23,2470546,92421624.00
2011-09-23,14.00,14.27,13.89,14.09,879492,32607946.00
2011-09-26,14.09,14.23,13.93,14.10,1551843,57513108.00
2011-09-27,14.18,14.22,14.04,14.11,914257,34000096.00
2011-09-28,14.15,14.22,14.01,14.11,951777,35378456.00
2011-09-29,14.05,14.81,13.96,14.48,2650713,100442704.00
2011-09-30,14.43,14.68,14.40,14.54,1016848,38866212.00
2011-10-10,14.47,14.54,13.66,14.04,1142835,42091124.00
2011-10-11,14.35,14.42,13.59,13.81,932324,34209880.00
2011-10-12,13.66,14.20,13.66,14.18,1261602,46557236.00
2011-10-13,14.04,14.38,13.97,14.15,1175818,43894076.00
2011-10-14,14.12,14.12,13.66,13.83,922410,33609432.00
2011-10-17,13.83,14.37,13.72,14.32,2184192,81311856.00
2011-10-18,14.15,14.54,14.04,14.07,2037118,76861048.00
2011-10-19,13.95,14.31,13.75,13.93,781469,28820916.00
2011-10-20,14.04,14.04,13.58,13.66,928107,33438496.00
2011-10-21,13.66,13.73,13.08,13.39,1168026,40958868.00
2011-10-24,13.32,13.50,13.04,13.42,1120542,39085524.00
2011-10-25,13.42,13.74,13.32,13.70,934840,33455692.00
2011-10-26,13.70,14.35,13.64,14.35,1820297,67600880.00
2011-10-27,14.38,14.40,14.10,14.17,1587489,59498708.00
2011-10-28,14.55,14.60,13.97,14.32,2712147,101274496.00
2011-10-31,14.20,14.92,14.20,14.73,2290844,88512336.00
2011-11-01,14.64,15.12,14.50,14.93,2100056,82605304.00
2011-11-02,14.77,15.26,14.64,15.22,1653550,65283716.00
2011-11-03,15.26,15.29,14.97,15.00,1652138,65773168.00
2011-11-04,15.00,15.16,14.62,14.75,1598777,62377744.00
2011-11-07,14.77,14.97,14.70,14.81,1017926,39888760.00
2011-11-08,14.78,14.90,14.47,14.48,703197,27175790.00
2011-11-09,14.50,15.15,14.40,15.12,2109824,82239784.00
2011-11-10,14.97,15.35,14.93,15.10,1966737,78591528.00
2011-11-11,15.10,15.38,14.93,15.03,870190,34810464.00
2011-11-14,15.05,15.35,15.05,15.31,1431389,57462428.00
2011-11-15,15.31,15.52,15.11,15.38,1141677,46019808.00
2011-11-16,15.38,15.47,15.13,15.15,1917897,77223368.00
2011-11-17,15.14,15.70,15.03,15.47,1788874,72704696.00
2011-11-18,15.40,15.52,15.16,15.18,1917464,77269848.00
2011-11-21,15.20,15.30,14.89,15.26,1001734,39693732.00
2011-11-22,15.16,15.25,15.00,15.18,898379,35846388.00
2011-11-23,15.21,15.47,15.14,15.39,1213793,48898068.00
2011-11-24,15.30,16.00,15.20,15.73,1849874,76461520.00
2011-11-25,15.61,15.97,15.47,15.51,988375,40936276.00
2011-11-28,15.51,15.89,15.39,15.72,1048685,43323280.00
2011-11-29,15.89,15.89,15.66,15.80,991051,41101928.00
2011-11-30,15.73,15.73,14.93,15.03,1292351,51976864.00
2011-12-01,15.42,15.57,14.73,14.77,2000473,80291816.00
2011-12-02,14.68,15.05,14.63,14.81,1135996,44500928.00
2011-12-05,14.71,15.04,14.63,14.63,876390,34242704.00
2011-12-06,14.62,14.73,14.05,14.60,1282032,48524824.00
2011-12-07,14.58,14.75,14.32,14.68,463834,17782166.00
2011-12-08,14.43,15.02,14.43,14.81,371397,14404723.00
2011-12-09,14.67,14.95,14.63,14.82,306886,11973979.00
2011-12-12,14.78,14.91,14.70,14.84,338789,13239432.00
2011-12-13,14.83,14.83,14.31,14.59,545018,20835592.00
2011-12-14,14.51,14.68,14.41,14.43,198834,7611634.50
2011-12-15,14.37,14.50,13.66,14.08,892391,32964342.00
2011-12-16,14.08,14.57,13.91,14.35,442586,16602369.00
2011-12-19,14.35,14.35,14.01,14.22,461985,17160836.00
2011-12-20,14.10,14.31,14.07,14.08,287729,10725585.00
2011-12-21,14.22,14.57,14.12,14.24,1250729,47268696.00
2011-12-22,14.12,14.38,13.91,14.35,713778,26574570.00
2011-12-23,14.27,14.50,14.20,14.38,304537,11541039.00
2011-12-26,14.48,14.95,14.28,14.75,860256,33478748.00
2011-12-27,14.68,14.81,14.14,14.14,468508,17989470.00
2011-12-28,13.89,14.00,13.58,13.73,1142611,41295564.00
2011-12-29,13.73,13.97,13.72,13.85,427129,15643976.00
2011-12-30,13.82,14.58,13.82,14.58,1072555,40729292.00
2012-01-04,14.62,14.76,14.10,14.14,725058,27698710.00
2012-01-05,14.06,14.34,13.26,13.43,803099,29238044.00
2012-01-06,13.43,13.54,12.89,13.15,770679,26707562.00
2012-01-09,13.19,13.45,12.89,13.41,824883,28694490.00
2012-01-10,13.46,14.12,13.38,14.06,954891,34700368.00
2012-01-11,14.19,14.47,13.95,14.43,1245576,46706328.00
2012-01-12,14.35,14.37,14.10,14.27,842027,31613968.00
2012-01-13,14.35,14.35,13.77,13.92,632750,23306552.00
2012-01-16,13.91,14.03,13.27,13.27,546817,19482692.00
2012-01-17,13.27,13.65,13.20,13.54,1290048,45975364.00
2012-01-18,13.65,13.66,12.17,12.17,1986206,66673584.00
2012-01-19,11.69,12.89,10.97,12.66,2235541,70287552.00
2012-01-20,12.52,13.06,12.33,12.98,1325870,45158880.00
2012-01-30,12.85,12.85,12.33,12.44,718970,23712592.00
2012-01-31,12.46,12.47,12.08,12.09,315680,10205163.00
2012-02-01,12.01,12.30,12.00,12.22,272361,8768054.00
2012-02-02,12.25,12.30,12.08,12.29,386197,12463255.00
2012-02-03,12.25,12.47,12.16,12.43,559069,18197708.00
2012-02-06,12.50,12.69,12.44,12.64,665413,22060792.00
2012-02-07,12.68,12.68,12.41,12.47,378397,12468124.00
2012-02-08,12.55,12.69,12.43,12.68,574246,19041832.00
2012-02-09,12.68,12.88,12.50,12.63,632924,21104356.00
2012-02-10,12.62,12.72,12.58,12.60,618920,20614820.00
2012-02-13,12.50,12.88,12.45,12.75,625849,21002544.00
2012-02-14,12.93,13.45,12.89,12.98,1354165,46975748.00
2012-02-15,13.08,13.30,13.07,13.17,1356280,47077532.00
2012-02-16,13.28,13.28,12.95,13.19,1335044,46095964.00
2012-02-17,13.17,13.18,12.97,13.12,815340,28148786.00
2012-02-20,13.17,13.27,13.05,13.05,748102,25955420.00
2012-02-21,13.00,13.12,12.92,13.11,579417,19911646.00
2012-02-22,13.13,13.37,13.04,13.33,1023842,35809848.00
2012-02-23,13.43,13.63,13.33,13.45,1209997,42930836.00
2012-02-24,13.47,13.50,13.31,13.45,955837,33749612.00
2012-02-27,13.52,13.62,13.26,13.44,1820234,64459412.00
2012-02-28,13.38,13.44,13.00,13.15,1286931,44851880.00
2012-02-29,13.03,13.27,12.98,12.99,795241,27479904.00
2012-03-01,13.15,13.25,12.85,12.88,1361849,46849072.00
2012-03-02,12.89,13.23,12.73,13.22,3342804,113700536.00
2012-03-05,13.23,13.27,13.06,13.09,1787975,62048536.00
2012-03-06,13.04,13.12,12.62,12.62,1521287,51406472.00
2012-03-07,12.33,12.69,12.33,12.43,1176326,38778116.00
2012-03-08,12.43,12.59,12.38,12.48,1267947,41764960.00
2012-03-09,12.51,12.77,12.47,12.73,1717122,56940284.00
2012-03-12,12.70,13.05,12.66,12.97,1922554,65403968.00
2012-03-13,12.97,13.25,12.97,13.21,2018301,70095312.00
2012-03-14,13.26,13.30,12.39,12.57,2742487,93318488.00
2012-03-15,12.47,12.80,12.47,12.73,1844079,61557172.00
2012-03-16,12.70,12.97,12.62,12.93,1700468,57652248.00
2012-03-19,12.95,13.28,12.90,13.23,2838662,98578392.00
2012-03-20,13.20,13.33,12.99,13.00,2098282,72697736.00
2012-03-21,13.08,13.12,12.62,12.75,1262594,42683272.00
2012-03-22,12.75,12.83,12.66,12.75,517979,17397324.00
2012-03-23,12.70,12.73,12.35,12.48,1087363,35865744.00
2012-03-26,12.48,12.54,12.34,12.40,787487,25820246.00
2012-03-27,12.42,12.62,12.08,12.21,969914,31670922.00
2012-03-28,12.20,12.27,11.58,11.69,1368055,42569320.00
2012-03-29,11.62,11.70,11.26,11.48,1101355,33284590.00
2012-03-30,11.31,11.48,11.12,11.29,1279734,38060012.00
2012-04-05,11.28,11.49,11.20,11.44,1743627,52355856.00
2012-04-06,11.44,11.50,11.23,11.34,1498912,44979232.00
2012-04-09,11.35,11.35,10.98,10.98,1509362,44568460.00
2012-04-10,10.98,11.33,10.73,11.33,2187616,63930916.00
2012-04-11,11.23,11.27,11.11,11.16,1308142,38647404.00
2012-04-12,11.17,11.38,11.14,11.37,1537344,45810820.00
2012-04-13,11.38,11.59,11.36,11.47,1140163,34589912.00
2012-04-16,11.35,11.47,11.31,11.39,889926,26787154.00
2012-04-17,11.34,11.41,11.28,11.28,1037367,31102736.00
2012-04-18,11.35,11.50,11.05,11.49,1878584,56234772.00
2012-04-20,11.40,11.85,11.35,11.85,2474628,76163232.00
2012-04-23,11.83,11.87,11.47,11.47,1540512,47522584.00
2012-04-24,11.37,12.20,11.23,12.12,2857301,88508184.00
2012-04-25,11.98,12.11,11.70,12.11,2059505,64642660.00
2012-04-26,12.04,12.05,11.69,11.73,966511,30320226.00
2012-04-27,11.77,11.82,11.46,11.72,815066,25019340.00
2012-05-02,11.81,11.89,11.61,11.89,1367654,42523464.00
2012-05-03,11.74,12.23,11.68,12.14,1516687,48217736.00
2012-05-04,12.14,12.31,12.08,12.31,1327660,42713520.00
2012-05-07,12.17,12.62,12.13,12.47,2165969,71078720.00
2012-05-08,12.43,12.43,12.08,12.37,1650779,53354992.00
2012-05-09,12.19,12.30,12.06,12.12,1236356,39723212.00
2012-05-10,12.08,12.64,12.08,12.44,1672735,54973292.00
2012-05-11,12.43,12.58,12.39,12.39,596098,19625222.00
2012-05-14,12.48,12.56,12.08,12.12,858129,27943362.00
2012-05-15,12.04,12.29,11.97,12.15,607632,19540054.00
2012-05-16,12.18,12.39,12.12,12.28,1234796,39913784.00
2012-05-17,12.29,12.58,12.21,12.45,1123142,36890528.00
2012-05-18,12.12,12.42,12.12,12.31,679024,21985344.00
2012-05-21,12.31,12.42,12.00,12.03,771941,24809094.00
2012-05-22,12.12,12.43,12.01,12.10,1166628,37413296.00
2012-05-23,12.23,12.62,12.15,12.47,1375103,45117400.00
2012-05-24,12.35,12.50,12.27,12.40,851111,27857944.00
2012-05-25,12.36,12.62,12.33,12.47,992030,32711332.00
2012-05-28,12.47,12.88,12.41,12.81,2179428,72927672.00
2012-05-29,12.79,12.87,12.59,12.68,1225195,41101668.00
2012-05-30,12.70,12.76,12.51,12.58,840561,27956956.00
2012-05-31,12.59,12.82,12.47,12.73,1420135,47570800.00
2012-06-01,12.70,12.88,12.66,12.77,749574,25253006.00
2012-06-04,12.65,13.00,12.52,12.88,1736398,58820744.00
2012-06-05,12.88,13.45,12.79,13.20,3411722,119022880.00
2012-06-06,13.12,13.27,12.81,12.89,1178174,40365452.00
2012-06-07,12.90,13.04,12.83,12.98,1010216,34448456.00
2012-06-08,13.08,13.08,12.64,12.70,735066,24875188.00
2012-06-11,12.75,12.87,12.46,12.85,720105,18540356.00
2012-06-12,12.70,13.03,12.70,12.96,823439,21424448.00
2012-06-13,13.00,13.33,12.87,13.31,1788411,47383788.00
2012-06-14,13.20,13.63,13.18,13.43,2681694,73235824.00
2012-06-15,13.49,13.75,13.38,13.60,1749538,47926828.00
2012-06-18,13.63,13.70,13.50,13.64,1597776,43929232.00
2012-06-19,13.63,14.10,13.51,13.83,2106420,58943180.00
2012-06-20,13.83,13.85,13.35,13.49,1907344,52318660.00
2012-06-21,13.50,13.53,13.14,13.49,1230644,33155644.00
2012-06-25,13.41,13.84,13.26,13.40,1321398,36226448.00
2012-06-26,13.35,13.50,13.11,13.22,1281685,34507024.00
2012-06-27,13.14,13.33,13.01,13.15,1798723,47915332.00
2012-06-28,13.15,13.32,13.03,13.20,1521445,40589380.00
2012-06-29,13.17,13.65,13.11,13.63,1810791,48996960.00
2012-07-02,13.74,13.99,13.54,13.62,2441121,67634616.00
2012-07-03,13.50,13.84,13.29,13.40,2655307,73011616.00
2012-07-04,13.35,13.51,12.53,12.64,3519923,91245688.00
2012-07-05,12.64,12.90,12.12,12.66,1765750,44864332.00
2012-07-06,12.66,12.89,12.37,12.89,1386756,35673720.00
2012-07-09,12.90,13.18,12.85,13.01,1783330,47068424.00
2012-07-10,12.91,13.01,12.25,12.26,1480566,37447916.00
2012-07-11,12.25,12.25,11.80,12.20,4638811,112505512.00
2012-07-12,12.19,12.79,12.03,12.49,6619342,166297216.00
2012-07-13,12.41,12.41,11.88,12.40,4308199,106156264.00
2012-07-16,12.21,12.94,11.98,12.75,4678872,119063936.00
2012-07-17,12.58,12.95,12.53,12.92,1871859,48366024.00
2012-07-18,12.92,12.93,12.63,12.93,1093660,28280414.00
2012-07-19,12.86,12.94,12.75,12.76,1266145,32882334.00
2012-07-20,12.92,13.29,12.81,13.27,3242383,86406592.00
2012-07-23,13.20,13.66,12.98,13.43,2663191,72714712.00
2012-07-24,13.36,13.50,13.18,13.38,1401332,37745120.00
2012-07-25,13.31,13.63,13.31,13.43,1336880,36422036.00
2012-07-26,13.59,13.60,13.09,13.10,1186807,32062002.00
2012-07-27,13.10,13.15,12.61,12.66,2386287,61552464.00
2012-07-30,12.58,12.82,12.54,12.68,562812,14412046.00
2012-07-31,12.70,12.75,12.54,12.63,744433,19022208.00
2012-08-01,12.59,12.84,12.59,12.74,584034,15090203.00
2012-08-02,12.85,13.90,12.75,13.20,1716228,46259008.00
2012-08-03,13.29,13.30,13.04,13.30,1351370,36111064.00
2012-08-06,13.25,13.58,13.20,13.52,1302940,35546080.00
2012-08-07,13.49,13.75,13.38,13.75,1315701,35999700.00
2012-08-08,13.66,13.97,13.59,13.94,1349695,37534352.00
2012-08-09,13.88,14.48,13.73,14.35,2015331,57431808.00
2012-08-10,14.29,14.60,14.11,14.48,1392138,40437504.00
2012-08-13,14.49,14.60,14.14,14.25,1156720,33541898.00
2012-08-14,14.16,14.39,13.91,14.25,1150869,32999278.00
2012-08-15,14.26,14.30,14.02,14.10,1052236,30161984.00
2012-08-16,14.01,14.14,13.50,13.85,2952898,82560632.00
2012-08-17,13.65,13.98,13.55,13.80,1750303,48847792.00
2012-08-20,13.35,13.69,12.80,13.53,2850964,75894360.00
2012-08-21,13.35,13.80,13.30,13.52,1671865,45934244.00
2012-08-22,13.58,13.65,13.01,13.05,1410923,37803832.00
2012-08-23,13.09,13.21,12.90,13.08,850466,22468978.00
2012-08-24,13.07,13.50,12.96,13.36,1463087,39509812.00
2012-08-27,13.40,13.43,13.16,13.37,644491,17305924.00
2012-08-28,13.35,13.35,13.00,13.14,802932,21351088.00
2012-08-29,12.97,13.25,12.97,13.14,579477,15384848.00
2012-08-30,13.24,13.24,12.38,13.18,1261218,32891780.00
2012-08-31,12.94,13.13,12.81,13.00,552367,14417876.00
2012-09-03,12.98,13.26,12.87,13.24,915209,24212026.00
2012-09-04,13.15,13.29,12.98,13.02,639035,16898394.00
2012-09-05,13.01,13.05,12.85,12.99,389175,10221201.00
2012-09-06,12.99,13.07,12.70,12.75,1134983,29409376.00
2012-09-07,12.85,13.25,12.76,13.15,1694874,44871472.00
2012-09-10,13.18,13.95,13.18,13.72,2849261,78429736.00
2012-09-11,14.10,14.43,13.80,14.38,7559079,216096064.00
2012-09-12,14.14,14.25,13.81,14.03,2708308,76568472.00
2012-09-13,14.03,14.47,13.82,13.83,3102123,88924664.00
2012-09-17,14.75,14.84,13.93,13.97,3481330,100063536.00
2012-09-18,13.82,14.05,13.65,14.02,2070964,58095784.00
2012-09-19,14.06,14.20,13.84,13.96,1184191,33606780.00
2012-09-20,13.83,13.96,13.10,13.26,2196122,59521332.00
2012-09-21,13.33,13.35,13.01,13.22,997459,26617758.00
2012-09-24,13.61,13.67,13.30,13.53,2530568,69098448.00
2012-09-25,13.40,13.75,13.36,13.36,2322534,63711360.00
2012-09-26,13.36,13.50,13.13,13.31,971948,26134168.00
2012-09-27,13.31,13.70,13.30,13.60,1245241,34075976.00
2012-09-28,13.58,13.73,13.41,13.72,1367203,37540696.00
2012-10-08,13.74,13.83,13.56,13.67,1061341,29287886.00
2012-10-09,13.67,13.85,13.65,13.85,2916234,81155280.00
2012-10-10,13.86,13.86,13.58,13.75,1354521,37461144.00
2012-10-11,13.70,13.70,13.21,13.35,2124873,57872240.00
2012-10-12,13.38,13.48,13.27,13.42,1335538,36121012.00
2012-10-15,13.45,13.45,12.86,13.09,1107481,29465740.00
2012-10-16,13.07,13.40,13.04,13.25,1084031,29074574.00
2012-10-17,13.34,13.34,13.08,13.23,581688,15492773.00
2012-10-18,13.21,13.35,13.15,13.33,904317,24278036.00
2012-10-19,13.33,13.43,13.22,13.38,646327,17423008.00
2012-10-22,13.38,13.40,13.20,13.35,671953,18053832.00
2012-10-23,13.35,13.35,13.12,13.22,515166,13748334.00
2012-10-24,13.22,13.23,12.93,13.00,1098810,28990916.00
2012-10-25,13.01,13.01,12.34,12.40,2831170,72191272.00
2012-10-26,12.40,12.49,12.25,12.35,1514634,37841388.00
2012-10-29,11.79,12.33,11.65,12.25,1205670,29648280.00
2012-10-30,12.20,12.50,12.07,12.13,517514,12783354.00
2012-10-31,12.13,12.25,11.70,12.13,1821945,43992008.00
2012-11-01,11.95,12.25,11.95,12.23,632583,15569636.00
2012-11-02,12.22,12.30,11.98,12.12,996870,24362516.00
2012-11-05,12.06,12.14,11.86,12.00,707221,17157838.00
2012-11-06,11.91,12.27,11.65,12.25,1933060,47240340.00
2012-11-07,12.20,12.35,11.98,12.00,982108,24046608.00
2012-11-08,11.80,12.19,11.75,11.98,717448,17318438.00
2012-11-09,11.91,11.93,11.68,11.80,617440,14730539.00
2012-11-12,11.78,11.84,11.16,11.33,1095465,25259212.00
2012-11-13,11.19,11.49,11.15,11.27,1033825,23689728.00
2012-11-14,11.30,11.34,10.75,10.80,1647219,36508732.00
2012-11-15,10.77,10.83,10.52,10.79,1179183,25673110.00
2012-11-16,10.75,10.75,10.35,10.45,1093313,23319802.00
2012-11-19,10.50,10.50,9.85,10.45,1417853,29459594.00
2012-11-20,10.36,10.51,10.27,10.43,910862,19223746.00
2012-11-21,10.43,10.57,10.37,10.53,554063,11775954.00
2012-11-22,10.47,10.60,10.35,10.40,457973,9661893.00
2012-11-23,10.42,10.60,10.39,10.44,260115,5527646.50
2012-11-26,10.44,10.49,10.33,10.42,387437,8158582.00
2012-11-27,10.33,10.42,10.08,10.19,1021617,21119550.00
2012-11-28,10.19,10.25,9.86,10.15,943278,19268654.00
2012-11-29,10.10,10.45,10.03,10.32,1041376,21801386.00
2012-11-30,10.30,10.48,10.08,10.41,560336,11785791.00
2012-12-03,10.41,10.44,10.23,10.34,452902,9497568.00
2012-12-04,10.33,10.40,10.16,10.40,383533,8015133.00
2012-12-05,10.31,10.75,10.27,10.65,1294193,27687318.00
2012-12-06,10.62,10.62,10.29,10.33,789126,16732738.00
2012-12-07,10.30,10.50,10.21,10.48,844280,17758346.00
2012-12-10,10.49,10.83,10.35,10.78,1038697,22399790.00
2012-12-11,10.78,11.49,10.68,11.33,3019745,67509560.00
2012-12-12,11.24,11.24,10.85,11.00,1926998,42993624.00
2012-12-13,10.97,10.97,10.71,10.82,921920,20194634.00
2012-12-14,10.82,11.10,10.72,11.10,3998635,88849256.00
2012-12-17,11.10,11.10,10.55,10.75,3797327,82694584.00
2012-12-18,10.74,10.75,10.52,10.70,3844808,82826592.00
2012-12-19,10.65,10.69,10.55,10.68,954843,20558242.00
2012-12-20,10.68,10.68,10.53,10.67,965547,20746822.00
2012-12-21,10.65,10.90,10.62,10.74,2502954,54439564.00
2012-12-24,10.75,10.94,10.68,10.89,1795825,39508028.00
2012-12-25,10.90,11.20,10.90,11.15,3271013,73701920.00
2012-12-26,11.11,11.35,11.05,11.32,2077553,47103880.00
2012-12-27,11.25,11.38,11.05,11.13,1695645,38489540.00
2012-12-28,11.11,11.40,11.05,11.37,2127726,48583072.00
2012-12-31,11.42,11.54,11.25,11.49,1698152,39258308.00
2013-01-04,11.56,12.00,11.41,11.82,2703522,64252236.00
2013-01-07,12.01,12.33,11.98,12.13,2750065,67635176.00
2013-01-08,12.12,12.44,11.86,12.00,3919575,96314976.00
2013-01-09,12.08,12.24,11.85,12.08,2020415,49289656.00
2013-01-10,12.08,12.18,11.85,11.94,1201573,29134994.00
2013-01-11,11.95,12.05,11.75,11.83,1063585,25659566.00
2013-01-14,12.03,12.85,12.03,12.80,5271881,134865504.00
2013-01-15,12.80,13.04,12.64,12.73,3098959,80457640.00
2013-01-16,12.73,12.85,12.39,12.60,2701590,68501528.00
2013-01-17,12.60,12.70,12.52,12.65,1145775,29280164.00
2013-01-18,12.70,12.98,12.50,12.82,1931064,49665216.00
2013-01-21,12.75,12.95,12.66,12.82,1702760,44114672.00
2013-01-22,12.83,12.83,12.38,12.41,1157612,29350218.00
2013-01-23,12.36,12.41,12.05,12.15,1892246,46507840.00
2013-01-24,12.13,12.49,11.79,11.93,1319310,32305900.00
2013-01-25,12.05,12.41,11.85,12.26,2041894,50366724.00
2013-01-28,12.33,12.43,12.10,12.33,1657871,41095376.00
2013-01-29,12.30,12.30,12.05,12.15,2059859,50692544.00
2013-01-30,12.13,12.44,12.05,12.28,1525324,37689632.00
2013-01-31,12.25,12.26,12.00,12.13,1412404,34627384.00
2013-02-01,12.20,12.25,12.01,12.05,1433662,35091908.00
2013-02-04,12.07,12.24,11.44,11.57,2161346,51040856.00
2013-02-05,11.62,11.77,11.46,11.74,815940,19311650.00
2013-02-06,11.60,12.15,11.50,12.09,2588004,61827564.00
2013-02-07,12.05,12.24,11.89,12.05,1832661,44769796.00
2013-02-08,11.93,12.20,11.93,12.16,2040059,50066544.00
2013-02-18,12.22,12.45,12.10,12.24,1668082,41466940.00
2013-02-19,12.30,12.48,12.18,12.34,2439953,60825280.00
2013-02-20,12.34,12.82,12.16,12.70,2846877,72468520.00
2013-02-21,12.60,13.13,12.52,12.74,3607717,93220632.00
2013-02-22,12.74,12.91,12.41,12.53,3592261,92762744.00
2013-02-25,12.70,12.79,12.28,12.43,3118411,78840664.00
2013-02-26,12.40,13.20,12.35,12.91,5751971,149173712.00
2013-02-27,12.94,13.03,12.58,12.80,3396176,88075280.00
2013-02-28,12.77,12.79,12.50,12.79,3257077,83642288.00
2013-03-01,12.67,13.24,12.67,13.13,3148098,82972856.00
2013-03-04,13.11,13.55,12.84,13.10,2983409,79874608.00
2013-03-05,13.14,13.23,12.58,12.96,3999639,104835656.00
2013-03-06,13.05,13.20,12.80,13.03,3109814,81914032.00
2013-03-07,13.08,13.10,12.45,12.78,4967548,127197456.00
2013-03-08,12.70,12.71,12.26,12.32,3789380,95107624.00
2013-03-11,12.30,12.33,12.03,12.33,2023794,49867272.00
2013-03-18,13.35,13.35,12.71,12.88,14662501,386349088.00
2013-03-19,12.93,13.17,12.71,13.15,5329942,139883296.00
2013-03-20,13.07,13.23,12.95,13.15,4495846,119497072.00
2013-03-21,13.19,13.20,12.88,13.01,6041752,158714880.00
2013-03-22,13.03,13.55,12.90,13.45,4087109,108240544.00
2013-03-25,13.36,14.24,13.36,14.08,7794567,218917936.00
2013-03-26,14.00,14.18,13.76,14.10,3966790,112078152.00
2013-03-27,14.05,14.47,13.86,14.24,3947001,113589904.00
2013-03-28,13.95,14.19,13.65,13.87,4566021,129020032.00
2013-03-29,13.76,13.93,13.58,13.60,2511576,69575584.00
2013-04-01,13.95,14.10,13.75,13.98,3819164,107368168.00
2013-04-02,14.00,14.01,13.00,13.13,4245105,115238008.00
2013-04-03,13.41,13.75,13.18,13.33,5109598,139158544.00
2013-04-08,14.68,14.68,14.68,14.68,8260665,245011328.00
2013-04-09,15.20,15.25,14.32,14.60,29336442,880465664.00
2013-04-10,13.90,14.30,13.49,13.68,13050428,363799968.00
2013-04-11,13.58,13.82,13.11,13.56,11311608,306951648.00
2013-04-12,13.44,13.70,13.18,13.41,7499064,203235424.00
2013-04-15,13.90,14.10,13.41,13.42,8878878,246428560.00
2013-04-16,12.95,13.00,12.60,12.81,7187823,186319792.00
2013-04-17,12.92,13.10,12.80,13.04,4355778,114186480.00
2013-04-18,13.00,13.00,12.72,12.80,5080350,131811984.00
2013-04-19,12.82,13.02,12.71,12.95,7451664,194013664.00
2013-04-22,12.85,13.00,12.69,12.70,5389742,139726752.00
2013-04-23,12.73,12.79,12.25,12.25,5811726,146921312.00
2013-04-24,12.20,12.56,12.20,12.54,4550500,114169224.00
2013-04-25,12.54,12.73,12.43,12.61,3635625,92511408.00
2013-04-26,12.61,12.61,11.95,11.98,5189364,127819408.00
2013-05-02,11.80,11.94,11.54,11.90,2409052,57292584.00
2013-05-03,11.90,12.20,11.87,12.08,2987527,72883512.00
2013-05-06,12.12,12.34,12.00,12.27,3087737,76248904.00
2013-05-07,12.27,12.30,12.10,12.16,2351714,57944032.00
2013-05-08,12.18,12.34,12.16,12.28,2298992,57020604.00
2013-05-09,12.30,12.34,11.97,12.15,3300962,80818136.00
2013-05-10,12.09,12.50,12.08,12.49,3478455,87157528.00
2013-05-13,12.50,12.63,12.36,12.55,1959772,49517588.00
2013-05-14,12.54,12.55,12.28,12.38,1822369,45694704.00
2013-05-15,12.38,12.60,12.36,12.56,2271476,57235416.00
2013-05-16,12.56,12.85,12.41,12.66,4123512,106138560.00
2013-05-17,12.65,12.83,12.60,12.77,2865876,74007816.00
2013-05-20,12.80,12.82,12.26,12.37,4030651,101214072.00
2013-05-21,12.37,12.50,12.29,12.49,2527852,63450532.00
2013-05-22,12.49,12.77,12.43,12.63,2783019,71093376.00
2013-05-23,12.55,12.62,12.36,12.43,2111555,53211348.00
2013-05-24,12.48,12.52,12.32,12.47,2064391,51815408.00
2013-05-27,12.47,12.75,12.41,12.72,2980193,76197312.00
2013-05-28,12.76,12.79,12.61,12.70,3260451,83865064.00
2013-05-29,12.75,13.19,12.70,13.13,4520374,119194192.00
2013-05-30,13.10,14.46,13.00,14.08,12097062,339644960.00
2013-05-31,14.05,14.25,13.80,13.83,3920368,111092000.00
2013-06-03,13.81,13.96,13.50,13.57,3416015,94597232.00
2013-06-04,13.57,13.64,13.01,13.15,3956897,105913032.00
2013-06-05,13.07,13.26,12.89,13.04,2905168,76628800.00
2013-06-06,13.02,13.14,12.92,13.05,1626762,42905600.00
2013-06-07,13.15,13.18,12.46,12.63,3146162,80728728.00
2013-06-13,12.38,12.60,11.91,12.55,2108239,52024720.00
2013-06-14,12.52,12.98,12.40,12.91,2165704,55631976.00
2013-06-17,12.91,13.12,12.73,12.91,1603484,41841412.00
2013-06-18,13.07,13.07,12.75,12.88,1167207,30185560.00
2013-06-19,12.88,12.88,12.53,12.75,1265077,32250056.00
2013-06-20,12.66,12.72,12.10,12.30,1505030,37631220.00
2013-06-21,11.93,12.23,11.88,12.10,1058032,25739644.00
2013-06-24,11.97,12.10,11.24,11.50,1700474,40207920.00
2013-06-25,11.48,12.00,10.34,11.67,3602067,79814872.00
2013-06-26,11.65,11.95,11.41,11.80,1668100,39406484.00
2013-06-27,11.80,12.15,11.40,11.42,1750947,41725540.00
2013-06-28,11.23,11.50,11.00,11.28,1804614,40976476.00
2013-07-01,11.28,11.76,11.16,11.67,1813319,41737868.00
2013-07-02,11.65,12.15,11.40,12.12,3029062,72629000.00
2013-07-03,12.10,12.15,11.84,12.02,1839912,44444952.00
2013-07-04,11.98,12.28,11.83,12.10,1688078,41096576.00
2013-07-05,12.10,12.16,11.85,11.85,1685188,40986392.00
2013-07-08,11.60,11.73,11.40,11.46,1299352,30244786.00
2013-07-09,11.45,11.69,11.45,11.45,1337893,31150144.00
2013-07-10,11.45,11.78,11.45,11.77,1712185,40183516.00
2013-07-11,12.15,12.95,12.11,12.95,7200002,185977392.00
2013-07-12,12.85,13.35,12.77,13.03,3430608,90086248.00
2013-07-15,13.20,14.30,13.20,13.83,5365151,150240608.00
2013-07-16,13.74,14.50,13.61,14.07,4527363,129114872.00
2013-07-17,14.02,14.43,13.91,14.02,4307635,123112656.00
2013-07-18,13.92,14.20,13.78,14.05,3006233,85059552.00
2013-07-19,14.05,15.30,14.05,15.11,5379028,160482000.00
2013-07-22,14.93,16.04,14.90,15.98,4871932,152015056.00
2013-07-23,15.98,16.98,15.69,15.98,5255616,172064560.00
2013-07-24,15.79,16.80,15.77,16.22,3311550,108739888.00
2013-07-25,16.25,16.70,15.90,16.45,4788745,157340672.00
2013-07-26,16.30,16.50,15.38,15.92,3321200,106142656.00
2013-07-29,15.75,16.29,15.53,15.83,2266553,72806072.00
2013-07-30,15.86,15.90,15.10,15.43,2018380,63165804.00
2013-07-31,15.50,16.02,15.18,15.41,2093199,65537188.00
2013-08-01,15.35,15.90,15.35,15.85,1511116,47787336.00
2013-08-02,16.00,16.25,15.80,15.95,1697639,54735964.00
2013-08-05,15.96,17.56,15.90,17.56,3588987,122900480.00
2013-08-06,17.75,18.04,17.31,17.98,2614624,93315416.00
2013-08-07,17.98,17.98,17.01,17.49,2850386,99486360.00
2013-08-08,17.40,17.45,17.14,17.35,2516668,87121080.00
2013-08-09,17.25,17.50,16.83,17.40,2454641,85223976.00
2013-08-12,17.41,17.73,16.75,16.86,2313472,79223640.00
2013-08-13,16.89,16.89,16.25,16.40,3033825,100282088.00
2013-08-14,16.46,16.87,16.40,16.76,2135847,71690144.00
2013-08-15,16.80,16.80,15.70,16.05,4394664,142279760.00
2013-08-16,15.87,16.15,15.38,15.65,1961353,62473032.00
2013-08-19,15.75,16.48,15.74,16.46,2671253,87144688.00
2013-08-20,16.46,16.55,16.12,16.20,1344130,44137728.00
2013-08-21,16.13,16.35,16.01,16.19,971714,31567714.00
2013-08-22,16.10,16.50,16.06,16.49,1129503,37110120.00
2013-08-23,16.47,16.63,15.92,16.16,1689764,55350776.00
2013-08-26,16.21,16.45,15.94,16.08,2419675,78743608.00
2013-08-27,16.01,16.24,15.78,16.01,1591814,51125768.00
2013-08-28,15.95,16.06,15.18,16.05,1842937,58273636.00
2013-08-29,16.30,17.66,16.15,17.43,4776318,163150768.00
2013-08-30,17.18,17.30,15.68,15.68,5202562,170061200.00
2013-09-02,15.40,15.62,14.70,15.48,3883961,119246256.00
2013-09-03,15.48,15.99,15.31,15.83,1914988,60777624.00
2013-09-04,15.84,16.15,15.58,15.80,1105399,35306988.00
2013-09-05,15.80,16.15,15.40,16.07,1873289,59295256.00
2013-09-06,15.98,16.24,15.65,15.70,1805787,57459564.00
2013-09-09,15.50,15.75,15.20,15.41,2035126,63057488.00
2013-09-10,15.41,15.55,15.00,15.05,2333654,71221072.00
2013-09-11,15.10,15.30,14.80,14.95,2429829,73131824.00
2013-09-12,14.80,15.17,14.69,14.88,1784047,53745584.00
2013-09-13,14.93,15.40,14.93,15.15,1831749,55969740.00
2013-09-16,15.30,15.40,15.09,15.25,1521766,46623628.00
2013-09-17,15.23,15.27,14.84,14.90,1295673,39335540.00
2013-09-18,15.00,15.08,14.85,14.98,1113390,33610644.00
2013-09-23,14.99,15.46,14.90,15.38,2349726,72039464.00
2013-09-24,15.34,16.13,15.18,16.00,4090385,129844832.00
2013-09-25,15.90,16.35,15.78,16.00,2385949,77269288.00
2013-09-26,16.04,16.90,16.04,16.59,3317009,110810848.00
2013-09-27,16.63,16.89,16.29,16.60,2427358,80907800.00
2013-09-30,16.70,16.88,16.32,16.59,1510910,50286228.00
2013-10-08,16.59,16.68,16.38,16.60,1437867,47820604.00
2013-10-09,16.55,16.80,16.40,16.55,1270779,42449808.00
2013-10-10,16.43,16.53,15.85,15.87,2091034,67880784.00
2013-10-11,15.87,16.80,15.87,16.78,2231602,73281728.00
2013-10-14,16.90,17.38,16.13,16.28,2930603,98898368.00
2013-10-15,16.68,17.65,16.57,16.80,4464286,152553104.00
2013-10-16,16.72,16.72,15.87,16.20,2522016,81881512.00
2013-10-17,16.32,16.48,15.73,15.85,2503935,80558912.00
2013-10-18,15.76,15.93,15.60,15.61,1500730,47576612.00
2013-10-21,15.68,16.65,15.68,16.65,2933471,96510568.00
2013-10-22,16.57,17.12,16.48,16.68,2775187,93683344.00
2013-10-23,16.69,16.83,15.87,16.00,2081733,68097528.00
2013-10-24,15.95,16.27,15.93,15.96,1080436,34933528.00
2013-10-25,15.96,16.10,15.39,15.58,1767156,55724180.00
2013-10-28,15.60,15.86,15.06,15.15,1426360,44276876.00
2013-10-29,15.45,16.15,15.15,15.65,2718137,85724928.00
2013-10-30,15.70,16.39,15.65,15.82,2769186,89606144.00
2013-10-31,15.60,15.65,15.20,15.26,1744323,53895464.00
2013-11-01,15.39,15.55,15.18,15.37,869528,26969642.00
2013-11-04,15.60,15.99,15.50,15.51,1616207,51139268.00
2013-11-05,15.25,15.92,15.25,15.78,1195377,37641560.00
2013-11-06,15.75,16.01,15.61,15.79,1444674,46034272.00
2013-11-07,15.82,15.90,15.15,15.24,1290749,40033996.00
2013-11-08,15.18,15.40,14.94,14.94,872064,26593696.00
2013-11-11,15.07,15.45,14.27,15.39,1923347,57605076.00
2013-11-12,15.25,15.35,14.99,15.16,1814206,55298628.00
2013-11-13,14.91,14.94,14.45,14.45,1679767,49606244.00
2013-11-14,14.46,14.71,14.42,14.62,926935,27230970.00
2013-11-15,14.65,15.05,14.63,14.71,1409861,42117152.00
2013-11-18,14.88,15.18,14.76,15.17,1675149,50712548.00
2013-11-19,15.08,15.36,15.05,15.17,1102820,33734320.00
2013-11-20,15.26,15.65,15.26,15.40,1704948,53058448.00
2013-11-21,15.31,15.54,15.22,15.30,1052821,32547522.00
2013-11-22,15.39,15.43,15.18,15.19,1392799,42879400.00
2013-11-25,15.08,15.45,15.07,15.31,1124224,34551436.00
2013-11-26,15.30,15.43,15.11,15.32,1020099,31347022.00
2013-11-27,15.32,16.01,15.32,15.45,2549720,80195056.00
2013-11-28,15.58,15.97,15.36,15.80,2062717,65252464.00
2013-11-29,15.83,16.34,15.76,16.23,2147812,69924512.00
2013-12-02,15.75,16.20,14.85,15.23,2810626,87207888.00
2013-12-03,15.18,15.56,14.95,15.49,1314114,40509468.00
2013-12-04,15.41,15.92,15.40,15.62,1544026,48838392.00
2013-12-05,15.57,15.57,15.24,15.31,1255250,38770084.00
2013-12-06,15.39,16.05,15.38,15.80,3247257,102745152.00
2013-12-09,15.78,15.94,15.63,15.81,1590557,50549036.00
2013-12-10,15.77,15.95,15.61,15.62,1477539,46940212.00
2013-12-11,15.51,15.58,15.08,15.30,1364078,41880944.00
2013-12-12,15.35,15.64,15.28,15.31,1542998,47738280.00
2013-12-13,15.19,15.30,14.90,15.07,1776046,53986016.00
2013-12-16,15.18,15.18,14.69,14.79,1487883,44449512.00
2013-12-17,14.78,15.02,14.70,14.93,1050142,31491952.00
2013-12-18,15.06,15.12,14.83,14.95,1162819,35039884.00
2013-12-19,14.96,15.14,14.94,14.97,844711,25524822.00
2013-12-20,14.96,15.36,14.91,15.15,2123086,64870552.00
2013-12-23,15.20,15.98,15.16,15.84,3528954,111834240.00
2013-12-24,15.85,16.25,15.60,15.82,2726771,87141824.00
2013-12-25,15.78,16.05,15.65,15.85,1556754,49636284.00
2013-12-26,15.78,16.27,15.74,16.08,3122312,100859816.00
2013-12-27,16.07,16.23,15.96,16.10,1719992,55730608.00
2013-12-30,16.11,16.38,15.76,15.83,1796800,58141728.00
2013-12-31,15.75,16.34,15.69,16.30,2357159,76593352.00
2014-01-02,16.30,17.07,16.20,16.94,3252340,108934832.00
2014-01-03,16.68,17.35,16.67,17.13,3790784,130242424.00
2014-01-06,17.15,17.25,16.51,16.55,2029238,68766768.00
2014-01-07,16.44,16.70,16.16,16.69,1510824,49978852.00
2014-01-08,16.70,17.45,16.57,17.45,2583583,89480744.00
2014-01-09,17.40,18.04,17.11,17.32,3016710,106774648.00
2014-01-10,17.26,17.38,16.53,16.90,1234798,42049800.00
2014-01-13,16.78,16.99,16.58,16.93,1054727,35599336.00
2014-01-14,16.95,17.95,16.90,17.92,2590818,91581616.00
2014-01-15,17.94,19.72,17.86,19.28,3886525,147259408.00
2014-01-16,19.23,19.56,18.64,18.65,3032431,115487352.00
2014-01-17,18.72,19.14,18.50,18.90,1898310,72084328.00
2014-01-20,17.40,18.23,17.00,17.61,10295953,358744800.00
2014-01-21,17.40,17.47,16.80,17.25,4153843,143611056.00
2014-01-22,17.27,17.47,16.73,17.01,6658534,229576480.00
2014-01-23,17.02,17.43,16.85,17.37,4457196,153985696.00
2014-01-24,17.28,18.10,17.16,18.10,5199712,183582128.00
2014-01-27,18.25,18.65,18.06,18.08,4593821,169365888.00
2014-01-28,18.85,19.34,18.10,18.35,5468361,204620752.00
2014-01-29,18.58,18.71,17.90,17.95,4864172,177122336.00
2014-01-30,17.80,17.84,17.39,17.50,3696746,130411416.00
2014-02-07,17.34,17.58,17.25,17.56,2242696,78680944.00
2014-02-10,17.75,18.73,17.74,18.68,5309800,194762208.00
2014-02-11,18.65,18.83,18.10,18.15,4662977,173063024.00
2014-02-12,18.28,18.51,17.85,18.00,4303042,156016160.00
2014-02-13,18.00,18.09,17.15,17.28,4125394,146979152.00
2014-02-14,17.30,17.50,16.97,17.49,4089101,141709920.00
2014-02-17,17.49,17.55,16.99,17.42,5110925,176953088.00
2014-02-18,17.35,17.86,17.15,17.79,4967540,175061040.00
2014-02-19,17.69,18.02,17.37,17.41,3947380,140491168.00
2014-02-20,17.28,17.57,16.86,16.87,3174170,109632192.00
2014-02-21,16.93,17.10,16.06,16.50,4602161,153504512.00
2014-02-24,16.48,16.78,16.22,16.77,2789031,92230072.00
2014-02-25,16.75,17.67,16.33,16.88,5492107,189522416.00
2014-02-26,16.73,17.20,16.60,17.06,3207305,109692800.00
2014-02-27,17.08,17.38,16.30,16.98,3397578,115136088.00
2014-02-28,16.65,16.90,16.43,16.71,1562762,52603140.00
2014-03-03,16.73,16.95,16.39,16.54,2813416,94110544.00
2014-03-04,16.45,16.49,15.95,15.98,2817994,91355920.00
2014-03-05,15.99,16.08,15.40,15.59,2812261,89142480.00
2014-03-06,15.57,15.68,15.01,15.39,3373415,103482928.00
2014-03-07,15.37,15.76,15.26,15.69,2115066,66314756.00
2014-03-10,15.45,15.55,15.05,15.08,1801036,55253740.00
2014-03-11,14.96,15.47,14.96,15.47,1853023,56895232.00
2014-03-12,15.48,15.76,15.42,15.63,1786428,56064260.00
2014-03-13,15.63,15.77,15.47,15.70,1223830,38588936.00
2014-03-14,15.65,16.18,15.56,16.15,2832839,91128664.00
2014-03-17,16.10,16.35,15.95,16.16,1785505,57956160.00
2014-03-18,16.17,16.62,16.10,16.41,2044984,67526288.00
2014-03-19,16.34,16.49,16.15,16.35,1580554,52098936.00
2014-03-20,16.33,16.96,16.30,16.60,2909452,97731608.00
2014-03-21,16.55,16.79,16.10,16.71,3036130,100031672.00
2014-03-24,16.60,17.01,16.50,16.76,2867219,97192208.00
2014-03-25,16.76,16.93,16.17,16.24,2740719,91146904.00
2014-03-26,16.25,16.58,16.04,16.15,2072725,67870968.00
2014-03-27,16.05,16.68,16.05,16.51,2241380,74184120.00
2014-03-28,16.50,16.60,15.85,15.85,1725918,56051724.00
2014-03-31,15.84,15.99,15.40,15.67,1302619,40874164.00
2014-04-01,15.67,16.32,15.54,16.27,1151424,37249896.00
2014-04-02,16.15,16.65,16.15,16.26,1444286,47662948.00
2014-04-03,16.26,17.37,16.16,17.13,4828065,165444464.00
2014-04-04,17.13,18.05,16.98,17.88,5189139,184102752.00
2014-04-08,17.85,18.08,17.64,17.81,2987704,107021472.00
2014-04-09,17.77,18.08,17.53,17.70,1932788,69342680.00
2014-04-10,17.55,18.33,17.31,17.85,3323834,119751248.00
2014-04-11,17.87,18.22,17.49,17.80,2554410,91518672.00
2014-04-14,17.81,17.96,17.55,17.69,1971055,70300192.00
2014-04-15,17.45,19.12,17.45,18.56,8072979,302822400.00
2014-04-16,18.56,18.88,18.31,18.69,2028464,76044288.00
2014-04-17,18.81,18.88,18.42,18.77,1755668,65997844.00
2014-04-18,18.60,19.05,18.34,18.53,1484735,55682324.00
2014-04-21,18.50,18.58,17.80,17.88,1946679,71484264.00
2014-04-22,17.85,18.01,16.81,16.94,3146557,108901584.00
2014-04-23,16.94,17.34,16.86,17.03,1517502,52188200.00
2014-04-24,17.00,17.28,16.71,17.03,927353,31814838.00
2014-04-25,17.05,17.12,15.70,16.03,4304519,140346864.00
2014-04-28,16.00,16.08,15.49,15.60,2264201,71716128.00
2014-04-29,15.65,16.07,15.56,16.03,2010104,64552084.00
2014-04-30,15.91,16.19,15.54,15.65,2076846,65920212.00
2014-05-05,15.65,16.09,15.42,16.02,1535446,48821044.00
2014-05-06,16.02,16.21,15.31,15.40,4752492,150794368.00
2014-05-07,15.39,15.58,15.10,15.39,2749948,84896480.00
2014-05-08,15.37,15.48,15.01,15.10,3135540,96354648.00
2014-05-09,15.15,15.18,14.58,14.60,3302444,98271520.00
2014-05-12,14.71,15.02,14.40,14.92,2115535,62818132.00
2014-05-13,14.92,15.10,14.80,14.98,1214709,36572920.00
2014-05-14,14.98,15.10,14.95,15.08,1031030,31192442.00
2014-05-15,15.07,15.07,14.50,14.67,1699726,50583060.00
2014-05-16,14.65,14.72,14.41,14.60,1272044,37170240.00
2014-05-19,14.50,14.52,14.39,14.48,986032,28680212.00
2014-05-20,14.53,14.80,14.53,14.61,1015286,29991356.00
2014-05-21,14.55,14.76,14.41,14.75,1171390,34407076.00
2014-05-22,14.78,15.19,14.67,15.02,1883281,56886504.00
2014-05-23,15.00,15.16,14.90,15.14,1120058,33921708.00
2014-05-26,15.14,15.39,15.08,15.21,1960924,60212920.00
2014-05-27,15.18,15.19,14.85,14.87,1824140,54978832.00
2014-05-28,14.88,15.00,14.61,14.98,2003717,59688432.00
2014-05-29,14.95,15.32,14.89,15.17,2162272,66173768.00
2014-05-30,15.09,15.29,15.03,15.25,1175324,35925560.00
2014-06-03,15.26,15.33,14.98,15.01,1167535,35513516.00
2014-06-04,14.96,15.00,14.63,14.95,1134110,33773280.00
2014-06-05,14.88,14.97,14.75,14.92,1350044,40387380.00
2014-06-06,14.95,14.98,14.70,14.88,1434473,42895712.00
2014-06-09,14.95,15.18,14.89,14.99,1280322,38744836.00
2014-06-10,15.10,15.34,15.10,15.25,1602059,49179520.00
2014-06-11,15.21,15.45,15.21,15.38,1522086,47044868.00
2014-06-12,15.38,15.38,15.13,15.15,1494164,45740036.00
2014-06-13,15.13,15.28,15.13,15.18,1208663,36996020.00
2014-06-16,15.20,15.27,15.10,15.18,1909481,58289236.00
2014-06-17,15.25,15.25,14.84,14.86,1953988,59032260.00
2014-06-18,14.86,14.94,14.51,14.65,1927682,56941268.00
2014-06-19,14.65,14.74,14.00,14.09,2677377,77112816.00
2014-06-20,14.09,14.13,13.98,14.05,1430687,40422740.00
2014-06-23,14.05,14.18,14.03,14.15,1033053,29387198.00
2014-06-24,14.16,14.39,13.97,14.04,2104354,59884996.00
2014-06-25,14.04,14.38,14.00,14.34,1447803,41369688.00
2014-06-26,14.41,14.45,14.26,14.40,1425810,41292732.00
2014-06-27,14.40,14.46,14.28,14.30,2007742,58012460.00
2014-06-30,14.33,14.68,14.31,14.66,1909972,55564304.00
2014-07-01,14.65,14.65,14.48,14.57,1808293,52766836.00
2014-07-02,14.65,14.68,14.49,14.59,1413660,41441184.00
2014-07-03,14.59,14.94,14.52,14.78,2470443,73255792.00
2014-07-04,14.75,15.20,14.71,15.13,2921144,88111072.00
2014-07-07,14.95,15.03,14.71,14.84,2125628,63256348.00
2014-07-08,14.73,15.15,14.73,15.03,1721084,51768180.00
2014-07-09,15.01,15.14,14.72,14.72,1002167,29924080.00
2014-07-10,14.64,14.84,14.25,14.28,1624521,47341368.00
2014-07-11,14.30,14.55,14.18,14.25,2073633,59565980.00
2014-07-14,14.25,14.78,14.21,14.78,1895715,55241060.00
2014-07-15,14.75,14.78,14.61,14.73,1014527,29906234.00
2014-07-16,14.80,15.01,14.73,14.74,1470956,43843020.00
2014-07-17,14.76,14.88,14.30,14.51,1455360,42488008.00
2014-07-18,14.45,14.64,14.37,14.48,962887,27960642.00
2014-07-21,14.50,14.53,14.20,14.35,961284,27691394.00
2014-07-22,14.35,14.50,14.34,14.40,822866,23802486.00
2014-07-23,14.40,14.68,14.26,14.42,1666939,48411904.00
2014-07-24,14.38,14.83,14.38,14.59,2219945,65060712.00
2014-07-25,14.70,14.98,14.59,14.85,2818910,83871400.00
2014-07-28,14.88,15.00,14.68,14.94,2665365,79598856.00
2014-07-29,15.00,15.27,14.90,15.07,2960692,89822480.00
2014-07-30,15.15,15.15,14.81,14.92,3056115,91333904.00
2014-07-31,15.20,15.20,14.95,15.03,3295860,99400280.00
2014-08-01,15.18,15.67,14.95,15.24,7072228,218197312.00
2014-08-04,15.39,16.05,15.10,15.63,5528941,172500448.00
2014-08-05,15.63,15.67,15.23,15.39,3977322,123077216.00
2014-08-06,15.45,15.48,15.20,15.25,3145722,96497744.00
2014-08-07,15.45,15.53,15.23,15.27,4008227,123663048.00
2014-08-08,15.40,15.41,15.01,15.21,3306942,100761336.00
2014-08-11,15.30,15.43,15.20,15.32,3822672,117619088.00
2014-08-12,15.55,15.93,15.46,15.50,7461006,234089536.00
2014-08-13,15.47,15.57,15.15,15.20,4843757,148908416.00
2014-08-14,15.30,15.30,15.02,15.04,3765353,114388136.00
2014-08-15,14.98,15.23,14.98,15.20,2341266,71262168.00
2014-08-18,15.21,15.50,15.21,15.46,3414499,105494632.00
2014-08-19,15.48,15.48,15.33,15.43,2883975,88985864.00
2014-08-20,15.39,15.53,15.35,15.45,2506271,77579880.00
2014-08-21,15.53,15.53,15.28,15.39,2453001,75662664.00
2014-08-22,15.41,15.85,15.35,15.82,5803042,182404464.00
2014-08-25,15.86,16.00,15.62,15.90,5336371,169136576.00
2014-08-26,15.90,16.00,15.53,15.69,3423565,108116784.00
2014-08-27,15.72,15.73,15.35,15.60,3339441,103816712.00
2014-08-28,15.65,15.69,15.40,15.66,2050374,64095372.00
2014-08-29,15.66,15.66,15.43,15.56,2072071,64472448.00
2014-09-01,15.56,15.60,15.36,15.55,3068241,95177912.00
2014-09-02,15.56,15.80,15.54,15.75,4277160,134743184.00
2014-09-03,15.80,15.90,15.56,15.74,4148291,130950400.00
2014-09-04,15.74,15.74,15.56,15.67,4482981,140563872.00
2014-09-05,15.65,15.86,15.62,15.82,5282891,166617680.00
2014-09-09,15.82,16.24,15.80,16.16,6941404,223739248.00
2014-09-10,16.09,16.17,15.96,16.09,3754860,121131552.00
2014-09-11,16.15,16.20,15.79,15.79,5745815,184065952.00
2014-09-12,15.80,16.03,15.71,15.90,3969657,126134840.00
2014-09-15,15.85,16.00,15.77,15.97,3721519,118649696.00
2014-09-16,15.97,16.03,15.25,15.26,6124737,191970944.00
2014-09-17,15.26,15.38,15.16,15.38,2373455,72849984.00
2014-09-18,15.34,15.81,15.30,15.70,3692373,115808456.00
2014-09-19,15.65,15.95,15.56,15.66,3288859,103840688.00
2014-09-22,15.68,15.77,15.24,15.26,3586166,111005624.00
2014-09-23,15.30,15.68,15.30,15.59,2805577,87185840.00
2014-09-24,15.58,15.74,15.48,15.71,3506989,110010592.00
2014-09-25,15.76,15.91,15.62,15.66,4730301,149720352.00
2014-09-26,15.63,15.77,15.46,15.71,3568592,111924048.00
2014-09-29,15.77,15.85,15.66,15.83,3848452,121766944.00
2014-09-30,15.83,15.91,15.83,15.89,3673621,116943088.00
2014-10-08,15.93,16.83,15.91,16.68,11828241,389656096.00
2014-10-09,16.73,17.08,16.53,16.68,8883964,298722624.00
2014-10-10,16.75,16.83,16.41,16.64,5033907,168119920.00
2014-10-13,16.65,17.13,16.63,17.11,7817075,265487808.00
2014-10-14,17.15,17.18,16.78,16.90,5910156,200739264.00
2014-10-15,17.03,17.45,16.88,17.21,9774200,337216992.00
2014-10-16,17.45,18.07,16.95,16.96,14600962,517267104.00
2014-10-17,16.93,17.05,16.30,16.58,8313437,277146912.00
2014-10-20,16.98,17.68,16.98,17.43,10554063,367621536.00
2014-10-21,17.38,17.38,16.68,16.85,7191915,244308336.00
2014-10-22,16.85,16.90,16.45,16.49,4570968,152178304.00
2014-10-23,16.44,16.63,15.86,16.12,5547617,180230816.00
2014-10-24,16.10,16.28,15.98,16.13,3062902,99081416.00
2014-10-27,16.13,16.43,16.10,16.35,3275391,107024032.00
2014-10-28,16.40,16.75,16.40,16.71,4705013,157259776.00
2014-10-29,16.73,17.00,16.51,16.93,6758141,226642832.00
2014-10-30,16.83,17.20,16.64,16.72,4766537,161407168.00
2014-10-31,16.74,17.14,16.35,17.10,7500866,252167600.00
2014-11-03,16.95,17.04,16.85,16.90,4952759,168159696.00
2014-11-04,16.88,16.89,16.41,16.46,5347709,177962960.00
2014-11-05,16.41,16.63,16.35,16.55,2509258,83088112.00
2014-11-06,16.63,16.63,16.39,16.47,2714883,89622528.00
2014-11-07,16.49,16.54,16.01,16.10,6100595,199298912.00
2014-11-10,16.18,16.25,16.04,16.20,3147363,101927400.00
2014-11-11,16.21,16.40,15.44,15.70,5267656,168093184.00
2014-11-12,15.73,15.83,15.43,15.70,4230762,132483472.00
2014-11-13,15.69,15.69,15.30,15.38,4533146,140450608.00
2014-11-14,15.35,15.59,15.30,15.52,2106673,65390244.00
2014-11-17,15.55,15.86,15.46,15.70,3110405,98076056.00
2014-11-18,15.66,15.86,15.65,15.66,1827847,57664180.00
2014-11-19,15.68,16.14,15.64,15.89,3431611,109088280.00
2014-11-20,15.88,16.07,15.78,15.83,1891369,60351000.00
2014-11-21,15.83,15.89,15.74,15.81,2154057,68237008.00
2014-11-24,15.91,16.03,15.69,15.75,3701253,117211528.00
2014-11-25,15.75,16.06,15.75,16.01,4075751,130113576.00
2014-11-26,16.07,16.14,15.94,16.08,4386914,141029088.00
2014-11-27,16.15,16.28,16.05,16.12,4427939,143632432.00
2014-11-28,16.10,16.28,15.90,15.99,4723976,151686672.00
2014-12-01,16.04,16.09,15.74,15.88,3953785,125918824.00
2014-12-02,15.86,16.03,15.78,15.92,4282221,136839376.00
2014-12-03,15.95,16.55,15.88,16.52,10076140,330233984.00
2014-12-04,16.56,16.62,16.41,16.55,6108606,202307776.00
2014-12-05,16.55,16.61,15.89,16.01,8314570,269127232.00
2014-12-08,16.03,16.38,15.88,16.16,6114752,197256976.00
2014-12-09,16.18,16.18,15.45,15.50,6991071,221349248.00
2014-12-10,15.60,15.94,15.60,15.89,3997020,126714840.00
2014-12-11,15.89,16.04,15.64,16.00,4122719,130820968.00
2014-12-12,15.96,16.13,15.90,16.05,4016362,128975248.00
2014-12-15,16.05,16.53,16.00,16.47,9061103,297636096.00
2014-12-16,16.50,16.50,16.25,16.34,6916268,226349152.00
2014-12-17,16.30,16.30,15.89,16.09,5958311,191561280.00
2014-12-18,16.09,16.09,15.88,15.90,4218255,135062896.00
2014-12-19,15.95,16.03,15.50,15.97,4804017,152019312.00
2014-12-22,15.85,15.93,14.85,14.89,5726690,174500800.00
2014-12-23,14.85,15.08,14.10,14.12,7290255,212814912.00
2014-12-24,14.23,14.42,14.17,14.20,7341698,209631200.00
2014-12-25,14.23,14.45,14.12,14.42,6851501,196279920.00
2014-12-26,14.31,14.39,14.12,14.28,8842518,252984624.00
2014-12-29,14.28,14.63,14.28,14.37,7006019,202882064.00
2014-12-30,14.37,14.51,14.08,14.43,7082107,203315968.00
2014-12-31,14.38,14.60,14.13,14.53,7227990,207897664.00
2015-01-05,14.48,14.60,14.33,14.53,4265070,123973240.00
2015-01-06,14.53,15.41,14.45,15.13,7872155,235792528.00
2015-01-07,15.13,15.20,14.86,14.94,4202006,126212008.00
2015-01-08,14.95,15.28,14.91,15.03,6764399,204892512.00
2015-01-09,14.95,15.20,14.90,14.90,5702551,172015488.00
2015-01-12,14.85,14.85,14.46,14.65,4149515,121742064.00
2015-01-13,14.60,14.88,14.56,14.88,3509934,103882512.00
2015-01-14,14.93,15.00,14.72,14.88,4006539,119594984.00
2015-01-15,14.88,14.97,14.80,14.87,2995723,89333416.00
2015-01-16,14.85,15.05,14.70,14.91,3194955,95299408.00
2015-01-19,14.91,15.55,14.85,15.15,10203361,312576992.00
2015-01-20,15.13,15.45,15.00,15.41,7102093,217849216.00
2015-01-21,15.54,15.57,15.31,15.42,9470738,292499200.00
2015-01-22,15.42,15.66,15.40,15.61,7028465,219334672.00
2015-01-23,15.60,15.61,15.42,15.50,4971223,154642992.00
2015-01-26,15.49,15.78,15.46,15.67,4295348,135021440.00
2015-01-27,15.67,15.71,15.39,15.59,4181897,130767944.00
2015-01-28,15.59,15.78,15.46,15.63,4022032,126400056.00
2015-01-29,15.51,15.68,15.45,15.46,3110316,97079504.00
2015-01-30,15.50,15.63,15.20,15.26,3366017,103807056.00
2015-02-02,15.10,15.38,15.02,15.31,2359617,72371480.00
2015-02-03,15.36,15.44,15.30,15.40,2940375,90673128.00
2015-02-04,15.40,15.60,15.36,15.36,3107563,96499744.00
2015-02-05,15.45,15.52,15.15,15.19,2988113,91995656.00
2015-02-06,15.19,15.31,14.71,14.86,2625631,79324680.00
2015-02-09,14.93,15.53,14.90,15.34,3570466,109117320.00
2015-02-10,15.22,15.93,15.22,15.79,7802282,246122112.00
2015-02-11,15.79,16.10,15.73,15.96,8131843,260158656.00
2015-02-12,16.10,16.15,15.80,15.98,5005789,160453440.00
2015-02-13,16.10,16.10,15.95,16.01,5151138,165597568.00
2015-02-16,16.05,16.52,15.96,16.33,6183200,202504528.00
2015-02-17,16.34,16.45,16.15,16.27,5119448,167042736.00
2015-02-25,16.35,16.99,16.31,16.57,8586505,287048352.00
2015-02-26,16.55,16.69,16.26,16.45,5175854,170760640.00
2015-02-27,16.43,16.65,16.30,16.59,5199703,172072144.00
2015-03-02,16.60,16.89,16.57,16.64,6435923,215778528.00
2015-03-03,16.60,16.60,16.23,16.28,6451968,212075296.00
2015-03-04,16.35,16.85,16.23,16.82,9060515,301739744.00
2015-03-05,16.85,17.10,16.66,16.89,10191750,345634688.00
2015-03-06,17.01,17.10,16.59,16.78,5220672,175731024.00
2015-03-09,16.78,17.00,16.70,16.90,5325340,180290576.00
2015-03-10,16.95,17.19,16.91,17.00,6347400,217133024.00
2015-03-11,16.95,17.12,16.63,16.76,5203207,175914352.00
2015-03-12,16.89,16.89,16.38,16.45,4809050,159474848.00
2015-03-13,16.46,16.72,16.33,16.59,3815542,126685920.00
2015-03-16,16.76,17.20,16.72,17.12,8365254,285577888.00
2015-03-17,17.18,17.35,16.99,17.16,6901043,237268272.00
2015-03-18,17.36,17.75,17.36,17.65,9301876,328673856.00
2015-03-19,17.80,17.83,17.35,17.54,6595348,232223760.00
2015-03-20,17.56,17.75,17.45,17.60,5637286,198575456.00
2015-03-23,17.65,17.93,17.65,17.85,7624306,271853408.00
2015-03-24,17.88,17.88,17.28,17.61,8831455,311301696.00
2015-03-25,17.45,18.62,17.45,18.58,11644804,425652480.00
2015-03-26,18.50,18.70,18.11,18.30,6825949,251983328.00
2015-03-27,18.31,19.05,18.31,18.87,6897483,260975232.00
2015-03-30,18.90,19.53,18.73,19.07,7672894,294707776.00
2015-03-31,18.95,19.37,18.83,18.86,5728847,218847040.00
2015-04-01,18.78,19.38,18.78,19.20,8035302,307588032.00
2015-04-02,19.38,20.35,19.38,19.95,10409055,415880928.00
2015-04-03,19.87,20.34,19.71,20.18,6571209,263896432.00
2015-04-07,20.18,20.73,19.88,20.42,7961563,323732576.00
2015-04-08,20.42,20.45,19.40,19.78,9002530,358469568.00
2015-04-09,19.73,19.83,18.95,19.83,7799778,303291936.00
2015-04-10,19.98,20.73,19.84,20.70,11104476,456404704.00
2015-04-13,22.78,22.78,22.45,22.78,9601491,437977600.00
2015-04-14,24.20,24.94,23.25,23.70,22210855,1070707520.00
2015-04-15,23.20,23.20,22.15,22.21,12119174,549866944.00
2015-04-16,21.89,22.86,21.25,22.15,9340345,415213984.00
2015-04-17,22.39,22.45,21.85,21.92,7684914,339193984.00
2015-04-20,21.70,22.09,20.75,21.03,9786148,420299232.00
2015-04-21,21.10,21.95,21.08,21.89,6612700,286236288.00
2015-04-22,21.95,22.39,21.95,22.12,7012900,311419840.00
2015-04-23,22.00,22.38,21.80,22.03,8203704,362937088.00
2015-04-24,21.81,22.03,21.03,21.65,7990941,345320736.00
2015-04-27,21.82,22.35,21.71,21.91,7907208,348950304.00
2015-04-28,21.93,22.17,20.95,21.43,6815450,293388160.00
2015-04-29,21.25,21.94,21.21,21.93,5727007,248718896.00
2015-04-30,22.10,22.64,22.03,22.16,8049672,360347136.00
2015-05-04,22.08,22.64,22.00,22.64,6949870,312380608.00
2015-05-05,22.73,23.04,21.87,22.03,8164826,367912064.00
2015-05-06,22.25,22.65,21.74,21.79,6431850,287255584.00
2015-05-07,21.70,22.24,21.16,22.23,6242326,271902944.00
2015-05-08,22.48,23.48,22.48,23.30,10545063,486419072.00
2015-05-11,23.81,23.87,23.00,23.59,10010523,469666240.00
2015-05-12,23.59,24.39,23.32,23.98,9032701,434952896.00
2015-05-13,24.25,25.63,23.99,24.67,10082518,502363456.00
2015-05-14,25.45,27.14,25.05,27.14,12547117,653530112.00
2015-05-15,27.10,27.10,25.63,25.86,9992914,521759424.00
2015-05-18,25.79,26.63,25.49,26.13,6921984,360130176.00
2015-05-19,26.15,26.62,25.50,26.19,7798272,406235584.00
2015-05-20,26.25,28.00,26.25,26.78,24367636,666964672.00
2015-05-21,26.94,29.18,26.94,28.94,27552833,768861888.00
2015-05-22,29.04,29.39,27.30,28.05,32246095,907011200.00
2015-05-25,27.80,28.40,27.05,28.19,26210369,734024000.00
2015-05-26,28.50,30.48,27.91,29.81,45417646,1318122752.00
2015-05-27,29.81,30.65,28.67,30.28,42670104,1274615040.00
2015-05-28,30.28,30.79,27.25,27.30,37610508,1103370752.00
2015-05-29,27.30,28.37,24.68,27.00,27137158,729977344.00
2015-06-01,28.60,28.99,27.80,28.83,32060073,913870400.00
2015-06-02,28.71,29.39,27.84,29.03,38897197,1117617536.00
2015-06-03,29.03,29.30,27.50,28.47,30203182,862372992.00
2015-06-04,28.52,28.72,26.00,28.04,26825876,737728832.00
2015-06-05,28.25,28.55,27.45,28.21,29835383,839933440.00
2015-06-08,28.65,28.88,27.60,28.22,35461372,1004955968.00
2015-06-09,28.22,28.99,27.72,28.89,34805626,993229440.00
2015-06-10,28.77,29.42,28.30,29.19,36707640,1066746816.00
2015-06-11,29.26,31.47,29.08,30.74,53581517,1618982400.00
2015-06-12,30.40,30.74,29.52,30.23,40664009,1222551040.00
2015-06-15,30.40,30.50,28.60,28.89,34131022,1003759104.00
2015-06-16,29.53,29.90,28.55,28.87,34267426,1004710400.00
2015-06-17,28.50,28.85,26.66,28.31,25547676,707274688.00
2015-06-18,28.19,28.59,26.60,26.75,19787471,546113856.00
2015-06-19,26.45,26.45,24.08,24.28,20305478,513494752.00
2015-06-23,24.20,24.99,21.99,24.54,18671498,445951648.00
2015-06-24,24.79,25.18,24.33,24.95,16260355,403781344.00
2015-06-25,24.96,25.03,22.90,23.49,15655998,379193120.00
2015-06-26,22.81,22.81,21.14,21.14,17147649,371777920.00
2015-06-29,21.77,21.89,19.03,19.03,23300330,464581504.00
2015-06-30,18.15,20.30,17.13,20.16,29465169,547277504.00
2015-07-01,20.16,20.86,18.54,18.91,23092726,466235040.00
2015-07-02,18.91,19.35,17.23,17.49,23804785,432318272.00
2015-07-03,16.82,17.97,15.81,16.16,21871341,364834528.00
2015-07-06,17.78,17.78,15.05,16.40,28709741,474184288.00
2015-07-07,15.80,16.45,14.76,14.76,30543803,465606848.00
2015-07-14,16.24,16.24,16.24,16.24,515420,8370421.00
2015-07-15,17.86,17.86,17.86,17.86,10229144,182692512.00
2015-07-16,18.01,19.00,16.10,18.75,61254432,1110393472.00
2015-07-17,18.81,19.99,18.70,19.78,38790612,753934208.00
2015-07-20,19.70,20.51,19.25,19.83,39120695,780626112.00
2015-07-21,19.38,20.18,19.07,19.78,22784881,450054304.00
2015-07-22,19.77,20.06,19.12,19.64,22592222,443217024.00
2015-07-23,19.99,20.89,19.76,20.72,35476363,723621376.00
2015-07-24,20.80,21.45,20.01,20.24,33574552,699007040.00
2015-07-27,19.51,20.19,18.22,18.22,36118867,687334848.00
2015-07-28,17.22,18.40,16.50,17.31,26265710,454607456.00
2015-07-29,17.70,18.20,16.95,18.18,20303621,357722976.00
2015-07-30,18.20,18.58,17.57,17.58,19599389,357407520.00
2015-07-31,17.16,17.63,17.05,17.25,15115111,261487344.00
2015-08-03,17.03,17.40,16.26,16.76,12631581,213240640.00
2015-08-04,17.00,18.20,16.90,18.17,18167530,319325536.00
2015-08-05,18.11,18.49,17.82,18.10,18637927,338693632.00
2015-08-06,17.90,18.15,17.56,17.89,11035908,197751152.00
2015-08-07,18.05,18.56,18.05,18.55,17664794,324458208.00
2015-08-10,18.77,19.80,18.58,19.46,24138983,462558176.00
2015-08-11,19.41,19.70,19.05,19.25,20562202,398639456.00
2015-08-12,18.96,19.45,18.86,18.90,13630235,260562768.00
2015-08-13,18.75,19.34,18.69,19.33,14269753,271659296.00
2015-08-14,19.41,20.18,19.16,20.08,28592988,561370432.00
2015-08-17,19.60,19.98,19.50,19.92,19195913,379183936.00
2015-08-18,19.83,19.99,17.93,17.93,21397297,406224320.00
2015-08-19,17.37,18.39,16.76,17.95,23057532,404242656.00
2015-08-20,17.70,18.07,17.48,17.48,12309481,218428976.00
2015-08-21,17.05,17.35,16.11,16.16,23544159,391664960.00
2015-08-24,15.21,15.54,14.54,14.54,29727536,442441504.00
2015-08-25,13.50,14.29,13.09,13.09,28752432,391144000.00
2015-08-26,13.30,14.18,13.09,13.71,24643789,336138432.00
2015-08-27,14.35,14.56,13.80,14.56,19282916,273726272.00
2015-08-28,14.86,15.60,14.36,15.60,22968503,343412128.00
2015-08-31,15.20,15.35,14.56,14.61,17105417,254285488.00
2015-09-01,14.58,14.80,13.50,13.53,14912728,208005344.00
2015-09-02,13.08,14.13,12.88,13.35,15155695,203019984.00
2015-09-07,13.60,14.17,13.60,13.80,11808594,164171424.00
2015-09-08,13.62,14.96,13.61,14.92,15034678,214549712.00
2015-09-09,14.99,15.45,14.71,15.20,21128163,320053856.00
2015-09-10,14.95,15.12,14.70,14.75,12810515,190825376.00
2015-09-11,14.70,14.99,14.61,14.92,9293801,137797888.00
2015-09-14,14.93,15.03,13.43,13.46,16727491,233896416.00
2015-09-15,13.26,13.71,13.03,13.10,11314062,151201808.00
2015-09-16,13.21,14.41,13.21,14.41,13451073,185322384.00
2015-09-17,14.15,14.70,13.99,13.99,15268954,220162256.00
2015-09-22,14.75,14.75,14.75,14.75,0,0.00
数据来源:通达信
