002358 森源电气 日线 前复权
      日期	    开盘	    最高	    最低	    收盘	    成交量	    成交额
2010-02-10,3.18,3.44,3.18,3.41,12873012,378952000.00
2010-02-11,3.41,3.53,3.36,3.46,7609310,229630400.00
2010-02-12,3.46,3.61,3.40,3.55,5322842,162424416.00
2010-02-22,3.53,3.69,3.53,3.57,5457091,172798272.00
2010-02-23,3.61,3.67,3.57,3.66,3538758,112143984.00
2010-02-24,3.67,3.98,3.63,3.89,4251367,139835936.00
2010-02-25,3.92,4.29,3.87,4.17,4183786,147692064.00
2010-02-26,4.17,4.29,4.12,4.16,2818030,101885608.00
2010-03-01,4.17,4.60,4.17,4.60,4283408,165285216.00
2010-03-02,4.62,4.91,4.51,4.91,4042057,162251904.00
2010-03-03,4.79,4.79,4.54,4.58,4412687,176056624.00
2010-03-04,4.59,4.66,4.40,4.58,3874354,150009536.00
2010-03-05,4.53,4.57,4.40,4.52,2242176,86698864.00
2010-03-08,4.61,4.61,4.46,4.50,1840037,71548896.00
2010-03-09,4.45,4.59,4.44,4.52,2488744,96284832.00
2010-03-10,4.52,4.53,4.26,4.27,3165007,118577776.00
2010-03-11,4.27,4.39,4.22,4.36,2424068,90019744.00
2010-03-12,4.30,4.61,4.29,4.44,4107981,158391856.00
2010-03-15,4.45,4.49,4.27,4.32,1741981,64811752.00
2010-03-16,4.32,4.40,4.23,4.31,1449254,53731312.00
2010-03-17,4.33,4.60,4.33,4.57,3008916,116232152.00
2010-03-18,4.53,4.61,4.48,4.52,1857029,72460680.00
2010-03-19,4.57,4.57,4.42,4.49,1388732,53382892.00
2010-03-22,4.49,4.57,4.46,4.54,1350924,52494676.00
2010-03-23,4.57,4.57,4.38,4.42,1843640,70238424.00
2010-03-24,4.42,4.66,4.42,4.62,2266807,88781704.00
2010-03-25,4.63,4.90,4.57,4.80,2985467,120874200.00
2010-03-26,4.67,4.78,4.58,4.71,1951846,78423392.00
2010-03-29,4.67,5.11,4.67,5.06,2624775,111266448.00
2010-03-30,4.98,5.29,4.97,5.10,2400452,105253136.00
2010-03-31,5.08,5.46,5.05,5.42,2007240,90357688.00
2010-04-01,5.39,5.54,5.29,5.29,2624319,120029336.00
2010-04-02,5.27,5.30,5.08,5.19,1796753,79443592.00
2010-04-06,5.19,5.51,5.13,5.44,1605338,73625584.00
2010-04-07,5.21,5.44,5.21,5.42,3025082,136263184.00
2010-04-08,5.37,5.47,5.11,5.12,3535320,157311808.00
2010-04-09,5.12,5.28,5.05,5.26,2078145,91455072.00
2010-04-12,5.29,5.79,5.29,5.77,3024104,142874112.00
2010-04-13,5.74,5.88,5.28,5.52,2741847,128156008.00
2010-04-14,5.50,5.87,5.38,5.87,2138192,104104160.00
2010-04-15,5.81,6.04,5.64,5.82,1843097,89997488.00
2010-04-16,5.77,5.87,5.67,5.79,759898,37184080.00
2010-04-19,5.67,5.98,5.67,5.73,929149,45573404.00
2010-04-20,5.72,5.82,5.48,5.77,989454,47234304.00
2010-04-21,5.79,5.92,5.53,5.89,1588909,77698008.00
2010-04-22,5.87,6.23,5.73,6.18,2003302,102417600.00
2010-04-23,6.14,6.23,6.04,6.11,965788,49902300.00
2010-04-26,6.17,6.27,5.95,6.00,786861,40736240.00
2010-04-28,5.57,5.83,5.37,5.73,1488254,70873016.00
2010-04-29,5.67,5.75,5.54,5.54,1049494,50055356.00
2010-04-30,5.37,5.58,5.13,5.53,1146912,52431032.00
2010-05-04,5.36,5.65,5.36,5.63,399009,18765098.00
2010-05-05,5.63,5.82,5.59,5.81,634608,30883004.00
2010-05-06,5.79,5.89,5.67,5.69,568307,27810908.00
2010-05-07,5.56,5.61,5.24,5.42,909501,42090712.00
2010-05-10,5.42,5.42,4.84,4.84,2891858,123900680.00
2010-05-11,4.86,4.97,4.38,4.46,1574679,62514816.00
2010-05-12,4.46,4.48,4.03,4.18,2215630,80960240.00
2010-05-13,4.18,4.39,4.17,4.39,1449665,53548612.00
2010-05-14,4.36,4.40,4.23,4.39,1352613,50363040.00
2010-05-17,4.31,4.53,4.27,4.36,1593776,60262768.00
2010-05-18,4.32,4.64,4.17,4.59,1450950,55465088.00
2010-05-19,4.48,4.77,4.48,4.74,1215414,48318716.00
2010-05-20,4.68,4.79,4.55,4.62,821499,32870516.00
2010-05-21,4.48,4.87,4.39,4.86,896786,36187720.00
2010-05-24,4.86,5.10,4.86,4.92,1078336,45684764.00
2010-05-25,4.90,5.04,4.87,4.96,738021,31227608.00
2010-05-26,5.01,5.01,4.89,4.99,414339,17543902.00
2010-05-27,5.03,5.09,4.92,5.09,574093,24613850.00
2010-05-28,5.10,5.36,5.05,5.17,497165,21962898.00
2010-05-31,5.16,5.24,4.89,4.89,651344,28320288.00
2010-06-01,4.86,4.86,4.67,4.78,862850,34939596.00
2010-06-02,4.78,4.96,4.73,4.89,345596,14307942.00
2010-06-03,4.89,5.04,4.88,4.88,394914,16758424.00
2010-06-04,4.83,4.98,4.82,4.97,352122,14724298.00
2010-06-07,4.87,5.21,4.82,5.16,863554,37439088.00
2010-06-08,5.16,5.40,5.16,5.36,784195,35396100.00
2010-06-09,5.37,5.52,5.37,5.42,652566,30137334.00
2010-06-10,5.36,5.58,5.36,5.57,584555,27179224.00
2010-06-11,5.55,5.79,5.51,5.54,583153,27875990.00
2010-06-17,5.58,5.69,5.30,5.34,437170,20616394.00
2010-06-18,5.42,5.58,5.17,5.23,557089,25216922.00
2010-06-21,5.24,5.53,5.04,5.48,508500,22982480.00
2010-06-22,5.48,5.62,5.45,5.52,280364,13156464.00
2010-06-23,5.52,5.66,5.36,5.57,283637,13243232.00
2010-06-24,5.54,5.64,5.40,5.42,303086,14162841.00
2010-06-25,5.34,5.54,5.19,5.19,491494,22108806.00
2010-06-28,5.15,5.33,5.09,5.11,336487,14820499.00
2010-06-29,5.08,5.17,4.80,4.91,555925,23445866.00
2010-06-30,4.94,4.94,4.52,4.78,464052,18795794.00
2010-07-01,4.71,4.80,4.57,4.62,287615,11556295.00
2010-07-02,4.63,4.71,4.53,4.65,847787,33416962.00
2010-07-05,4.64,4.70,4.31,4.67,409115,15904242.00
2010-07-06,4.61,4.87,4.61,4.81,256809,10544313.00
2010-07-07,4.80,4.87,4.77,4.84,124444,5139883.00
2010-07-08,4.86,5.02,4.84,4.94,256528,10809838.00
2010-07-09,4.94,5.09,4.89,5.00,208058,8863033.00
2010-07-12,5.04,5.04,4.83,4.83,362748,15337887.00
2010-07-13,4.86,4.98,4.65,4.84,536042,22100516.00
2010-07-14,4.84,4.84,4.71,4.78,290679,11869639.00
2010-07-15,4.73,4.78,4.42,4.48,325544,12897808.00
2010-07-16,4.42,4.54,4.29,4.53,389126,14845761.00
2010-07-19,4.42,4.60,4.42,4.54,332167,12845795.00
2010-07-20,4.59,4.72,4.54,4.69,251558,10044438.00
2010-07-21,4.73,4.82,4.69,4.76,354404,14460876.00
2010-07-22,4.74,4.84,4.72,4.84,309617,12700455.00
2010-07-23,4.83,4.91,4.72,4.78,295000,12050231.00
2010-07-26,4.79,4.89,4.78,4.88,255128,10549576.00
2010-07-27,4.88,4.90,4.82,4.83,250510,10372651.00
2010-07-28,4.83,4.90,4.77,4.88,344075,14341312.00
2010-07-29,4.89,5.01,4.88,4.90,317229,13390355.00
2010-07-30,4.90,5.04,4.83,5.03,405482,17017924.00
2010-08-02,4.95,5.57,4.95,5.57,1193548,54866148.00
2010-08-03,5.59,5.73,5.48,5.50,862059,41013240.00
2010-08-04,5.43,5.58,5.38,5.54,486221,22625212.00
2010-08-05,5.42,6.04,5.42,5.82,1015109,49899196.00
2010-08-06,5.81,5.97,5.74,5.92,507344,25151198.00
2010-08-09,5.98,6.02,5.87,5.91,574749,28776076.00
2010-08-10,5.89,5.92,5.65,5.67,648631,31560442.00
2010-08-11,5.67,5.75,5.57,5.67,288323,13824488.00
2010-08-12,5.65,5.77,5.58,5.61,332825,15940366.00
2010-08-13,5.65,5.82,5.57,5.80,635545,30520598.00
2010-08-16,5.81,5.91,5.63,5.82,1173239,56960636.00
2010-08-17,5.67,5.85,5.59,5.67,1257357,60303440.00
2010-08-18,5.67,5.73,5.62,5.70,927569,44634044.00
2010-08-19,5.70,6.09,5.67,5.88,985620,48865252.00
2010-08-20,5.89,5.97,5.79,5.84,644646,32076680.00
2010-08-23,5.97,5.97,5.69,5.75,356717,17483696.00
2010-08-24,5.75,6.00,5.66,5.98,664149,33025300.00
2010-08-25,5.94,6.01,5.81,5.83,362641,18031828.00
2010-08-26,5.83,5.89,5.73,5.77,497625,24322244.00
2010-08-27,5.78,5.79,5.61,5.69,488902,23529590.00
2010-08-30,5.71,6.30,5.69,6.26,1338726,67315064.00
2010-08-31,6.13,6.25,6.09,6.25,704402,36568480.00
2010-09-01,6.14,6.28,6.00,6.07,954640,48860780.00
2010-09-02,6.11,6.52,6.04,6.39,883642,47157628.00
2010-09-03,6.35,6.46,6.17,6.41,609156,32459032.00
2010-09-06,6.36,6.47,6.15,6.22,606982,31957074.00
2010-09-07,6.22,6.22,5.94,6.07,646911,33064506.00
2010-09-08,6.05,6.10,5.95,6.10,598147,30398550.00
2010-09-09,6.09,6.23,5.86,5.93,617956,31260650.00
2010-09-10,5.90,5.99,5.86,5.94,358700,17891332.00
2010-09-13,5.97,6.17,5.97,6.12,515535,26571984.00
2010-09-14,6.15,6.15,6.00,6.02,407539,20904280.00
2010-09-15,6.02,6.09,5.77,5.83,545848,27148042.00
2010-09-16,5.83,5.85,5.52,5.60,561713,26900022.00
2010-09-17,5.60,5.87,5.60,5.74,549044,26848982.00
2010-09-20,5.79,5.98,5.61,5.74,633071,31395274.00
2010-09-21,5.76,5.88,5.68,5.79,124111,6057571.00
2010-09-27,5.86,5.99,5.74,5.98,332858,16612651.00
2010-09-28,5.98,5.98,5.86,5.91,180866,9037098.00
2010-09-29,5.98,5.98,5.73,5.73,373575,18222302.00
2010-09-30,5.77,5.90,5.68,5.83,197158,9724632.00
2010-10-08,5.84,6.02,5.84,5.91,380671,19053042.00
2010-10-11,5.86,5.90,5.67,5.69,600438,29259584.00
2010-10-12,5.67,5.73,5.61,5.62,524665,25072620.00
2010-10-13,5.66,5.66,5.41,5.44,771122,35735620.00
2010-10-15,5.29,5.34,5.02,5.03,1244863,54206312.00
2010-10-18,5.01,5.01,4.77,4.90,1002705,41514328.00
2010-10-19,4.91,5.34,4.91,5.27,731907,32181264.00
2010-10-20,5.23,5.41,5.11,5.23,1115308,49366840.00
2010-10-21,5.24,5.24,5.04,5.17,667177,29166064.00
2010-10-22,5.17,5.27,5.12,5.26,519843,23082920.00
2010-10-25,5.32,5.54,5.32,5.49,725405,33663196.00
2010-10-26,5.49,5.53,5.37,5.50,473200,21778764.00
2010-10-27,5.51,5.53,5.41,5.42,389358,18117938.00
2010-10-28,5.44,5.48,5.28,5.40,310615,14161946.00
2010-10-29,5.42,5.61,5.36,5.59,635670,29820648.00
2010-11-01,5.65,5.84,5.61,5.83,1003596,48789048.00
2010-11-02,5.82,5.85,5.67,5.68,544691,26493290.00
2010-11-03,5.67,5.80,5.49,5.60,383907,18264408.00
2010-11-04,5.60,5.70,5.52,5.66,308626,14660613.00
2010-11-05,5.71,5.78,5.52,5.64,332093,15746101.00
2010-11-08,5.69,5.89,5.61,5.79,761784,37224032.00
2010-11-09,5.87,5.87,5.63,5.72,565994,27405356.00
2010-11-10,5.77,6.01,5.67,5.92,1339476,66820884.00
2010-11-11,5.88,6.01,5.76,5.79,896871,44964480.00
2010-11-12,5.74,5.74,5.18,5.19,1181462,54730512.00
2010-11-15,5.19,5.42,5.12,5.41,804747,36274980.00
2010-11-16,5.42,5.62,5.40,5.57,1147466,53732080.00
2010-11-17,5.46,5.51,5.28,5.29,369047,16927568.00
2010-11-18,5.41,5.45,5.26,5.42,204956,9362061.00
2010-11-19,5.48,5.68,5.43,5.68,602721,28602626.00
2010-11-22,5.73,6.14,5.73,5.92,1123862,56266160.00
2010-11-23,6.04,6.08,5.84,5.95,776501,38839872.00
2010-11-24,5.93,6.08,5.89,6.08,921369,46751408.00
2010-11-25,6.06,6.20,5.87,6.00,672544,34259976.00
2010-11-26,5.97,6.14,5.92,6.03,669590,34291992.00
2010-11-29,6.04,6.36,6.03,6.29,885971,46839512.00
2010-11-30,6.29,6.33,5.78,6.08,798978,40730384.00
2010-12-01,5.95,6.08,5.94,6.04,343814,17449596.00
2010-12-02,6.09,6.19,6.02,6.08,452144,23216306.00
2010-12-03,6.08,6.08,5.79,5.92,474823,23592746.00
2010-12-06,5.86,5.93,5.66,5.68,479036,23312040.00
2010-12-07,5.68,5.78,5.54,5.73,486699,23455892.00
2010-12-08,5.73,5.77,5.67,5.69,432368,20943530.00
2010-12-09,5.59,5.73,5.58,5.65,199180,9524753.00
2010-12-10,5.65,5.81,5.62,5.80,406284,19734878.00
2010-12-13,5.80,6.04,5.80,5.99,857186,43026100.00
2010-12-14,5.99,6.02,5.94,6.02,402553,20330934.00
2010-12-15,6.02,6.13,5.93,5.97,293984,14916535.00
2010-12-16,5.97,6.19,5.97,6.12,572194,29480214.00
2010-12-17,6.13,6.13,6.06,6.11,256730,13185794.00
2010-12-20,6.12,6.20,5.83,6.00,550970,27757134.00
2010-12-21,5.98,6.03,5.94,6.01,402304,20331140.00
2010-12-22,6.01,6.05,5.82,5.83,384280,19145406.00
2010-12-23,5.79,5.79,5.58,5.62,418525,20222134.00
2010-12-24,5.59,5.60,5.40,5.42,521706,24198460.00
2010-12-27,5.45,5.66,5.24,5.27,863844,39604304.00
2010-12-28,5.25,5.27,5.04,5.17,538075,23605536.00
2010-12-29,5.13,5.23,5.13,5.23,477218,21036764.00
2010-12-30,5.21,5.24,5.09,5.13,811377,35464404.00
2010-12-31,5.15,5.28,5.13,5.27,545903,24243046.00
2011-01-04,5.29,5.29,5.17,5.23,1355336,59962524.00
2011-01-05,5.21,5.23,5.06,5.23,872409,38215848.00
2011-01-06,5.27,5.71,5.27,5.52,2679083,125106600.00
2011-01-07,5.42,5.46,5.34,5.38,796127,36498920.00
2011-01-10,5.38,5.41,5.04,5.13,781988,34709684.00
2011-01-11,5.11,5.11,4.86,5.02,538409,22846532.00
2011-01-12,5.03,5.14,5.01,5.09,227813,9852942.00
2011-01-13,5.16,5.16,4.92,4.95,493446,20985144.00
2011-01-14,4.94,4.94,4.79,4.82,321497,13287294.00
2011-01-17,4.80,4.80,4.51,4.54,531166,21062470.00
2011-01-18,4.45,4.60,4.42,4.51,328600,12757323.00
2011-01-19,4.51,4.67,4.51,4.64,391510,15461618.00
2011-01-20,4.64,4.64,4.38,4.38,817414,31384170.00
2011-01-21,4.35,4.44,4.31,4.36,714600,26858878.00
2011-01-24,4.39,4.46,4.28,4.29,460207,17181688.00
2011-01-25,4.28,4.32,4.25,4.31,249373,9179273.00
2011-01-26,4.33,4.40,4.29,4.36,501156,18804464.00
2011-01-27,4.36,4.46,4.30,4.40,641441,24372396.00
2011-01-28,4.42,4.47,4.37,4.43,387008,14707839.00
2011-01-31,4.43,4.55,4.39,4.54,737049,28509486.00
2011-02-01,4.54,4.54,4.41,4.45,595419,22744886.00
2011-02-09,4.42,4.47,4.36,4.36,465866,17612122.00
2011-02-10,4.39,4.49,4.36,4.49,697404,26607166.00
2011-02-11,4.49,4.64,4.49,4.61,1144761,45024564.00
2011-02-14,4.64,4.71,4.62,4.67,1021753,40841832.00
2011-02-15,4.71,4.71,4.64,4.67,935625,37401640.00
2011-02-16,4.66,4.72,4.63,4.72,555823,22331096.00
2011-02-17,4.71,4.87,4.69,4.84,801433,33027522.00
2011-02-18,4.77,4.83,4.68,4.72,485573,19667302.00
2011-02-21,4.67,4.87,4.67,4.84,468956,19165556.00
2011-02-22,4.85,4.92,4.67,4.67,659378,26745864.00
2011-02-23,4.65,4.79,4.61,4.79,585155,23457908.00
2011-02-24,4.77,4.86,4.70,4.82,477250,19537032.00
2011-02-25,4.92,4.97,4.82,4.82,691830,28931576.00
2011-02-28,4.88,4.89,4.79,4.84,274122,11324454.00
2011-03-01,4.84,4.85,4.74,4.81,823277,33743636.00
2011-03-02,4.81,4.81,4.66,4.69,670221,26963536.00
2011-03-03,4.71,4.76,4.64,4.65,589082,23764274.00
2011-03-04,4.65,4.73,4.63,4.72,267728,10722828.00
2011-03-07,4.73,4.76,4.68,4.70,405753,16335656.00
2011-03-08,4.71,4.77,4.67,4.74,348238,14061026.00
2011-03-09,4.77,4.77,4.69,4.74,424605,17199752.00
2011-03-10,4.76,4.83,4.71,4.78,571603,23375090.00
2011-03-11,4.75,4.87,4.73,4.81,517586,21352274.00
2011-03-14,4.84,4.84,4.70,4.75,636949,25813332.00
2011-03-15,4.72,4.74,4.55,4.62,457237,18148810.00
2011-03-16,4.62,4.66,4.59,4.64,335885,13331581.00
2011-03-17,4.64,4.66,4.54,4.55,446484,17620230.00
2011-03-18,4.55,4.69,4.55,4.69,819193,32503630.00
2011-03-21,4.73,4.73,4.55,4.70,326048,13054282.00
2011-03-22,4.67,4.72,4.62,4.64,314145,12513007.00
2011-03-23,4.64,4.68,4.64,4.66,240546,9615254.00
2011-03-24,4.70,4.70,4.64,4.66,184880,7390309.00
2011-03-25,4.69,4.69,4.65,4.67,191844,7674457.50
2011-03-28,4.68,4.68,4.57,4.58,311425,12335196.00
2011-03-29,4.58,4.60,4.29,4.32,629848,23876690.00
2011-03-30,4.37,4.37,4.26,4.27,524797,19351882.00
2011-03-31,4.27,4.29,4.24,4.27,372334,13676341.00
2011-04-01,4.29,4.37,4.26,4.36,263718,9795274.00
2011-04-07,4.34,4.34,4.17,4.31,387273,14221348.00
2011-04-08,4.30,4.41,4.27,4.39,323797,12196607.00
2011-04-11,4.39,4.42,4.35,4.35,300278,11313239.00
2011-04-12,4.34,4.34,4.21,4.24,250719,9241518.00
2011-04-13,4.25,4.31,4.23,4.29,129155,4757500.00
2011-04-14,4.32,4.49,4.29,4.45,466000,17753342.00
2011-04-15,4.43,4.44,4.36,4.43,217675,8230178.50
2011-04-18,4.39,4.43,4.36,4.37,189267,7157360.50
2011-04-19,4.34,4.34,4.24,4.28,225616,8329250.00
2011-04-20,4.28,4.34,4.22,4.31,229110,8428118.00
2011-04-21,4.31,4.33,4.28,4.31,263548,9762357.00
2011-04-22,4.31,4.32,4.27,4.29,164179,6073121.00
2011-04-25,4.29,4.33,4.25,4.26,202096,7456733.00
2011-04-26,4.26,4.32,4.24,4.25,265222,9747966.00
2011-04-27,4.36,4.70,4.35,4.70,3282523,131446112.00
2011-04-28,4.71,4.71,4.52,4.52,1494113,58995408.00
2011-04-29,4.49,4.62,4.40,4.58,797521,31016236.00
2011-05-03,4.58,4.67,4.57,4.64,710207,28138420.00
2011-05-04,4.64,4.65,4.49,4.53,502076,19591708.00
2011-05-05,4.53,4.67,4.49,4.63,604224,23850864.00
2011-05-06,4.57,4.79,4.52,4.74,865152,34801136.00
2011-05-09,4.74,4.82,4.67,4.74,850618,34547772.00
2011-05-10,4.74,4.81,4.67,4.69,509989,20565058.00
2011-05-11,4.69,4.74,4.59,4.74,633404,25299570.00
2011-05-12,4.66,4.70,4.59,4.59,428644,17078938.00
2011-05-13,4.59,4.63,4.50,4.56,395553,15443758.00
2011-05-16,4.56,4.77,4.53,4.72,841196,33831716.00
2011-05-17,4.69,4.78,4.66,4.71,697827,28258792.00
2011-05-19,4.74,4.85,4.69,4.69,665296,27196126.00
2011-05-20,4.71,4.71,4.59,4.63,306161,12146579.00
2011-05-23,4.63,4.66,4.37,4.38,556369,21439990.00
2011-05-24,4.41,4.41,4.19,4.29,443734,16307275.00
2011-05-25,4.29,4.31,4.11,4.14,405049,14717094.00
2011-05-26,4.19,4.23,4.09,4.21,363672,13080380.00
2011-05-27,4.19,4.19,4.00,4.09,319551,11260370.00
2011-05-30,4.09,4.09,3.97,3.97,289445,10050104.00
2011-05-31,3.98,4.06,3.97,4.05,177437,6155804.00
2011-06-01,4.04,4.09,4.01,4.08,119990,4218560.00
2011-06-02,4.04,4.04,3.84,3.91,207970,7138333.50
2011-06-03,3.91,3.99,3.82,3.99,197370,6748235.50
2011-06-07,3.97,4.03,3.97,4.02,204730,7113152.00
2011-06-08,4.03,4.03,3.90,4.00,211059,7228205.50
2011-06-09,3.97,3.98,3.89,3.89,183000,6237435.50
2011-06-10,3.85,3.90,3.83,3.89,137967,4629357.00
2011-06-13,3.86,3.98,3.85,3.98,176864,6021758.00
2011-06-14,3.98,4.10,3.93,4.10,309157,10840529.00
2011-06-15,4.08,4.42,4.06,4.28,914308,33794456.00
2011-06-16,4.19,4.35,4.19,4.28,449226,16608938.00
2011-06-17,4.27,4.35,4.23,4.28,262672,9727301.00
2011-06-20,4.28,4.34,4.05,4.19,408903,14958642.00
2011-06-21,4.15,4.24,4.01,4.12,460880,8081801.50
2011-06-22,4.06,4.20,4.04,4.07,326438,5724246.00
2011-06-23,4.10,4.15,4.00,4.13,513758,9042732.00
2011-06-24,4.14,4.25,4.10,4.21,975161,17458716.00
2011-06-27,4.16,4.66,4.16,4.52,2036972,39302708.00
2011-06-28,4.46,4.54,4.44,4.54,1089055,20906846.00
2011-06-29,4.50,4.66,4.46,4.46,995709,19379294.00
2011-06-30,4.52,4.52,4.46,4.47,618524,11818521.00
2011-07-01,4.52,4.57,4.38,4.41,792425,15181648.00
2011-07-04,4.43,4.53,4.43,4.53,857544,16413137.00
2011-07-05,4.51,4.62,4.51,4.58,1080292,21002314.00
2011-07-06,4.51,4.60,4.46,4.59,808949,15641130.00
2011-07-07,4.59,4.78,4.54,4.65,1687492,33492564.00
2011-07-08,4.65,4.67,4.51,4.57,673346,13107942.00
2011-07-11,4.52,4.63,4.48,4.57,869173,16881752.00
2011-07-12,4.51,4.57,4.46,4.47,722513,13894165.00
2011-07-13,4.47,4.58,4.46,4.57,1215011,23465762.00
2011-07-14,4.68,5.06,4.68,5.06,5684609,118499872.00
2011-07-15,5.16,5.30,5.11,5.28,7031840,154997680.00
2011-07-18,5.26,5.46,5.17,5.46,4576851,102197600.00
2011-07-19,5.43,5.43,5.26,5.26,2493003,55859688.00
2011-07-20,5.28,5.33,5.11,5.18,1950084,42676664.00
2011-07-21,5.18,5.28,5.13,5.20,1562414,34317696.00
2011-07-22,5.19,5.26,5.05,5.24,1621822,35445268.00
2011-07-25,5.20,5.24,4.83,5.07,1839826,39180532.00
2011-07-26,5.01,5.03,4.71,5.03,996503,20867912.00
2011-07-27,4.98,5.17,4.89,5.16,1244730,26787360.00
2011-07-28,5.09,5.23,5.05,5.17,1498478,32562432.00
2011-07-29,5.17,5.20,4.96,5.05,1276288,27328482.00
2011-08-01,5.05,5.10,4.96,5.08,509603,10885600.00
2011-08-02,5.09,5.09,4.91,4.95,1130742,23868130.00
2011-08-03,4.88,5.01,4.80,4.91,1157326,24152414.00
2011-08-04,4.91,5.00,4.83,4.85,767454,15962401.00
2011-08-05,4.71,4.73,4.49,4.68,1210397,24077942.00
2011-08-08,4.56,4.65,4.33,4.43,1313026,25054916.00
2011-08-09,4.33,4.54,4.21,4.46,892951,16762058.00
2011-08-10,4.49,4.62,4.49,4.49,1085212,20937156.00
2011-08-11,4.36,4.61,4.33,4.61,976426,18711200.00
2011-08-12,4.64,4.81,4.60,4.69,1134830,22665656.00
2011-08-15,4.71,4.85,4.67,4.83,1364257,27847146.00
2011-08-16,4.85,4.86,4.71,4.73,850456,17266824.00
2011-08-17,4.73,4.88,4.69,4.85,800936,16269892.00
2011-08-18,4.80,4.84,4.68,4.73,616468,12379659.00
2011-08-19,4.64,4.76,4.51,4.76,582507,11432888.00
2011-08-22,4.71,4.78,4.66,4.70,527059,10576965.00
2011-08-23,4.70,5.08,4.68,5.03,1079898,22294208.00
2011-08-24,5.03,5.18,4.97,5.13,1720456,37075908.00
2011-08-25,5.12,5.21,5.01,5.19,1090330,23682270.00
2011-08-26,5.12,5.17,5.08,5.10,634352,13753092.00
2011-08-29,5.04,5.14,5.04,5.07,430107,9246166.00
2011-08-30,5.17,5.17,4.96,4.98,483985,10375399.00
2011-08-31,4.96,5.01,4.81,4.85,485326,10044653.00
2011-09-01,4.89,4.94,4.81,4.83,342892,7083705.00
2011-09-02,4.88,5.08,4.81,5.08,1028468,21675488.00
2011-09-05,5.03,5.18,5.01,5.11,1461347,31618902.00
2011-09-06,5.03,5.03,4.67,4.67,1281964,26188764.00
2011-09-07,4.70,4.88,4.58,4.84,842898,16964872.00
2011-09-08,4.88,4.88,4.80,4.83,450082,9219960.00
2011-09-09,4.83,4.88,4.71,4.74,237135,4807325.50
2011-09-13,4.68,4.73,4.58,4.69,167216,3322964.75
2011-09-14,4.82,4.88,4.69,4.83,247382,5020749.50
2011-09-15,4.83,4.92,4.74,4.82,294276,6077629.00
2011-09-16,4.84,4.96,4.83,4.96,517349,10759460.00
2011-09-19,4.94,5.11,4.93,4.98,1090742,23202176.00
2011-09-20,4.91,5.03,4.89,4.99,442789,9305997.00
2011-09-21,5.00,5.11,5.00,5.11,1245472,26803600.00
2011-09-22,5.11,5.15,4.88,4.88,1122841,23727410.00
2011-09-23,4.77,4.96,4.71,4.87,496673,10223629.00
2011-09-26,4.74,4.88,4.71,4.72,470047,9502116.00
2011-09-27,4.78,4.85,4.74,4.77,274626,5572389.00
2011-09-28,4.81,4.84,4.66,4.67,226804,4559094.00
2011-09-29,4.67,4.67,4.54,4.54,297768,5815771.00
2011-09-30,4.62,4.64,4.46,4.55,282589,5481168.50
2011-10-10,4.55,4.64,4.55,4.57,131621,2565083.50
2011-10-11,4.75,4.75,4.46,4.48,237863,4623222.50
2011-10-12,4.47,4.69,4.38,4.69,256390,5000023.00
2011-10-13,4.64,4.78,4.64,4.74,377802,7607261.50
2011-10-14,4.74,4.89,4.73,4.89,647417,13214962.00
2011-10-17,4.89,5.08,4.86,5.02,1351152,28503422.00
2011-10-18,4.96,4.99,4.87,4.87,618269,12911877.00
2011-10-19,4.87,4.96,4.71,4.77,522664,10740224.00
2011-10-20,4.75,4.83,4.63,4.73,468678,9391052.00
2011-10-21,4.77,4.78,4.58,4.65,330582,6592596.50
2011-10-24,4.62,4.73,4.62,4.68,746698,14862586.00
2011-10-25,4.68,4.76,4.46,4.75,1228359,24167366.00
2011-10-26,4.71,4.88,4.59,4.78,837297,16947608.00
2011-10-27,4.76,4.90,4.73,4.73,549849,11190972.00
2011-10-28,4.80,4.97,4.74,4.95,1274804,26266906.00
2011-10-31,4.96,5.05,4.91,5.04,1156695,24398788.00
2011-11-01,5.01,5.18,4.93,5.03,1530595,32815134.00
2011-11-02,4.96,5.28,4.87,5.26,1665863,35809264.00
2011-11-03,5.28,5.45,5.20,5.20,2702166,60689112.00
2011-11-04,5.25,5.33,5.16,5.21,1296094,28620020.00
2011-11-07,5.22,5.29,5.13,5.16,789871,17422954.00
2011-11-08,5.16,5.29,5.13,5.15,709703,15634686.00
2011-11-09,5.21,5.58,5.21,5.49,2894823,66373816.00
2011-11-10,5.41,5.53,5.38,5.40,1866882,42834124.00
2011-11-11,5.41,5.44,5.33,5.42,1157118,26360590.00
2011-11-14,5.46,5.69,5.46,5.64,2019469,47924980.00
2011-11-15,5.70,5.80,5.57,5.58,1649208,39282456.00
2011-11-16,5.56,5.65,5.31,5.35,1490700,34434776.00
2011-11-17,5.41,5.54,5.37,5.45,1390974,32091184.00
2011-11-18,5.36,5.41,5.21,5.25,1112869,24734506.00
2011-11-21,5.21,5.51,5.19,5.49,1307362,29474430.00
2011-11-22,5.45,5.83,5.41,5.71,2967752,70569392.00
2011-11-23,5.71,5.76,5.59,5.66,991516,23692370.00
2011-11-24,5.60,5.71,5.58,5.67,815227,19423698.00
2011-11-25,5.64,5.67,5.43,5.45,1668594,38648824.00
2011-11-28,5.41,5.57,5.39,5.52,860607,19849220.00
2011-11-29,5.55,5.61,5.52,5.56,829879,19424562.00
2011-11-30,5.55,5.60,5.28,5.33,842067,19180478.00
2011-12-01,5.48,5.88,5.47,5.82,2574669,61955376.00
2011-12-02,5.74,5.80,5.57,5.64,1357080,32414590.00
2011-12-05,5.57,5.63,5.40,5.46,982892,22670608.00
2011-12-06,5.47,5.59,5.36,5.54,958954,22221652.00
2011-12-07,5.51,5.55,5.23,5.34,1060366,23963050.00
2011-12-08,5.27,5.45,5.27,5.28,665628,15008357.00
2011-12-09,5.22,5.36,5.22,5.25,472593,10516824.00
2011-12-12,5.26,5.35,5.23,5.30,501453,11181782.00
2011-12-13,5.25,5.30,5.09,5.20,570411,12465004.00
2011-12-14,5.14,5.27,5.14,5.16,444346,9745666.00
2011-12-15,5.11,5.16,4.93,5.13,1159826,24737624.00
2011-12-16,5.11,5.26,5.02,5.25,466692,10099891.00
2011-12-19,5.16,5.21,5.08,5.18,354075,7689681.50
2011-12-20,5.21,5.28,5.16,5.17,471305,10386661.00
2011-12-21,5.22,5.25,4.96,4.99,462244,9991052.00
2011-12-22,4.93,4.98,4.76,4.84,477235,9784949.00
2011-12-23,4.88,4.93,4.79,4.88,274189,5661145.50
2011-12-26,4.82,4.93,4.81,4.83,141544,2927800.00
2011-12-27,4.78,4.87,4.63,4.67,461361,9255342.00
2011-12-28,4.68,4.68,4.58,4.67,288396,5657625.50
2011-12-29,4.68,4.68,4.61,4.64,115930,2288561.50
2011-12-30,4.63,4.76,4.63,4.76,235870,4739937.00
2012-01-04,4.76,4.84,4.61,4.61,311200,6258801.00
2012-01-05,4.54,4.54,4.12,4.13,654565,11895384.00
2012-01-06,4.11,4.23,3.96,4.13,285890,5028865.50
2012-01-09,4.02,4.28,3.92,4.24,684446,12231539.00
2012-01-10,4.23,4.44,4.21,4.41,626134,11641555.00
2012-01-11,4.41,4.51,4.36,4.46,432847,8175289.00
2012-01-12,4.41,4.48,4.31,4.46,532932,9996608.00
2012-01-13,4.36,4.45,4.22,4.22,326070,5967594.50
2012-01-16,4.33,4.33,4.06,4.07,655352,11919929.00
2012-01-17,4.07,4.38,4.07,4.33,911907,16462833.00
2012-01-18,4.33,4.54,4.32,4.36,949589,17891898.00
2012-01-19,4.38,4.45,4.30,4.39,419842,7846971.00
2012-01-20,4.39,4.57,4.39,4.54,547254,10525095.00
2012-01-30,4.55,4.66,4.41,4.49,390631,7583492.50
2012-01-31,4.46,4.54,4.43,4.47,254933,4845425.00
2012-02-01,4.46,4.56,4.39,4.47,266682,5117728.50
2012-02-02,4.52,4.53,4.48,4.53,490541,9422246.00
2012-02-03,4.60,4.67,4.56,4.63,933654,18387572.00
2012-02-06,4.63,4.82,4.63,4.73,980706,19741160.00
2012-02-07,4.73,4.83,4.68,4.81,942068,19068282.00
2012-02-08,4.81,4.86,4.77,4.84,998044,20430392.00
2012-02-10,4.86,4.94,4.78,4.86,461537,9445542.00
2012-02-13,4.86,4.89,4.74,4.85,664208,13579465.00
2012-02-14,4.81,4.85,4.74,4.79,476619,9675782.00
2012-02-15,4.79,4.99,4.76,4.99,1030205,21327868.00
2012-02-16,4.98,5.07,4.91,4.98,743569,15662382.00
2012-02-17,5.03,5.05,4.87,4.92,300904,6285083.00
2012-02-20,4.99,4.99,4.92,4.95,381315,7995938.00
2012-02-21,4.93,5.05,4.87,5.01,644601,13581342.00
2012-02-22,5.01,5.37,5.01,5.34,1674770,37078088.00
2012-02-23,5.36,5.50,5.31,5.42,970481,22104898.00
2012-02-24,5.42,5.46,5.29,5.41,926777,21018954.00
2012-02-27,5.45,5.82,5.45,5.54,1745600,41302860.00
2012-02-28,5.58,5.83,5.43,5.51,2522013,59739188.00
2012-02-29,5.45,5.74,5.38,5.61,1557535,36842648.00
2012-03-01,5.57,5.95,5.54,5.83,2270922,55498896.00
2012-03-02,5.83,5.97,5.75,5.90,1517733,37241816.00
2012-03-05,5.91,6.52,5.91,6.52,4885292,129750576.00
2012-03-06,6.71,6.82,6.42,6.58,6748533,186232528.00
2012-03-07,6.49,6.63,6.42,6.50,3143422,85419320.00
2012-03-08,6.46,6.56,6.39,6.51,2278391,61723772.00
2012-03-09,6.51,6.57,6.43,6.54,1806290,49105368.00
2012-03-12,6.56,6.69,6.52,6.58,2346555,64776928.00
2012-03-13,6.58,6.61,6.40,6.48,2039963,55139480.00
2012-03-14,6.53,6.92,6.18,6.25,5499788,151459520.00
2012-03-15,6.21,6.39,6.12,6.21,2430612,63413636.00
2012-03-16,6.21,6.30,6.11,6.30,2136115,55491912.00
2012-03-19,6.31,6.56,6.23,6.55,2283083,61275268.00
2012-03-20,6.51,6.56,6.31,6.32,1497187,40046296.00
2012-03-21,6.32,6.47,6.16,6.41,1902334,50384456.00
2012-03-22,6.37,6.66,6.37,6.56,2126846,58244644.00
2012-03-23,6.46,6.54,5.88,5.92,2917527,74866568.00
2012-03-26,5.92,6.01,5.78,5.93,1036664,25755408.00
2012-03-27,5.98,6.15,5.93,6.00,1896123,48182036.00
2012-03-29,5.54,5.95,5.54,5.68,1864148,45136748.00
2012-03-30,5.68,5.74,5.47,5.62,866661,20396612.00
2012-04-05,5.63,6.03,5.63,6.00,1207226,29716984.00
2012-04-06,5.99,5.99,5.91,5.98,902805,22515906.00
2012-04-09,6.00,6.12,5.89,6.06,912712,23080498.00
2012-04-10,6.04,6.07,5.77,6.04,871717,21674378.00
2012-04-11,5.93,6.15,5.88,6.10,870423,21921912.00
2012-04-12,6.10,6.16,5.98,6.13,918574,23501668.00
2012-04-13,6.13,6.37,6.11,6.24,1237881,32653426.00
2012-04-16,6.23,6.23,6.14,6.16,570211,14764675.00
2012-04-17,6.16,6.22,6.00,6.01,554236,14089394.00
2012-04-18,6.04,6.20,5.98,6.09,1062857,27224506.00
2012-04-19,6.09,6.15,5.93,6.04,695807,17572822.00
2012-04-20,6.05,6.14,5.98,6.12,564314,14323111.00
2012-04-23,6.12,6.12,5.71,5.74,1279565,31377244.00
2012-04-24,5.70,5.86,5.64,5.83,813075,19756888.00
2012-04-25,5.83,5.87,5.73,5.86,485867,11897333.00
2012-04-26,5.89,5.91,5.78,5.79,456458,11170935.00
2012-04-27,5.78,5.83,5.66,5.67,737900,17828486.00
2012-05-02,5.76,5.94,5.71,5.88,1013365,24940280.00
2012-05-03,5.89,6.25,5.89,6.18,1411243,36086536.00
2012-05-07,6.33,6.56,6.21,6.51,2407291,64932700.00
2012-05-08,6.52,6.52,6.36,6.41,1246155,33487146.00
2012-05-09,6.36,6.37,6.14,6.17,1072992,28111170.00
2012-05-10,6.13,6.29,6.06,6.20,924595,23948198.00
2012-05-11,6.14,6.36,6.14,6.21,758466,19924260.00
2012-05-14,6.31,6.35,6.03,6.04,1156425,30009544.00
2012-05-15,5.96,6.03,5.91,6.03,841263,21023630.00
2012-05-16,6.15,6.20,5.95,5.96,1358859,34762116.00
2012-05-17,5.94,6.04,5.73,5.92,937197,23190120.00
2012-05-18,5.83,5.95,5.71,5.76,784901,19209402.00
2012-05-21,5.72,6.15,5.72,6.06,1618233,40918820.00
2012-05-22,6.06,6.14,5.93,6.04,1316830,33321104.00
2012-05-23,6.05,6.05,5.80,5.96,1336831,16486130.00
2012-05-25,5.93,5.99,5.69,5.80,795673,9709778.00
2012-05-28,5.75,5.92,5.67,5.90,904783,10947318.00
2012-05-29,5.94,6.14,5.86,6.00,1495751,18694082.00
2012-05-30,6.01,6.13,5.69,5.75,3866605,47048944.00
2012-05-31,5.70,5.90,5.67,5.84,1486710,18051596.00
2012-06-01,5.84,6.10,5.81,5.94,2298587,28777402.00
2012-06-04,5.86,5.86,5.71,5.76,1614802,19456516.00
2012-06-05,5.77,5.83,5.66,5.71,961302,11445619.00
2012-06-06,5.71,5.79,5.69,5.71,571761,6824980.00
2012-06-07,5.78,5.83,5.59,5.63,720011,8535400.00
2012-06-08,5.68,5.70,5.50,5.62,987256,11560158.00
2012-06-11,5.62,5.72,5.53,5.67,878813,10329018.00
2012-06-13,5.68,6.26,5.66,6.26,3953920,50155272.00
2012-06-14,6.46,6.54,6.26,6.38,6990241,92422192.00
2012-06-15,6.36,6.39,6.11,6.22,4147087,53772232.00
2012-06-18,6.28,6.35,6.19,6.34,3510378,45760628.00
2012-06-19,6.33,6.33,6.17,6.24,2120241,27450462.00
2012-06-20,6.21,6.47,6.17,6.30,2880583,37722732.00
2012-06-21,6.32,6.37,6.15,6.20,1978863,25687176.00
2012-06-25,6.15,6.30,6.13,6.26,1940477,25136664.00
2012-06-26,6.18,6.33,5.64,5.74,4806958,58602856.00
2012-06-27,5.96,6.34,5.89,6.34,7200209,93295496.00
2012-06-28,6.34,6.43,6.21,6.29,7860198,103247088.00
2012-06-29,6.29,6.29,5.81,6.05,4896800,60989220.00
2012-07-02,6.10,6.68,6.00,6.50,8399100,112279752.00
2012-07-03,6.45,6.75,6.45,6.75,8455981,116199416.00
2012-07-04,6.75,6.75,6.56,6.70,4239634,58457784.00
2012-07-05,6.71,6.71,6.44,6.61,3057455,41611796.00
2012-07-06,6.63,7.00,6.50,6.87,5366223,75313432.00
2012-07-09,6.86,6.96,6.56,6.57,4211911,59095684.00
2012-07-10,6.51,6.65,6.32,6.34,2999588,40149376.00
2012-07-11,6.34,6.48,6.34,6.46,1524769,20281686.00
2012-07-12,6.45,6.74,6.15,6.70,3810185,50807636.00
2012-07-13,6.61,6.70,6.49,6.54,2399612,32701802.00
2012-07-16,6.59,6.59,6.13,6.13,2854829,37098008.00
2012-07-17,6.11,6.27,5.96,6.16,1924596,24433710.00
2012-07-18,6.07,6.24,6.01,6.24,1229524,15693854.00
2012-07-19,6.25,6.52,6.23,6.40,2565959,34111672.00
2012-07-20,6.33,6.52,6.31,6.35,1657860,22077278.00
2012-07-23,6.35,6.40,6.16,6.24,1294237,16809550.00
2012-07-24,6.17,6.35,6.09,6.27,1253587,16215735.00
2012-07-25,6.22,6.44,6.22,6.23,1284895,16837700.00
2012-07-26,6.26,6.42,6.21,6.32,1634587,21530488.00
2012-07-27,6.37,6.54,6.30,6.50,3264132,43892284.00
2012-07-30,6.56,6.65,6.29,6.35,2439057,32777636.00
2012-07-31,6.26,6.29,5.99,6.00,2165534,27405376.00
2012-08-01,5.91,6.16,5.91,6.08,1014807,12791572.00
2012-08-02,6.01,6.16,6.01,6.08,872621,11069484.00
2012-08-03,6.09,6.70,6.01,6.70,3665725,48996980.00
2012-08-06,6.60,6.83,6.55,6.74,3805706,52744928.00
2012-08-07,6.75,7.12,6.66,6.94,6648173,95308272.00
2012-08-08,6.91,7.09,6.79,7.04,4512731,64769232.00
2012-08-09,7.03,7.18,6.89,7.02,4026355,58531132.00
2012-08-10,7.05,7.11,6.82,6.93,3966503,56886872.00
2012-08-13,6.87,7.16,6.84,6.95,4298706,62438020.00
2012-08-14,6.95,7.09,6.66,7.06,4694311,66594564.00
2012-08-15,6.96,7.08,6.91,6.92,2598790,37522996.00
2012-08-16,6.90,6.95,6.77,6.88,2312902,32832716.00
2012-08-17,6.90,6.92,6.70,6.81,2230493,31402576.00
2012-08-20,6.79,7.09,6.71,7.01,3285067,47096328.00
2012-08-21,7.01,7.48,6.97,7.33,6236398,93852648.00
2012-08-22,7.29,7.41,7.22,7.32,2884234,43390780.00
2012-08-23,7.29,7.57,7.28,7.32,4317092,65941900.00
2012-08-24,7.27,7.27,6.86,6.97,3511005,51464476.00
2012-08-27,6.92,6.92,6.71,6.89,1869237,26388650.00
2012-08-28,6.81,7.06,6.81,7.06,1929125,27762182.00
2012-08-29,7.03,7.05,6.90,6.94,2295258,33064482.00
2012-08-30,6.93,7.01,6.22,6.22,6038491,80945888.00
2012-08-31,6.11,6.33,6.03,6.23,2122469,27263286.00
2012-09-03,6.13,6.40,6.13,6.38,1658226,21748564.00
2012-09-04,6.38,6.47,6.24,6.24,1519919,20025120.00
2012-09-05,6.23,6.37,6.08,6.31,1630283,21186008.00
2012-09-06,6.31,6.48,6.31,6.43,1385430,18437892.00
2012-09-07,6.49,6.78,6.49,6.64,3119190,43021324.00
2012-09-10,6.61,6.92,6.61,6.80,2406242,33940084.00
2012-09-11,6.77,6.92,6.74,6.82,2022796,28631268.00
2012-09-12,6.90,6.90,6.67,6.75,1942907,27196052.00
2012-09-13,6.76,6.78,6.53,6.56,1834055,25193450.00
2012-09-14,6.58,6.80,6.57,6.78,2046877,28496580.00
2012-09-17,6.73,6.88,6.53,6.56,1892916,26341668.00
2012-09-18,6.50,6.58,6.44,6.46,1062449,14306535.00
2012-09-19,6.50,6.54,6.38,6.53,603348,8122201.00
2012-09-20,6.53,6.53,6.12,6.23,1533100,19999512.00
2012-09-21,6.19,6.50,6.16,6.39,1169942,15257882.00
2012-09-24,6.32,6.38,6.22,6.34,1183226,15542737.00
2012-09-25,6.30,6.38,6.21,6.31,546267,7130055.50
2012-09-26,6.23,6.31,5.92,5.94,1403941,17630398.00
2012-09-27,5.96,6.17,5.95,6.15,1200332,15148917.00
2012-09-28,6.11,6.28,6.10,6.26,977071,12595394.00
2012-10-08,6.26,6.35,6.21,6.28,546202,7112560.50
2012-10-09,6.27,6.55,6.27,6.51,1716088,23022630.00
2012-10-10,6.51,6.64,6.45,6.60,1736249,23619090.00
2012-10-11,6.61,6.67,6.43,6.45,972686,13199366.00
2012-10-12,6.46,6.59,6.36,6.44,748259,10001276.00
2012-10-15,6.51,6.52,6.37,6.52,625131,8381008.00
2012-10-16,6.57,6.85,6.49,6.60,2454331,34075904.00
2012-10-17,6.66,6.66,6.47,6.58,989642,13461343.00
2012-10-18,6.56,6.70,6.56,6.63,2217543,30527774.00
2012-10-19,6.69,6.81,6.61,6.67,1815424,25252010.00
2012-10-22,6.63,6.88,6.60,6.84,2212119,31097108.00
2012-10-23,6.92,6.93,6.51,6.51,2938963,40695316.00
2012-10-24,6.51,6.55,6.31,6.35,2399120,31919480.00
2012-10-25,6.39,6.48,6.33,6.34,1028727,13663664.00
2012-10-26,6.39,6.39,6.21,6.28,976405,12738546.00
2012-10-29,6.26,6.40,6.25,6.33,598804,7872719.00
2012-10-30,6.32,6.47,6.32,6.42,911917,12132278.00
2012-10-31,6.39,6.48,6.39,6.48,842612,11260276.00
2012-11-01,6.49,6.56,6.46,6.54,1179034,15939550.00
2012-11-02,6.58,6.58,6.38,6.42,1244979,16620654.00
2012-11-05,6.39,6.44,6.28,6.34,923105,12158030.00
2012-11-06,6.32,6.39,6.21,6.37,1121851,14658296.00
2012-11-07,6.40,6.41,6.29,6.37,517534,6812038.00
2012-11-08,6.35,6.40,5.93,6.01,1936696,24777936.00
2012-11-09,6.03,6.10,5.92,5.94,1294484,16100006.00
2012-11-12,5.98,6.04,5.91,5.98,542847,6725350.00
2012-11-13,5.95,5.95,5.71,5.77,1009813,12163967.00
2012-11-14,5.73,5.83,5.73,5.79,670781,8095463.00
2012-11-15,5.78,5.88,5.71,5.73,790325,9511634.00
2012-11-16,5.68,5.85,5.57,5.80,811261,9570350.00
2012-11-19,5.81,5.81,5.70,5.76,545884,6543244.00
2012-11-20,5.76,5.83,5.66,5.72,317612,3788547.00
2012-11-21,5.70,5.84,5.69,5.79,551949,6611582.50
2012-11-22,5.76,5.76,5.66,5.68,404697,4818646.50
2012-11-23,5.73,5.75,5.66,5.66,329867,3923865.00
2012-11-26,5.63,5.70,5.56,5.57,512382,6009824.50
2012-11-27,5.56,6.13,5.31,6.13,1362165,15601788.00
2012-11-28,5.63,5.75,5.56,5.63,2162936,25565856.00
2012-11-29,5.61,5.61,5.11,5.11,1812650,20269244.00
2012-11-30,5.21,5.23,5.07,5.19,1014632,10962023.00
2012-12-03,5.16,5.16,4.73,4.87,1483832,15304215.00
2012-12-04,4.81,4.86,4.59,4.83,1341201,13333231.00
2012-12-05,4.84,5.13,4.81,5.05,1654974,17348104.00
2012-12-06,5.06,5.06,4.96,4.99,830290,8705117.00
2012-12-07,4.99,5.14,4.96,5.11,964106,10235922.00
2012-12-10,5.14,5.33,5.06,5.28,1366740,14903390.00
2012-12-11,5.28,5.56,5.22,5.39,2424490,27573654.00
2012-12-12,5.35,5.43,5.23,5.31,1005883,11166506.00
2012-12-13,5.31,5.32,5.14,5.21,844805,9213994.00
2012-12-14,5.16,5.43,5.16,5.39,1821012,20373460.00
2012-12-17,5.38,5.42,5.30,5.40,1461110,16367354.00
2012-12-18,5.36,5.47,5.31,5.40,1430852,16118500.00
2012-12-19,5.40,5.43,5.33,5.38,1241887,13962614.00
2012-12-20,5.36,5.40,5.24,5.31,1345665,15011998.00
2012-12-21,5.31,5.49,5.30,5.39,2135918,24088946.00
2012-12-24,5.36,5.58,5.36,5.54,2366195,27206566.00
2012-12-25,5.57,5.70,5.51,5.68,2271622,26674710.00
2012-12-26,5.68,5.75,5.59,5.72,2983597,35189732.00
2012-12-27,5.71,5.78,5.58,5.59,2130930,25296570.00
2012-12-28,5.57,5.75,5.53,5.74,3202952,37615272.00
2012-12-31,5.74,5.83,5.67,5.83,2164171,25982310.00
2013-01-04,5.85,5.88,5.61,5.67,1653554,19673214.00
2013-01-07,5.62,5.91,5.62,5.88,2130651,25729556.00
2013-01-08,5.87,6.22,5.85,6.22,5794098,73601472.00
2013-01-09,6.21,6.22,6.07,6.15,2690190,34408016.00
2013-01-10,6.11,6.28,6.08,6.24,1911595,24667732.00
2013-01-11,6.24,6.31,5.96,6.04,2507415,32105452.00
2013-01-14,6.05,6.27,6.00,6.24,2483968,31740518.00
2013-01-15,6.25,6.65,6.25,6.53,6352940,85747256.00
2013-01-16,6.52,6.61,6.46,6.55,2587812,34954628.00
2013-01-17,6.55,6.60,6.42,6.46,1396366,18754960.00
2013-01-18,6.45,6.64,6.42,6.58,2507766,33920620.00
2013-01-21,6.58,6.66,6.51,6.60,1962199,26838016.00
2013-01-22,6.56,6.59,6.36,6.39,1784194,23895630.00
2013-01-23,6.40,6.40,5.96,6.12,3610101,45601012.00
2013-01-24,6.12,6.26,5.96,6.01,2318798,29462924.00
2013-01-25,6.06,6.26,5.96,6.20,1803733,22796234.00
2013-01-28,6.14,6.37,6.14,6.31,2455211,32020292.00
2013-01-29,6.31,6.50,6.31,6.47,1987776,26575354.00
2013-01-30,6.51,6.58,6.41,6.42,1823936,24495400.00
2013-01-31,6.42,6.47,6.20,6.33,1892478,24728942.00
2013-02-01,6.22,6.37,6.22,6.32,2000108,26190270.00
2013-02-04,6.32,6.37,6.18,6.18,1381467,18014606.00
2013-02-05,6.19,6.19,5.91,6.07,2718575,34030960.00
2013-02-06,6.01,6.17,6.01,6.16,1753904,22223770.00
2013-02-07,6.10,6.18,6.03,6.15,1618853,20515566.00
2013-02-08,6.20,6.51,6.20,6.51,3022509,40280276.00
2013-02-18,6.57,6.99,6.49,6.87,5540940,77279648.00
2013-02-19,6.87,6.90,6.66,6.67,2849826,39825104.00
2013-02-20,6.68,6.86,6.64,6.86,2833560,39807480.00
2013-02-21,6.83,6.84,6.51,6.67,3172101,43873608.00
2013-02-22,6.63,6.76,6.57,6.57,1553721,21408480.00
2013-02-25,6.57,6.86,6.51,6.85,2505831,34870076.00
2013-02-26,6.81,6.88,6.61,6.66,2973668,41729528.00
2013-02-27,6.66,6.83,6.52,6.61,1821745,25163762.00
2013-02-28,6.61,6.75,6.59,6.73,1836138,25399480.00
2013-03-01,6.74,6.91,6.73,6.90,3284354,46437932.00
2013-03-04,6.82,6.87,6.65,6.69,2881523,40254748.00
2013-03-05,6.74,7.15,6.68,7.13,6160177,89034008.00
2013-03-06,7.15,7.39,7.15,7.21,6025299,90567800.00
2013-03-07,7.24,7.33,6.98,7.11,2488317,36867772.00
2013-03-08,7.12,7.24,6.90,6.97,2695514,39176876.00
2013-03-11,6.97,7.16,6.96,7.01,1370204,20023176.00
2013-03-12,7.02,7.06,6.66,6.71,2892670,40900104.00
2013-03-13,6.68,6.68,6.31,6.47,2258183,30319486.00
2013-03-14,6.46,6.63,6.41,6.44,1617723,21756196.00
2013-03-15,6.43,6.66,6.35,6.58,3480290,46997116.00
2013-03-18,6.53,6.58,6.16,6.20,3429261,45007988.00
2013-03-19,6.15,6.25,6.01,6.12,2399622,30553056.00
2013-03-20,6.18,6.49,6.17,6.49,2362867,31288328.00
2013-03-21,6.50,6.75,6.50,6.62,2683626,37023928.00
2013-03-22,6.60,6.66,6.42,6.51,2022849,27343392.00
2013-03-25,6.52,6.59,6.44,6.51,1483005,20024562.00
2013-03-26,6.51,6.73,6.43,6.65,2346204,31975744.00
2013-03-27,6.64,6.81,6.61,6.67,2900374,40342676.00
2013-03-28,6.67,6.67,6.45,6.51,1560712,21100266.00
2013-03-29,6.51,6.57,6.22,6.52,2281344,30132910.00
2013-04-01,6.45,6.51,6.29,6.35,1866316,24651664.00
2013-04-02,6.31,6.41,6.10,6.12,2948172,38163292.00
2013-04-03,6.16,6.22,6.01,6.14,1518154,19234484.00
2013-04-08,6.06,6.15,5.92,6.12,1066646,13406745.00
2013-04-09,6.15,6.23,6.10,6.21,1399495,17967760.00
2013-04-10,6.22,6.25,6.00,6.02,1989744,25147724.00
2013-04-11,6.07,6.19,5.97,6.01,1886666,23868160.00
2013-04-12,6.01,6.08,5.98,6.00,1080219,13539838.00
2013-04-15,6.03,6.11,5.95,6.01,1113756,13967251.00
2013-04-16,5.96,6.03,5.91,6.02,1374557,17125394.00
2013-04-17,6.02,6.19,6.02,6.16,1881779,23875390.00
2013-04-18,6.14,6.21,6.09,6.15,1040571,13294239.00
2013-04-19,6.15,6.34,6.15,6.33,2078008,27020308.00
2013-04-22,6.33,6.44,6.24,6.38,1797528,23712282.00
2013-04-23,6.41,6.43,5.98,6.01,3233674,41401704.00
2013-04-24,6.04,6.24,6.01,6.20,2158559,27509076.00
2013-04-25,6.24,6.31,6.08,6.20,2018192,26119812.00
2013-04-26,6.23,6.36,6.20,6.28,2203730,28794580.00
2013-05-02,6.33,6.65,6.28,6.57,3961173,53669136.00
2013-05-03,6.56,6.70,6.51,6.51,4237924,57986348.00
2013-05-06,6.50,6.78,6.48,6.75,5372019,74278488.00
2013-05-07,6.72,6.79,6.61,6.77,4455237,61741744.00
2013-05-08,6.78,6.87,6.68,6.77,3448501,48407040.00
2013-05-09,6.76,6.76,6.54,6.66,3415812,46898940.00
2013-05-10,6.66,7.01,6.58,7.01,4942341,70270704.00
2013-05-13,7.06,7.31,7.02,7.18,6376303,94492144.00
2013-05-14,7.13,7.35,7.05,7.12,5279780,78840768.00
2013-05-15,7.11,7.30,6.95,7.29,2928991,43160088.00
2013-05-16,7.33,7.40,7.06,7.26,5140581,77084752.00
2013-05-17,7.19,7.49,7.15,7.40,4822160,73175440.00
2013-05-20,7.40,8.13,7.40,7.96,7588097,122113800.00
2013-05-21,8.00,8.31,7.87,8.07,6781563,112648736.00
2013-05-22,8.03,8.13,7.75,7.79,4058281,65825128.00
2013-05-23,7.71,7.95,7.61,7.64,4577594,73646992.00
2013-05-24,7.67,7.97,7.67,7.93,2951081,47788416.00
2013-05-27,8.04,8.06,7.77,7.88,3545304,57762564.00
2013-05-28,7.80,8.05,7.72,7.80,2352904,38005744.00
2013-05-29,7.83,7.99,7.62,7.96,2843528,45911536.00
2013-05-30,7.91,8.01,7.85,7.92,2035454,33214986.00
2013-05-31,7.94,8.10,7.91,7.92,2692230,44404736.00
2013-06-03,7.87,7.88,7.36,7.40,4742465,74396376.00
2013-06-04,7.41,7.44,7.17,7.37,3194385,47994380.00
2013-06-05,7.32,7.46,7.25,7.35,1858101,28247714.00
2013-06-06,7.35,7.43,7.25,7.28,1338026,20232532.00
2013-06-07,7.36,7.36,7.06,7.18,1942542,28857500.00
2013-06-13,7.10,7.10,6.80,7.01,1548826,22301372.00
2013-06-14,7.02,7.15,7.01,7.11,2003695,29365652.00
2013-06-17,7.12,7.33,7.10,7.20,1885044,28053160.00
2013-06-18,7.18,7.24,6.95,7.10,1342110,19628808.00
2013-06-19,6.96,7.09,6.93,7.05,1418016,20557208.00
2013-06-20,6.97,7.08,6.62,6.66,2757574,38848700.00
2013-06-21,6.56,6.75,6.49,6.68,1341043,18343124.00
2013-06-24,6.72,6.72,6.30,6.32,1577617,20827714.00
2013-06-25,6.26,6.34,5.70,6.22,2969765,37201268.00
2013-06-26,6.22,6.44,6.10,6.42,1613285,21027786.00
2013-06-27,6.47,6.68,6.32,6.32,2727144,36612968.00
2013-06-28,6.23,6.59,6.23,6.42,1723127,22872448.00
2013-07-01,6.39,6.64,6.39,6.63,2236438,30181472.00
2013-07-02,6.66,6.76,6.57,6.74,1762860,24225646.00
2013-07-03,6.72,6.81,6.64,6.78,2429085,33540164.00
2013-07-04,6.78,6.85,6.58,6.79,1920686,26507832.00
2013-07-05,6.79,6.92,6.71,6.80,2368299,33171222.00
2013-07-08,6.71,6.71,6.47,6.49,1277281,17211934.00
2013-07-09,6.47,6.52,6.33,6.47,892661,11761634.00
2013-07-10,6.48,6.66,6.41,6.66,1178242,15922726.00
2013-07-11,6.65,6.96,6.64,6.94,2151878,30370444.00
2013-07-12,6.93,7.01,6.87,6.91,2730628,38846676.00
2013-07-15,6.82,7.01,6.82,6.98,2365351,33667060.00
2013-07-16,7.14,7.23,7.04,7.07,3357354,48977908.00
2013-07-17,7.08,7.30,6.95,6.95,3457066,50637636.00
2013-07-18,6.87,6.92,6.74,6.79,2896636,40570856.00
2013-07-19,6.76,6.95,6.72,6.72,3448231,48339740.00
2013-07-22,6.67,6.86,6.50,6.86,1735084,24022038.00
2013-07-23,6.87,7.06,6.83,7.04,2225339,31884024.00
2013-07-24,7.09,7.09,6.82,7.02,2237385,31951412.00
2013-07-25,7.02,7.07,6.76,6.77,1635432,23076988.00
2013-07-26,6.77,6.82,6.56,6.65,1569985,21510978.00
2013-07-29,6.66,6.70,6.57,6.60,952885,12973609.00
2013-07-30,6.60,6.67,6.37,6.46,1630321,21753004.00
2013-07-31,6.55,6.57,6.39,6.42,1707704,22734644.00
2013-08-01,6.43,6.71,6.43,6.70,2299943,31320086.00
2013-08-02,6.74,6.92,6.71,6.85,1896884,26637122.00
2013-08-05,7.06,7.46,7.02,7.31,4838574,72240136.00
2013-08-06,7.41,7.56,7.27,7.32,4167247,63097672.00
2013-08-07,7.46,7.62,7.32,7.38,3694065,56520156.00
2013-08-08,7.48,7.55,7.32,7.44,2876061,43883304.00
2013-08-09,7.46,7.54,7.33,7.49,2427285,37003088.00
2013-08-12,7.54,7.79,7.50,7.55,4143202,65025024.00
2013-08-13,7.65,8.07,7.58,7.96,4793485,76787576.00
2013-08-14,7.87,7.99,7.75,7.96,2938650,47373044.00
2013-08-15,7.86,7.92,7.75,7.76,1982041,31680686.00
2013-08-16,7.64,7.81,7.54,7.62,2455190,38417504.00
2013-08-19,7.53,7.71,7.49,7.66,1304272,20424790.00
2013-08-20,7.66,7.80,7.66,7.67,1447324,22842426.00
2013-08-21,7.69,7.74,7.38,7.41,2204815,33699036.00
2013-08-22,7.45,7.61,7.45,7.53,1885745,29116336.00
2013-08-23,7.57,7.57,7.40,7.44,2123400,32406222.00
2013-08-26,7.48,8.02,7.44,7.98,3986896,63615440.00
2013-08-27,8.01,8.02,7.82,7.92,2289664,37110808.00
2013-08-28,7.86,7.97,7.74,7.75,1660096,26625840.00
2013-08-29,7.77,7.85,7.57,7.69,1489970,23382874.00
2013-08-30,7.67,7.82,7.47,7.52,1825889,28551540.00
2013-09-02,7.52,7.72,7.46,7.72,1273568,19878298.00
2013-09-03,7.74,7.83,7.64,7.75,2478132,39262360.00
2013-09-04,7.78,7.89,7.69,7.84,2297012,36736380.00
2013-09-05,7.86,7.89,7.41,7.48,4516250,69697368.00
2013-09-06,7.47,7.56,7.32,7.47,1742047,26604800.00
2013-09-09,7.51,7.62,7.40,7.49,2901424,44574996.00
2013-09-10,7.51,7.51,7.20,7.26,4512077,67533504.00
2013-09-11,7.26,7.30,7.07,7.14,2975795,43545332.00
2013-09-12,7.09,7.24,7.05,7.14,1421138,20826800.00
2013-09-13,7.10,7.20,7.02,7.16,1974985,28770648.00
2013-09-16,7.16,7.20,7.11,7.20,1248666,18323192.00
2013-09-17,7.23,7.29,7.13,7.13,1443631,21387728.00
2013-09-18,7.12,7.14,7.03,7.06,1607226,23330558.00
2013-09-23,7.12,7.39,7.07,7.34,2021656,30111306.00
2013-09-24,7.34,7.43,7.19,7.22,2130359,31787138.00
2013-09-25,7.21,7.28,7.12,7.13,1497079,22141178.00
2013-09-26,7.15,7.16,6.87,6.88,2171530,31263438.00
2013-09-27,6.90,6.99,6.90,6.91,717129,10199724.00
2013-09-30,6.99,7.01,6.91,6.98,581167,8302629.50
2013-10-08,6.99,7.16,6.94,7.15,1380928,19972908.00
2013-10-09,7.12,7.19,7.09,7.17,1404649,20554004.00
2013-10-10,7.20,7.20,7.09,7.11,1241587,18176692.00
2013-10-11,7.14,7.42,7.12,7.42,3217076,48440132.00
2013-10-14,7.41,7.59,7.38,7.57,3148572,48456120.00
2013-10-15,7.55,7.56,7.39,7.46,1965199,29978996.00
2013-10-16,7.46,7.46,7.04,7.06,2649650,38944580.00
2013-10-17,7.12,7.29,7.07,7.17,1559191,22983568.00
2013-10-18,7.21,7.28,7.13,7.22,989120,14619990.00
2013-10-21,7.19,7.54,7.19,7.54,1981543,30204754.00
2013-10-22,7.57,7.96,7.57,7.79,6508896,104008096.00
2013-10-23,7.80,8.07,7.67,7.87,8438593,136472656.00
2013-10-24,7.87,8.33,7.87,8.15,7084751,118802728.00
2013-10-25,8.17,8.26,7.83,8.01,4936560,80965928.00
2013-10-28,8.01,8.16,7.86,8.14,3709362,61024896.00
2013-10-29,8.07,8.22,7.68,7.93,2864291,46404904.00
2013-10-30,7.94,8.72,7.94,8.61,5548589,96941872.00
2013-10-31,8.57,8.69,8.35,8.58,3205915,56049968.00
2013-11-01,8.47,8.81,8.40,8.58,2662646,46732524.00
2013-11-04,8.54,8.92,7.92,8.08,4883928,84808056.00
2013-11-05,8.17,8.44,8.04,8.31,4158837,70466616.00
2013-11-06,8.27,8.74,8.17,8.57,3834067,66454404.00
2013-11-07,8.52,8.69,8.27,8.43,2592112,44794480.00
2013-11-08,8.52,8.88,8.29,8.45,4656079,81993360.00
2013-11-11,8.57,9.16,8.39,9.12,5594913,100909656.00
2013-11-12,9.01,9.52,8.96,9.11,6670717,125450064.00
2013-11-13,9.06,9.18,8.82,9.07,2303612,42494136.00
2013-11-14,9.02,9.32,9.02,9.24,3888916,73061792.00
2013-11-15,9.29,9.64,9.22,9.34,4815590,92220960.00
2013-11-18,9.42,9.57,9.22,9.42,3598044,69148640.00
2013-11-19,9.42,9.53,9.14,9.46,2848677,54291828.00
2013-12-10,10.32,10.32,9.63,9.91,8760757,177420016.00
2013-12-11,9.77,10.29,9.32,9.92,5382681,108273632.00
2013-12-12,9.87,9.87,9.61,9.63,2448072,48554388.00
2013-12-13,9.57,9.89,9.47,9.89,2170432,43103256.00
2013-12-16,9.91,10.37,9.91,10.14,2739976,56647992.00
2013-12-17,10.07,10.28,9.72,10.00,1935970,39423720.00
2013-12-18,9.94,9.99,9.54,9.59,2240224,44148888.00
2013-12-19,9.59,9.69,9.46,9.56,2020205,39327396.00
2013-12-20,9.48,9.61,9.21,9.32,2010557,38359328.00
2013-12-23,9.32,9.61,9.15,9.56,1264892,24418322.00
2013-12-24,9.62,9.94,9.49,9.65,1687392,33726936.00
2013-12-25,9.75,9.83,9.52,9.79,1124221,22308074.00
2013-12-26,9.82,10.31,9.82,10.11,2291942,47150276.00
2013-12-27,10.10,10.26,9.97,10.18,1631395,33697820.00
2013-12-30,10.18,10.32,10.05,10.26,1209458,25179996.00
2013-12-31,10.18,10.57,10.00,10.57,1677887,34927596.00
2014-01-02,10.32,11.07,10.19,10.84,3590811,78381056.00
2014-01-03,10.85,11.01,10.64,10.80,1738979,38451328.00
2014-01-06,10.74,10.92,10.12,10.17,1495008,31790328.00
2014-01-07,10.17,10.92,10.17,10.92,2151676,46954576.00
2014-01-08,10.78,11.29,10.78,11.19,2782510,62534968.00
2014-01-09,11.29,11.29,10.56,10.68,1647178,36594928.00
2014-01-10,10.56,10.89,10.38,10.52,1001667,21667092.00
2014-01-13,10.52,10.70,9.81,9.95,1937769,40497196.00
2014-01-14,10.03,10.51,10.03,10.50,2136476,44349372.00
2014-01-15,10.50,10.92,10.50,10.73,1345931,29461634.00
2014-01-16,10.77,10.91,10.47,10.56,1322733,28889694.00
2014-01-17,10.54,10.92,10.53,10.74,1249384,27243582.00
2014-01-20,10.72,11.02,10.57,10.91,1697006,37723888.00
2014-01-21,10.91,11.57,10.91,11.47,3352875,77127184.00
2014-01-22,11.52,11.57,11.24,11.52,1522861,35406416.00
2014-01-23,11.59,11.66,11.43,11.47,1269191,29740696.00
2014-01-24,11.47,11.53,11.14,11.36,2392281,55009032.00
2014-01-27,11.26,11.56,11.26,11.46,1221576,28441936.00
2014-01-28,11.34,11.52,10.95,11.15,1879214,42598712.00
2014-01-29,11.17,11.17,10.73,10.87,2108736,46802516.00
2014-01-30,11.00,11.40,10.75,11.18,1157123,26231698.00
2014-02-07,11.18,11.46,11.07,11.44,1143608,26321050.00
2014-02-10,11.44,11.95,11.44,11.75,1501379,35829520.00
2014-02-11,12.07,12.43,11.62,11.85,1841876,45153032.00
2014-02-12,11.83,11.96,11.62,11.77,1049169,25035908.00
2014-02-13,11.77,12.24,11.67,11.80,1301081,31642234.00
2014-02-14,11.93,12.07,11.57,11.99,891258,21422916.00
2014-02-17,12.09,12.12,11.77,11.89,1800397,43536652.00
2014-02-18,11.87,12.42,11.72,12.41,2422279,59966868.00
2014-02-19,12.35,12.35,11.82,12.00,1593105,39077300.00
2014-02-20,12.05,12.14,11.61,11.70,1178617,28109692.00
2014-02-21,11.72,11.80,11.41,11.60,1106989,26073664.00
2014-02-24,11.54,11.95,11.47,11.89,1425077,34122876.00
2014-02-25,11.83,12.01,10.97,11.18,2047485,47506444.00
2014-02-26,11.08,11.25,10.71,11.20,1011805,22703542.00
2014-02-27,11.33,11.96,10.97,11.23,2906065,68721176.00
2014-02-28,10.84,11.16,10.73,10.96,2613000,57935192.00
2014-03-03,11.07,11.41,10.84,10.99,2076410,46729304.00
2014-03-04,10.99,11.24,10.72,11.23,1367232,30521386.00
2014-03-05,11.22,11.75,11.17,11.48,1869706,43717260.00
2014-03-06,11.48,11.58,10.82,11.19,1608400,36474340.00
2014-03-07,11.16,11.28,10.96,10.99,1101451,24831480.00
2014-03-10,11.17,11.17,10.32,10.46,2920791,63524340.00
2014-03-11,10.46,10.63,9.52,10.31,3941236,80334344.00
2014-03-12,10.17,10.24,9.72,10.07,2007446,40899936.00
2014-03-13,10.07,10.80,10.07,10.72,2585057,55086432.00
2014-03-14,10.60,10.88,10.57,10.72,878831,19202082.00
2014-03-17,10.72,11.69,10.72,11.57,2427427,55970564.00
2014-03-18,11.58,11.72,11.39,11.49,949510,22301566.00
2014-03-19,11.67,12.02,11.54,11.79,1917807,45924468.00
2014-03-20,11.92,12.02,11.46,11.55,1254682,29819822.00
2014-03-21,11.44,11.47,10.93,11.32,2147133,48499304.00
2014-03-24,11.32,11.32,10.62,10.94,1889674,41838952.00
2014-03-25,10.92,11.11,10.82,10.93,646374,14320201.00
2014-03-26,10.94,10.94,10.81,10.84,757676,16724193.00
2014-03-27,10.81,10.96,10.63,10.73,848286,18579774.00
2014-03-28,10.73,10.77,10.32,10.58,772685,16629488.00
2014-03-31,10.62,10.87,10.47,10.54,704693,15281287.00
2014-04-01,10.62,10.89,10.54,10.89,532771,11667539.00
2014-04-02,10.88,11.51,10.88,11.27,2949764,67763944.00
2014-04-03,11.60,11.86,11.41,11.62,2627122,61814148.00
2014-04-04,11.62,11.69,11.33,11.67,1271844,29696778.00
2014-04-08,11.67,11.87,11.55,11.77,1307221,31149686.00
2014-04-09,11.82,11.82,11.37,11.45,1195170,28013220.00
2014-04-10,11.42,12.61,11.32,12.61,4655373,116498312.00
2014-04-11,12.82,12.82,12.43,12.77,3206587,82249296.00
2014-04-14,12.82,13.01,12.49,12.57,3214287,82969976.00
2014-04-15,12.72,13.46,12.63,12.76,3731630,98733024.00
2014-04-16,12.32,12.96,12.32,12.45,2568839,65730092.00
2014-04-17,12.71,13.13,12.71,13.13,2240624,58651652.00
2014-04-18,12.93,13.55,12.93,13.28,2485097,66919936.00
2014-04-21,13.36,13.47,13.12,13.37,1855349,50010704.00
2014-04-22,13.35,13.35,12.72,12.89,2034809,53363012.00
2014-04-23,12.89,13.00,12.07,12.46,1550153,39695536.00
2014-04-24,12.33,12.44,12.22,12.37,816314,20393290.00
2014-04-25,12.37,13.07,12.35,12.59,1007642,26040624.00
2014-04-28,12.57,12.68,11.82,12.02,1507470,36944236.00
2014-04-29,12.02,13.24,11.95,13.24,2117445,55498720.00
2014-04-30,13.37,14.56,13.37,14.31,4677733,133211344.00
2014-05-05,14.47,14.50,13.99,14.45,2778929,80068480.00
2014-05-06,14.31,14.31,13.82,14.12,2749781,78363864.00
2014-05-07,13.94,14.25,13.58,13.65,2381141,67314800.00
2014-05-08,13.51,13.82,13.42,13.58,2847451,78311168.00
2014-05-09,13.54,13.55,12.72,12.72,2524699,67096272.00
2014-05-12,12.78,13.89,12.78,13.88,3050627,83089648.00
2014-05-13,13.87,14.08,13.15,13.17,2325869,63480020.00
2014-05-14,13.18,13.43,13.07,13.27,1612869,43250360.00
2014-05-15,13.22,13.29,12.89,13.22,1194553,31707600.00
2014-05-16,13.24,13.50,13.08,13.22,1063978,28719874.00
2014-05-19,13.22,13.27,12.77,12.97,820906,21687428.00
2014-05-20,13.07,13.31,12.93,13.06,794234,21026894.00
2014-05-21,12.97,13.63,12.86,13.56,1215418,32764860.00
2014-05-22,13.71,13.72,13.12,13.24,1660128,45070428.00
2014-05-23,13.22,13.22,12.62,12.89,1779852,46303800.00
2014-05-26,12.80,13.46,12.80,13.40,1599836,42444984.00
2014-05-27,13.32,13.39,12.69,12.77,2770095,72065488.00
2014-05-28,12.80,12.97,12.69,12.72,1684992,43776924.00
2014-05-29,12.70,12.84,12.29,12.37,2114942,53661104.00
2014-05-30,12.32,12.32,11.82,12.18,1780259,43662564.00
2014-06-03,12.09,12.21,11.62,11.69,2600170,62540036.00
2014-06-04,11.64,12.10,11.59,12.08,1559084,37537724.00
2014-06-05,12.04,12.16,11.82,12.16,1338260,32658414.00
2014-06-06,12.10,12.16,11.71,11.82,1945466,46843084.00
2014-06-09,11.81,12.07,11.57,12.02,1297133,31254484.00
2014-06-10,12.05,12.14,11.88,12.04,981674,23989488.00
2014-06-11,12.07,12.11,11.87,12.11,1113415,27071298.00
2014-06-12,12.02,12.17,11.96,12.10,934243,22882322.00
2014-06-13,12.10,12.57,11.99,12.49,1657343,41742416.00
2014-06-16,12.49,12.49,12.26,12.37,984304,24676970.00
2014-06-17,12.29,12.49,12.09,12.15,1219902,30473002.00
2014-06-18,12.11,12.24,11.77,11.96,2110605,50865920.00
2014-06-19,11.87,11.92,11.57,11.65,1433491,34159160.00
2014-06-20,11.64,11.82,11.58,11.74,501112,11934274.00
2014-06-23,11.87,12.08,11.72,12.04,687575,16744390.00
2014-06-24,11.92,12.06,11.84,11.97,724771,17540960.00
2014-06-25,11.95,12.06,11.65,11.65,731420,17500718.00
2014-06-26,11.72,11.97,11.66,11.89,676607,16303395.00
2014-06-27,11.87,12.08,11.82,11.98,1009397,24565364.00
2014-06-30,11.98,12.50,11.97,12.25,2226702,55448304.00
2014-07-01,12.25,12.37,12.14,12.22,786669,19549094.00
2014-07-02,12.31,12.43,12.04,12.37,2070104,51572020.00
2014-07-03,12.39,12.41,12.12,12.37,1619782,40435640.00
2014-07-04,12.35,12.38,12.22,12.36,1500662,37450552.00
2014-07-07,12.27,12.33,11.98,12.17,1022021,25239820.00
2014-07-08,12.21,12.22,11.87,12.13,1390620,33960840.00
2014-07-09,12.14,12.14,11.83,11.99,2174943,52539672.00
2014-07-10,11.84,11.84,10.78,10.78,7535322,167340992.00
2014-07-11,10.69,11.87,10.33,11.73,9898368,219436272.00
2014-07-14,11.74,12.59,11.39,12.12,5888930,142650864.00
2014-07-15,11.99,12.44,11.95,12.22,3589957,88266712.00
2014-07-16,12.21,12.68,12.06,12.32,3513077,88286968.00
2014-07-17,12.18,12.56,12.18,12.48,1825139,45764260.00
2014-07-18,12.72,13.14,12.40,12.89,3456825,89656592.00
2014-07-21,12.90,13.39,12.90,13.21,3508012,92818736.00
2014-07-22,13.22,13.35,12.81,12.94,3282730,85734440.00
2014-07-23,13.00,13.58,13.00,13.18,6202671,165837632.00
2014-07-24,13.17,13.17,12.34,12.94,4734342,121380392.00
2014-07-25,12.88,12.88,12.44,12.72,2979184,75758688.00
2014-07-28,12.70,12.84,12.34,12.64,2945923,74573472.00
2014-07-29,12.64,12.89,12.58,12.83,2666313,68530320.00
2014-07-30,12.80,12.83,12.54,12.69,1424481,36376756.00
2014-07-31,12.76,13.39,12.65,13.24,4122200,109007424.00
2014-08-01,13.14,13.57,13.11,13.56,4177911,112606688.00
2014-08-04,13.57,13.82,13.39,13.50,3052981,83709232.00
2014-08-05,13.47,13.57,13.34,13.47,2148336,58160200.00
2014-08-06,13.46,13.61,13.34,13.58,2564179,69718312.00
2014-08-07,13.60,14.16,13.44,13.64,3483900,97516720.00
2014-08-08,13.86,14.34,13.77,14.14,3251655,92333320.00
2014-08-11,14.51,14.99,14.39,14.69,4994439,147371872.00
2014-08-12,15.21,15.89,15.09,15.29,4324399,133826496.00
2014-08-13,15.14,15.85,14.74,15.59,3799871,118533200.00
2014-08-14,15.44,16.18,15.05,15.10,2804759,88176864.00
2014-08-15,15.12,15.79,14.87,15.78,3037527,94634896.00
2014-08-18,15.78,16.38,15.72,15.79,3672672,118800448.00
2014-08-19,15.87,16.24,15.59,16.08,2095670,67046068.00
2014-08-20,15.92,16.08,15.42,15.67,2553449,80625368.00
2014-08-21,15.75,16.03,15.44,15.86,2029786,64709408.00
2014-08-22,15.86,16.33,15.67,15.86,1864278,59610520.00
2014-08-25,15.86,15.86,14.96,15.41,1588689,49283344.00
2014-08-26,15.47,15.51,14.88,15.24,1709571,52481852.00
2014-08-27,15.03,15.51,15.03,15.43,1283285,39427824.00
2014-08-28,15.29,15.65,15.21,15.61,1224551,38183444.00
2014-08-29,15.59,16.12,15.40,15.94,2234454,71465440.00
2014-09-01,15.89,15.96,15.38,15.74,1740340,54810692.00
2014-09-02,15.54,15.81,15.28,15.34,4399469,136272352.00
2014-10-09,14.39,15.04,13.82,14.75,20563768,585714240.00
2014-10-10,14.28,14.61,14.15,14.19,11022684,318550464.00
2014-10-13,14.18,14.31,13.73,14.14,6208161,174835648.00
2014-10-14,14.14,14.31,14.09,14.22,2807810,80338328.00
2014-10-15,14.22,14.22,13.77,13.88,4339153,121262304.00
2014-10-16,13.64,13.69,13.21,13.24,9169497,247845376.00
2014-10-17,13.39,13.42,12.84,13.09,9478438,248780352.00
2014-10-20,12.99,14.03,12.74,13.92,14124089,381018656.00
2014-10-21,13.88,14.88,13.79,14.16,11795351,341979456.00
2014-10-22,14.14,14.57,14.02,14.08,6949614,200848832.00
2014-10-23,14.14,14.57,13.99,14.54,12858223,371170944.00
2014-10-24,15.59,16.00,15.09,16.00,17346346,553649728.00
2014-10-27,16.00,17.14,15.75,16.46,10304058,341083840.00
2014-10-28,16.64,17.47,16.39,17.17,9338352,320930592.00
2014-10-29,17.39,17.60,16.80,17.24,6661524,229980432.00
2014-10-30,17.48,17.54,16.90,17.24,3261805,113386752.00
2014-10-31,17.24,17.44,16.96,17.22,3266967,112679016.00
2014-11-03,17.22,17.76,17.09,17.41,3172072,111061744.00
2014-11-04,17.39,18.04,17.29,17.99,4477692,159840448.00
2014-11-05,17.99,18.79,17.39,18.79,5739710,209055392.00
2014-11-06,18.79,19.87,18.41,19.29,5364379,207504896.00
2014-11-07,19.33,19.82,18.60,19.02,4048573,157049504.00
2014-11-10,18.92,19.58,18.09,19.51,6068798,229175584.00
2014-11-11,19.51,19.79,18.14,18.46,4598187,173145040.00
2014-11-12,18.49,19.12,18.33,18.87,4720930,177233792.00
2014-11-13,18.87,19.06,18.39,18.74,3516055,132488288.00
2014-11-14,18.74,19.59,18.74,19.54,5780870,224771248.00
2014-11-17,19.89,20.34,19.41,19.99,4085231,164262208.00
2014-11-18,20.14,20.14,19.22,19.51,3978710,156545200.00
2014-11-19,19.59,19.90,18.97,19.06,3041670,117814144.00
2014-11-20,19.02,19.38,18.90,19.38,2129947,81838384.00
2014-11-21,19.28,19.49,19.11,19.39,1721185,66950076.00
2014-11-24,19.39,19.68,19.04,19.19,3109634,121092024.00
2014-11-25,19.11,19.38,18.00,19.19,7494727,279242816.00
2014-11-26,18.99,19.09,18.49,18.78,4993049,187720224.00
2014-11-27,18.77,18.88,18.33,18.56,2978752,111352816.00
2014-11-28,18.69,19.55,18.51,18.52,5357154,204940432.00
2014-12-01,18.52,18.52,16.99,17.99,8432602,298656352.00
2014-12-02,17.94,17.97,17.49,17.83,2806193,100584624.00
2014-12-03,18.03,18.49,17.78,18.34,5044022,184301616.00
2014-12-04,18.46,19.29,18.46,18.79,5393384,204429088.00
2014-12-05,18.83,18.87,17.89,18.11,4477406,162854720.00
2014-12-08,17.89,17.89,17.32,17.38,6122818,215502112.00
2014-12-09,17.38,18.08,16.99,17.32,4414450,155595248.00
2014-12-10,17.32,18.14,17.25,17.89,4884192,173738224.00
2014-12-11,17.91,18.83,17.91,18.78,6399990,236562864.00
2014-12-12,19.06,19.84,19.06,19.68,7079971,277063392.00
2014-12-15,19.92,20.08,19.56,19.94,6216900,248755888.00
2014-12-16,19.81,19.88,19.29,19.74,5133902,201107456.00
2014-12-17,19.39,19.73,18.89,19.13,4705027,181678704.00
2014-12-18,19.14,19.45,18.89,19.21,2453465,94438912.00
2014-12-19,19.26,19.32,18.16,18.26,3122091,116285136.00
2014-12-22,17.92,17.92,16.42,16.61,6378848,217957904.00
2014-12-23,16.61,17.13,16.18,16.49,3445099,115336400.00
2014-12-24,16.54,17.19,16.39,16.95,3064714,103476880.00
2014-12-25,16.95,17.61,16.93,17.40,2773814,97171368.00
2014-12-26,17.43,18.08,17.13,17.26,3143310,110331720.00
2014-12-29,17.32,18.39,16.89,17.47,11911444,421135136.00
2014-12-30,17.48,17.59,16.18,17.14,4224605,143657168.00
2014-12-31,17.04,17.64,16.71,17.39,4469654,155991888.00
2015-01-05,17.32,17.32,16.47,16.52,5816988,195209584.00
2015-01-06,16.51,16.76,14.89,16.31,12242523,386534592.00
2015-01-07,16.03,16.62,15.80,16.43,5077019,167196512.00
2015-01-08,16.45,16.62,16.16,16.54,2773253,91803224.00
2015-01-09,16.54,17.44,16.54,16.80,5467375,188444880.00
2015-01-12,16.80,17.08,16.49,16.83,2131442,72045664.00
2015-01-13,16.79,18.07,16.67,17.87,6386118,225046480.00
2015-01-14,17.87,18.65,17.87,18.39,7583106,280828896.00
2015-01-15,18.23,18.68,17.66,18.09,4252602,156514608.00
2015-01-16,18.10,18.69,17.79,18.59,3730899,138598464.00
2015-01-19,18.34,19.47,17.72,18.59,5268801,197111088.00
2015-01-20,18.69,19.09,18.59,19.06,4167809,158346352.00
2015-01-21,19.06,19.49,19.06,19.24,4210137,163986224.00
2015-01-22,19.24,19.72,19.24,19.38,2951276,115270528.00
2015-01-23,19.38,19.69,19.03,19.09,3481985,134438608.00
2015-01-26,19.06,19.06,18.54,18.80,4104589,154296288.00
2015-01-27,18.79,19.34,18.55,19.21,4289346,164242448.00
2015-01-28,19.31,19.64,19.11,19.64,4321290,168937248.00
2015-01-29,19.64,19.72,19.10,19.36,2457361,95889616.00
2015-01-30,19.39,19.58,18.51,18.70,2677103,101567928.00
2015-02-02,18.30,18.93,18.24,18.89,1714485,64498904.00
2015-02-03,19.00,19.00,18.63,18.81,2855886,107877144.00
2015-02-04,18.74,19.00,18.64,18.78,3172458,120005464.00
2015-02-05,18.89,18.96,18.15,18.18,3244656,119990712.00
2015-02-06,18.05,18.14,17.66,17.89,2007337,72191552.00
2015-02-09,17.87,18.89,17.79,18.23,2166952,80386016.00
2015-02-10,18.36,18.71,18.16,18.69,2106193,78480944.00
2015-02-11,18.69,19.14,18.69,19.14,2781356,106510216.00
2015-02-12,19.23,19.62,19.23,19.47,4159503,162826656.00
2015-02-13,19.47,19.68,19.03,19.19,4549315,176847248.00
2015-02-16,19.19,19.30,18.84,19.30,4982702,190705184.00
2015-02-17,19.19,19.19,18.30,18.48,6601369,246355616.00
2015-02-25,18.49,18.64,18.11,18.37,3032555,111855240.00
2015-02-26,18.38,18.38,17.98,18.16,4806556,175010512.00
2015-02-27,18.20,18.79,18.20,18.59,6631861,248092464.00
2015-03-02,18.65,20.39,18.65,19.89,11317677,446384160.00
2015-03-03,19.94,20.24,19.55,19.63,6130204,244856992.00
2015-03-04,19.50,19.76,19.14,19.64,3780892,148318624.00
2015-03-05,19.63,20.39,19.15,20.34,7315476,291081376.00
2015-03-06,20.26,20.83,19.83,19.87,4254434,173686864.00
2015-03-09,19.39,19.69,19.19,19.31,4637545,180316400.00
2015-03-10,19.19,19.47,18.98,19.09,6596631,253946816.00
2015-03-11,19.18,19.38,19.03,19.29,4096254,158055248.00
2015-03-12,19.29,19.34,18.63,18.88,4603004,175376160.00
2015-03-13,18.89,18.99,18.67,18.81,3970660,150226080.00
2015-03-16,19.02,19.48,18.89,19.29,5299406,205219312.00
2015-03-17,19.45,19.62,19.23,19.46,5112701,199627936.00
2015-03-18,19.52,20.63,19.52,20.46,8113160,328353248.00
2015-03-19,20.34,20.82,20.29,20.73,7674396,317227648.00
2015-03-20,20.70,22.53,20.70,22.44,8689382,379674176.00
2015-03-23,22.67,23.14,22.07,23.00,9288045,422512896.00
2015-03-24,22.83,23.19,21.74,23.18,7005695,318053664.00
2015-04-22,25.28,25.33,23.39,23.92,17640300,859339456.00
2015-04-23,23.92,24.04,22.88,23.02,10193746,477612128.00
2015-04-24,23.01,24.06,22.73,23.59,13843840,653051968.00
2015-04-27,23.13,25.88,22.84,25.23,13393118,649480576.00
2015-04-28,25.15,25.18,23.55,24.30,7734577,376565152.00
2015-04-29,23.53,23.64,22.39,22.97,10345062,476310976.00
2015-04-30,22.99,23.19,22.49,22.53,6692683,305463008.00
2015-05-04,22.54,22.63,21.14,21.48,12190283,524242080.00
2015-05-05,21.35,21.84,20.79,20.89,9241801,393891776.00
2015-05-06,21.17,21.29,20.25,20.26,8279055,347105312.00
2015-05-07,20.27,20.83,20.15,20.36,5088659,209116576.00
2015-05-08,20.61,21.01,20.40,21.01,6022138,251804320.00
2015-05-11,21.08,21.50,20.94,21.36,10470789,445534592.00
2015-05-12,21.36,21.83,21.33,21.69,9264515,402005792.00
2015-05-13,21.68,21.68,20.98,21.06,8320299,354225248.00
2015-05-14,21.08,21.18,20.49,21.18,9608096,401746816.00
2015-05-15,21.39,22.56,20.90,22.22,16459411,724685824.00
2015-05-18,22.24,22.89,21.89,22.77,11364710,515681440.00
2015-05-19,22.77,23.08,22.39,22.93,9849914,452016160.00
2015-05-20,23.18,24.84,23.14,24.16,11268605,547104704.00
2015-05-21,24.12,24.69,23.74,24.12,11087203,536610080.00
2015-05-22,24.49,26.14,24.31,25.54,13769368,692685312.00
2015-05-26,25.39,25.39,23.75,24.71,21507195,1059390528.00
2015-05-27,24.82,24.83,23.84,23.99,15427214,747942720.00
2015-05-28,23.92,24.69,22.11,22.12,12070706,576752320.00
2015-05-29,21.89,23.04,21.14,22.64,10509506,467336384.00
2015-06-01,22.39,24.91,22.32,24.87,16665917,803141696.00
2015-06-02,24.93,27.37,24.93,27.37,17636998,947372224.00
2015-06-03,29.39,30.08,27.39,29.70,20105702,1181766656.00
2015-06-04,29.93,32.58,27.64,31.14,19758988,1219268608.00
2015-06-05,32.17,33.13,29.77,30.46,13686270,864198080.00
2015-06-08,30.34,32.89,29.40,31.62,15378341,960126144.00
2015-06-09,32.85,32.93,30.89,32.47,12404677,798761408.00
2015-06-11,34.88,35.72,33.21,35.38,16792972,1158952960.00
2015-06-12,35.64,36.04,34.09,34.34,11421128,792465408.00
2015-06-15,34.00,34.00,31.01,31.10,21001686,672987328.00
2015-06-16,31.00,31.00,27.99,28.15,24335386,697133568.00
2015-06-17,28.41,30.55,27.51,30.09,17987393,521139808.00
2015-06-18,29.84,29.84,27.60,27.88,14580007,418823168.00
2015-06-19,27.00,27.70,25.09,25.10,15632840,412399328.00
2015-06-23,25.38,26.49,23.56,25.98,14021911,352286656.00
2015-06-24,26.47,27.30,25.32,26.25,15478611,408441792.00
2015-06-25,26.40,26.79,23.63,24.01,17046337,431696448.00
2015-06-26,23.45,23.45,21.61,21.61,22301121,497266080.00
2015-06-29,22.00,22.00,19.45,19.53,24693540,507039360.00
2015-06-30,19.80,21.48,17.58,21.48,23312061,447571456.00
2015-07-01,21.30,23.30,20.50,20.80,24973778,555232512.00
2015-07-02,20.21,22.00,18.72,19.06,27049903,544612800.00
2015-07-03,18.28,19.25,17.15,18.89,12346646,219023760.00
2015-09-10,17.00,17.00,17.00,17.00,5712900,97119296.00
2015-09-11,15.70,16.90,15.70,16.43,50591560,817907840.00
2015-09-14,16.00,16.36,14.79,14.79,35671071,548430016.00
2015-09-15,13.60,13.97,13.31,13.31,22598798,302558848.00
2015-09-16,12.88,14.64,12.23,14.24,39335729,523982368.00
2015-09-17,13.88,13.90,12.82,12.82,43536695,583662336.00
2015-09-22,13.53,13.53,13.53,13.53,0,0.00
数据来源:通达信
