002695 煌上煌 日线 前复权
      日期	    开盘	    最高	    最低	    收盘	    成交量	    成交额
2012-09-05,26.40,27.44,25.87,26.64,11445476,311937280.00
2012-09-06,26.35,27.82,26.03,26.87,8172269,226401536.00
2012-09-07,26.59,27.79,26.04,27.14,8143441,224935232.00
2012-09-10,26.87,27.84,26.72,27.67,7009434,197899312.00
2012-09-11,27.30,28.27,26.96,27.04,6673571,188558832.00
2012-09-12,27.00,27.22,26.19,26.49,5464206,149196976.00
2012-09-13,26.29,26.51,25.89,25.89,3283344,88123928.00
2012-09-14,26.05,26.30,25.70,26.09,2408775,64510744.00
2012-09-17,25.99,26.08,24.99,25.00,2907813,75827256.00
2012-09-18,24.84,25.19,24.81,24.94,1081406,27808042.00
2012-09-19,25.00,25.39,24.99,25.15,1190185,30826028.00
2012-09-20,25.14,25.69,25.10,25.19,2866459,74846920.00
2012-09-21,25.10,25.63,24.32,24.46,2441537,62657884.00
2012-09-24,24.29,24.29,23.32,23.71,2482296,60758560.00
2012-09-25,23.75,23.86,23.42,23.75,1165864,28431902.00
2012-09-26,23.67,23.82,23.30,23.47,1220456,29470056.00
2012-09-27,23.38,23.83,22.95,23.29,2193815,52779496.00
2012-09-28,23.19,23.72,23.09,23.60,1282013,31086912.00
2012-10-08,23.55,24.78,23.55,24.48,2286758,56905412.00
2012-10-09,24.31,24.80,24.31,24.72,1515059,38375064.00
2012-10-10,24.71,24.71,24.32,24.61,1168628,29442482.00
2012-10-11,24.50,24.61,23.74,23.80,900679,22461332.00
2012-10-12,23.69,24.16,23.69,24.02,760092,18776998.00
2012-10-15,24.03,24.67,24.03,24.49,1505111,37966348.00
2012-10-16,24.55,25.17,24.46,24.85,1722558,44219776.00
2012-10-17,24.86,25.00,24.54,24.87,1037442,26439646.00
2012-10-18,24.79,25.15,24.75,24.91,922978,23713900.00
2012-10-19,24.92,25.09,24.41,24.77,805953,20510898.00
2012-10-22,24.60,24.60,24.12,24.29,755209,18900382.00
2012-10-23,24.40,24.40,23.89,23.97,550411,13675698.00
2012-10-24,23.81,24.14,23.68,23.94,890432,21964972.00
2012-10-25,23.94,24.06,23.19,23.42,943465,22871354.00
2012-10-26,23.40,23.98,23.20,23.91,960411,23328268.00
2012-10-29,24.11,24.17,23.85,23.86,502189,12410066.00
2012-10-30,23.94,24.58,23.93,24.53,1240680,31091358.00
2012-10-31,24.53,24.61,24.29,24.57,580881,14615394.00
2012-11-01,24.49,24.73,24.42,24.73,1064876,26964758.00
2012-11-02,24.73,24.73,24.36,24.47,515951,12997541.00
2012-11-05,24.34,24.49,24.09,24.40,467690,11680913.00
2012-11-06,24.30,24.40,23.89,24.16,429410,10655284.00
2012-11-07,24.19,24.71,24.01,24.59,680564,17173942.00
2012-11-08,24.42,24.58,23.94,23.94,372700,9310570.00
2012-11-09,23.79,24.03,23.45,23.60,364042,8947281.00
2012-11-12,23.79,23.97,23.45,23.59,441902,10724209.00
2012-11-13,23.59,23.59,23.09,23.29,682106,16358867.00
2012-11-14,23.26,23.83,23.09,23.81,489671,11890430.00
2012-11-15,23.59,23.77,23.49,23.49,268937,6530660.00
2012-11-16,23.37,23.64,23.35,23.59,177778,4296818.00
2012-11-19,23.59,23.65,23.19,23.60,482024,11616857.00
2012-11-20,23.65,23.71,23.37,23.49,455861,11048335.00
2012-11-21,23.31,23.57,23.09,23.38,887091,21278138.00
2012-11-22,23.29,23.33,23.09,23.29,334100,7991303.00
2012-11-23,23.30,23.45,23.15,23.45,372671,8951733.00
2012-11-26,23.43,23.43,22.99,23.09,158150,3785544.00
2012-11-27,22.99,23.08,21.99,22.19,437017,10105067.00
2012-11-28,22.18,22.19,21.81,21.89,442759,10081134.00
2012-11-29,21.92,22.17,20.30,20.37,518251,11304511.00
2012-11-30,20.69,20.69,20.20,20.34,684949,14411141.00
2012-12-03,20.29,20.47,18.24,18.24,1515344,29459510.00
2012-12-04,18.21,18.21,17.40,17.99,1136023,20997562.00
2012-12-05,17.94,18.99,17.73,18.69,1226207,23590466.00
2012-12-06,18.63,18.83,18.46,18.61,636298,12323286.00
2012-12-07,18.61,19.08,18.60,19.06,854056,16780214.00
2012-12-10,19.20,21.04,19.20,21.04,2333591,49226148.00
2012-12-11,20.89,21.33,20.42,21.03,1737819,37516996.00
2012-12-12,21.03,21.17,20.38,20.77,1039897,22234458.00
2012-12-13,20.69,20.76,19.87,19.97,646187,13607070.00
2012-12-14,20.14,20.92,19.90,20.69,1116121,23740146.00
2012-12-17,20.89,21.04,20.39,20.91,1111227,23868726.00
2012-12-18,20.92,21.28,20.63,20.90,891527,19345850.00
2012-12-19,20.79,21.64,20.78,21.35,1509704,33379712.00
2012-12-20,21.29,22.08,21.09,21.91,1901929,42782036.00
2012-12-21,21.94,22.97,21.67,22.46,2909038,67038048.00
2012-12-24,22.45,22.87,22.18,22.69,1819423,42281536.00
2012-12-25,22.71,23.77,22.56,23.39,1989065,47864992.00
2012-12-26,23.39,24.99,23.20,24.97,2866853,72214280.00
2012-12-27,25.15,26.24,24.37,24.53,3102502,79942176.00
2012-12-28,24.24,25.97,23.70,25.55,3747530,95734528.00
2012-12-31,25.29,25.48,24.37,24.87,2018029,51663476.00
2013-01-04,24.87,25.19,24.19,24.84,1777367,45323628.00
2013-01-07,24.49,24.84,24.17,24.84,2221019,55967724.00
2013-01-08,24.84,25.42,24.51,24.80,1942216,49904776.00
2013-01-09,24.59,25.04,24.05,24.21,1798432,45341364.00
2013-01-10,24.15,24.57,23.89,24.04,1299800,32338668.00
2013-01-11,24.22,24.98,24.22,24.45,2371230,60110736.00
2013-01-14,24.46,26.54,24.44,26.40,3749298,99132496.00
2013-01-15,26.72,26.72,25.69,26.09,3271294,87376672.00
2013-01-16,25.90,26.16,25.17,25.57,1934231,50898480.00
2013-01-17,25.59,25.88,25.06,25.34,979246,25540454.00
2013-01-18,25.47,25.71,25.07,25.55,1108966,28962056.00
2013-01-21,25.69,25.69,25.09,25.31,1510932,39307624.00
2013-01-22,25.29,25.55,23.51,23.77,2186350,55240120.00
2013-01-23,23.59,24.09,23.19,24.08,1297815,31420700.00
2013-01-24,23.93,24.29,22.94,23.15,1580450,38213380.00
2013-01-25,23.14,23.43,23.13,23.23,586782,14067498.00
2013-01-28,23.35,23.88,23.29,23.84,1034798,25182646.00
2013-01-29,23.82,24.15,23.62,23.95,1427862,35156720.00
2013-01-30,23.99,23.99,23.29,23.59,966579,23443362.00
2013-01-31,23.59,23.63,23.27,23.45,845397,20406934.00
2013-02-01,23.39,25.04,23.29,24.68,3221645,81091944.00
2013-02-04,24.93,24.93,23.79,23.79,1724575,42976856.00
2013-02-05,23.80,24.14,23.12,24.03,1547247,37599144.00
2013-02-06,23.98,23.98,23.39,23.60,1382330,33751444.00
2013-02-07,23.65,23.92,23.54,23.86,771043,18864282.00
2013-02-08,23.69,24.28,23.69,24.13,934185,23166630.00
2013-02-18,24.14,24.47,24.09,24.24,1315485,32840604.00
2013-02-19,24.24,24.29,23.54,23.59,1090064,26752606.00
2013-02-20,23.32,24.02,23.32,24.00,739900,18132628.00
2013-02-21,23.84,23.97,23.38,23.79,1468431,35691096.00
2013-02-22,23.73,24.16,23.57,24.04,1409690,34782380.00
2013-02-25,24.07,24.57,23.78,24.07,1482618,36730180.00
2013-02-26,23.99,24.05,23.47,23.52,1113517,27260920.00
2013-02-27,23.49,23.72,23.05,23.21,897142,21586796.00
2013-02-28,23.25,23.63,23.23,23.60,695550,16836878.00
2013-03-01,23.59,23.73,23.39,23.62,1010763,24518192.00
2013-03-04,23.34,23.55,22.45,22.61,1297113,30919662.00
2013-03-05,22.61,22.77,22.10,22.71,2010564,46510352.00
2013-03-06,22.70,22.95,22.47,22.89,1411122,33092934.00
2013-03-07,22.86,23.34,22.64,23.25,1518587,36122312.00
2013-03-08,23.25,23.60,22.94,23.01,1116770,26896922.00
2013-03-11,22.89,23.03,22.66,22.81,373944,8810706.00
2013-03-12,22.99,23.00,21.74,21.84,940764,21521938.00
2013-03-13,21.85,21.94,21.39,21.51,488168,10882788.00
2013-03-14,21.52,21.69,21.21,21.34,729969,16147908.00
2013-03-15,21.35,21.68,21.17,21.24,486363,10767092.00
2013-03-18,21.26,21.64,21.23,21.60,771455,17161078.00
2013-03-19,21.51,21.70,21.25,21.61,339539,7545658.00
2013-03-20,21.52,22.13,21.52,22.10,695459,15694854.00
2013-03-21,21.99,22.29,21.97,22.11,714666,16335569.00
2013-03-22,22.09,22.28,21.97,22.27,483747,11046383.00
2013-03-25,22.27,22.41,21.79,22.00,694538,15771933.00
2013-03-26,21.94,22.35,21.64,22.19,849204,19235302.00
2013-03-27,22.19,22.24,22.03,22.05,434641,9923999.00
2013-03-28,22.04,22.04,21.35,21.38,518241,11548164.00
2013-03-29,21.49,21.52,21.30,21.39,313352,6928459.00
2013-04-01,21.38,21.58,21.19,21.48,264149,5856383.00
2013-04-02,21.54,21.62,21.32,21.33,348808,7721633.00
2013-04-03,21.24,21.35,19.80,20.02,1177406,24695500.00
2013-04-08,18.91,19.40,18.50,19.29,941065,18439674.00
2013-04-09,19.19,20.02,18.95,19.77,659679,13385549.00
2013-04-10,19.69,19.76,19.27,19.40,647165,13017382.00
2013-04-11,19.41,20.43,19.35,20.29,1118398,23183036.00
2013-04-12,20.18,20.42,19.97,20.28,709534,14828859.00
2013-04-15,19.99,20.09,19.59,19.64,321740,6586540.00
2013-04-16,19.35,19.89,19.35,19.78,271371,5534418.50
2013-04-17,19.65,19.88,19.60,19.83,243066,4971922.50
2013-04-18,19.92,19.99,19.76,19.91,256199,5275872.50
2013-04-19,19.86,20.49,19.61,20.43,508317,10671460.00
2013-04-22,20.29,21.13,20.11,21.06,794524,17054068.00
2013-04-23,20.99,21.19,20.80,20.97,758841,16471410.00
2013-04-24,20.39,20.99,19.83,20.97,1339187,28254016.00
2013-04-25,20.83,20.83,20.27,20.39,661083,14025607.00
2013-04-26,20.32,20.48,19.81,19.88,531309,11113370.00
2013-05-02,19.57,19.97,19.47,19.93,291215,5961326.50
2013-05-03,19.72,20.28,19.69,20.10,681935,14138746.00
2013-05-06,20.07,20.35,19.96,20.30,773117,16144335.00
2013-05-07,20.29,20.32,20.10,20.19,435509,9098011.00
2013-05-08,20.21,20.67,20.10,20.67,792331,16746187.00
2013-05-09,20.68,21.15,20.51,21.03,1139929,24572308.00
2013-05-10,21.04,21.63,20.79,21.59,1183449,25978426.00
2013-05-13,21.64,21.64,21.29,21.44,584172,12933595.00
2013-05-14,21.30,22.04,21.30,21.54,899612,20102990.00
2013-05-15,21.53,21.73,21.32,21.54,503066,11165211.00
2013-05-16,21.66,22.06,21.49,21.68,692789,15559407.00
2013-05-17,21.68,22.09,21.64,21.88,715242,16156223.00
2013-05-20,21.92,22.27,21.92,22.11,1593753,36253552.00
2013-05-21,22.11,22.11,21.81,21.97,1109074,25122768.00
2013-05-22,22.06,22.64,21.95,22.29,1688701,39020360.00
2013-05-23,22.19,22.39,21.89,21.89,852808,19470048.00
2013-05-24,21.88,22.12,21.69,22.07,1244685,28108224.00
2013-05-27,22.10,22.63,22.09,22.37,1167416,26943266.00
2013-05-28,22.40,22.44,21.80,22.14,736129,16807980.00
2013-05-29,22.18,22.32,21.99,22.19,573348,13091521.00
2013-05-30,22.17,22.59,22.13,22.41,1173279,27108560.00
2013-05-31,22.58,22.94,22.37,22.54,1459890,34233856.00
2013-06-03,22.61,22.61,22.07,22.40,846456,19486248.00
2013-06-04,22.29,22.36,21.39,21.69,888970,20081198.00
2013-06-05,21.54,21.82,21.46,21.78,545579,12202143.00
2013-06-06,21.59,21.78,21.39,21.40,402182,8938742.00
2013-06-07,21.49,21.52,20.73,20.83,601473,12964795.00
2013-06-13,20.75,20.79,20.02,20.22,363472,7518409.00
2013-06-14,20.32,20.70,20.28,20.60,371299,7786430.00
2013-06-17,20.62,21.20,20.47,20.95,505392,10790334.00
2013-06-18,20.88,21.18,20.67,20.94,385580,8253511.00
2013-06-19,20.94,20.94,20.23,20.70,333620,7031235.00
2013-06-20,20.62,20.67,19.96,19.97,432627,8965869.00
2013-06-21,19.82,19.82,19.32,19.65,415715,8327272.50
2013-06-24,19.51,19.77,18.80,18.90,509686,10035521.00
2013-06-25,18.52,19.15,18.02,18.72,902246,17104576.00
2013-06-26,18.97,20.48,18.92,19.60,1524249,30871008.00
2013-06-27,19.63,19.89,18.85,19.10,1162034,23041950.00
2013-06-28,18.90,19.47,18.78,19.00,505496,9898210.00
2013-07-01,19.00,19.43,18.89,19.42,382418,7510151.00
2013-07-02,19.50,19.83,19.13,19.81,804496,16193344.00
2013-07-03,19.82,19.82,19.30,19.64,645253,12918377.00
2013-07-04,19.53,20.17,19.49,19.96,748757,15290598.00
2013-07-05,19.92,20.28,19.44,19.52,539534,10937547.00
2013-07-08,19.34,19.39,18.57,18.63,619322,11965031.00
2013-07-09,18.60,18.97,18.60,18.82,263551,5092033.50
2013-07-10,18.77,19.50,18.72,19.50,562948,11083215.00
2013-07-11,19.49,20.09,19.33,19.94,900761,18265252.00
2013-07-12,19.98,20.22,19.72,19.78,811253,16592478.00
2013-07-15,19.98,20.28,19.80,20.22,681985,14057794.00
2013-07-16,20.31,20.72,20.23,20.57,740989,15518867.00
2013-07-17,20.61,20.61,19.90,19.91,693725,14348590.00
2013-07-18,19.82,20.44,19.81,20.08,506509,10437371.00
2013-07-19,20.02,20.32,19.70,19.71,632632,12968676.00
2013-07-22,19.57,19.99,19.24,19.99,540683,10930425.00
2013-07-23,19.93,20.47,19.93,20.45,939433,19494128.00
2013-07-24,20.38,20.72,20.13,20.69,918289,19239242.00
2013-07-25,20.84,22.07,20.84,21.82,2658978,58795308.00
2013-07-26,21.52,21.71,20.87,21.24,1460277,31771654.00
2013-07-29,21.02,21.18,20.70,21.12,718395,15335991.00
2013-07-30,21.02,21.71,20.79,21.66,1093137,23945414.00
2013-07-31,21.58,21.81,21.37,21.40,663396,14604365.00
2013-08-01,21.37,21.68,21.34,21.59,846126,18604818.00
2013-08-02,21.67,22.11,21.60,21.92,1105181,24711652.00
2013-08-05,21.98,22.19,21.74,22.16,698370,15757469.00
2013-08-06,22.16,22.36,21.97,22.00,863445,19506920.00
2013-08-07,21.91,22.12,21.52,21.55,871543,19421972.00
2013-08-08,21.46,21.72,21.21,21.31,1193437,26124338.00
2013-08-09,21.34,22.06,21.33,21.92,1486438,33213192.00
2013-08-12,22.07,22.20,21.78,22.02,985687,22129918.00
2013-08-13,22.03,22.70,22.03,22.40,1482787,34036180.00
2013-08-14,22.40,22.66,22.13,22.19,957017,21808672.00
2013-08-15,22.11,22.28,21.79,21.80,788628,17780064.00
2013-08-16,21.50,22.03,21.18,21.24,1089211,23981098.00
2013-08-19,21.12,21.57,21.03,21.55,378290,8279921.00
2013-08-20,21.55,21.96,21.55,21.67,471315,10489372.00
2013-08-21,21.79,21.85,21.35,21.85,468758,10370991.00
2013-08-22,21.79,22.15,21.55,21.80,688942,15444547.00
2013-08-23,21.72,21.92,21.31,21.36,1345293,29559986.00
2013-08-26,21.39,21.84,21.24,21.82,638775,14112288.00
2013-08-27,21.80,22.11,21.80,21.99,602447,13516576.00
2013-08-28,21.84,21.84,21.48,21.58,795837,17611906.00
2013-08-29,21.59,21.92,21.48,21.75,607847,13486736.00
2013-08-30,21.62,21.89,21.33,21.35,634394,14016345.00
2013-09-02,21.27,21.40,20.86,21.22,610428,13152219.00
2013-09-03,21.22,21.67,21.20,21.51,432610,9497657.00
2013-09-04,21.47,21.69,21.42,21.69,609292,13437326.00
2013-09-05,21.71,21.97,21.52,21.82,756747,16847820.00
2013-09-06,21.78,22.07,21.63,21.88,803609,17994976.00
2013-09-09,21.92,21.98,21.63,21.73,782433,17412950.00
2013-09-10,21.74,21.96,21.68,21.92,668972,14930379.00
2013-09-11,21.92,22.27,21.87,21.99,1147962,25836470.00
2013-09-12,21.90,22.02,21.53,21.60,832281,18472156.00
2013-09-13,21.59,21.70,21.35,21.52,863861,19011046.00
2013-09-16,21.52,22.00,21.52,21.91,953364,21276072.00
2013-09-17,22.01,22.02,21.43,21.48,715448,15905211.00
2013-09-18,21.43,21.72,21.32,21.67,478036,10508115.00
2013-09-23,21.56,21.97,21.56,21.84,1064621,23723256.00
2013-09-24,21.84,22.17,21.82,22.05,808585,18224296.00
2013-09-26,22.37,24.25,22.32,23.31,5543362,132382248.00
2013-09-27,23.12,23.63,22.75,23.24,2168031,51472020.00
2013-09-30,23.25,23.45,22.85,23.08,1214029,28581344.00
2013-10-08,22.96,23.69,22.96,23.59,1938749,46363384.00
2013-10-09,23.60,24.62,23.59,24.19,2265126,55715624.00
2013-10-10,24.09,25.04,23.92,24.63,2678728,66923428.00
2013-10-11,24.53,24.88,24.36,24.62,1216133,30487648.00
2013-10-14,24.62,25.36,24.54,24.63,1593506,40400144.00
2013-10-15,24.66,26.18,24.52,25.77,3002475,78035472.00
2013-10-16,25.52,25.68,24.87,25.37,2421415,62341140.00
2013-10-17,25.32,25.62,24.89,25.42,1461275,37612164.00
2013-10-18,25.20,25.79,24.97,25.40,987283,25618238.00
2013-10-21,25.28,26.90,25.20,26.67,1925997,51555932.00
2013-10-22,26.44,27.28,26.44,26.57,1498530,41033496.00
2013-10-23,26.52,29.23,26.42,27.52,3790977,108058592.00
2013-10-24,27.63,27.64,27.03,27.32,1402813,38933360.00
2013-10-25,27.70,27.70,25.42,25.46,2487549,66334132.00
2013-10-28,25.39,25.81,24.62,25.02,1118713,28704784.00
2013-10-29,25.25,25.25,23.24,23.63,4133118,101214672.00
2013-10-30,23.78,24.66,23.52,24.50,1897959,46728440.00
2013-10-31,24.35,26.50,24.17,25.77,3624322,94298600.00
2013-11-01,25.37,25.81,24.49,25.11,3230985,82589616.00
2013-11-04,25.02,25.62,24.82,25.43,1345644,34704012.00
2013-11-05,25.22,25.75,25.04,25.65,2141523,55780124.00
2013-11-06,25.68,25.76,24.78,24.97,2735484,70797344.00
2013-11-07,24.86,25.47,24.52,24.98,1139797,29148832.00
2013-11-08,25.02,25.02,23.93,24.07,1778717,44007848.00
2013-11-11,24.01,25.32,23.82,25.28,1676401,42400424.00
2013-11-12,25.37,26.30,25.35,25.83,3561420,93945464.00
2013-11-13,25.52,26.68,25.52,26.30,3829844,102475608.00
2013-11-14,26.22,28.63,26.10,27.68,5491043,153553984.00
2013-11-15,27.50,28.82,27.44,28.46,4980346,142473056.00
2013-11-18,28.27,28.95,27.97,28.71,4603014,133385168.00
2013-11-19,28.57,28.91,27.85,28.20,3284347,94311488.00
2013-11-20,28.16,28.27,27.55,28.22,2710151,76970264.00
2013-11-21,28.02,29.61,27.75,29.42,4576068,135320816.00
2013-11-22,29.41,29.71,28.23,28.37,2861332,84374960.00
2013-11-25,28.42,30.32,28.02,30.25,4560347,136669168.00
2013-11-26,30.02,31.12,29.63,29.77,5149083,158697360.00
2013-11-27,29.59,30.64,29.40,30.19,3705799,113179784.00
2013-11-28,30.18,32.46,30.02,31.80,5439502,173851872.00
2013-11-29,31.87,34.18,31.87,33.18,6577313,220426784.00
2013-12-02,29.82,31.81,29.81,29.81,5603398,173086848.00
2013-12-03,28.34,31.82,28.34,31.52,5677166,174997808.00
2013-12-04,31.11,33.17,30.42,30.48,6507973,211328192.00
2013-12-05,30.18,31.91,29.20,31.91,5420182,169980128.00
2013-12-06,31.60,32.20,30.03,30.32,3821156,120633072.00
2013-12-09,30.50,33.05,30.20,33.02,5234390,168957136.00
2013-12-10,32.53,33.87,31.62,32.78,5606704,185631008.00
2013-12-11,32.52,33.82,32.16,33.27,4510528,151478192.00
2013-12-12,32.85,35.42,32.74,34.52,6498093,225732672.00
2013-12-13,31.04,31.52,31.02,31.02,3340662,105442592.00
2013-12-16,29.82,30.09,28.10,28.37,8456602,249545440.00
2013-12-17,28.37,28.71,27.97,28.12,3461704,99744672.00
2013-12-18,28.09,28.35,27.20,27.49,3474416,97498912.00
2013-12-19,27.49,27.88,27.16,27.61,2859158,80091800.00
2013-12-20,27.55,27.55,25.95,26.17,3639748,98592256.00
2013-12-23,26.15,26.63,25.16,26.59,3500755,92388752.00
2013-12-24,26.36,27.38,26.36,26.82,4003006,109973360.00
2013-12-25,26.97,28.22,26.82,28.07,5858433,165100960.00
2013-12-26,27.97,28.00,26.91,27.02,4161063,115837920.00
2013-12-27,26.75,27.47,26.75,27.18,2344467,64883684.00
2013-12-30,27.20,28.96,27.20,28.39,5639309,162872352.00
2013-12-31,28.22,28.85,27.95,28.62,2927650,84476912.00
2014-01-02,28.49,28.76,28.18,28.68,1909372,55370704.00
2014-01-03,28.64,28.81,27.84,28.00,2158395,61747452.00
2014-01-06,27.95,27.95,26.32,26.39,2060552,56413132.00
2014-01-07,26.40,27.03,26.29,26.82,1331905,36307232.00
2014-01-08,26.82,27.19,26.44,26.77,1602710,43705692.00
2014-01-09,26.66,27.62,26.42,27.18,2157040,59638068.00
2014-01-10,26.98,27.82,26.84,27.16,1519318,42418212.00
2014-01-13,27.08,27.22,25.48,25.66,1889985,50546392.00
2014-01-14,25.71,26.36,25.63,26.25,1260606,33278462.00
2014-01-15,26.13,26.80,26.04,26.79,1449031,38887284.00
2014-01-16,26.82,27.62,26.60,27.04,2097258,58197700.00
2014-01-17,27.00,27.00,26.32,26.47,1046916,28247914.00
2014-01-20,26.43,26.63,25.54,25.72,1026065,27109196.00
2014-01-21,25.52,26.20,25.52,25.98,969192,25620752.00
2014-01-22,25.92,26.70,25.83,26.67,1369012,36796776.00
2014-01-23,26.67,27.07,26.42,26.77,1669029,45415596.00
2014-01-24,26.62,27.77,26.58,27.49,2266563,63151552.00
2014-01-27,27.22,27.61,27.10,27.19,1473976,40989028.00
2014-01-28,27.19,27.32,26.57,26.58,1152455,31485078.00
2014-01-29,26.57,27.69,26.57,27.66,2092356,58383360.00
2014-01-30,27.72,27.92,27.02,27.32,1079254,30108872.00
2014-02-07,26.82,27.57,26.82,27.57,955959,26483976.00
2014-02-10,27.60,28.21,27.44,28.17,2596432,73709328.00
2014-02-11,28.36,28.36,27.62,27.78,2164288,61491884.00
2014-02-12,27.79,28.51,27.47,28.50,3401626,96527912.00
2014-02-13,28.48,29.82,28.23,29.00,4479167,132672176.00
2014-02-14,28.93,29.50,28.56,29.49,2822860,83477648.00
2014-02-17,29.55,29.77,29.05,29.61,3608232,107527992.00
2014-02-18,29.61,29.67,28.72,28.91,2954884,87394112.00
2014-02-19,28.87,28.97,28.56,28.72,1595925,46637288.00
2014-02-20,28.67,28.87,27.71,27.81,1940366,55367112.00
2014-02-21,27.68,28.01,27.27,27.57,1717669,48234828.00
2014-02-24,27.49,27.49,26.89,27.11,1397346,38497728.00
2014-02-25,27.11,27.48,25.78,25.83,1899098,51778964.00
2014-02-26,25.77,26.01,24.13,25.03,2862356,73046008.00
2014-02-27,25.22,25.37,24.52,24.54,1216758,31004816.00
2014-02-28,24.54,24.98,24.52,24.87,892074,22534314.00
2014-03-03,24.86,25.44,24.79,25.36,1147329,29467160.00
2014-03-04,25.32,25.32,24.65,24.87,1031234,26209276.00
2014-03-05,25.11,26.08,24.92,25.64,1919485,50188340.00
2014-03-06,25.64,26.00,25.15,25.80,1297915,33870952.00
2014-03-07,25.72,28.43,25.62,27.01,3671259,101683264.00
2014-03-10,26.26,26.27,24.84,25.02,2447895,63688416.00
2014-03-11,24.74,25.23,24.70,25.02,950205,24165692.00
2014-03-12,24.85,25.07,24.21,24.52,869888,21807282.00
2014-03-13,24.71,25.07,24.52,24.93,577953,14621133.00
2014-03-14,24.67,25.02,24.48,24.67,596286,15023119.00
2014-03-17,24.81,25.44,24.54,25.36,802965,20548098.00
2014-03-18,25.40,26.03,25.40,25.48,980206,25649574.00
2014-03-19,25.32,25.92,25.17,25.90,943693,24553210.00
2014-03-20,25.90,25.97,25.27,25.27,847458,22098972.00
2014-03-21,25.12,25.71,25.02,25.62,786485,20331034.00
2014-03-24,25.62,25.62,25.33,25.46,565503,14672402.00
2014-03-25,25.37,25.62,25.24,25.35,417826,10825595.00
2014-03-26,25.36,25.64,25.34,25.62,599946,15593749.00
2014-03-27,25.62,25.66,25.00,25.00,635046,16444542.00
2014-03-28,24.88,25.00,23.70,23.70,1327701,32673398.00
2014-03-31,23.52,24.12,23.52,23.70,575990,14016326.00
2014-04-01,23.72,23.97,23.72,23.93,540080,13151249.00
2014-04-02,23.95,24.06,23.57,23.75,704307,17074026.00
2014-04-03,23.78,24.07,23.66,24.00,604562,14738556.00
2014-04-04,24.00,24.14,23.78,24.13,416179,10203226.00
2014-04-08,24.11,24.60,23.93,24.50,955343,23681996.00
2014-04-09,24.44,24.67,24.32,24.54,866297,21630000.00
2014-04-10,24.52,24.71,24.41,24.59,849080,21289090.00
2014-04-11,24.44,24.52,24.20,24.32,765556,18982544.00
2014-04-14,24.31,24.71,24.21,24.67,764435,19134368.00
2014-04-15,24.67,24.67,24.36,24.46,751689,18763604.00
2014-04-16,24.32,24.81,24.31,24.75,930056,23357078.00
2014-04-17,24.81,24.81,24.55,24.73,461026,11583768.00
2014-04-18,24.73,25.50,24.64,24.88,629062,16046193.00
2014-04-21,24.77,25.41,24.74,25.09,1188630,30464412.00
2014-04-22,24.79,25.17,24.35,24.78,816519,20578188.00
2014-04-23,24.76,24.76,24.33,24.72,604463,15116336.00
2014-04-24,24.72,25.51,24.72,25.29,919291,23471178.00
2014-04-25,25.51,25.51,24.82,24.85,866378,22118866.00
2014-04-28,24.45,24.62,23.67,23.72,709642,17446622.00
2014-04-29,23.73,24.17,23.63,24.17,399213,9754072.00
2014-04-30,24.17,24.48,23.98,24.48,318002,7854072.00
2014-05-05,24.40,25.21,24.40,24.68,405620,10202343.00
2014-05-06,24.85,24.95,24.63,24.77,409516,10359606.00
2014-05-07,24.77,24.78,24.10,24.41,445617,11081505.00
2014-05-08,24.22,24.71,24.22,24.29,363479,9079229.00
2014-05-09,24.34,24.44,23.97,24.07,390060,9599260.00
2014-05-12,24.21,24.66,24.21,24.61,595767,14867991.00
2014-05-13,24.79,24.79,24.54,24.63,406764,10222806.00
2014-05-14,24.51,24.80,24.51,24.71,397833,10009904.00
2014-05-15,24.72,25.66,24.67,25.14,1486550,38324224.00
2014-05-16,25.12,25.32,24.58,24.95,785408,19995788.00
2014-05-19,24.81,24.93,24.64,24.78,412770,10420028.00
2014-05-20,25.01,25.40,25.00,25.12,803390,20660686.00
2014-05-21,25.12,25.58,24.80,25.55,1072038,27733668.00
2014-05-22,25.52,26.25,25.47,25.95,1843203,48626984.00
2014-05-23,25.90,26.09,25.59,26.00,776036,20445066.00
2014-05-26,26.04,26.19,25.82,25.98,708196,18727148.00
2014-05-27,26.00,26.02,25.51,25.60,828389,21683358.00
2014-05-28,25.53,26.20,25.52,26.09,1047212,27584866.00
2014-05-29,25.94,26.08,25.36,25.44,662394,17338150.00
2014-05-30,25.44,25.81,25.37,25.46,589588,15350404.00
2014-06-03,25.55,25.79,25.42,25.79,590907,15471290.00
2014-06-04,25.78,25.78,25.15,25.34,680885,17578158.00
2014-06-05,25.34,25.77,25.20,25.73,593914,15439497.00
2014-06-06,25.77,26.42,25.74,26.24,1513603,40300624.00
2014-06-09,26.32,26.37,25.99,25.99,698426,18609820.00
2014-06-10,25.98,26.17,25.67,26.12,786408,20787062.00
2014-06-11,26.13,26.98,26.03,26.82,1791069,47970980.00
2014-06-12,26.78,26.90,26.59,26.77,862232,23270658.00
2014-06-13,26.83,26.88,26.59,26.86,953945,25752034.00
2014-06-16,26.87,27.04,26.67,26.71,838344,22690436.00
2014-06-17,26.76,26.76,26.17,26.19,978728,26036656.00
2014-06-18,26.20,26.34,25.87,25.90,728733,19103082.00
2014-06-19,26.15,26.25,25.07,25.08,1143844,29733044.00
2014-06-20,25.23,26.88,25.23,26.36,1747048,46298644.00
2014-06-23,26.53,27.78,26.50,27.40,2720505,74917376.00
2014-06-24,27.14,28.18,27.10,27.70,2461919,69109952.00
2014-06-25,27.56,27.97,27.29,27.71,1609381,44826424.00
2014-06-26,27.74,28.64,27.74,28.24,2620444,74651744.00
2014-06-27,28.35,28.37,28.09,28.19,1414170,40208108.00
2014-06-30,28.19,28.28,27.44,27.75,1927578,53755144.00
2014-07-01,27.75,28.58,27.54,28.20,1460567,41343312.00
2014-07-02,28.21,28.26,27.63,27.99,1132745,31856834.00
2014-07-03,27.98,28.18,27.83,28.06,908930,25681636.00
2014-07-04,28.05,28.78,27.89,28.72,1860233,53386348.00
2014-07-07,28.74,28.77,27.83,27.86,1788982,50837472.00
2014-07-08,27.75,28.03,27.35,27.78,1561654,43633448.00
2014-07-09,27.78,27.87,27.18,27.25,1358953,37741724.00
2014-07-10,27.26,27.57,27.26,27.30,618069,17080840.00
2014-07-11,27.30,27.98,27.29,27.88,891059,24957990.00
2014-07-14,27.96,28.98,27.66,28.66,1485799,42625804.00
2014-07-15,28.68,28.92,28.28,28.47,1068512,30732566.00
2014-07-16,28.28,28.59,27.98,28.15,714909,20316606.00
2014-07-17,28.03,28.68,28.03,28.57,770810,22066580.00
2014-07-18,28.46,28.67,28.12,28.18,525530,15015338.00
2014-07-21,28.08,28.15,27.46,27.57,657519,18331774.00
2014-07-22,27.44,28.12,27.44,27.97,697499,19652776.00
2014-07-23,27.96,28.06,26.91,27.18,768079,21248446.00
2014-07-24,27.19,27.44,26.99,27.24,651573,17908658.00
2014-07-25,27.28,27.39,27.19,27.38,370398,10206457.00
2014-07-28,27.43,28.28,27.43,28.09,739634,20786130.00
2014-07-29,28.07,28.36,27.78,27.81,976697,27653614.00
2014-07-30,27.91,28.05,27.68,27.89,733411,20586154.00
2014-07-31,27.90,28.29,27.80,28.19,664021,18807336.00
2014-08-01,28.16,28.33,27.68,27.68,807777,22819454.00
2014-08-04,27.65,28.11,27.65,28.07,708221,19955576.00
2014-08-05,28.06,28.63,27.94,28.48,1250951,35787316.00
2014-08-06,28.38,28.58,28.18,28.44,759084,21734428.00
2014-08-07,28.47,28.56,28.22,28.25,777126,22242992.00
2014-08-08,28.29,28.75,28.21,28.65,994507,28636748.00
2014-08-11,28.44,28.44,27.78,28.24,2610202,73952176.00
2014-08-12,28.23,28.23,27.92,28.07,1088014,30770952.00
2014-08-13,28.07,28.20,27.88,28.13,1104922,31222928.00
2014-08-14,28.19,28.19,27.63,27.64,2133133,59906696.00
2014-08-15,27.61,27.97,27.48,27.85,2126413,59325404.00
2014-08-18,27.90,28.35,27.76,28.33,1921303,54403204.00
2014-08-19,28.38,28.63,28.22,28.53,1672271,47883224.00
2014-08-20,28.58,29.29,28.50,29.06,2820782,82275848.00
2014-08-21,28.97,29.07,28.60,28.98,1116605,32415814.00
2014-08-22,28.99,29.16,28.68,28.83,1427264,41566400.00
2014-08-25,28.73,29.23,28.39,29.13,1759192,51075272.00
2014-08-26,29.03,29.10,28.49,28.66,1256341,36443036.00
2014-08-27,28.48,28.64,28.18,28.26,732792,20935216.00
2014-08-28,28.26,28.76,28.18,28.23,816286,23393844.00
2014-08-29,28.22,28.64,28.19,28.63,587846,16862704.00
2014-09-01,28.66,29.27,28.52,29.24,1186564,34707584.00
2014-09-02,29.44,30.70,29.36,30.33,2922914,88832728.00
2014-09-03,30.31,30.41,29.96,30.23,1387386,42174344.00
2014-09-04,30.24,30.48,30.12,30.45,1046573,31983782.00
2014-09-05,30.58,30.74,30.13,30.56,1069747,32736594.00
2014-09-09,30.68,30.78,30.01,30.19,915327,27907970.00
2014-09-10,30.07,30.22,29.76,30.15,1151487,34777344.00
2014-09-11,30.13,30.32,29.24,29.37,2414319,72385400.00
2014-09-12,29.38,30.55,29.14,29.93,2256305,67069740.00
2014-09-15,29.92,29.97,29.64,29.88,1276028,38295164.00
2014-09-16,29.89,30.35,29.23,29.30,1578228,47403444.00
2014-09-17,29.14,29.59,29.14,29.59,721608,21324742.00
2014-09-18,29.59,29.98,29.39,29.85,1191361,35737616.00
2014-09-19,29.88,29.98,29.63,29.94,1572267,47193384.00
2014-09-22,29.58,29.77,29.18,29.38,803078,23759056.00
2014-09-23,29.47,29.98,29.25,29.97,949761,28445442.00
2014-09-24,29.96,30.13,29.63,30.10,1311869,39613012.00
2014-09-25,30.10,30.60,29.98,30.28,1485814,45410376.00
2014-09-26,30.08,30.97,29.88,30.69,1410367,43588176.00
2014-09-29,30.78,31.06,30.57,30.85,1210955,37521216.00
2014-09-30,30.82,31.36,30.79,31.01,1283269,40251936.00
2014-10-08,31.08,31.98,31.04,31.90,1570871,50023728.00
2014-10-09,31.73,31.78,31.08,31.48,1338043,42367000.00
2014-10-10,31.38,32.06,31.08,31.15,1320840,41835988.00
2014-10-13,31.18,31.90,30.80,31.84,1686818,53285148.00
2014-10-14,32.03,32.11,31.28,31.44,1243103,39681696.00
2014-10-15,30.48,30.76,29.66,30.69,3392164,103736576.00
2014-10-16,30.41,31.08,30.38,30.58,1578635,48917280.00
2014-10-17,30.48,31.72,30.28,31.43,2135195,66665800.00
2014-10-20,31.58,32.43,31.40,32.34,2150678,69441416.00
2014-10-21,32.48,32.95,32.01,32.23,1813456,59228460.00
2014-10-22,32.24,32.94,31.71,31.77,1828248,59723036.00
2014-10-23,31.68,31.96,31.07,31.18,1258593,39691672.00
2014-10-24,31.27,31.72,30.96,31.12,1121474,35440836.00
2014-10-27,31.33,31.63,30.92,31.48,1420930,44710700.00
2014-10-28,31.65,32.54,31.50,32.53,1784075,57849584.00
2014-10-29,32.83,32.96,32.42,32.62,1812264,59550548.00
2014-10-30,32.64,32.67,32.18,32.28,1552684,50690540.00
2014-10-31,32.42,32.97,32.31,32.78,1825063,60090344.00
2014-11-03,32.83,33.06,32.38,33.04,1941439,63852784.00
2014-11-04,33.03,33.46,32.45,32.58,1768960,58638396.00
2014-11-05,32.63,32.78,32.30,32.63,955653,31322444.00
2014-11-06,32.68,34.15,32.59,34.09,2983279,101076824.00
2014-11-07,34.48,34.66,33.20,33.28,2738063,92861064.00
2014-11-10,33.08,33.41,32.78,33.36,2226852,74134400.00
2014-11-11,33.48,33.77,32.23,32.64,2029592,66951344.00
2014-11-12,32.58,34.08,32.39,33.98,3183163,106961520.00
2014-11-13,33.56,33.76,32.69,32.78,2369181,78915576.00
2014-11-14,32.67,32.68,31.24,31.39,2521744,80830096.00
2014-11-17,31.44,32.08,31.14,31.74,1429058,45777368.00
2014-11-18,31.81,32.18,31.49,32.08,915579,29492316.00
2014-11-19,32.08,32.08,31.30,31.85,1133070,36220096.00
2014-11-20,31.58,31.78,31.41,31.71,868753,27675040.00
2014-11-21,31.69,32.39,31.65,32.09,1099353,35497256.00
2014-11-24,32.37,32.76,32.10,32.47,1682062,54938532.00
2014-11-25,32.68,32.68,32.02,32.38,2153884,69966344.00
2014-11-26,32.48,32.57,32.08,32.48,1585933,51648264.00
2014-11-27,32.58,33.06,32.48,32.77,1995884,65729940.00
2014-11-28,32.79,33.58,32.63,33.49,2857535,95457208.00
2014-12-01,33.60,34.07,32.88,33.08,2240791,75397368.00
2014-12-02,33.08,34.48,32.99,34.08,2886671,98885680.00
2014-12-03,33.90,35.28,33.88,34.90,2952262,102762832.00
2014-12-04,34.94,35.11,34.53,34.74,2418151,84513520.00
2014-12-05,34.72,34.72,32.58,33.24,3054841,102618432.00
2014-12-08,33.14,33.14,32.02,32.25,2346143,76894928.00
2014-12-09,32.22,32.86,31.18,31.18,2440425,78530832.00
2014-12-10,31.17,32.14,30.78,32.08,1466135,46704768.00
2014-12-11,32.14,33.58,32.08,33.15,2064248,68557896.00
2014-12-12,33.14,33.14,32.50,32.80,1253678,41248992.00
2014-12-15,32.69,33.23,32.51,33.09,1527936,50584572.00
2014-12-16,32.98,32.98,32.33,32.54,1235955,40576964.00
2014-12-17,32.45,32.45,31.23,31.59,1634466,52044172.00
2014-12-18,31.58,32.03,31.19,31.33,1220853,38729616.00
2014-12-19,31.28,31.28,29.73,30.42,2049819,62511616.00
2014-12-22,29.88,30.08,27.88,28.64,2193886,63573308.00
2014-12-23,28.64,29.16,28.23,28.38,1124083,32487594.00
2014-12-24,28.58,30.00,28.58,29.74,1651636,48786024.00
2014-12-25,29.95,30.24,29.44,29.86,1158243,34789568.00
2014-12-26,29.68,30.07,29.51,29.68,885613,26494128.00
2014-12-29,29.52,29.53,28.46,28.63,1252724,36270124.00
2014-12-30,28.58,28.61,27.19,27.71,2049075,57321240.00
2014-12-31,27.71,28.18,27.48,28.06,1261639,35350360.00
2015-01-05,27.93,28.60,27.24,28.04,1385131,38736340.00
2015-01-06,27.87,28.78,27.61,28.78,1516936,43349408.00
2015-01-07,28.73,28.73,28.29,28.54,1115263,31984454.00
2015-01-08,28.33,28.90,28.29,28.40,902502,25992988.00
2015-01-09,28.40,28.81,28.31,28.48,952384,27451018.00
2015-01-12,28.40,28.61,27.78,27.83,800519,22667128.00
2015-01-13,27.73,28.45,27.60,28.44,955452,27136898.00
2015-01-14,28.46,28.66,28.18,28.39,854051,24455912.00
2015-01-15,28.54,28.63,28.25,28.40,999820,28646224.00
2015-01-16,28.50,29.28,28.34,28.97,1375537,39889656.00
2015-01-19,28.38,29.78,28.17,28.58,1800391,52419288.00
2015-01-20,28.79,29.72,28.77,29.69,2209037,65139044.00
2015-01-21,29.74,30.11,29.56,29.96,2733417,82239136.00
2015-01-22,29.96,30.17,29.65,29.95,1677356,50583432.00
2015-01-23,29.97,30.13,29.39,29.43,1799288,53784536.00
2015-01-26,29.43,30.47,29.18,30.44,2636943,79664288.00
2015-01-27,30.42,30.48,29.89,30.48,2697104,82093176.00
2015-01-28,30.45,31.05,30.21,30.58,2683413,83031032.00
2015-01-29,30.38,30.83,30.09,30.72,1921014,59130248.00
2015-01-30,30.75,30.83,29.88,29.89,1806569,55224896.00
2015-02-02,28.78,29.22,28.44,29.00,1924840,56167856.00
2015-02-03,29.00,29.24,28.68,29.09,1552609,45243020.00
2015-02-04,29.07,29.09,28.56,28.73,1785242,51777688.00
2015-02-05,28.87,28.88,28.32,28.62,2019348,58012516.00
2015-02-06,28.64,28.65,28.13,28.16,1133045,32316758.00
2015-02-09,28.18,28.18,27.33,27.45,1249497,34992864.00
2015-02-10,27.45,27.89,27.45,27.83,943940,26420926.00
2015-02-11,27.89,29.08,27.58,29.04,2338356,66969804.00
2015-02-12,28.63,29.63,28.58,29.36,3235800,95355424.00
2015-02-13,29.32,29.63,29.18,29.38,1800103,53283180.00
2015-02-16,29.34,29.73,29.30,29.46,1007377,29943708.00
2015-02-17,29.46,29.68,29.41,29.58,975459,29019508.00
2015-02-25,29.73,29.74,29.11,29.24,853340,25265056.00
2015-02-26,29.23,29.63,29.23,29.46,929107,27588880.00
2015-02-27,29.48,29.62,29.29,29.61,1233464,36620984.00
2015-03-02,29.61,30.28,29.58,30.24,1705462,51406656.00
2015-03-03,30.18,30.22,29.37,29.43,2117076,63569028.00
2015-03-04,29.41,29.76,29.39,29.65,1153330,34372836.00
2015-03-05,29.67,30.18,29.59,30.18,1860709,56008836.00
2015-03-06,30.12,30.35,29.71,29.88,1153395,34862936.00
2015-03-09,29.59,31.28,29.58,31.13,3260465,100704872.00
2015-03-10,30.96,32.70,30.84,32.57,4622025,148809648.00
2015-03-11,32.46,32.46,31.58,31.71,1743908,56171312.00
2015-03-12,31.71,32.14,31.08,32.00,1171936,37358992.00
2015-03-13,31.98,32.46,31.72,32.05,896146,28909472.00
2015-03-16,32.28,32.77,32.08,32.63,1593845,52138704.00
2015-03-17,32.68,32.98,32.13,32.36,1758164,57783280.00
2015-03-18,32.36,33.27,32.28,33.21,1594451,53008944.00
2015-03-19,33.21,33.44,32.71,33.07,1429001,47620884.00
2015-03-20,33.03,34.28,32.95,33.89,2188248,74494344.00
2015-03-23,34.10,34.86,34.10,34.64,2603641,90381152.00
2015-03-24,35.00,36.00,34.02,35.22,2867369,101552800.00
2015-03-25,35.29,35.98,34.79,35.48,2087070,74662376.00
2015-03-26,35.17,36.00,34.18,34.66,3260202,114834248.00
2015-03-27,34.66,35.98,34.66,35.76,2426355,86372400.00
2015-03-30,33.38,33.78,32.39,32.80,8154679,271260192.00
2015-03-31,32.63,33.08,32.36,32.94,3178643,104740696.00
2015-04-01,32.89,33.47,32.81,33.32,2901751,96959416.00
2015-04-02,33.38,33.56,33.21,33.55,3157956,106118008.00
2015-04-03,33.47,34.47,33.28,34.08,3831668,131160704.00
2015-04-07,34.18,35.13,34.13,34.95,3319845,116259440.00
2015-04-08,34.98,38.47,34.73,38.47,7102820,264713248.00
2015-04-09,38.48,39.27,35.81,38.14,4860075,184345696.00
2015-04-10,37.67,40.28,37.01,39.46,4172186,165435824.00
2015-04-13,39.43,40.28,38.30,39.47,2914935,115159216.00
2015-04-14,39.47,39.47,38.16,38.18,2205135,85749808.00
2015-04-15,38.17,38.17,35.39,35.48,2737015,101296056.00
2015-04-16,35.46,37.58,34.50,37.48,2994504,107825688.00
2015-04-17,37.18,40.28,36.80,39.18,4507551,175542368.00
2015-04-20,38.23,40.27,36.88,38.56,3340542,128802640.00
2015-04-21,37.38,39.66,36.89,38.96,5071700,195600032.00
2015-04-22,38.88,41.47,38.78,40.79,5242200,210181040.00
2015-04-23,40.63,42.28,39.67,40.02,2854491,116211976.00
2015-04-24,39.17,40.28,37.34,38.38,3115211,120532168.00
2015-04-27,38.66,39.15,38.08,38.48,2458289,95262824.00
2015-04-28,38.49,40.36,38.39,39.93,4655494,184063552.00
2015-04-29,39.57,41.78,39.30,41.29,2804172,114554776.00
2015-04-30,40.28,41.27,39.44,39.62,2727654,110249264.00
2015-05-04,39.09,40.28,38.68,39.98,1522247,60687548.00
2015-05-05,39.98,40.35,38.28,38.68,2102154,83000816.00
2015-05-06,38.80,39.21,36.28,37.85,2866848,111304136.00
2015-05-07,37.85,37.85,36.28,36.88,2101665,78386232.00
2015-05-08,36.98,38.07,36.68,37.24,3288524,123359440.00
2015-05-11,37.56,38.40,36.93,38.00,4031921,152685392.00
2015-05-12,38.03,38.48,37.60,38.20,3394591,129785856.00
2015-05-13,38.23,40.34,36.88,40.04,7184389,278118848.00
2015-05-14,40.03,43.78,39.88,42.40,9375940,392557568.00
2015-05-15,42.38,42.38,40.28,40.74,3492406,144171536.00
2015-05-18,41.16,42.28,41.10,41.31,3822877,159917040.00
2015-05-19,41.28,42.93,41.28,42.53,2722123,114751184.00
2015-05-20,42.53,43.77,42.18,42.73,3039212,131038392.00
2015-05-21,42.73,43.64,42.38,43.64,2502521,108782816.00
2015-05-22,44.37,47.28,44.15,46.61,3451595,157912128.00
2015-05-25,46.78,46.78,45.06,46.31,3085300,142433888.00
2015-05-26,46.31,50.60,45.50,50.60,5402519,253956256.00
2015-05-27,49.51,55.26,48.50,52.50,5479132,283202752.00
2015-05-28,52.23,55.00,47.26,47.45,4584346,237639888.00
2015-05-29,47.43,51.70,46.20,50.50,4139976,204283648.00
2015-06-01,50.55,54.95,50.55,53.11,3754052,198517888.00
2015-06-02,53.47,55.19,52.00,54.22,3350154,178643808.00
2015-06-03,53.58,54.20,51.00,51.77,3179492,166337136.00
2015-06-04,51.91,52.27,46.80,50.67,2672690,132372720.00
2015-06-05,50.51,51.98,49.50,50.43,2765993,140473376.00
2015-06-08,51.05,51.80,48.50,49.11,2367841,117171392.00
2015-06-09,49.11,50.60,48.39,49.10,2304800,113418264.00
2015-06-10,49.10,50.61,47.82,49.90,2175555,108712528.00
2015-06-11,50.44,52.50,49.90,51.94,2973725,154012816.00
2015-06-12,52.00,56.45,51.95,54.80,4591196,250696240.00
2015-06-15,54.04,59.88,54.04,55.50,3635026,207342192.00
2015-06-16,54.94,54.94,50.00,50.00,4199045,216709936.00
2015-06-17,50.50,51.94,47.62,51.59,2513556,125488560.00
2015-06-18,52.08,54.58,51.00,51.43,2971785,157689264.00
2015-06-19,50.00,51.00,46.29,46.29,2497160,121172664.00
2015-06-23,46.29,48.70,42.00,48.70,2936914,134614144.00
2015-06-24,48.68,51.50,47.76,51.49,3675492,183476768.00
2015-06-25,52.46,54.88,49.14,50.86,7072701,373422528.00
2015-06-26,48.99,48.99,45.77,45.77,3162753,147323776.00
2015-06-29,47.00,47.38,41.19,42.51,5384537,228416064.00
2015-06-30,41.49,44.00,38.26,43.26,5240148,212682896.00
2015-07-01,42.18,43.50,38.93,38.93,4114132,169644784.00
2015-07-02,38.89,38.89,35.04,35.04,4722332,168689568.00
2015-07-03,31.54,33.54,31.54,31.54,4200286,133835848.00
2015-07-06,33.70,33.99,28.39,28.39,5069603,153170816.00
2015-07-07,25.80,25.99,25.55,25.55,2250200,57593208.00
2015-07-14,28.11,28.11,28.11,28.11,362680,10194935.00
2015-07-15,30.92,30.92,29.40,29.75,11149437,340027360.00
2015-07-16,29.75,31.05,26.86,30.43,5693135,170946480.00
2015-07-17,30.45,33.47,30.45,33.47,4631736,149278560.00
2015-07-20,33.60,34.98,32.31,33.50,4975033,167985728.00
2015-07-21,32.67,34.23,32.30,33.98,3446473,115897744.00
2015-07-22,33.99,34.99,33.00,34.48,3676364,125091912.00
2015-07-23,34.20,36.97,34.01,36.96,5953410,212470384.00
2015-07-24,36.40,40.20,35.56,38.30,9342552,354710272.00
2015-07-27,36.79,39.27,34.47,34.47,5192528,192741824.00
2015-07-28,31.10,34.40,31.02,31.48,4310556,137466368.00
2015-07-29,32.52,33.35,30.03,33.19,3455691,109819008.00
2015-07-30,33.19,35.00,31.80,31.84,3789939,127022712.00
2015-07-31,31.10,32.28,30.69,31.22,2862987,90342288.00
2015-08-03,30.46,31.00,28.10,28.41,3017623,88257648.00
2015-08-04,28.65,30.69,28.65,30.66,3288268,97550976.00
2015-08-05,30.65,31.77,29.70,30.67,3408471,105231280.00
2015-08-06,30.00,31.34,29.50,31.15,2595239,79977808.00
2015-08-07,31.15,32.53,31.15,32.25,2978335,95324184.00
2015-08-10,32.52,34.40,32.30,33.90,3323974,110458800.00
2015-08-11,33.55,34.33,33.13,33.53,3383211,114019312.00
2015-08-12,33.23,33.84,32.81,32.87,3217915,107008432.00
2015-08-13,32.85,33.53,32.00,33.53,2239020,73863128.00
2015-08-14,33.61,34.30,33.61,34.08,3247221,110300568.00
2015-08-17,34.09,34.45,32.80,34.37,3201892,108030560.00
2015-08-18,34.50,36.69,33.71,35.63,8747435,305344256.00
2015-08-19,34.00,38.20,32.07,38.10,8161234,285343680.00
2015-08-20,36.92,39.60,36.33,37.59,10208921,388757536.00
2015-08-21,36.00,36.66,33.83,33.83,5419933,188530976.00
2015-08-24,31.90,31.90,30.45,30.45,2051400,62724464.00
2015-08-25,27.41,28.50,27.41,27.41,3051606,84076976.00
2015-08-26,27.00,28.28,24.90,25.00,3819060,101224792.00
2015-08-27,25.72,26.23,24.90,26.09,4112856,104665280.00
2015-08-28,26.33,27.95,25.80,27.82,3576703,95256176.00
2015-08-31,27.50,27.50,25.70,25.70,3060372,80628088.00
2015-09-01,25.01,25.45,23.13,23.19,3814167,91237168.00
2015-09-02,21.01,24.00,21.01,21.30,3004699,67227592.00
2015-09-07,21.72,22.80,21.72,22.09,2791588,62090764.00
2015-09-08,22.00,24.30,21.90,24.30,2460607,56909304.00
2015-09-09,24.30,25.70,24.07,25.30,2743424,68562592.00
2015-09-10,24.90,24.98,24.40,24.50,1391499,34386372.00
2015-09-11,24.50,24.99,24.30,24.99,1254486,30975294.00
2015-09-14,25.01,25.09,22.91,23.39,2396672,56738440.00
2015-09-15,23.00,23.30,22.23,22.50,1298116,29422768.00
2015-09-16,22.80,24.75,22.70,24.74,1562584,37101612.00
2015-09-17,24.72,25.17,24.01,24.02,2262329,55864040.00
2015-09-22,25.44,25.44,25.44,25.44,0,0.00
数据来源:通达信
