002572 索菲亚 日线 前复权
      日期	    开盘	    最高	    最低	    收盘	    成交量	    成交额
2011-04-12,9.00,9.01,8.44,8.68,2611783,203996992.00
2011-04-13,8.69,8.92,8.65,8.86,990541,77489288.00
2011-04-14,8.81,8.81,8.54,8.59,649207,49975276.00
2011-04-15,8.54,9.23,8.54,9.04,1022667,81511528.00
2011-04-18,9.00,9.35,8.88,9.25,564104,46087996.00
2011-04-19,9.20,9.26,8.88,9.06,338707,27244512.00
2011-04-20,9.18,9.25,8.90,9.00,274890,22064382.00
2011-04-21,9.00,9.07,8.76,8.81,244158,19192136.00
2011-04-22,8.81,8.96,8.76,8.89,237986,18801456.00
2011-04-25,8.94,8.94,8.70,8.81,241346,18928178.00
2011-04-26,8.69,8.83,8.69,8.75,102471,7984173.00
2011-04-27,8.75,8.84,8.60,8.63,196800,15194964.00
2011-04-28,8.59,8.59,7.75,7.85,405013,29171466.00
2011-04-29,7.82,8.04,7.75,7.94,122830,8748601.00
2011-05-03,7.99,8.12,7.79,8.10,66436,4767321.00
2011-05-04,8.01,8.01,7.96,7.98,68754,4939296.00
2011-05-05,7.84,8.00,7.83,8.00,52200,3727875.00
2011-05-06,7.98,8.07,7.88,7.99,34350,2467074.00
2011-05-09,8.06,8.16,7.94,8.03,52692,3812458.25
2011-05-10,8.00,8.11,7.98,8.10,46910,3403602.25
2011-05-11,8.15,8.25,8.13,8.23,107718,7909763.00
2011-05-12,8.23,8.46,8.20,8.34,130234,9773122.00
2011-05-16,8.25,8.41,8.25,8.38,58192,4343173.50
2011-05-17,8.38,8.53,8.38,8.45,82302,6247775.50
2011-05-18,8.45,8.49,8.41,8.48,41548,3143606.50
2011-05-19,8.48,8.48,8.26,8.26,46703,3486355.75
2011-05-20,8.25,8.32,8.22,8.26,33992,2520598.75
2011-05-23,8.27,8.29,8.10,8.10,52200,3820167.50
2011-05-24,8.10,8.23,8.01,8.20,59295,4341444.50
2011-05-25,8.21,8.48,8.21,8.30,107182,8031184.00
2011-05-26,8.26,8.35,8.13,8.13,49405,3634427.25
2011-05-27,8.01,8.29,8.01,8.05,78298,5735290.50
2011-05-30,8.00,8.08,7.88,8.02,53088,3835100.00
2011-05-31,7.94,8.38,7.90,8.26,82988,6067157.00
2011-06-01,8.30,8.33,8.19,8.31,46432,3452690.25
2011-06-02,8.25,8.72,8.13,8.58,211059,15956616.00
2011-06-03,8.59,8.70,8.51,8.57,128161,9873323.00
2011-06-07,8.53,8.61,8.38,8.44,59565,4512063.00
2011-06-08,8.49,8.54,8.38,8.49,60296,4550493.00
2011-06-09,8.44,8.54,8.33,8.33,54519,4116117.00
2011-06-10,8.33,8.53,8.33,8.33,94075,7087266.00
2011-06-13,8.41,8.42,8.23,8.25,122000,9052014.00
2011-06-14,8.21,8.40,8.21,8.26,39470,2948499.50
2011-06-15,8.21,8.35,8.10,8.11,64135,4706654.50
2011-06-16,8.10,8.13,7.88,7.98,98519,7061099.50
2011-06-17,7.98,8.04,7.95,7.97,36974,2656519.75
2011-06-20,7.97,8.00,7.74,7.84,122693,8685845.00
2011-06-21,7.82,8.00,7.82,8.00,65356,4665305.00
2011-06-22,8.00,8.06,7.88,8.04,54717,3933099.00
2011-06-23,8.04,8.20,7.93,8.19,62788,4566904.50
2011-06-24,8.18,8.50,8.18,8.35,114577,8599946.00
2011-06-27,8.31,8.56,8.26,8.41,86419,6524382.00
2011-06-28,8.39,8.48,8.34,8.48,86100,6482685.50
2011-06-29,8.46,8.49,8.19,8.43,90157,6732586.00
2011-06-30,8.43,8.79,8.30,8.64,239565,18497582.00
2011-07-01,8.62,8.73,8.60,8.64,110982,8583348.00
2011-07-04,8.62,8.75,8.62,8.75,173875,13474782.00
2011-07-05,8.75,8.89,8.69,8.85,313633,24512876.00
2011-07-06,8.88,9.06,8.88,8.96,250127,19990314.00
2011-07-07,8.96,9.06,8.89,8.91,205121,16421066.00
2011-07-08,9.00,9.00,8.74,8.88,97423,7671413.50
2011-07-11,9.00,9.19,8.86,9.09,179054,14460753.00
2011-07-12,9.11,9.18,8.99,8.99,109073,8819573.00
2011-07-13,8.99,9.18,8.91,9.14,109976,8865375.00
2011-07-14,9.16,9.63,9.06,9.59,314303,26095600.00
2011-07-15,9.54,9.75,9.38,9.50,317684,26834266.00
2011-07-18,9.50,9.85,9.44,9.76,899319,77311864.00
2011-07-19,9.70,9.81,9.60,9.76,348934,29944676.00
2011-07-20,9.78,9.78,9.50,9.72,176591,15116328.00
2011-07-21,9.63,9.79,9.60,9.63,240761,20608916.00
2011-07-22,9.63,9.77,9.63,9.63,79246,6753079.50
2011-07-25,9.61,9.71,9.52,9.63,196447,16668052.00
2011-07-26,9.53,10.06,9.53,9.93,1230213,107191376.00
2011-07-27,9.93,10.11,9.81,10.06,756580,66708176.00
2011-07-28,10.00,10.08,9.89,10.03,445052,39078076.00
2011-07-29,9.96,10.36,9.96,10.20,926414,83368712.00
2011-08-01,10.20,10.25,9.75,10.06,476409,41853692.00
2011-08-02,10.30,10.56,10.07,10.24,1091766,98905184.00
2011-08-03,10.13,10.32,9.83,10.18,441326,39321964.00
2011-08-04,10.24,10.38,10.06,10.29,344820,30816078.00
2011-08-05,10.00,10.69,9.90,10.37,503027,45645848.00
2011-08-08,10.13,10.34,9.88,10.04,644475,57018060.00
2011-08-09,9.79,10.46,9.38,10.35,538302,47487332.00
2011-08-10,10.36,11.04,10.36,10.71,554565,52219428.00
2011-08-11,10.50,10.94,10.40,10.70,509815,47826740.00
2011-08-12,10.75,10.87,10.50,10.64,383628,35681016.00
2011-08-15,10.69,10.93,10.55,10.69,445104,41976296.00
2011-08-16,10.71,10.82,10.51,10.56,246870,22915960.00
2011-08-18,10.56,10.72,10.45,10.54,234089,21655338.00
2011-08-19,10.47,10.66,10.29,10.61,208245,19238022.00
2011-08-22,10.78,10.88,10.13,10.31,343783,31623968.00
2011-08-23,10.26,10.43,10.13,10.36,307201,27813550.00
2011-08-24,10.46,11.00,10.39,10.95,635029,59717596.00
2011-08-25,11.01,11.05,10.25,10.72,583023,54302292.00
2011-08-26,10.60,10.60,10.33,10.52,921402,41786212.00
2011-08-29,10.35,10.85,10.30,10.48,817978,37723872.00
2011-08-30,10.49,10.72,10.49,10.52,576236,26423398.00
2011-08-31,10.52,10.52,10.05,10.35,783138,34934784.00
2011-09-01,10.33,10.76,10.24,10.31,526299,23922148.00
2011-09-02,10.25,10.47,10.07,10.37,483185,21483148.00
2011-09-05,10.27,10.42,10.12,10.33,248859,11103723.00
2011-09-06,10.21,10.38,9.90,10.00,547792,24164124.00
2011-09-07,9.95,10.21,9.95,10.15,485775,21366334.00
2011-09-08,10.20,10.28,10.03,10.10,289462,12744512.00
2011-09-09,10.10,10.17,9.60,9.79,211922,9190942.00
2011-09-13,9.50,9.80,9.23,9.78,493791,20538282.00
2011-09-14,9.77,9.85,9.45,9.63,471311,19939680.00
2011-09-15,9.61,9.81,9.61,9.79,199862,8541414.00
2011-09-16,9.80,9.84,9.60,9.73,224040,9551577.00
2011-09-19,9.84,9.84,9.50,9.65,283420,11934637.00
2011-09-20,9.65,9.70,9.15,9.53,224157,9253784.00
2011-09-21,9.35,9.77,9.23,9.68,309296,12908006.00
2011-09-22,9.50,9.53,9.23,9.40,420128,17284548.00
2011-09-23,9.32,9.32,8.98,9.14,284799,11356039.00
2011-09-26,9.11,9.17,8.65,8.99,785997,30868972.00
2011-09-27,8.85,9.10,8.75,8.89,227672,8896351.00
2011-09-28,9.08,9.08,8.48,8.81,211118,8225727.00
2011-09-29,8.60,9.00,8.50,8.85,190809,7362530.50
2011-09-30,8.90,8.90,8.69,8.81,60292,2329982.25
2011-10-10,8.60,8.88,8.60,8.79,43650,1676073.25
2011-10-11,8.79,8.98,8.23,8.47,294992,11162278.00
2011-10-12,8.29,8.92,8.24,8.88,352784,13554390.00
2011-10-13,8.73,9.28,8.73,9.05,301456,12066950.00
2011-10-14,9.08,9.13,8.80,9.10,170323,6728008.00
2011-10-17,9.10,9.22,8.89,9.05,172384,6840356.50
2011-10-18,8.91,9.17,8.86,9.07,210057,8346581.00
2011-10-19,9.08,9.08,8.61,8.95,160649,6260339.50
2011-10-20,8.68,8.84,8.40,8.60,95920,3625917.00
2011-10-21,8.46,8.55,8.14,8.30,163909,6029846.00
2011-10-24,8.30,8.46,8.15,8.34,172718,6394127.00
2011-10-25,8.34,9.03,8.31,8.96,411970,15906173.00
2011-10-26,8.78,9.13,8.77,8.98,246101,9776062.00
2011-10-27,8.98,9.12,8.85,8.88,147271,5843164.50
2011-10-28,9.05,9.29,8.68,8.97,293899,11499752.00
2011-10-31,8.97,9.09,8.75,9.00,494499,19335394.00
2011-11-01,8.88,9.30,8.86,9.30,402843,16203662.00
2011-11-02,9.10,9.72,9.10,9.35,905054,37417508.00
2011-11-03,9.35,9.82,9.35,9.76,1186838,50168128.00
2011-11-04,9.85,9.96,9.68,9.94,471036,20215194.00
2011-11-07,9.89,9.95,9.60,9.95,537446,22960680.00
2011-11-08,9.85,10.03,9.73,9.91,431196,18615248.00
2011-11-09,9.88,9.91,9.60,9.78,584264,24952806.00
2011-11-10,9.70,9.88,9.61,9.77,693020,29591554.00
2011-11-11,9.77,9.83,9.65,9.77,237694,10081811.00
2011-11-14,9.80,10.02,9.78,9.91,261321,11294161.00
2011-11-15,9.85,10.02,9.84,9.87,197975,8580977.00
2011-11-16,9.91,9.97,9.47,9.70,504510,21273478.00
2011-11-17,9.71,9.71,9.47,9.59,117188,4924621.50
2011-11-18,9.51,9.58,9.45,9.48,161497,6730466.00
2011-11-21,9.38,9.46,8.98,9.22,546246,21911730.00
2011-11-22,9.10,9.22,8.90,9.16,160301,6372309.00
2011-11-23,9.16,9.30,9.00,9.30,175268,7076672.50
2011-11-24,9.23,9.46,9.05,9.38,184622,7516422.50
2011-11-25,9.18,9.48,9.05,9.07,152428,6176072.50
2011-11-28,8.98,9.14,8.95,8.95,206319,8220835.00
2011-11-29,8.98,9.06,8.80,8.96,498700,19560474.00
2011-11-30,8.94,8.99,8.60,8.80,239000,9229476.00
2011-12-01,8.90,9.08,8.83,8.98,220020,8698696.00
2011-12-02,8.80,9.08,8.80,8.95,462460,18277294.00
2011-12-05,8.95,9.04,8.88,8.98,226378,8887892.00
2011-12-06,9.00,9.00,8.55,8.93,164166,6319574.50
2011-12-07,8.71,8.96,8.71,8.87,154258,6040358.50
2011-12-08,8.67,8.93,8.67,8.84,38100,1487059.00
2011-12-09,8.84,8.90,8.69,8.74,229358,8927667.00
2011-12-12,8.74,8.77,8.70,8.75,46091,1774890.38
2011-12-13,8.60,8.78,8.58,8.58,107669,4108401.75
2011-12-14,8.49,8.66,8.35,8.40,97500,3642687.00
2011-12-15,8.50,8.51,8.23,8.30,165316,6111066.00
2011-12-16,8.14,8.45,8.05,8.36,364169,13341032.00
2011-12-19,8.43,8.48,8.16,8.34,138795,5111799.50
2011-12-20,8.07,8.72,8.07,8.65,365981,13866321.00
2011-12-21,8.78,8.78,8.51,8.60,269571,10242476.00
2011-12-22,8.65,8.96,8.39,8.87,258714,9856687.00
2011-12-23,8.90,8.93,8.71,8.88,247222,9649287.00
2011-12-26,8.80,8.98,8.73,8.93,125762,4899314.00
2011-12-27,8.90,8.93,8.77,8.80,232514,9093942.00
2011-12-28,8.73,8.95,8.60,8.85,211208,8175195.50
2011-12-29,8.85,9.00,8.72,8.97,346613,13544600.00
2011-12-30,8.97,9.47,8.88,9.36,510037,20686312.00
2012-01-04,9.40,9.40,8.66,8.66,214895,8454838.00
2012-01-05,8.49,8.66,7.71,7.71,526292,18481538.00
2012-01-09,7.72,7.72,7.13,7.53,870028,28636810.00
2012-01-10,7.43,7.92,6.73,7.75,689240,23367640.00
2012-01-11,7.68,7.70,7.53,7.59,326060,11101340.00
2012-01-12,7.53,7.53,7.18,7.32,460669,15216653.00
2012-01-13,7.23,7.28,6.63,6.73,581522,18298176.00
2012-01-16,6.70,6.70,6.35,6.36,418305,12189517.00
2012-01-17,6.38,6.70,6.37,6.60,539660,15883893.00
2012-01-18,6.61,6.70,6.35,6.37,300764,8888476.00
2012-01-19,6.32,6.51,6.18,6.49,135837,3980580.75
2012-01-20,6.42,6.69,6.42,6.68,431812,12940444.00
2012-01-30,6.73,6.79,6.61,6.73,141833,4321989.00
2012-01-31,6.80,6.80,6.60,6.68,92261,2789674.50
2012-02-01,6.61,6.88,6.61,6.82,173238,5340822.50
2012-02-02,6.90,6.90,6.64,6.88,124409,3835013.00
2012-02-03,6.88,7.13,6.88,7.03,328233,10416492.00
2012-02-06,7.05,7.36,6.85,7.35,532975,17262066.00
2012-02-07,7.29,7.43,7.24,7.30,333640,10985541.00
2012-02-08,7.30,7.48,7.25,7.38,215799,7107534.50
2012-02-09,7.38,7.54,7.10,7.43,256781,8519769.00
2012-02-10,7.40,7.80,7.40,7.70,606006,20725246.00
2012-02-13,7.59,7.82,7.56,7.58,344243,11761754.00
2012-02-14,7.73,7.90,7.48,7.68,187666,6440372.00
2012-02-15,7.68,7.72,7.58,7.59,319970,10882310.00
2012-02-16,7.60,7.60,7.46,7.51,247882,8346851.50
2012-02-17,7.53,7.57,7.39,7.55,225035,7560790.00
2012-02-20,7.60,7.75,7.55,7.57,344671,11789834.00
2012-02-21,7.51,7.73,7.35,7.72,282199,9528338.00
2012-02-22,7.60,7.92,7.60,7.83,432284,15011398.00
2012-02-23,7.83,8.32,7.73,8.17,627294,22545342.00
2012-02-24,8.16,8.34,8.05,8.30,375698,13622457.00
2012-02-27,8.30,8.45,8.11,8.33,478849,17584142.00
2012-02-28,8.31,8.31,7.98,8.10,361821,13132018.00
2012-02-29,7.93,8.25,7.92,8.13,811901,29526170.00
2012-03-01,8.13,8.42,8.12,8.35,476150,17597014.00
2012-03-02,8.39,8.48,8.33,8.46,379383,14134414.00
2012-03-05,8.46,8.67,8.23,8.55,560516,20901118.00
2012-03-06,8.58,8.70,8.43,8.70,232186,8799171.00
2012-03-07,8.70,8.92,8.48,8.82,180123,6946498.00
2012-03-08,8.91,8.91,8.73,8.85,229233,8917166.00
2012-03-09,8.85,8.92,8.72,8.87,320773,12514322.00
2012-03-12,8.76,9.07,8.76,8.88,439835,17236822.00
2012-03-13,8.95,9.10,8.78,8.99,323529,12817915.00
2012-03-14,8.99,9.09,8.50,8.58,524130,20649700.00
2012-03-15,8.53,8.90,8.38,8.80,331649,12838795.00
2012-03-16,8.87,9.77,8.87,9.35,851254,34821012.00
2012-03-19,9.32,9.85,9.19,9.46,448217,18668624.00
2012-03-20,9.34,9.58,9.10,9.35,379374,15441464.00
2012-03-22,9.57,9.60,9.20,9.28,342308,14173403.00
2012-03-23,9.16,9.24,8.93,9.15,271700,10843671.00
2012-03-26,8.94,9.01,8.82,8.87,105900,4146269.25
2012-03-27,9.09,9.09,8.83,8.84,390086,15233028.00
2012-03-28,8.80,8.95,8.28,8.53,274392,10418619.00
2012-03-29,8.23,8.55,8.20,8.48,255579,9506096.00
2012-03-30,8.53,8.64,8.39,8.58,305856,11506159.00
2012-04-05,8.58,9.08,8.52,9.03,296660,11581653.00
2012-04-06,9.03,9.09,8.93,9.01,153064,6069746.00
2012-04-09,9.20,9.20,8.97,9.03,193877,7729529.50
2012-04-10,9.10,9.35,8.60,8.98,335856,13098379.00
2012-04-11,8.90,8.93,8.73,8.82,349813,13651752.00
2012-04-12,8.82,9.07,8.78,8.83,356440,13892145.00
2012-04-13,8.79,9.10,8.79,9.04,335681,13229069.00
2012-04-16,9.05,9.09,8.80,9.06,279632,11027862.00
2012-04-17,9.06,9.06,8.83,8.89,196244,7692863.00
2012-04-18,8.87,9.15,8.87,9.08,349819,13856078.00
2012-04-19,9.05,9.10,8.70,8.91,339152,13226729.00
2012-04-20,8.80,8.97,8.71,8.87,116458,4528167.00
2012-04-23,8.87,8.95,8.70,8.79,90688,3531588.00
2012-04-24,8.79,8.85,8.50,8.60,92805,3523374.50
2012-04-25,8.59,8.89,8.52,8.83,197058,7643520.00
2012-04-27,8.83,8.83,7.89,8.10,1131799,40541504.00
2012-05-02,8.19,8.45,7.91,8.45,573354,20790348.00
2012-05-03,8.41,9.10,8.23,9.05,458820,17589200.00
2012-05-04,8.93,9.24,8.93,9.19,262193,10490360.00
2012-05-07,9.18,9.30,9.02,9.20,324858,13101572.00
2012-05-08,9.45,9.75,9.37,9.38,1059531,44301116.00
2012-05-09,9.37,9.37,8.85,9.28,272528,10925098.00
2012-05-10,9.05,9.25,9.04,9.23,182965,7345345.00
2012-05-11,9.23,9.25,9.03,9.18,165012,6636775.00
2012-05-14,9.07,9.18,8.73,8.93,480247,9310270.00
2012-05-15,8.73,8.87,8.38,8.62,492169,9269203.00
2012-05-16,8.63,8.68,8.23,8.61,819814,15190332.00
2012-05-17,8.49,8.76,8.44,8.73,241206,4515136.50
2012-05-18,8.59,8.95,8.52,8.54,230418,4356977.50
2012-05-21,8.72,8.73,8.10,8.44,382749,7106687.50
2012-05-22,8.43,8.67,8.41,8.48,640444,11862560.00
2012-05-23,8.46,8.78,8.46,8.60,983041,18500472.00
2012-05-24,8.55,8.69,8.50,8.63,309532,5786681.00
2012-05-25,8.55,8.67,8.29,8.63,206604,3819530.50
2012-05-28,8.63,8.73,8.33,8.72,209440,3923897.50
2012-05-29,8.63,9.12,8.61,9.08,1190065,23042852.00
2012-05-30,9.18,9.38,8.93,9.33,669945,13397841.00
2012-05-31,9.18,9.38,9.18,9.31,300672,6042405.50
2012-06-04,9.20,9.20,8.80,9.14,329669,6451707.50
2012-06-05,8.98,9.10,8.91,9.05,149596,2912154.75
2012-06-06,9.05,9.29,9.00,9.12,236838,4702137.00
2012-06-07,9.32,9.32,8.84,8.93,151146,2946337.75
2012-06-08,9.06,9.06,8.64,8.81,227500,4328377.50
2012-06-11,8.86,8.86,8.61,8.77,111451,2120272.25
2012-06-12,8.64,9.57,8.64,9.53,1868701,37528744.00
2012-06-13,9.46,10.34,9.38,10.16,1878038,40486860.00
2012-06-14,9.99,10.26,9.94,10.00,629090,13580201.00
2012-06-15,10.00,10.06,9.45,9.70,932304,19556856.00
2012-06-18,9.78,9.91,9.48,9.85,783556,16505123.00
2012-06-19,9.82,10.22,9.72,10.05,951185,20521902.00
2012-06-20,9.81,10.13,9.79,9.93,508395,10837993.00
2012-06-21,9.83,9.96,9.51,9.67,472141,9802360.00
2012-06-25,9.53,9.62,9.39,9.44,485525,9983524.00
2012-06-26,9.23,9.38,8.98,9.19,285580,5675111.00
2012-06-27,9.04,9.44,8.98,9.23,212419,4272550.50
2012-06-28,9.07,9.36,8.89,8.89,224396,4405472.00
2012-06-29,8.74,9.15,8.58,8.93,696252,13275084.00
2012-07-02,8.94,9.15,8.82,9.15,410196,8014082.50
2012-07-03,9.07,9.97,9.04,9.97,1218205,25544070.00
2012-07-04,9.93,9.98,9.63,9.82,888254,18688498.00
2012-07-05,9.81,9.81,9.50,9.73,288060,6016457.50
2012-07-06,9.78,9.94,9.65,9.91,597197,12672196.00
2012-07-09,9.88,10.00,9.43,9.66,641507,13409422.00
2012-07-10,9.60,9.60,8.73,8.95,889701,17566630.00
2012-07-11,8.77,9.02,8.77,8.93,471826,9104624.00
2012-07-12,8.95,9.31,8.73,9.15,462919,9119477.00
2012-07-13,9.19,9.73,9.19,9.24,636489,13043654.00
2012-07-16,9.16,9.57,9.03,9.19,445576,9036557.00
2012-07-17,9.28,9.47,9.13,9.40,470299,9416117.00
2012-07-18,9.44,9.44,9.16,9.35,497644,10020199.00
2012-07-19,8.98,9.44,8.98,9.40,446135,9036729.00
2012-07-20,9.38,9.45,9.28,9.43,415995,8466182.00
2012-07-23,9.29,9.40,9.08,9.19,546738,10910970.00
2012-07-24,9.20,9.20,8.84,9.04,378312,7429194.50
2012-07-25,9.03,9.20,8.90,9.01,190564,3746191.75
2012-07-26,8.98,9.13,8.82,8.94,289276,5645127.50
2012-07-27,8.98,9.03,8.82,8.88,216546,4181606.25
2012-07-30,8.87,8.94,8.77,8.79,325303,6246982.00
2012-07-31,8.74,8.90,8.08,8.48,680997,12661609.00
2012-08-01,8.43,8.63,8.30,8.51,257203,4779177.50
2012-08-02,8.56,8.80,8.41,8.64,433154,8151180.50
2012-08-03,8.62,8.91,8.48,8.62,444451,8327640.00
2012-08-06,8.58,8.71,8.42,8.65,652807,12222457.00
2012-08-07,8.73,9.08,8.73,9.08,992146,19131250.00
2012-08-08,9.09,9.14,8.97,9.09,912892,17938346.00
2012-08-09,9.08,9.45,8.93,9.45,562233,11156267.00
2012-08-10,9.46,9.58,9.33,9.57,1126917,23084994.00
2012-08-13,9.61,9.66,9.29,9.48,847558,17486184.00
2012-08-14,9.39,9.44,8.93,9.23,544565,10852173.00
2012-08-15,9.17,9.22,9.03,9.14,230218,4561930.50
2012-08-16,9.07,9.23,8.84,8.88,250214,4891825.50
2012-08-17,8.78,8.93,8.74,8.85,145114,2782940.75
2012-08-20,8.53,8.94,8.53,8.91,56800,1087237.00
2012-08-21,8.90,9.05,8.90,9.02,172509,3361350.00
2012-08-22,9.02,9.09,8.78,8.92,179563,3469487.75
2012-08-23,8.78,9.00,8.78,8.98,178298,3457305.00
2012-08-24,8.97,9.02,8.83,8.92,197371,3809770.50
2012-08-27,8.70,8.87,8.48,8.49,279258,5236402.00
2012-08-28,8.42,8.67,8.42,8.55,74351,1386596.75
2012-08-29,8.47,8.62,8.35,8.38,251384,4635131.50
2012-08-30,8.35,8.45,8.17,8.27,137466,2490536.00
2012-08-31,8.17,8.52,8.17,8.32,94216,1712607.50
2012-09-03,8.41,8.51,8.28,8.50,160482,2947891.25
2012-09-04,8.58,8.82,8.33,8.37,381492,7087462.50
2012-09-05,8.35,8.43,8.28,8.36,381075,6949036.00
2012-09-06,8.34,8.47,8.32,8.37,221012,4041484.50
2012-09-07,8.42,8.81,8.42,8.65,980813,18388224.00
2012-09-10,8.65,8.83,8.59,8.73,1092503,20668152.00
2012-09-11,8.96,8.96,8.60,8.85,938544,17956230.00
2012-09-12,8.85,8.93,8.76,8.83,364483,7000192.00
2012-09-13,8.83,8.89,8.57,8.57,507063,9613387.00
2012-09-14,8.63,8.63,8.43,8.48,296805,5501532.00
2012-09-17,8.45,8.56,7.97,7.97,797413,14277659.00
2012-09-18,7.95,8.05,7.82,7.87,405803,7030225.00
2012-09-19,7.89,8.27,7.89,8.22,602167,10728646.00
2012-09-20,8.09,8.27,7.95,8.10,346294,6161786.50
2012-09-21,8.07,8.15,7.88,7.90,398021,6946893.50
2012-09-24,7.90,7.90,7.47,7.78,1163562,19548144.00
2012-09-25,7.73,7.78,7.58,7.72,476042,8039423.50
2012-09-26,7.66,7.67,7.48,7.54,136424,2265785.25
2012-09-27,7.54,7.90,7.45,7.73,224231,3814979.00
2012-09-28,7.76,7.98,7.67,7.97,460629,7880051.50
2012-10-08,7.90,8.03,7.78,7.88,165451,2865053.75
2012-10-09,8.03,8.14,7.87,8.13,290800,5118723.00
2012-10-10,8.09,8.22,8.05,8.17,181012,3228649.75
2012-10-11,8.17,8.35,8.12,8.13,383576,6917120.00
2012-10-12,8.34,8.34,8.13,8.14,472706,8491249.00
2012-10-15,8.03,8.10,7.93,7.98,266769,4682936.00
2012-10-16,7.94,8.15,7.94,8.02,168053,2974195.25
2012-10-17,8.01,8.07,7.96,8.04,99689,1752653.75
2012-10-18,8.04,8.20,8.04,8.15,270878,4827124.00
2012-10-19,8.23,8.30,8.09,8.11,266613,4755558.00
2012-10-22,8.11,8.18,7.98,8.11,148001,2633234.25
2012-10-23,8.13,8.14,8.08,8.12,158945,2824639.00
2012-10-24,8.12,8.12,7.75,7.86,268315,4661817.00
2012-10-25,7.86,7.94,7.78,7.79,92501,1596049.63
2012-10-26,7.59,7.82,7.53,7.53,244240,4088327.50
2012-10-29,7.69,8.32,7.67,8.09,1018818,18015390.00
2012-10-30,8.02,8.21,8.01,8.16,546372,9741246.00
2012-10-31,8.13,8.33,8.09,8.33,1120561,20158420.00
2012-11-01,8.36,8.76,8.30,8.71,1006384,18925066.00
2012-11-02,8.67,8.82,8.65,8.71,602286,11460597.00
2012-11-05,8.70,9.12,8.55,9.10,875868,16979680.00
2012-11-06,9.18,9.44,8.98,9.29,1156830,23151412.00
2012-11-07,9.30,9.37,9.03,9.15,617595,12303963.00
2012-11-08,9.02,9.19,8.81,8.83,624413,12087950.00
2012-11-09,8.84,8.92,8.73,8.78,956036,18314484.00
2012-11-12,8.82,8.98,8.82,8.87,493329,9514760.00
2012-11-13,8.82,9.03,8.64,8.97,469007,8966323.00
2012-11-14,8.94,9.00,8.80,8.96,333712,6437677.50
2012-11-15,8.67,9.17,8.67,8.95,305943,5990042.00
2012-11-16,8.97,9.42,8.85,9.42,899442,17911736.00
2012-11-19,9.30,9.78,9.24,9.37,871553,17961888.00
2012-11-20,9.18,9.33,8.82,9.15,672498,13235397.00
2012-11-21,8.97,9.16,8.87,9.16,291361,5691558.00
2012-11-22,9.16,9.16,8.73,8.74,693877,13380976.00
2012-11-23,8.73,8.85,8.63,8.77,361083,6868154.00
2012-11-26,8.65,8.97,8.65,8.73,316403,5993488.50
2012-11-27,8.68,8.73,8.33,8.37,427532,7901940.50
2012-11-28,8.40,8.40,8.02,8.13,330733,5880331.00
2012-11-29,8.20,8.20,7.95,8.07,73051,1294502.75
2012-11-30,8.02,8.15,7.98,8.12,106864,1898147.50
2012-12-03,8.23,8.73,7.88,8.42,588207,10838666.00
2012-12-04,8.38,8.48,8.24,8.40,186812,3407524.50
2012-12-05,8.33,9.32,8.26,8.92,1034090,19706202.00
2012-12-11,9.25,9.73,9.09,9.62,2088672,43126428.00
2012-12-12,9.51,9.62,9.32,9.56,538857,10998962.00
2012-12-13,9.47,9.60,9.35,9.40,431379,8820413.00
2012-12-14,9.12,9.89,9.12,9.74,873654,18270146.00
2012-12-17,9.73,10.22,9.63,9.71,715119,15311934.00
2012-12-18,9.68,9.68,9.28,9.49,363035,7471911.00
2012-12-19,9.33,9.91,9.33,9.91,474336,9917322.00
2012-12-20,9.88,10.17,9.83,9.99,1153709,24904112.00
2012-12-21,9.82,10.75,9.74,10.47,1164979,25715000.00
2012-12-24,10.26,10.91,10.26,10.75,1348987,31037342.00
2012-12-25,10.68,11.80,10.68,11.13,1656914,39850064.00
2012-12-26,11.13,11.70,11.01,11.50,983134,23855302.00
2012-12-27,11.38,11.64,11.00,11.29,1637065,39314860.00
2012-12-28,11.23,11.73,10.88,11.73,1640038,39335228.00
2012-12-31,11.71,11.86,11.32,11.73,1450989,35896520.00
2013-01-04,11.74,11.92,11.08,11.37,1052101,25717826.00
2013-01-07,11.23,12.12,11.13,12.03,846469,20837816.00
2013-01-08,12.00,12.17,11.68,12.00,733459,18631396.00
2013-01-09,11.93,12.32,11.48,11.71,724210,18464144.00
2013-01-10,11.71,11.85,11.63,11.73,464108,11607618.00
2013-01-11,11.61,11.77,11.48,11.58,344849,8537612.00
2013-01-14,11.53,12.35,11.53,12.23,499263,12742180.00
2013-01-15,12.24,12.36,11.98,12.26,410458,10672761.00
2013-01-16,12.27,12.33,12.07,12.20,225075,5832360.50
2013-01-17,12.20,12.25,12.06,12.16,208089,5386053.00
2013-01-18,12.16,12.28,12.01,12.11,453845,11696944.00
2013-01-21,12.38,12.48,11.68,11.87,741796,18948038.00
2013-01-22,11.87,11.97,11.57,11.58,394651,9836797.00
2013-01-23,11.48,11.66,11.26,11.43,372409,9093111.00
2013-01-24,11.43,11.67,10.98,11.10,511620,12327631.00
2013-01-25,11.13,11.29,10.98,11.20,289960,6917155.50
2013-01-28,11.27,12.02,11.27,11.99,778164,19517236.00
2013-01-29,11.91,12.82,11.91,12.62,773989,20566958.00
2013-01-30,12.62,12.62,12.23,12.26,308744,8087104.50
2013-01-31,12.26,12.75,12.03,12.75,474019,12645172.00
2013-02-01,12.75,13.22,12.55,12.78,377110,10370977.00
2013-02-04,12.81,13.08,12.13,12.22,575984,15095391.00
2013-02-05,12.22,12.70,11.73,11.91,585055,15210905.00
2013-02-06,12.03,13.18,11.89,13.05,524724,14061123.00
2013-02-07,13.03,13.13,12.85,12.98,506958,13954583.00
2013-02-08,12.85,13.73,12.85,13.36,579173,16312623.00
2013-02-18,13.33,13.47,12.95,13.08,350110,9786778.00
2013-02-19,13.09,13.18,12.65,12.84,349661,9493120.00
2013-02-20,12.92,13.20,12.73,13.13,165208,4563091.50
2013-02-21,13.13,13.13,12.48,12.82,508797,13773156.00
2013-02-22,12.89,13.17,12.53,12.88,292675,8074373.50
2013-02-25,12.68,12.88,12.48,12.78,417878,11199600.00
2013-02-26,12.58,13.01,11.98,12.30,582888,15438363.00
2013-02-27,12.39,12.44,11.99,12.20,698497,18125648.00
2013-02-28,12.01,12.48,11.98,12.46,458604,11986322.00
2013-03-01,12.45,12.91,12.33,12.86,383489,10343920.00
2013-03-04,12.64,12.64,12.03,12.14,721023,18793450.00
2013-03-05,12.13,12.56,11.99,12.38,365868,9613104.00
2013-03-06,12.40,13.70,12.40,13.70,700338,19833890.00
2013-03-07,13.98,14.05,13.28,13.58,596692,17222660.00
2013-03-08,13.57,13.87,13.23,13.63,516708,14683558.00
2013-03-11,13.55,14.36,13.54,13.80,556366,16397505.00
2013-03-12,13.73,14.19,13.24,13.47,658836,19187030.00
2013-03-13,13.47,13.98,13.47,13.51,340839,9890368.00
2013-03-14,13.38,14.53,13.36,14.30,619337,18499188.00
2013-03-15,14.37,14.38,13.63,13.75,728938,21581630.00
2013-03-18,13.74,14.15,13.26,14.04,382171,11059170.00
2013-03-19,13.84,14.12,12.99,13.53,609810,17532914.00
2013-03-20,13.53,13.95,13.45,13.87,383145,11055524.00
2013-03-21,13.87,14.30,13.84,13.97,381180,11334783.00
2013-03-22,13.94,14.79,13.94,14.79,559470,17112580.00
2013-03-25,14.79,14.95,14.64,14.73,462453,14379226.00
2013-03-26,14.57,14.58,14.08,14.52,445805,13461329.00
2013-03-27,14.50,14.71,14.16,14.20,395807,11948762.00
2013-03-28,14.20,14.20,13.53,13.78,618102,17926914.00
2013-03-29,13.87,14.50,13.58,14.33,331131,9730607.00
2013-04-01,14.32,14.32,13.75,13.83,527716,15527762.00
2013-04-02,13.73,13.95,13.25,13.27,520634,15027684.00
2013-04-03,13.50,13.50,12.88,13.33,296667,8301910.50
2013-04-08,12.99,13.48,12.98,13.48,306354,8606063.00
2013-04-09,13.48,13.71,13.35,13.61,210094,6004506.50
2013-04-10,13.61,13.61,13.16,13.31,373128,10500015.00
2013-04-11,13.30,13.52,12.99,13.10,465880,13047988.00
2013-04-12,13.06,13.35,12.98,13.23,188524,5264328.50
2013-04-15,13.38,13.53,12.98,13.30,587388,16632504.00
2013-04-16,13.08,13.32,13.06,13.16,345152,9613683.00
2013-04-17,13.13,13.40,13.06,13.40,683239,19102618.00
2013-04-18,13.49,14.07,13.24,13.96,743639,21611214.00
2013-04-19,14.06,14.35,13.85,14.12,430524,12794680.00
2013-04-22,13.79,14.48,13.79,14.48,495389,14850680.00
2013-04-23,14.48,14.80,14.27,14.49,733595,22624840.00
2013-04-24,15.73,15.73,14.58,15.23,1357633,42922244.00
2013-04-25,15.30,16.63,15.03,15.95,1129996,37702728.00
2013-04-26,15.90,16.01,15.39,15.45,462165,15090925.00
2013-05-02,15.23,15.62,14.83,15.13,767424,24347268.00
2013-05-03,15.18,16.45,15.04,16.13,785491,25854964.00
2013-05-06,16.14,16.58,15.76,16.10,620726,20968502.00
2013-05-07,16.08,16.22,15.43,15.50,646594,21295770.00
2013-05-08,15.50,15.88,15.17,15.87,505801,16472185.00
2013-05-09,15.87,16.32,15.49,15.94,610261,20473004.00
2013-05-10,15.88,16.17,15.53,15.69,276339,9144259.00
2013-05-13,15.53,16.00,15.53,15.77,160026,5295918.00
2013-05-14,16.15,16.15,15.57,15.65,150625,4974645.50
2013-05-15,15.49,15.69,15.24,15.61,293949,9557887.00
2013-05-16,15.63,16.07,15.43,15.92,494218,16449424.00
2013-05-17,15.72,16.88,15.72,16.50,705406,24182280.00
2013-05-20,16.43,17.39,16.37,16.73,818345,28827790.00
2013-05-21,16.73,16.98,16.42,16.82,472237,16485394.00
2013-05-22,16.67,16.97,16.45,16.56,340555,11874915.00
2013-05-23,16.52,16.94,16.23,16.26,556774,19344402.00
2013-05-24,16.13,16.67,16.10,16.40,819925,27949492.00
2013-05-27,16.45,16.65,16.25,16.61,697406,24015544.00
2013-05-28,16.58,16.69,16.17,16.53,594339,20477102.00
2013-05-29,16.63,16.63,15.64,15.91,1174669,39367084.00
2013-05-30,15.92,16.04,15.19,15.50,1240262,40304852.00
2013-05-31,15.38,15.64,15.38,15.53,673158,21886718.00
2013-06-03,15.23,15.52,15.08,15.11,936137,29846998.00
2013-06-04,15.12,15.32,14.83,15.18,844179,26702380.00
2013-06-05,15.18,15.24,14.93,15.17,509234,16170761.00
2013-06-06,15.27,15.63,15.23,15.44,766526,24924500.00
2013-06-07,15.45,15.53,14.55,15.04,730309,23047464.00
2013-06-13,14.73,14.85,14.23,14.42,609536,18531234.00
2013-06-14,14.36,14.63,14.24,14.53,861770,26327666.00
2013-06-17,14.43,14.84,14.10,14.64,1208381,18319214.00
2013-06-18,14.58,14.62,13.50,14.10,1921686,28117248.00
2013-06-19,13.92,14.65,13.72,14.07,2402529,35488152.00
2013-06-20,13.92,14.14,12.91,13.10,1744162,24776978.00
2013-06-21,12.75,12.98,12.50,12.81,1252032,16676072.00
2013-06-24,12.88,12.98,12.00,12.25,1192508,15690411.00
2013-06-25,12.23,12.57,11.46,11.99,1259484,15823595.00
2013-06-26,12.11,12.38,12.00,12.23,1091986,13973364.00
2013-06-27,12.22,13.47,12.22,13.45,4134409,56269528.00
2013-06-28,13.50,13.52,13.02,13.27,1877992,26151112.00
2013-07-01,13.20,13.96,13.05,13.79,2272862,32425380.00
2013-07-02,13.62,13.98,13.60,13.78,1572725,22666152.00
2013-07-03,13.70,14.07,13.41,13.87,1155329,16646738.00
2013-07-04,13.87,14.26,13.49,14.11,1910124,27531082.00
2013-07-05,14.21,15.37,14.20,14.92,3134842,48210668.00
2013-07-08,14.70,14.79,13.60,14.40,3077096,46034596.00
2013-07-09,13.91,14.40,13.10,13.55,2471358,35146028.00
2013-07-10,13.41,13.66,12.83,13.54,3164090,43254340.00
2013-07-11,13.32,14.04,13.20,13.89,3386962,48218968.00
2013-07-12,13.87,14.10,13.40,13.48,3515049,50359092.00
2013-07-15,13.54,13.68,12.92,13.55,2721837,38111356.00
2013-07-16,13.46,14.39,13.30,14.34,3309959,47880600.00
2013-07-17,14.30,14.79,13.88,14.14,2848839,42583732.00
2013-07-18,14.14,14.14,13.51,13.57,1252096,17902296.00
2013-07-19,13.70,14.58,13.63,13.63,3020004,44479240.00
2013-07-22,13.75,14.45,13.64,14.40,3048051,45015276.00
2013-07-23,14.40,14.63,13.99,14.58,2882682,43254988.00
2013-07-24,14.41,14.73,14.20,14.45,2167055,32484294.00
2013-07-25,14.59,14.68,13.70,13.70,2104365,30684354.00
2013-07-26,13.70,13.70,12.91,13.03,2607824,36025904.00
2013-07-29,13.03,13.04,12.41,12.54,1916879,25317684.00
2013-07-30,12.70,12.90,12.39,12.40,1931504,25407066.00
2013-07-31,12.50,12.77,12.40,12.49,1565434,20527236.00
2013-08-01,12.41,12.79,12.41,12.77,2024154,26667426.00
2013-08-02,12.78,13.28,12.77,13.26,2796168,38421844.00
2013-08-05,13.25,13.60,13.08,13.41,1718443,23968528.00
2013-08-06,13.41,13.89,13.36,13.76,3065369,43864556.00
2013-08-07,13.85,14.44,13.60,14.13,4596464,67276288.00
2013-08-08,14.03,14.76,13.95,14.30,2887708,43434916.00
2013-08-09,14.39,14.68,14.20,14.45,2285371,34408920.00
2013-08-12,14.45,15.20,14.45,14.92,2586871,39944524.00
2013-08-13,14.87,15.21,14.52,14.96,2474675,38270804.00
2013-08-14,14.96,15.14,14.75,14.92,1571665,24355592.00
2013-08-15,14.96,14.98,14.43,14.45,1368723,20958912.00
2013-08-16,14.48,14.76,14.05,14.15,1277278,19142188.00
2013-08-19,14.05,15.10,13.93,15.10,2571771,39571232.00
2013-08-20,15.08,16.67,15.08,16.25,5508879,91312544.00
2013-08-21,16.20,16.46,15.81,15.91,2115226,35225196.00
2013-08-22,16.06,16.42,15.70,16.25,1919642,32084340.00
2013-08-23,16.12,16.50,15.83,16.48,1794233,30077902.00
2013-08-26,16.49,16.84,16.12,16.69,1702255,29256916.00
2013-08-27,16.85,16.85,16.20,16.39,1223447,20803500.00
2013-08-28,16.29,16.30,15.78,15.86,1692117,28231490.00
2013-08-29,15.70,16.15,15.70,15.80,1088406,17974194.00
2013-08-30,15.79,16.30,15.45,15.83,1091433,17913346.00
2013-09-02,15.77,16.50,15.61,16.50,1404677,23678564.00
2013-09-03,16.48,16.74,16.25,16.46,836671,14270492.00
2013-09-04,16.39,16.40,15.96,16.18,1099535,18422982.00
2013-09-05,16.23,16.23,15.80,16.20,694343,11520976.00
2013-09-06,16.14,16.63,15.91,16.58,917397,15550527.00
2013-09-09,16.63,16.63,16.21,16.29,812401,13738953.00
2013-09-10,16.39,16.60,16.25,16.44,1014485,17277292.00
2013-09-11,16.44,16.54,15.61,15.95,1406995,23222042.00
2013-09-12,15.88,16.20,15.64,15.83,1187347,19551698.00
2013-09-13,15.85,16.60,15.65,16.57,2141640,36011416.00
2013-09-16,16.70,18.29,16.70,18.29,3051281,56552384.00
2013-09-17,18.40,20.18,18.29,19.11,7276753,145299968.00
2013-09-18,19.10,21.08,18.20,19.72,4561891,92725792.00
2013-09-23,19.40,20.37,19.28,19.72,3898866,79330408.00
2013-09-24,19.45,19.46,18.80,19.17,2730226,53657328.00
2013-09-25,19.09,19.50,18.53,18.78,2700301,52810380.00
2013-09-26,18.77,18.99,18.20,18.40,1839562,35069408.00
2013-09-27,18.45,19.29,18.25,19.20,2131809,41706448.00
2013-09-30,19.15,19.70,18.50,19.34,1931406,38129300.00
2013-10-08,19.22,19.78,18.90,19.30,2657758,53393388.00
2013-10-09,19.08,19.66,18.72,18.80,1809426,35567328.00
2013-10-10,18.79,20.60,18.70,20.60,2959367,59821284.00
2013-10-11,20.60,21.90,20.05,21.81,3242578,70114144.00
2013-10-14,21.81,22.17,21.00,21.09,2253824,49660940.00
2013-10-15,20.90,21.70,20.60,20.83,2337283,50768620.00
2013-10-16,20.83,22.47,20.80,21.97,4584668,102687064.00
2013-10-17,22.23,22.23,20.90,21.39,1988191,43880484.00
2013-10-18,21.39,21.60,20.75,21.30,839786,18283802.00
2013-10-21,21.21,22.20,21.21,22.19,1278409,28883988.00
2013-10-22,22.20,22.58,21.65,21.80,1176383,26441382.00
2013-10-23,21.80,21.80,19.58,20.20,2578752,54273068.00
2013-10-24,20.19,20.19,19.60,20.05,875311,17947388.00
2013-10-25,20.06,20.38,19.70,20.17,994881,20544514.00
2013-10-28,20.19,20.70,19.72,20.18,1407666,29108188.00
2013-10-29,20.18,20.53,18.10,19.60,1932030,37770992.00
2013-10-30,19.38,20.42,18.92,20.42,1190862,24493662.00
2013-10-31,20.40,21.79,20.40,20.68,1478052,31913160.00
2013-11-01,20.49,21.17,20.18,20.47,1197606,25575914.00
2013-11-04,20.47,21.40,20.47,21.40,1182398,25738364.00
2013-11-05,21.40,21.84,20.95,21.57,973318,21616624.00
2013-11-06,21.58,21.80,21.29,21.35,779354,17244334.00
2013-11-07,21.30,21.60,20.52,20.64,782649,16793754.00
2013-11-08,20.64,20.65,19.50,19.92,1031552,21128802.00
2013-11-11,19.92,20.06,19.25,19.91,739732,14945871.00
2013-11-12,19.91,20.35,19.90,19.91,304764,6301024.00
2013-11-13,20.10,20.10,19.19,19.70,952899,19040996.00
2013-11-14,19.70,19.79,19.11,19.70,726766,14589113.00
2013-11-15,19.82,20.63,19.51,20.24,552064,11489873.00
2013-11-18,20.58,20.90,20.00,20.41,1006221,21245512.00
2013-11-19,20.69,21.11,20.46,20.59,1096322,23409888.00
2013-11-20,20.88,20.88,20.30,20.69,584028,12349001.00
2013-11-21,20.41,20.70,20.38,20.65,834555,17671530.00
2013-11-22,20.88,20.90,20.20,20.25,677742,14408690.00
2013-11-25,19.71,20.39,19.50,20.07,860979,17552232.00
2013-11-26,20.07,20.07,19.40,19.76,863732,17407054.00
2013-11-27,19.49,20.00,19.47,19.79,600993,12222295.00
2013-11-28,19.90,20.79,19.75,20.45,883644,18372898.00
2013-11-29,20.37,20.45,20.00,20.13,507729,10591995.00
2013-12-02,19.80,19.80,18.70,19.20,880862,17515260.00
2013-12-03,19.20,19.28,18.75,19.20,1837487,35805640.00
2013-12-04,18.92,19.88,18.91,19.16,1064779,21102686.00
2013-12-05,19.08,19.20,17.79,18.04,2047808,38708352.00
2013-12-06,18.09,18.09,17.61,17.80,1522474,28105136.00
2013-12-09,17.99,18.35,17.90,18.34,474733,8903651.00
2013-12-10,18.34,18.68,18.28,18.40,831752,15879238.00
2013-12-11,18.40,18.40,18.05,18.25,311535,5851803.00
2013-12-12,18.46,18.70,17.90,18.39,961637,18323792.00
2013-12-13,18.57,19.34,18.15,19.34,2512740,48947624.00
2013-12-16,19.34,19.89,18.80,19.20,1654946,32881764.00
2013-12-17,19.06,19.60,18.70,19.50,778804,15408847.00
2013-12-18,19.50,19.59,18.91,19.33,470603,9394917.00
2013-12-19,19.14,19.98,19.14,19.59,1417589,28854168.00
2013-12-20,19.55,19.85,19.00,19.15,761975,15086010.00
2013-12-23,18.81,19.30,18.80,19.21,449177,8821029.00
2013-12-24,19.26,19.60,19.05,19.40,400158,7965596.50
2013-12-25,19.59,20.15,19.41,20.09,1621951,33329790.00
2013-12-26,20.00,20.24,19.62,20.15,941132,19400588.00
2013-12-27,20.09,20.37,19.94,20.25,1032221,21523770.00
2013-12-30,20.25,21.37,20.20,20.89,1466494,31589038.00
2013-12-31,20.89,21.46,20.77,21.32,1265012,27625834.00
2014-01-02,21.32,21.32,20.08,20.57,1941547,40632384.00
2014-01-03,20.37,20.37,19.75,20.15,1093052,22639752.00
2014-01-06,19.85,20.24,19.06,19.36,1030858,20761836.00
2014-01-07,19.34,19.34,18.60,18.90,1027169,20030474.00
2014-01-08,18.76,19.16,18.65,18.98,752390,14634976.00
2014-01-09,18.90,19.40,18.68,19.00,987440,19311644.00
2014-01-10,19.05,19.68,18.41,18.46,782040,15168123.00
2014-01-13,18.40,18.55,18.07,18.19,783136,14756922.00
2014-01-14,18.20,19.29,18.20,19.15,1374802,26846508.00
2014-01-15,19.05,19.39,18.77,19.05,1266258,24945546.00
2014-01-16,18.90,19.25,18.29,18.40,1964655,37617132.00
2014-01-17,18.59,18.98,18.41,18.48,1031145,19852642.00
2014-01-20,18.52,18.60,18.21,18.28,513737,9751933.00
2014-01-21,18.28,18.48,18.10,18.23,620991,11704711.00
2014-01-22,18.24,18.39,18.05,18.31,2092750,39328592.00
2014-01-23,18.17,18.48,18.10,18.41,1537986,29121806.00
2014-01-24,18.45,18.89,18.35,18.66,1848149,35720716.00
2014-01-27,18.62,18.85,17.60,17.85,1773830,33702416.00
2014-01-28,17.50,18.56,16.43,18.32,6501176,116854688.00
2014-01-29,18.12,18.55,18.09,18.26,2189269,41522672.00
2014-01-30,18.24,18.40,17.61,17.78,842381,15666184.00
2014-02-07,17.78,17.96,17.17,17.38,1776415,31934438.00
2014-02-10,17.38,18.38,17.20,18.23,2770362,51069776.00
2014-02-11,18.23,18.25,17.61,18.19,1998511,36998796.00
2014-02-12,18.15,18.35,17.81,18.34,1346243,25085984.00
2014-02-13,18.20,18.84,18.09,18.22,2034091,38938952.00
2014-02-14,18.20,18.60,18.10,18.60,1944857,36964080.00
2014-02-17,18.61,19.40,18.61,19.18,1882595,37094848.00
2014-02-18,19.21,19.28,18.60,18.71,1521217,29462632.00
2014-02-19,18.65,18.71,18.14,18.48,1345987,25575508.00
2014-02-20,18.56,18.56,18.02,18.19,819856,15459605.00
2014-02-21,17.83,18.32,17.83,18.22,589655,11047102.00
2014-02-24,17.90,18.23,17.81,18.22,1061957,19715912.00
2014-02-25,18.10,18.23,16.71,17.59,1048882,19143910.00
2014-02-26,17.56,17.59,16.65,16.97,1447376,25208158.00
2014-02-27,16.97,17.09,15.21,15.58,2554209,42874400.00
2014-02-28,15.60,15.75,14.90,15.58,2347871,37179312.00
2014-03-03,15.56,16.00,15.16,15.80,1513036,24668052.00
2014-03-04,15.60,15.96,15.40,15.71,1374476,22460876.00
2014-03-05,15.80,15.92,15.55,15.64,1072061,17568876.00
2014-03-06,15.69,15.88,15.45,15.85,836195,13614858.00
2014-03-07,16.06,16.08,15.60,15.93,1099690,18199018.00
2014-03-10,15.93,16.00,14.91,15.68,1091898,17361752.00
2014-03-11,15.32,15.72,15.11,15.72,1268841,20500488.00
2014-03-12,15.69,15.73,15.33,15.56,394982,6379087.50
2014-03-13,15.56,15.62,15.25,15.35,697980,11156279.00
2014-03-14,15.21,15.34,14.65,14.91,1587305,24634376.00
2014-03-17,14.91,15.21,14.78,15.18,703829,10974192.00
2014-03-18,15.18,15.63,14.89,14.93,1474421,23300492.00
2014-03-19,14.84,15.20,14.68,14.75,1064633,16481374.00
2014-03-20,14.88,14.99,14.49,14.49,1094339,16767619.00
2014-03-21,14.50,15.10,13.70,15.06,2126246,31783998.00
2014-03-24,14.98,15.63,14.76,15.52,1821807,28925822.00
2014-03-25,15.53,16.08,15.30,16.00,2833367,46339136.00
2014-03-26,15.98,15.98,15.51,15.85,1314897,21475688.00
2014-03-27,15.85,15.90,15.50,15.53,655029,10633821.00
2014-03-28,15.24,15.58,14.84,15.10,875968,13844806.00
2014-03-31,15.23,15.76,14.99,15.67,1163614,18803174.00
2014-04-01,15.67,16.05,15.57,15.99,2227581,36668884.00
2014-04-02,16.03,16.32,15.72,15.93,1866929,31137194.00
2014-04-03,15.95,15.95,15.36,15.45,1188537,19307592.00
2014-04-04,15.48,15.78,15.37,15.62,694653,11263515.00
2014-04-08,15.59,15.66,15.05,15.57,879177,14139739.00
2014-04-09,15.11,16.30,15.11,16.15,2671227,44152360.00
2014-04-10,16.00,16.17,15.80,15.80,1645407,27222902.00
2014-04-11,15.75,16.55,15.41,16.24,1852647,30785846.00
2014-04-14,16.36,17.70,16.11,17.33,2943636,52308080.00
2014-04-15,17.30,17.60,16.90,17.39,2608025,46796468.00
2014-04-16,17.39,17.40,16.82,17.21,2100444,37165672.00
2014-04-17,17.33,17.89,17.22,17.23,1316529,23842708.00
2014-04-18,17.12,17.59,16.58,17.42,1708017,30076154.00
2014-04-21,16.90,17.40,16.89,16.89,1351113,23931666.00
2014-04-22,16.61,17.07,16.25,16.52,1357120,23087138.00
2014-04-23,16.53,16.72,16.31,16.54,379527,6484021.00
2014-04-24,16.63,16.79,16.29,16.45,577484,9868387.00
2014-04-25,16.32,16.59,15.70,15.90,1001039,16686719.00
2014-04-28,15.86,15.86,15.10,15.23,1005063,16070537.00
2014-04-29,15.19,15.88,15.10,15.50,1260358,20203704.00
2014-04-30,15.51,16.05,15.51,15.91,1281360,20834474.00
2014-05-05,15.91,16.40,15.67,16.34,942186,15425982.00
2014-05-06,16.04,16.65,16.04,16.34,1210353,20254764.00
2014-05-07,16.42,16.62,16.15,16.19,767868,12874147.00
2014-05-08,16.10,16.34,15.92,15.95,859877,14175394.00
2014-05-09,15.94,16.10,15.62,15.90,1028800,16716964.00
2014-05-12,15.90,16.15,15.88,15.95,1276201,20798784.00
2014-05-13,15.97,16.14,15.90,16.03,869268,14197727.00
2014-05-14,16.02,16.12,15.47,15.60,775292,12538043.00
2014-05-15,15.58,15.82,15.18,15.20,862766,13659321.00
2014-05-16,15.35,15.50,14.80,15.24,810807,12510986.00
2014-05-19,15.23,15.37,14.91,15.34,622468,9619763.00
2014-05-20,15.28,15.53,14.82,14.97,1039308,16008678.00
2014-05-21,14.94,15.13,14.77,15.10,555898,8494636.00
2014-05-22,14.86,15.20,14.86,15.16,310646,4811872.50
2014-05-23,15.16,15.34,15.16,15.30,356487,5558219.00
2014-05-26,15.33,15.95,15.33,15.85,759210,12233162.00
2014-05-27,15.83,15.91,15.75,15.88,437119,7074031.50
2014-05-28,15.89,16.15,15.77,16.06,660756,10789627.00
2014-05-29,16.02,16.14,15.63,15.65,546008,8844564.00
2014-05-30,15.67,15.92,15.60,15.89,1480958,23742616.00
2014-06-03,15.80,15.89,15.56,15.60,623974,9993773.00
2014-06-04,15.53,15.81,15.39,15.68,588969,9371355.00
2014-06-05,15.65,15.78,15.46,15.69,374294,5958968.00
2014-06-06,15.69,15.81,15.50,15.63,168590,2694675.25
2014-06-09,15.50,15.74,15.35,15.38,599597,9497378.00
2014-06-10,15.45,15.50,15.35,15.48,295915,4670927.50
2014-06-11,15.49,16.43,15.43,16.43,1504114,24501798.00
2014-06-12,16.52,16.80,16.11,16.63,2616110,44265260.00
2014-06-13,16.46,16.71,16.25,16.65,1475967,24920468.00
2014-06-16,16.65,16.77,16.47,16.66,810287,13744112.00
2014-06-17,16.66,17.45,16.31,16.33,4155136,70970856.00
2014-06-18,16.33,16.40,15.93,16.30,2271877,37460564.00
2014-06-19,16.26,16.26,16.02,16.18,649740,10726661.00
2014-06-20,16.21,16.21,15.81,16.01,851433,13930321.00
2014-06-23,16.01,16.40,15.87,16.18,438819,7256107.00
2014-06-24,16.21,16.57,15.75,16.00,1191189,19543084.00
2014-06-25,16.00,16.00,15.46,15.70,1337026,21353428.00
2014-06-26,15.70,16.00,15.66,15.95,1410835,22902630.00
2014-06-27,15.97,16.17,15.80,16.00,1365073,22440414.00
2014-06-30,16.13,16.25,15.95,16.09,1036549,16980872.00
2014-07-01,16.15,16.24,15.83,15.89,1012512,16515545.00
2014-07-02,15.86,16.01,15.63,15.81,924466,14871041.00
2014-07-03,15.76,15.80,15.45,15.56,2213984,35275876.00
2014-07-04,15.56,15.92,15.56,15.74,968008,15523718.00
2014-07-07,15.74,15.90,15.65,15.89,1019983,16459276.00
2014-07-08,15.89,15.98,15.54,15.72,844456,13580787.00
2014-07-09,15.73,15.88,15.57,15.83,1101257,17696402.00
2014-07-10,15.88,16.45,15.72,16.34,2964425,49145076.00
2014-07-11,16.25,16.49,16.10,16.27,1434506,23891458.00
2014-07-14,16.27,16.55,15.95,16.54,1632341,27223210.00
2014-07-15,16.65,17.15,16.54,16.82,3127845,54043684.00
2014-07-16,16.99,16.99,16.41,16.57,1372775,23264882.00
2014-07-17,16.57,16.72,16.31,16.37,1126558,18900088.00
2014-07-18,16.25,16.85,16.17,16.70,988498,16726494.00
2014-07-21,16.70,16.85,16.15,16.30,1125850,18805126.00
2014-07-22,16.27,16.63,16.27,16.55,795104,13418091.00
2014-07-23,16.40,16.83,16.29,16.81,1690701,28707158.00
2014-07-24,16.73,17.32,16.73,17.20,2620033,45828936.00
2014-07-25,17.21,18.20,17.21,17.60,2375783,42841520.00
2014-07-28,17.46,17.87,17.35,17.67,1380986,24791370.00
2014-07-29,17.45,18.03,17.45,17.96,1687789,30728944.00
2014-07-30,17.79,18.65,17.79,18.51,2621134,49218232.00
2014-07-31,18.38,18.84,17.79,18.15,1678607,31225502.00
2014-08-01,18.10,18.10,17.49,17.66,2279003,41090068.00
2014-08-04,17.64,18.12,17.60,18.05,1642472,30133534.00
2014-08-05,18.03,18.26,17.88,18.14,1444913,26661518.00
2014-08-06,17.82,18.13,17.56,17.99,1248667,22765128.00
2014-08-07,17.91,17.98,17.54,17.55,919918,16603382.00
2014-08-08,17.56,17.86,17.40,17.61,923280,16552023.00
2014-08-11,17.58,17.88,17.43,17.76,1857765,33491204.00
2014-08-12,17.81,18.50,17.77,18.23,2936603,54579452.00
2014-08-13,18.29,18.39,17.83,18.09,1630280,30011620.00
2014-08-14,18.07,18.48,17.87,18.29,1437095,26660076.00
2014-08-15,18.44,18.61,18.05,18.50,1319489,24753538.00
2014-08-18,18.64,18.76,18.39,18.68,1588849,30142186.00
2014-08-19,18.71,19.01,18.61,18.67,2142870,41046136.00
2014-08-20,18.58,18.75,18.37,18.43,1052827,19952982.00
2014-08-21,18.43,18.82,18.25,18.82,1604960,30097416.00
2014-08-22,18.76,18.81,18.45,18.61,1337188,25347036.00
2014-08-25,18.56,18.57,17.77,17.83,2417329,44442024.00
2014-08-26,17.80,17.93,17.73,17.76,1378978,25032698.00
2014-08-27,17.66,17.91,17.53,17.63,1548612,28005898.00
2014-08-28,17.65,17.82,17.34,17.49,960152,17151644.00
2014-08-29,17.49,18.75,17.40,18.40,1828660,33695160.00
2014-09-01,18.35,18.58,18.03,18.51,1563202,29164412.00
2014-09-02,18.47,18.62,18.32,18.38,1529050,28685498.00
2014-09-03,18.43,19.04,18.36,18.66,2181766,41478332.00
2014-09-04,18.66,18.77,18.33,18.48,1844780,34642452.00
2014-09-05,18.63,18.75,18.31,18.62,1760138,33148264.00
2014-09-09,18.55,18.70,18.15,18.38,2565392,47908236.00
2014-09-10,18.37,18.45,18.21,18.41,1474240,27499280.00
2014-09-11,18.45,18.61,18.24,18.41,1886122,35411904.00
2014-09-12,18.50,18.50,18.08,18.29,1841703,34222620.00
2014-09-15,18.28,18.28,17.68,17.98,3975764,72594656.00
2014-09-16,17.98,18.09,17.65,17.65,2153703,39138252.00
2014-09-17,17.65,17.81,17.45,17.69,1217437,21857008.00
2014-09-18,17.70,18.10,17.70,17.79,1287714,23511672.00
2014-09-19,17.92,18.03,17.55,18.01,1650157,29889884.00
2014-09-22,17.94,18.00,17.68,17.94,1448062,26333708.00
2014-09-23,17.93,18.05,17.83,17.95,1426923,26106254.00
2014-09-24,17.93,18.42,17.93,18.40,2435361,45398972.00
2014-09-25,18.42,18.44,18.10,18.35,2228316,41466852.00
2014-09-26,18.33,18.42,18.05,18.27,1602401,29716624.00
2014-09-29,18.54,19.58,18.51,19.49,6109743,117432168.00
2014-09-30,19.49,19.88,19.18,19.21,4781911,95332480.00
2014-10-08,19.64,21.17,19.60,20.32,5048521,104772944.00
2014-10-09,20.69,20.85,19.76,20.45,2730117,56102944.00
2014-10-10,20.25,22.45,20.04,21.90,6157679,133062120.00
2014-10-13,21.65,22.03,21.45,21.75,2342840,51697116.00
2014-10-14,21.75,22.13,20.75,21.83,2710297,58838556.00
2014-10-15,21.62,21.62,20.88,21.35,2285436,49330848.00
2014-10-16,21.09,21.35,20.61,20.85,2404277,51209504.00
2014-10-17,20.65,21.65,20.35,21.01,2914919,62414096.00
2014-10-20,20.91,22.18,20.85,21.95,2446917,53920940.00
2014-10-21,22.13,22.21,21.26,21.62,1804064,39779452.00
2014-10-22,21.44,21.70,20.97,21.23,1409423,30461068.00
2014-10-23,21.15,22.22,20.25,21.29,2082982,44493764.00
2014-10-24,21.06,21.64,20.96,21.40,997884,21608586.00
2014-10-27,21.38,22.08,20.85,21.47,1004604,22051616.00
2014-10-28,21.62,21.89,21.27,21.65,1803572,39690000.00
2014-10-29,21.95,23.31,21.93,22.61,5319391,122004120.00
2014-10-30,22.40,23.81,22.40,23.69,3880266,90284944.00
2014-10-31,23.69,23.70,22.99,23.70,2490575,59224060.00
2014-11-03,23.55,23.63,22.65,23.03,2572547,60245720.00
2014-11-04,22.93,22.93,22.20,22.26,1722073,39211736.00
2014-11-05,22.37,22.63,22.15,22.45,1327854,30213254.00
2014-11-06,22.35,22.92,22.35,22.76,1782371,41084608.00
2014-11-07,22.99,23.28,22.45,22.63,2005102,46576348.00
2014-11-10,22.65,22.90,22.04,22.89,2169287,49557136.00
2014-11-11,22.72,22.90,21.65,21.65,1758982,40061220.00
2014-11-12,21.45,22.55,21.43,22.49,1240950,27849290.00
2014-11-13,22.44,22.44,21.76,21.96,1151323,25694260.00
2014-11-14,21.67,21.91,21.15,21.64,1773838,38694316.00
2014-11-17,21.65,21.74,20.82,21.45,1994893,43227140.00
2014-11-18,21.40,21.65,21.05,21.36,1126579,24494118.00
2014-11-19,21.36,22.22,21.23,22.22,1444716,32254414.00
2014-11-20,21.96,22.43,21.66,21.66,1217342,27062964.00
2014-11-21,21.84,22.28,21.65,22.18,1007352,22564686.00
2014-11-24,22.35,23.34,22.35,22.86,2586076,59958504.00
2014-11-25,22.84,23.10,22.27,22.95,1304245,29983176.00
2014-11-26,22.84,22.90,22.30,22.39,2031181,46557440.00
2014-11-27,22.44,22.81,22.19,22.71,1898811,43422396.00
2014-11-28,22.59,22.68,21.45,22.30,3478570,77760720.00
2014-12-01,21.85,22.17,21.18,22.05,3201761,70006824.00
2014-12-02,21.65,21.99,21.36,21.66,2086721,45926300.00
2014-12-03,21.67,21.94,20.62,21.07,4401220,93705968.00
2014-12-04,21.02,21.50,20.77,20.95,3879771,82745784.00
2014-12-05,21.07,21.07,20.06,20.34,5464426,113277824.00
2014-12-08,20.26,20.32,19.60,20.10,3021368,61501024.00
2014-12-09,20.05,20.05,19.24,19.34,5687053,112793288.00
2014-12-10,19.32,20.97,19.15,20.51,4495769,93145080.00
2014-12-11,20.50,21.56,20.10,21.35,4018584,85048880.00
2014-12-12,21.07,21.65,20.65,21.09,3071386,66469632.00
2014-12-15,21.07,21.32,20.87,21.17,2340106,50180888.00
2014-12-16,21.24,21.75,20.28,21.13,4135754,88221040.00
2014-12-17,20.73,20.75,20.15,20.28,2993299,61769620.00
2014-12-18,19.85,20.85,19.75,20.13,2826845,58265440.00
2014-12-19,20.15,20.26,19.65,19.72,1454618,29292638.00
2014-12-22,19.95,20.15,19.01,19.15,3079088,61172468.00
2014-12-23,19.15,20.15,18.65,19.95,3013148,60441916.00
2014-12-24,20.23,20.65,19.64,19.69,3436812,70051720.00
2014-12-25,19.69,20.23,19.68,20.23,1025168,20892416.00
2014-12-26,20.28,20.43,19.91,20.25,1720110,35160820.00
2014-12-29,20.06,20.35,19.25,20.15,5486238,110567160.00
2014-12-30,19.86,20.55,19.85,20.17,1418336,29054698.00
2014-12-31,20.17,21.29,20.17,21.05,2757497,58723940.00
2015-01-05,21.05,23.19,21.05,23.19,10173660,234069056.00
2015-01-06,23.65,24.43,22.35,22.77,8578354,205608480.00
2015-01-07,22.65,24.03,22.61,23.75,6254436,149472224.00
2015-01-08,24.65,25.25,23.33,24.10,5887623,144778176.00
2015-01-09,23.75,25.15,23.66,24.75,4309573,107401648.00
2015-01-12,24.75,25.22,24.25,24.25,3931584,99340520.00
2015-01-13,24.10,25.95,24.05,24.65,3025784,76622808.00
2015-01-14,24.30,25.55,24.13,24.15,1623904,40568612.00
2015-01-15,24.39,24.85,23.65,24.05,1572719,38532668.00
2015-01-16,23.85,24.23,23.41,24.10,3644815,87780248.00
2015-01-19,23.35,24.65,23.15,23.95,2264580,55096812.00
2015-01-20,24.23,25.35,23.85,25.32,1932190,48688012.00
2015-01-21,25.32,27.85,25.13,25.85,4435533,118107656.00
2015-01-22,25.70,26.45,25.05,26.15,4271679,110204664.00
2015-01-23,25.85,26.58,25.65,25.85,1858797,48804580.00
2015-01-26,25.86,26.81,25.53,26.34,2727631,72508192.00
2015-01-27,26.34,26.34,25.35,25.63,2588143,67442552.00
2015-01-28,25.49,25.69,25.21,25.33,2792512,71841416.00
2015-01-29,25.15,25.69,24.73,25.67,2096989,53516304.00
2015-01-30,25.65,27.35,25.13,27.01,3369579,88712728.00
2015-02-02,26.36,26.59,25.45,25.95,3399536,89270360.00
2015-02-03,25.70,26.00,25.05,25.18,4538483,117075496.00
2015-02-04,25.29,25.29,24.04,24.28,4027075,100493328.00
2015-02-05,24.35,24.83,24.30,24.66,2985936,74251808.00
2015-02-06,24.66,25.18,24.12,25.03,3911542,97648512.00
2015-02-09,24.94,24.95,23.95,24.05,3253644,80243592.00
2015-02-10,24.31,25.10,23.35,24.50,3575693,87122152.00
2015-02-11,24.35,24.75,24.18,24.40,1568483,38837068.00
2015-02-12,24.51,25.01,23.69,24.95,2335376,57423580.00
2015-02-13,24.94,25.77,24.66,25.38,5873470,149786880.00
2015-02-16,25.25,25.45,24.72,25.20,2746316,69819792.00
2015-02-17,25.20,25.22,23.95,24.95,2697341,67479392.00
2015-02-25,24.85,26.43,24.57,26.36,3092995,80290144.00
2015-02-26,26.36,26.46,25.50,26.25,1934922,51044224.00
2015-02-27,26.21,26.50,25.95,26.14,2069211,54987320.00
2015-03-02,25.90,26.39,25.85,25.94,1924872,50733792.00
2015-03-03,26.09,27.80,25.88,26.95,4533763,123943896.00
2015-03-04,26.87,29.00,26.53,28.45,4515374,127895000.00
2015-03-05,28.25,28.64,27.80,28.45,2393996,68706928.00
2015-03-06,28.73,28.73,27.16,27.67,2249280,63981280.00
2015-03-09,27.10,27.86,26.99,27.50,1422669,39549096.00
2015-03-10,27.56,28.25,27.22,27.55,1251728,35319180.00
2015-03-11,27.57,27.64,26.10,26.34,2109529,57141840.00
2015-03-12,26.32,26.83,25.76,26.65,3073657,81173752.00
2015-03-13,26.35,26.65,26.28,26.45,1550424,41516660.00
2015-03-16,26.55,27.25,26.55,26.65,5216854,141515008.00
2015-03-17,26.93,28.06,26.62,27.12,4401673,121954016.00
2015-03-18,26.95,27.10,26.35,26.87,7779084,209873168.00
2015-03-19,26.77,26.77,26.28,26.45,4736538,126850512.00
2015-03-20,26.36,26.58,26.08,26.18,7834850,208648944.00
2015-03-23,26.20,28.03,26.20,27.96,9518074,259913584.00
2015-03-24,27.97,29.25,26.95,28.92,9989182,283319424.00
2015-03-25,28.85,28.87,28.09,28.43,6862793,197943040.00
2015-03-26,28.53,29.40,28.20,28.59,8208079,240093520.00
2015-03-27,29.05,30.16,28.73,29.86,8020127,239787472.00
2015-03-30,29.95,31.59,29.95,30.40,6897624,215744704.00
2015-03-31,31.35,31.95,30.65,30.85,6463073,204318832.00
2015-04-01,30.95,32.25,30.95,31.94,6515386,209987184.00
2015-04-02,31.90,35.17,30.96,35.17,14775426,486926784.00
2015-04-03,35.13,35.98,33.65,34.83,8333015,294334944.00
2015-04-07,35.53,35.53,33.35,34.44,8764668,299527488.00
2015-04-08,34.20,34.24,31.66,32.75,9497511,314369760.00
2015-04-09,32.55,33.05,30.34,33.05,11626441,367476512.00
2015-04-10,32.00,33.16,31.69,32.92,5519590,181581808.00
2015-04-13,32.91,35.43,31.70,33.60,7798643,265428528.00
2015-04-14,33.60,34.12,32.25,32.63,7699538,258495456.00
2015-04-15,32.15,32.85,30.41,32.07,7487035,239480816.00
2015-04-16,31.25,32.50,30.77,31.55,6738922,215523024.00
2015-04-17,32.13,34.19,32.05,33.42,10507024,351362624.00
2015-04-20,33.42,35.95,32.93,34.45,8752753,309113824.00
2015-04-21,34.55,35.80,33.04,35.42,7619900,262595552.00
2015-04-22,35.65,35.88,34.85,35.05,6020700,214162720.00
2015-04-23,35.50,35.86,33.99,35.12,4939036,175070448.00
2015-04-24,34.35,35.05,33.31,33.80,3805742,130811096.00
2015-04-27,33.90,34.65,33.34,33.44,5659689,194387920.00
2015-04-28,33.75,34.13,31.32,32.42,6146243,206919360.00
2015-04-29,33.40,35.30,32.66,33.24,9866687,339629664.00
2015-04-30,33.95,35.18,33.24,34.55,6064479,211065360.00
2015-05-04,34.65,35.28,33.67,35.20,8475851,297484288.00
2015-05-05,35.18,35.40,33.65,34.40,7969223,279298720.00
2015-05-06,34.67,37.88,34.35,37.35,9936867,365858240.00
2015-05-07,37.68,38.38,35.79,35.79,4853896,178332400.00
2015-05-08,35.88,39.07,35.88,38.60,7731407,290471872.00
2015-05-11,38.84,42.34,38.60,42.20,7824287,318618784.00
2015-05-12,42.63,44.80,40.26,42.95,7573599,321213056.00
2015-05-13,42.01,44.20,41.00,42.58,3049557,131080008.00
2015-05-14,42.60,42.60,40.70,41.17,3268333,135067344.00
2015-05-15,41.60,42.10,39.00,41.00,4046756,163289168.00
2015-05-18,40.00,41.90,39.73,41.13,4687361,192120832.00
2015-05-19,41.20,41.50,40.00,41.00,3685488,149930928.00
2015-05-20,41.40,45.10,41.08,43.80,4736913,206226128.00
2015-05-21,43.85,45.50,43.66,44.94,3012994,134476880.00
2015-05-22,46.68,46.68,43.01,43.60,3734331,162688160.00
2015-05-25,41.60,44.69,41.60,43.95,3798665,164236560.00
2015-05-26,43.43,45.69,42.87,44.87,4858015,215583440.00
2015-05-27,45.04,45.90,43.00,43.31,6746020,296157696.00
2015-05-28,43.16,43.74,38.98,39.21,6998482,292155776.00
2015-05-29,39.25,42.29,39.00,40.70,5853444,236485968.00
2015-06-01,40.72,43.76,40.71,43.35,6652343,284584320.00
2015-06-02,43.35,47.69,43.35,47.69,7374226,345712800.00
2015-06-29,42.92,42.92,42.92,42.92,236700,10159164.00
2015-06-30,38.63,38.63,38.63,38.63,2216400,85619536.00
2015-07-01,37.15,42.00,36.68,36.77,20881700,809094592.00
2015-07-02,36.10,38.55,33.09,33.50,16708058,588007296.00
2015-07-03,34.00,36.49,31.00,33.20,12711316,423329856.00
2015-07-06,36.00,36.38,29.88,31.80,17271658,558860096.00
2015-07-07,30.33,32.23,28.62,28.62,7608538,224332960.00
2015-07-08,25.76,31.48,25.76,30.70,37006234,1010527360.00
2015-07-09,28.10,33.77,28.10,33.77,12792782,415245920.00
2015-07-10,36.50,37.15,36.25,37.15,8801421,326509408.00
2015-07-13,38.30,40.87,36.60,40.84,13848168,537802176.00
2015-07-14,42.50,42.50,38.60,39.49,7612955,302514176.00
2015-07-15,38.30,40.00,37.10,37.70,8638599,328304160.00
2015-07-16,36.50,40.20,34.50,39.51,6340852,242948512.00
2015-07-17,39.52,41.48,39.51,41.09,5842422,237736816.00
2015-07-20,40.00,41.88,38.00,40.33,7806189,309973984.00
2015-07-21,39.12,40.17,38.50,39.15,3999533,156831392.00
2015-07-22,38.70,39.54,38.00,38.20,5165606,199709408.00
2015-07-23,38.10,40.39,37.78,39.60,4401735,169911184.00
2015-07-24,39.62,40.98,38.42,38.66,4237395,169078448.00
2015-07-27,37.15,38.88,34.79,34.80,5376084,199004000.00
2015-07-28,33.95,36.00,32.60,35.10,7034810,240425376.00
2015-07-29,35.80,36.78,34.22,36.78,3466623,122566784.00
2015-07-30,36.56,37.53,35.28,35.30,1724167,63268340.00
2015-07-31,34.30,37.65,34.30,35.31,3294852,120382800.00
2015-08-03,34.55,36.36,34.10,34.80,3187203,111695632.00
2015-08-04,35.84,36.20,35.10,35.95,3716018,133085736.00
2015-08-05,36.00,38.35,36.00,37.58,3802507,143233584.00
2015-08-06,36.89,39.58,36.89,38.40,3122799,120820680.00
2015-08-07,38.78,40.24,37.90,39.49,2573958,100601752.00
2015-08-10,39.50,40.97,39.02,40.57,3531182,141703984.00
2015-08-11,40.58,41.06,39.05,40.39,4528691,180398848.00
2015-08-12,39.76,40.29,38.45,39.80,3323642,131964760.00
2015-08-13,39.69,40.29,38.88,39.50,2133295,84240416.00
2015-08-14,39.91,40.93,39.16,40.30,2455929,98331200.00
2015-08-17,40.30,40.50,39.50,40.30,1671566,66910628.00
2015-08-18,40.30,41.96,39.01,39.61,3206350,131359200.00
2015-08-19,37.54,40.41,37.02,40.12,2479511,95664592.00
2015-08-20,40.09,40.09,38.15,39.07,2786709,108223968.00
2015-08-21,37.60,38.98,36.65,36.90,3350089,125652792.00
2015-08-24,35.79,35.79,33.21,33.22,4496769,152255920.00
2015-08-25,29.98,33.48,29.98,31.50,5319573,170314848.00
2015-08-26,31.80,34.38,31.01,32.50,2990216,96640368.00
2015-08-27,33.50,35.48,33.01,34.60,3260611,112080320.00
2015-08-28,36.48,38.06,35.00,38.00,4247490,156865984.00
2015-08-31,37.05,37.58,35.72,36.30,1485981,54026184.00
2015-09-01,36.00,36.30,34.15,35.10,1897000,66494520.00
2015-09-02,34.70,35.50,33.25,34.77,1537522,53115480.00
2015-09-07,35.30,36.70,31.29,31.80,9795921,314088608.00
2015-09-08,31.79,34.10,31.50,33.81,2200415,72305968.00
2015-09-09,34.22,36.40,32.30,35.30,4634710,156597664.00
2015-09-10,34.20,35.48,33.10,34.60,1798948,62429676.00
2015-09-11,34.98,35.00,34.05,34.60,1031495,35785504.00
2015-09-14,34.21,35.91,32.55,33.50,1998048,68793496.00
2015-09-15,33.00,33.92,32.51,32.95,1172550,38527720.00
2015-09-16,32.96,35.48,32.71,35.10,2591015,88378280.00
2015-09-17,34.70,35.95,34.22,34.50,2332706,82058824.00
2015-09-22,36.92,36.92,36.92,36.92,0,0.00
数据来源:通达信
