002147 方圆支承 日线 前复权
      日期	    开盘	    最高	    最低	    收盘	    成交量	    成交额
2007-08-08,18.02,20.52,18.02,18.85,13424128,640477312.00
2007-08-09,17.40,17.96,16.92,17.06,5568956,241601680.00
2007-08-10,16.35,18.84,16.35,18.56,5398344,241649088.00
2007-08-13,18.23,19.46,17.66,18.56,2885207,134114432.00
2007-08-14,18.57,20.29,18.24,19.69,3417382,166166704.00
2007-08-15,20.10,20.43,18.85,20.10,3518231,174238272.00
2007-08-16,20.10,22.18,19.81,21.81,2988669,157698192.00
2007-08-17,21.83,23.44,21.18,21.69,2641877,147266672.00
2007-08-20,22.98,23.06,21.27,22.60,2237571,123643008.00
2007-08-21,22.55,22.65,21.40,22.10,2362810,128343856.00
2007-08-22,21.68,22.10,21.19,21.28,1601955,85959952.00
2007-08-23,21.36,21.59,19.77,19.90,2764762,139437136.00
2007-08-24,19.69,20.80,19.00,20.52,3006548,147764592.00
2007-08-27,20.42,20.42,19.23,20.19,2283593,112288440.00
2007-08-28,20.00,20.73,19.31,20.22,1265377,63355864.00
2007-08-29,19.90,19.90,19.06,19.48,1223293,59270828.00
2007-08-30,19.47,20.44,19.15,20.31,1424836,69411384.00
2007-08-31,20.17,20.94,19.90,20.85,1121714,57109440.00
2007-09-03,20.85,20.94,20.32,20.85,1144664,58395276.00
2007-09-04,20.73,21.10,20.39,20.73,645083,33063772.00
2007-09-05,20.52,20.69,20.05,20.23,662507,33303442.00
2007-09-06,20.23,20.23,19.56,19.61,817016,40039392.00
2007-09-07,19.48,19.80,19.35,19.35,720365,35085000.00
2007-09-10,18.67,19.35,18.67,18.90,606690,28598998.00
2007-09-11,18.83,19.47,18.44,18.44,705852,33407488.00
2007-09-12,18.53,18.97,17.65,18.35,703477,31798342.00
2007-09-13,18.35,19.19,17.94,18.45,675894,31366622.00
2007-09-14,18.48,18.63,17.93,18.08,811770,36822928.00
2007-09-18,18.35,18.65,17.73,17.81,584775,26594864.00
2007-09-19,17.81,17.81,16.98,17.03,713307,30649636.00
2007-09-20,17.14,17.45,17.04,17.36,477840,20623658.00
2007-09-21,17.40,17.54,16.73,16.85,530576,22527434.00
2007-09-24,16.93,16.93,16.40,16.77,413227,17128400.00
2007-09-25,16.98,17.51,16.73,17.06,354498,15198223.00
2007-09-26,17.08,17.44,16.78,17.03,228901,9831598.00
2007-09-27,17.27,18.48,16.90,18.23,698857,31213340.00
2007-09-28,18.22,19.19,18.06,18.54,653246,30444522.00
2007-10-08,18.54,18.94,17.65,17.69,381540,17212458.00
2007-10-09,17.77,18.10,17.27,18.06,295839,13112509.00
2007-10-10,17.69,18.18,17.69,17.71,404453,18090328.00
2007-10-11,17.69,18.65,17.69,18.09,547261,24854816.00
2007-10-12,18.65,19.26,17.17,18.06,1966025,88196608.00
2007-10-15,17.82,18.75,17.82,18.23,959501,44135628.00
2007-10-16,18.08,18.43,17.40,17.53,592363,26162924.00
2007-10-17,17.44,17.81,17.28,17.55,411448,17950450.00
2007-10-18,17.69,17.69,16.87,16.87,401450,17234294.00
2007-10-19,17.01,17.37,16.88,17.02,194862,8315350.00
2007-10-22,17.03,17.55,16.69,17.19,485706,20763458.00
2007-10-23,17.21,17.40,16.48,16.62,530160,22273456.00
2007-10-24,16.62,16.96,16.56,16.68,387262,16239876.00
2007-10-25,16.57,17.19,16.56,16.73,584383,24783700.00
2007-10-26,16.75,18.48,16.73,18.48,1318071,58692412.00
2007-10-29,18.48,19.22,17.85,18.83,1149780,53171460.00
2007-10-30,18.85,19.04,18.24,18.48,536036,24679570.00
2007-10-31,18.64,19.68,18.30,19.01,1307136,62471620.00
2007-11-01,18.85,19.90,18.40,19.39,1149606,55445176.00
2007-11-02,19.07,19.56,18.33,18.37,717052,33692736.00
2007-11-05,18.36,18.85,18.02,18.55,483137,22205820.00
2007-11-06,18.23,18.79,17.94,17.94,392951,17996944.00
2007-11-07,17.90,18.38,16.90,17.27,513505,22235990.00
2007-11-08,16.81,16.81,15.47,15.47,2143305,85843456.00
2007-11-09,14.89,15.10,13.85,14.65,1719889,62009328.00
2007-11-12,14.20,14.52,13.23,13.45,780536,27109080.00
2007-11-13,13.53,13.93,13.40,13.45,905836,31274314.00
2007-11-14,13.63,14.05,13.40,13.94,838495,29149788.00
2007-11-15,13.93,14.39,13.65,14.10,848272,29903486.00
2007-11-16,13.86,14.02,13.44,13.83,666442,23092458.00
2007-11-19,13.94,14.81,13.87,14.53,1159035,42268620.00
2007-11-20,14.47,15.08,14.27,14.64,851990,31596070.00
2007-11-21,14.69,15.06,14.48,14.94,751295,27898372.00
2007-11-22,14.69,14.90,13.53,13.83,624987,22717864.00
2007-11-23,13.45,13.97,13.43,13.68,450527,15504016.00
2007-11-26,13.97,14.18,13.52,13.57,417385,14643252.00
2007-11-27,13.56,13.98,13.44,13.78,472874,16424205.00
2007-11-28,13.81,13.92,13.47,13.58,287802,10022231.00
2007-11-29,13.80,14.22,13.69,14.22,387766,13703922.00
2007-11-30,14.22,14.42,13.80,13.90,523052,18520132.00
2007-12-03,13.90,14.14,13.80,14.10,302418,10692361.00
2007-12-04,14.11,14.46,14.03,14.13,331514,11903610.00
2007-12-05,14.10,14.55,14.10,14.55,561301,20392994.00
2007-12-06,14.55,14.92,14.40,14.61,432152,15978053.00
2007-12-07,14.61,14.80,14.48,14.56,343391,12620930.00
2007-12-10,14.32,15.15,14.28,15.11,752906,28168570.00
2007-12-11,15.35,15.98,15.19,15.61,1000063,39280324.00
2007-12-12,15.54,15.80,15.53,15.67,589048,23178326.00
2007-12-13,15.67,16.25,15.52,15.52,838481,33471402.00
2007-12-14,15.23,15.73,15.15,15.71,716078,27776236.00
2007-12-17,15.90,17.02,15.89,16.68,1198658,49497332.00
2007-12-18,16.31,16.85,16.17,16.26,583226,24018740.00
2007-12-19,16.56,16.70,16.22,16.59,541923,22375722.00
2007-12-20,16.60,16.75,16.44,16.51,534820,22174504.00
2007-12-21,16.44,16.81,16.35,16.58,397676,16555228.00
2007-12-24,16.58,17.15,16.50,16.83,605040,25506794.00
2007-12-25,17.06,17.06,16.61,16.81,472224,19827532.00
2007-12-26,16.85,17.64,16.85,17.10,735630,31597082.00
2007-12-27,18.44,18.84,17.96,18.35,1516782,69453408.00
2007-12-28,18.23,18.23,17.65,17.85,1145925,51244912.00
2008-01-02,18.02,18.64,17.64,18.23,948832,43113168.00
2008-01-03,18.22,19.26,18.06,18.86,1168841,54745824.00
2008-01-04,18.87,19.10,18.59,19.05,623258,29253516.00
2008-01-07,18.69,18.94,18.50,18.69,1067756,49588532.00
2008-01-08,18.56,18.83,17.60,17.65,1625380,73428352.00
2008-01-09,17.56,18.09,17.52,18.02,561012,25068214.00
2008-01-10,18.03,18.89,17.83,18.60,767008,35440488.00
2008-01-11,18.83,18.85,18.31,18.48,441174,20347028.00
2008-01-14,18.42,19.02,18.18,18.94,788811,36963880.00
2008-01-15,18.95,19.83,18.92,19.30,935294,45260040.00
2008-01-16,19.17,20.11,18.95,19.60,1179101,58245972.00
2008-01-17,19.44,20.06,18.06,19.48,1209279,57839768.00
2008-01-18,19.27,19.81,18.94,19.68,612135,29645194.00
2008-01-21,19.69,20.73,19.36,19.46,1099891,54805460.00
2008-01-22,19.27,19.28,17.44,17.44,1119708,50699900.00
2008-01-23,17.94,18.44,16.93,18.23,1000931,44797696.00
2008-01-24,18.23,19.10,17.61,19.05,1055847,48728260.00
2008-01-25,18.92,19.75,18.92,19.33,881985,42527144.00
2008-01-28,19.22,19.27,17.47,17.73,613494,27851460.00
2008-01-29,17.97,18.40,17.81,18.14,252872,11416896.00
2008-01-30,18.60,18.77,17.85,18.29,370483,16926650.00
2008-01-31,18.30,18.48,16.98,16.98,549663,24152870.00
2008-02-01,16.90,17.15,15.73,15.88,577608,23470226.00
2008-02-04,16.35,17.43,16.35,17.40,374973,15916729.00
2008-02-05,17.01,18.23,16.97,17.69,299968,13232640.00
2008-02-13,17.19,18.22,17.19,17.98,325298,14558979.00
2008-02-14,18.06,18.38,17.94,17.98,167347,7559593.00
2008-02-15,17.81,18.31,17.81,18.16,299154,13531517.00
2008-02-18,18.44,19.06,18.43,18.70,501182,23390768.00
2008-02-19,18.70,18.98,18.46,18.90,352811,16508038.00
2008-02-20,18.87,19.18,18.15,18.31,444650,20609710.00
2008-02-21,18.02,18.61,17.91,18.44,414525,18863910.00
2008-02-22,18.21,18.23,17.47,17.60,458913,20359472.00
2008-02-25,17.60,17.85,17.01,17.18,411718,17885208.00
2008-02-26,17.97,17.97,16.77,17.25,399606,17300548.00
2008-02-27,17.37,18.14,17.22,17.85,241890,10752214.00
2008-02-28,18.17,18.65,17.86,18.44,658074,30207308.00
2008-02-29,18.44,18.64,18.16,18.43,225805,10380823.00
2008-03-03,18.38,19.06,18.17,18.91,520119,24440028.00
2008-03-04,18.77,19.06,18.24,18.30,369100,17088714.00
2008-03-05,18.23,18.43,17.94,18.15,319833,14477863.00
2008-03-06,18.41,18.67,18.05,18.59,250609,11513327.00
2008-03-07,18.48,18.63,18.10,18.34,178449,8175002.00
2008-03-10,18.30,18.30,17.31,17.42,358680,15832160.00
2008-03-11,17.37,17.37,16.35,16.90,747450,31502690.00
2008-03-12,17.00,17.39,16.38,16.56,332049,13882200.00
2008-03-13,16.23,16.98,16.02,16.58,239973,9903971.00
2008-03-14,16.37,17.44,16.37,17.44,336947,14409954.00
2008-03-17,17.60,17.60,16.94,16.98,485871,21018400.00
2008-03-18,16.98,17.40,15.23,15.35,535303,21864236.00
2008-03-19,16.02,16.48,15.52,15.98,452627,18271284.00
2008-03-20,16.23,16.83,14.90,16.77,463623,18841274.00
2008-03-21,16.60,17.27,16.60,16.83,328065,13929695.00
2008-03-24,16.98,17.26,16.60,16.60,251100,10649416.00
2008-03-25,16.35,16.85,16.25,16.61,177483,7381440.50
2008-03-26,16.81,16.90,16.48,16.55,154828,6474756.00
2008-03-27,16.31,16.69,15.94,16.01,253230,10401245.00
2008-03-28,15.95,16.97,15.73,16.85,308046,12557673.00
2008-03-31,16.56,16.71,16.19,16.44,190528,7884476.00
2008-04-01,16.35,16.62,15.00,15.00,323298,12664359.00
2008-04-02,15.10,15.56,13.65,13.81,435543,15917740.00
2008-04-03,13.94,15.27,13.82,15.22,555326,20866658.00
2008-04-07,15.10,16.82,14.78,16.82,613939,24916804.00
2008-04-09,16.42,17.63,16.23,16.31,668149,28402374.00
2008-04-10,16.14,17.44,16.14,17.19,361997,15240320.00
2008-04-11,17.23,17.53,16.90,17.07,296720,12808430.00
2008-04-14,16.77,17.43,16.22,16.35,388867,16243947.00
2008-04-15,16.35,17.39,15.94,17.31,360698,15084394.00
2008-04-16,16.98,17.40,16.97,17.02,234900,10132826.00
2008-04-17,17.14,17.38,16.02,16.10,374350,15433806.00
2008-04-18,15.90,16.25,15.10,15.19,448297,17561952.00
2008-04-21,16.65,16.67,15.10,15.40,437573,17460966.00
2008-04-22,15.40,16.17,15.27,16.03,475635,18661910.00
2008-04-23,16.03,16.87,15.77,16.87,342570,14164629.00
2008-04-24,18.38,18.60,17.66,18.48,1497167,68260696.00
2008-04-25,18.05,18.84,18.05,18.39,883183,40572264.00
2008-04-28,18.42,19.05,18.11,18.95,1092781,51326220.00
2008-04-29,19.06,19.35,18.52,18.83,1016473,47818812.00
2008-04-30,18.88,19.38,18.55,19.23,1944409,45961620.00
2008-05-05,19.37,21.22,19.30,21.16,2960121,74196192.00
2008-05-06,21.01,21.60,20.55,20.87,2628660,68261712.00
2008-05-07,20.63,20.70,18.98,18.98,3038207,74891200.00
2008-05-08,18.75,20.19,18.56,19.76,1734726,41834772.00
2008-05-09,19.78,20.63,19.35,20.58,2200154,54055992.00
2008-05-12,20.08,21.22,19.46,20.72,2239013,57203008.00
2008-05-13,20.22,22.30,19.90,22.08,4181116,111121184.00
2008-05-14,21.86,22.34,21.31,21.79,2257842,60718252.00
2008-05-15,21.72,22.69,21.02,21.05,2749790,74245456.00
2008-05-16,21.26,21.69,20.72,21.07,1540010,40077752.00
2008-05-19,20.96,21.47,20.80,21.04,791585,20528700.00
2008-05-20,21.01,21.22,19.37,19.41,1732911,43242780.00
2008-05-21,19.05,20.10,18.63,19.97,1364507,32633722.00
2008-05-22,19.98,20.55,19.38,19.94,829200,20579282.00
2008-05-23,19.97,20.01,19.20,19.48,774406,18668718.00
2008-05-26,19.22,19.47,18.73,18.75,600249,14157931.00
2008-05-27,18.57,19.11,18.57,19.04,703221,16486551.00
2008-05-28,18.87,20.20,18.80,19.76,783173,18915740.00
2008-05-29,19.72,20.00,19.06,19.06,625124,15128933.00
2008-05-30,19.05,19.52,18.97,19.28,374001,8892659.00
2008-06-02,19.28,19.60,19.22,19.30,495648,11925644.00
2008-06-03,19.30,19.97,19.30,19.69,884168,21609724.00
2008-06-04,19.88,19.93,18.89,19.05,485425,11544864.00
2008-06-05,18.85,19.22,18.68,18.88,450822,10559309.00
2008-06-06,19.02,19.35,18.72,18.90,564932,13342320.00
2008-06-10,17.97,18.38,16.95,16.95,758300,16589745.00
2008-06-11,16.79,16.79,15.72,16.22,932114,18804288.00
2008-06-12,16.05,16.38,15.14,15.51,961103,18656394.00
2008-06-13,15.59,15.88,14.23,14.23,896691,16669021.00
2008-06-16,14.32,15.05,13.95,14.68,1161345,21207326.00
2008-06-17,14.72,15.04,13.63,13.65,805642,14357396.00
2008-06-18,13.65,14.88,13.56,14.53,1062368,19060120.00
2008-06-19,14.55,14.78,13.05,13.08,1177488,20736194.00
2008-06-20,13.45,14.28,12.56,13.55,936992,16110312.00
2008-06-23,13.23,13.87,12.93,12.97,642240,10764077.00
2008-06-24,12.97,13.51,12.63,13.13,748669,12361873.00
2008-06-25,13.13,14.28,12.97,14.28,1460343,24944628.00
2008-06-26,14.28,15.21,13.58,14.88,975690,17789942.00
2008-06-27,14.28,14.59,13.88,14.13,1355772,23995150.00
2008-06-30,13.83,14.35,13.22,13.88,626114,10917100.00
2008-07-01,14.12,14.12,13.30,13.35,664222,11260774.00
2008-07-02,13.47,13.76,13.30,13.58,968255,16479245.00
2008-07-03,13.47,14.56,13.05,14.30,1348796,23749600.00
2008-07-04,14.38,14.58,14.06,14.20,774950,13849922.00
2008-07-07,14.24,15.22,14.06,15.22,1431529,26626078.00
2008-07-08,15.18,15.44,14.72,15.30,1087495,20483064.00
2008-07-09,15.34,15.72,15.30,15.60,1447684,28013078.00
2008-07-10,15.30,15.71,15.06,15.09,1195851,22929116.00
2008-07-11,15.01,15.54,14.85,15.54,765373,14439025.00
2008-07-14,15.07,15.88,15.07,15.55,667484,12933801.00
2008-07-15,15.72,15.78,14.87,14.97,872081,16474086.00
2008-07-16,14.76,14.88,13.70,13.89,722081,12989736.00
2008-07-17,14.29,14.55,13.88,13.98,622791,11041905.00
2008-07-18,14.13,14.88,14.04,14.78,617558,11066711.00
2008-07-21,14.84,15.26,14.63,15.22,647060,12185470.00
2008-07-22,15.27,15.45,15.01,15.25,553363,10469691.00
2008-07-23,15.30,15.30,14.73,15.05,552190,10382437.00
2008-07-25,15.13,15.42,15.05,15.25,720001,13672651.00
2008-07-28,15.38,15.43,15.13,15.18,604723,11534194.00
2008-07-29,15.18,15.18,14.72,14.96,453366,8455385.00
2008-07-30,15.18,15.22,14.56,14.93,362585,6776747.00
2008-07-31,14.72,15.43,14.55,15.09,896894,16760989.00
2008-08-01,14.90,15.21,14.55,15.05,494646,9227319.00
2008-08-04,14.65,15.02,13.48,13.49,1625880,28548782.00
2008-08-05,13.25,13.86,12.31,12.80,1499285,24617178.00
2008-08-06,12.78,12.78,11.70,11.79,1630987,24649894.00
2008-08-07,11.43,12.18,11.42,11.83,741437,11093985.00
2008-08-08,10.98,12.53,10.98,11.73,3193383,47188116.00
2008-08-11,11.26,11.45,10.51,10.82,1965780,27497826.00
2008-08-12,10.88,11.10,10.80,10.97,571775,7916718.00
2008-08-13,10.82,11.19,10.68,11.13,590311,8198524.50
2008-08-14,11.16,11.20,10.98,11.16,450740,6334768.00
2008-08-15,11.05,11.42,10.85,11.24,620959,8749820.00
2008-08-18,11.25,11.30,10.55,10.95,880695,12119685.00
2008-08-19,10.88,11.19,10.67,11.16,555210,7786870.00
2008-08-20,11.13,12.05,10.93,11.95,2164723,31950158.00
2008-08-21,11.72,11.87,11.09,11.22,924838,13391478.00
2008-08-22,11.18,11.27,10.91,11.03,436972,6121248.00
2008-08-25,11.15,11.38,10.98,11.00,345278,4852236.50
2008-08-26,11.22,11.22,9.84,10.55,1040086,14042354.00
2008-08-27,10.23,10.47,9.49,9.49,1447406,18015716.00
2008-08-28,9.23,9.63,8.68,8.97,1738099,19975164.00
2008-08-29,8.93,9.28,8.69,9.15,1065464,12245832.00
2008-09-01,8.93,8.95,8.76,8.88,486945,5527357.00
2008-09-02,8.84,9.45,8.36,9.34,1363428,15608239.00
2008-09-03,9.30,9.88,8.83,9.73,1158390,13978020.00
2008-09-04,9.48,10.34,9.48,10.18,1388083,17771254.00
2008-09-05,9.76,10.34,9.39,9.68,772284,9675026.00
2008-09-08,9.68,9.69,8.98,9.38,511634,6054146.50
2008-09-09,9.45,9.46,9.02,9.13,334486,3918881.75
2008-09-10,9.11,9.47,8.88,9.13,384420,4508166.50
2008-09-11,9.13,9.14,8.30,8.43,635600,7040078.50
2008-09-12,8.20,8.52,8.05,8.38,577199,6165973.00
2008-09-16,8.38,8.38,7.90,7.91,558880,5859482.00
2008-09-17,7.93,8.13,7.82,7.98,379239,3908102.75
2008-09-18,7.88,8.03,7.38,7.88,492917,4934877.00
2008-09-19,8.73,8.73,8.47,8.73,853432,9550010.00
2008-09-22,9.38,9.63,8.80,9.28,1822499,21461566.00
2008-09-23,8.97,9.04,8.33,8.33,837125,9347014.00
2008-09-24,8.13,8.37,8.01,8.32,390624,4130478.50
2008-09-25,8.23,8.72,8.22,8.55,868489,9521467.00
2008-09-26,8.55,8.84,8.30,8.60,707232,7765412.00
2008-10-06,8.47,8.47,7.97,7.98,383100,3996323.00
2008-10-07,7.72,7.95,7.52,7.95,328056,3294141.50
2008-10-08,7.72,8.09,7.60,8.05,418086,4238288.00
2008-10-09,8.08,8.80,8.06,8.61,1722070,18876268.00
2008-10-10,8.37,8.44,7.79,7.98,575993,6036459.50
2008-10-13,7.80,8.17,7.38,8.17,696286,6986501.00
2008-10-14,8.40,8.60,7.80,7.90,580697,6168496.50
2008-10-15,7.95,7.95,7.38,7.80,921973,9020551.00
2008-10-16,7.38,7.52,7.23,7.30,755197,7242085.50
2008-10-17,7.37,7.67,7.15,7.47,364676,3487744.25
2008-10-20,7.46,7.88,7.32,7.83,466097,4637648.50
2008-10-21,7.76,7.86,7.62,7.63,478896,4802754.00
2008-10-22,7.55,7.67,7.37,7.39,396797,3855554.00
2008-10-23,7.30,7.30,7.03,7.17,556057,5168585.50
2008-10-24,7.15,7.25,7.03,7.10,667784,6226209.50
2008-10-27,7.08,7.08,6.33,6.38,1064180,9316828.00
2008-10-28,6.34,6.55,5.89,6.33,620184,5096070.00
2008-10-29,6.40,6.53,6.12,6.13,735708,6173814.50
2008-10-30,6.09,6.37,6.09,6.22,491539,4034560.25
2008-10-31,6.14,6.22,5.60,5.93,806371,6335238.00
2008-11-03,5.77,5.80,5.50,5.67,809590,6073906.50
2008-11-04,5.63,5.68,5.33,5.63,590646,4338270.50
2008-11-05,5.56,5.97,5.53,5.93,759538,5887610.50
2008-11-06,5.72,5.87,5.63,5.83,478461,3661299.25
2008-11-07,5.66,6.15,5.66,6.08,606858,4803598.50
2008-11-10,6.13,6.74,6.13,6.74,1648942,14400865.00
2008-11-11,6.93,7.27,6.75,6.75,3340879,30720454.00
2008-11-12,6.63,7.01,6.48,7.01,1223941,10939390.00
2008-11-13,6.91,7.54,6.81,7.40,4023084,38168932.00
2008-11-14,7.47,7.93,7.34,7.87,4137395,41014120.00
2008-11-17,7.88,8.21,7.55,8.20,4117546,42478008.00
2008-11-18,7.99,8.18,7.32,7.32,3147918,31543748.00
2008-11-19,7.19,8.07,7.19,8.04,2131047,21174928.00
2008-11-20,7.72,8.74,7.55,8.51,3504796,37995120.00
2008-11-21,8.23,8.80,7.88,8.62,3515232,37882268.00
2008-11-24,8.62,8.72,7.76,7.76,2026075,21360766.00
2008-11-25,7.96,8.11,7.26,7.53,1705528,16921584.00
2008-11-26,7.54,7.98,7.32,7.83,1914167,19273368.00
2008-11-27,8.53,8.53,8.12,8.30,3038829,32612506.00
2008-11-28,8.13,8.45,7.96,8.13,1423024,15018985.00
2008-12-01,7.89,8.54,7.82,8.51,1943723,20765678.00
2008-12-02,8.38,9.31,8.22,9.20,5634777,64885060.00
2008-12-03,9.26,9.54,9.06,9.50,5041938,60297144.00
2008-12-04,9.51,9.62,9.20,9.20,5327812,64176904.00
2008-12-05,8.96,9.46,8.96,9.36,2087543,24668934.00
2008-12-08,9.36,9.88,9.36,9.59,3439558,42416328.00
2008-12-09,9.58,9.58,9.13,9.33,3130875,37421684.00
2008-12-10,9.38,9.61,9.13,9.58,2431351,29424108.00
2008-12-11,9.63,9.79,8.97,9.01,2889036,34907812.00
2008-12-12,8.82,9.05,8.09,8.29,2599984,28471700.00
2008-12-15,8.38,8.62,8.22,8.58,1919255,20822436.00
2008-12-16,8.48,8.80,8.28,8.73,1136305,12411834.00
2008-12-17,8.73,9.09,8.63,8.83,1662557,18949684.00
2008-12-18,8.83,9.09,8.73,9.09,1142836,13130678.00
2008-12-19,9.08,9.47,9.05,9.23,1752286,20942628.00
2008-12-22,9.13,9.68,9.06,9.59,2844231,34372784.00
2008-12-23,9.57,9.59,8.58,8.58,3247299,37260424.00
2008-12-24,8.43,8.47,7.95,8.04,1827330,19390512.00
2008-12-25,8.30,8.38,7.97,8.13,894659,9363263.00
2008-12-26,8.14,8.37,8.13,8.19,1112421,11795398.00
2008-12-29,8.23,8.23,7.70,8.01,1024740,10464789.00
2008-12-30,8.13,8.51,8.13,8.30,1780921,19151530.00
2008-12-31,8.26,8.68,8.25,8.55,2188916,23965104.00
2009-01-05,8.74,9.13,8.74,9.11,2024807,23416244.00
2009-01-06,9.01,9.54,8.92,9.28,2194883,26175888.00
2009-01-07,9.31,9.73,9.09,9.60,3261263,39317132.00
2009-01-08,9.38,9.59,9.23,9.36,2032709,24414988.00
2009-01-09,9.32,10.36,9.32,10.30,7417309,95071048.00
2009-01-12,10.35,10.83,10.30,10.30,7086346,94724200.00
2009-01-13,10.23,10.23,9.51,9.59,3755139,47272576.00
2009-01-14,9.63,10.62,9.54,10.62,5130962,66704776.00
2009-01-15,10.64,11.38,10.64,11.05,7652738,107468800.00
2009-01-16,11.26,11.47,11.19,11.19,5895676,84506488.00
2009-01-19,10.63,11.33,10.63,11.01,3184326,44005936.00
2009-01-20,10.96,11.31,10.84,11.19,1808675,25367404.00
2009-01-21,10.98,11.38,10.72,10.93,2411006,33630836.00
2009-01-22,10.99,11.23,10.80,11.09,1822735,25542440.00
2009-01-23,11.09,11.17,10.83,10.97,1190418,16561789.00
2009-02-02,10.94,11.80,10.94,11.72,3420156,49957016.00
2009-02-03,11.83,12.30,11.69,11.78,3241705,48986696.00
2009-02-04,11.82,12.03,11.53,11.99,3413872,50527908.00
2009-02-05,11.97,12.15,11.47,11.61,2878358,42730948.00
2009-02-06,11.67,12.18,11.52,12.05,3132566,47328928.00
2009-02-09,12.07,12.26,11.87,12.20,3047426,46397624.00
2009-02-10,12.20,12.96,12.10,12.54,2659109,41938652.00
2009-02-11,12.22,12.70,11.88,12.09,2976460,46304128.00
2009-02-12,12.09,12.22,11.51,12.00,2720508,40616104.00
2009-02-13,11.88,12.48,11.72,12.47,4026947,61732688.00
2009-02-16,12.56,12.72,12.05,12.67,4378355,68465328.00
2009-02-17,12.67,12.67,11.87,11.88,3099266,47520792.00
2009-02-18,11.55,11.97,11.30,11.31,2248192,32996354.00
2009-02-19,11.34,11.97,11.34,11.73,2138961,31524564.00
2009-02-20,11.80,12.96,11.69,12.64,4602190,72437888.00
2009-02-23,12.55,12.97,12.29,12.87,4821918,77276064.00
2009-02-24,12.71,13.12,12.43,12.45,3501520,56232760.00
2009-02-25,12.53,13.76,12.53,13.70,6450749,108325032.00
2009-02-26,13.73,13.88,12.27,12.38,5200379,84076736.00
2009-02-27,12.03,12.19,11.30,11.55,3775403,55486644.00
2009-03-02,11.28,11.88,11.26,11.59,1645572,24012786.00
2009-03-03,11.26,11.95,10.97,11.84,1449842,21327002.00
2009-03-04,11.84,12.77,11.76,12.68,2865789,44562804.00
2009-03-05,12.68,13.13,12.43,12.79,2736544,44179492.00
2009-03-06,12.47,12.94,12.38,12.52,1115577,17733502.00
2009-03-09,12.72,12.72,11.20,11.22,2652897,39639532.00
2009-03-10,11.22,11.72,11.22,11.53,2287607,33078210.00
2009-03-11,11.83,11.85,11.34,11.47,1487803,21794710.00
2009-03-12,11.38,11.61,11.13,11.56,1240505,17909922.00
2009-03-13,11.56,11.72,11.38,11.57,1702299,24865304.00
2009-03-16,11.59,11.72,11.26,11.44,1282761,18593454.00
2009-03-17,11.43,12.13,11.28,12.13,2146032,31741656.00
2009-03-18,12.22,12.51,12.02,12.30,1878085,29124600.00
2009-03-19,12.22,12.93,12.21,12.73,2171361,34566888.00
2009-03-20,12.73,12.74,12.21,12.49,1844897,28853226.00
2009-03-23,12.49,12.82,12.26,12.74,2903301,45684028.00
2009-03-24,12.84,12.88,12.48,12.53,2156371,34272780.00
2009-03-25,12.30,12.59,12.05,12.05,2244583,34541532.00
2009-03-26,11.90,12.17,11.58,12.17,2408217,36184656.00
2009-03-27,12.26,12.78,12.20,12.45,4870695,76737072.00
2009-03-30,12.43,12.80,12.43,12.48,2793180,44468196.00
2009-03-31,12.49,13.01,12.38,13.01,3519374,56506720.00
2009-04-01,13.05,13.44,12.88,13.22,3323094,55020184.00
2009-04-02,13.15,13.41,13.08,13.11,2344727,38865300.00
2009-04-03,13.38,13.38,12.73,13.13,1736514,28596034.00
2009-04-07,13.12,13.27,12.98,13.22,1551085,25582348.00
2009-04-08,13.18,13.36,12.41,12.43,2296469,37299204.00
2009-04-09,12.38,12.79,12.37,12.70,1981156,31565414.00
2009-04-10,12.95,13.13,12.64,13.13,2840079,46193484.00
2009-04-13,13.22,13.78,13.07,13.71,4626548,78019408.00
2009-04-14,13.71,14.38,13.53,14.03,4228598,74524224.00
2009-04-15,14.03,14.03,13.45,13.97,3056271,52604172.00
2009-04-16,13.84,14.11,13.15,13.55,3260578,55861204.00
2009-04-17,13.70,14.02,13.23,13.84,3928509,67210632.00
2009-04-20,13.55,13.63,12.98,13.49,5316016,89397064.00
2009-04-21,13.35,13.59,13.01,13.18,2742430,45499016.00
2009-04-22,13.18,13.39,12.38,12.43,3486398,57186764.00
2009-04-23,12.39,12.76,12.38,12.60,2489900,39467056.00
2009-04-24,12.60,12.79,12.37,12.55,2037208,32136126.00
2009-04-28,12.11,12.51,11.89,12.46,2198549,33675284.00
2009-04-29,12.46,12.78,12.22,12.56,887931,14035691.00
2009-04-30,12.70,13.30,12.70,13.16,2528130,41728340.00
2009-05-04,13.30,13.53,13.09,13.47,1712667,28885892.00
2009-05-05,13.49,13.61,13.32,13.46,1584056,26696650.00
2009-05-06,13.54,14.05,13.38,13.86,2712812,47056712.00
2009-05-07,13.93,13.98,13.22,13.53,2023641,34289184.00
2009-05-08,13.61,13.61,12.95,13.15,1448331,19834036.00
2009-05-11,13.12,13.13,12.42,12.45,1831792,24095558.00
2009-05-12,12.25,12.60,12.13,12.59,1220496,15615511.00
2009-05-13,12.59,12.82,12.32,12.75,2750374,35668480.00
2009-05-14,12.65,12.65,12.35,12.55,904447,11714127.00
2009-05-15,12.54,12.99,12.40,12.84,1316662,17380258.00
2009-05-18,12.85,12.94,12.46,12.71,926856,12096982.00
2009-05-19,12.75,12.80,12.54,12.56,1533497,20001006.00
2009-05-20,12.58,12.63,12.35,12.49,1259619,16265344.00
2009-05-21,12.45,12.45,11.90,12.00,1813230,22866548.00
2009-05-22,12.00,12.23,11.76,12.18,730588,9197311.00
2009-05-25,11.95,12.00,11.64,11.78,1754490,21480288.00
2009-05-26,11.88,12.42,11.85,12.06,1908034,24240298.00
2009-05-27,12.24,12.31,11.93,12.00,1118409,13967572.00
2009-06-01,12.10,12.34,11.97,12.07,1394527,17502702.00
2009-06-02,12.20,12.48,12.05,12.25,2044887,25975142.00
2009-06-03,12.23,12.33,11.97,12.01,2466797,30856774.00
2009-06-04,12.04,12.11,11.61,11.83,2352750,28692206.00
2009-06-05,11.83,11.85,11.62,11.75,1467486,17819156.00
2009-06-08,11.73,11.74,11.34,11.45,2065057,24562572.00
2009-06-09,11.45,11.45,11.02,11.35,2587210,30235362.00
2009-06-10,11.40,11.82,11.25,11.78,2777103,33373198.00
2009-06-11,11.73,11.73,11.35,11.52,2005250,24002292.00
2009-06-12,11.56,11.56,11.16,11.16,1517252,17762108.00
2009-06-15,11.08,11.17,10.92,11.11,1909428,21899182.00
2009-06-16,11.04,11.23,10.94,11.11,1370322,15779022.00
2009-06-17,11.08,11.43,11.06,11.35,1520375,17874310.00
2009-06-18,11.42,11.54,11.23,11.30,1374846,16282875.00
2009-06-19,11.30,11.40,11.20,11.34,951081,11176797.00
2009-06-22,11.44,11.48,11.21,11.28,981828,11558869.00
2009-06-23,11.18,11.43,11.10,11.28,1146075,13447165.00
2009-06-24,11.20,11.89,11.18,11.81,3714369,44901988.00
2009-06-25,11.83,12.04,11.72,11.75,2061985,25291700.00
2009-06-26,11.60,12.01,11.60,11.75,1387614,17032870.00
2009-06-29,11.73,11.89,11.63,11.64,1098312,13370280.00
2009-06-30,11.62,11.63,11.26,11.28,1311941,15510161.00
2009-07-01,11.35,11.42,11.20,11.29,980773,11491505.00
2009-07-02,11.42,11.42,11.13,11.34,1294195,15126501.00
2009-07-03,11.30,11.39,11.24,11.31,1096263,12913100.00
2009-07-06,11.31,11.69,11.13,11.65,3033295,35938036.00
2009-07-07,11.65,11.74,11.45,11.50,1493551,17974724.00
2009-07-08,11.47,11.69,11.45,11.63,1615958,19434178.00
2009-07-09,11.67,12.23,11.58,12.19,4053512,50264736.00
2009-07-10,11.94,12.08,11.70,11.84,6630647,81525624.00
2009-07-13,11.74,11.84,11.59,11.75,3340121,40654208.00
2009-07-14,11.75,11.94,11.75,11.94,2915959,35904588.00
2009-07-15,11.95,12.14,11.90,12.04,3831439,47853876.00
2009-07-16,12.13,12.15,11.79,11.83,2634188,32645720.00
2009-07-17,11.83,12.05,11.80,12.02,2689557,33397096.00
2009-07-20,12.05,12.31,12.00,12.23,4098102,51765196.00
2009-07-21,12.26,12.27,11.83,11.90,3409861,42322992.00
2009-07-22,11.79,11.95,11.72,11.75,4567607,55980332.00
2009-07-23,11.75,11.78,11.54,11.65,5865081,70781400.00
2009-07-24,11.68,11.83,11.46,11.57,4630040,56147312.00
2009-07-27,11.65,11.76,11.62,11.75,4376451,53129976.00
2009-07-28,11.77,12.43,11.54,12.21,12894734,159406432.00
2009-07-29,12.05,12.19,10.95,11.35,6409115,78582032.00
2009-07-30,11.34,11.55,11.00,11.39,3412602,40127568.00
2009-07-31,11.50,11.63,11.35,11.58,3817258,45614660.00
2009-08-03,11.59,12.02,11.44,11.91,5422378,66318708.00
2009-08-04,11.95,12.14,11.80,12.08,6072155,75586376.00
2009-08-05,12.10,12.65,12.10,12.41,9234829,118544040.00
2009-08-06,12.33,12.63,12.06,12.30,5252926,67128608.00
2009-08-07,12.16,12.54,11.95,11.98,4940292,62839508.00
2009-08-10,12.03,12.36,11.93,12.24,2937170,36952012.00
2009-08-11,12.25,12.31,11.97,12.05,2609514,32687276.00
2009-08-12,12.05,12.05,11.25,11.33,3174452,38200688.00
2009-08-13,11.32,11.45,11.13,11.33,1810229,21216710.00
2009-08-14,11.33,11.35,10.20,10.25,3503321,39307728.00
2009-08-17,10.25,10.32,9.33,9.50,2542720,26017590.00
2009-08-18,9.35,9.75,9.30,9.66,1755454,17579832.00
2009-08-19,9.67,9.70,8.86,8.94,1878075,18378386.00
2009-08-20,8.94,9.26,8.94,9.22,1665535,15923581.00
2009-08-21,9.25,9.51,9.17,9.48,1982760,19475846.00
2009-08-24,9.59,9.67,9.43,9.64,1716724,17177014.00
2009-08-25,9.63,9.90,9.44,9.83,3397554,34511664.00
2009-08-26,9.75,10.21,9.75,10.07,2238112,23489886.00
2009-08-27,10.08,10.38,9.86,10.10,2032850,21533066.00
2009-08-28,10.10,10.10,9.61,9.66,2107134,21496910.00
2009-08-31,9.66,9.66,8.88,8.88,1491007,14413769.00
2009-09-01,8.87,9.15,8.85,8.95,929366,8787389.00
2009-09-02,8.94,9.05,8.82,9.02,629576,5928434.00
2009-09-03,9.12,9.45,8.96,9.40,1174314,11378196.00
2009-09-04,9.40,9.51,9.29,9.44,1661686,16381326.00
2009-09-07,9.48,9.65,9.36,9.46,1922214,19178746.00
2009-09-08,10.05,10.45,9.85,9.98,9781864,103998368.00
2009-09-09,9.75,10.20,9.67,10.05,4670894,48516360.00
2009-09-10,9.88,9.95,9.55,9.77,2825325,28891242.00
2009-09-11,9.65,9.92,9.65,9.84,2217158,22772876.00
2009-09-14,9.75,10.04,9.75,10.00,2506031,26083420.00
2009-09-15,10.05,10.30,9.90,10.21,4152204,43750208.00
2009-09-16,10.14,10.24,9.90,10.04,3009733,31616262.00
2009-09-17,10.10,10.52,10.06,10.36,5067409,54949104.00
2009-09-18,10.41,10.68,10.00,10.10,4385805,47580748.00
2009-09-21,10.05,10.55,9.96,10.55,3564336,38341144.00
2009-09-22,10.51,10.73,10.20,10.28,3045605,33344886.00
2009-09-23,10.23,10.41,9.81,9.89,2063631,21686302.00
2009-09-24,9.88,9.88,9.43,9.62,2014377,20370594.00
2009-09-25,9.61,9.73,9.45,9.49,1643277,16440505.00
2009-09-28,9.51,9.65,9.16,9.21,1213633,12012648.00
2009-09-29,9.20,9.23,8.70,8.89,1692128,15976902.00
2009-09-30,8.91,9.15,8.91,9.06,969130,9219713.00
2009-10-09,9.23,9.47,9.09,9.45,1128473,11095564.00
2009-10-12,9.45,9.53,9.29,9.34,1078238,10626790.00
2009-10-13,9.35,9.49,9.25,9.46,1361595,13361227.00
2009-10-14,9.51,9.72,9.47,9.55,1717412,17260248.00
2009-10-15,9.57,9.81,9.56,9.64,1362114,13791245.00
2009-10-16,9.80,9.80,9.43,9.75,1349496,13539692.00
2009-10-19,9.70,10.00,9.56,9.94,2132346,21903526.00
2009-10-20,10.09,10.49,10.09,10.30,6120521,65657216.00
2009-10-21,10.25,10.50,10.10,10.13,3748761,40266752.00
2009-10-22,10.13,10.13,9.91,10.01,2396331,25055828.00
2009-10-23,9.99,10.13,9.96,10.05,7228825,75782720.00
2009-10-26,10.05,10.07,9.84,9.89,3750689,38873688.00
2009-10-27,9.85,9.85,9.50,9.51,3255257,32909812.00
2009-10-28,9.52,9.65,9.40,9.64,2555758,25528300.00
2009-10-29,9.55,9.55,9.35,9.38,1681890,16648500.00
2009-10-30,9.45,9.69,9.45,9.55,2059193,20667494.00
2009-11-02,9.45,9.80,9.23,9.80,3642325,36495164.00
2009-11-03,9.78,9.98,9.73,9.98,3930023,40688936.00
2009-11-04,9.95,10.13,9.90,9.98,4266990,44676140.00
2009-11-05,10.03,10.25,9.93,10.23,5367889,56807008.00
2009-11-06,10.24,10.43,10.15,10.17,5954090,63963928.00
2009-11-09,10.17,10.41,10.11,10.26,3673636,39237788.00
2009-11-10,10.36,10.40,10.19,10.23,3546921,38045376.00
2009-11-11,10.16,10.30,10.06,10.26,3160856,33574008.00
2009-11-12,10.26,10.80,10.25,10.57,8619866,94557448.00
2009-11-13,10.52,11.15,10.44,11.04,11777926,133002136.00
2009-11-16,11.08,11.50,10.95,11.35,10169677,119172184.00
2009-11-17,11.45,11.45,11.16,11.23,5143399,60016232.00
2009-11-18,11.27,11.31,11.07,11.27,4285217,49857100.00
2009-11-19,11.25,11.75,11.25,11.63,5436331,65070200.00
2009-11-20,11.57,11.88,11.44,11.74,4427690,53975944.00
2009-11-23,11.75,12.28,11.66,12.24,7014070,87663712.00
2009-11-24,12.24,12.27,11.22,11.52,7516598,92510664.00
2009-11-25,11.50,12.03,11.43,12.02,6027959,73416288.00
2009-11-26,12.03,12.21,11.35,11.35,5928149,72560024.00
2009-11-27,11.18,11.69,10.87,11.56,4799268,56362252.00
2009-11-30,11.49,11.94,11.46,11.91,5261247,64332104.00
2009-12-01,11.80,12.25,11.80,12.24,7070248,88784592.00
2009-12-02,12.24,12.84,12.05,12.63,10670750,138302720.00
2009-12-03,12.55,12.63,12.31,12.60,5659477,73052480.00
2009-12-04,12.50,12.71,11.58,12.46,6473957,82541544.00
2009-12-07,12.46,12.51,12.23,12.38,3387626,43393924.00
2009-12-08,12.40,12.73,12.26,12.53,4147492,53754864.00
2009-12-09,12.41,12.41,11.83,12.00,3568269,44768532.00
2009-12-10,12.02,12.15,11.65,11.92,2515156,31050768.00
2009-12-11,11.92,12.09,11.70,11.73,3194410,39241332.00
2009-12-15,11.65,11.86,11.64,11.71,2300425,27998214.00
2009-12-16,11.73,11.83,11.60,11.69,2023052,24578534.00
2009-12-17,11.60,11.73,11.05,11.08,2940720,34630092.00
2009-12-18,11.00,11.11,10.80,10.92,1928509,21969178.00
2009-12-21,10.91,11.20,10.82,11.12,1687038,19366014.00
2009-12-22,11.09,11.19,10.75,10.94,1780850,20329674.00
2009-12-23,10.93,11.10,10.77,11.07,1664181,19027248.00
2009-12-24,11.13,11.43,11.05,11.43,3306613,38860552.00
2009-12-25,11.40,11.60,11.32,11.45,2534619,30211958.00
2009-12-28,11.44,11.56,11.38,11.56,2563549,30588460.00
2009-12-29,11.55,11.55,11.20,11.43,2315589,27377070.00
2009-12-30,11.43,11.75,11.28,11.48,3821642,45657172.00
2009-12-31,11.39,11.48,11.21,11.43,2707875,31904436.00
2010-01-04,11.47,11.71,11.35,11.64,3090842,37269572.00
2010-01-05,11.64,11.94,11.49,11.90,3968449,48221584.00
2010-01-06,11.83,12.21,11.80,12.05,5546959,69225496.00
2010-01-07,11.99,12.06,11.45,11.52,3264456,39905024.00
2010-01-08,11.45,11.63,11.39,11.61,2054521,24548390.00
2010-01-11,11.58,11.69,11.35,11.44,2513681,29935346.00
2010-01-12,11.38,11.85,11.38,11.82,3447547,41764160.00
2010-01-13,11.64,11.87,11.55,11.58,2988440,36221952.00
2010-01-14,11.57,12.05,11.55,12.05,4099894,50533836.00
2010-01-15,12.05,12.13,11.92,12.01,3156679,39321960.00
2010-01-18,12.03,12.39,12.03,12.25,5781286,73446416.00
2010-01-19,12.27,12.62,11.97,12.55,7819713,100178784.00
2010-01-20,12.56,13.02,12.25,12.26,14370493,188839136.00
2010-01-21,12.20,12.23,11.85,11.99,4555927,56815048.00
2010-01-22,11.93,13.19,11.77,12.90,8501745,109263808.00
2010-01-25,12.90,12.99,12.43,12.65,6076367,79993768.00
2010-01-26,12.66,12.78,11.58,12.11,4391729,55135292.00
2010-01-27,11.99,12.05,11.45,11.90,3920825,47784964.00
2010-01-28,11.75,12.05,11.58,12.03,2076659,25574992.00
2010-01-29,11.93,12.33,11.83,12.20,3665604,46060668.00
2010-02-01,12.12,12.20,11.35,11.55,3930226,47506792.00
2010-02-02,11.55,11.80,11.40,11.43,1790874,21614012.00
2010-02-03,11.45,11.63,10.86,11.58,2738124,31981168.00
2010-02-04,11.62,11.67,11.35,11.59,2464531,29506634.00
2010-02-05,11.30,11.48,11.01,11.06,2291497,26686664.00
2010-02-08,10.96,11.20,10.94,11.14,968001,11170681.00
2010-02-09,11.10,11.32,11.00,11.16,969500,11304892.00
2010-02-10,11.27,11.54,11.26,11.34,1006119,11882435.00
2010-02-11,11.34,11.42,11.14,11.28,1052898,12285177.00
2010-02-12,11.33,11.38,11.20,11.34,755565,8885560.00
2010-02-22,11.26,11.53,11.17,11.39,1194864,14163445.00
2010-02-23,11.40,11.45,11.18,11.40,1106743,12975925.00
2010-02-24,11.34,11.60,11.20,11.59,1649845,19722940.00
2010-02-25,11.55,11.76,11.55,11.70,2195260,26635656.00
2010-02-26,11.83,11.94,11.62,11.72,2296945,28008024.00
2010-03-01,11.84,12.05,11.69,11.98,2659265,32845416.00
2010-03-02,11.98,12.19,11.85,12.15,2900800,36218276.00
2010-03-03,12.18,12.44,12.15,12.23,4599289,58579996.00
2010-03-04,12.23,12.35,11.74,11.74,3145098,39114308.00
2010-03-05,11.65,11.90,11.53,11.61,2116794,25666978.00
2010-03-08,11.63,11.83,11.57,11.73,1269706,15454966.00
2010-03-09,11.75,11.88,11.64,11.82,1170172,14288560.00
2010-03-10,11.86,11.86,11.55,11.57,1839360,22268094.00
2010-03-11,11.71,11.71,11.43,11.50,1259466,15114917.00
2010-03-12,11.50,11.50,11.27,11.29,1134651,13399947.00
2010-03-15,11.26,11.39,11.20,11.33,888036,10455104.00
2010-03-16,11.33,11.62,11.33,11.57,1450918,17381880.00
2010-03-17,11.69,11.80,11.55,11.78,1681389,20427280.00
2010-03-19,11.78,11.84,11.66,11.81,1570742,19178810.00
2010-03-22,11.84,12.03,11.70,11.97,2094337,25867314.00
2010-03-23,11.96,12.03,11.75,11.76,1439569,17742588.00
2010-03-24,11.82,12.04,11.72,11.94,1897680,23488936.00
2010-03-25,12.00,12.00,11.67,11.79,2007594,24550112.00
2010-03-26,11.81,12.29,11.77,12.26,3935874,49321596.00
2010-03-29,12.20,12.28,12.10,12.22,2560003,32360664.00
2010-03-30,12.25,12.37,12.12,12.21,2775062,35222728.00
2010-03-31,12.20,12.39,12.15,12.23,2912508,37097532.00
2010-04-01,12.25,12.61,12.15,12.43,4951056,63533700.00
2010-04-02,12.42,12.42,12.23,12.26,2993298,38184064.00
2010-04-06,12.30,12.40,12.13,12.26,2841877,35987992.00
2010-04-07,12.26,12.76,12.21,12.68,6910199,89966856.00
2010-04-08,12.62,12.66,12.48,12.57,4778473,62174892.00
2010-04-09,12.52,12.85,12.52,12.72,5662802,74699632.00
2010-04-13,12.88,13.17,12.20,12.67,7884150,103762032.00
2010-04-14,12.70,13.17,12.56,13.11,8477425,113831272.00
2010-04-15,13.05,13.14,12.72,12.82,4900835,65333916.00
2010-04-16,12.80,13.02,12.64,12.76,4453832,59282800.00
2010-04-19,12.64,12.94,12.07,12.18,4971846,64557620.00
2010-04-20,12.15,12.50,12.03,12.50,3042158,38810044.00
2010-04-21,12.46,13.13,12.44,13.01,5906890,78888384.00
2010-04-22,13.01,13.91,12.92,13.51,12394250,172961328.00
2010-04-23,13.27,13.75,13.24,13.35,5375245,74899408.00
2010-04-26,13.35,13.73,13.35,13.50,4856483,67937392.00
2010-04-27,13.50,13.51,12.60,13.44,6430125,86079792.00
2010-04-28,13.18,13.69,13.03,13.49,4555747,63158212.00
2010-04-29,13.59,13.66,12.82,13.05,3173285,43561288.00
2010-04-30,13.11,13.24,12.41,12.93,4278272,56559512.00
2010-05-04,12.55,13.48,12.55,13.10,3457468,46646596.00
2010-05-05,13.08,14.44,13.00,14.03,10840117,152891312.00
2010-05-06,13.85,14.10,13.42,13.52,6966166,98995920.00
2010-05-07,13.18,14.80,13.05,14.28,11251023,163362608.00
2010-05-10,14.32,14.52,13.18,14.10,9385605,134739232.00
2010-05-11,14.18,14.35,13.30,13.30,6957884,98465472.00
2010-05-12,13.00,13.28,12.00,12.03,7417272,95946976.00
2010-05-13,12.12,12.46,11.43,12.39,5592675,69084432.00
2010-05-14,12.40,12.58,12.03,12.27,4215017,53821496.00
2010-05-17,12.00,12.17,11.48,11.57,3210070,39177172.00
2010-05-18,11.62,12.06,11.42,11.94,2826781,34351164.00
2010-05-19,11.86,12.33,11.79,11.99,2913243,36332156.00
2010-05-20,11.99,12.22,11.53,11.71,2907793,35652616.00
2010-05-21,11.33,12.02,11.23,11.89,3079748,37181328.00
2010-05-24,11.95,12.52,11.95,12.35,3926614,49747844.00
2010-05-25,12.35,12.53,12.10,12.34,4026731,51093328.00
2010-05-26,12.33,12.61,12.14,12.36,4488979,57534536.00
2010-05-27,12.33,12.56,12.10,12.54,3443584,44085304.00
2010-05-28,12.58,12.76,12.46,12.65,4748692,61759484.00
2010-05-31,12.68,12.73,11.93,11.93,4592764,58497020.00
2010-06-01,11.82,11.84,11.45,11.72,3334695,40069788.00
2010-06-02,11.72,11.81,11.28,11.55,3508388,41722672.00
2010-06-03,11.70,11.84,11.48,11.51,2829800,34107428.00
2010-06-04,11.43,11.66,11.25,11.49,2603204,30772862.00
2010-06-07,11.31,11.37,10.78,10.93,4475855,51082140.00
2010-06-08,10.88,11.05,10.81,11.04,2607251,29544186.00
2010-06-09,11.05,11.39,10.96,11.38,3453883,39951752.00
2010-06-10,11.25,11.43,11.05,11.33,4095584,47678168.00
2010-06-11,11.40,11.60,11.20,11.54,4706044,55774828.00
2010-06-17,11.79,12.12,11.68,11.76,5842049,71708376.00
2010-06-18,11.56,11.70,11.09,11.18,3353953,39447232.00
2010-06-21,11.08,11.52,10.91,11.51,2701841,31739048.00
2010-06-22,11.64,11.65,11.38,11.46,2453091,29229070.00
2010-06-23,11.37,11.91,11.27,11.87,4886396,58947440.00
2010-06-24,11.84,12.00,11.70,11.79,3328253,40654784.00
2010-06-25,11.68,11.82,11.40,11.65,2861851,34437616.00
2010-06-28,11.60,11.79,11.47,11.50,1913752,22943846.00
2010-06-29,11.50,11.63,10.40,10.49,3826144,43359012.00
2010-06-30,10.11,10.50,10.05,10.40,3229575,34297952.00
2010-07-01,10.32,10.40,10.02,10.05,1342066,14231812.00
2010-07-02,10.05,10.12,9.72,10.02,2026677,20910848.00
2010-07-05,9.92,9.92,9.60,9.74,2229396,22514758.00
2010-07-06,9.73,10.05,9.70,10.01,3263289,33656840.00
2010-07-07,10.05,10.19,10.00,10.07,2618363,27426970.00
2010-07-08,10.08,10.32,10.03,10.20,2773999,29350770.00
2010-07-09,10.60,10.86,10.37,10.49,4776222,52348940.00
2010-07-12,10.35,10.66,10.33,10.60,3080978,33653948.00
2010-07-13,10.60,10.60,10.31,10.37,1794940,19396770.00
2010-07-14,10.37,10.64,10.36,10.42,1636374,17813472.00
2010-07-15,10.40,10.62,10.22,10.24,2078583,22539590.00
2010-07-16,10.24,10.30,9.85,10.24,1825152,19163782.00
2010-07-19,10.05,10.53,10.01,10.50,1759384,18941558.00
2010-07-20,10.59,10.85,10.56,10.82,4203771,46767348.00
2010-07-21,10.80,11.03,10.80,10.92,4311402,48742092.00
2010-07-22,11.02,11.14,10.94,11.05,3105783,35523532.00
2010-07-23,11.15,11.42,10.93,11.31,4649387,53598972.00
2010-07-26,11.30,11.60,11.25,11.58,4258937,50411604.00
2010-07-27,11.49,11.71,11.38,11.41,3773082,44999428.00
2010-07-28,11.40,11.71,11.38,11.63,2997623,35999264.00
2010-07-29,11.74,11.74,11.38,11.50,3315916,39507140.00
2010-07-30,11.59,11.65,11.22,11.44,2198648,25949290.00
2010-08-02,11.42,11.76,11.42,11.70,3079245,36960164.00
2010-08-03,11.71,11.86,11.47,11.49,3094839,37393160.00
2010-08-04,11.42,11.53,11.01,11.50,3196788,37408608.00
2010-08-05,11.65,12.35,11.65,12.20,8389325,103805968.00
2010-08-06,12.07,12.39,12.01,12.34,5585193,70783720.00
2010-08-09,12.36,12.67,12.22,12.41,5708538,73377992.00
2010-08-10,12.41,12.54,12.06,12.07,4004912,50492864.00
2010-08-11,12.05,12.74,12.00,12.72,3765787,48127376.00
2010-08-12,12.55,12.68,12.10,12.20,4149819,53125372.00
2010-08-13,12.21,12.48,12.15,12.42,2522365,32143696.00
2010-08-16,12.42,12.88,12.35,12.75,3679330,48180376.00
2010-08-17,12.79,12.87,12.61,12.70,3329286,43778744.00
2010-08-18,12.78,12.92,12.49,12.63,3848599,50457788.00
2010-08-19,12.63,12.69,12.28,12.50,4080329,52477216.00
2010-08-20,12.44,12.46,12.09,12.12,2973415,37606100.00
2010-08-23,12.12,12.34,12.09,12.26,2029617,25605060.00
2010-08-24,12.21,12.49,12.10,12.36,2459803,31299068.00
2010-08-25,12.38,12.60,11.98,12.06,3405929,43344724.00
2010-08-26,12.13,12.27,12.06,12.18,1803839,22645830.00
2010-08-27,12.15,12.45,12.12,12.39,2750499,35025436.00
2010-08-30,12.39,12.66,12.36,12.61,4565971,59043512.00
2010-08-31,12.59,13.28,12.53,13.07,7717117,102669672.00
2010-09-01,13.02,13.16,12.55,12.79,6563926,87281656.00
2010-09-02,12.91,13.55,12.80,13.32,7374603,100774744.00
2010-09-03,13.32,13.45,12.90,13.14,5267541,71578360.00
2010-09-06,13.14,13.40,13.05,13.06,4754541,64660424.00
2010-09-07,13.02,13.23,12.87,13.18,2972319,39835084.00
2010-09-08,13.10,13.45,12.95,13.43,3597851,49175876.00
2010-09-09,13.50,13.54,13.10,13.37,5304883,72940376.00
2010-09-10,13.34,13.78,13.17,13.47,4664360,64898436.00
2010-09-13,13.52,13.85,13.40,13.70,4211116,59291860.00
2010-09-14,13.67,13.80,13.37,13.60,3631347,50559556.00
2010-09-15,13.60,13.60,12.90,12.92,4421993,60036844.00
2010-09-16,12.95,13.07,12.60,12.70,2832463,37405752.00
2010-09-17,12.86,12.90,12.66,12.78,1529090,20164912.00
2010-09-20,12.78,12.89,12.40,12.42,1596653,20781670.00
2010-09-21,12.43,12.57,12.40,12.49,902555,11622854.00
2010-09-27,12.58,12.90,12.53,12.84,1520909,19976420.00
2010-09-28,12.86,13.12,12.74,12.78,2467048,32952128.00
2010-09-29,12.82,12.88,12.60,12.60,1943914,25541556.00
2010-09-30,12.48,13.10,12.46,13.06,1719046,22825260.00
2010-10-08,13.21,13.58,13.06,13.52,3762417,51627636.00
2010-10-11,13.75,13.88,13.29,13.67,8668242,120452416.00
2010-10-12,13.50,13.56,13.31,13.35,4922049,68104488.00
2010-10-13,13.37,13.57,13.15,13.40,3658850,50283784.00
2010-10-14,13.44,13.48,12.57,12.57,5319150,70655936.00
2010-10-15,12.59,12.82,12.31,12.42,4465035,57969656.00
2010-10-18,12.50,12.62,12.02,12.25,3613062,45789632.00
2010-10-19,12.34,12.71,12.25,12.69,3711377,48191572.00
2010-10-20,12.41,13.02,12.41,12.69,5278970,69480056.00
2010-10-21,12.90,12.96,12.64,12.96,3563165,47018144.00
2010-10-22,12.96,13.43,12.91,13.30,8036663,109239448.00
2010-10-25,13.50,13.64,13.31,13.55,10746656,149305552.00
2010-10-26,13.71,13.85,13.35,13.64,8694155,121822256.00
2010-10-27,13.60,14.45,13.51,14.09,12637042,183872432.00
2010-10-28,14.20,14.70,14.09,14.15,10185954,150382656.00
2010-10-29,14.10,14.60,13.98,14.35,6885550,101279592.00
2010-11-01,14.29,14.95,14.10,14.80,9565979,144499776.00
2010-11-02,14.97,15.04,14.43,14.55,9917044,150324112.00
2010-11-03,14.50,14.54,14.00,14.01,7060172,103207232.00
2010-11-04,14.10,14.26,13.87,14.20,5118513,74204872.00
2010-11-05,14.31,14.79,14.16,14.44,5576500,82756520.00
2010-11-08,14.46,14.76,14.40,14.61,5606779,83900128.00
2010-11-09,14.61,14.62,14.20,14.49,5692728,83973960.00
2010-11-10,14.40,14.94,14.40,14.80,7043545,106474920.00
2010-11-11,14.73,15.60,14.73,14.88,11786142,185170944.00
2010-11-12,14.80,15.16,13.83,13.84,9342054,138001760.00
2010-11-15,13.82,14.37,13.80,14.32,5122672,74625224.00
2010-11-16,14.28,14.77,13.88,13.99,8367389,123299240.00
2010-11-17,14.03,14.13,12.80,13.34,5853946,81711424.00
2010-11-18,13.35,13.62,13.20,13.55,2453876,33950216.00
2010-11-19,13.65,13.99,13.51,13.98,4607697,65375040.00
2010-11-23,15.24,15.25,14.20,14.55,11703258,176015856.00
2010-11-24,14.37,14.98,14.31,14.88,7266766,109956768.00
2010-11-25,14.88,15.11,14.70,14.76,6665377,102067280.00
2010-11-26,14.78,14.87,14.35,14.61,4267679,64103372.00
2010-11-29,14.62,15.23,14.62,15.12,7810960,120135176.00
2010-11-30,15.11,15.55,14.60,15.24,11333986,175361696.00
2010-12-01,15.20,15.35,14.78,15.00,5716537,88032720.00
2010-12-02,15.20,16.00,15.02,15.70,12203549,195260976.00
2010-12-03,15.71,15.75,15.10,15.27,6555485,103243432.00
2010-12-06,15.27,15.47,14.66,14.76,5160330,78996968.00
2010-12-07,14.85,15.04,14.40,14.98,3548095,53580260.00
2010-12-08,14.88,15.48,14.76,15.29,5491897,85809136.00
2010-12-09,15.11,15.15,14.47,14.48,6352208,96035112.00
2010-12-10,14.30,14.69,14.20,14.58,4399753,65293952.00
2010-12-13,14.69,15.30,14.69,15.19,5475946,84795512.00
2010-12-14,15.23,15.55,15.16,15.53,5947680,93697240.00
2010-12-15,15.45,15.53,15.14,15.25,4242007,66827696.00
2010-12-16,15.25,15.94,15.22,15.34,8565823,137071648.00
2010-12-17,15.34,15.98,15.15,15.95,7864665,125861128.00
2010-12-20,16.05,16.55,15.37,16.16,12106831,199430096.00
2010-12-21,16.05,16.77,15.79,16.55,11071257,186666080.00
2010-12-22,16.60,16.96,16.30,16.40,8997907,152982256.00
2010-12-23,16.35,16.43,15.74,15.80,6739523,110630408.00
2010-12-24,15.75,15.96,15.24,15.38,4885552,78009160.00
2010-12-27,15.43,16.00,14.76,14.77,5831829,92563168.00
2010-12-28,14.59,15.03,14.50,14.83,4420230,66929972.00
2010-12-29,14.85,15.17,14.66,15.12,2683647,41220032.00
2010-12-30,15.13,15.29,14.94,14.99,3274408,50768380.00
2010-12-31,15.03,15.26,14.92,15.23,3636081,56408848.00
2011-01-04,15.29,15.85,15.19,15.84,5211400,83155536.00
2011-01-05,15.75,16.13,15.67,15.86,4645339,75805568.00
2011-01-06,15.82,16.04,15.56,15.90,4096205,66245192.00
2011-01-07,15.84,15.94,15.58,15.61,3860046,62483240.00
2011-01-10,15.61,15.65,14.86,15.00,3854730,60148544.00
2011-01-11,14.90,15.17,14.80,15.10,1868155,28798700.00
2011-01-12,15.20,15.25,14.95,15.24,1735060,26912666.00
2011-01-13,15.19,15.31,15.00,15.07,1490944,23191766.00
2011-01-14,15.08,15.13,14.15,14.24,3906251,58395464.00
2011-01-17,14.17,14.17,13.40,13.65,3711094,52257968.00
2011-01-18,13.62,13.82,13.50,13.71,1311310,18491308.00
2011-01-19,13.71,14.08,13.63,14.01,1999285,28643110.00
2011-01-20,14.00,14.03,13.10,13.10,2643648,36760284.00
2011-01-21,13.09,13.45,12.95,13.40,2474913,33732008.00
2011-01-24,13.36,14.00,13.23,13.96,3264386,45567728.00
2011-01-25,13.77,14.13,13.55,14.04,3429635,49033692.00
2011-01-26,14.00,14.33,13.80,14.19,4191954,61060216.00
2011-01-27,14.18,14.35,13.82,14.20,6252125,90536512.00
2011-01-28,14.10,14.58,14.01,14.39,5853517,86505776.00
2011-01-31,14.35,14.75,14.32,14.68,6501587,97638208.00
2011-02-01,14.68,15.05,14.47,14.83,6287456,95566376.00
2011-02-09,14.68,14.98,14.50,14.70,3407673,51618568.00
2011-02-10,14.65,15.68,14.50,15.48,8580787,133716648.00
2011-02-11,15.44,15.77,15.26,15.38,8011362,127611776.00
2011-02-14,15.31,15.74,15.21,15.45,6535243,104216504.00
2011-02-15,15.33,15.83,15.33,15.70,6862001,109935552.00
2011-02-16,15.70,16.58,15.65,16.31,10807415,180011680.00
2011-02-17,16.30,16.84,16.11,16.12,8769252,147436784.00
2011-02-18,16.14,16.72,16.06,16.29,6527363,109555216.00
2011-02-21,16.13,16.84,16.03,16.73,7161366,121537616.00
2011-02-22,16.73,16.89,15.82,15.83,8097438,134247712.00
2011-02-23,15.78,16.06,15.40,16.03,6379048,102977104.00
2011-02-24,15.88,16.00,15.65,15.78,3616119,58654588.00
2011-02-25,15.78,16.38,15.62,16.29,4758594,78545368.00
2011-02-28,16.26,16.78,16.26,16.43,5712106,96759600.00
2011-03-01,16.43,16.68,16.08,16.22,5002164,83594056.00
2011-03-02,16.20,16.20,15.70,16.04,3656231,59695580.00
2011-03-03,16.04,16.22,15.48,15.52,4214113,68301080.00
2011-03-04,15.60,15.97,15.45,15.96,2411859,39013884.00
2011-03-07,15.94,16.39,15.94,16.04,3131230,51861736.00
2011-03-08,16.05,16.25,15.97,16.22,2840662,46994692.00
2011-03-09,16.25,16.70,16.06,16.50,6291943,106109960.00
2011-03-10,16.51,17.50,16.34,17.10,13988177,244384640.00
2011-03-11,17.02,17.97,16.85,17.45,10545887,187293744.00
2011-03-14,17.40,18.30,17.38,17.75,9820948,179401184.00
2011-03-15,17.80,18.10,17.04,17.67,9083447,162698208.00
2011-03-16,17.65,18.22,17.50,17.65,4835846,87774744.00
2011-03-17,17.63,17.86,17.15,17.31,4918836,87991096.00
2011-03-18,17.48,18.46,17.20,18.17,7776192,142310752.00
2011-03-21,18.12,18.60,17.97,18.36,6270974,117204064.00
2011-03-22,18.05,18.05,16.83,16.99,11967606,211577936.00
2011-03-23,16.99,17.03,16.53,16.91,5438024,93479528.00
2011-03-24,16.95,17.08,16.63,16.95,5148086,89050024.00
2011-03-25,16.95,17.04,16.62,16.90,4805696,82796952.00
2011-03-28,16.90,16.98,15.94,16.10,8920869,149533280.00
2011-03-29,16.01,16.55,16.00,16.21,4301662,71751504.00
2011-03-30,16.19,16.30,15.80,15.95,3214003,52582800.00
2011-03-31,15.89,16.15,15.83,16.06,3114885,51053616.00
2011-04-01,16.09,16.70,16.09,16.66,5097983,86072008.00
2011-04-06,16.66,16.80,16.34,16.40,3589914,60522944.00
2011-04-07,16.39,16.39,15.98,16.31,2864290,47465864.00
2011-04-08,16.31,16.68,16.20,16.57,3165230,53541752.00
2011-04-11,16.48,16.56,16.08,16.08,3431306,57087900.00
2011-04-12,16.00,16.17,15.60,15.64,4064742,66122064.00
2011-04-13,15.60,15.99,15.48,15.96,2291585,37043232.00
2011-04-14,15.98,15.98,15.60,15.67,2237809,36239920.00
2011-04-15,15.68,15.95,15.60,15.86,1924152,31118288.00
2011-04-19,15.84,15.86,15.29,15.50,2986681,47425896.00
2011-04-20,15.65,15.87,15.60,15.73,2259801,36513808.00
2011-04-21,15.78,15.99,15.60,15.97,3378574,54840620.00
2011-04-22,15.98,16.19,15.84,16.10,2945064,48454060.00
2011-04-25,16.10,16.16,15.25,15.32,4152963,65823540.00
2011-04-26,15.25,15.25,14.73,14.84,2912497,44727176.00
2011-04-27,14.85,15.05,14.73,14.92,1609589,24556462.00
2011-04-28,14.90,15.11,14.26,14.35,1978592,29479408.00
2011-04-29,14.35,14.70,14.26,14.70,1978759,29079980.00
2011-05-03,14.73,14.90,14.47,14.89,1526155,22847478.00
2011-05-04,14.82,14.82,14.45,14.63,1561785,23239554.00
2011-05-05,14.63,14.88,14.42,14.83,1382604,20637280.00
2011-05-06,14.66,14.98,14.48,14.88,1157044,17412766.00
2011-05-09,14.92,15.16,14.85,15.00,1443770,22038422.00
2011-05-10,15.03,15.07,14.81,14.95,1135774,17238688.00
2011-05-11,14.98,15.12,14.89,14.95,1350201,20579000.00
2011-05-12,14.88,14.92,14.45,14.47,1950919,29079652.00
2011-05-13,14.48,14.58,14.15,14.51,1693995,24775156.00
2011-05-16,14.51,15.30,14.25,15.22,4004451,60058328.00
2011-05-17,15.02,15.54,15.01,15.45,4642277,72434248.00
2011-05-18,15.50,15.70,15.22,15.54,3373906,53184072.00
2011-05-19,15.58,15.58,15.25,15.49,2011476,31547218.00
2011-05-20,15.44,15.65,15.30,15.46,2793080,43948980.00
2011-05-23,15.46,15.50,14.87,15.00,3069773,46950444.00
2011-05-24,15.00,15.54,14.85,15.42,6800906,106012528.00
2011-05-25,15.60,15.65,15.13,15.30,4837887,75569920.00
2011-05-26,15.40,15.48,14.94,15.14,3592619,55782208.00
2011-05-27,15.06,15.10,14.04,14.04,4441857,65023236.00
2011-05-30,13.91,13.95,13.38,13.45,3183134,44184496.00
2011-05-31,13.31,14.05,13.30,13.93,2114110,29564310.00
2011-06-01,13.82,14.31,13.76,14.10,2540510,36440964.00
2011-06-02,13.93,14.48,13.60,14.29,4166884,59945176.00
2011-06-03,14.28,14.63,14.15,14.48,3988313,58585316.00
2011-06-07,14.54,14.75,14.32,14.54,2963204,43910092.00
2011-06-08,14.54,14.66,14.18,14.52,2840363,41767108.00
2011-06-09,14.49,14.55,14.20,14.25,2599528,37937256.00
2011-06-10,14.23,14.40,13.97,14.25,1906788,27548466.00
2011-06-13,14.25,14.71,13.97,14.65,2829783,41441532.00
2011-06-14,14.55,15.15,14.52,15.02,3964442,60015256.00
2011-06-15,15.03,15.24,14.82,14.83,1975317,30030110.00
2011-06-16,14.69,14.90,14.51,14.69,1700439,25394452.00
2011-06-17,14.68,15.29,14.55,14.76,3349709,51033480.00
2011-06-20,14.89,14.95,14.25,14.79,2381818,35508108.00
2011-06-21,14.81,15.23,14.78,15.08,2598754,39843836.00
2011-06-22,15.15,15.23,14.95,15.00,1676078,25759874.00
2011-06-23,14.93,15.25,14.81,15.14,2088955,32082202.00
2011-06-24,15.15,15.51,15.08,15.24,3695045,57667152.00
2011-06-27,15.30,15.67,15.23,15.35,3395682,53358892.00
2011-06-28,15.35,15.41,15.16,15.30,2526721,39303492.00
2011-06-29,15.27,15.27,14.87,14.93,2333169,35725652.00
2011-06-30,14.95,15.15,14.90,15.00,1897352,28989660.00
2011-07-01,15.01,15.27,14.93,14.94,2555643,39183224.00
2011-07-04,14.99,15.35,14.90,15.30,4173717,64279628.00
2011-07-05,15.30,15.85,15.22,15.75,5187512,81789840.00
2011-07-06,15.73,15.85,15.50,15.68,3877414,61749884.00
2011-07-07,15.68,16.30,15.55,15.87,5994617,97052888.00
2011-07-11,15.85,16.01,15.66,15.80,3441019,55202740.00
2011-07-12,15.70,15.70,15.35,15.40,2589673,40727904.00
2011-07-13,15.49,16.42,15.46,16.16,5794385,94587800.00
2011-07-14,16.16,16.23,16.03,16.21,2592169,42509536.00
2011-07-15,16.20,17.13,16.10,16.48,5611316,94607696.00
2011-07-18,16.45,16.55,16.24,16.28,1985102,32948288.00
2011-07-19,16.23,16.23,15.94,15.97,2725411,44315672.00
2011-07-20,16.19,16.24,15.73,15.98,2424407,39356868.00
2011-07-21,15.93,16.11,15.80,15.80,1643122,26636554.00
2011-07-22,15.94,16.03,15.75,15.83,1759916,28421666.00
2011-07-25,15.76,15.76,14.67,14.70,3338388,51332300.00
2011-07-26,14.65,14.85,14.60,14.80,1273323,19085164.00
2011-07-27,14.68,15.03,14.50,14.95,1774078,26753758.00
2011-07-28,14.85,15.09,14.75,14.90,1483036,22560626.00
2011-07-29,14.98,15.02,14.52,14.58,1613702,24124168.00
2011-08-01,14.58,14.73,14.40,14.60,927027,13751365.00
2011-08-02,14.68,15.03,14.35,14.78,1894724,28332898.00
2011-08-03,14.60,14.84,14.52,14.63,1285183,19191112.00
2011-08-04,14.64,14.70,14.03,14.11,3519223,51233204.00
2011-08-05,13.80,13.80,13.55,13.59,2539065,35382408.00
2011-08-08,13.25,13.70,12.65,12.95,2590831,34579964.00
2011-08-09,12.55,12.93,12.03,12.79,2576014,32903846.00
2011-08-10,13.00,13.12,12.79,12.79,2191126,29044266.00
2011-08-11,12.30,13.06,12.30,13.04,1630821,21262746.00
2011-08-12,13.15,13.46,13.05,13.17,1863697,25180436.00
2011-08-15,13.34,13.42,13.14,13.32,1396370,18905520.00
2011-08-16,13.32,13.89,13.30,13.49,1876095,25952216.00
2011-08-17,13.36,13.52,13.29,13.51,1105925,15131016.00
2011-08-18,13.52,13.54,13.05,13.05,1116669,15086761.00
2011-08-19,12.76,12.93,12.61,12.85,1438342,18674968.00
2011-08-22,12.85,13.04,12.76,12.87,841119,11032515.00
2011-08-23,12.86,13.06,12.83,13.04,932990,12319731.00
2011-08-24,13.15,13.63,13.10,13.16,1669308,22659734.00
2011-08-25,13.20,13.65,13.12,13.54,2321095,31959012.00
2011-08-26,13.48,13.62,13.45,13.48,1093483,15054515.00
2011-08-29,13.52,13.62,13.27,13.51,991643,13542689.00
2011-08-30,13.53,13.88,13.29,13.34,1701701,23589636.00
2011-08-31,13.47,13.47,13.06,13.13,946026,12748882.00
2011-09-01,13.16,13.69,13.10,13.21,1090553,14836430.00
2011-09-02,13.21,13.32,13.03,13.07,533457,7130406.00
2011-09-05,12.95,12.96,12.75,12.77,554506,7246684.00
2011-09-06,12.73,12.89,12.70,12.78,486372,6344741.00
2011-09-07,12.83,13.19,12.71,13.13,1061291,14046583.00
2011-09-08,13.20,13.20,12.98,12.98,722580,9653338.00
2011-09-09,12.98,13.06,12.78,12.80,624704,8235960.00
2011-09-13,12.70,12.70,12.40,12.44,835922,10629050.00
2011-09-14,12.41,12.60,12.25,12.60,678112,8611375.00
2011-09-15,12.60,12.71,12.51,12.57,782849,10078677.00
2011-09-16,12.69,12.72,12.43,12.44,464103,5965497.50
2011-09-19,12.41,12.49,12.24,12.27,554821,6988664.00
2011-09-20,12.21,12.39,12.15,12.28,481511,6022358.50
2011-09-21,12.35,13.05,12.24,12.89,1253695,16313234.00
2011-09-22,12.84,12.84,12.49,12.50,767683,9909586.00
2011-09-23,12.25,12.58,12.21,12.51,619212,7851125.00
2011-09-26,12.52,12.71,12.40,12.48,433941,5549342.00
2011-09-27,12.60,12.75,12.48,12.57,806796,10345401.00
2011-09-28,12.61,12.84,12.31,12.32,653858,8385369.50
2011-09-29,12.32,12.39,11.90,11.90,981592,12199791.00
2011-09-30,11.85,11.92,11.45,11.71,877272,10460049.00
2011-10-10,11.92,11.95,11.69,11.72,361776,4351907.00
2011-10-11,12.05,12.10,11.67,11.81,564775,6876860.00
2011-10-12,11.82,12.25,11.67,12.21,714075,8790185.00
2011-10-13,12.23,12.37,12.13,12.27,812326,10154581.00
2011-10-14,12.25,12.25,12.01,12.07,786248,9700555.00
2011-10-17,12.17,12.17,11.95,12.10,553689,6830212.00
2011-10-18,12.01,12.10,11.71,11.72,610727,7405649.50
2011-10-19,11.82,11.91,11.53,11.55,482757,5729138.00
2011-10-20,11.50,11.60,11.15,11.19,614411,7112210.00
2011-10-21,11.28,11.28,11.05,11.05,376747,4290486.00
2011-10-24,11.05,11.34,10.95,11.25,592152,6761817.00
2011-10-25,11.25,11.57,11.17,11.52,1191404,13902116.00
2011-10-26,11.51,11.73,11.25,11.43,1874311,22078274.00
2011-10-27,11.53,11.55,11.21,11.26,1297170,15089896.00
2011-10-28,11.49,11.70,11.35,11.64,1691594,19907936.00
2011-10-31,11.64,11.82,11.55,11.75,1350845,16119227.00
2011-11-01,11.59,11.69,11.45,11.56,1514832,17927300.00
2011-11-02,11.52,11.93,11.15,11.90,2134376,25316590.00
2011-11-03,11.97,12.17,11.93,12.02,2140086,26316218.00
2011-11-04,12.03,12.12,11.86,12.02,1130585,13842909.00
2011-11-07,11.83,12.25,11.83,11.93,1005203,12298727.00
2011-11-08,11.92,12.08,11.85,11.86,918866,11200016.00
2011-11-09,11.88,12.09,11.77,12.09,1104195,13468208.00
2011-11-10,11.93,12.03,11.85,11.85,961445,11712197.00
2011-11-11,11.88,11.92,11.73,11.85,759356,9166301.00
2011-11-14,11.91,12.14,11.85,12.09,1724728,21212440.00
2011-11-15,12.05,12.30,12.01,12.30,1985697,24634474.00
2011-11-16,12.30,12.33,11.80,11.87,1732440,21346824.00
2011-11-17,11.89,12.13,11.82,11.93,899009,10976676.00
2011-11-18,11.84,11.93,11.45,11.49,1213740,14446178.00
2011-11-21,11.49,11.55,11.20,11.37,683637,7942770.00
2011-11-22,11.33,11.35,11.15,11.25,631676,7272324.00
2011-11-23,11.31,11.55,11.25,11.52,746624,8709401.00
2011-11-24,11.40,11.52,11.29,11.47,504531,5867190.50
2011-11-25,11.41,11.52,11.29,11.32,452712,5277777.50
2011-11-28,11.33,11.47,11.28,11.38,448906,5212455.50
2011-11-29,11.46,11.56,11.39,11.54,811705,9517081.00
2011-11-30,11.54,11.54,10.36,10.55,1547692,17381388.00
2011-12-01,10.89,10.97,10.66,10.69,1633367,18098908.00
2011-12-02,10.65,10.73,10.19,10.30,856948,9082243.00
2011-12-05,10.29,10.38,10.05,10.05,568827,5907624.50
2011-12-06,9.95,10.18,9.95,10.04,654366,6728724.50
2011-12-07,10.04,10.21,9.98,10.05,730346,7545034.50
2011-12-08,10.06,10.15,9.85,10.04,580100,5960018.00
2011-12-09,9.99,10.13,9.88,9.89,400610,4101972.25
2011-12-12,9.94,9.94,9.85,9.91,343568,3486488.00
2011-12-13,9.89,9.90,9.25,9.31,1048471,10199549.00
2011-12-14,9.30,9.44,9.12,9.25,605487,5760113.00
2011-12-15,9.25,9.30,9.04,9.08,773661,7306265.50
2011-12-16,9.10,9.27,8.86,9.27,924320,8681164.00
2011-12-19,9.29,9.29,9.01,9.22,736402,6924675.50
2011-12-20,9.25,9.35,9.17,9.28,1076318,10256100.00
2011-12-21,9.39,9.39,8.86,8.89,870000,8190790.50
2011-12-22,8.75,8.76,8.25,8.50,1320572,11563913.00
2011-12-23,8.50,8.78,8.45,8.59,767613,6821992.00
2011-12-26,8.59,8.74,8.50,8.60,688296,6105494.00
2011-12-27,8.67,8.67,8.30,8.30,810745,7103810.00
2011-12-28,8.25,8.27,7.75,8.08,1266415,10448006.00
2011-12-29,8.09,8.19,8.05,8.18,598024,5017494.50
2011-12-30,8.16,8.30,8.15,8.25,1138863,9664724.00
2012-01-04,8.35,8.41,7.95,7.95,1060483,8970904.00
2012-01-05,7.92,7.92,7.44,7.45,1470666,11559131.00
2012-01-06,7.44,7.55,7.11,7.36,1823456,13765002.00
2012-01-09,7.34,7.90,7.27,7.89,3028684,23831212.00
2012-01-10,7.88,8.29,7.82,8.27,4646729,38737568.00
2012-01-11,8.29,8.45,8.13,8.29,3280387,28034852.00
2012-01-12,8.30,8.37,8.20,8.25,2612699,22291152.00
2012-01-13,8.20,8.28,7.71,7.76,3179768,25960382.00
2012-01-16,7.73,7.73,7.45,7.47,2070655,16192852.00
2012-01-17,7.57,7.98,7.45,7.92,3526210,28338774.00
2012-01-18,7.92,8.09,7.67,7.69,3107582,25453936.00
2012-01-19,7.68,7.83,7.35,7.64,3534115,27765916.00
2012-01-20,7.60,7.83,7.58,7.76,2582573,20538516.00
2012-01-30,7.76,8.12,7.73,7.94,3411600,27940976.00
2012-01-31,7.93,8.10,7.80,8.10,2133307,17489600.00
2012-02-01,8.13,8.18,7.85,7.91,2842237,23498806.00
2012-02-02,7.95,8.12,7.87,8.12,2658625,21927960.00
2012-02-03,8.13,8.50,8.07,8.39,5966623,51122540.00
2012-02-06,8.41,8.46,8.27,8.46,3817027,32865256.00
2012-02-07,8.45,8.45,8.08,8.15,4421242,37360212.00
2012-02-08,8.09,8.45,8.07,8.41,4172926,35665764.00
2012-02-09,8.37,8.72,8.37,8.58,5711260,50578284.00
2012-02-10,8.55,8.80,8.53,8.66,4297972,38237528.00
2012-02-13,8.56,8.92,8.53,8.85,4129230,37262472.00
2012-02-14,8.80,9.08,8.68,9.05,4257276,38715168.00
2012-02-15,9.00,9.14,8.89,9.06,4030112,37342504.00
2012-02-16,9.05,9.25,8.80,9.02,4403238,40823324.00
2012-02-17,9.03,9.04,8.77,8.87,3313058,30288318.00
2012-02-20,9.00,9.27,8.90,9.21,6101086,56929952.00
2012-02-21,9.16,9.24,8.91,9.21,3848282,35982120.00
2012-02-22,9.16,9.39,9.13,9.35,5506958,52527528.00
2012-02-23,9.39,9.39,9.16,9.27,4061445,38712532.00
2012-02-24,9.24,9.40,9.19,9.38,3506663,33512198.00
2012-02-27,9.39,9.56,9.28,9.28,5376853,51924064.00
2012-02-28,9.25,9.27,8.95,9.02,3941649,36858288.00
2012-02-29,8.99,9.17,8.95,8.96,2530165,23533680.00
2012-03-01,8.95,9.22,8.95,9.10,2431086,22763074.00
2012-03-02,9.14,9.29,9.08,9.26,2698670,25495298.00
2012-03-05,9.35,9.50,9.28,9.31,2860716,27531246.00
2012-03-06,9.27,9.27,9.03,9.08,2338560,21881902.00
2012-03-07,8.97,9.19,8.93,9.00,2205006,20548162.00
2012-03-08,9.04,9.32,9.04,9.32,3553115,33577204.00
2012-03-09,9.32,9.51,9.28,9.49,3491284,33652628.00
2012-03-12,9.50,9.70,9.45,9.64,4481079,44039484.00
2012-03-13,9.62,9.69,9.50,9.67,2920504,28746552.00
2012-03-14,9.70,9.73,8.95,9.07,5787893,55759256.00
2012-03-15,9.07,9.13,8.75,8.81,3261235,29835254.00
2012-03-16,8.81,9.01,8.80,8.98,2140868,19654710.00
2012-03-19,9.10,9.26,8.99,9.24,2648754,24813788.00
2012-03-20,9.25,9.25,8.95,8.98,2159480,20175058.00
2012-03-21,9.01,9.10,8.84,8.99,1920693,17681776.00
2012-03-22,8.99,8.99,8.78,8.91,2038278,18593598.00
2012-03-23,8.85,8.89,8.71,8.76,1650168,14952089.00
2012-03-26,8.75,8.80,8.68,8.77,1257204,11286686.00
2012-03-27,8.65,8.65,7.90,7.99,8024830,67380776.00
2012-03-28,7.85,7.92,7.52,7.55,5525621,44132832.00
2012-03-29,7.45,7.64,7.40,7.43,3033370,23467866.00
2012-03-30,7.43,7.56,7.32,7.47,1968596,15129136.00
2012-04-05,7.44,7.65,7.37,7.59,4515791,35170944.00
2012-04-06,7.64,7.98,7.61,7.80,6016746,48685544.00
2012-04-09,7.76,8.12,7.76,7.80,3643822,29840214.00
2012-04-10,7.74,7.88,7.51,7.88,1836766,14610801.00
2012-04-11,7.79,7.90,7.65,7.78,2225737,17876628.00
2012-04-12,7.78,7.97,7.70,7.95,4203830,33986668.00
2012-04-13,7.94,8.01,7.89,7.97,3923641,32191522.00
2012-04-16,7.95,8.03,7.89,7.97,3760492,30872380.00
2012-04-17,7.98,8.00,7.76,7.78,3326843,27073224.00
2012-04-18,7.81,8.04,7.77,8.01,3758756,30769536.00
2012-04-19,8.00,8.09,7.95,8.03,3094395,25591510.00
2012-04-20,8.04,8.23,7.97,8.16,4437896,37299420.00
2012-04-23,8.15,8.38,7.95,8.00,4263904,35854788.00
2012-04-24,7.85,7.94,7.47,7.71,3863195,30672550.00
2012-04-25,7.66,7.83,7.50,7.77,2390557,18930866.00
2012-04-26,7.73,8.10,7.73,8.05,3190298,25969774.00
2012-04-27,8.10,8.10,7.83,7.92,2080140,16983768.00
2012-05-03,7.99,8.45,7.76,8.24,3650044,30019806.00
2012-05-04,8.15,8.43,8.06,8.17,3934666,33048256.00
2012-05-07,8.11,8.16,7.96,8.14,2295954,19076972.00
2012-05-08,8.15,8.31,8.11,8.23,3189040,27014602.00
2012-05-09,8.18,8.18,7.93,7.95,2467858,20485830.00
2012-05-10,7.94,8.03,7.86,7.95,1507038,12365639.00
2012-05-11,7.97,7.98,7.83,7.88,1530877,12253411.00
2012-05-14,7.93,7.98,7.83,7.85,1451376,11642824.00
2012-05-15,7.72,7.84,7.63,7.79,1717348,13412378.00
2012-05-16,7.77,7.88,7.70,7.78,1320625,10394701.00
2012-05-17,7.76,8.00,7.73,7.93,1955832,15680263.00
2012-05-18,7.79,7.93,7.78,7.81,1237854,9854651.00
2012-05-21,7.82,7.93,7.75,7.92,1333161,10614970.00
2012-05-22,7.95,8.16,7.95,8.06,2536620,20703496.00
2012-05-23,8.07,8.17,8.00,8.10,2799895,22953884.00
2012-05-24,8.10,8.20,8.02,8.04,2809833,23116638.00
2012-05-25,8.08,8.11,7.85,7.87,1759386,14219363.00
2012-05-28,7.82,8.04,7.50,8.01,2575959,20203280.00
2012-05-29,7.94,8.23,7.93,8.14,3902989,32128868.00
2012-05-30,8.12,8.18,8.04,8.10,2975873,24384756.00
2012-05-31,8.05,8.20,8.02,8.17,3494384,28823448.00
2012-06-01,8.22,8.30,8.04,8.08,2469436,20377720.00
2012-06-04,7.95,7.95,7.60,7.62,2688513,21204324.00
2012-06-05,7.63,7.69,7.53,7.56,1630635,12559702.00
2012-06-06,7.62,7.72,7.57,7.63,874509,6748542.00
2012-06-07,7.79,7.79,7.54,7.58,976810,7570985.00
2012-06-08,7.65,7.67,7.47,7.48,1107950,8499522.00
2012-06-11,7.55,7.63,7.46,7.60,805502,6171960.00
2012-06-12,7.52,7.61,7.49,7.50,938574,7174874.00
2012-06-13,7.57,7.65,7.50,7.61,1241741,9539654.00
2012-06-14,7.60,7.71,7.58,7.60,1216040,9415128.00
2012-06-15,7.60,7.70,7.53,7.61,1075464,8282640.00
2012-06-18,7.65,7.71,7.61,7.68,964309,7496143.00
2012-06-19,7.70,7.70,7.60,7.61,727772,5626413.00
2012-06-20,7.66,7.66,7.56,7.60,882224,6789700.00
2012-06-21,7.60,7.60,7.37,7.39,1174863,8875937.00
2012-06-25,7.39,7.50,7.11,7.12,885359,6554254.00
2012-06-26,7.09,7.20,6.92,7.11,1350570,9634610.00
2012-06-27,7.09,7.21,7.01,7.02,715110,5162421.00
2012-06-28,7.01,7.09,6.91,6.92,711491,5043449.00
2012-06-29,6.92,7.05,6.82,7.03,621095,4356252.50
2012-07-02,7.02,7.14,6.96,7.05,1086420,7775397.50
2012-07-03,7.05,7.14,7.01,7.07,928193,6662769.00
2012-07-04,7.10,7.10,6.95,6.97,680326,4842906.00
2012-07-05,6.95,6.95,6.68,6.68,1230720,8448588.00
2012-07-06,6.78,6.80,6.48,6.75,1290994,8686657.00
2012-07-09,6.68,6.71,6.34,6.35,1109100,7352000.00
2012-07-10,6.37,6.40,6.28,6.33,866808,5574636.00
2012-07-11,6.33,6.42,6.30,6.37,759452,4898441.50
2012-07-12,6.37,6.49,6.32,6.46,1123539,7321206.00
2012-07-13,6.42,6.50,6.40,6.41,665271,4354613.50
2012-07-16,6.42,6.42,5.91,5.92,1676975,10302178.00
2012-07-17,5.93,6.09,5.81,5.99,739684,4476284.50
2012-07-18,6.00,6.07,5.89,6.07,688026,4183547.25
2012-07-19,6.07,6.22,6.02,6.13,1161486,7268699.50
2012-07-20,6.13,6.15,6.03,6.06,687672,4252209.00
2012-07-23,6.00,6.05,5.95,5.99,573241,3496675.00
2012-07-24,5.92,6.12,5.92,6.04,1012452,6160628.00
2012-07-25,6.02,6.07,5.96,5.99,601340,3678556.25
2012-07-26,5.90,6.10,5.90,5.97,765189,4664167.00
2012-07-27,5.99,6.04,5.95,6.00,427499,2604322.25
2012-07-30,5.98,6.11,5.83,5.91,797504,4837590.50
2012-07-31,5.92,5.92,5.72,5.76,690919,4069483.50
2012-08-01,5.73,5.90,5.73,5.86,771149,4574147.50
2012-08-02,5.87,5.87,5.76,5.79,430130,2542615.00
2012-08-03,5.79,5.95,5.76,5.94,1227685,7348619.50
2012-08-06,5.90,6.09,5.88,6.07,1705289,10399782.00
2012-08-07,6.08,6.20,6.04,6.14,1286889,7999917.00
2012-08-08,6.13,6.39,6.12,6.19,1704303,10758979.00
2012-08-09,6.20,6.29,6.10,6.25,1348941,8501344.00
2012-08-10,6.25,6.29,6.19,6.22,847888,5360241.50
2012-08-13,6.20,6.20,6.03,6.05,1038078,6457072.00
2012-08-14,6.06,6.33,6.03,6.22,1726511,10793275.00
2012-08-15,6.23,6.30,6.14,6.17,842609,5299444.50
2012-08-16,6.14,6.19,6.06,6.07,674491,4188530.50
2012-08-17,6.05,6.13,6.02,6.07,425381,2625008.50
2012-08-20,6.03,6.08,5.95,6.07,765222,4669704.50
2012-08-21,6.06,6.23,6.05,6.21,1112855,6977302.50
2012-08-22,6.21,6.22,6.14,6.18,500758,3144965.75
2012-08-23,6.18,6.26,6.16,6.26,997654,6297115.50
2012-08-24,6.23,6.31,6.07,6.10,984918,6205113.50
2012-08-27,6.13,6.13,5.84,5.94,1212149,7291646.00
2012-08-28,5.94,6.15,5.88,5.96,1014760,6165644.00
2012-08-29,5.92,6.00,5.90,5.90,683920,4139435.75
2012-08-30,5.86,5.91,5.70,5.79,992270,5872325.50
2012-08-31,5.74,5.85,5.74,5.81,388451,2293594.00
2012-09-03,5.82,5.92,5.78,5.90,688992,4114255.50
2012-09-04,5.90,5.94,5.80,5.82,533069,3180489.75
2012-09-05,5.84,6.00,5.79,5.90,754444,4524777.00
2012-09-06,5.94,6.01,5.90,6.00,804620,4876408.50
2012-09-07,6.04,6.42,6.00,6.32,3601921,22964480.00
2012-09-10,6.34,6.60,6.28,6.50,3659173,23958200.00
2012-09-11,6.45,6.45,6.34,6.44,1589662,10337920.00
2012-09-12,6.46,6.55,6.39,6.51,2159446,14202811.00
2012-09-13,6.52,6.55,6.38,6.38,1731310,11389619.00
2012-09-14,6.43,6.50,6.36,6.38,1529063,9960864.00
2012-09-17,6.38,6.42,6.13,6.13,1450770,9201913.00
2012-09-18,6.07,6.16,6.06,6.10,724323,4500858.00
2012-09-19,6.10,6.19,6.10,6.15,533828,3337923.75
2012-09-20,6.18,6.26,5.90,6.22,2493552,15616675.00
2012-09-21,6.15,6.85,6.03,6.85,12094817,81356152.00
2012-09-24,6.75,6.91,6.53,6.70,8544648,58280384.00
2012-09-25,6.70,6.72,6.29,6.35,5626932,36995260.00
2012-09-26,6.29,6.37,6.01,6.15,3453908,21670830.00
2012-09-27,6.10,6.34,5.91,6.19,4392064,27564508.00
2012-09-28,6.17,6.40,6.15,6.28,3486623,22285600.00
2012-10-08,6.27,6.38,6.24,6.31,2152155,13769681.00
2012-10-09,6.33,6.66,6.27,6.58,4979437,32805666.00
2012-10-10,6.51,6.63,6.45,6.62,3384695,22513674.00
2012-10-11,6.60,6.61,6.43,6.45,2444534,16119510.00
2012-10-12,6.49,6.58,6.27,6.33,2547138,16522205.00
2012-10-15,6.31,6.32,6.12,6.22,2092879,13205577.00
2012-10-16,6.19,6.28,6.12,6.25,1867513,11778799.00
2012-10-17,6.25,6.31,6.15,6.23,1437760,9100880.00
2012-10-18,6.25,6.38,6.22,6.31,1892631,12133975.00
2012-10-19,6.31,6.37,6.28,6.35,1784419,11465242.00
2012-10-22,6.36,6.36,6.20,6.32,1323015,8435894.00
2012-10-23,6.32,6.33,6.17,6.17,1576676,9998295.00
2012-10-24,6.12,6.20,6.06,6.13,1285750,8007799.50
2012-10-25,6.13,6.21,6.10,6.12,1016718,6350835.00
2012-10-26,6.10,6.11,5.92,5.95,1585654,9644108.00
2012-10-29,5.95,5.95,5.84,5.87,782768,4687513.50
2012-10-30,5.86,5.96,5.84,5.86,647895,3877395.25
2012-10-31,5.88,5.93,5.86,5.93,602139,3607965.50
2012-11-01,5.93,6.04,5.91,6.02,1094658,6678107.00
2012-11-02,6.01,6.08,6.00,6.06,885103,5429875.50
2012-11-05,6.03,6.11,5.97,6.09,873601,5366307.00
2012-11-06,6.02,6.07,5.90,5.97,1001010,6054345.50
2012-11-07,5.96,6.00,5.92,5.97,603722,3658005.75
2012-11-08,5.90,5.94,5.77,5.78,917400,5462446.00
2012-11-09,5.78,5.80,5.46,5.56,2089510,11905506.00
2012-11-12,5.57,5.60,5.52,5.59,785699,4455681.50
2012-11-13,5.59,5.63,5.41,5.41,911082,5108414.50
2012-11-14,5.40,5.49,5.38,5.48,845618,4673879.50
2012-11-15,5.43,5.50,5.38,5.38,669921,3716669.00
2012-11-16,5.37,5.45,5.34,5.43,794656,4361898.00
2012-11-19,5.44,5.50,5.40,5.46,541485,3001523.00
2012-11-20,5.47,5.54,5.44,5.47,590928,3294787.75
2012-11-21,5.49,5.60,5.45,5.59,1373931,7729676.00
2012-11-22,5.53,5.60,5.50,5.54,974601,5506239.00
2012-11-23,5.58,5.58,5.48,5.50,599559,3366348.75
2012-11-26,5.46,5.50,5.35,5.35,728637,4013433.00
2012-11-27,5.33,5.33,5.02,5.05,1624102,8477588.00
2012-11-28,5.05,5.05,4.90,4.93,1086905,5495106.00
2012-11-29,4.93,5.01,4.83,4.87,782934,3939435.50
2012-11-30,4.89,4.98,4.88,4.94,812835,4081212.25
2012-12-03,4.97,4.97,4.83,4.84,811700,4061984.00
2012-12-04,4.84,4.90,4.66,4.87,1332269,6461627.50
2012-12-05,4.83,5.09,4.83,5.06,1577203,8067226.00
2012-12-06,5.06,5.08,4.97,5.03,1029691,5274345.00
2012-12-07,5.04,5.16,5.01,5.13,1376988,7172178.00
2012-12-10,5.15,5.21,5.08,5.19,1514682,7968820.00
2012-12-11,5.16,5.21,5.10,5.11,1444215,7580383.00
2012-12-12,5.10,5.16,5.03,5.10,937689,4868630.00
2012-12-13,5.11,5.13,5.03,5.09,806429,4178040.50
2012-12-14,5.12,5.32,5.09,5.30,2523220,13505536.00
2012-12-17,5.30,5.39,5.26,5.34,1685538,9143135.00
2012-12-18,5.34,5.42,5.28,5.32,1313807,7162376.50
2012-12-19,5.33,5.48,5.32,5.37,1766847,9707520.00
2012-12-20,5.33,5.35,5.19,5.28,1432347,7687259.50
2012-12-21,5.25,5.35,5.23,5.27,1222415,6567139.00
2012-12-24,5.24,5.31,5.22,5.30,1200601,6461570.00
2012-12-25,5.29,5.45,5.27,5.40,2182717,11969295.00
2012-12-26,5.41,5.50,5.37,5.49,1749564,9717917.00
2012-12-27,5.53,5.57,5.45,5.50,2399650,13473831.00
2012-12-28,5.47,5.58,5.46,5.58,1602070,9005073.00
2012-12-31,5.58,5.62,5.49,5.58,1581877,8959704.00
2013-01-04,5.60,5.64,5.45,5.64,2427436,13774074.00
2013-01-07,5.64,5.66,5.55,5.63,1661846,9478367.00
2013-01-08,5.62,5.72,5.55,5.69,2277805,13067555.00
2013-01-09,5.75,5.83,5.64,5.66,2060419,11957700.00
2013-01-10,5.68,5.78,5.66,5.78,2040914,11879338.00
2013-01-11,5.75,5.79,5.50,5.57,2569214,14808519.00
2013-01-14,5.55,5.85,5.52,5.82,2736480,15966622.00
2013-01-15,5.80,6.41,5.80,6.41,14912184,94984216.00
2013-01-16,6.41,6.41,6.07,6.17,9781888,61673520.00
2013-01-17,6.08,6.14,5.97,6.02,3843316,23596530.00
2013-01-18,6.02,6.08,5.95,6.04,4078659,24944554.00
2013-01-21,6.04,6.12,5.98,6.06,2814372,17315808.00
2013-01-22,6.06,6.10,5.90,5.95,2469175,15087448.00
2013-01-23,5.95,5.97,5.87,5.96,1661336,9985081.00
2013-01-24,5.95,6.01,5.62,5.68,3440226,20357112.00
2013-01-25,5.70,5.71,5.59,5.68,1412445,8131351.50
2013-01-28,5.68,5.84,5.64,5.83,1583434,9291978.00
2013-01-29,5.86,5.88,5.80,5.84,1612903,9569435.00
2013-01-30,5.84,5.88,5.74,5.82,2075692,12249270.00
2013-01-31,5.85,5.85,5.72,5.75,1581696,9281336.00
2013-02-01,5.74,5.99,5.69,5.93,3077081,18387828.00
2013-02-04,5.90,5.97,5.82,5.93,2516478,15078973.00
2013-02-05,5.89,5.96,5.85,5.96,1538579,9249383.00
2013-02-06,5.96,6.02,5.92,5.94,1433393,8684121.00
2013-02-07,5.92,5.92,5.86,5.88,1222769,7317883.50
2013-02-08,5.86,5.96,5.86,5.90,1737299,10435980.00
2013-02-18,5.95,6.00,5.89,6.00,2489697,15091154.00
2013-02-19,6.02,6.03,5.89,5.93,1769191,10708361.00
2013-02-20,5.93,6.05,5.88,6.05,2741819,16709797.00
2013-02-21,6.00,6.05,5.88,5.91,2553402,15476140.00
2013-02-22,5.88,5.95,5.86,5.87,1542875,9253899.00
2013-02-25,5.87,5.93,5.86,5.90,985553,5909792.50
2013-02-26,5.85,6.44,5.55,6.38,14659844,89429208.00
2013-02-27,6.12,6.23,6.02,6.04,11140578,69403864.00
2013-02-28,6.03,6.09,5.88,5.97,5704674,34491512.00
2013-03-01,5.95,6.03,5.91,6.00,3914549,23801576.00
2013-03-04,5.98,5.98,5.70,5.72,4015194,23723650.00
2013-03-05,5.71,5.82,5.66,5.80,2446861,14356292.00
2013-03-06,5.80,5.93,5.78,5.89,3093125,18425390.00
2013-03-07,5.90,5.93,5.78,5.80,2715026,16170615.00
2013-03-08,5.81,6.01,5.78,5.89,3107348,18666766.00
2013-03-11,5.86,5.95,5.82,5.92,2426686,14535356.00
2013-03-12,5.93,6.00,5.74,5.80,2880335,17190924.00
2013-03-13,5.78,5.82,5.72,5.73,1307497,7660431.50
2013-03-14,5.72,5.78,5.70,5.72,896462,5229647.50
2013-03-15,5.71,5.79,5.69,5.75,936638,5477479.00
2013-03-18,5.71,5.83,5.56,5.61,1408512,8202969.50
2013-03-19,5.61,5.64,5.42,5.51,1669499,9365249.00
2013-03-20,5.51,5.60,5.48,5.59,1869135,10571118.00
2013-03-21,5.60,5.66,5.57,5.62,1740467,9951188.00
2013-03-22,5.60,5.66,5.58,5.65,1359510,7788165.00
2013-03-25,5.65,5.68,5.61,5.63,1033967,5926763.00
2013-03-26,5.61,5.63,5.52,5.54,1334314,7544351.50
2013-03-27,5.56,5.63,5.52,5.55,822158,4662583.50
2013-03-28,5.55,5.55,5.34,5.34,1594313,8777572.00
2013-03-29,5.30,5.39,5.30,5.36,932111,5077409.50
2013-04-01,5.36,5.46,5.33,5.38,991992,5443038.50
2013-04-02,5.41,5.44,5.32,5.33,745392,4082013.00
2013-04-03,5.34,5.39,5.25,5.26,1042564,5651542.50
2013-04-08,5.26,5.26,5.08,5.20,1073967,5644683.50
2013-04-09,5.20,5.32,5.20,5.30,896645,4826411.00
2013-04-10,5.31,5.42,5.27,5.35,1172506,6380463.50
2013-04-11,5.40,5.44,5.31,5.35,1306489,7033866.50
2013-04-12,5.31,5.48,5.31,5.36,1617758,8766128.00
2013-04-15,5.30,5.39,5.22,5.33,1189429,6302237.00
2013-04-16,5.29,5.38,5.18,5.38,1026936,5455012.50
2013-04-17,5.34,5.41,5.30,5.38,855248,4585899.50
2013-04-18,5.30,5.43,5.30,5.37,779100,4195581.00
2013-04-19,5.37,5.51,5.37,5.47,1670789,9105851.00
2013-04-22,5.47,5.55,5.41,5.52,1587983,8734405.00
2013-04-23,5.45,5.47,5.26,5.30,1792454,9589795.00
2013-04-24,5.30,5.36,5.26,5.35,1121729,5963311.00
2013-04-25,5.33,5.35,5.10,5.10,1496281,7840214.00
2013-04-26,5.12,5.17,4.98,4.99,1994663,10093166.00
2013-05-02,4.99,5.05,4.96,5.01,966015,4839459.00
2013-05-03,5.01,5.12,5.01,5.09,1059417,5384100.00
2013-05-06,5.09,5.17,5.07,5.15,981543,5039285.00
2013-05-07,5.15,5.19,5.12,5.14,1053180,5423501.00
2013-05-08,5.14,5.20,5.14,5.18,1008680,5212747.50
2013-05-09,5.18,5.18,5.12,5.17,1109057,5717795.50
2013-05-10,5.16,5.22,5.16,5.22,1425821,7407555.00
2013-05-13,5.21,5.24,5.18,5.22,1545313,8052331.50
2013-05-14,5.23,5.24,5.12,5.23,2048416,10611770.00
2013-05-15,5.22,5.24,5.16,5.24,1350555,7034536.50
2013-05-16,5.23,5.33,5.20,5.28,2157184,11393274.00
2013-05-17,5.31,5.37,5.26,5.35,2112586,11237781.00
2013-05-20,5.35,5.44,5.34,5.41,2395826,12939232.00
2013-05-21,5.41,5.47,5.38,5.44,2063862,11197760.00
2013-05-22,5.45,5.52,5.39,5.41,2881265,15748027.00
2013-05-23,5.36,5.50,5.35,5.41,1958573,10639990.00
2013-05-24,5.40,5.49,5.40,5.48,1642612,8948956.00
2013-05-27,5.48,5.54,5.45,5.49,1770980,9715134.00
2013-05-28,5.49,5.54,5.41,5.51,2010492,11027179.00
2013-05-29,5.54,5.60,5.50,5.59,2711451,15072682.00
2013-05-30,5.55,5.59,5.53,5.55,2029941,11274022.00
2013-05-31,5.57,5.59,5.51,5.51,1594108,8859483.00
2013-06-03,5.49,5.53,5.45,5.50,1788924,9812495.00
2013-06-04,5.49,5.50,5.32,5.34,2136113,11533115.00
2013-06-05,5.32,5.38,5.30,5.34,1386388,7404838.50
2013-06-06,5.35,5.38,5.26,5.26,1062627,5635238.00
2013-06-07,5.26,5.30,5.15,5.20,1006315,5235467.00
2013-06-13,5.16,5.16,4.98,5.03,1601624,8084891.50
2013-06-14,5.03,5.10,5.03,5.08,840825,4265541.50
2013-06-17,5.09,5.13,5.05,5.06,969984,4927810.00
2013-06-18,5.09,5.10,5.03,5.06,778073,3942261.75
2013-06-19,5.07,5.09,4.99,5.09,917826,4623971.50
2013-06-20,5.08,5.08,4.95,4.96,944099,4733972.00
2013-06-21,4.91,4.97,4.76,4.91,1057156,5139013.00
2013-06-24,4.89,4.89,4.51,4.58,1687405,7980332.00
2013-06-25,4.50,4.63,4.14,4.47,1519488,6704701.00
2013-06-26,4.44,4.79,4.38,4.73,2380002,10968641.00
2013-06-27,4.80,4.93,4.75,4.77,4677004,22673088.00
2013-06-28,4.70,4.78,4.55,4.58,1484340,6884241.00
2013-07-01,4.52,4.57,4.43,4.54,1366096,6167959.00
2013-07-02,4.56,4.63,4.47,4.56,1177020,5326656.00
2013-07-03,4.54,4.56,4.35,4.47,1222901,5428050.00
2013-07-04,4.45,4.58,4.38,4.54,1423790,6388784.00
2013-07-05,4.54,4.60,4.51,4.54,1104826,5025746.00
2013-07-08,4.51,4.51,4.36,4.37,1155676,5096409.00
2013-07-09,4.37,4.41,4.33,4.36,550392,2400254.25
2013-07-10,4.37,4.50,4.34,4.48,711991,3156904.75
2013-07-11,4.48,4.64,4.48,4.59,1373621,6287205.00
2013-07-12,4.60,4.69,4.51,4.52,1080335,4967241.50
2013-07-15,4.58,4.61,4.53,4.57,1109494,5063707.50
2013-07-16,4.59,4.70,4.56,4.67,1293780,5999469.50
2013-07-17,4.68,4.73,4.60,4.68,2033568,9491167.00
2013-07-18,4.67,4.87,4.59,4.82,4015069,19100298.00
2013-07-19,4.78,4.79,4.51,4.53,2465376,11554870.00
2013-07-22,4.50,4.52,4.40,4.50,1545619,6915305.50
2013-07-23,4.49,4.65,4.49,4.63,1368849,6272388.00
2013-07-24,4.60,4.66,4.53,4.61,1288205,5921295.00
2013-07-25,4.58,4.69,4.57,4.61,1162371,5373408.00
2013-07-26,4.52,4.68,4.52,4.62,1221949,5607725.50
2013-07-29,4.60,4.71,4.53,4.71,2272094,10522697.00
2013-07-30,4.71,5.07,4.61,5.04,9078183,44416144.00
2013-07-31,4.93,5.28,4.90,5.06,13305908,68284864.00
2013-08-01,4.95,5.06,4.88,5.03,5147675,25607994.00
2013-08-02,5.03,5.12,4.91,5.10,5338400,26781608.00
2013-08-05,5.08,5.37,5.01,5.30,8078974,42328504.00
2013-08-06,5.25,5.33,5.17,5.24,4913825,25770704.00
2013-08-07,5.23,5.32,5.18,5.18,3764594,19763884.00
2013-08-08,5.18,5.18,5.06,5.07,3259501,16622725.00
2013-08-09,5.07,5.13,4.99,5.06,2703071,13665592.00
2013-08-12,5.06,5.10,5.03,5.09,3367151,17064990.00
2013-08-13,5.08,5.18,5.04,5.16,4315618,22123638.00
2013-08-14,5.16,5.20,4.97,5.02,3843667,19466628.00
2013-08-15,5.03,5.05,4.92,4.93,2391097,11936327.00
2013-08-16,4.90,5.02,4.76,4.79,2816150,13795176.00
2013-08-19,4.76,4.88,4.76,4.88,1470823,7119827.00
2013-08-20,4.88,4.91,4.82,4.86,1758490,8567242.00
2013-08-21,4.86,4.93,4.82,4.92,1656565,8099823.50
2013-08-22,4.92,5.00,4.88,4.96,2106508,10461073.00
2013-08-23,4.96,4.99,4.80,4.87,1667891,8155141.00
2013-08-26,4.86,4.96,4.84,4.96,1629769,8020598.50
2013-08-27,4.98,5.21,4.95,5.13,4112904,20940820.00
2013-08-28,5.10,5.36,5.02,5.30,7745942,40657864.00
2013-08-29,5.30,5.83,5.27,5.72,23883047,135744112.00
2013-08-30,5.65,5.89,5.56,5.88,17406350,100184584.00
2013-09-02,5.84,5.90,5.57,5.60,13347465,76340024.00
2013-09-03,5.55,5.58,5.37,5.57,6596855,36104072.00
2013-09-04,5.52,5.73,5.48,5.56,5060815,28320740.00
2013-09-05,5.47,5.63,5.42,5.50,3525692,19398058.00
2013-09-06,5.47,5.64,5.43,5.62,4463031,24919748.00
2013-09-09,5.62,5.65,5.51,5.56,5016497,27879088.00
2013-09-10,5.54,5.56,5.41,5.46,5285855,28999666.00
2013-09-11,5.46,5.51,5.31,5.39,6148029,33197058.00
2013-09-12,5.42,5.79,5.37,5.73,10000001,55951800.00
2013-09-13,5.66,5.70,5.52,5.53,5485293,30673046.00
2013-09-16,5.47,5.53,5.40,5.44,3905126,21274390.00
2013-09-17,5.40,5.42,5.29,5.30,4247871,22651902.00
2013-09-18,5.30,5.35,5.20,5.31,2137342,11298193.00
2013-09-23,5.31,5.39,5.24,5.36,2295904,12284957.00
2013-09-24,5.37,5.45,5.34,5.40,2576175,13911963.00
2013-09-25,5.40,5.45,5.35,5.36,2465942,13283133.00
2013-09-26,5.38,5.38,5.18,5.19,2964201,15579504.00
2013-09-27,5.17,5.24,5.17,5.19,1411673,7350415.50
2013-09-30,5.21,5.42,5.15,5.40,3356897,17911718.00
2013-10-08,5.38,5.48,5.33,5.43,2880641,15646248.00
2013-10-09,5.41,5.97,5.37,5.90,15867800,91362328.00
2013-10-10,5.91,6.20,5.81,6.12,26329991,160738688.00
2013-10-11,6.05,6.57,6.00,6.19,18955883,117957112.00
2013-10-14,6.07,6.10,5.95,5.97,11927453,71931880.00
2013-10-15,5.98,5.98,5.81,5.87,7439612,43639748.00
2013-10-16,5.85,5.98,5.80,5.90,6407139,37638644.00
2013-10-17,5.92,5.96,5.71,5.74,5332697,31039824.00
2013-10-18,5.73,5.88,5.69,5.82,3323979,19264736.00
2013-10-21,5.86,5.90,5.75,5.90,4687334,27450170.00
2013-10-22,5.94,5.94,5.77,5.83,3997136,23322886.00
2013-10-23,5.79,5.85,5.65,5.68,3613021,20701260.00
2013-10-24,5.70,5.77,5.64,5.72,1952873,11136771.00
2013-10-25,5.68,5.75,5.55,5.56,2447049,13770285.00
2013-10-28,5.58,5.74,5.44,5.71,3423507,19187526.00
2013-10-29,5.72,5.97,5.51,5.93,11330001,66041260.00
2013-10-30,5.92,6.04,5.81,6.00,7269446,43147620.00
2013-10-31,5.97,5.97,5.71,5.71,4932864,28767676.00
2013-11-01,5.62,5.71,5.51,5.60,3668076,20544754.00
2013-11-04,5.60,5.74,5.53,5.74,2569634,14504555.00
2013-11-05,5.73,5.79,5.56,5.76,2894742,16471438.00
2013-11-06,5.79,5.95,5.75,5.80,6120791,35911356.00
2013-11-07,5.76,5.79,5.57,5.58,3592843,20320918.00
2013-11-08,5.50,5.63,5.43,5.55,3091152,17059472.00
2013-11-11,5.50,5.64,5.50,5.64,1745729,9759774.00
2013-11-12,5.63,5.65,5.53,5.63,2040400,11428397.00
2013-11-13,5.65,5.71,5.55,5.57,2655027,14896144.00
2013-11-14,5.52,5.58,5.43,5.53,2378173,13110556.00
2013-11-15,5.50,5.85,5.50,5.84,6942177,39834524.00
2013-11-18,5.81,6.00,5.80,5.90,7064624,41809228.00
2013-11-19,5.89,5.98,5.82,5.92,4626330,27168078.00
2013-11-20,5.92,5.98,5.86,5.96,4766094,28321126.00
2013-11-21,5.95,5.96,5.81,5.83,4665073,27369540.00
2013-11-22,5.82,6.03,5.82,5.89,5612020,33384416.00
2013-11-25,6.10,6.10,5.88,5.90,5152923,30794712.00
2013-11-26,5.86,5.92,5.81,5.86,3283615,19183796.00
2013-11-27,5.85,6.26,5.82,6.18,11272120,68672376.00
2013-11-28,6.10,6.20,6.06,6.06,6522260,39889752.00
2013-11-29,6.06,6.25,6.05,6.12,7605335,46885696.00
2013-12-02,5.96,5.96,5.51,5.55,8350759,47897280.00
2013-12-03,5.50,5.75,5.46,5.70,3659193,20607498.00
2013-12-04,5.70,5.85,5.64,5.76,4270549,24616716.00
2013-12-05,5.76,5.79,5.70,5.73,2975521,17058332.00
2013-12-06,5.71,5.75,5.67,5.71,1858395,10598600.00
2013-12-09,5.73,5.79,5.70,5.79,1827732,10509309.00
2013-12-10,5.83,5.92,5.76,5.83,2620364,15271232.00
2013-12-11,5.83,5.83,5.62,5.66,2406530,13728979.00
2013-12-12,5.62,5.72,5.62,5.68,1629579,9246535.00
2013-12-13,5.66,5.77,5.60,5.76,2073246,11852719.00
2013-12-16,5.80,5.85,5.72,5.78,2190222,12630062.00
2013-12-17,5.78,5.93,5.63,5.87,4369182,25346332.00
2013-12-18,5.83,6.00,5.83,5.95,4650556,27625666.00
2013-12-19,5.95,6.00,5.76,5.78,2892112,16967768.00
2013-12-20,5.80,5.82,5.49,5.56,3726933,20905394.00
2013-12-23,5.51,5.58,5.33,5.53,1932419,10571997.00
2013-12-24,5.55,5.60,5.42,5.49,1939435,10699112.00
2013-12-25,5.47,5.55,5.42,5.54,1415403,7765835.50
2013-12-26,5.54,5.56,5.22,5.22,2833569,15279700.00
2013-12-27,5.24,5.37,5.22,5.32,2445546,12969837.00
2013-12-30,5.39,5.46,5.31,5.43,2290009,12328541.00
2013-12-31,5.41,5.45,5.34,5.45,1939336,10465280.00
2014-01-02,5.45,5.45,5.33,5.42,2486782,13369399.00
2014-01-03,5.41,5.41,5.28,5.33,1851648,9886772.00
2014-01-06,5.34,5.34,5.09,5.10,2375799,12335636.00
2014-01-07,5.11,5.19,5.06,5.13,1267769,6516498.00
2014-01-08,5.15,5.21,5.05,5.07,1664675,8513597.00
2014-01-09,5.05,5.16,4.98,5.00,1816240,9232498.00
2014-01-10,5.02,5.07,4.94,5.01,1139816,5689459.00
2014-01-13,5.00,5.10,4.90,4.96,1282152,6407577.00
2014-01-14,4.97,5.27,4.94,5.22,2899422,14933307.00
2014-01-15,5.22,5.26,5.15,5.18,1775014,9225222.00
2014-01-16,5.23,5.24,5.17,5.17,1427600,7435358.00
2014-01-17,5.13,5.20,5.04,5.06,1238203,6300040.50
2014-01-20,4.98,5.11,4.98,5.08,745124,3774675.00
2014-01-21,5.06,5.17,5.06,5.15,953208,4893443.00
2014-01-22,5.16,5.67,5.15,5.38,2985737,16109014.00
2014-01-23,5.34,5.48,5.32,5.42,2367956,12757267.00
2014-01-24,5.42,5.46,5.36,5.40,2365615,12801169.00
2014-01-27,5.37,5.45,5.36,5.38,1748105,9441898.00
2014-01-28,5.37,5.44,5.32,5.36,916724,4914728.50
2014-01-29,5.35,5.38,5.24,5.28,1932665,10223017.00
2014-01-30,5.32,5.40,5.28,5.33,1056801,5658737.50
2014-02-07,5.30,5.45,5.28,5.44,1741850,9429688.00
2014-02-10,5.49,5.64,5.46,5.57,3888873,21566336.00
2014-02-11,5.65,5.67,5.54,5.61,3605241,20232828.00
2014-02-12,5.60,5.75,5.55,5.72,3788162,21446062.00
2014-02-13,5.81,5.81,5.58,5.58,3972737,22600904.00
2014-02-14,5.62,5.78,5.58,5.72,3354890,19105274.00
2014-02-17,5.72,6.03,5.70,5.92,7067209,41467604.00
2014-02-18,5.88,5.97,5.85,5.88,4932009,29129226.00
2014-02-19,5.90,6.09,5.87,5.90,5050903,30152152.00
2014-02-20,5.92,5.97,5.74,5.88,4650286,27198004.00
2014-02-21,5.88,5.95,5.72,5.81,3537847,20669304.00
2014-02-24,5.76,6.05,5.69,6.03,5544403,32824040.00
2014-02-25,6.01,6.09,5.76,5.78,8147090,48471408.00
2014-02-26,5.73,5.90,5.61,5.90,4722384,27313858.00
2014-02-27,5.98,6.18,5.86,5.89,10229403,61736404.00
2014-02-28,5.95,5.99,5.75,5.93,5204322,30554820.00
2014-03-03,6.00,6.17,5.93,6.13,7909611,47890088.00
2014-03-04,6.07,6.22,6.04,6.19,7132235,43783128.00
2014-03-05,6.23,6.25,5.95,5.98,8161767,49516216.00
2014-03-06,5.96,6.01,5.86,6.00,4291493,25525408.00
2014-03-07,6.02,6.07,5.83,5.85,3430135,20342232.00
2014-03-10,5.80,5.95,5.72,5.84,4529280,26474434.00
2014-03-11,5.82,6.05,5.76,5.93,4913985,29269010.00
2014-03-12,5.96,6.05,5.83,5.96,3268001,19429528.00
2014-03-13,5.96,6.25,5.95,6.25,10460433,64273928.00
2014-03-14,6.25,6.25,6.09,6.18,6108125,37538032.00
2014-03-17,6.17,6.29,6.10,6.25,5223462,32444546.00
2014-03-18,6.23,6.39,6.10,6.25,7096334,44460420.00
2014-03-19,6.18,6.42,6.11,6.33,7517780,47327240.00
2014-03-20,6.34,6.39,6.10,6.10,5849648,36369844.00
2014-03-21,6.08,6.24,6.00,6.20,4804644,29358968.00
2014-03-24,6.17,6.26,6.14,6.26,4352197,26963918.00
2014-03-25,6.25,6.33,6.14,6.27,3577651,22242834.00
2014-03-26,6.33,6.88,6.33,6.48,14762847,96480512.00
2014-03-27,6.41,6.70,6.29,6.57,11345025,73724200.00
2014-03-28,6.55,6.72,6.42,6.61,11423801,75096832.00
2014-03-31,6.56,7.12,6.56,6.85,22689792,155989200.00
2014-04-01,6.73,6.98,6.66,6.86,14453335,98142576.00
2014-04-02,6.83,6.87,6.55,6.64,11520545,76702256.00
2014-04-03,6.61,6.66,6.41,6.50,8803351,57360684.00
2014-04-04,6.48,6.56,6.45,6.52,5146246,33490918.00
2014-04-08,6.45,6.56,6.38,6.53,6427018,41598260.00
2014-04-09,6.51,6.83,6.47,6.82,9796664,65395272.00
2014-04-10,6.78,6.81,6.67,6.72,7225961,48650532.00
2014-04-11,6.71,6.71,6.50,6.63,4706475,31056806.00
2014-04-14,6.59,6.73,6.56,6.72,3836486,25595848.00
2014-04-15,6.73,6.74,6.52,6.52,4805551,31742316.00
2014-04-16,6.52,6.52,6.23,6.26,9778876,61823492.00
2014-04-17,6.25,6.29,6.19,6.28,4856958,30277466.00
2014-04-18,6.27,6.34,6.23,6.28,3109152,19550744.00
2014-04-21,6.22,6.30,6.11,6.15,2745034,17053750.00
2014-04-22,6.15,6.30,6.05,6.27,4052718,25005396.00
2014-04-23,6.29,6.33,6.19,6.24,2280694,14280625.00
2014-04-24,6.28,6.29,6.12,6.14,2436543,15096286.00
2014-04-25,6.10,6.23,5.95,5.95,3373167,20558468.00
2014-04-28,5.89,5.96,5.55,5.62,4140285,23724378.00
2014-04-29,5.54,5.72,5.54,5.68,3575078,20178012.00
2014-04-30,5.68,5.77,5.60,5.75,2486736,14201370.00
2014-05-05,5.70,5.93,5.68,5.87,2982753,17426150.00
2014-05-06,5.82,6.01,5.82,6.00,3576506,21271498.00
2014-05-07,6.00,6.00,5.82,5.84,2549358,15046437.00
2014-05-08,5.85,6.08,5.71,5.93,4403316,26202710.00
2014-05-09,5.90,6.17,5.89,6.07,4503925,27210114.00
2014-05-12,6.08,6.27,6.03,6.19,4756984,29305038.00
2014-05-13,6.17,6.22,6.13,6.18,2085856,12857152.00
2014-05-14,6.17,6.18,6.07,6.07,1971785,12033462.00
2014-05-15,6.07,6.09,5.86,5.87,3805235,22672624.00
2014-05-16,5.86,5.97,5.82,5.96,2078246,12271534.00
2014-05-19,5.94,6.00,5.84,5.96,1999092,11860904.00
2014-05-20,5.94,6.05,5.92,5.98,2066716,12373483.00
2014-05-21,5.93,6.01,5.84,5.97,2065147,12286258.00
2014-05-22,5.97,6.10,5.96,6.01,3039827,18360992.00
2014-05-23,6.05,6.09,5.99,6.07,2368191,14340653.00
2014-05-26,6.09,6.24,6.07,6.23,3452707,21288882.00
2014-05-27,6.21,6.25,6.14,6.18,2065549,12782751.00
2014-05-28,6.21,6.34,6.14,6.32,4836855,30418524.00
2014-05-29,6.32,6.32,6.15,6.15,4885479,30492824.00
2014-05-30,6.12,6.29,6.11,6.29,3563965,22120998.00
2014-06-03,6.28,6.43,6.26,6.26,4554615,28952478.00
2014-06-04,6.23,6.30,6.13,6.25,3094287,19148636.00
2014-06-05,6.25,6.36,6.19,6.34,3306618,20869590.00
2014-06-06,6.36,6.57,6.32,6.44,7239910,46673036.00
2014-06-09,6.45,6.74,6.39,6.66,11457081,75788224.00
2014-06-10,6.66,6.72,6.61,6.70,6513768,43506192.00
2014-06-11,6.67,6.77,6.58,6.68,4583441,30551790.00
2014-06-12,6.67,6.67,6.47,6.52,6309121,41272756.00
2014-06-13,6.49,6.86,6.46,6.72,7027243,47312620.00
2014-06-16,6.66,6.86,6.59,6.61,5401255,36214200.00
2014-06-17,6.61,7.06,6.59,6.90,11341056,77533840.00
2014-06-18,6.85,7.28,6.68,7.15,14842434,104717032.00
2014-06-19,7.07,7.15,6.81,6.89,9154880,63834088.00
2014-06-20,6.83,7.15,6.71,7.13,8932327,62301008.00
2014-06-23,7.14,7.25,7.03,7.09,7640047,54328408.00
2014-06-24,7.08,7.10,6.92,6.95,6642132,46445164.00
2014-06-25,6.93,7.03,6.89,7.00,4449313,30931198.00
2014-06-26,6.93,7.06,6.81,6.87,7607976,52823520.00
2014-06-27,6.87,7.44,6.76,7.39,13080338,92778056.00
2014-06-30,7.32,7.39,7.25,7.32,7633242,55871740.00
2014-07-01,7.30,7.39,7.17,7.38,7000683,50982480.00
2014-07-02,7.38,7.59,7.23,7.26,9198137,67931912.00
2014-07-03,7.25,7.30,7.17,7.20,5246106,37910760.00
2014-07-04,7.20,7.32,7.18,7.21,4396133,31831796.00
2014-07-07,7.22,7.45,7.17,7.31,5114784,37377436.00
2014-07-08,7.30,7.34,7.12,7.28,4346110,31490864.00
2014-07-09,7.24,7.39,7.05,7.07,7621938,55268044.00
2014-07-10,7.08,7.14,6.95,7.06,5733981,40450996.00
2014-07-11,7.10,7.47,7.03,7.38,7850204,57717500.00
2014-07-14,7.37,7.58,7.32,7.49,6264228,46768416.00
2014-07-15,7.42,7.53,7.34,7.46,4084298,30329598.00
2014-07-16,7.41,7.67,7.22,7.51,9786962,72886528.00
2014-07-17,7.50,7.50,7.31,7.35,3824682,28226852.00
2014-07-18,7.35,7.40,7.23,7.23,3400350,24862108.00
2014-07-21,7.23,7.28,7.07,7.24,3752295,26918030.00
2014-07-22,7.24,7.32,7.15,7.25,3479199,25138730.00
2014-07-23,7.23,7.25,7.01,7.07,5104923,36280968.00
2014-07-24,7.07,7.12,6.82,6.86,4394172,30437742.00
2014-07-25,6.83,6.95,6.81,6.92,2362128,16287463.00
2014-07-28,6.92,7.15,6.92,7.12,5060902,35797840.00
2014-07-29,7.15,7.19,7.08,7.15,3356120,23963806.00
2014-07-30,7.16,7.25,7.10,7.25,3780037,27148020.00
2014-07-31,7.25,7.32,7.21,7.24,3302083,23979504.00
2014-08-01,7.24,7.33,7.12,7.22,4444683,32235530.00
2014-08-04,7.18,7.44,7.17,7.39,6490520,47516432.00
2014-08-05,7.39,7.63,7.32,7.55,7013404,52623080.00
2014-08-06,7.47,7.78,7.46,7.54,5853960,44583800.00
2014-08-07,7.57,7.62,7.44,7.44,4294019,32299410.00
2014-08-08,7.44,7.85,7.36,7.75,8376062,63716760.00
2014-08-11,7.75,7.98,7.69,7.83,6057617,47504324.00
2014-08-12,7.86,7.98,7.75,7.86,4752559,37404880.00
2014-08-13,7.87,7.93,7.75,7.89,5346669,41952748.00
2014-08-14,7.91,7.92,7.73,7.77,3755054,29355972.00
2014-08-15,7.75,7.78,7.44,7.70,10107949,76596584.00
2014-08-18,7.65,7.96,7.62,7.92,6021675,46895884.00
2014-08-19,7.94,7.97,7.75,7.82,4845635,38002980.00
2014-08-20,7.77,7.90,7.70,7.75,5619042,43835284.00
2014-08-21,7.72,7.84,7.67,7.80,3909925,30322778.00
2014-08-22,7.83,8.15,7.82,8.05,9301127,74740968.00
2014-08-25,8.05,8.14,7.93,8.14,6403671,51495908.00
2014-08-26,8.10,8.21,7.83,8.00,6713335,53629140.00
2014-08-27,7.95,8.30,7.90,8.30,9390706,76573544.00
2014-08-28,8.22,8.36,8.08,8.19,4467272,36644104.00
2014-08-29,8.15,8.32,8.06,8.23,4580159,37403516.00
2014-09-01,8.24,8.38,8.18,8.31,4793994,39712092.00
2014-09-02,8.31,8.75,8.28,8.59,8855271,75412184.00
2014-09-03,8.56,8.81,8.46,8.77,8478208,73241520.00
2014-09-04,8.81,8.84,8.71,8.74,5357838,46931192.00
2014-09-05,8.73,9.05,8.71,9.04,6509780,57949640.00
2014-09-09,9.04,9.38,9.00,9.33,8584639,79085152.00
2014-09-10,9.38,9.40,9.13,9.24,7849514,72653112.00
2014-09-11,9.20,9.31,8.85,8.94,11128412,100874664.00
2014-09-12,8.90,9.13,8.85,9.13,7198439,64844976.00
2014-09-15,9.13,9.37,9.09,9.13,8171239,75223816.00
2014-09-16,9.12,9.12,8.53,8.56,9274910,82064528.00
2014-09-17,8.40,8.72,8.40,8.69,6177293,53098276.00
2014-09-18,8.66,8.83,8.58,8.74,3493203,30476756.00
2014-09-19,8.80,9.24,8.67,9.09,9273444,83245600.00
2014-09-22,9.02,9.18,8.90,9.09,5460625,49363396.00
2014-09-23,9.02,9.35,9.02,9.30,7212376,66689468.00
2014-09-24,9.30,9.46,9.20,9.35,6645906,62042668.00
2014-09-25,9.36,9.47,9.00,9.23,5538564,51527564.00
2014-09-26,9.21,9.54,9.07,9.50,6900060,64710552.00
2014-09-29,9.52,10.09,9.50,9.89,10296133,101166784.00
2014-09-30,9.93,10.30,9.90,9.99,8969182,90387248.00
2014-10-08,9.94,10.30,9.87,10.26,6535564,66301456.00
2014-10-09,10.21,10.35,9.99,10.21,6386469,64780548.00
2014-10-10,10.18,10.50,10.10,10.40,6716491,69424696.00
2014-10-13,10.39,10.39,9.91,10.17,7766373,78223232.00
2014-10-14,10.11,10.24,9.86,9.94,7960487,79781408.00
2014-10-15,9.89,10.18,9.70,10.07,7751002,76945776.00
2014-10-16,10.07,10.45,9.95,10.12,7685482,78386576.00
2014-10-17,10.12,10.12,9.60,9.88,6761918,66703104.00
2014-10-20,9.82,9.98,9.80,9.88,4303307,42540496.00
2014-10-21,9.92,10.09,9.82,9.85,3848363,38299112.00
2014-10-22,9.85,9.94,9.47,9.58,5386736,52287172.00
2014-10-23,9.51,9.61,8.88,9.18,8499808,78083528.00
2014-10-24,9.12,9.33,9.05,9.24,6645805,61438740.00
2014-10-27,9.23,9.47,9.01,9.44,6915322,63888852.00
2014-10-28,9.42,9.98,9.40,9.92,11066691,108396112.00
2014-10-29,10.02,10.13,9.90,10.02,7547638,75543032.00
2014-10-30,10.02,10.45,9.90,10.19,11613776,118117232.00
2014-10-31,10.21,10.35,9.98,10.06,7450108,75364000.00
2014-11-03,10.00,10.49,9.98,10.39,17657141,179571648.00
2014-11-04,10.30,10.84,10.15,10.65,12759137,134138336.00
2014-11-05,10.60,10.64,10.42,10.59,4111572,43343556.00
2014-11-06,10.59,11.11,10.40,10.60,11095140,118750976.00
2014-11-07,10.79,11.06,10.22,10.55,23416396,249918800.00
2014-11-10,10.32,10.50,10.05,10.30,22281739,228246544.00
2014-11-11,10.10,10.10,9.66,9.90,16889770,166769856.00
2014-11-12,9.90,10.15,9.68,9.82,13413803,131833672.00
2014-11-13,9.75,9.79,9.33,9.72,12840328,122444088.00
2014-11-14,9.70,9.82,9.45,9.70,9520068,91767936.00
2014-11-17,9.66,9.77,9.48,9.61,10872315,104371104.00
2014-11-18,9.57,9.68,9.35,9.41,8655446,81926912.00
2014-11-19,9.44,9.47,9.06,9.36,8963801,83267832.00
2014-11-20,9.30,9.44,9.23,9.41,5734588,53717632.00
2014-11-21,9.40,9.78,9.39,9.65,10084893,97111424.00
2014-11-24,9.70,9.74,9.48,9.59,8838404,84544416.00
2014-11-25,9.55,9.90,9.46,9.84,11173294,108166864.00
2014-11-26,9.90,9.99,9.70,9.80,8478465,83330744.00
2014-11-27,9.80,9.88,9.62,9.72,7173025,69940960.00
2014-11-28,9.70,10.40,9.70,10.34,17634831,177727072.00
2014-12-01,10.35,10.51,10.16,10.50,14277935,147876016.00
2014-12-02,10.46,10.65,10.30,10.38,9438903,99162096.00
2014-12-03,10.32,10.38,9.89,10.15,13290790,133684120.00
2014-12-04,10.08,10.29,9.98,10.01,13164841,132556088.00
2014-12-05,10.00,10.00,9.30,9.53,11703302,112316440.00
2014-12-08,9.54,9.70,9.25,9.51,9041702,86142040.00
2014-12-09,9.49,9.49,9.08,9.10,8641276,79811376.00
2014-12-10,9.06,9.47,9.06,9.37,5505755,51383936.00
2014-12-11,9.38,9.84,9.32,9.80,7744552,74067056.00
2014-12-12,9.80,10.02,9.71,9.95,7537959,74768208.00
2014-12-15,9.94,10.06,9.81,10.00,5473055,54414832.00
2014-12-16,10.08,10.09,9.80,9.88,4448070,44187844.00
2014-12-17,9.84,9.86,9.41,9.63,7075914,67660728.00
2014-12-18,9.62,9.65,9.41,9.47,3941501,37400260.00
2014-12-19,9.46,9.74,9.42,9.70,6612553,63455392.00
2014-12-22,9.72,9.79,9.00,9.15,6634814,61318544.00
2014-12-23,9.14,9.42,8.70,8.96,4289531,38874556.00
2014-12-24,8.97,9.08,8.87,9.00,3447839,30864648.00
2014-12-25,8.96,8.99,8.78,8.87,6319109,55945316.00
2014-12-26,8.86,8.86,8.70,8.73,5978184,52251520.00
2014-12-29,8.73,8.78,8.20,8.28,7241803,60528076.00
2014-12-30,8.18,8.37,8.07,8.07,4632991,38101612.00
2014-12-31,8.07,8.18,7.98,8.12,3348153,27045202.00
2015-01-05,8.14,8.93,8.14,8.93,9142288,78891592.00
2015-01-06,9.00,9.06,8.71,8.95,5502311,49061628.00
2015-01-07,8.99,9.00,8.76,8.92,3552029,31565354.00
2015-01-08,8.92,9.06,8.80,8.97,3485474,31178942.00
2015-01-09,8.92,9.14,8.90,8.93,3101493,27893876.00
2015-01-12,8.93,8.93,8.69,8.79,2494915,21866352.00
2015-01-13,8.79,8.85,8.45,8.85,3201505,27769390.00
2015-01-14,8.85,8.90,8.70,8.75,1217571,10693212.00
2015-01-15,8.70,8.84,8.65,8.74,1708597,14934912.00
2015-01-16,8.75,8.99,8.70,8.96,2931462,26086518.00
2015-01-19,8.79,9.76,8.67,8.96,5447302,49551552.00
2015-01-20,9.00,9.48,9.00,9.30,5357017,49909936.00
2015-01-21,9.30,9.43,9.21,9.35,5488485,51149368.00
2015-01-22,9.35,9.66,9.25,9.57,5151080,49069956.00
2015-01-23,9.57,9.66,9.41,9.49,3818947,36327624.00
2015-01-26,9.45,9.70,9.45,9.70,3470382,33486672.00
2015-01-27,9.70,10.10,9.65,9.95,7367871,73183904.00
2015-01-28,9.80,9.98,9.76,9.86,3179349,31288924.00
2015-01-29,9.76,9.83,9.54,9.58,4433285,42699184.00
2015-01-30,9.58,9.82,9.50,9.65,4907708,47525064.00
2015-02-02,9.53,9.64,9.41,9.46,2411426,22902178.00
2015-02-03,9.49,9.66,9.40,9.53,3600103,34435124.00
2015-02-04,9.58,9.60,9.45,9.53,2265832,21552258.00
2015-02-05,9.56,9.59,9.41,9.42,2445253,23201504.00
2015-02-06,9.44,9.50,9.15,9.25,2150019,20156442.00
2015-02-09,9.15,9.43,9.14,9.21,2606285,24311062.00
2015-02-10,9.21,9.28,9.15,9.23,1793119,16482510.00
2015-02-11,9.23,9.58,9.20,9.56,3087940,29239380.00
2015-02-12,9.53,9.66,9.48,9.55,3002830,28690326.00
2015-02-13,9.55,9.84,9.55,9.78,4906663,47835808.00
2015-02-16,9.78,10.05,9.78,9.99,8045582,80292000.00
2015-02-17,9.99,10.02,9.88,9.97,3958760,39309100.00
2015-02-25,10.02,10.07,9.78,9.83,3068526,30316070.00
2015-02-26,9.73,9.89,9.73,9.85,2959400,29004910.00
2015-02-27,9.85,10.06,9.80,10.00,5705067,56760776.00
2015-03-02,10.05,10.30,9.91,10.23,8173400,82754072.00
2015-03-03,10.23,10.42,10.06,10.12,7152839,72985008.00
2015-03-04,10.05,10.19,10.05,10.13,4816374,48762172.00
2015-03-05,10.11,11.09,10.11,10.82,15343008,161776656.00
2015-03-06,10.76,11.62,10.76,11.17,18160062,203918336.00
2015-03-09,10.95,11.57,10.92,11.21,11422536,129357648.00
2015-03-10,11.30,11.38,11.00,11.28,6556101,73453152.00
2015-03-11,11.30,11.70,11.18,11.42,10552862,121057408.00
2015-03-12,11.38,11.48,10.92,11.21,14398765,161032096.00
2015-03-13,11.20,11.33,10.98,11.26,4953983,55095564.00
2015-03-16,11.24,11.59,11.20,11.48,7324876,83500160.00
2015-03-17,11.48,12.00,11.40,11.74,9231306,108058840.00
2015-03-18,11.72,11.88,11.50,11.77,8081416,94481488.00
2015-03-19,11.71,12.43,11.58,12.39,11263008,134741392.00
2015-03-20,12.22,12.44,11.99,12.15,8359369,102013816.00
2015-03-23,12.28,12.58,12.09,12.55,9531663,117781088.00
2015-03-24,12.54,13.00,12.06,12.87,12318675,155272272.00
2015-03-25,12.80,13.58,12.65,13.40,12212756,160816272.00
2015-03-26,13.38,13.53,13.00,13.18,9531529,125740920.00
2015-03-27,13.17,13.18,12.50,12.92,8607025,110262312.00
2015-03-30,12.73,13.07,12.62,12.89,6728178,86324152.00
2015-03-31,12.86,13.09,12.76,12.90,7156603,92287936.00
2015-04-01,12.89,13.28,12.82,13.02,7485423,97904680.00
2015-04-02,13.24,13.80,13.01,13.50,10910195,145735904.00
2015-04-03,13.40,13.50,13.22,13.41,7811427,104043264.00
2015-04-07,13.40,14.00,13.30,13.85,9494558,130620808.00
2015-04-08,13.85,13.94,13.00,13.07,12713037,170126000.00
2015-04-09,13.00,13.00,12.00,12.55,12561000,156847056.00
2015-04-10,12.55,12.85,12.23,12.69,7091849,89754328.00
2015-04-13,12.73,13.44,12.72,13.21,10278898,135030528.00
2015-04-14,13.21,13.78,13.16,13.66,12821178,172561264.00
2015-04-15,13.79,13.79,12.96,13.23,11610541,156183936.00
2015-04-16,13.10,14.55,12.96,14.36,17814823,247646080.00
2015-04-17,14.35,14.50,13.85,13.98,17870401,250679472.00
2015-04-20,13.30,13.54,12.61,13.06,17318191,227793072.00
2015-04-21,12.96,13.43,12.96,13.35,11501000,153076912.00
2015-04-22,13.48,13.95,13.30,13.78,12894500,176415456.00
2015-04-23,13.68,13.76,13.40,13.54,9847100,133475312.00
2015-04-24,13.33,13.95,13.08,13.90,11357731,154532672.00
2015-04-27,13.89,15.29,13.88,15.29,28021283,419913600.00
2015-04-28,15.50,16.18,14.80,15.84,20231887,310981184.00
2015-04-29,15.64,16.98,15.28,16.41,14693287,241708928.00
2015-04-30,16.28,16.47,15.86,16.17,9772760,157479136.00
2015-05-04,16.15,16.15,15.62,15.82,7474048,118763840.00
2015-05-05,15.96,16.44,15.29,15.47,10396864,164763440.00
2015-05-06,15.30,15.75,14.50,14.81,8006409,122292168.00
2015-05-07,14.80,14.86,13.99,14.06,7620839,108558336.00
2015-05-08,14.35,14.95,14.20,14.79,7710586,112390840.00
2015-05-11,15.06,15.78,15.00,15.56,9683742,149424960.00
2015-05-12,15.58,15.82,15.45,15.67,9244940,144721632.00
2015-05-13,15.75,16.62,15.40,16.50,15868271,258782144.00
2015-05-14,16.50,16.75,16.20,16.62,9422784,155034544.00
2015-05-15,16.73,16.78,16.15,16.49,8825185,144856672.00
2015-05-18,16.32,16.63,15.77,16.15,9494641,153812720.00
2015-05-19,15.98,16.32,15.85,16.30,7448024,120062128.00
2015-05-20,16.20,17.60,16.09,17.08,12202369,208338048.00
2015-05-21,16.81,18.79,16.80,18.79,14123870,254626592.00
2015-05-22,19.30,19.94,18.40,18.96,16273815,312742400.00
2015-05-25,18.70,19.45,18.10,19.20,10761413,203991040.00
2015-05-26,19.81,19.81,18.79,19.37,13052758,252844352.00
2015-05-27,19.39,19.39,18.38,18.87,12570447,236723648.00
2015-05-28,18.50,19.30,17.51,17.51,11806375,219790624.00
2015-05-29,17.35,18.27,16.20,17.90,10837071,188558512.00
2015-09-22,17.90,17.90,17.90,17.90,0,0.00
数据来源:通达信
