002463 沪电股份 日线 前复权
      日期	    开盘	    最高	    最低	    收盘	    成交量	    成交额
2010-08-18,7.91,8.74,7.91,8.00,48632817,1003223424.00
2010-08-19,8.04,8.28,7.63,8.09,26044919,529920800.00
2010-08-20,7.81,8.44,7.75,8.00,23141327,476203520.00
2010-08-23,7.91,8.03,7.71,7.73,13297335,261740240.00
2010-08-24,7.71,7.71,7.36,7.50,11403995,216979792.00
2010-08-25,7.42,7.59,7.40,7.47,6146275,116901064.00
2010-08-26,7.47,7.54,7.38,7.40,4964297,93394000.00
2010-08-27,7.41,7.58,7.38,7.53,4379576,83267616.00
2010-08-30,7.55,7.90,7.54,7.83,10119826,198862640.00
2010-08-31,7.71,7.85,7.62,7.74,8029644,156803120.00
2010-09-01,7.73,7.95,7.60,7.69,8956302,176002000.00
2010-09-02,7.77,8.47,7.64,8.17,17531733,357641984.00
2010-09-03,8.16,8.66,8.08,8.29,15338316,323101632.00
2010-09-06,8.20,8.40,7.71,7.79,10228913,205674640.00
2010-09-07,7.81,8.04,7.73,7.91,5316897,106142776.00
2010-09-08,7.91,7.91,7.71,7.79,5477656,107465328.00
2010-09-09,7.79,7.83,7.55,7.56,6234009,120792736.00
2010-09-10,7.59,7.81,7.55,7.77,4597191,89125024.00
2010-09-13,7.76,7.78,7.65,7.68,5276620,102730312.00
2010-09-14,7.74,7.77,7.62,7.71,3428067,66669712.00
2010-09-15,7.74,7.74,7.42,7.42,5347157,101869680.00
2010-09-16,7.42,7.53,7.16,7.20,4656989,85972240.00
2010-09-17,7.22,7.25,7.09,7.16,2199153,40082684.00
2010-09-20,7.16,7.21,6.76,6.83,3635690,64125476.00
2010-09-21,6.83,6.92,6.78,6.92,1765421,30752354.00
2010-09-27,6.98,6.99,6.88,6.99,1792822,31664842.00
2010-09-28,7.00,7.00,6.68,6.71,2936324,50787924.00
2010-09-29,6.69,6.71,6.48,6.55,2794659,46638628.00
2010-10-11,7.24,7.24,7.24,7.24,1010932,18570820.00
2010-10-12,7.51,7.51,7.09,7.10,6661003,123051544.00
2010-10-13,7.09,7.09,6.75,6.91,4498088,78355600.00
2010-10-14,6.88,6.88,6.72,6.73,2858087,49310276.00
2010-10-15,6.67,6.88,6.63,6.70,2921047,50169188.00
2010-10-18,6.65,6.65,6.38,6.60,3250276,54004572.00
2010-10-19,6.59,6.86,6.54,6.85,3345829,57765320.00
2010-10-20,6.72,6.81,6.68,6.77,2825386,48618480.00
2010-10-21,6.84,7.07,6.72,7.04,4636530,81574568.00
2010-10-22,7.01,7.08,6.95,6.97,3064400,54429240.00
2010-10-25,7.01,7.05,6.90,7.00,3160984,56096664.00
2010-10-26,7.00,7.02,6.88,6.91,3217445,56670396.00
2010-10-27,6.92,7.07,6.87,6.98,3628874,64518704.00
2010-10-28,6.97,7.01,6.89,6.98,2345784,41401408.00
2010-10-29,7.00,7.11,6.96,7.08,4454764,79856264.00
2010-11-01,7.11,7.14,7.02,7.12,4543210,81836584.00
2010-11-02,7.13,7.20,6.94,6.97,4503981,81026888.00
2010-11-03,6.95,6.95,6.78,6.78,3166904,55231960.00
2010-11-04,6.78,6.87,6.78,6.85,1854515,32255604.00
2010-11-08,6.93,7.13,6.92,7.13,4529955,81124648.00
2010-11-09,7.15,7.17,7.04,7.09,3618075,65215368.00
2010-11-10,7.09,7.28,7.03,7.23,4803713,87780496.00
2010-11-11,7.19,7.71,7.15,7.41,9758655,183573424.00
2010-11-12,7.46,7.59,7.03,7.21,8705337,160354992.00
2010-11-15,7.14,7.37,7.09,7.33,5966160,109662152.00
2010-11-16,7.35,7.40,7.05,7.06,4683254,85714824.00
2010-11-17,6.96,6.96,6.60,6.65,3118494,54009236.00
2010-11-18,6.67,6.78,6.38,6.76,9424448,157210816.00
2010-11-19,6.73,6.95,6.67,6.90,7056353,122697536.00
2010-11-22,6.86,7.27,6.84,7.04,10742785,192841472.00
2010-11-23,7.00,7.00,6.70,6.85,4660867,81029648.00
2010-11-24,6.81,7.02,6.73,7.00,3989886,70276032.00
2010-11-25,7.00,7.08,6.93,7.00,4891820,87003536.00
2010-11-26,7.00,7.15,6.96,7.07,5266536,94554288.00
2010-11-29,7.08,7.15,7.01,7.09,4319874,77762248.00
2010-11-30,7.08,7.14,6.66,6.80,5824561,101801152.00
2010-12-01,6.78,6.84,6.73,6.80,2015227,34855564.00
2010-12-02,6.88,6.92,6.79,6.85,2759039,48135700.00
2010-12-03,6.86,6.86,6.71,6.79,1945762,33597092.00
2010-12-06,6.80,6.83,6.63,6.66,2507284,42754244.00
2010-12-07,6.66,6.75,6.60,6.74,1909192,32601942.00
2010-12-08,6.76,6.78,6.67,6.68,1654732,28349606.00
2010-12-09,6.68,6.72,6.54,6.55,1794844,30300570.00
2010-12-10,6.55,6.65,6.51,6.64,1320490,22261096.00
2010-12-13,6.65,6.80,6.65,6.79,2229922,38420016.00
2010-12-14,6.82,6.85,6.76,6.83,2249697,38962396.00
2010-12-15,6.86,6.87,6.67,6.78,2362613,40957664.00
2010-12-16,6.76,6.94,6.76,6.88,3103813,54128416.00
2010-12-17,6.86,6.93,6.81,6.93,2235917,39117732.00
2010-12-20,6.93,6.95,6.67,6.77,3066911,53203160.00
2010-12-21,6.80,7.15,6.78,7.09,8188207,146193424.00
2010-12-22,7.06,7.08,6.96,6.98,3919028,69800480.00
2010-12-23,6.96,7.07,6.86,6.88,2745494,48688316.00
2010-12-24,6.88,6.88,6.67,6.70,2981903,51148428.00
2010-12-27,6.68,6.78,6.53,6.56,2155614,36607096.00
2010-12-28,6.56,6.65,6.51,6.57,1798465,30189698.00
2010-12-29,6.57,6.66,6.57,6.63,1321708,22266050.00
2010-12-30,6.64,6.64,6.54,6.58,1378163,23122408.00
2010-12-31,6.61,6.71,6.59,6.70,1627410,27646230.00
2011-01-04,6.70,6.74,6.67,6.73,1852110,31653228.00
2011-01-05,6.73,6.76,6.68,6.69,1573612,26856348.00
2011-01-06,6.68,6.73,6.65,6.65,1417623,24133198.00
2011-01-07,6.65,6.70,6.57,6.61,1887761,31836052.00
2011-01-10,6.62,6.63,6.47,6.49,1619545,27069602.00
2011-01-11,6.47,6.52,6.45,6.51,1117658,18494720.00
2011-01-12,6.51,6.55,6.44,6.52,1152844,19099108.00
2011-01-13,6.56,6.64,6.54,6.57,1227552,20618388.00
2011-01-14,6.54,6.54,6.42,6.42,1374684,22668324.00
2011-01-17,6.42,6.42,6.02,6.05,2084426,32951346.00
2011-01-18,5.95,6.02,5.95,6.00,922771,14150185.00
2011-01-19,6.04,6.10,5.97,6.10,1052651,16277986.00
2011-01-20,6.10,6.10,5.76,5.76,1621580,24524406.00
2011-01-21,5.73,5.84,5.64,5.78,1122421,16606369.00
2011-01-24,5.78,5.78,5.62,5.62,1066044,15613907.00
2011-01-25,5.61,5.66,5.45,5.52,1061004,15075280.00
2011-01-26,5.51,5.63,5.51,5.61,927852,13354313.00
2011-01-28,5.69,5.80,5.67,5.80,1898692,28064056.00
2011-01-31,5.76,5.85,5.74,5.83,1099082,16390584.00
2011-02-01,5.83,5.85,5.78,5.81,843924,12576055.00
2011-02-09,5.80,5.87,5.80,5.82,901613,13482208.00
2011-02-10,5.80,6.00,5.77,5.97,1404245,21246908.00
2011-02-11,5.97,6.06,5.97,6.02,1551093,23919596.00
2011-02-14,6.04,6.09,5.98,6.07,1897037,29342664.00
2011-02-15,6.08,6.12,6.02,6.02,1960049,30421892.00
2011-02-16,6.01,6.14,5.99,6.14,1579054,24599274.00
2011-02-17,6.13,6.19,6.09,6.16,1833816,28811402.00
2011-02-18,6.17,6.18,6.04,6.04,1486570,23160508.00
2011-02-21,6.01,6.12,5.98,6.12,1319363,20485152.00
2011-02-22,6.12,6.15,5.89,5.91,1939106,29880484.00
2011-02-23,5.91,5.99,5.86,5.97,1145686,17447340.00
2011-02-24,5.97,6.02,5.94,6.00,1302445,19946474.00
2011-02-25,5.99,6.06,5.93,6.03,1423549,21888888.00
2011-02-28,6.04,6.23,6.04,6.18,2470087,39016856.00
2011-03-01,6.20,6.21,6.10,6.18,1885192,29729166.00
2011-03-02,6.17,6.17,6.07,6.14,1430527,22369872.00
2011-03-03,6.14,6.16,6.01,6.02,1316340,20501258.00
2011-03-04,6.01,6.11,6.01,6.09,978597,15182048.00
2011-03-07,6.09,6.18,6.08,6.16,1701506,26761868.00
2011-03-08,6.16,6.25,6.14,6.24,2207569,34971604.00
2011-03-09,6.26,6.30,6.20,6.21,1866717,29754936.00
2011-03-10,6.22,6.23,6.14,6.20,1667974,26407848.00
2011-03-11,6.24,6.51,6.24,6.40,6484138,105940120.00
2011-03-14,6.44,6.53,6.34,6.41,3520767,57677648.00
2011-03-15,6.42,6.43,6.18,6.25,2971616,47559128.00
2011-03-16,6.27,6.36,6.26,6.33,1983404,32085112.00
2011-03-17,6.28,6.28,6.15,6.17,1879795,29795470.00
2011-03-18,6.20,6.26,6.17,6.22,1070371,17000582.00
2011-03-21,6.22,6.25,6.18,6.22,794361,12620485.00
2011-03-22,6.25,6.25,6.11,6.22,1057874,16734380.00
2011-03-23,6.22,6.52,6.18,6.50,5132299,83958680.00
2011-03-24,6.49,6.52,6.40,6.41,3957159,65141308.00
2011-03-25,6.44,6.45,6.37,6.40,1751992,28621864.00
2011-03-28,6.41,6.49,6.30,6.30,2508678,40773096.00
2011-03-29,6.27,6.33,6.22,6.23,1865619,29883084.00
2011-03-30,6.23,6.27,6.14,6.18,1236749,19607904.00
2011-03-31,6.18,6.24,6.06,6.06,1391986,21840150.00
2011-04-01,6.05,6.14,6.04,6.12,857648,13349672.00
2011-04-06,6.11,6.14,6.07,6.09,864587,13510921.00
2011-04-07,6.09,6.19,6.06,6.17,998203,15609127.00
2011-04-11,6.22,6.25,6.11,6.12,1334747,21100758.00
2011-04-12,6.09,6.14,6.06,6.07,1096897,17076052.00
2011-04-13,6.07,6.15,6.00,6.15,962470,14943684.00
2011-04-14,6.15,6.15,6.09,6.11,758836,11880961.00
2011-04-15,6.10,6.11,6.02,6.07,1018004,15789253.00
2011-04-18,6.06,6.06,6.01,6.02,965539,14900702.00
2011-04-19,6.03,6.03,5.90,5.92,1391126,21159132.00
2011-04-20,5.93,5.99,5.92,5.97,624449,9539086.00
2011-04-21,5.97,6.04,5.97,6.04,917450,14117694.00
2011-04-22,6.04,6.13,5.97,6.11,1695226,26268826.00
2011-04-25,6.11,6.16,6.00,6.00,1445063,22536026.00
2011-04-26,6.01,6.04,5.75,5.85,1302442,19576436.00
2011-04-27,5.84,5.87,5.68,5.73,664598,9868997.00
2011-04-28,5.74,5.79,5.45,5.51,1447902,20804390.00
2011-04-29,5.51,5.59,5.51,5.58,623859,8915564.00
2011-05-03,5.59,5.64,5.56,5.64,432325,6236394.00
2011-05-04,5.64,5.66,5.47,5.50,686256,9835606.00
2011-05-05,5.56,5.59,5.45,5.52,491314,6976917.50
2011-05-06,5.51,5.58,5.48,5.54,386540,5504481.50
2011-05-09,5.54,5.61,5.54,5.59,303255,4359409.50
2011-05-10,5.61,5.61,5.56,5.61,389772,5605417.50
2011-05-11,5.61,5.64,5.58,5.60,462871,6673946.00
2011-05-12,5.60,5.67,5.56,5.56,580924,8371306.00
2011-05-13,5.56,5.71,5.56,5.71,858450,12449689.00
2011-05-16,5.71,5.84,5.66,5.70,1067157,15726778.00
2011-05-17,5.71,5.76,5.66,5.69,735970,10773594.00
2011-05-18,5.70,5.74,5.69,5.73,506771,7455256.00
2011-05-19,5.74,5.78,5.67,5.68,738795,10857391.00
2011-05-20,5.51,5.67,5.51,5.53,806996,9531747.00
2011-05-23,5.53,5.53,5.19,5.19,1144910,12903178.00
2011-05-24,5.18,5.28,5.18,5.25,687398,7627428.50
2011-05-25,5.23,5.25,5.05,5.08,629833,6908197.50
2011-05-26,5.08,5.15,5.00,5.00,619775,6668969.50
2011-05-27,5.04,5.04,4.67,4.71,1423999,14479582.00
2011-05-30,4.70,4.83,4.65,4.79,1019597,10360546.00
2011-05-31,4.69,4.88,4.69,4.84,637902,6563542.00
2011-06-01,4.84,5.00,4.80,4.95,984258,10257662.00
2011-06-02,4.90,4.99,4.88,4.94,968472,10150838.00
2011-06-03,4.97,5.04,4.93,5.04,643834,6831068.00
2011-06-07,5.01,5.16,4.98,5.13,945651,10265316.00
2011-06-08,5.13,5.13,5.04,5.11,494342,5330607.00
2011-06-09,5.11,5.53,5.09,5.31,5949729,66877152.00
2011-06-10,5.21,5.28,5.04,5.23,3014372,33011476.00
2011-06-13,5.13,5.36,5.08,5.26,1775341,19396754.00
2011-06-14,5.26,5.42,5.04,5.04,3896306,42763400.00
2011-06-15,5.04,5.08,4.89,4.90,1988951,20933500.00
2011-06-16,4.88,4.88,4.70,4.70,1167228,11906003.00
2011-06-17,4.76,4.83,4.68,4.76,842625,8548736.00
2011-06-20,4.74,4.80,4.69,4.78,633097,6407056.00
2011-06-21,4.78,4.85,4.75,4.84,894570,9128480.00
2011-06-22,4.84,4.85,4.72,4.78,776175,7894709.50
2011-06-23,4.74,4.90,4.74,4.88,1093729,11287526.00
2011-06-24,4.89,5.02,4.86,5.00,1546192,16322436.00
2011-06-27,5.01,5.07,4.97,5.04,1570456,16774807.00
2011-06-28,4.97,5.08,4.97,5.05,1219436,13062100.00
2011-06-29,5.03,5.08,4.93,4.95,1521130,16238770.00
2011-06-30,4.95,5.02,4.94,5.00,828604,8797643.00
2011-07-01,5.03,5.08,4.99,5.05,1233554,13193651.00
2011-07-04,5.03,5.14,5.03,5.13,1529039,16602188.00
2011-07-05,5.15,5.15,5.08,5.13,1303229,14149686.00
2011-07-06,5.10,5.13,5.05,5.13,1265780,13689637.00
2011-07-07,5.13,5.18,5.10,5.10,1554007,16941786.00
2011-07-08,5.10,5.10,5.01,5.04,1228290,13168172.00
2011-07-11,5.02,5.11,5.02,5.10,1099393,11847937.00
2011-07-12,5.04,5.10,5.02,5.02,1104486,11848501.00
2011-07-13,5.02,5.19,5.00,5.17,1777839,19305238.00
2011-07-14,5.17,5.26,5.17,5.26,2371930,26301230.00
2011-07-15,5.23,5.31,5.21,5.27,1463804,16335806.00
2011-07-18,5.30,5.30,5.19,5.21,1236807,13768879.00
2011-07-19,5.18,5.18,5.09,5.10,1097095,11912567.00
2011-07-20,5.13,5.20,5.09,5.17,940075,10264240.00
2011-07-21,5.09,5.17,5.06,5.06,926568,10009987.00
2011-07-22,5.08,5.12,5.01,5.02,1070211,11505079.00
2011-07-25,5.02,5.02,4.78,4.79,1511659,15637379.00
2011-07-26,4.81,4.84,4.77,4.81,502204,5133854.50
2011-07-28,4.82,4.91,4.82,4.86,1135787,11766683.00
2011-07-29,4.86,4.86,4.78,4.79,879552,9000019.00
2011-08-01,4.78,4.84,4.70,4.84,780571,7977661.00
2011-08-02,4.83,4.83,4.73,4.79,712008,7228712.00
2011-08-03,4.76,5.06,4.74,5.05,3431330,36304364.00
2011-08-04,5.04,5.11,4.91,4.97,1793859,19048196.00
2011-08-05,4.83,4.90,4.76,4.82,1060919,10937493.00
2011-08-08,4.76,4.79,4.39,4.46,1735160,17023112.00
2011-08-09,4.36,4.47,4.27,4.41,1645829,15295883.00
2011-08-10,4.46,4.53,4.43,4.44,985823,9441433.00
2011-08-11,4.33,4.51,4.30,4.50,1295663,12262897.00
2011-08-12,4.53,4.61,4.51,4.55,1074167,10482514.00
2011-08-15,4.59,4.62,4.54,4.61,1270447,12417910.00
2011-08-16,4.62,4.62,4.54,4.57,966749,9430133.00
2011-08-17,4.54,4.56,4.48,4.50,1076442,10384577.00
2011-08-18,4.35,4.96,4.35,4.65,4888205,49525604.00
2011-08-19,4.44,4.55,4.34,4.40,4745858,44984272.00
2011-08-22,4.34,4.48,4.34,4.43,4585011,43250328.00
2011-08-23,4.47,4.48,4.36,4.46,5228021,49219808.00
2011-08-24,4.47,4.49,4.38,4.40,6545916,61848452.00
2011-08-25,4.40,4.50,4.25,4.48,10216544,95595960.00
2011-08-26,4.44,4.64,4.41,4.62,12443285,120338784.00
2011-08-29,4.59,4.80,4.55,4.65,12231693,121905112.00
2011-08-30,4.68,4.78,4.65,4.75,12214381,122503840.00
2011-08-31,4.75,4.77,4.65,4.69,6955262,69826848.00
2011-09-01,4.70,4.73,4.56,4.63,8327900,82109320.00
2011-09-02,4.61,4.64,4.47,4.55,4812064,46717832.00
2011-09-05,4.50,4.50,4.38,4.39,3007355,28581040.00
2011-09-06,4.37,4.37,4.16,4.17,6003219,54661132.00
2011-09-07,4.18,4.28,4.15,4.27,3881675,35130276.00
2011-09-08,4.29,4.32,4.19,4.21,2924007,26771206.00
2011-09-09,4.20,4.28,4.19,4.23,2081595,18844630.00
2011-09-13,4.15,4.18,4.03,4.06,2835946,24952298.00
2011-09-14,4.09,4.16,4.03,4.16,1851981,16332168.00
2011-09-15,4.17,4.23,4.14,4.21,2525845,22749446.00
2011-09-16,4.22,4.24,4.18,4.20,1884741,17006214.00
2011-09-19,4.19,4.19,4.09,4.10,1335896,11820412.00
2011-09-20,4.10,4.15,4.05,4.12,1326968,11718641.00
2011-09-21,4.12,4.25,4.10,4.25,3491735,31508742.00
2011-09-22,4.21,4.23,4.07,4.07,2843747,25342344.00
2011-09-23,4.01,4.04,3.96,4.01,1997428,17175630.00
2011-09-26,3.99,4.07,3.95,3.96,1628789,14051153.00
2011-09-27,4.03,4.06,3.94,3.98,1297430,11147722.00
2011-09-28,4.02,4.03,3.91,3.91,1391101,11892972.00
2011-09-29,3.91,3.92,3.81,3.81,1918773,15967062.00
2011-09-30,3.82,3.87,3.79,3.85,1041605,8611385.00
2011-10-10,3.87,3.87,3.81,3.84,870862,7208807.00
2011-10-11,3.90,3.97,3.79,3.79,1455034,12203306.00
2011-10-12,3.79,3.92,3.74,3.92,3425918,28471794.00
2011-10-13,3.92,4.00,3.88,3.97,4664122,39739188.00
2011-10-14,3.94,4.00,3.91,3.98,4205182,35837592.00
2011-10-17,3.98,3.99,3.90,3.91,3770380,31997160.00
2011-10-18,3.88,3.90,3.72,3.74,3362601,27685594.00
2011-10-19,3.75,3.78,3.69,3.71,1702802,13732654.00
2011-10-20,3.70,3.71,3.50,3.52,2820849,21867508.00
2011-10-21,3.52,3.56,3.39,3.39,2846272,21401384.00
2011-10-24,3.40,3.49,3.31,3.46,2311789,17175976.00
2011-10-25,3.45,3.56,3.40,3.55,3791513,28860122.00
2011-10-26,3.51,3.62,3.51,3.56,4167680,32272344.00
2011-10-27,3.56,3.59,3.52,3.53,3815821,29417876.00
2011-10-28,3.57,3.66,3.56,3.60,6592680,51507132.00
2011-10-31,3.61,3.64,3.59,3.63,4567231,35817112.00
2011-11-01,3.60,3.67,3.59,3.63,4490804,35306816.00
2011-11-02,3.59,3.74,3.49,3.74,8188456,64338480.00
2011-11-03,3.74,3.93,3.73,3.81,9980997,82768984.00
2011-11-04,3.83,3.85,3.78,3.80,6096400,50180516.00
2011-11-07,3.79,3.91,3.76,3.89,6265330,52075236.00
2011-11-09,3.95,3.98,3.78,3.88,8527305,71006368.00
2011-11-10,3.79,3.89,3.79,3.82,4574492,37943488.00
2011-11-11,3.82,3.88,3.81,3.84,2786486,23094282.00
2011-11-14,3.88,3.94,3.86,3.92,10265704,86176192.00
2011-11-15,3.91,3.92,3.86,3.87,7132186,59675656.00
2011-11-16,3.88,3.88,3.75,3.77,6849797,56453456.00
2011-11-17,3.76,3.85,3.76,3.79,3392352,27844244.00
2011-11-18,3.77,3.80,3.58,3.60,4411503,35080956.00
2011-11-21,3.61,3.66,3.58,3.64,1711429,13448402.00
2011-11-22,3.60,3.66,3.58,3.62,1204869,9444624.00
2011-11-23,3.61,3.66,3.60,3.61,1872956,14738048.00
2011-11-24,3.59,3.69,3.54,3.65,2488409,19477198.00
2011-11-25,3.65,3.69,3.59,3.61,1680790,13245065.00
2011-11-28,3.63,3.65,3.54,3.56,1746189,13559459.00
2011-11-29,3.59,3.63,3.55,3.62,2473353,19252804.00
2011-11-30,3.62,3.63,3.36,3.39,3036014,23024960.00
2011-12-01,3.51,3.53,3.43,3.44,2744750,20839624.00
2011-12-02,3.42,3.46,3.37,3.42,1650025,12247856.00
2011-12-05,3.42,3.42,3.33,3.34,1374430,10096589.00
2011-12-06,3.32,3.40,3.32,3.35,1044334,7638284.00
2011-12-07,3.37,3.38,3.33,3.34,1207438,8813292.00
2011-12-08,3.35,3.38,3.29,3.33,1851743,13472980.00
2011-12-09,3.32,3.36,3.29,3.33,1019124,7400082.00
2011-12-12,3.34,3.38,3.31,3.37,2059519,15053053.00
2011-12-13,3.35,3.35,3.22,3.22,1753375,12541869.00
2011-12-14,3.24,3.29,3.21,3.21,2206287,15649955.00
2011-12-15,3.23,3.23,3.11,3.11,2007185,13895536.00
2011-12-16,3.14,3.29,3.14,3.27,2002055,13996219.00
2011-12-19,3.27,3.33,3.15,3.31,2181321,15415108.00
2011-12-20,3.27,3.38,3.25,3.28,2072322,15013815.00
2011-12-21,3.30,3.34,3.20,3.22,1562541,11221388.00
2011-12-22,3.15,3.20,3.05,3.13,2688987,18394038.00
2011-12-23,3.11,3.20,3.06,3.12,2124393,14617252.00
2011-12-26,3.10,3.16,3.09,3.10,1277646,8748881.00
2011-12-27,3.10,3.17,2.97,2.98,2501955,16803830.00
2011-12-28,2.97,2.98,2.88,2.96,2217198,14303760.00
2011-12-29,2.94,2.99,2.88,2.96,1334386,8692242.00
2011-12-30,2.97,3.03,2.94,3.00,1526162,10045334.00
2012-01-04,3.02,3.05,2.87,2.87,2012404,13147823.00
2012-01-05,2.84,2.86,2.73,2.73,1830694,11305151.00
2012-01-06,2.71,2.76,2.64,2.75,1921484,11495770.00
2012-01-09,2.72,2.88,2.70,2.88,2239172,13938032.00
2012-01-10,2.86,3.02,2.85,3.01,3350185,21818336.00
2012-01-11,3.00,3.05,2.97,3.00,3113445,20581248.00
2012-01-12,2.98,3.06,2.98,3.02,2525208,16738172.00
2012-01-13,2.99,3.04,2.85,2.85,2650736,17067062.00
2012-01-16,2.81,2.83,2.75,2.75,1596560,9846559.00
2012-01-17,2.75,2.95,2.75,2.95,2312837,14669330.00
2012-01-18,2.93,3.01,2.89,2.90,2871798,18669930.00
2012-01-19,2.89,2.96,2.89,2.94,1501076,9674011.00
2012-01-20,2.96,3.04,2.95,3.02,2513718,16577372.00
2012-01-30,3.02,3.11,2.99,3.00,3125524,20973354.00
2012-01-31,3.00,3.04,2.98,3.02,1011941,6691365.50
2012-02-01,3.02,3.06,3.00,3.03,1460865,9722070.00
2012-02-02,3.05,3.10,3.02,3.09,1858684,12488506.00
2012-02-03,3.12,3.16,3.07,3.14,2481732,16971994.00
2012-02-07,3.13,3.15,3.01,3.04,2986481,20071646.00
2012-02-08,3.04,3.25,3.02,3.24,5689457,39404192.00
2012-02-09,3.21,3.36,3.18,3.33,6120387,43929168.00
2012-02-10,3.32,3.35,3.26,3.35,3906200,28234618.00
2012-02-13,3.30,3.44,3.29,3.37,3829921,28199372.00
2012-02-14,3.35,3.39,3.29,3.30,3159555,22909378.00
2012-02-15,3.30,3.52,3.28,3.48,9063393,67665168.00
2012-02-16,3.47,3.52,3.36,3.43,5417622,40480760.00
2012-02-17,3.42,3.50,3.38,3.43,3988504,29894546.00
2012-02-20,3.47,3.47,3.33,3.34,4866039,36079304.00
2012-02-21,3.34,3.41,3.30,3.41,2462154,18022760.00
2012-02-22,3.42,3.58,3.41,3.56,6971951,53314696.00
2012-02-23,3.54,3.57,3.47,3.53,4304248,32956270.00
2012-02-24,3.53,3.58,3.48,3.54,3930353,30122208.00
2012-02-27,3.57,3.59,3.49,3.49,6354186,48956060.00
2012-02-28,3.47,3.49,3.40,3.44,4609362,34433432.00
2012-02-29,3.43,3.45,3.35,3.38,3378348,25105394.00
2012-03-01,3.38,3.51,3.36,3.45,3917999,29425370.00
2012-03-02,3.46,3.54,3.43,3.54,4284595,32654578.00
2012-03-05,3.55,3.77,3.55,3.73,13010190,104100552.00
2012-03-06,3.70,3.71,3.55,3.62,12601163,99114672.00
2012-03-07,3.56,3.71,3.55,3.64,7052359,55793032.00
2012-03-08,3.66,3.74,3.63,3.73,8888267,70499896.00
2012-03-09,3.71,3.87,3.70,3.83,12428194,101833664.00
2012-03-12,3.84,3.89,3.74,3.79,8774720,72247480.00
2012-03-13,3.80,3.82,3.70,3.81,7466288,60670404.00
2012-03-14,3.81,3.83,3.54,3.58,11144774,89257880.00
2012-03-15,3.59,3.63,3.44,3.47,6411428,48915552.00
2012-03-16,3.48,3.57,3.44,3.57,4801626,36676268.00
2012-03-19,3.57,3.71,3.56,3.71,5098685,40129340.00
2012-03-20,3.69,3.69,3.57,3.58,3792875,29779848.00
2012-03-21,3.57,3.62,3.49,3.57,4156880,32164242.00
2012-03-22,3.57,3.58,3.51,3.55,2960057,22783752.00
2012-03-23,3.58,3.59,3.44,3.46,3494525,26545454.00
2012-03-27,3.49,3.54,3.46,3.46,2739411,20831146.00
2012-03-28,3.42,3.45,3.22,3.23,4159087,30010034.00
2012-03-29,3.21,3.31,3.20,3.26,3345005,23804904.00
2012-03-30,3.27,3.30,3.15,3.19,2086143,14729204.00
2012-04-05,3.20,3.33,3.20,3.32,2437813,17415350.00
2012-04-06,3.32,3.38,3.31,3.37,2846498,20804024.00
2012-04-09,3.37,3.43,3.32,3.32,3006794,22091190.00
2012-04-10,3.33,3.35,3.24,3.35,2656720,13432993.00
2012-04-11,3.31,3.40,3.28,3.36,3159844,16258317.00
2012-04-12,3.38,3.44,3.29,3.43,5047527,26129586.00
2012-04-13,3.44,3.47,3.40,3.42,3028298,15930900.00
2012-04-16,3.38,3.45,3.35,3.42,2490633,12980853.00
2012-04-17,3.44,3.45,3.35,3.36,2300846,11982663.00
2012-04-18,3.37,3.44,3.32,3.42,3805114,19811970.00
2012-04-19,3.40,3.44,3.37,3.40,3767665,19632698.00
2012-04-20,3.39,3.40,3.32,3.36,5221207,26920870.00
2012-04-23,3.36,3.36,3.22,3.24,6112316,30818306.00
2012-04-24,3.24,3.28,3.16,3.21,4632120,22925252.00
2012-04-25,3.22,3.26,3.19,3.24,3058142,15199966.00
2012-04-26,3.26,3.31,3.23,3.28,4077732,20488846.00
2012-04-27,3.27,3.28,3.24,3.24,2360234,11845926.00
2012-05-02,3.30,3.33,3.26,3.33,4326069,21972996.00
2012-05-03,3.33,3.33,3.29,3.31,2792860,14204862.00
2012-05-04,3.31,3.34,3.30,3.34,3942619,20113874.00
2012-05-07,3.33,3.34,3.28,3.31,2700894,13726933.00
2012-05-08,3.33,3.33,3.29,3.31,2768918,14078987.00
2012-05-09,3.30,3.30,3.22,3.23,2608032,13039970.00
2012-05-10,3.23,3.26,3.22,3.23,1450066,7224207.00
2012-05-11,3.23,3.24,3.18,3.18,2403064,11867671.00
2012-05-14,3.22,3.26,3.19,3.20,2297224,11397215.00
2012-05-15,3.19,3.21,3.17,3.21,1529673,7512790.50
2012-05-16,3.20,3.21,3.17,3.17,1210306,5938093.00
2012-05-17,3.16,3.24,3.16,3.22,1551855,7663087.50
2012-05-18,3.21,3.23,3.09,3.10,3286823,15935328.00
2012-05-21,3.10,3.13,3.06,3.08,1543591,7362920.00
2012-05-22,3.10,3.11,3.09,3.10,1728416,8267195.50
2012-05-23,3.10,3.11,2.99,3.02,3359828,15785131.00
2012-05-24,3.01,3.03,2.98,2.99,1573873,7329283.00
2012-05-25,2.99,3.01,2.98,2.99,1460831,6759996.00
2012-05-28,2.98,3.05,2.90,3.04,2653406,12176768.00
2012-05-29,3.03,3.08,3.00,3.08,2012317,9508394.00
2012-05-30,3.06,3.10,3.05,3.07,1482406,7021785.00
2012-05-31,3.04,3.10,3.04,3.08,1607271,7621264.50
2012-06-01,3.09,3.11,3.05,3.07,1761280,8357375.50
2012-06-04,2.99,3.03,2.94,2.94,2030503,9368885.00
2012-06-05,2.95,2.96,2.90,2.90,2333565,10564304.00
2012-06-06,2.91,2.96,2.85,2.90,2708328,12191580.00
2012-06-07,2.94,2.96,2.87,2.88,1845874,8324626.50
2012-06-08,2.92,2.92,2.86,2.87,1319704,5909375.00
2012-06-11,2.87,2.92,2.84,2.92,1616822,7238458.00
2012-06-12,2.89,2.92,2.87,2.89,1095664,4914491.00
2012-06-13,2.89,2.93,2.88,2.93,2026650,9150178.00
2012-06-14,2.92,2.94,2.90,2.91,1711958,7746828.00
2012-06-15,2.90,2.94,2.88,2.92,1600479,7219843.00
2012-06-18,2.92,2.95,2.92,2.94,1412231,6421945.00
2012-06-19,2.92,2.94,2.90,2.91,1102169,4987089.00
2012-06-20,2.91,2.95,2.91,2.94,1875043,8530027.00
2012-06-21,2.92,2.93,2.88,2.88,1504854,6758031.50
2012-06-25,2.88,2.89,2.80,2.81,1515154,6693544.00
2012-06-26,2.81,2.82,2.77,2.81,1192223,5189913.50
2012-06-27,2.81,2.86,2.78,2.81,1748321,7665992.50
2012-06-28,2.81,2.83,2.77,2.78,1236600,5391110.00
2012-06-29,2.77,2.90,2.74,2.88,3100773,13669429.00
2012-07-02,2.90,2.92,2.86,2.87,1641932,7344838.00
2012-07-03,2.88,2.91,2.83,2.86,1769265,7895826.00
2012-07-04,2.95,2.97,2.87,2.88,3961279,17910340.00
2012-07-05,2.86,2.86,2.76,2.79,3229964,14064929.00
2012-07-06,2.81,2.88,2.73,2.85,2853681,12406044.00
2012-07-09,2.83,2.85,2.74,2.75,1661050,7211108.50
2012-07-10,2.73,2.74,2.69,2.73,1418042,5995446.50
2012-07-11,2.71,2.76,2.71,2.74,658955,2809636.25
2012-07-12,2.74,2.78,2.71,2.78,1379724,5904555.50
2012-07-13,2.77,2.77,2.73,2.74,972418,4155800.50
2012-07-16,2.74,2.74,2.56,2.56,2374968,9787139.00
2012-07-17,2.56,2.60,2.56,2.58,986550,3979346.75
2012-07-18,2.58,2.61,2.56,2.60,1627085,6571986.00
2012-07-19,2.58,2.65,2.58,2.63,2176465,8920621.00
2012-07-20,2.61,2.66,2.60,2.62,1478143,6079976.50
2012-07-23,2.60,2.60,2.55,2.56,1437897,5773860.00
2012-07-24,2.55,2.61,2.53,2.59,1120360,4524982.50
2012-07-25,2.58,2.60,2.56,2.56,1003657,4047433.25
2012-07-26,2.56,2.61,2.56,2.56,1337777,5412670.50
2012-07-27,2.57,2.60,2.56,2.57,772254,3111755.75
2012-07-30,2.58,2.59,2.55,2.56,1038077,4166561.25
2012-07-31,2.56,2.57,2.52,2.53,1099975,4367938.50
2012-08-01,2.53,2.58,2.53,2.56,1298199,5199485.50
2012-08-02,2.56,2.57,2.52,2.56,1286014,5129365.00
2012-08-03,2.54,2.61,2.54,2.60,1288322,5200345.50
2012-08-06,2.59,2.65,2.58,2.64,1997141,8166870.50
2012-08-07,2.63,2.67,2.61,2.66,2036820,8413344.00
2012-08-08,2.66,2.73,2.63,2.72,4057489,16990404.00
2012-08-09,2.71,2.82,2.67,2.81,6583691,28244640.00
2012-08-10,2.79,2.86,2.78,2.78,4050952,17720740.00
2012-08-13,2.78,2.78,2.71,2.71,3207747,13720843.00
2012-08-14,2.71,2.80,2.71,2.80,2526786,10840492.00
2012-08-15,2.78,2.78,2.72,2.74,1874921,8019099.00
2012-08-16,2.73,2.76,2.72,2.73,1063806,4541803.00
2012-08-17,2.73,2.75,2.71,2.75,771555,3276583.25
2012-08-20,2.74,2.75,2.71,2.75,965071,4099743.75
2012-08-21,2.75,2.83,2.72,2.82,3471097,15112103.00
2012-08-22,2.82,2.83,2.76,2.76,1918772,8337370.50
2012-08-23,2.76,2.81,2.74,2.79,1376631,5938934.00
2012-08-24,2.78,2.82,2.72,2.73,1757290,7557665.50
2012-08-27,2.72,2.72,2.61,2.63,2400414,9913437.00
2012-08-28,2.63,2.67,2.61,2.63,1072056,4426033.00
2012-08-29,2.63,2.70,2.63,2.65,1423518,5922771.50
2012-08-30,2.65,2.68,2.58,2.63,1609303,6622635.50
2012-08-31,2.63,2.66,2.60,2.63,734537,3018072.50
2012-09-03,2.60,2.69,2.60,2.68,1953423,8129891.00
2012-09-04,2.67,2.71,2.66,2.67,1369667,5732097.50
2012-09-05,2.66,2.74,2.65,2.73,2802158,11801979.00
2012-09-06,2.73,2.82,2.72,2.82,3964660,17126944.00
2012-09-07,2.87,2.94,2.86,2.88,9122436,41015268.00
2012-09-10,2.85,2.91,2.84,2.88,3570591,15957979.00
2012-09-11,2.86,2.94,2.85,2.94,5159709,23327468.00
2012-09-12,2.94,2.96,2.88,2.93,3060660,13819044.00
2012-09-13,2.93,2.94,2.84,2.85,2618461,11694346.00
2012-09-14,2.87,2.89,2.82,2.86,2166745,9602422.00
2012-09-17,2.86,2.88,2.77,2.77,2180235,9532935.00
2012-09-18,2.77,2.79,2.72,2.76,1914935,8211401.50
2012-09-19,2.76,2.81,2.76,2.80,1353475,5855529.50
2012-09-20,2.79,2.79,2.71,2.72,1636497,6982243.50
2012-09-21,2.72,2.74,2.65,2.65,1415512,5945957.50
2012-09-24,2.65,2.67,2.60,2.66,2011068,8271465.50
2012-09-25,2.65,2.67,2.62,2.63,806520,3324919.75
2012-09-26,2.63,2.65,2.56,2.57,1780755,7205696.50
2012-09-27,2.58,2.66,2.56,2.61,3257445,13248726.00
2012-09-28,2.60,2.68,2.57,2.67,3524393,14459487.00
2012-10-08,2.67,2.68,2.63,2.64,1394690,5764467.00
2012-10-09,2.65,2.72,2.65,2.72,2354210,9870061.00
2012-10-10,2.70,2.77,2.69,2.75,2375609,10130427.00
2012-10-11,2.74,2.77,2.69,2.70,1749370,7435553.00
2012-10-12,2.72,2.74,2.63,2.69,2069955,8637120.00
2012-10-15,2.69,2.69,2.61,2.66,1580288,6516976.00
2012-10-16,2.67,2.69,2.64,2.65,1281647,5327451.00
2012-10-17,2.67,2.67,2.58,2.64,3818645,15622359.00
2012-10-18,2.64,2.71,2.63,2.69,3504518,14647475.00
2012-10-19,2.69,2.69,2.66,2.69,1674889,7001168.50
2012-10-22,2.69,2.74,2.67,2.74,2212347,9343482.00
2012-10-23,2.74,2.74,2.69,2.69,1708231,7203188.00
2012-10-24,2.67,2.74,2.67,2.72,2058538,8685660.00
2012-10-25,2.72,2.76,2.69,2.71,2761998,11722603.00
2012-10-26,2.69,2.70,2.60,2.62,2865193,11818800.00
2012-10-29,2.63,2.65,2.59,2.61,937553,3835797.00
2012-10-30,2.64,2.65,2.61,2.63,954008,3907225.75
2012-10-31,2.63,2.65,2.61,2.65,1154799,4744154.50
2012-11-01,2.65,2.71,2.64,2.69,2422078,10123463.00
2012-11-02,2.71,2.71,2.66,2.71,1659371,6957753.50
2012-11-05,2.69,2.74,2.68,2.69,1811133,7640242.00
2012-11-06,2.69,2.71,2.64,2.69,1906192,7934951.00
2012-11-07,2.68,2.69,2.65,2.66,1232582,5129705.00
2012-11-08,2.65,2.65,2.58,2.58,2230197,9092800.00
2012-11-09,2.58,2.61,2.58,2.61,748929,3038167.75
2012-11-12,2.60,2.63,2.60,2.61,1113334,4546795.00
2012-11-13,2.61,2.62,2.57,2.58,1474185,5971836.50
2012-11-14,2.58,2.61,2.58,2.60,753936,3054220.00
2012-11-15,2.60,2.62,2.56,2.56,952123,3859074.00
2012-11-16,2.56,2.58,2.51,2.53,1334471,5286118.00
2012-11-19,2.53,2.60,2.52,2.60,1032557,4134731.00
2012-11-20,2.60,2.60,2.56,2.59,1244515,5029414.00
2012-11-21,2.58,2.63,2.58,2.63,1867151,7615780.50
2012-11-22,2.62,2.64,2.59,2.61,1351535,5526784.00
2012-11-23,2.60,2.63,2.60,2.61,1071922,4375566.50
2012-11-26,2.60,2.62,2.56,2.58,718944,2907063.75
2012-11-27,2.57,2.57,2.49,2.51,1796619,7089809.00
2012-11-28,2.49,2.51,2.47,2.49,1022541,3988087.75
2012-11-29,2.51,2.52,2.47,2.47,797491,3121245.25
2012-11-30,2.48,2.51,2.47,2.51,865010,3374836.00
2012-12-03,2.49,2.53,2.47,2.51,1129430,4435540.00
2012-12-04,2.50,2.53,2.46,2.52,798080,3121298.00
2012-12-05,2.50,2.64,2.50,2.60,3975469,16074778.00
2012-12-06,2.61,2.61,2.57,2.58,1527568,6183056.50
2012-12-07,2.58,2.64,2.57,2.64,3083221,12618093.00
2012-12-10,2.66,2.66,2.63,2.65,2760164,11393434.00
2012-12-11,2.63,2.65,2.60,2.63,1730299,7110453.50
2012-12-12,2.60,2.65,2.60,2.63,1341783,5499677.00
2012-12-13,2.63,2.65,2.58,2.59,1595680,6496063.00
2012-12-14,2.58,2.69,2.58,2.69,5653628,23455224.00
2012-12-17,2.71,2.74,2.69,2.70,3911620,16544471.00
2012-12-18,2.69,2.76,2.67,2.73,4625580,19615314.00
2012-12-19,2.73,2.85,2.72,2.77,7567296,32765728.00
2012-12-20,2.76,2.78,2.72,2.76,3939512,16859142.00
2012-12-21,2.76,2.81,2.75,2.78,3450454,14927242.00
2012-12-24,2.78,2.78,2.71,2.74,2338336,10000348.00
2012-12-25,2.74,2.89,2.72,2.85,6852161,29932980.00
2012-12-26,2.84,2.92,2.81,2.88,6034602,26785696.00
2012-12-27,2.88,2.92,2.83,2.84,3604414,16023980.00
2012-12-28,2.85,2.87,2.81,2.85,2943817,12938614.00
2012-12-31,2.85,2.86,2.81,2.85,2871188,12656534.00
2013-01-04,2.86,2.92,2.80,2.86,4609661,20468340.00
2013-01-07,2.87,2.89,2.85,2.88,3320173,14755306.00
2013-01-08,2.88,2.93,2.85,2.91,3940188,17714850.00
2013-01-09,2.90,2.92,2.87,2.90,3524535,15787204.00
2013-01-10,2.90,2.92,2.88,2.90,2372792,10664029.00
2013-01-11,2.89,2.90,2.76,2.78,4338052,19146838.00
2013-01-14,2.76,2.90,2.75,2.88,5462046,24054652.00
2013-01-15,2.87,2.95,2.84,2.93,6865864,31080666.00
2013-01-16,2.92,2.96,2.85,2.89,6341832,28596890.00
2013-01-17,2.90,2.90,2.81,2.82,4161780,18356484.00
2013-01-18,2.83,2.88,2.81,2.87,2544371,11273691.00
2013-01-21,2.87,2.90,2.82,2.90,3738879,16708270.00
2013-01-22,2.89,2.99,2.86,2.90,11231854,50795420.00
2013-01-23,2.88,2.90,2.82,2.86,3613251,16045380.00
2013-01-24,2.85,2.92,2.78,2.80,5168944,22896360.00
2013-01-25,2.80,2.83,2.78,2.80,1669232,7270759.00
2013-01-28,2.82,2.88,2.81,2.88,2497347,11037858.00
2013-01-29,2.88,2.88,2.83,2.86,2741226,12135187.00
2013-01-30,2.88,2.90,2.85,2.89,4209221,18802076.00
2013-01-31,2.90,2.90,2.83,2.85,3401815,15044883.00
2013-02-01,2.85,2.88,2.83,2.87,2927024,12994239.00
2013-02-04,2.93,3.11,2.91,3.01,16934254,78352232.00
2013-02-05,3.01,3.33,2.97,3.31,27785114,137883872.00
2013-02-06,3.27,3.31,3.22,3.25,11295540,56461464.00
2013-02-07,3.26,3.30,3.11,3.20,8530226,41899324.00
2013-02-08,3.20,3.38,3.19,3.30,10238824,51933264.00
2013-02-18,3.34,3.35,3.22,3.22,6964693,34980456.00
2013-02-19,3.20,3.24,3.10,3.13,10497148,50871400.00
2013-02-20,3.12,3.17,3.08,3.16,6837171,32928792.00
2013-02-21,3.13,3.13,3.02,3.05,6616532,31343388.00
2013-02-22,3.05,3.10,3.03,3.05,4680900,22216528.00
2013-02-25,3.07,3.11,3.04,3.10,4756109,22571108.00
2013-02-26,3.08,3.17,3.06,3.08,5594401,26920112.00
2013-02-27,3.10,3.14,3.04,3.12,4375215,20883716.00
2013-02-28,3.15,3.20,3.09,3.18,7312842,35496744.00
2013-03-01,3.18,3.34,3.16,3.33,11364711,56648676.00
2013-03-04,3.31,3.33,3.25,3.31,11970620,60420644.00
2013-03-05,3.36,3.45,3.29,3.30,18296611,94336248.00
2013-03-06,3.31,3.48,3.27,3.38,25093008,130333640.00
2013-03-07,3.44,3.44,3.24,3.26,16173406,82884160.00
2013-03-08,3.30,3.40,3.28,3.39,12946123,66937248.00
2013-03-11,3.40,3.63,3.36,3.59,18773389,101443944.00
2013-03-12,3.59,3.68,3.39,3.44,16922972,91034712.00
2013-03-13,3.43,3.44,3.25,3.34,11402260,58392884.00
2013-03-14,3.36,3.37,3.31,3.35,6152976,31529524.00
2013-03-15,3.33,3.52,3.33,3.42,11606712,61483996.00
2013-03-18,3.42,3.49,3.32,3.45,9280082,48638740.00
2013-03-19,3.43,3.56,3.41,3.49,7654904,40876268.00
2013-03-20,3.49,3.56,3.44,3.53,9253086,49819540.00
2013-03-21,3.53,3.56,3.49,3.53,8792958,47506224.00
2013-03-22,3.53,3.57,3.47,3.56,7085703,38068164.00
2013-03-25,3.54,3.55,3.44,3.45,7461271,39915808.00
2013-03-26,3.45,3.45,3.33,3.37,6867373,35602852.00
2013-03-27,3.37,3.44,3.37,3.39,4583998,23944514.00
2013-03-28,3.38,3.38,3.26,3.27,8374152,42309180.00
2013-03-29,3.27,3.31,3.27,3.29,2495348,12624285.00
2013-04-01,3.28,3.32,3.26,3.27,3313069,16749976.00
2013-04-02,3.27,3.31,3.19,3.20,5213431,26012118.00
2013-04-03,3.20,3.23,3.05,3.09,6947253,33500210.00
2013-04-08,3.06,3.21,3.04,3.19,4555544,21969776.00
2013-04-09,3.19,3.24,3.19,3.21,2627989,12989753.00
2013-04-10,3.22,3.24,3.17,3.21,1747747,8632873.00
2013-04-11,3.21,3.28,3.19,3.19,5091559,25428488.00
2013-04-12,3.19,3.23,3.17,3.19,1494000,7367851.50
2013-04-15,3.17,3.17,3.13,3.16,1440310,6995259.50
2013-04-16,3.13,3.17,3.12,3.17,1769482,8569502.00
2013-04-17,3.18,3.26,3.17,3.25,3836663,19088808.00
2013-04-18,3.24,3.27,3.22,3.23,2299051,11478355.00
2013-04-19,3.23,3.29,3.22,3.28,6774814,33984864.00
2013-04-22,3.28,3.31,3.24,3.25,6182019,31054292.00
2013-04-23,3.26,3.28,3.13,3.15,5641630,27651668.00
2013-04-24,3.17,3.18,3.08,3.17,6187248,23953876.00
2013-04-25,3.17,3.17,2.98,2.98,7136574,27022976.00
2013-04-26,2.98,3.04,2.95,2.96,3522563,13004650.00
2013-05-02,2.96,3.00,2.93,2.96,2142855,7825955.00
2013-05-03,2.98,3.02,2.96,2.99,5619172,20700594.00
2013-05-06,3.00,3.08,3.00,3.08,5893747,22070046.00
2013-05-07,3.08,3.24,3.04,3.22,8774467,33878128.00
2013-05-08,3.22,3.24,3.15,3.18,5557560,21754660.00
2013-05-09,3.19,3.22,3.11,3.16,6497464,25272964.00
2013-05-10,3.15,3.17,3.11,3.17,3195406,12376590.00
2013-05-13,3.16,3.22,3.13,3.18,4408129,17258710.00
2013-05-14,3.17,3.18,3.11,3.12,3548458,13714041.00
2013-05-15,3.12,3.18,3.11,3.17,3008560,11674839.00
2013-05-16,3.17,3.30,3.17,3.26,12489217,49999328.00
2013-05-17,3.24,3.30,3.23,3.28,7116517,28650626.00
2013-05-20,3.28,3.33,3.27,3.29,8283373,33642516.00
2013-05-21,3.28,3.32,3.27,3.32,10226471,41458220.00
2013-05-22,3.33,3.42,3.28,3.31,13031847,53625856.00
2013-05-23,3.30,3.36,3.27,3.28,8659925,35199912.00
2013-05-24,3.27,3.31,3.23,3.28,8502327,34178436.00
2013-05-27,3.29,3.35,3.28,3.32,7730722,31517952.00
2013-05-28,3.33,3.33,3.24,3.28,6816328,27423652.00
2013-05-29,3.29,3.29,3.26,3.28,5362414,21572350.00
2013-05-30,3.28,3.28,3.23,3.23,5947267,23788764.00
2013-05-31,3.24,3.28,3.24,3.24,5335298,21429300.00
2013-06-03,3.23,3.26,3.19,3.22,5357925,21257266.00
2013-06-04,3.22,3.23,3.14,3.16,5362449,21055594.00
2013-06-05,3.16,3.16,3.10,3.13,3655800,14038652.00
2013-06-06,3.12,3.13,3.08,3.08,2993350,11457478.00
2013-06-07,3.10,3.11,3.01,3.02,3073213,11531287.00
2013-06-13,3.00,3.00,2.90,2.92,4155625,14989750.00
2013-06-14,2.93,2.93,2.83,2.92,9067248,32258644.00
2013-06-17,2.92,2.93,2.88,2.92,3733960,13404993.00
2013-06-18,2.93,2.95,2.89,2.93,3100093,11170192.00
2013-06-19,2.94,2.94,2.86,2.89,2555498,9098202.00
2013-06-20,2.88,2.88,2.76,2.77,3380589,11829376.00
2013-06-21,2.73,2.77,2.68,2.74,3060762,10343792.00
2013-06-24,2.74,2.76,2.53,2.57,4495704,14684602.00
2013-06-25,2.54,2.63,2.35,2.58,5225212,16239326.00
2013-06-26,2.58,2.65,2.56,2.65,4467547,14448319.00
2013-06-27,2.68,2.69,2.61,2.62,2961220,9705917.00
2013-06-28,2.59,2.66,2.55,2.58,3398237,10928567.00
2013-07-01,2.58,2.62,2.55,2.61,1501025,4819386.50
2013-07-02,2.61,2.64,2.58,2.64,2711085,8794462.00
2013-07-03,2.63,2.68,2.59,2.67,3205172,10453079.00
2013-07-04,2.67,2.76,2.63,2.73,4742423,15928615.00
2013-07-05,2.74,2.75,2.69,2.70,2007680,6763822.50
2013-07-08,2.67,2.67,2.51,2.52,4425160,14131505.00
2013-07-09,2.53,2.55,2.47,2.50,3461803,10711161.00
2013-07-10,2.50,2.58,2.46,2.57,3755260,11682413.00
2013-07-11,2.57,2.69,2.57,2.67,5097293,16657790.00
2013-07-12,2.67,2.68,2.62,2.63,2936613,9661618.00
2013-07-15,2.67,2.90,2.67,2.90,13906223,49118688.00
2013-07-16,3.00,3.12,2.94,3.02,32382954,120949760.00
2013-07-17,3.02,3.29,2.96,3.18,28771583,112204744.00
2013-07-18,3.17,3.25,3.06,3.24,21191974,82599360.00
2013-07-19,3.19,3.28,3.10,3.10,14890233,58429572.00
2013-07-22,3.07,3.19,3.04,3.14,11960632,46044196.00
2013-07-23,3.15,3.18,3.08,3.15,13060454,50545164.00
2013-07-24,3.15,3.15,3.03,3.11,11717931,44669180.00
2013-07-25,3.12,3.15,2.92,2.94,13897809,51972456.00
2013-07-26,2.94,3.17,2.89,3.17,18677387,69539296.00
2013-07-29,3.17,3.24,3.11,3.12,16316804,63736052.00
2013-07-30,3.13,3.18,3.01,3.14,11583566,44370252.00
2013-07-31,3.13,3.18,3.09,3.14,8828897,34154536.00
2013-08-01,3.14,3.20,3.11,3.20,16016612,62450464.00
2013-08-02,3.20,3.29,3.18,3.19,18162623,72261656.00
2013-08-05,3.19,3.28,3.15,3.23,11856729,47136204.00
2013-08-06,3.19,3.24,3.15,3.20,15144111,59527100.00
2013-08-07,3.22,3.39,3.18,3.33,27903562,112522800.00
2013-08-08,3.32,3.41,3.28,3.33,24817764,102161920.00
2013-08-09,3.33,3.33,3.23,3.28,14340746,57913068.00
2013-08-12,3.27,3.29,3.23,3.28,9854129,39511676.00
2013-08-13,3.28,3.28,3.21,3.23,11823550,47175196.00
2013-08-14,3.21,3.25,3.18,3.19,8349429,32909054.00
2013-08-15,3.19,3.23,3.17,3.17,7021862,27561198.00
2013-08-16,3.16,3.19,3.03,3.04,15104434,57749544.00
2013-08-19,3.00,3.19,2.98,3.14,9557412,36634716.00
2013-08-20,3.16,3.19,3.12,3.14,5429855,21127582.00
2013-08-21,3.13,3.15,3.10,3.14,4862706,18713992.00
2013-08-22,3.16,3.28,3.14,3.23,12735460,50673680.00
2013-08-23,3.24,3.26,3.09,3.20,9368797,36727264.00
2013-08-26,3.23,3.23,3.17,3.23,6298677,24934918.00
2013-08-27,3.23,3.23,3.18,3.21,5151614,20309254.00
2013-08-28,3.19,3.19,3.13,3.13,6592087,25623592.00
2013-08-29,3.13,3.17,3.10,3.13,3478780,13419751.00
2013-08-30,3.15,3.15,3.05,3.07,6462039,24679300.00
2013-09-02,3.07,3.10,3.05,3.08,3731322,14141254.00
2013-09-03,3.09,3.28,3.08,3.26,18113257,71839016.00
2013-09-04,3.24,3.26,3.21,3.24,7366550,29333704.00
2013-09-05,3.25,3.37,3.22,3.31,20948383,85032024.00
2013-09-06,3.32,3.32,3.19,3.28,14093649,56700692.00
2013-09-09,3.25,3.30,3.23,3.28,9125893,36752532.00
2013-09-10,3.29,3.30,3.21,3.26,10038799,40200908.00
2013-09-11,3.27,3.27,3.22,3.23,8196147,32705572.00
2013-09-12,3.23,3.33,3.23,3.29,19153645,77449712.00
2013-09-13,3.28,3.29,3.22,3.26,8149592,32600246.00
2013-09-16,3.25,3.28,3.23,3.26,5292443,21197950.00
2013-09-17,3.25,3.27,3.08,3.15,10190285,40133224.00
2013-09-18,3.13,3.21,3.12,3.18,3878328,15131196.00
2013-09-23,3.19,3.27,3.14,3.25,7751849,30598110.00
2013-09-24,3.25,3.39,3.23,3.31,25023077,101996264.00
2013-09-25,3.29,3.34,3.25,3.27,17825139,72560104.00
2013-09-26,3.27,3.56,3.26,3.39,51895602,217899712.00
2013-09-27,3.41,3.49,3.33,3.47,25733261,108293272.00
2013-09-30,3.48,3.51,3.39,3.45,14740976,62389956.00
2013-10-08,3.43,3.69,3.43,3.60,24248256,106431896.00
2013-10-09,3.57,3.67,3.51,3.60,21181472,93232744.00
2013-10-10,3.60,3.63,3.39,3.46,28566066,122306656.00
2013-10-11,3.48,3.55,3.46,3.53,16428903,70584560.00
2013-10-14,3.53,3.67,3.49,3.59,22545229,99493744.00
2013-10-15,3.55,3.57,3.42,3.47,21879223,93165568.00
2013-10-16,3.45,3.46,3.33,3.33,14080010,58471976.00
2013-10-17,3.33,3.49,3.33,3.41,13947875,58377856.00
2013-10-18,3.38,3.40,3.33,3.35,7440445,30822316.00
2013-10-21,3.36,3.46,3.34,3.43,9873119,41434456.00
2013-10-22,3.43,3.45,3.37,3.38,8941188,37324592.00
2013-10-23,3.37,3.40,3.23,3.23,18413686,74540320.00
2013-10-24,3.23,3.24,3.15,3.22,7295732,28724298.00
2013-10-25,3.22,3.23,3.09,3.13,9773481,37893212.00
2013-10-28,3.13,3.18,3.10,3.17,4398690,17015198.00
2013-10-29,3.17,3.19,2.98,3.03,9160021,34704220.00
2013-10-30,3.05,3.08,3.03,3.07,4804516,18122648.00
2013-10-31,3.05,3.08,3.03,3.04,3889855,14630906.00
2013-11-01,3.04,3.07,3.01,3.04,2877369,10755545.00
2013-11-04,3.04,3.12,3.04,3.08,3837422,14590426.00
2013-11-05,3.08,3.13,3.04,3.13,3104020,11846971.00
2013-11-06,3.13,3.15,3.05,3.07,4294085,16439949.00
2013-11-07,3.05,3.08,2.99,3.00,4053503,15145908.00
2013-11-08,3.00,3.00,2.90,2.93,6455705,23357696.00
2013-11-11,2.93,2.99,2.93,2.95,2197085,8014415.50
2013-11-12,2.96,2.99,2.96,2.98,2204136,8092462.50
2013-11-13,2.98,3.03,2.93,2.95,4128408,15190576.00
2013-11-14,2.95,3.01,2.95,3.00,2347192,8637758.00
2013-11-15,3.01,3.11,3.00,3.03,8139142,30631540.00
2013-11-18,3.03,3.13,3.03,3.10,5947430,22685320.00
2013-11-19,3.11,3.12,3.07,3.08,4891965,18593718.00
2013-11-20,3.08,3.12,3.08,3.12,3745634,14336505.00
2013-11-21,3.13,3.16,3.10,3.12,6476258,24950220.00
2013-11-22,3.13,3.14,3.07,3.08,4219778,16113054.00
2013-11-25,3.08,3.09,3.06,3.08,7836044,29691290.00
2013-11-26,3.08,3.18,3.07,3.16,9192315,35505480.00
2013-11-27,3.16,3.18,3.12,3.15,5156677,19992808.00
2013-11-28,3.16,3.20,3.15,3.18,5882998,23019200.00
2013-11-29,3.18,3.28,3.15,3.27,12772174,50731212.00
2013-12-02,3.22,3.29,3.08,3.23,23340902,92406336.00
2013-12-03,3.23,3.36,3.19,3.29,22025999,89095312.00
2013-12-04,3.35,3.35,3.28,3.33,15208364,61964996.00
2013-12-05,3.37,3.38,3.23,3.23,17045655,68665472.00
2013-12-06,3.23,3.25,3.15,3.18,10358593,40626908.00
2013-12-09,3.17,3.20,3.17,3.20,4222210,16560516.00
2013-12-10,3.20,3.22,3.15,3.18,6194254,24250660.00
2013-12-11,3.17,3.18,3.11,3.13,6709897,25914014.00
2013-12-12,3.12,3.17,3.11,3.13,4073484,15752029.00
2013-12-13,3.13,3.18,3.10,3.16,3419978,13267142.00
2013-12-16,3.16,3.17,3.08,3.08,6609006,25309920.00
2013-12-17,3.08,3.09,3.02,3.03,4497502,16871176.00
2013-12-18,3.03,3.08,3.01,3.07,8629503,32329628.00
2013-12-19,3.07,3.08,3.05,3.08,5744814,21734300.00
2013-12-20,3.08,3.09,3.00,3.03,4096070,15441700.00
2013-12-23,3.03,3.11,3.02,3.03,14570498,55201372.00
2013-12-24,3.04,3.04,2.90,2.94,15392507,56725040.00
2013-12-25,2.93,2.98,2.88,2.96,9130757,32893226.00
2013-12-26,2.96,2.96,2.88,2.88,4149727,14836973.00
2013-12-27,2.88,3.03,2.88,2.98,9434222,34543692.00
2013-12-30,2.98,3.07,2.94,3.00,18829251,70025376.00
2013-12-31,2.98,3.03,2.95,2.99,23980485,88394320.00
2014-01-02,2.95,3.01,2.89,2.91,35788537,128840616.00
2014-01-03,2.88,2.89,2.83,2.84,13517497,47677388.00
2014-01-06,2.83,2.83,2.74,2.75,8889368,30516130.00
2014-01-07,2.73,2.77,2.72,2.76,5487207,18669178.00
2014-01-08,2.77,2.81,2.73,2.77,7630433,26048126.00
2014-01-09,2.77,2.79,2.73,2.73,6233870,21324394.00
2014-01-10,2.73,2.74,2.63,2.66,6940848,22943272.00
2014-01-13,2.65,2.68,2.64,2.65,4095956,13477226.00
2014-01-14,2.66,2.72,2.65,2.71,5098730,16973222.00
2014-01-15,2.70,2.78,2.69,2.73,4670867,15813647.00
2014-01-16,2.74,2.78,2.73,2.73,4145710,14082044.00
2014-01-17,2.73,2.74,2.68,2.69,3592781,11957146.00
2014-01-20,2.68,2.70,2.65,2.65,3435752,11373048.00
2014-01-21,2.67,2.74,2.66,2.73,4452037,14944460.00
2014-01-22,2.74,2.80,2.73,2.78,6083434,20829700.00
2014-01-23,2.78,2.80,2.77,2.79,5721124,19675454.00
2014-01-24,2.79,2.83,2.78,2.81,5879259,20389312.00
2014-01-27,2.79,2.83,2.76,2.77,5551171,19104716.00
2014-01-28,2.77,2.80,2.76,2.78,4765686,16346742.00
2014-01-29,2.78,2.83,2.78,2.79,4695274,16267872.00
2014-01-30,2.81,2.82,2.78,2.78,4093392,14120610.00
2014-02-07,2.77,2.84,2.75,2.84,5491630,19032982.00
2014-02-10,2.85,2.91,2.84,2.90,8366024,29886428.00
2014-02-11,2.89,2.93,2.87,2.90,7908818,28250646.00
2014-02-12,2.90,2.96,2.88,2.93,12773993,46175772.00
2014-02-13,2.94,2.95,2.88,2.88,11077608,39828408.00
2014-02-14,2.88,2.93,2.87,2.93,9133941,32696934.00
2014-02-17,2.96,2.98,2.93,2.98,13029253,47435440.00
2014-02-18,2.98,3.00,2.94,2.98,11861618,43515600.00
2014-02-19,2.98,3.04,2.97,3.00,11340076,41966772.00
2014-02-20,3.02,3.03,2.93,2.93,10479144,38305416.00
2014-02-21,2.93,2.96,2.88,2.91,7791312,28061276.00
2014-02-24,2.90,2.95,2.86,2.93,7999609,28730314.00
2014-02-25,2.93,3.01,2.78,2.83,16807704,60646528.00
2014-02-26,2.81,2.90,2.78,2.90,10404206,36464848.00
2014-02-27,2.88,2.93,2.82,2.83,8532640,30325472.00
2014-02-28,2.83,2.88,2.80,2.88,6899938,24242288.00
2014-03-03,2.85,2.95,2.85,2.94,10300207,37117600.00
2014-03-04,2.94,2.97,2.91,2.96,8285750,30031304.00
2014-03-05,2.96,2.99,2.92,2.93,7196037,26210078.00
2014-03-06,2.93,2.93,2.86,2.89,7673322,27365984.00
2014-03-07,2.89,2.91,2.83,2.85,7251051,25702778.00
2014-03-10,2.82,2.83,2.69,2.71,8587872,29371388.00
2014-03-11,2.71,2.74,2.68,2.73,3806417,12802853.00
2014-03-12,2.75,2.75,2.68,2.74,4153249,13989014.00
2014-03-13,2.75,2.78,2.73,2.75,3584158,12181577.00
2014-03-14,2.73,2.77,2.72,2.74,3871632,13096257.00
2014-03-17,2.74,2.79,2.73,2.79,5083012,17367630.00
2014-03-18,2.79,2.81,2.77,2.79,4608976,15894003.00
2014-03-19,2.88,3.08,2.86,3.08,22740900,85236704.00
2014-03-20,3.13,3.26,3.03,3.03,64023674,248882928.00
2014-03-21,2.92,3.05,2.88,3.03,29520331,108030184.00
2014-03-24,3.01,3.11,2.98,3.06,19809732,74041176.00
2014-03-25,3.04,3.16,2.98,3.03,17407805,65868640.00
2014-03-26,3.03,3.08,2.98,2.98,14055767,52429720.00
2014-03-27,2.98,3.02,2.93,2.94,12661333,46191920.00
2014-03-28,2.94,2.96,2.89,2.91,9714962,35072876.00
2014-03-31,2.88,2.92,2.83,2.84,9549697,33703440.00
2014-04-01,2.84,2.90,2.83,2.89,4927744,17484596.00
2014-04-02,2.88,2.92,2.88,2.90,5071351,18130346.00
2014-04-03,2.89,2.90,2.85,2.86,6032259,21410190.00
2014-04-04,2.85,2.90,2.84,2.90,3786287,13440623.00
2014-04-08,2.88,2.94,2.88,2.93,7727946,27862082.00
2014-04-09,2.93,2.97,2.93,2.94,6269102,22778922.00
2014-04-10,2.94,2.96,2.93,2.93,6033764,21904000.00
2014-04-11,2.94,2.94,2.90,2.93,5270151,18968306.00
2014-04-14,2.93,2.94,2.90,2.93,5144936,18586348.00
2014-04-15,2.93,2.93,2.87,2.88,6568985,23513114.00
2014-04-16,2.88,2.93,2.87,2.92,5163502,18490032.00
2014-04-17,2.94,2.97,2.93,2.93,6636552,24110696.00
2014-04-18,2.93,2.96,2.91,2.94,4487458,16243004.00
2014-04-21,2.93,2.98,2.91,2.93,8212204,29860488.00
2014-04-22,2.92,2.93,2.82,2.83,12711773,44873676.00
2014-04-23,2.83,2.85,2.82,2.83,4364484,15283498.00
2014-04-24,2.83,2.85,2.81,2.84,3861172,13516892.00
2014-04-25,2.84,2.87,2.82,2.82,5885906,20701204.00
2014-04-28,2.87,3.11,2.87,2.98,38767540,144023008.00
2014-04-29,2.88,2.95,2.83,2.91,17554050,62575724.00
2014-04-30,2.89,3.03,2.87,3.02,20113216,73901600.00
2014-05-05,3.00,3.03,2.97,3.02,11446122,42349656.00
2014-05-06,3.00,3.05,2.98,2.98,13068753,48723908.00
2014-05-07,2.99,2.99,2.92,2.93,9287577,33764448.00
2014-05-08,2.93,2.97,2.90,2.93,7054198,25576112.00
2014-05-09,2.92,3.09,2.90,3.07,21299859,79223384.00
2014-05-12,3.07,3.12,3.02,3.09,17200909,65105844.00
2014-05-13,3.09,3.10,3.04,3.08,10857572,41084160.00
2014-05-14,3.08,3.11,3.05,3.08,8603547,32710330.00
2014-05-15,3.08,3.08,2.97,2.98,9307603,34632988.00
2014-05-16,2.97,3.03,2.96,3.02,6983496,25874808.00
2014-05-19,3.01,3.02,2.97,3.01,4670927,17255392.00
2014-05-20,3.02,3.04,2.96,2.98,6640832,24556324.00
2014-05-21,2.98,2.98,2.91,2.98,6480047,23536406.00
2014-05-22,2.97,2.99,2.96,2.96,5894062,21637312.00
2014-05-23,2.94,2.98,2.92,2.98,6638584,24065192.00
2014-05-26,2.96,2.98,2.95,2.98,6427401,23522720.00
2014-05-27,2.96,2.98,2.93,2.95,6056689,21990354.00
2014-05-28,2.95,3.01,2.93,3.01,9410896,34589252.00
2014-05-29,3.00,3.03,2.96,2.97,5191659,19124734.00
2014-05-30,2.98,2.98,2.92,2.93,10160352,36870008.00
2014-06-03,2.93,2.95,2.93,2.93,4286330,15521901.00
2014-06-04,2.94,2.94,2.85,2.85,6603891,23486908.00
2014-06-05,2.87,2.90,2.86,2.89,5006036,17792076.00
2014-06-06,2.90,2.96,2.89,2.92,5292826,19098848.00
2014-06-09,2.91,2.93,2.89,2.90,2575394,9244668.00
2014-06-10,2.90,2.93,2.88,2.93,3769709,13530067.00
2014-06-11,2.93,2.95,2.91,2.93,3883649,14022496.00
2014-06-12,2.96,2.98,2.93,2.94,5538232,20157692.00
2014-06-13,2.93,2.96,2.92,2.95,4537592,16488367.00
2014-06-16,2.94,2.98,2.94,2.96,5919331,21598790.00
2014-06-17,2.95,2.96,2.93,2.93,3261761,11819387.00
2014-06-18,2.93,2.98,2.91,2.98,9400497,34355996.00
2014-06-19,2.98,2.99,2.86,2.89,6827131,24778934.00
2014-06-20,2.90,3.00,2.88,2.99,10075561,36892160.00
2014-06-23,3.02,3.12,3.01,3.05,16523988,62540016.00
2014-06-24,3.03,3.10,3.03,3.05,6727484,25327474.00
2014-06-25,3.07,3.10,3.04,3.08,8677899,32879994.00
2014-06-26,3.08,3.09,3.05,3.08,12150752,45974764.00
2014-06-27,3.08,3.20,3.06,3.11,18348985,57255200.00
2014-06-30,3.14,3.25,3.07,3.23,26924575,85221808.00
2014-07-01,3.27,3.28,3.15,3.18,20446108,65401444.00
2014-07-02,3.16,3.22,3.12,3.18,15804427,50022056.00
2014-07-03,3.18,3.25,3.15,3.22,16327571,52153836.00
2014-07-04,3.22,3.25,3.18,3.20,12784887,40839168.00
2014-07-07,3.19,3.19,3.15,3.18,9814091,31057324.00
2014-07-08,3.17,3.18,3.11,3.16,8422983,26499552.00
2014-07-09,3.15,3.21,3.14,3.14,12993338,41307336.00
2014-07-10,3.16,3.19,3.13,3.16,7914408,25046948.00
2014-07-11,3.16,3.19,3.15,3.18,6631587,21062436.00
2014-07-14,3.19,3.26,3.18,3.24,15646614,50533352.00
2014-07-15,3.22,3.47,3.22,3.36,39531930,132761872.00
2014-07-16,3.34,3.36,3.29,3.33,12649680,42154108.00
2014-07-17,3.31,3.32,3.18,3.22,22327186,72139944.00
2014-07-18,3.21,3.24,3.19,3.21,8147217,26186626.00
2014-07-21,3.22,3.22,3.18,3.21,4218407,13471730.00
2014-07-22,3.21,3.25,3.18,3.22,13411694,43048968.00
2014-07-23,3.23,3.25,3.19,3.20,12392589,39837196.00
2014-07-24,3.21,3.21,3.14,3.19,13756725,43621052.00
2014-07-25,3.18,3.26,3.18,3.25,11726392,37814524.00
2014-07-28,3.26,3.31,3.23,3.29,16668795,54664968.00
2014-07-29,3.29,3.35,3.28,3.30,17744634,58869176.00
2014-07-30,3.31,3.34,3.28,3.33,11574446,38310040.00
2014-07-31,3.35,3.35,3.30,3.33,8065041,26776408.00
2014-08-01,3.32,3.34,3.25,3.26,13693788,45199248.00
2014-08-04,3.27,3.33,3.26,3.32,12924293,42614728.00
2014-08-05,3.31,3.34,3.28,3.33,15367990,50856872.00
2014-08-06,3.32,3.41,3.30,3.38,22395380,74870432.00
2014-08-07,3.37,3.41,3.31,3.32,16574405,55534180.00
2014-08-08,3.32,3.33,3.30,3.31,10857246,35973052.00
2014-08-11,3.32,3.38,3.32,3.37,15697645,52594076.00
2014-08-12,3.37,3.43,3.36,3.40,16937223,57509792.00
2014-08-13,3.40,3.41,3.33,3.38,17596057,59293060.00
2014-08-14,3.37,3.44,3.36,3.37,19384847,65997476.00
2014-08-15,3.37,3.42,3.34,3.42,19891452,67387424.00
2014-08-18,3.44,3.47,3.41,3.44,15046353,51755512.00
2014-08-19,3.46,3.47,3.41,3.46,21197922,73019976.00
2014-08-20,3.46,3.48,3.43,3.44,19272145,66687096.00
2014-08-21,3.44,3.44,3.38,3.41,16846483,57421864.00
2014-08-22,3.41,3.43,3.39,3.41,20163586,68702560.00
2014-08-25,3.42,3.43,3.39,3.40,13673732,46620816.00
2014-08-26,3.39,3.40,3.28,3.30,19758854,66089136.00
2014-08-27,3.30,3.35,3.30,3.33,12012713,39924244.00
2014-08-28,3.33,3.34,3.25,3.28,11537835,38011148.00
2014-08-29,3.27,3.31,3.26,3.30,7309021,24014396.00
2014-09-01,3.30,3.40,3.29,3.39,19686537,66022744.00
2014-09-02,3.38,3.48,3.37,3.45,38632746,133090552.00
2014-09-03,3.45,3.55,3.43,3.54,35311121,123244896.00
2014-09-04,3.53,3.74,3.51,3.62,40689958,148044496.00
2014-09-05,3.64,3.64,3.53,3.59,27332521,97884120.00
2014-09-09,3.60,3.95,3.57,3.95,69106797,264778320.00
2014-09-10,4.05,4.21,3.95,3.99,105092146,424974688.00
2014-09-11,3.97,4.01,3.86,3.89,60873251,239076784.00
2014-09-12,3.90,4.00,3.87,3.92,43985673,172990960.00
2014-09-15,3.92,4.02,3.89,3.99,47565365,189018368.00
2014-09-16,4.00,4.02,3.82,3.84,48394033,189738496.00
2014-09-17,3.83,3.90,3.78,3.87,22657309,87184328.00
2014-09-18,3.87,4.07,3.86,4.06,47523725,190233872.00
2014-09-19,4.04,4.10,3.97,4.03,22463670,90381480.00
2014-09-22,4.03,4.04,3.95,3.97,18747913,74613744.00
2014-09-23,3.98,4.00,3.93,3.98,15015069,59548728.00
2014-09-24,4.00,4.09,3.98,4.04,26192697,105619888.00
2014-09-25,4.05,4.08,3.96,3.98,25624748,103162216.00
2014-09-26,3.97,4.02,3.96,4.00,14782675,59020124.00
2014-09-29,4.00,4.12,4.00,4.05,24105485,97616192.00
2014-09-30,4.06,4.15,4.03,4.13,28193391,115414120.00
2014-10-08,4.13,4.21,4.12,4.14,23397931,97093040.00
2014-10-09,4.18,4.36,4.13,4.33,46237169,195832752.00
2014-10-10,4.34,4.54,4.28,4.42,53014487,234485712.00
2014-10-13,4.40,4.51,4.23,4.51,43544733,189665984.00
2014-10-14,4.50,4.74,4.45,4.66,60046505,278491840.00
2014-10-15,4.60,5.13,4.53,5.13,99802116,489827296.00
2014-10-16,5.09,5.24,4.90,4.90,79150407,398368000.00
2014-10-17,4.86,5.18,4.70,5.12,63469909,313242432.00
2014-10-20,5.15,5.28,5.02,5.08,43961266,226325872.00
2014-10-21,5.04,5.17,4.89,4.89,38798589,193984528.00
2014-10-22,4.86,5.02,4.82,4.90,29971493,147581360.00
2014-10-23,4.89,4.96,4.57,4.58,40419415,191072880.00
2014-10-24,4.60,4.77,4.55,4.68,22490043,105064592.00
2014-10-27,4.67,4.80,4.64,4.76,16540363,78468496.00
2014-10-28,4.79,5.03,4.79,5.03,29721138,147255632.00
2014-10-29,5.04,5.12,4.90,5.10,37465805,188246128.00
2014-10-30,5.08,5.12,4.90,4.98,34361523,172090976.00
2014-10-31,4.99,5.00,4.82,4.92,31738375,155412992.00
2014-11-03,4.92,4.98,4.80,4.93,19181242,94649832.00
2014-11-04,4.91,4.95,4.84,4.94,13559639,66278792.00
2014-11-05,4.93,5.11,4.87,5.07,25694195,129789808.00
2014-11-06,5.06,5.27,5.03,5.23,41461529,215518112.00
2014-11-07,5.22,5.26,5.03,5.18,32922499,170363232.00
2014-11-10,5.15,5.17,4.97,5.00,40106361,201531888.00
2014-11-11,5.01,5.07,4.50,4.90,60634626,291048384.00
2014-11-12,4.86,4.95,4.71,4.90,24850001,121160648.00
2014-11-13,4.90,4.97,4.78,4.80,22730438,110059368.00
2014-11-14,4.77,4.96,4.65,4.87,19836679,95221296.00
2014-11-17,4.85,5.03,4.81,4.96,18385224,90794472.00
2014-11-18,4.94,5.02,4.90,5.00,12219920,60788536.00
2014-11-19,4.99,5.08,4.93,5.02,13638141,68347680.00
2014-11-20,4.99,5.00,4.87,4.89,14363174,70947784.00
2014-11-21,4.89,4.90,4.76,4.85,16159262,78032136.00
2014-11-24,4.87,5.01,4.85,4.97,23185808,114599392.00
2014-11-25,4.98,5.47,4.96,5.44,64384154,342270624.00
2014-11-26,5.43,5.58,5.33,5.47,44595700,243185488.00
2014-11-27,5.46,5.90,5.43,5.65,43637939,247721424.00
2014-11-28,5.70,5.91,5.57,5.79,45882302,265942880.00
2014-12-01,5.76,6.18,5.75,6.00,41312646,247882032.00
2014-12-02,6.00,6.26,5.89,6.13,33542097,204134192.00
2014-12-03,6.12,6.31,5.99,6.10,32261614,197045856.00
2014-12-04,6.10,6.14,5.92,6.00,33499303,199907392.00
2014-12-05,5.99,5.99,5.65,5.70,33526195,193492320.00
2014-12-08,5.70,5.93,5.60,5.71,29478937,169794256.00
2014-12-09,5.65,5.68,5.22,5.27,39064376,216062208.00
2014-12-10,5.25,5.53,5.09,5.48,28739175,152894704.00
2014-12-11,5.46,5.60,5.37,5.49,17826996,97535464.00
2014-12-12,5.52,5.63,5.49,5.63,15520283,86643760.00
2014-12-15,5.60,5.78,5.55,5.78,16953286,96637128.00
2014-12-16,5.78,5.95,5.60,5.71,22071565,127075112.00
2014-12-17,5.70,5.71,5.33,5.45,37712354,206664848.00
2014-12-18,5.42,5.44,5.25,5.26,26852608,143825520.00
2014-12-19,5.29,5.44,5.07,5.43,34477690,179164592.00
2014-12-22,5.38,5.38,5.07,5.08,25441261,131732680.00
2014-12-23,5.10,5.25,4.68,4.75,30512928,150894432.00
2014-12-24,4.78,4.99,4.67,4.92,21397673,103187768.00
2014-12-25,4.90,4.99,4.88,4.98,10531412,51883760.00
2014-12-26,5.02,5.08,4.90,4.96,14802434,73609584.00
2014-12-29,5.01,5.01,4.79,4.89,14433055,70470520.00
2014-12-30,4.88,4.92,4.74,4.76,10999563,52949888.00
2014-12-31,4.77,4.82,4.69,4.79,14054253,66620860.00
2015-01-05,4.74,4.87,4.69,4.82,17135898,81953928.00
2015-01-06,4.82,5.05,4.74,5.05,25457938,125824120.00
2015-01-07,5.05,5.14,4.92,4.99,16354133,81679904.00
2015-01-08,5.00,5.02,4.90,4.93,10265736,50710532.00
2015-01-09,4.92,4.96,4.81,4.83,12012460,58772580.00
2015-01-12,4.82,4.82,4.67,4.68,11517474,54395288.00
2015-01-13,4.67,4.74,4.66,4.71,7490729,35239764.00
2015-01-14,4.71,4.72,4.66,4.68,6880741,32278812.00
2015-01-15,4.68,4.73,4.66,4.72,8450453,39696680.00
2015-01-16,4.70,4.76,4.64,4.65,16890748,79271328.00
2015-01-19,4.59,4.63,4.30,4.48,31759087,141933344.00
2015-01-20,4.46,4.60,4.43,4.59,19054213,85871088.00
2015-01-21,4.57,4.70,4.55,4.70,15293482,71067360.00
2015-01-22,4.73,4.81,4.68,4.77,22762243,107887984.00
2015-01-23,4.75,4.78,4.65,4.68,19072944,89901864.00
2015-01-26,4.68,4.78,4.63,4.76,20544718,96853368.00
2015-01-27,4.79,5.09,4.76,4.99,49902355,248055024.00
2015-01-28,5.00,5.01,4.87,4.93,19463747,96063472.00
2015-01-29,4.89,4.99,4.85,4.95,17858816,88367384.00
2015-01-30,4.96,4.98,4.82,4.83,14500954,70880064.00
2015-02-02,4.79,4.88,4.72,4.84,12857774,61672188.00
2015-02-03,4.86,4.91,4.83,4.87,11931192,57969516.00
2015-02-04,4.87,4.88,4.73,4.73,13239373,63685084.00
2015-02-05,4.80,4.81,4.57,4.60,16350327,76749024.00
2015-02-06,4.60,4.75,4.55,4.56,13325156,61660504.00
2015-02-09,4.56,4.64,4.51,4.57,5908606,27070410.00
2015-02-10,4.57,4.59,4.49,4.59,9313296,42172788.00
2015-02-11,4.60,4.63,4.55,4.61,7166310,32949794.00
2015-02-12,4.61,4.87,4.58,4.81,19195383,91290120.00
2015-02-13,4.82,4.90,4.78,4.82,14506205,70109448.00
2015-02-16,4.81,4.92,4.81,4.87,12605876,61256968.00
2015-02-17,4.85,4.92,4.83,4.86,10314369,50235108.00
2015-02-25,4.87,5.03,4.87,4.92,25337524,125811896.00
2015-02-26,4.93,4.99,4.87,4.94,17956483,88428528.00
2015-02-27,4.95,4.99,4.91,4.94,19751748,97893392.00
2015-03-02,4.97,5.03,4.91,5.03,32012150,159133280.00
2015-03-03,5.03,5.53,4.97,5.40,87443384,469098656.00
2015-03-04,5.34,5.48,5.27,5.43,44111106,236175424.00
2015-03-05,5.40,5.61,5.36,5.49,31619340,173977824.00
2015-03-06,5.52,5.60,5.33,5.33,23790924,128861776.00
2015-03-09,5.27,5.41,5.16,5.36,18965872,100622864.00
2015-03-10,5.35,5.58,5.32,5.45,26384820,144543424.00
2015-03-11,5.42,5.60,5.42,5.54,20109209,110766520.00
2015-03-12,5.54,5.56,5.35,5.47,18503415,100948584.00
2015-03-13,5.47,5.69,5.41,5.68,35949262,201116192.00
2015-03-16,5.68,6.12,5.68,5.93,49454814,294722784.00
2015-03-17,5.93,6.09,5.79,5.97,39978796,237877616.00
2015-03-18,5.98,6.07,5.90,6.01,31240736,187235248.00
2015-03-19,6.01,6.20,5.88,6.15,39918360,242419232.00
2015-03-20,6.14,6.21,6.03,6.09,33970362,207428912.00
2015-03-23,6.11,6.15,5.99,6.08,42287107,255986704.00
2015-03-24,6.08,6.10,5.80,5.98,41742602,249779600.00
2015-03-25,5.98,6.57,5.94,6.46,68614094,427592224.00
2015-03-26,6.32,6.42,6.13,6.21,55205181,345415808.00
2015-03-27,6.19,6.28,6.13,6.21,46370093,287103040.00
2015-03-30,6.20,6.26,6.09,6.20,53762148,331273600.00
2015-03-31,6.18,6.35,6.16,6.21,50286787,314380864.00
2015-04-01,6.20,6.21,6.14,6.21,39387276,243277888.00
2015-04-02,6.20,6.43,6.20,6.27,46658390,293453632.00
2015-04-03,6.26,6.64,6.22,6.46,59207695,381894592.00
2015-04-07,6.47,6.65,6.38,6.57,42442816,276856448.00
2015-04-08,6.56,6.63,6.31,6.38,41053588,264845808.00
2015-04-09,6.38,6.41,5.90,6.14,56976585,350518272.00
2015-04-10,6.09,6.20,6.04,6.19,47302676,291402240.00
2015-04-13,6.18,6.51,6.14,6.40,74352305,472640576.00
2015-04-14,6.40,6.64,6.33,6.37,72331410,466376192.00
2015-04-15,6.37,6.45,6.08,6.10,43674112,273010368.00
2015-04-16,6.00,6.25,5.92,6.16,37375807,228242688.00
2015-04-17,6.11,6.26,6.11,6.18,50581910,312795584.00
2015-04-20,6.18,6.20,5.98,5.99,53893336,328527136.00
2015-04-21,5.99,6.25,5.99,6.25,47111600,289911744.00
2015-04-22,6.30,6.88,6.30,6.88,84012900,558317568.00
2015-04-23,7.30,7.57,7.18,7.57,32885101,243892848.00
2015-04-24,8.20,8.20,7.60,7.80,182413977,1435108736.00
2015-04-27,8.11,8.38,7.50,7.75,117704080,923757312.00
2015-04-28,7.55,7.69,7.08,7.15,97129400,711110720.00
2015-04-29,7.02,7.49,7.01,7.41,62310990,459494048.00
2015-04-30,7.42,7.99,7.42,7.73,82971726,644828160.00
2015-05-04,7.75,7.87,7.48,7.66,52788187,402226976.00
2015-05-05,7.66,7.69,7.13,7.26,45160359,333084800.00
2015-05-06,7.25,7.38,6.88,6.99,43708394,311498944.00
2015-05-07,6.99,6.99,6.50,6.56,42510792,283609344.00
2015-05-08,6.65,6.80,6.58,6.80,34648640,232745056.00
2015-05-11,6.91,7.37,6.80,7.30,43790962,310075968.00
2015-05-12,7.31,7.36,7.07,7.20,55197097,396332384.00
2015-05-13,7.21,7.63,7.10,7.39,68363249,504448224.00
2015-05-14,7.34,7.54,7.18,7.25,53561237,391496480.00
2015-05-15,7.28,7.54,7.22,7.42,74119470,545801344.00
2015-05-18,7.46,8.16,7.46,8.16,110413922,877625984.00
2015-05-19,8.34,8.98,8.33,8.98,92180779,807595584.00
2015-05-20,9.62,9.88,9.03,9.16,246717129,2367330816.00
2015-05-21,9.05,9.48,8.67,9.28,172459140,1554503680.00
2015-05-22,9.21,9.40,8.95,9.22,122263068,1114832640.00
2015-05-25,9.23,9.94,9.23,9.53,108705182,1042458304.00
2015-05-26,9.61,9.81,9.31,9.62,105694208,1011212352.00
2015-05-27,9.63,10.56,9.25,10.33,130135991,1270050560.00
2015-05-28,10.33,10.93,9.70,9.92,130229201,1356811264.00
2015-05-29,9.90,10.35,9.07,10.20,113252257,1125045504.00
2015-06-01,10.27,10.90,10.26,10.70,91403216,971219200.00
2015-06-02,10.61,11.77,10.61,11.77,98542879,1119045760.00
2015-06-03,12.15,12.65,11.38,12.20,119419957,1454295424.00
2015-06-04,12.20,12.36,11.01,11.92,93288842,1093988096.00
2015-06-05,12.00,12.36,11.50,12.09,92101512,1104624384.00
2015-06-08,12.03,12.35,11.51,11.53,92020686,1089151616.00
2015-06-09,11.55,12.03,11.20,11.83,71990786,846451520.00
2015-06-10,11.68,12.88,11.53,12.55,100015931,1244234240.00
2015-06-11,12.55,12.88,12.28,12.59,68626758,862705216.00
2015-06-12,12.63,12.88,12.30,12.75,71552592,897781376.00
2015-06-15,12.69,13.50,12.69,12.98,71074441,937435072.00
2015-06-16,12.90,12.90,11.75,11.98,70934422,873125312.00
2015-06-17,11.90,12.35,11.01,12.16,67463878,786108160.00
2015-06-18,12.13,12.13,11.40,11.53,43339034,510128480.00
2015-06-19,11.30,11.30,10.38,10.38,55165062,592512128.00
2015-06-23,10.38,10.58,9.34,9.92,61459948,601478848.00
2015-06-24,10.10,10.59,10.01,10.32,64309291,662451520.00
2015-06-25,10.43,10.49,9.50,9.86,53887426,546805888.00
2015-06-26,9.50,9.50,8.87,8.87,55453525,501914944.00
2015-06-29,9.15,9.30,7.98,7.98,71314540,591958208.00
2015-06-30,7.75,8.50,7.18,8.35,90612465,701750016.00
2015-07-01,8.34,8.77,7.52,7.68,65162826,543739008.00
2015-07-02,7.75,8.01,6.91,6.91,68441071,492169888.00
2015-07-03,6.37,6.83,6.22,6.22,72041551,459127648.00
2015-07-06,6.84,6.84,5.60,5.67,112402289,667189568.00
2015-07-07,5.49,5.49,5.10,5.10,41145468,210896480.00
2015-07-08,4.59,5.61,4.59,5.56,279260615,1393150336.00
2015-07-09,5.25,6.12,5.25,6.12,62265126,363808416.00
2015-07-10,6.50,6.73,6.20,6.73,47846067,317805888.00
2015-07-13,7.07,7.40,6.78,7.40,105454174,762403136.00
2015-07-14,7.35,7.77,7.01,7.20,116748190,862422976.00
2015-07-15,7.00,7.00,6.48,6.48,65720990,438235712.00
2015-07-16,6.48,6.90,5.90,6.75,57518609,377260928.00
2015-07-17,6.76,7.31,6.75,7.18,46113298,326556480.00
2015-07-20,7.18,7.48,7.00,7.18,50476502,364005344.00
2015-07-21,7.03,7.27,6.88,7.15,37195017,265176864.00
2015-07-22,7.12,7.32,6.95,7.26,67907513,484516352.00
2015-07-23,7.25,7.68,7.11,7.60,81747716,607445376.00
2015-07-24,7.61,7.80,7.10,7.23,73582277,554503616.00
2015-07-27,7.01,7.20,6.51,6.51,61104259,421756992.00
2015-07-28,6.25,6.50,5.86,6.16,62150156,379424736.00
2015-07-29,6.30,6.56,5.99,6.54,42476098,264548064.00
2015-07-30,6.56,6.75,6.21,6.25,41806040,272058432.00
2015-07-31,6.24,6.36,6.13,6.28,30130490,188342128.00
2015-08-03,6.17,6.57,6.11,6.56,37980709,238181184.00
2015-08-04,6.54,6.89,6.32,6.85,38733468,259215408.00
2015-08-05,6.90,6.92,6.58,6.65,30774309,207594160.00
2015-08-06,6.55,6.64,6.37,6.45,18966088,123351952.00
2015-08-07,6.50,6.74,6.50,6.64,28398743,187279024.00
2015-08-10,6.69,7.29,6.63,7.09,44639812,311576192.00
2015-08-11,7.10,7.24,7.00,7.09,53515224,381548768.00
2015-08-12,7.00,7.23,6.95,7.09,40690022,289160576.00
2015-08-13,7.06,7.66,7.01,7.50,70082968,517323200.00
2015-08-14,7.50,8.25,7.41,8.25,122642462,986114688.00
2015-08-17,8.48,8.88,8.17,8.36,151272577,1274039168.00
2015-08-18,8.35,8.35,7.52,7.52,98847089,776734016.00
2015-08-19,6.99,7.76,6.79,7.71,71278869,513858944.00
2015-08-20,7.49,7.68,7.19,7.19,49945067,369024992.00
2015-08-21,7.04,7.25,6.53,6.66,42979360,296674144.00
2015-08-24,6.19,6.39,5.99,5.99,31228323,189487392.00
2015-08-25,5.39,5.53,5.39,5.39,31691585,171459616.00
2015-08-26,5.39,5.57,4.85,4.85,65345475,336628608.00
2015-08-27,4.96,5.10,4.58,5.04,40589379,199914624.00
2015-08-28,5.20,5.47,5.02,5.42,47958196,249896240.00
2015-08-31,5.42,5.42,5.07,5.07,30604417,158819328.00
2015-09-01,5.09,5.09,4.61,4.69,28101165,134509632.00
2015-09-02,4.45,4.85,4.35,4.40,31031778,140645456.00
2015-09-07,4.55,4.75,4.48,4.57,26409148,121997512.00
2015-09-08,4.51,4.97,4.50,4.89,22646272,106767616.00
2015-09-09,4.97,5.17,4.97,5.14,34597427,175808768.00
2015-09-10,4.95,5.11,4.95,4.99,21501055,108217352.00
2015-09-11,5.00,5.12,4.91,5.02,20176323,101191064.00
2015-09-14,5.08,5.15,4.52,4.52,28435710,134859392.00
2015-09-15,4.38,4.49,4.07,4.11,26422796,113616024.00
2015-09-16,4.17,4.52,4.13,4.52,26506941,114137152.00
2015-09-17,4.52,4.90,4.39,4.47,35964839,165603680.00
2015-09-22,4.69,4.69,4.69,4.69,0,0.00
数据来源:通达信
