002250 联化科技 日线 前复权
      日期	    开盘	    最高	    最低	    收盘	    成交量	    成交额
2008-06-19,2.02,2.11,1.82,1.86,21706111,291884832.00
2008-06-20,1.72,1.96,1.63,1.68,10522688,131870352.00
2008-06-23,1.60,1.62,1.47,1.47,5811687,65897564.00
2008-06-24,1.50,1.62,1.50,1.58,3633850,41660328.00
2008-06-25,1.55,1.74,1.53,1.69,5126637,61117856.00
2008-06-26,1.66,1.83,1.64,1.76,4989226,62275660.00
2008-06-27,1.66,1.69,1.55,1.59,3440057,40860384.00
2008-06-30,1.58,1.80,1.58,1.80,7422429,93667336.00
2008-07-01,1.74,1.85,1.71,1.76,5235123,66559508.00
2008-07-02,1.75,1.84,1.73,1.77,2886773,36671084.00
2008-07-03,1.73,1.93,1.69,1.85,4574098,59724184.00
2008-07-04,1.85,1.88,1.77,1.82,2701565,34875036.00
2008-07-07,1.85,1.96,1.84,1.91,3581569,47840244.00
2008-07-08,1.90,1.92,1.80,1.89,3689463,48444140.00
2008-07-09,1.89,1.93,1.84,1.91,3984348,52795116.00
2008-07-10,1.87,2.01,1.84,1.92,3846468,52086748.00
2008-07-11,1.92,1.95,1.85,1.88,2242203,29821988.00
2008-07-14,1.85,1.90,1.82,1.87,1902535,25011712.00
2008-07-15,1.89,1.97,1.82,1.83,2974574,39608748.00
2008-07-16,1.78,1.81,1.60,1.69,2996090,36682564.00
2008-07-17,1.69,1.75,1.64,1.66,1992790,24448842.00
2008-07-18,1.68,1.73,1.59,1.72,1414659,17099540.00
2008-07-21,1.66,1.80,1.66,1.80,1998533,25064316.00
2008-07-22,1.78,1.83,1.76,1.78,1140095,14530025.00
2008-07-23,1.85,1.87,1.80,1.80,1792180,23249334.00
2008-07-24,1.83,1.92,1.80,1.89,2062912,27017500.00
2008-07-25,1.87,2.10,1.86,2.01,4888498,67916712.00
2008-07-29,1.97,2.06,1.95,1.97,3481861,48337084.00
2008-07-30,2.00,2.07,1.97,2.05,3046271,42801120.00
2008-07-31,2.05,2.08,1.91,1.93,2429228,33959284.00
2008-08-01,1.93,2.18,1.91,2.18,7194267,104935544.00
2008-08-04,2.16,2.22,2.11,2.15,5120068,76188568.00
2008-08-05,2.16,2.18,2.00,2.06,3453160,49362204.00
2008-08-06,2.10,2.10,1.98,2.02,2949403,41665664.00
2008-08-07,2.01,2.26,2.00,2.19,4337451,63367244.00
2008-08-08,2.18,2.20,1.92,1.92,4167550,58802164.00
2008-08-11,1.84,1.90,1.68,1.72,2820386,35396984.00
2008-08-12,1.69,1.75,1.64,1.74,1687041,20679976.00
2008-08-13,1.71,1.76,1.61,1.76,1576903,19154982.00
2008-08-14,1.73,1.80,1.69,1.76,1316539,16506489.00
2008-08-15,1.73,1.78,1.66,1.70,1280209,15851417.00
2008-08-18,1.74,1.74,1.48,1.53,2161477,24704904.00
2008-08-19,1.50,1.56,1.47,1.54,1065363,11982282.00
2008-08-20,1.53,1.73,1.49,1.71,2287186,27134748.00
2008-08-21,1.65,1.69,1.51,1.60,1991457,23353280.00
2008-08-22,1.56,1.56,1.44,1.52,1417859,15763451.00
2008-08-25,1.52,1.55,1.45,1.51,719328,8048853.00
2008-08-26,1.47,1.47,1.34,1.38,1307995,13837599.00
2008-08-27,1.36,1.42,1.26,1.32,1091452,11087931.00
2008-08-28,1.31,1.35,1.30,1.33,528986,5373900.00
2008-08-29,1.35,1.41,1.32,1.38,862891,8984115.00
2008-09-01,1.36,1.36,1.28,1.30,711000,7143339.00
2008-09-02,1.30,1.31,1.24,1.31,599385,5933230.50
2008-09-03,1.31,1.32,1.27,1.29,408896,4075015.00
2008-09-04,1.33,1.34,1.28,1.32,419275,4249125.00
2008-09-05,1.26,1.29,1.17,1.22,834060,8019697.00
2008-09-08,1.20,1.20,1.05,1.05,1066688,9465452.00
2008-09-09,1.06,1.07,1.03,1.06,473695,4114146.25
2008-09-10,1.04,1.11,1.01,1.07,811992,7092347.50
2008-09-11,1.05,1.07,1.03,1.05,370935,3195351.50
2008-09-12,1.08,1.08,1.03,1.05,344259,3001720.50
2008-09-16,1.04,1.07,1.01,1.06,681361,5833479.50
2008-09-17,1.06,1.06,0.99,1.05,811608,6884798.50
2008-09-18,1.03,1.08,0.97,1.08,1199838,10221408.00
2008-09-19,1.22,1.24,1.17,1.24,6767886,65024336.00
2008-09-22,1.29,1.39,1.20,1.28,6843046,68116320.00
2008-09-23,1.21,1.21,1.10,1.10,3228799,29422704.00
2008-09-24,1.03,1.06,0.98,1.06,2780432,23578686.00
2008-09-25,1.04,1.11,1.04,1.09,2594324,22943116.00
2008-09-26,1.09,1.11,1.02,1.05,2393557,20634688.00
2008-10-06,1.02,1.03,0.96,1.01,1552343,12858307.00
2008-10-07,0.97,1.02,0.95,1.01,1140285,9463599.00
2008-10-08,1.00,1.00,0.96,0.98,1130877,9289740.00
2008-10-09,1.00,1.01,0.97,0.99,979464,8111214.50
2008-10-10,0.95,0.95,0.84,0.86,1613651,12296565.00
2008-10-13,0.82,0.85,0.75,0.85,1406493,10189410.00
2008-10-14,0.89,0.89,0.78,0.78,1551948,11561888.00
2008-10-15,0.76,0.77,0.70,0.73,1228414,8437721.00
2008-10-16,0.69,0.69,0.61,0.62,1402517,9003336.00
2008-10-17,0.64,0.65,0.61,0.64,895438,5679020.50
2008-10-20,0.67,0.75,0.67,0.75,1440011,9848081.00
2008-10-21,0.80,0.83,0.76,0.77,3641723,26332300.00
2008-10-22,0.74,0.81,0.73,0.77,1964884,13923258.00
2008-10-23,0.74,0.82,0.73,0.80,1725737,12360180.00
2008-10-24,0.80,0.82,0.74,0.76,1747213,12441214.00
2008-10-27,0.72,0.74,0.63,0.63,1647088,10800083.00
2008-10-28,0.61,0.72,0.61,0.70,1896328,12363301.00
2008-10-29,0.73,0.74,0.65,0.65,1765821,11681674.00
2008-10-30,0.66,0.70,0.63,0.69,1116469,7318112.50
2008-10-31,0.69,0.72,0.68,0.70,1059872,7069288.50
2008-11-03,0.68,0.73,0.67,0.71,922450,6226643.00
2008-11-04,0.71,0.71,0.64,0.67,740816,4824077.00
2008-11-05,0.68,0.75,0.66,0.74,1507027,10258531.00
2008-11-06,0.70,0.73,0.69,0.72,892074,6021920.00
2008-11-07,0.71,0.77,0.69,0.76,1060995,7362596.50
2008-11-10,0.78,0.86,0.77,0.85,2286936,16754097.00
2008-11-11,0.83,0.85,0.81,0.81,1478394,10928019.00
2008-11-12,0.78,0.86,0.78,0.86,1489005,10996734.00
2008-11-13,0.83,0.93,0.83,0.90,2482727,19222056.00
2008-11-14,0.90,0.95,0.87,0.94,3004962,23584692.00
2008-11-17,0.93,0.99,0.90,0.99,2811557,22867042.00
2008-11-18,0.96,1.05,0.85,0.85,3513375,28182240.00
2008-11-19,0.87,0.98,0.86,0.98,2041287,16129458.00
2008-11-20,0.95,1.01,0.93,0.96,2439695,19975018.00
2008-11-21,0.91,0.96,0.85,0.92,2036865,15999869.00
2008-11-24,0.93,0.95,0.85,0.86,1515807,11917152.00
2008-11-25,0.89,0.90,0.84,0.87,1076836,8209331.50
2008-11-26,0.87,0.91,0.85,0.89,733750,5670414.00
2008-11-27,0.97,0.99,0.91,0.91,2762614,22469406.00
2008-11-28,0.91,0.92,0.86,0.87,1387500,10722067.00
2008-12-01,0.88,0.98,0.87,0.98,2637493,21249302.00
2008-12-02,0.95,1.04,0.94,1.02,3480648,29225292.00
2008-12-03,1.05,1.13,1.02,1.11,4150486,36709440.00
2008-12-04,1.12,1.17,1.05,1.06,5089394,45726820.00
2008-12-05,1.07,1.15,1.05,1.15,3039724,27341154.00
2008-12-08,1.19,1.22,1.14,1.20,4033708,37889920.00
2008-12-09,1.21,1.22,1.12,1.19,2886441,26862076.00
2008-12-10,1.17,1.31,1.16,1.30,4507087,43625280.00
2008-12-11,1.28,1.34,1.22,1.23,3869380,38408768.00
2008-12-12,1.21,1.23,1.06,1.10,3079653,28172030.00
2008-12-15,1.13,1.17,1.08,1.13,1842797,16676737.00
2008-12-16,1.12,1.16,1.05,1.16,2170741,19339640.00
2008-12-17,1.18,1.23,1.16,1.18,2644830,25066210.00
2008-12-18,1.17,1.22,1.15,1.21,1784335,16766317.00
2008-12-19,1.22,1.31,1.22,1.28,3266705,32264136.00
2008-12-22,1.30,1.41,1.29,1.40,5316835,54566044.00
2008-12-23,1.37,1.38,1.22,1.22,3840466,38601308.00
2008-12-24,1.20,1.26,1.15,1.23,2247017,21301598.00
2008-12-25,1.24,1.36,1.24,1.36,3573042,35659744.00
2008-12-26,1.36,1.45,1.31,1.31,5617049,59119032.00
2008-12-29,1.28,1.35,1.21,1.35,3038969,29949822.00
2008-12-30,1.33,1.45,1.32,1.40,4826851,51001736.00
2008-12-31,1.40,1.46,1.35,1.36,3639809,38754056.00
2009-01-05,1.39,1.47,1.37,1.47,4505875,48270880.00
2009-01-06,1.45,1.49,1.42,1.48,3578663,39058628.00
2009-01-07,1.46,1.54,1.45,1.49,3449639,38551832.00
2009-01-08,1.45,1.58,1.43,1.56,3577494,40191088.00
2009-01-09,1.55,1.69,1.54,1.66,4577400,54433032.00
2009-01-12,1.69,1.77,1.63,1.63,5362222,65538132.00
2009-01-13,1.58,1.69,1.54,1.58,4343972,50782280.00
2009-01-14,1.56,1.77,1.56,1.75,4177210,50661648.00
2009-01-15,1.73,1.77,1.68,1.72,3599152,44643896.00
2009-01-16,1.75,1.79,1.66,1.71,3763378,46117896.00
2009-01-19,1.69,1.71,1.62,1.66,2341590,27976800.00
2009-01-20,1.64,1.69,1.64,1.68,1423230,17195834.00
2009-01-21,1.66,1.72,1.60,1.62,2333613,28089180.00
2009-01-22,1.65,1.72,1.62,1.71,2488820,30021284.00
2009-01-23,1.70,1.72,1.65,1.66,2563682,31266694.00
2009-02-02,1.66,1.69,1.63,1.68,1636695,19752934.00
2009-02-03,1.68,1.72,1.66,1.71,2561038,31315350.00
2009-02-04,1.72,1.85,1.69,1.81,4485699,56707452.00
2009-02-05,1.84,1.91,1.78,1.83,4842153,63297100.00
2009-02-06,1.84,1.92,1.84,1.90,3211919,42738696.00
2009-02-09,1.93,1.94,1.86,1.90,3807800,50581072.00
2009-02-10,1.89,1.93,1.84,1.92,2913057,38676796.00
2009-02-11,1.88,1.99,1.85,1.92,3497097,47336588.00
2009-02-12,1.89,1.91,1.81,1.89,2849769,37406308.00
2009-02-13,1.89,1.98,1.88,1.96,3312757,44832972.00
2009-02-16,1.98,2.01,1.91,1.97,2919602,39892540.00
2009-02-17,1.97,1.97,1.84,1.87,2452583,32826822.00
2009-02-18,1.82,1.90,1.81,1.86,2930298,38404624.00
2009-02-19,1.88,2.07,1.87,2.05,4707101,64907340.00
2009-02-20,2.02,2.26,2.02,2.19,5445702,80998256.00
2009-02-23,2.18,2.30,2.16,2.22,4069426,61986604.00
2009-02-24,2.20,2.34,2.19,2.29,4587480,70670816.00
2009-02-25,2.34,2.36,2.14,2.28,4235881,64940268.00
2009-02-26,2.28,2.42,2.00,2.04,5430449,82753368.00
2009-02-27,1.99,2.07,1.79,1.82,4059836,53867036.00
2009-03-02,1.77,1.94,1.77,1.93,2637356,34736932.00
2009-03-03,1.87,2.04,1.84,2.03,3303342,45151232.00
2009-03-04,2.03,2.29,2.03,2.28,4980595,75838480.00
2009-03-05,2.27,2.45,2.18,2.33,5302887,83367664.00
2009-03-06,2.27,2.49,2.26,2.44,5383936,87290168.00
2009-03-09,2.44,2.50,2.31,2.32,4571722,73837104.00
2009-03-10,2.29,2.60,2.29,2.60,6206831,103011512.00
2009-03-11,2.64,2.72,2.54,2.59,5250726,91376592.00
2009-03-12,2.58,2.64,2.29,2.47,5884824,95074000.00
2009-03-13,2.43,2.46,2.32,2.37,3516025,56448924.00
2009-03-16,2.36,2.43,2.23,2.39,2860233,45311812.00
2009-03-17,2.39,2.46,2.29,2.41,4770569,76549208.00
2009-03-18,2.41,2.48,2.35,2.37,5609021,90560240.00
2009-03-19,2.29,2.42,2.29,2.42,7477092,118579728.00
2009-03-20,2.44,2.44,2.32,2.34,4717517,75120368.00
2009-03-23,2.33,2.50,2.31,2.46,5547423,90427032.00
2009-03-24,2.47,2.55,2.41,2.53,5006445,82948440.00
2009-03-25,2.52,2.52,2.34,2.34,3720213,60918444.00
2009-03-26,2.35,2.39,2.25,2.34,2913679,45777576.00
2009-03-27,2.34,2.39,2.30,2.35,3773396,59542576.00
2009-03-30,2.35,2.39,2.32,2.39,2237021,35540292.00
2009-03-31,2.34,2.49,2.32,2.48,3979251,64692780.00
2009-04-01,2.46,2.55,2.44,2.46,3583851,59547936.00
2009-04-02,2.47,2.51,2.43,2.44,3899386,64372976.00
2009-04-03,2.44,2.48,2.36,2.46,3280188,53643632.00
2009-04-07,2.46,2.64,2.45,2.63,5321923,91182392.00
2009-04-08,2.62,2.64,2.43,2.43,4442416,75176520.00
2009-04-09,2.43,2.44,2.36,2.43,2542781,40974436.00
2009-04-10,2.46,2.57,2.42,2.53,3456456,58179872.00
2009-04-14,2.58,2.83,2.58,2.72,6392832,112442272.00
2009-04-15,2.72,2.80,2.60,2.67,4910322,87440560.00
2009-04-16,2.72,2.88,2.66,2.88,5104650,93203352.00
2009-04-17,2.84,2.85,2.57,2.61,4206640,74569296.00
2009-04-20,2.74,2.92,2.74,2.91,6374813,118677240.00
2009-04-21,2.87,2.92,2.78,2.92,4437433,82617976.00
2009-04-22,2.93,2.95,2.61,2.68,4502192,80794632.00
2009-04-23,2.65,2.88,2.64,2.82,2991420,53105100.00
2009-04-24,2.79,3.14,2.79,2.96,6466444,123734624.00
2009-04-27,2.93,3.11,2.81,3.05,5273639,100771336.00
2009-04-28,3.00,3.15,2.93,3.03,4021268,77696776.00
2009-04-29,3.00,3.11,2.94,3.08,3948172,76257880.00
2009-04-30,3.06,3.38,3.06,3.30,6169214,127365360.00
2009-05-04,3.31,3.47,3.24,3.45,4709385,98942584.00
2009-05-05,3.44,3.73,3.34,3.65,5279439,116620624.00
2009-05-06,3.60,4.01,3.60,3.81,5937446,140867728.00
2009-05-07,3.80,3.89,3.62,3.85,5381613,125473328.00
2009-05-08,3.82,3.82,3.49,3.53,5977861,134652016.00
2009-05-11,3.49,3.60,3.22,3.28,4605068,99229400.00
2009-05-12,3.24,3.53,3.22,3.50,3039363,64745080.00
2009-05-13,3.46,3.59,3.42,3.51,3270835,71836936.00
2009-05-14,3.46,3.46,3.33,3.41,2229812,47778420.00
2009-05-15,3.44,3.53,3.41,3.45,1605031,34930616.00
2009-05-18,3.44,3.63,3.33,3.61,2531871,55448908.00
2009-05-19,3.63,3.79,3.60,3.67,3057847,70629360.00
2009-05-20,3.67,3.74,3.55,3.56,2072501,47196660.00
2009-05-21,3.53,3.55,3.34,3.38,3233851,69136400.00
2009-05-22,3.34,3.45,3.33,3.38,1293303,27538452.00
2009-05-25,3.20,3.36,3.20,3.31,1584665,32915124.00
2009-05-26,3.36,3.42,3.30,3.31,1229099,26003554.00
2009-05-27,3.33,3.35,3.23,3.32,1336752,27749838.00
2009-06-01,3.32,3.41,3.27,3.37,1547044,32647564.00
2009-06-02,3.37,3.43,3.32,3.39,1700322,36233908.00
2009-06-03,3.37,3.42,3.36,3.42,1756632,37491516.00
2009-06-04,3.40,3.54,3.39,3.52,2441591,53378484.00
2009-06-05,3.52,3.55,3.29,3.31,3084456,65537624.00
2009-06-08,3.28,3.31,3.10,3.12,2946201,59279600.00
2009-06-09,3.11,3.20,3.06,3.17,1591592,31586278.00
2009-06-10,3.17,3.18,3.13,3.16,1181104,23619356.00
2009-06-11,3.14,3.20,3.11,3.13,1248616,25018434.00
2009-06-12,3.13,3.15,3.05,3.06,1377540,27211068.00
2009-06-15,3.07,3.11,3.05,3.11,878655,17249924.00
2009-06-16,3.09,3.27,3.06,3.27,2081196,41936324.00
2009-06-17,3.23,3.31,3.22,3.26,2089112,43226872.00
2009-06-18,3.26,3.31,3.23,3.24,1995903,41142256.00
2009-06-19,3.27,3.48,3.27,3.44,4542910,96930880.00
2009-06-22,3.47,3.60,3.34,3.36,3748358,81834712.00
2009-06-23,3.29,3.49,3.25,3.44,3051098,65777724.00
2009-06-24,3.44,3.49,3.35,3.44,2233363,48078784.00
2009-06-25,3.46,3.47,3.37,3.38,1409645,30186056.00
2009-06-26,3.40,3.49,3.38,3.44,2003062,43385456.00
2009-06-29,3.42,3.45,3.32,3.32,2396274,50592120.00
2009-06-30,3.32,3.36,3.21,3.23,1944571,40043540.00
2009-07-01,3.23,3.29,3.23,3.26,1141532,23506300.00
2009-07-02,3.26,3.31,3.22,3.30,1487582,30768404.00
2009-07-03,3.26,3.48,3.24,3.46,2949665,62746688.00
2009-07-06,3.45,3.57,3.42,3.47,2611949,57220680.00
2009-07-07,3.47,3.85,3.40,3.75,6019371,136966256.00
2009-07-08,3.70,3.75,3.58,3.69,3540330,80813200.00
2009-07-09,3.67,3.87,3.67,3.78,2976766,70308120.00
2009-07-10,3.76,4.04,3.74,3.90,4217634,102560584.00
2009-07-13,3.87,4.01,3.82,3.82,3441884,83331848.00
2009-07-14,3.81,3.92,3.81,3.84,2458999,58854236.00
2009-07-15,3.87,4.03,3.85,3.93,2929185,71614408.00
2009-07-16,3.95,4.12,3.91,4.07,3304503,82737312.00
2009-07-17,4.07,4.10,3.87,3.94,3316342,81772992.00
2009-07-20,3.96,3.97,3.87,3.91,2605998,63218228.00
2009-07-21,3.96,4.16,3.91,4.06,4525212,112968952.00
2009-07-22,4.07,4.46,4.01,4.27,5430627,142018480.00
2009-07-23,4.28,4.55,4.23,4.36,4254567,114462552.00
2009-07-24,4.37,4.46,4.18,4.30,3239767,85529328.00
2009-07-27,4.38,4.78,4.37,4.78,5167622,143730224.00
2009-07-28,4.67,4.98,4.67,4.90,4619937,135369264.00
2009-07-29,4.87,4.91,4.37,4.37,5839662,162285808.00
2009-07-30,4.37,4.46,4.00,4.25,5519423,143118608.00
2009-07-31,4.11,4.25,3.94,4.23,8695078,219368416.00
2009-08-03,4.16,4.22,4.09,4.17,4714332,120682272.00
2009-08-04,4.18,4.36,4.16,4.22,5038553,131827768.00
2009-08-05,4.24,4.27,4.07,4.10,3692611,94271016.00
2009-08-06,4.10,4.17,3.94,4.10,3413733,85021600.00
2009-08-07,4.08,4.16,4.00,4.03,2580713,65179144.00
2009-08-10,4.05,4.13,4.00,4.05,1783648,44616608.00
2009-08-11,4.09,4.19,4.06,4.18,2485190,63203580.00
2009-08-12,4.19,4.23,3.94,3.96,2576210,65159688.00
2009-08-13,3.95,4.01,3.83,3.84,1975413,47507528.00
2009-08-14,3.87,3.90,3.65,3.65,1863317,43624260.00
2009-08-17,3.58,3.58,3.27,3.28,1993699,42933448.00
2009-08-18,3.26,3.49,3.22,3.42,2244093,47425344.00
2009-08-19,3.42,3.42,3.22,3.24,1556525,32706594.00
2009-08-20,3.25,3.46,3.25,3.44,1999913,42244432.00
2009-08-21,3.40,3.54,3.38,3.53,2219177,48276316.00
2009-08-24,3.50,3.63,3.46,3.58,2470612,54925828.00
2009-08-25,3.51,3.83,3.48,3.69,4254395,96873872.00
2009-08-26,3.67,3.83,3.62,3.77,2965729,69394864.00
2009-08-27,3.76,3.87,3.72,3.72,1999494,46944052.00
2009-08-28,3.72,3.79,3.53,3.56,1911740,43195604.00
2009-08-31,3.50,3.50,3.24,3.24,1569315,33369524.00
2009-09-01,3.22,3.36,3.20,3.26,1178298,24474310.00
2009-09-02,3.23,3.31,3.18,3.24,1023956,20989218.00
2009-09-03,3.23,3.43,3.23,3.42,1278851,26960034.00
2009-09-04,3.39,3.47,3.38,3.44,1477930,31863992.00
2009-09-07,3.46,3.60,3.44,3.51,1790613,39690300.00
2009-09-08,3.48,3.64,3.43,3.58,1695939,37608652.00
2009-09-09,3.61,3.64,3.51,3.60,1514814,33874984.00
2009-09-10,3.58,3.67,3.54,3.59,1601236,36142072.00
2009-09-11,3.61,3.64,3.56,3.61,1370598,30963402.00
2009-09-14,3.63,3.80,3.63,3.77,2296286,53459980.00
2009-09-15,3.78,3.84,3.71,3.74,1808114,42327564.00
2009-09-16,3.73,3.81,3.67,3.77,1814908,42260480.00
2009-09-17,3.77,3.98,3.77,3.91,2393819,57793976.00
2009-09-18,3.96,4.17,3.84,3.89,3495488,86940608.00
2009-09-21,3.87,4.04,3.84,4.04,2652070,64746944.00
2009-09-22,4.03,4.30,3.99,4.10,4272212,109867408.00
2009-09-23,4.10,4.17,3.99,4.02,2265532,56634448.00
2009-09-24,4.00,4.00,3.69,3.81,2421277,57877436.00
2009-09-25,3.83,3.96,3.82,3.87,1459590,35304100.00
2009-09-28,3.88,3.94,3.69,3.69,1142412,27123670.00
2009-09-29,3.67,3.74,3.51,3.54,1110221,24891404.00
2009-09-30,3.59,3.67,3.57,3.60,813066,18369828.00
2009-10-09,3.91,4.00,3.85,4.00,2564139,63100396.00
2009-10-12,4.13,4.27,4.10,4.17,4218935,108931480.00
2009-10-13,4.16,4.40,4.14,4.28,3450039,91020808.00
2009-10-14,4.31,4.44,4.27,4.29,3250466,86697264.00
2009-10-15,4.30,4.58,4.30,4.52,4242341,115134440.00
2009-10-16,4.52,4.53,4.36,4.50,2731139,74301896.00
2009-10-19,4.49,4.56,4.41,4.53,2262506,62189548.00
2009-10-20,4.51,4.63,4.48,4.57,2246812,62428568.00
2009-10-21,4.57,4.59,4.42,4.43,2416572,66249436.00
2009-10-22,4.41,4.65,4.39,4.63,2693080,74859256.00
2009-10-23,4.60,4.77,4.57,4.63,3346848,95135800.00
2009-10-26,4.63,4.70,4.53,4.61,1934661,54290792.00
2009-10-27,4.59,4.74,4.57,4.66,2481613,70695360.00
2009-10-28,4.61,4.67,4.46,4.67,1736104,48578456.00
2009-10-29,4.53,4.80,4.52,4.67,2237092,63581480.00
2009-10-30,4.73,4.98,4.66,4.67,3720624,108940904.00
2009-11-02,4.53,4.94,4.44,4.90,2507412,72635984.00
2009-11-03,4.93,4.97,4.86,4.91,1590856,47356552.00
2009-11-04,4.93,5.22,4.88,5.15,2399644,73961104.00
2009-11-05,5.15,5.22,5.07,5.16,1367582,42435620.00
2009-11-06,5.25,5.25,5.10,5.14,1479078,46161668.00
2009-11-09,5.14,5.18,5.06,5.16,1180429,36472900.00
2009-11-10,5.20,5.31,5.08,5.09,1391921,43559220.00
2009-11-11,5.09,5.16,5.06,5.11,946711,29203370.00
2009-11-12,5.18,5.24,5.11,5.14,1288971,40217500.00
2009-11-13,5.10,5.38,5.10,5.36,1891206,59302140.00
2009-11-16,5.36,5.48,5.31,5.38,1854651,60306720.00
2009-11-17,5.38,5.50,5.36,5.43,1105667,36106720.00
2009-11-18,5.44,5.44,5.31,5.40,1180215,38164084.00
2009-11-19,5.40,5.46,5.31,5.45,1315526,42622640.00
2009-11-20,5.40,5.51,5.33,5.46,1211178,39559412.00
2009-11-23,5.43,5.58,5.40,5.54,1161714,38303732.00
2009-11-24,5.55,5.58,5.17,5.18,2930963,94290072.00
2009-11-25,5.19,5.59,5.16,5.52,2643271,85819896.00
2009-11-26,5.52,5.74,5.18,5.18,3419877,112769768.00
2009-11-27,5.18,5.35,5.11,5.17,2749694,86724432.00
2009-11-30,5.27,5.73,5.22,5.73,3516253,116685328.00
2009-12-01,5.73,5.91,5.65,5.83,2511421,86795512.00
2009-12-02,5.83,6.19,5.77,6.08,3326719,119269712.00
2009-12-03,6.01,6.14,5.97,6.09,1896053,68307608.00
2009-12-04,6.02,6.18,5.58,5.69,3141665,109435304.00
2009-12-07,5.69,6.26,5.69,6.20,2274067,80697912.00
2009-12-08,6.12,6.45,6.09,6.29,3180175,119067488.00
2009-12-09,6.17,6.28,6.03,6.11,1974408,72325840.00
2009-12-10,6.16,6.49,6.12,6.35,2903706,109431688.00
2009-12-11,6.30,6.46,6.19,6.30,1860796,69914136.00
2009-12-14,6.31,6.39,6.24,6.33,1381002,52018880.00
2009-12-15,6.34,6.34,6.15,6.17,1969425,72766600.00
2009-12-16,6.15,6.19,5.92,5.95,1853387,66474884.00
2009-12-17,5.94,6.02,5.82,5.84,1834811,64713508.00
2009-12-18,5.79,5.96,5.77,5.83,1708229,59870908.00
2009-12-21,5.85,5.97,5.83,5.94,1263206,44709804.00
2009-12-22,5.96,5.96,5.40,5.43,2671742,90684280.00
2009-12-23,5.45,5.59,5.37,5.52,1977047,65310572.00
2009-12-24,5.58,6.06,5.53,5.96,2915533,101702368.00
2009-12-25,5.96,6.06,5.85,5.92,2292918,81330608.00
2009-12-28,5.93,6.01,5.93,6.00,1151059,41115696.00
2009-12-29,6.17,6.63,6.17,6.50,3765113,145175520.00
2009-12-30,6.46,6.84,6.44,6.74,3602631,143143488.00
2009-12-31,6.75,7.43,6.75,7.32,4170491,176617600.00
2010-01-04,7.27,7.52,7.12,7.25,3991285,171828320.00
2010-01-05,7.25,7.51,7.21,7.48,3298271,143430336.00
2010-01-06,7.59,7.76,7.28,7.31,2902343,128328832.00
2010-01-07,7.38,7.38,7.02,7.18,2902757,123320752.00
2010-01-08,7.20,7.54,7.15,7.47,2728148,119150360.00
2010-01-11,7.48,7.75,7.35,7.68,2735648,121655000.00
2010-01-12,7.70,7.86,7.51,7.61,2997070,135118976.00
2010-01-13,7.46,7.61,7.39,7.40,2548573,111844696.00
2010-01-14,7.42,7.56,7.31,7.49,2217607,97181888.00
2010-01-15,7.49,7.59,7.36,7.53,1581515,69668696.00
2010-01-18,7.46,7.50,7.36,7.49,1536105,67374248.00
2010-01-19,7.48,7.88,7.48,7.68,2246898,102125376.00
2010-01-20,7.61,7.75,7.00,7.02,3946251,168860992.00
2010-01-21,7.02,7.19,6.97,7.02,1607191,67187856.00
2010-01-25,6.66,7.35,6.60,7.11,2844510,118069432.00
2010-01-26,7.11,7.34,7.01,7.14,1885172,79897248.00
2010-01-27,7.05,7.29,7.05,7.14,1423725,60205012.00
2010-01-28,7.14,7.46,7.00,7.45,2526710,108243456.00
2010-01-29,7.45,7.71,7.41,7.48,2268914,101429808.00
2010-02-01,7.47,7.54,7.06,7.20,1900105,81039976.00
2010-02-02,7.26,7.29,6.79,6.79,2590142,106520920.00
2010-02-03,6.75,6.84,6.44,6.76,1864757,73755336.00
2010-02-04,6.74,6.99,6.69,6.76,1147132,46641632.00
2010-02-05,6.57,6.96,6.48,6.87,903443,36398696.00
2010-02-08,6.87,6.88,6.66,6.77,495015,19898236.00
2010-02-09,6.75,6.87,6.72,6.86,386593,15587416.00
2010-02-10,7.02,7.04,6.90,6.98,863074,35730052.00
2010-02-11,6.98,7.29,6.93,7.13,1032302,43785964.00
2010-02-12,7.14,7.52,7.14,7.40,1342106,58319064.00
2010-02-22,7.39,7.50,7.29,7.32,809531,35296684.00
2010-02-23,7.29,7.38,7.24,7.34,1122252,48325928.00
2010-02-24,7.34,7.70,7.30,7.70,2406932,107714840.00
2010-02-25,7.68,7.75,7.58,7.70,1290386,58141940.00
2010-02-26,7.70,7.80,7.58,7.67,1509007,68258592.00
2010-03-01,7.62,7.73,7.58,7.67,981199,44145060.00
2010-03-02,7.69,7.69,7.41,7.43,1833926,81168416.00
2010-03-03,7.39,7.48,7.29,7.39,1037655,45174116.00
2010-03-04,7.39,7.75,7.33,7.36,1879693,83639248.00
2010-03-05,7.38,7.57,7.36,7.52,1434313,63050400.00
2010-03-08,7.57,7.67,7.54,7.56,853331,38215232.00
2010-03-09,7.53,7.70,7.49,7.69,1139439,51199616.00
2010-03-10,7.70,7.73,7.35,7.41,1132765,50187100.00
2010-03-11,7.41,7.49,7.11,7.28,1314389,56363892.00
2010-03-12,7.24,7.33,7.11,7.17,1016827,43201048.00
2010-03-15,7.21,7.29,7.18,7.24,727361,31086278.00
2010-03-16,7.21,7.55,7.21,7.48,1666517,72865576.00
2010-03-17,7.51,7.83,7.51,7.79,1958341,88695672.00
2010-03-18,7.91,8.07,7.83,7.84,1893591,88270536.00
2010-03-19,7.84,7.96,7.67,7.88,1480853,68070848.00
2010-03-22,7.98,8.03,7.53,7.58,3186700,144301392.00
2010-03-23,7.83,7.91,7.61,7.75,2422689,110301536.00
2010-03-24,7.76,8.45,7.68,8.26,3426570,162390208.00
2010-03-25,8.21,8.21,8.00,8.13,2044926,97154408.00
2010-03-26,8.01,8.19,8.01,8.07,998901,47499000.00
2010-03-29,8.13,8.19,7.85,7.86,1726508,80497952.00
2010-03-30,7.83,7.98,7.81,7.86,1254170,58006020.00
2010-03-31,7.83,8.10,7.83,8.10,1503079,70468568.00
2010-04-01,8.12,8.28,8.04,8.13,1584906,75730280.00
2010-04-02,8.10,8.13,7.90,7.99,1340288,62761104.00
2010-04-06,7.99,8.15,7.88,8.11,1006030,47482728.00
2010-04-07,8.03,8.37,8.03,8.37,2266474,110133880.00
2010-04-08,8.42,8.45,8.19,8.23,1715175,83804704.00
2010-04-09,8.23,9.05,8.23,8.74,3852125,196581872.00
2010-04-12,8.73,9.10,8.68,9.01,2589371,134343104.00
2010-04-13,9.09,9.14,8.15,8.61,3047217,153971728.00
2010-04-14,8.57,9.03,8.47,8.89,2347105,121587640.00
2010-04-15,8.94,8.98,8.40,8.79,1774997,90307880.00
2010-04-16,8.69,9.08,8.67,8.92,1779288,92512712.00
2010-04-20,8.82,9.24,8.51,9.10,2748003,144242368.00
2010-04-21,9.20,9.80,9.09,9.73,3244790,179213696.00
2010-04-22,9.73,10.25,9.64,10.12,2497956,144417504.00
2010-04-23,10.15,10.19,9.68,9.84,2551779,146880400.00
2010-04-26,9.79,10.09,9.58,9.63,2147493,122355368.00
2010-04-27,9.60,9.85,8.85,9.20,3419074,97754648.00
2010-04-28,8.85,9.76,8.85,9.43,3688655,106286480.00
2010-04-29,9.53,9.58,8.44,8.44,4262219,115723968.00
2010-04-30,8.32,8.64,7.82,8.51,4866929,122755296.00
2010-05-04,8.16,8.95,8.01,8.88,3481022,92323272.00
2010-05-05,8.75,9.34,8.75,9.30,3939838,109182352.00
2010-05-06,9.19,9.65,9.12,9.14,3626298,103935040.00
2010-05-07,8.84,9.51,8.84,9.43,4149070,118305800.00
2010-05-10,9.46,9.62,9.02,9.32,2631445,74058904.00
2010-05-11,9.43,9.56,8.63,8.67,2947231,81361216.00
2010-05-12,8.61,8.61,7.99,8.16,2086186,52850032.00
2010-05-13,8.09,8.71,8.06,8.69,2111826,54544128.00
2010-05-14,8.59,8.93,8.51,8.78,1579497,42393884.00
2010-05-17,8.70,8.78,8.34,8.35,1651721,43178052.00
2010-05-18,8.32,8.63,7.82,8.49,1753638,44213788.00
2010-05-19,8.54,8.59,8.10,8.35,1807758,46226320.00
2010-05-20,8.23,8.60,8.23,8.34,1460961,37799396.00
2010-05-21,8.11,8.67,8.02,8.64,1839404,47768996.00
2010-05-24,8.81,9.25,8.71,9.11,2302950,63629308.00
2010-05-25,9.10,9.19,8.87,8.93,1608561,44287924.00
2010-05-26,8.92,9.12,8.80,8.94,1376573,37466028.00
2010-05-27,8.99,9.25,8.85,9.21,1940899,53829236.00
2010-05-28,9.30,9.63,9.29,9.41,3251026,93427680.00
2010-05-31,9.42,9.70,9.19,9.52,3128851,90861648.00
2010-06-01,9.41,9.59,9.14,9.35,2241068,63762204.00
2010-06-03,9.49,10.03,9.49,9.75,3628408,108191208.00
2010-06-04,9.73,10.11,9.70,9.81,3031580,91253000.00
2010-06-07,9.66,10.00,9.53,9.87,1882415,56206000.00
2010-06-08,9.93,10.72,9.87,10.63,4243827,132880296.00
2010-06-09,10.67,10.84,10.38,10.59,3307820,106055568.00
2010-06-10,10.59,10.90,10.49,10.69,2535032,82410112.00
2010-06-11,10.71,10.86,10.57,10.69,1522207,49224196.00
2010-06-17,10.59,10.72,9.73,9.74,4497693,137291920.00
2010-06-18,9.63,9.84,9.29,9.36,2486530,71566880.00
2010-06-21,9.39,9.99,9.15,9.91,2014420,58625884.00
2010-06-22,9.95,10.31,9.80,10.05,1908247,58719236.00
2010-06-23,9.97,9.97,9.60,9.88,1757512,52484272.00
2010-06-24,9.88,9.94,9.74,9.87,976824,29165912.00
2010-06-25,9.87,9.90,9.63,9.87,1038948,31002268.00
2010-06-28,9.80,9.84,9.43,9.49,819400,23905020.00
2010-06-29,9.56,9.56,8.88,8.91,1836270,50952720.00
2010-06-30,8.91,9.05,8.54,9.05,1580117,41856384.00
2010-07-01,8.96,9.22,8.88,8.88,1370410,37652700.00
2010-07-02,8.84,8.84,8.36,8.57,1493866,39161936.00
2010-07-05,8.57,8.81,8.25,8.74,868743,22953006.00
2010-07-06,8.69,9.29,8.53,9.22,1442653,39861720.00
2010-07-07,9.18,9.58,9.05,9.54,1265006,36043928.00
2010-07-08,9.60,9.84,9.42,9.64,1578293,46023804.00
2010-07-09,9.53,9.81,9.53,9.62,1132670,33378156.00
2010-07-12,9.66,9.66,9.13,9.18,3668249,103922456.00
2010-07-13,9.15,9.19,8.77,8.77,3433774,92676808.00
2010-07-14,8.84,9.11,8.84,9.06,1771803,48754472.00
2010-07-15,9.06,9.20,8.87,8.98,1068579,29586648.00
2010-07-16,8.88,9.10,8.81,9.03,698496,19047152.00
2010-07-19,8.89,9.17,8.89,9.12,960913,26575584.00
2010-07-20,9.19,9.44,9.12,9.39,1951809,55323700.00
2010-07-21,9.34,9.45,9.22,9.32,1364497,38899668.00
2010-07-22,9.29,9.39,9.01,9.38,1598110,44848640.00
2010-07-23,9.38,9.72,9.19,9.67,2554227,73722288.00
2010-07-26,9.65,9.79,9.53,9.67,1605494,47210644.00
2010-07-27,9.67,9.82,9.60,9.66,1270813,37486676.00
2010-07-28,9.58,9.79,9.57,9.70,2128923,62681828.00
2010-07-29,9.70,9.76,9.56,9.72,1743868,51244688.00
2010-07-30,9.73,9.76,9.63,9.66,1271417,37438280.00
2010-08-02,9.67,10.14,9.66,10.06,2884676,87652040.00
2010-08-03,10.12,10.13,9.75,9.75,1997345,60143764.00
2010-08-04,9.66,9.86,9.50,9.69,1630287,47627752.00
2010-08-05,9.79,9.86,9.61,9.71,1488994,44062960.00
2010-08-06,9.73,10.17,9.73,10.11,3333993,101555680.00
2010-08-09,10.18,10.75,10.11,10.58,3331795,106620712.00
2010-08-10,10.55,10.72,10.27,10.39,2680074,85181336.00
2010-08-11,10.23,10.86,10.21,10.84,3005416,96869296.00
2010-08-13,10.74,10.99,10.52,10.82,2576279,84004184.00
2010-08-16,10.78,10.96,10.67,10.84,2421307,79438744.00
2010-08-17,10.88,11.17,10.56,10.74,2864061,93599024.00
2010-08-18,10.72,10.72,10.49,10.62,1917474,61579104.00
2010-08-19,10.64,10.72,10.54,10.62,1722630,55506052.00
2010-08-20,10.55,10.63,10.16,10.18,1853670,58196104.00
2010-08-23,10.25,10.38,10.18,10.27,810374,25355646.00
2010-08-24,10.28,10.57,10.28,10.48,1065416,33947600.00
2010-08-25,10.47,10.55,10.32,10.44,1500234,47458232.00
2010-08-26,10.38,10.51,10.34,10.50,914080,28846512.00
2010-08-27,10.49,11.12,10.49,11.00,4139578,136536752.00
2010-08-30,11.07,11.65,11.07,11.58,4816624,166792272.00
2010-08-31,11.56,11.69,11.41,11.59,2573258,90152664.00
2010-09-01,11.61,11.66,11.24,11.44,1927364,66495768.00
2010-09-02,11.56,11.57,11.30,11.41,1453376,50344024.00
2010-09-03,11.48,11.77,11.36,11.63,1431980,50260428.00
2010-09-06,11.75,11.85,11.39,11.43,1549885,54155712.00
2010-09-07,11.44,11.77,11.44,11.53,1075825,37666640.00
2010-09-08,11.44,11.65,11.39,11.63,1101067,38364480.00
2010-09-09,11.65,11.82,11.48,11.59,1122894,39362936.00
2010-09-10,11.60,12.58,11.55,12.46,3113773,113707960.00
2010-09-13,12.46,12.49,11.93,12.36,2143370,79009976.00
2010-09-14,12.26,12.36,12.10,12.29,1023883,37727660.00
2010-09-15,12.23,12.37,11.96,11.97,976828,35852496.00
2010-09-16,11.97,12.18,11.45,11.51,1219154,42930028.00
2010-09-17,11.51,11.73,11.44,11.73,877993,30815360.00
2010-09-20,11.62,11.96,11.62,11.68,850542,30304098.00
2010-09-21,11.81,12.09,11.70,12.00,1096058,39696632.00
2010-09-27,11.92,12.23,11.75,12.21,1448349,52570788.00
2010-09-28,12.18,12.46,12.03,12.43,1595289,59522212.00
2010-09-29,12.42,12.59,11.89,12.30,1419821,52100108.00
2010-09-30,12.26,12.37,11.99,12.37,1072249,39433108.00
2010-10-08,12.46,12.57,12.28,12.48,1635123,61440016.00
2010-10-11,12.95,12.99,11.88,12.25,2632563,97452832.00
2010-10-13,12.41,12.41,10.98,11.15,6126010,209236464.00
2010-10-14,11.05,11.30,10.56,10.92,3794145,125894456.00
2010-10-15,10.79,11.06,10.54,10.66,3076204,100179088.00
2010-10-18,10.62,10.62,9.87,10.23,2860883,87732760.00
2010-10-19,10.28,10.92,10.25,10.89,2191664,71087376.00
2010-10-20,10.66,11.20,10.45,11.10,2698860,89654368.00
2010-10-21,11.11,11.58,11.10,11.23,2938069,100614384.00
2010-10-22,11.36,11.37,11.02,11.25,1938026,65650164.00
2010-10-25,11.31,11.37,11.20,11.32,2852107,97335248.00
2010-10-26,11.31,11.70,11.31,11.65,3682213,128468400.00
2010-10-27,11.65,11.92,11.55,11.65,2769489,98396504.00
2010-10-28,11.65,12.08,11.62,11.96,3536804,127397144.00
2010-10-29,11.99,12.43,11.99,12.26,3053021,113169288.00
2010-11-01,12.26,12.84,12.14,12.69,3675134,139132864.00
2010-11-02,12.67,12.67,12.22,12.36,2576934,96436000.00
2010-11-03,12.27,12.27,11.89,11.89,2232785,81451160.00
2010-11-04,11.70,12.19,11.70,12.02,1276506,46256956.00
2010-11-05,12.03,12.34,11.92,12.23,1105540,40622056.00
2010-11-08,12.26,12.46,12.04,12.46,1217769,44924364.00
2010-11-09,12.56,12.80,12.46,12.53,1853418,70424240.00
2010-11-10,12.50,12.64,12.37,12.46,1144028,42989876.00
2010-11-11,12.38,12.66,12.30,12.48,1867067,70424312.00
2010-11-12,12.46,12.46,11.60,11.68,1883999,68145736.00
2010-11-15,11.56,11.93,11.56,11.90,746003,26614400.00
2010-11-16,11.84,12.15,11.58,11.90,1432718,51755516.00
2010-11-17,11.87,12.12,11.03,11.20,971647,34478876.00
2010-11-18,11.33,11.55,11.05,11.28,676390,23109290.00
2010-11-19,11.45,11.87,11.30,11.85,1239112,43589492.00
2010-11-22,11.92,12.43,11.76,12.25,1658856,61113044.00
2010-11-23,12.27,12.27,11.75,12.18,924486,33384132.00
2010-11-24,12.28,12.41,11.93,12.29,1012579,37555440.00
2010-11-25,12.40,12.59,11.98,12.53,1740774,65002456.00
2010-11-26,12.35,12.70,12.24,12.30,1103759,41419960.00
2010-11-29,12.16,12.50,12.15,12.47,816528,30325948.00
2010-11-30,12.55,12.59,11.85,12.15,2250133,82980224.00
2010-12-01,12.25,12.25,12.09,12.23,774568,28514114.00
2010-12-03,12.19,12.26,11.92,12.24,959140,34962348.00
2010-12-06,12.15,12.43,11.90,12.43,1114848,40912264.00
2010-12-07,12.39,12.54,12.19,12.53,862366,32297166.00
2010-12-08,12.53,13.35,12.45,13.31,4391042,172221632.00
2010-12-09,13.08,13.22,12.74,13.08,1984413,77368752.00
2010-12-10,12.95,13.47,12.81,13.47,2405809,96223064.00
2010-12-13,13.47,14.08,13.41,13.41,2838606,117301888.00
2010-12-14,13.41,13.76,13.23,13.63,1445610,58816980.00
2010-12-15,13.59,13.62,13.25,13.26,912086,36870448.00
2010-12-16,13.27,13.60,13.11,13.40,772175,30997694.00
2010-12-17,13.43,13.53,13.29,13.34,431129,17382302.00
2010-12-20,13.30,13.53,12.78,13.44,1063147,42305192.00
2010-12-21,13.43,13.61,13.24,13.59,858280,34790772.00
2010-12-22,13.63,13.65,13.27,13.32,583676,23493866.00
2010-12-23,13.32,13.43,13.07,13.07,574033,22796468.00
2010-12-24,13.01,13.01,12.73,12.83,799443,30904788.00
2010-12-27,12.91,13.11,12.56,12.59,947652,36594664.00
2010-12-28,12.45,12.77,12.33,12.60,973308,36892224.00
2010-12-29,12.70,13.29,12.57,13.15,655657,25633694.00
2010-12-30,13.15,13.42,13.08,13.26,1010709,40367512.00
2010-12-31,13.12,13.66,13.12,13.63,2967506,120634392.00
2011-01-04,13.63,13.80,13.39,13.56,890723,36315564.00
2011-01-05,13.66,13.66,13.12,13.20,1038095,41479500.00
2011-01-06,13.20,13.29,12.90,12.92,991563,38940028.00
2011-01-07,13.05,13.33,12.91,12.94,735644,29026230.00
2011-01-10,12.95,12.95,12.48,12.50,972149,37078892.00
2011-01-11,12.52,13.00,12.52,12.61,1040596,39864468.00
2011-01-12,12.81,12.96,12.61,12.96,554152,21363844.00
2011-01-13,12.98,13.11,12.76,12.79,415622,16099446.00
2011-01-14,12.78,12.78,12.40,12.47,480703,18165420.00
2011-01-17,12.47,12.47,11.92,11.98,442812,16209121.00
2011-01-18,11.94,12.25,11.94,12.09,354555,12973127.00
2011-01-19,12.09,12.42,12.09,12.26,245934,9118956.00
2011-01-20,12.37,12.37,12.02,12.09,295619,10857413.00
2011-01-21,11.94,12.25,11.94,12.09,342062,12454909.00
2011-01-24,12.15,12.15,10.85,11.14,1043941,36359492.00
2011-01-25,11.13,11.16,10.66,10.67,439769,14358813.00
2011-01-26,10.99,11.06,10.72,11.00,434524,14399346.00
2011-01-27,10.99,11.19,10.75,11.10,780086,26173810.00
2011-01-28,11.23,11.43,11.10,11.37,795738,27295248.00
2011-01-31,11.24,11.57,11.10,11.48,728304,24942260.00
2011-02-01,11.42,11.58,11.34,11.48,366891,12738105.00
2011-02-09,11.37,11.53,11.14,11.41,724590,24790162.00
2011-02-10,11.33,11.54,11.18,11.53,713299,24672936.00
2011-02-11,11.53,11.87,11.53,11.71,1113345,39522508.00
2011-02-14,11.86,12.08,11.84,11.90,1074522,38761668.00
2011-02-15,11.91,12.09,11.90,12.01,916858,33311878.00
2011-02-16,11.96,12.78,11.85,12.45,1279891,47469124.00
2011-02-17,12.41,12.52,12.23,12.27,805299,29944646.00
2011-02-18,12.26,12.46,12.14,12.28,472431,17496734.00
2011-02-22,12.41,12.74,12.29,12.32,1874359,70650008.00
2011-02-23,12.23,12.43,12.10,12.32,1027368,37875120.00
2011-02-24,12.32,12.47,12.16,12.42,911274,33764048.00
2011-02-25,12.42,12.43,12.19,12.24,633637,23425400.00
2011-02-28,12.09,12.54,12.09,12.42,698422,26185804.00
2011-03-01,12.49,12.49,12.24,12.33,776603,28777602.00
2011-03-02,12.33,12.41,12.23,12.39,484814,17921088.00
2011-03-03,12.39,12.43,11.84,11.93,1463961,52993724.00
2011-03-04,11.83,11.97,11.42,11.55,1717022,59775460.00
2011-03-07,11.55,11.80,11.28,11.65,2728678,93958064.00
2011-03-08,11.59,11.69,11.49,11.66,839144,29196202.00
2011-03-09,11.65,11.78,11.64,11.72,685608,24169428.00
2011-03-10,11.72,11.78,11.65,11.73,720853,25373980.00
2011-03-11,11.73,11.81,11.31,11.47,2254702,78064824.00
2011-03-14,11.31,11.63,11.24,11.55,1153724,39523368.00
2011-03-15,11.55,11.55,10.97,11.37,1176522,39970460.00
2011-03-16,11.37,11.68,11.37,11.60,844485,29346584.00
2011-03-17,11.57,11.92,11.51,11.74,1633875,57596200.00
2011-03-18,11.92,12.05,11.82,11.92,1158993,41616340.00
2011-03-21,11.89,12.04,11.74,11.81,475717,16926058.00
2011-03-22,11.80,11.89,11.43,11.56,601325,20937142.00
2011-03-23,11.61,11.82,11.48,11.80,791396,27650716.00
2011-03-24,11.94,12.45,11.89,12.33,2678352,98803528.00
2011-03-25,12.53,12.53,12.23,12.40,1196461,44339476.00
2011-03-28,12.40,12.40,12.12,12.13,1916999,70133320.00
2011-03-29,12.13,12.13,11.84,11.87,954915,34267120.00
2011-03-30,11.89,11.99,11.71,11.72,689068,24397084.00
2011-03-31,11.74,11.96,11.72,11.74,448119,15875857.00
2011-04-01,11.84,12.13,11.65,12.10,603778,21592498.00
2011-04-06,12.10,12.32,12.03,12.09,712255,25888134.00
2011-04-07,12.18,12.18,11.66,11.89,1152400,40919800.00
2011-04-08,11.89,12.16,11.79,11.90,2908198,103943488.00
2011-04-14,11.99,12.08,11.72,11.96,3470301,124569616.00
2011-04-15,11.96,11.96,11.77,11.94,476244,16957882.00
2011-04-18,11.82,12.17,11.82,11.93,1048627,37893200.00
2011-04-19,11.91,11.91,11.55,11.81,1107725,39033812.00
2011-04-20,11.80,11.94,11.66,11.80,611989,21701772.00
2011-04-21,11.82,12.17,11.82,12.09,1460398,53091220.00
2011-04-22,12.15,12.26,11.82,11.92,669625,24012428.00
2011-04-25,11.89,11.89,11.71,11.84,621500,22073172.00
2011-04-26,11.82,11.82,11.41,11.48,886970,30813548.00
2011-04-27,11.54,11.54,11.20,11.27,1166072,40016028.00
2011-04-28,11.28,11.46,10.93,10.96,1029526,34491532.00
2011-04-29,10.97,11.23,10.96,11.19,470783,15799752.00
2011-05-03,11.24,11.29,11.14,11.20,595734,20095246.00
2011-05-04,11.20,11.20,10.98,10.99,859669,28607868.00
2011-05-05,10.96,11.24,10.96,11.09,315944,10522264.00
2011-05-06,10.96,11.17,10.93,11.06,421631,14026066.00
2011-05-09,11.14,11.32,11.06,11.31,983755,33255992.00
2011-05-10,11.31,11.44,11.25,11.36,484017,16478523.00
2011-05-11,11.44,11.44,11.25,11.28,166865,5666022.50
2011-05-12,11.24,11.39,11.17,11.20,265312,8989173.00
2011-05-13,11.20,11.30,11.10,11.25,254557,8548482.00
2011-05-17,11.23,11.41,11.12,11.30,994909,33649256.00
2011-05-18,11.17,11.30,11.17,11.29,178693,6050521.00
2011-05-19,11.24,11.36,11.17,11.19,216829,7316707.00
2011-05-20,11.19,11.28,11.11,11.26,231846,7798558.50
2011-05-23,11.14,11.25,10.80,10.86,341065,11272177.00
2011-05-24,10.86,10.88,10.32,10.79,422250,13526830.00
2011-05-25,10.79,10.79,10.52,10.70,206214,6582691.00
2011-05-26,10.86,10.86,10.56,10.71,214360,6879270.00
2011-05-27,10.64,10.79,10.50,10.69,209030,6689076.00
2011-05-30,10.51,10.69,10.44,10.49,218938,6995730.50
2011-05-31,10.40,10.65,10.40,10.55,209851,6642199.00
2011-06-01,10.45,10.59,10.45,10.58,193023,6123788.50
2011-06-02,10.54,10.54,10.08,10.30,866322,26816568.00
2011-06-03,10.27,10.62,10.21,10.58,441451,13804320.00
2011-06-07,10.45,10.93,10.45,10.76,529874,17288070.00
2011-06-08,10.76,10.79,10.56,10.61,292134,9350235.00
2011-06-09,10.55,10.69,10.46,10.46,128752,4084634.75
2011-06-13,10.33,10.45,10.21,10.34,209732,6503667.00
2011-06-14,10.42,10.49,10.16,10.44,476496,14871744.00
2011-06-15,10.24,10.40,10.17,10.21,756880,23447940.00
2011-06-16,10.12,10.18,9.63,9.70,1462049,43878448.00
2011-06-17,9.68,9.68,9.22,9.31,1071635,30363722.00
2011-06-20,9.31,9.58,9.26,9.58,689239,19794648.00
2011-06-21,9.56,9.63,9.47,9.62,254796,7349411.50
2011-06-22,9.63,9.78,9.43,9.77,280059,8163505.00
2011-06-23,9.77,9.81,9.49,9.77,232124,6802047.50
2011-06-24,9.78,10.13,9.60,10.06,689435,20788142.00
2011-06-27,10.06,10.45,9.94,10.24,481181,14888342.00
2011-06-28,10.21,10.64,10.06,10.62,920046,29035180.00
2011-06-29,10.66,10.66,10.46,10.49,347930,11056323.00
2011-06-30,10.49,10.62,10.46,10.57,410018,13051544.00
2011-07-01,10.57,10.81,10.45,10.71,701381,22603978.00
2011-07-04,10.71,11.05,10.62,11.03,747225,24439124.00
2011-07-05,11.14,11.14,10.89,10.96,429553,14159323.00
2011-07-06,10.95,10.95,10.69,10.91,303370,9879576.00
2011-07-07,10.91,11.29,10.91,11.14,813246,27271388.00
2011-07-08,11.24,11.24,11.03,11.14,252644,8448440.00
2011-07-11,11.14,11.64,11.14,11.61,759337,26130048.00
2011-07-12,11.48,11.59,11.39,11.39,256673,8846382.00
2011-07-13,11.38,11.77,11.38,11.65,310985,10880480.00
2011-07-14,11.65,11.68,11.49,11.56,471072,16383303.00
2011-07-15,11.60,11.74,11.54,11.67,1089078,38080520.00
2011-07-18,11.67,11.81,11.44,11.49,1513883,52921992.00
2011-07-19,11.47,11.64,11.14,11.14,813156,27841548.00
2011-07-20,11.22,11.55,11.14,11.17,730687,24859890.00
2011-07-21,11.48,11.48,11.17,11.27,1929804,65452472.00
2011-07-22,11.31,11.55,11.20,11.51,1105895,37965460.00
2011-07-25,11.56,11.56,10.86,10.92,1676581,55938668.00
2011-07-26,10.85,11.05,10.67,10.78,652325,21200136.00
2011-07-27,10.79,11.14,10.66,11.07,1062058,35075292.00
2011-07-28,11.01,11.16,10.84,11.08,614138,20423928.00
2011-07-29,11.03,11.07,10.85,10.89,253495,8352955.00
2011-08-01,10.86,11.03,10.79,10.91,471197,15558463.00
2011-08-02,10.88,11.03,10.56,10.95,554815,17937898.00
2011-08-03,10.92,11.03,10.75,10.90,350029,11482436.00
2011-08-04,10.73,10.94,10.73,10.78,443350,14502788.00
2011-08-08,10.62,10.83,9.70,10.79,4532711,139616608.00
2011-08-09,10.30,10.57,10.22,10.49,2659650,83596256.00
2011-08-10,10.59,10.79,10.54,10.66,808272,26043318.00
2011-08-11,10.52,11.02,10.38,10.84,1329439,43390264.00
2011-08-12,10.84,10.87,10.28,10.53,4841725,152990240.00
2011-08-15,10.44,10.63,10.35,10.55,2242460,70988224.00
2011-08-16,10.52,10.57,10.33,10.35,1458200,45712592.00
2011-08-17,10.32,10.39,10.28,10.30,888435,27667896.00
2011-08-18,10.35,10.65,10.35,10.49,1530402,48534604.00
2011-08-19,10.42,10.47,10.28,10.47,930976,29070896.00
2011-08-22,10.47,10.61,10.38,10.42,429449,13586473.00
2011-08-23,10.45,10.64,10.43,10.56,883206,28103828.00
2011-08-24,10.63,10.78,10.63,10.68,1389037,44794488.00
2011-08-25,10.75,10.75,10.46,10.70,1193640,25408032.00
2011-08-26,10.68,10.96,10.55,10.86,1624665,34910700.00
2011-08-29,10.86,11.10,10.76,10.84,1477487,32483844.00
2011-08-30,10.84,11.07,10.84,10.99,1412336,31073854.00
2011-08-31,11.08,11.48,11.08,11.37,3195026,72633560.00
2011-09-01,11.39,11.55,11.17,11.30,1579897,35902160.00
2011-09-02,11.30,11.39,10.71,10.93,1287069,28230236.00
2011-09-05,10.71,10.86,10.39,10.39,842394,17889346.00
2011-09-06,10.34,10.56,10.23,10.29,470869,9842447.00
2011-09-07,10.32,10.52,10.32,10.51,444812,9328812.00
2011-09-08,10.51,10.78,10.46,10.54,668025,14279126.00
2011-09-09,10.55,10.71,10.42,10.50,410045,8687627.00
2011-09-13,10.29,10.51,10.25,10.27,357454,7446555.50
2011-09-14,10.34,10.49,10.33,10.49,461918,9674320.00
2011-09-15,10.49,10.75,10.49,10.72,714017,15339380.00
2011-09-16,10.73,10.86,10.61,10.74,498682,10765803.00
2011-09-19,10.77,10.91,10.67,10.72,508624,10999363.00
2011-09-20,10.62,11.01,10.56,10.81,1206930,26092122.00
2011-09-21,10.69,11.05,10.54,11.02,1505454,32975638.00
2011-09-22,10.99,11.36,10.76,10.76,836082,18551536.00
2011-09-23,10.58,10.71,10.45,10.55,1067959,22665842.00
2011-09-26,10.55,10.73,10.30,10.50,701140,14729887.00
2011-09-27,10.65,10.65,10.46,10.51,318599,6728135.00
2011-09-28,10.51,10.65,10.25,10.39,367230,7675710.00
2011-09-30,10.64,10.64,10.07,10.25,368622,7575913.00
2011-10-10,10.33,10.33,9.89,9.95,448887,9059330.00
2011-10-11,10.30,10.30,9.58,9.93,831272,16597156.00
2011-10-12,9.76,10.40,9.63,10.40,1268441,25740448.00
2011-10-14,10.90,10.90,10.56,10.71,1942975,41785592.00
2011-10-17,10.71,10.82,10.65,10.79,992096,21428662.00
2011-10-18,10.71,10.77,10.29,10.55,412396,8752098.00
2011-10-19,10.59,10.66,10.30,10.65,391930,8252181.50
2011-10-20,10.62,10.66,10.23,10.66,496537,10360723.00
2011-10-21,10.64,10.64,9.89,9.91,1255425,25844680.00
2011-10-24,9.99,10.08,9.74,9.94,1291996,25733124.00
2011-10-25,9.99,10.48,9.88,10.44,780162,16128125.00
2011-10-26,10.49,10.89,10.46,10.79,1917821,41556628.00
2011-10-27,10.79,10.89,10.70,10.88,961869,20903816.00
2011-10-28,10.89,11.04,10.86,11.01,1357358,29837722.00
2011-10-31,11.04,11.19,10.89,11.03,965049,21468724.00
2011-11-01,10.91,11.48,10.89,11.40,1503960,34093080.00
2011-11-02,11.22,11.39,11.09,11.36,852726,19195422.00
2011-11-03,11.36,11.67,11.36,11.48,1304588,30287310.00
2011-11-04,11.44,11.55,11.30,11.41,531847,12152842.00
2011-11-07,11.36,11.42,11.12,11.34,533748,12071833.00
2011-11-08,11.34,11.45,11.16,11.36,408233,9280997.00
2011-11-09,11.27,11.58,11.26,11.47,1165522,26639124.00
2011-11-10,11.50,11.50,11.34,11.48,850959,19529054.00
2011-11-11,11.48,11.52,11.32,11.43,725430,16599427.00
2011-11-14,11.57,11.71,11.44,11.71,947887,22030312.00
2011-11-15,11.68,11.73,11.53,11.72,372496,8684920.00
2011-11-16,11.59,11.63,11.33,11.47,761210,17452406.00
2011-11-17,11.45,11.47,11.25,11.34,331014,7529104.00
2011-11-18,11.19,11.30,11.02,11.03,1534146,34187948.00
2011-11-21,11.07,11.15,10.90,11.07,522663,11539237.00
2011-11-22,11.04,11.17,10.96,11.12,302757,6748049.50
2011-11-23,11.11,11.21,10.97,11.07,270817,6022740.50
2011-11-24,10.86,11.12,10.86,11.12,309324,6839700.50
2011-11-25,11.00,11.16,10.99,11.14,224977,4999947.00
2011-11-28,11.07,11.37,11.05,11.32,809670,18197168.00
2011-11-29,11.33,11.48,11.23,11.40,703948,16068958.00
2011-11-30,11.42,11.42,10.80,11.22,875937,19539138.00
2011-12-01,11.43,11.51,11.22,11.41,1140582,26039826.00
2011-12-02,11.17,11.23,10.98,11.22,271117,6046342.50
2011-12-05,11.21,11.21,10.83,10.98,393556,8637112.00
2011-12-06,10.87,11.01,10.71,10.96,308369,6738284.00
2011-12-07,11.07,11.07,10.77,10.98,310840,6802446.00
2011-12-08,10.98,11.06,10.75,10.96,298771,6549160.00
2011-12-09,10.89,10.99,10.75,10.95,172934,3778206.00
2011-12-12,10.83,10.93,10.51,10.58,298931,6439112.50
2011-12-13,10.61,10.70,10.04,10.12,745890,15672493.00
2011-12-14,10.14,10.32,9.93,10.19,531985,10798252.00
2011-12-15,9.95,10.17,9.85,9.86,304171,6090492.50
2011-12-16,9.87,10.12,9.72,10.12,838600,16745610.00
2011-12-19,9.94,10.09,9.61,9.72,1455552,28578926.00
2011-12-20,9.72,9.75,9.61,9.61,1001854,19495488.00
2011-12-21,9.75,9.75,9.42,9.47,871295,16946190.00
2011-12-22,9.43,9.48,9.01,9.42,883061,16435588.00
2011-12-23,9.41,9.53,9.24,9.53,782626,14800699.00
2011-12-27,9.45,9.45,9.18,9.37,584114,11013979.00
2011-12-28,9.23,9.36,8.83,9.13,1381093,25155854.00
2011-12-29,8.91,9.22,8.91,8.97,1293217,23656810.00
2011-12-30,9.07,9.42,9.03,9.36,1480003,27573338.00
2012-01-04,9.33,9.54,9.02,9.02,1163272,21851666.00
2012-01-05,8.91,9.10,8.78,8.78,534982,9635003.00
2012-01-06,8.78,8.96,8.68,8.91,203050,3602728.00
2012-01-09,9.06,9.22,8.84,9.17,979746,17973342.00
2012-01-10,9.16,9.46,9.07,9.43,1512681,28350700.00
2012-01-11,9.42,9.47,9.26,9.32,873775,16538023.00
2012-01-12,9.32,9.57,9.27,9.40,1393499,26466044.00
2012-01-13,9.56,9.56,9.14,9.14,1111553,20836740.00
2012-01-16,9.28,9.28,8.43,8.45,549840,9727332.00
2012-01-17,8.50,8.78,8.35,8.66,1136278,19690740.00
2012-01-18,8.81,9.01,8.63,8.71,2481904,44004284.00
2012-01-19,8.66,8.78,8.43,8.55,1047979,18246770.00
2012-01-20,8.50,8.71,8.50,8.58,993212,17244516.00
2012-01-30,8.57,8.71,8.57,8.61,340665,5964954.00
2012-01-31,8.58,8.68,8.50,8.63,206777,3586660.00
2012-02-01,8.63,8.76,8.63,8.72,459182,8078761.50
2012-02-02,8.66,8.80,8.66,8.78,1012229,17902230.00
2012-02-03,8.89,9.32,8.89,9.19,2320133,42911888.00
2012-02-06,9.13,9.45,9.02,9.44,2652096,49884196.00
2012-02-07,9.35,9.52,9.29,9.50,1696880,32084942.00
2012-02-08,9.45,9.66,9.30,9.63,1160455,22324348.00
2012-02-09,9.63,9.73,9.52,9.62,1245525,24199818.00
2012-02-10,9.68,9.71,9.53,9.66,864216,16748518.00
2012-02-13,9.54,9.69,9.43,9.65,581226,11242287.00
2012-02-14,9.59,9.67,9.43,9.44,504493,9651403.00
2012-02-15,9.48,9.62,9.43,9.49,779495,14944361.00
2012-02-16,9.51,9.70,9.47,9.70,973785,18806054.00
2012-02-17,9.64,9.79,9.53,9.58,799761,15513066.00
2012-02-20,9.76,9.78,9.43,9.47,1007102,19448220.00
2012-02-21,9.43,9.79,9.43,9.72,913422,17716904.00
2012-02-22,9.64,9.92,9.62,9.91,1089052,21459412.00
2012-02-23,9.89,9.93,9.79,9.81,855666,16971502.00
2012-02-24,9.89,10.03,9.77,10.03,1057163,21144186.00
2012-02-27,10.08,10.32,10.04,10.07,963136,19734912.00
2012-02-28,10.02,10.10,9.78,9.95,1039033,20774028.00
2012-02-29,10.04,10.04,9.78,9.89,488138,9727981.00
2012-03-01,9.74,10.02,9.74,9.89,447808,8944366.00
2012-03-02,9.89,10.18,9.89,10.14,753477,15277939.00
2012-03-05,10.10,10.24,9.89,9.89,636915,12831664.00
2012-03-06,9.89,9.89,9.51,9.56,1895371,36655392.00
2012-03-07,9.46,9.52,9.22,9.37,3287264,61826252.00
2012-03-08,9.32,9.50,9.32,9.45,815915,15507070.00
2012-03-09,9.46,9.58,9.40,9.57,787672,15099612.00
2012-03-12,9.61,9.76,9.45,9.60,1241139,24075734.00
2012-03-13,9.65,9.99,9.61,9.97,1629761,32287210.00
2012-03-14,9.99,10.38,9.84,9.93,2730984,55516520.00
2012-03-15,9.91,10.00,9.43,9.93,1293209,25455894.00
2012-03-16,9.89,10.06,9.83,10.03,1065445,21374776.00
2012-03-19,10.03,10.13,9.94,10.09,782236,15814347.00
2012-03-20,10.11,10.11,9.70,9.71,669123,13210988.00
2012-03-21,9.64,9.81,9.53,9.69,537911,10458796.00
2012-03-22,9.69,10.03,9.57,10.03,2333872,45724776.00
2012-03-23,9.92,10.14,9.74,9.86,1643666,32951976.00
2012-03-26,9.86,10.06,9.69,9.80,717152,14092852.00
2012-03-27,9.83,9.83,9.69,9.69,407631,8005423.00
2012-03-28,9.69,9.76,9.30,9.43,1477740,28275702.00
2012-03-29,9.52,9.52,9.22,9.31,660373,12446387.00
2012-03-30,9.30,9.63,9.27,9.50,619661,11828006.00
2012-04-05,9.61,9.94,9.54,9.93,741486,14681934.00
2012-04-06,9.93,9.96,9.77,9.84,440875,8734556.00
2012-04-09,9.84,9.99,9.81,9.89,536662,10684966.00
2012-04-10,9.88,10.22,9.82,10.22,2522566,51388600.00
2012-04-11,10.23,10.48,10.05,10.35,1626084,33773760.00
2012-04-12,10.32,10.45,10.17,10.34,1049097,21774360.00
2012-04-13,10.35,10.44,10.14,10.17,1021552,21030790.00
2012-04-16,10.09,10.30,10.07,10.19,683428,13984060.00
2012-04-17,10.19,10.24,9.94,9.94,834431,16806736.00
2012-04-18,10.03,10.14,9.89,10.12,561156,11319450.00
2012-04-19,10.11,10.18,10.00,10.04,514649,10403849.00
2012-04-23,10.04,10.19,10.04,10.07,608536,12376348.00
2012-04-24,10.08,10.17,9.66,10.16,767249,15414507.00
2012-04-25,10.16,10.45,10.01,10.22,2448036,50727172.00
2012-04-26,10.30,10.39,10.16,10.20,1159448,23919590.00
2012-04-27,10.21,10.28,10.00,10.09,786755,16024696.00
2012-05-02,10.18,10.29,10.05,10.27,1744179,35665856.00
2012-05-03,10.16,10.30,9.98,10.15,1103917,17206442.00
2012-05-04,10.15,10.29,10.06,10.24,1383512,21612026.00
2012-05-07,10.15,10.27,10.08,10.24,721090,11311821.00
2012-05-08,10.26,10.34,10.15,10.27,926988,14649416.00
2012-05-09,10.27,10.27,10.07,10.08,972465,15208732.00
2012-05-10,10.08,10.51,9.99,10.37,3926175,61633672.00
2012-05-11,10.30,10.48,10.15,10.37,1372127,21815044.00
2012-05-14,10.31,10.71,10.31,10.53,2382132,38493996.00
2012-05-15,10.41,10.70,10.33,10.54,1995409,32412662.00
2012-05-16,10.47,10.66,10.23,10.23,1376864,22123826.00
2012-05-17,10.20,10.31,10.07,10.19,965760,15153465.00
2012-05-18,10.15,10.27,10.00,10.10,1044804,16324368.00
2012-05-21,10.11,10.20,10.05,10.09,730395,11380774.00
2012-05-22,10.15,10.49,10.15,10.39,1054215,16711577.00
2012-05-23,10.34,10.44,10.21,10.35,589957,9382500.00
2012-05-24,10.35,10.40,10.13,10.14,756518,11945746.00
2012-05-25,10.13,10.20,10.03,10.13,473982,7366311.00
2012-05-28,10.07,10.20,9.87,10.20,647086,10006613.00
2012-05-29,10.23,10.29,10.09,10.28,1553235,24333928.00
2012-05-30,10.22,10.23,9.99,10.09,3391604,52581236.00
2012-06-01,10.09,10.31,10.05,10.09,1722487,26934726.00
2012-06-04,10.03,10.09,9.88,10.03,1351169,20828122.00
2012-06-05,10.02,10.05,9.91,10.01,398477,6128859.50
2012-06-06,9.93,10.14,9.93,9.99,545254,8416631.00
2012-06-07,10.04,10.11,9.88,9.89,414345,6350594.50
2012-06-08,9.99,10.10,9.87,10.07,1448998,22351362.00
2012-06-11,10.05,10.31,10.00,10.29,1206287,18897106.00
2012-06-12,10.27,10.80,10.13,10.61,3362902,54698348.00
2012-06-13,10.68,11.10,10.63,11.04,4279594,72313232.00
2012-06-14,11.04,11.12,10.78,10.87,1920912,32339652.00
2012-06-15,10.83,11.09,10.67,10.99,2090281,35077608.00
2012-06-18,10.99,11.31,10.99,11.07,2587599,44547468.00
2012-06-19,11.07,11.23,10.93,10.94,1005850,17135334.00
2012-06-20,10.95,11.23,10.95,11.10,1941926,33118166.00
2012-06-21,11.01,11.17,10.93,11.11,1277823,21688362.00
2012-06-25,11.11,11.30,10.89,10.93,1207346,20606062.00
2012-06-26,10.73,11.03,10.64,10.91,1368477,22753670.00
2012-06-27,10.88,11.17,10.80,11.06,1960348,32962692.00
2012-06-28,11.07,11.33,10.98,10.99,1443248,24737326.00
2012-06-29,10.94,11.30,10.94,11.23,1190253,20414134.00
2012-07-02,11.33,12.07,11.31,11.89,5062980,91560088.00
2012-07-03,11.86,12.14,11.67,11.89,2690822,48949724.00
2012-07-04,11.85,11.97,11.74,11.87,1066759,19416114.00
2012-07-05,11.92,12.10,11.66,12.07,1638114,29953232.00
2012-07-06,12.09,12.17,11.80,12.13,1802036,33175440.00
2012-07-09,12.13,12.30,11.81,11.85,2680937,49619144.00
2012-07-10,11.85,11.89,11.65,11.67,1869681,33609560.00
2012-07-11,11.65,11.82,11.40,11.60,2536233,45459440.00
2012-07-12,11.53,12.27,11.44,12.07,2134448,38754056.00
2012-07-13,12.07,12.24,11.65,11.73,1287959,23635224.00
2012-07-16,11.77,11.77,10.75,10.86,2320024,40048980.00
2012-07-17,10.87,11.72,10.87,11.40,2031749,35547496.00
2012-07-18,11.32,11.50,11.17,11.50,593011,10281051.00
2012-07-19,11.35,11.73,11.35,11.54,1027094,18282474.00
2012-07-20,11.43,11.70,11.41,11.60,1012643,18043374.00
2012-07-23,11.70,11.72,11.49,11.59,960919,17142446.00
2012-07-24,11.40,11.65,11.40,11.58,913769,16181002.00
2012-07-25,11.42,11.93,11.42,11.62,1675632,30198586.00
2012-07-26,11.62,11.69,11.47,11.61,714106,12689693.00
2012-07-27,11.54,11.78,11.54,11.67,1246356,22278944.00
2012-07-30,11.65,11.79,11.47,11.55,1006728,17930760.00
2012-07-31,11.53,11.55,11.21,11.22,1565983,27262650.00
2012-08-01,11.39,11.63,11.22,11.56,831419,14713697.00
2012-08-02,11.56,11.65,11.32,11.39,1136673,20009602.00
2012-08-03,11.45,11.85,11.35,11.83,1524565,27266116.00
2012-08-06,11.85,12.29,11.73,12.17,2642960,49032532.00
2012-08-07,12.11,12.36,12.11,12.23,1095882,20538786.00
2012-08-08,12.17,12.34,12.00,12.03,1005888,18659488.00
2012-08-09,12.10,12.32,12.00,12.30,2258759,42047768.00
2012-08-10,12.27,12.59,12.27,12.40,2552833,48741184.00
2012-08-13,12.40,12.68,12.32,12.33,2314547,44280244.00
2012-08-14,12.65,12.65,12.09,12.50,2612543,49756888.00
2012-08-15,12.50,12.55,12.39,12.50,927813,17734988.00
2012-08-16,12.53,12.66,12.40,12.40,728458,13980279.00
2012-08-17,12.41,12.41,12.08,12.20,1187256,22306060.00
2012-08-20,12.07,12.46,12.07,12.36,425864,8051577.50
2012-08-21,12.31,12.67,12.31,12.62,1076632,20689508.00
2012-08-22,12.53,12.75,12.53,12.67,1240709,24125550.00
2012-08-23,12.71,12.72,12.45,12.55,657535,12631907.00
2012-08-24,12.57,12.67,12.41,12.41,485300,9304615.00
2012-08-27,12.39,12.40,11.91,12.00,1077488,20077436.00
2012-08-28,11.97,12.23,11.97,12.13,682959,12723409.00
2012-08-29,12.05,12.21,11.94,12.19,902487,16785230.00
2012-08-30,12.17,12.29,11.67,11.72,1376376,24922510.00
2012-08-31,11.67,12.08,11.66,12.05,526526,9672278.00
2012-09-03,12.13,12.44,12.00,12.39,871861,16312996.00
2012-09-04,12.39,12.53,12.29,12.35,658238,12506110.00
2012-09-05,12.35,12.48,12.22,12.40,778032,14774492.00
2012-09-06,12.30,12.57,12.30,12.54,671523,12827925.00
2012-09-07,12.65,12.99,12.46,12.93,1734866,33862460.00
2012-09-10,13.00,13.00,12.70,12.80,566097,11109301.00
2012-09-11,12.86,13.02,12.47,12.77,1890702,36743604.00
2012-09-12,12.77,12.83,12.40,12.71,1766421,34118128.00
2012-09-13,12.71,12.79,12.60,12.67,602607,11738235.00
2012-09-14,12.73,12.85,12.53,12.72,829408,16106445.00
2012-09-17,12.59,12.73,12.44,12.60,586275,11310831.00
2012-09-18,12.59,12.59,12.14,12.45,887915,16847640.00
2012-09-19,12.16,12.53,12.16,12.40,715341,13585896.00
2012-09-20,12.37,12.60,12.17,12.40,860630,16314319.00
2012-09-21,12.33,12.44,12.17,12.19,797945,15088684.00
2012-09-24,12.19,12.40,12.12,12.39,792343,14955998.00
2012-09-25,12.39,12.45,12.25,12.27,530592,10056150.00
2012-09-26,12.38,12.38,12.07,12.07,683509,12733576.00
2012-09-27,11.87,12.40,11.87,12.03,1506815,28009644.00
2012-09-28,11.99,12.29,11.99,12.27,609315,11350486.00
2012-10-08,12.32,12.39,12.23,12.29,431973,8141623.50
2012-10-09,12.36,12.63,12.29,12.61,666591,12801842.00
2012-10-10,12.61,12.79,12.54,12.75,890183,17318946.00
2012-10-11,12.75,12.75,12.54,12.67,358555,6931645.00
2012-10-12,12.69,12.73,12.40,12.47,416924,8003556.50
2012-10-15,12.49,12.73,12.39,12.66,603507,11582267.00
2012-10-16,12.64,12.72,12.55,12.70,613335,11906588.00
2012-10-17,12.71,12.71,12.53,12.70,300932,5819164.00
2012-10-18,12.76,13.03,12.70,12.97,1508573,29699014.00
2012-10-19,12.99,12.99,12.74,12.79,647972,12723669.00
2012-10-22,12.78,12.85,12.62,12.80,581321,11368373.00
2012-10-23,12.93,12.93,12.47,12.73,929974,17974240.00
2012-10-24,12.57,12.75,12.48,12.66,846401,16374197.00
2012-10-25,12.57,12.72,12.41,12.45,284600,5452344.00
2012-10-26,12.46,12.47,11.99,12.34,2742018,51050064.00
2012-10-29,12.27,12.39,12.20,12.21,444853,8350830.00
2012-10-30,12.13,12.35,12.13,12.29,417038,7841018.50
2012-10-31,12.32,12.43,12.29,12.43,721808,13695274.00
2012-11-01,12.45,12.59,12.27,12.31,819216,15643319.00
2012-11-02,12.40,12.45,12.27,12.40,773294,14648015.00
2012-11-05,12.45,12.55,12.37,12.42,708506,13554970.00
2012-11-06,12.40,12.51,12.31,12.40,684346,13005021.00
2012-11-07,12.51,12.74,12.29,12.66,1111723,21449268.00
2012-11-08,12.61,12.61,12.32,12.36,636132,12120787.00
2012-11-09,12.29,12.52,12.27,12.47,490205,9338493.00
2012-11-12,12.47,12.52,12.20,12.30,405805,7641769.50
2012-11-13,12.21,12.38,11.93,12.09,1272622,23589870.00
2012-11-14,11.95,12.08,11.89,11.92,1249653,22891538.00
2012-11-15,11.92,12.02,11.85,11.87,800292,14706465.00
2012-11-16,11.87,11.91,11.77,11.87,511945,9303962.00
2012-11-19,11.82,11.96,11.82,11.89,696995,12726481.00
2012-11-20,11.86,12.06,11.85,11.99,1432204,26112840.00
2012-11-21,11.92,12.10,11.83,12.07,1124901,20528226.00
2012-11-22,12.03,12.10,11.91,12.07,386500,7129449.50
2012-11-23,11.97,12.07,11.89,12.03,468162,8626363.00
2012-11-26,12.05,12.12,11.92,11.94,494936,9125002.00
2012-11-27,11.81,11.89,11.40,11.50,1741509,30968340.00
2012-11-28,11.35,11.65,11.35,11.59,362420,6399962.50
2012-11-29,11.41,11.65,11.36,11.39,404290,7080331.00
2012-11-30,11.37,11.47,11.30,11.47,253903,4433840.00
2012-12-03,11.44,11.58,11.13,11.33,307307,5370123.50
2012-12-04,11.17,11.43,11.13,11.29,250603,4325261.00
2012-12-05,11.25,11.67,11.25,11.67,837999,14817802.00
2012-12-06,11.80,11.80,11.39,11.69,932023,16506207.00
2012-12-07,11.53,12.00,11.53,11.91,1459771,26331684.00
2012-12-10,11.99,12.11,11.70,12.11,677736,12470606.00
2012-12-11,12.11,12.11,11.85,12.07,423361,7744616.50
2012-12-12,11.91,12.12,11.73,12.12,825930,15047876.00
2012-12-13,11.87,12.11,11.79,12.07,287510,5289241.50
2012-12-14,12.05,12.40,12.00,12.30,2008776,37686640.00
2012-12-17,12.31,12.37,12.05,12.17,1028969,19244768.00
2012-12-18,12.19,12.33,12.03,12.13,666528,12492307.00
2012-12-19,12.02,12.18,12.02,12.09,1121489,20777564.00
2012-12-20,11.95,12.34,11.95,12.31,794520,14886394.00
2012-12-21,12.37,12.52,12.27,12.48,1197762,22775948.00
2012-12-24,12.49,12.64,12.25,12.64,1319955,25191864.00
2012-12-25,12.47,12.76,12.47,12.68,2144069,41613588.00
2012-12-26,12.54,12.75,12.27,12.75,2173159,41481796.00
2012-12-27,12.72,12.74,12.38,12.59,1883995,36045168.00
2012-12-28,12.52,12.60,12.36,12.47,1498464,28627936.00
2012-12-31,12.55,12.73,12.37,12.73,5341456,102494704.00
2013-01-04,12.73,12.80,12.34,12.41,1544412,29426590.00
2013-01-07,12.43,12.60,12.37,12.52,1073179,20511540.00
2013-01-08,12.53,12.97,12.47,12.85,2591693,50727804.00
2013-01-09,12.85,13.00,12.69,13.00,2467658,48606712.00
2013-01-10,12.87,13.01,12.87,12.98,843407,16751901.00
2013-01-11,12.97,13.01,12.70,12.80,1078147,21083470.00
2013-01-14,12.80,13.07,12.70,12.94,1311385,26028706.00
2013-01-15,12.92,13.39,12.87,13.39,2364278,47733284.00
2013-01-16,13.37,13.90,13.25,13.87,3774768,79448096.00
2013-01-17,13.87,13.99,13.60,13.73,1808885,38239792.00
2013-01-18,13.73,14.55,13.73,14.08,3093339,66740820.00
2013-01-21,14.10,14.37,14.00,14.02,1105083,23922240.00
2013-01-22,14.02,14.31,13.93,14.27,1517787,32853644.00
2013-01-23,14.30,14.33,13.97,14.08,726658,15677030.00
2013-01-24,14.03,14.47,13.93,14.19,2628239,57003948.00
2013-01-25,14.31,14.34,14.03,14.07,1194596,25791858.00
2013-01-28,13.93,14.50,13.53,14.40,3876641,82937864.00
2013-01-29,14.42,14.67,14.23,14.43,1511643,33263928.00
2013-01-30,14.27,14.60,14.27,14.40,1086444,24050232.00
2013-01-31,14.48,14.49,14.29,14.40,988781,21775394.00
2013-02-01,14.27,14.53,14.22,14.32,1064188,23303814.00
2013-02-04,14.21,14.46,14.20,14.46,1924690,42131436.00
2013-02-05,14.41,14.46,14.11,14.19,1901046,41316652.00
2013-02-06,14.29,14.29,14.01,14.07,1477222,31970058.00
2013-02-07,14.06,14.20,14.01,14.12,1351475,29066218.00
2013-02-08,14.15,14.45,14.01,14.33,1600526,34853048.00
2013-02-18,14.46,14.46,14.20,14.27,546526,11950825.00
2013-02-19,14.27,14.27,13.93,14.00,1398086,30121380.00
2013-02-20,14.00,14.25,13.92,14.17,1317823,28297480.00
2013-02-21,14.09,14.27,13.80,14.23,1830715,39336144.00
2013-02-22,14.16,14.90,14.10,14.80,4068480,91392808.00
2013-02-25,14.80,15.00,14.67,14.78,1372357,31102190.00
2013-02-26,14.75,14.88,14.07,14.13,1722892,38289180.00
2013-02-27,14.12,14.40,13.94,14.01,2572246,55458808.00
2013-02-28,14.07,14.77,14.04,14.73,1891476,41921224.00
2013-03-01,14.73,14.97,14.54,14.74,846529,19144082.00
2013-03-04,14.60,15.26,14.54,14.69,2841715,64933848.00
2013-03-05,14.70,16.19,14.70,15.87,6218670,147877712.00
2013-03-06,15.95,16.46,15.93,16.45,5590654,139037552.00
2013-03-07,16.45,16.80,15.93,16.30,3611108,90579704.00
2013-03-08,16.39,16.87,16.21,16.27,2901570,72588360.00
2013-03-11,16.30,16.45,15.87,16.27,1681309,41357784.00
2013-03-12,16.09,16.37,15.87,15.87,2041953,49986224.00
2013-03-13,15.73,16.10,15.40,15.40,1259565,30398864.00
2013-03-14,15.54,16.47,15.45,16.23,2848344,70625368.00
2013-03-15,16.27,16.71,15.97,16.20,1829721,45734400.00
2013-03-18,15.40,16.39,15.27,16.11,5904725,142692864.00
2013-03-19,15.91,16.21,15.73,15.73,1961081,47403532.00
2013-03-20,15.73,16.10,15.28,15.97,2908967,69831448.00
2013-03-21,16.05,16.47,15.87,16.32,2817356,69922264.00
2013-03-22,16.32,16.98,16.15,16.92,3085432,78336672.00
2013-03-25,16.95,17.13,16.48,16.60,1426481,36553236.00
2013-03-26,16.60,17.10,16.31,17.10,1574011,40223192.00
2013-03-27,17.25,17.25,16.74,16.77,1458856,37768036.00
2013-03-28,16.66,16.89,16.42,16.52,1103445,27959792.00
2013-03-29,16.43,16.73,16.28,16.57,756803,19076040.00
2013-04-01,16.59,16.67,16.25,16.26,2849402,71499896.00
2013-04-02,16.27,16.50,15.55,15.70,3685774,88803064.00
2013-04-03,15.70,15.91,15.10,15.54,940024,22255148.00
2013-04-08,15.54,16.13,15.15,16.00,2255968,54332116.00
2013-04-09,16.00,16.53,16.00,16.33,1547215,38536604.00
2013-04-10,16.27,16.40,15.87,16.14,571804,14061184.00
2013-04-11,15.94,16.27,15.67,15.69,931565,22671940.00
2013-04-12,15.73,16.39,15.52,16.17,1742409,42669688.00
2013-04-15,16.10,16.19,15.81,16.05,607286,14831202.00
2013-04-16,16.03,16.40,15.87,16.32,723645,17789314.00
2013-04-17,16.32,16.40,16.03,16.32,2747147,68222688.00
2013-04-18,16.30,16.47,16.24,16.33,1786172,44575408.00
2013-04-19,16.33,16.79,16.27,16.67,2942584,74427096.00
2013-04-22,15.30,15.67,14.97,14.97,13987800,320003168.00
2013-04-23,14.40,14.60,13.94,14.50,12324187,267567024.00
2013-04-24,14.26,14.40,13.84,14.33,7423986,159805136.00
2013-04-25,14.27,14.71,14.20,14.60,8409250,186504112.00
2013-04-26,14.53,14.73,14.41,14.58,2370978,52635664.00
2013-05-02,14.41,14.59,14.19,14.58,2884363,63221852.00
2013-05-03,14.60,14.96,14.47,14.80,3679435,82931856.00
2013-05-06,14.73,14.92,14.53,14.66,2257758,50729152.00
2013-05-07,14.57,15.07,14.41,15.00,2190588,49190912.00
2013-05-08,14.85,15.76,14.85,15.69,3985402,93703824.00
2013-05-09,15.54,16.17,15.33,15.59,2058367,49725536.00
2013-05-10,15.47,15.47,14.89,15.08,2506671,57870848.00
2013-05-13,15.14,15.45,14.79,14.90,2612654,60406916.00
2013-05-14,14.85,15.00,14.33,14.81,2674395,59745076.00
2013-05-15,14.87,15.04,14.59,15.02,1199042,27170904.00
2013-05-16,15.02,15.42,14.83,15.00,848666,19621706.00
2013-05-17,15.00,15.27,14.73,15.20,2720783,62138064.00
2013-05-20,15.20,15.20,14.83,14.84,3607223,82685072.00
2013-05-21,14.81,14.97,14.42,14.47,5000859,111318256.00
2013-05-22,14.54,14.80,14.50,14.66,3177689,70672032.00
2013-05-23,14.59,14.59,14.27,14.47,3524991,77333160.00
2013-05-24,14.41,14.52,14.32,14.47,1477196,32416300.00
2013-05-27,14.48,14.51,14.04,14.22,6333744,136924944.00
2013-05-28,14.22,14.44,14.04,14.43,3806397,82231272.00
2013-05-29,14.43,14.58,14.27,14.53,2738004,60307132.00
2013-05-30,14.49,15.28,14.47,15.09,5813167,131185216.00
2013-05-31,15.06,15.06,14.63,14.65,2946298,66370848.00
2013-06-03,14.60,14.73,14.13,14.21,4910401,106753960.00
2013-06-04,14.21,14.23,13.65,13.95,4252601,90270560.00
2013-06-05,13.83,14.16,13.70,13.83,3320162,70106968.00
2013-06-06,13.83,13.97,13.67,13.83,3646515,76651240.00
2013-06-07,13.83,13.89,13.19,13.76,4536772,93901768.00
2013-06-13,13.67,13.67,13.14,13.54,1444365,29477646.00
2013-06-14,13.67,13.95,13.53,13.87,1485270,31171436.00
2013-06-17,13.87,13.94,13.60,13.63,1543189,32156824.00
2013-06-18,13.66,13.83,13.62,13.66,980868,20438932.00
2013-06-19,13.66,13.70,13.47,13.55,1141469,23631664.00
2013-06-20,13.57,13.65,13.40,13.40,1564286,32092242.00
2013-06-21,13.13,13.77,13.07,13.63,1319414,27099082.00
2013-06-24,13.70,13.70,12.54,13.31,1692595,33843080.00
2013-06-25,13.13,13.41,12.73,13.17,3196440,63672560.00
2013-06-26,13.17,13.27,12.98,13.17,1317762,26387558.00
2013-06-27,13.17,13.41,13.07,13.19,1428243,28767758.00
2013-06-28,13.13,13.22,12.95,13.13,1369643,27385040.00
2013-07-01,13.07,13.23,12.94,13.07,2350246,46978496.00
2013-07-02,13.07,13.47,13.07,13.17,1714744,34628392.00
2013-07-03,13.17,13.84,13.17,13.52,2590925,53474660.00
2013-07-04,13.47,14.05,13.39,13.98,3430189,72433976.00
2013-07-05,13.98,13.98,13.70,13.70,919413,19277322.00
2013-07-08,13.53,14.21,12.99,13.88,2849323,60577860.00
2013-07-09,13.93,14.05,13.74,13.88,872015,18428132.00
2013-07-10,13.85,13.93,13.54,13.93,1285692,26833768.00
2013-07-11,13.97,14.85,13.85,14.67,3196720,70019248.00
2013-07-12,14.60,14.83,14.47,14.49,2448632,54865096.00
2013-07-15,14.63,14.91,14.50,14.80,896605,20059944.00
2013-07-16,14.79,15.11,14.66,14.93,1484479,33772792.00
2013-07-17,14.93,15.06,14.57,14.57,1449536,32559702.00
2013-07-18,14.47,14.67,14.37,14.41,1269738,28042506.00
2013-07-19,14.37,15.03,14.34,15.00,1943552,43793884.00
2013-07-22,14.99,15.43,14.88,15.33,1950743,45159040.00
2013-07-23,15.16,16.09,15.16,15.53,1873858,44657364.00
2013-07-24,15.43,15.84,15.43,15.50,1254366,29824656.00
2013-07-25,15.48,15.71,14.97,15.13,2036030,47097260.00
2013-07-26,15.11,15.51,15.01,15.12,1390691,32210928.00
2013-07-29,15.13,15.19,14.97,15.01,1099168,25109264.00
2013-07-30,15.01,15.17,14.80,15.07,2065682,47048496.00
2013-07-31,15.14,16.09,15.14,15.79,3463387,83341904.00
2013-08-01,15.77,16.27,15.77,15.93,2068951,50343968.00
2013-08-02,15.93,16.30,15.66,15.85,1786666,43174472.00
2013-08-05,15.97,16.01,15.61,15.88,2065901,49614784.00
2013-08-06,15.78,16.37,15.78,16.27,1816059,44712000.00
2013-08-07,16.20,16.45,16.04,16.45,1619818,39938436.00
2013-08-08,16.45,16.50,16.28,16.41,1461158,36407912.00
2013-08-09,16.43,16.46,15.97,16.36,2507465,61787908.00
2013-08-12,16.35,16.92,16.23,16.85,2029027,51322248.00
2013-08-13,16.81,16.83,16.24,16.49,2580534,64326044.00
2013-08-14,16.44,16.79,16.27,16.31,697009,17337034.00
2013-08-15,16.28,16.37,15.87,16.22,784793,19155824.00
2013-08-16,16.08,16.22,15.65,15.79,880398,21337848.00
2013-08-19,15.53,15.89,15.37,15.40,3530039,83438352.00
2013-08-20,15.41,15.72,15.37,15.47,956958,22566350.00
2013-08-21,15.48,15.77,15.47,15.53,1363939,32328170.00
2013-08-22,15.63,15.67,15.13,15.17,2037415,47544728.00
2013-08-23,15.20,15.36,14.93,15.33,1947399,44932236.00
2013-08-26,15.33,15.47,15.25,15.44,2346767,54806604.00
2013-08-27,15.43,15.55,15.24,15.31,2138974,49882624.00
2013-08-28,15.25,15.41,15.22,15.35,1044547,24355796.00
2013-08-29,15.30,15.37,14.85,15.04,1351730,30924970.00
2013-08-30,15.03,15.07,14.85,14.89,730250,16539208.00
2013-09-02,14.71,15.27,14.71,15.07,1046112,23966138.00
2013-09-03,15.16,15.47,15.13,15.31,840254,19562072.00
2013-09-04,15.39,15.52,14.98,15.04,890378,20579234.00
2013-09-05,14.94,15.12,14.94,15.03,686833,15670587.00
2013-09-06,15.03,15.33,14.89,15.27,1009746,23291248.00
2013-09-09,15.27,15.38,15.07,15.36,978691,22737766.00
2013-09-10,15.36,15.63,15.17,15.52,1297249,30527568.00
2013-09-11,15.59,15.67,15.30,15.43,1084804,25492064.00
2013-09-12,15.41,15.57,15.33,15.39,756999,17745956.00
2013-09-13,15.41,15.59,15.40,15.55,483256,11375930.00
2013-09-16,15.57,15.61,15.27,15.39,873494,20424404.00
2013-09-17,15.45,15.45,15.25,15.29,1207334,28062004.00
2013-09-18,15.07,15.35,14.87,15.35,1586484,36489244.00
2013-09-23,15.29,15.45,15.19,15.43,469201,10955431.00
2013-09-24,15.45,15.67,15.22,15.63,1049274,24611608.00
2013-09-25,15.67,16.17,15.57,15.82,1504671,36462100.00
2013-09-26,15.73,15.97,15.57,15.61,848707,20258136.00
2013-09-27,15.72,16.10,15.48,15.81,1173783,28300854.00
2013-09-30,15.96,16.03,15.70,15.82,545738,13105163.00
2013-10-08,15.81,15.87,15.60,15.71,1117852,26670758.00
2013-10-09,15.68,15.79,15.60,15.68,588306,14025374.00
2013-10-10,15.73,15.93,15.61,15.66,984291,23548948.00
2013-10-11,15.64,15.79,15.54,15.67,1072460,25431058.00
2013-10-14,15.67,15.78,15.54,15.71,907593,21620210.00
2013-10-15,15.73,15.96,15.47,15.72,1573011,37549924.00
2013-10-16,15.72,15.72,15.13,15.15,1035536,24183294.00
2013-10-17,15.07,15.46,15.07,15.21,930844,21561994.00
2013-10-18,15.21,15.21,14.33,14.71,1744603,39260224.00
2013-10-21,14.77,15.00,14.60,14.91,1416763,31734284.00
2013-10-22,14.80,14.99,14.77,14.81,469981,10591816.00
2013-10-23,14.80,14.90,14.47,14.60,655200,14531643.00
2013-10-24,14.63,14.63,13.80,14.15,1214953,26297620.00
2013-10-25,14.15,14.15,13.17,13.53,3633065,76045160.00
2013-10-28,13.53,13.67,12.73,12.83,6009379,119668456.00
2013-10-29,12.91,13.11,12.79,13.05,2883717,56849424.00
2013-10-30,13.07,13.34,13.05,13.11,2843349,57131884.00
2013-10-31,13.26,13.60,13.11,13.48,3362739,68702288.00
2013-11-01,13.43,13.54,12.93,13.16,2867255,57952648.00
2013-11-04,13.16,13.16,12.88,13.00,2563476,50662140.00
2013-11-05,12.96,13.13,12.83,13.01,1954885,38640332.00
2013-11-06,13.00,13.00,12.57,12.61,3151230,61174824.00
2013-11-07,12.55,12.62,12.32,12.51,1126656,21372448.00
2013-11-08,12.47,12.62,12.37,12.51,1167493,22290032.00
2013-11-11,12.46,12.67,12.30,12.53,1069049,20393234.00
2013-11-12,12.57,13.09,12.54,12.97,2098312,41276988.00
2013-11-13,12.79,13.07,12.73,12.73,1096893,21572828.00
2013-11-14,12.73,12.92,12.60,12.75,833685,16245333.00
2013-11-15,12.82,13.10,12.82,13.01,1765898,35059840.00
2013-11-18,13.01,13.10,12.93,13.06,1388715,27517630.00
2013-11-19,13.10,13.13,12.72,12.79,1586822,31098144.00
2013-11-20,12.79,12.89,12.68,12.86,1051272,20478052.00
2013-11-21,12.86,13.06,12.83,13.05,1889300,37299864.00
2013-11-22,13.04,13.25,12.80,13.22,2885485,57624612.00
2013-11-25,13.24,13.39,12.95,12.97,2499297,50239004.00
2013-11-26,12.99,13.05,12.80,12.86,1107621,21709158.00
2013-11-27,12.88,13.07,12.68,13.00,1581386,31030538.00
2013-11-28,12.99,13.23,12.91,13.16,2536198,50669112.00
2013-11-29,13.13,13.31,13.04,13.11,1860909,37378896.00
2013-12-02,12.92,13.13,12.63,12.93,1805611,35372480.00
2013-12-03,12.87,13.27,12.71,13.23,2007927,40094512.00
2013-12-04,13.35,13.93,13.27,13.65,3883737,80960096.00
2013-12-05,13.70,14.14,13.61,14.05,3246916,68962352.00
2013-12-06,13.99,14.00,13.68,13.83,1679549,35318976.00
2013-12-09,13.91,13.97,13.67,13.82,1204204,25336912.00
2013-12-10,13.82,14.07,13.74,14.03,2006879,42575216.00
2013-12-11,13.99,13.99,13.67,13.73,1130407,23672012.00
2013-12-12,13.77,13.99,13.73,13.84,2375064,50081516.00
2013-12-13,13.77,13.89,13.53,13.63,1000307,20853782.00
2013-12-16,13.61,13.71,13.37,13.39,1371753,28122364.00
2013-12-17,13.41,13.47,13.20,13.39,890331,18107860.00
2013-12-18,13.39,13.40,13.13,13.18,1179680,23730388.00
2013-12-19,13.18,13.27,13.09,13.13,2010334,40329948.00
2013-12-20,13.13,13.26,12.73,12.87,1381760,27460648.00
2013-12-23,12.97,13.93,12.82,13.39,2151694,43635336.00
2013-12-24,13.56,13.59,12.94,13.10,1820141,36595060.00
2013-12-25,13.12,13.14,12.98,13.07,2051129,40868228.00
2013-12-26,13.15,13.17,12.93,13.09,1682563,33544328.00
2013-12-27,13.13,13.24,12.99,13.13,2146951,42952352.00
2013-12-30,13.23,13.47,13.13,13.39,2169691,43915984.00
2013-12-31,13.32,13.79,13.23,13.79,3636968,75033352.00
2014-01-02,13.67,13.67,13.27,13.46,3024333,61640120.00
2014-01-03,13.37,13.45,12.87,12.96,2798185,55930964.00
2014-01-06,12.96,13.07,12.80,12.89,2649785,52217324.00
2014-01-07,12.80,13.03,12.67,12.91,1759956,34482240.00
2014-01-08,12.93,13.05,12.73,12.77,1308204,25618402.00
2014-01-09,12.77,12.89,12.67,12.77,1914082,37282248.00
2014-01-10,12.79,12.79,11.89,11.93,3603722,67346656.00
2014-01-13,11.96,12.03,11.45,11.67,4454874,79431520.00
2014-01-14,11.58,12.25,11.53,12.16,3093300,55344428.00
2014-01-15,12.13,12.39,12.11,12.14,2540046,47537464.00
2014-01-16,12.12,12.59,12.12,12.50,1559786,29727138.00
2014-01-17,12.57,12.69,12.23,12.52,761733,14440351.00
2014-01-20,12.57,12.83,12.36,12.72,1437297,27853702.00
2014-01-21,12.70,12.80,12.47,12.56,751077,14396383.00
2014-01-22,12.65,12.82,12.44,12.73,1404857,26936912.00
2014-01-23,12.76,12.85,12.37,12.45,2509418,47727524.00
2014-01-24,12.42,12.56,12.20,12.33,2626909,49303856.00
2014-01-27,12.59,13.27,12.57,13.22,6359917,125302616.00
2014-01-28,13.07,13.73,12.97,13.07,6212604,127062704.00
2014-01-29,13.17,13.33,12.83,13.25,2065171,40998836.00
2014-01-30,13.13,13.23,13.03,13.10,842640,16830476.00
2014-02-07,13.09,13.50,12.85,13.47,2138430,43433012.00
2014-02-10,13.63,13.81,13.57,13.59,2834691,58950256.00
2014-02-11,13.60,13.85,13.42,13.60,2225873,46250012.00
2014-02-12,13.67,13.80,13.41,13.52,2544704,52183156.00
2014-02-13,13.52,13.73,13.37,13.49,2788822,57768948.00
2014-02-14,13.51,14.00,13.51,13.96,4153006,87653736.00
2014-02-17,14.07,14.13,13.83,13.97,2095961,44621312.00
2014-02-18,13.98,14.12,13.66,14.03,2836838,60049528.00
2014-02-19,13.94,14.19,13.81,13.87,3814188,81375312.00
2014-02-20,13.87,13.96,13.41,13.70,2283147,47652444.00
2014-02-21,13.70,13.79,13.27,13.56,1072611,22100130.00
2014-02-24,13.52,13.58,12.65,12.79,4732466,92858024.00
2014-02-25,12.84,13.23,12.24,12.57,4643983,91281608.00
2014-02-26,12.57,12.87,12.17,12.33,3791788,71786624.00
2014-02-27,12.34,12.51,12.10,12.18,4557349,85341448.00
2014-02-28,12.31,12.51,12.11,12.51,3624421,68136864.00
2014-03-03,12.41,12.60,12.37,12.57,3035725,57880784.00
2014-03-04,12.57,12.57,12.40,12.45,3261044,61906096.00
2014-03-05,12.41,12.47,12.00,12.01,4589014,84982976.00
2014-03-06,12.01,12.46,12.01,12.20,3073001,57392688.00
2014-03-07,12.17,12.29,12.09,12.20,2387645,44533388.00
2014-03-10,12.20,12.50,11.81,12.29,3249804,61156300.00
2014-03-11,12.30,12.61,12.09,12.55,4425579,83881384.00
2014-03-12,12.60,12.70,12.37,12.53,2267802,43398704.00
2014-03-13,12.53,12.60,12.44,12.53,2202910,42035040.00
2014-03-14,12.53,12.53,12.24,12.37,1635979,30935928.00
2014-03-17,12.37,12.37,12.07,12.20,2947273,54783020.00
2014-03-18,12.23,12.38,12.14,12.23,2490125,46678420.00
2014-03-19,12.21,12.35,12.08,12.20,2620220,48828492.00
2014-03-20,12.10,12.29,12.02,12.13,2582003,47817340.00
2014-03-21,12.13,12.18,11.91,12.14,3548999,65319228.00
2014-03-24,12.10,12.19,12.09,12.13,1635770,30251884.00
2014-03-25,12.07,12.17,12.03,12.15,1558920,28771924.00
2014-03-26,12.16,12.22,12.11,12.17,1994253,36985884.00
2014-03-27,12.21,12.21,11.92,11.93,2259432,41764084.00
2014-03-28,11.97,12.05,11.81,11.81,1167773,21230962.00
2014-03-31,11.82,12.13,11.68,12.09,1445990,26505238.00
2014-04-01,12.10,12.27,12.02,12.10,1060989,19562940.00
2014-04-02,12.10,12.18,12.03,12.09,1406963,25982592.00
2014-04-03,12.08,12.19,11.95,12.09,1647611,30406900.00
2014-04-04,12.07,12.16,11.98,12.07,1124016,20725668.00
2014-04-08,11.99,12.28,11.95,12.19,1778711,32966592.00
2014-04-09,12.19,12.39,12.15,12.37,2804921,52727580.00
2014-04-10,12.38,12.43,12.27,12.33,1585811,29860104.00
2014-04-11,12.29,12.36,12.05,12.14,2308419,42710508.00
2014-04-14,12.14,12.22,11.89,12.05,2615407,48054604.00
2014-04-15,12.05,12.05,11.91,12.05,1517618,27726036.00
2014-04-16,11.97,12.02,11.85,11.93,2072142,37605676.00
2014-04-17,11.93,12.00,11.83,11.85,1470703,26708520.00
2014-04-18,11.85,11.98,11.81,11.98,1191778,21639752.00
2014-04-21,11.91,11.95,11.72,11.74,1902183,34305976.00
2014-04-22,11.61,11.72,11.53,11.57,2178870,38529424.00
2014-04-23,11.57,12.03,11.57,12.01,3263814,59432500.00
2014-04-24,12.01,12.18,11.89,12.13,1709876,31409552.00
2014-04-25,12.39,12.63,12.18,12.20,6409603,121593960.00
2014-04-28,12.25,12.51,12.18,12.27,3934203,74085056.00
2014-04-29,12.20,12.63,12.20,12.51,3344042,63846768.00
2014-04-30,12.60,12.85,12.47,12.67,2373950,46036044.00
2014-05-05,12.63,12.67,12.50,12.59,2351134,45115672.00
2014-05-06,12.59,12.65,12.44,12.49,2403966,45833956.00
2014-05-07,12.51,12.51,12.35,12.37,1557686,29520434.00
2014-05-08,12.24,12.63,12.24,12.47,1491554,28410892.00
2014-05-09,12.47,12.59,12.33,12.55,1967196,37313456.00
2014-05-12,12.53,12.77,12.51,12.63,2196684,42282860.00
2014-05-13,12.72,12.90,12.60,12.88,3118397,60557704.00
2014-05-14,12.90,13.03,12.81,12.96,3140269,61972508.00
2014-05-15,12.93,13.20,12.82,13.13,2944517,58254116.00
2014-05-16,13.17,13.17,12.67,12.88,3055096,60592488.00
2014-05-19,12.80,13.25,12.80,13.19,3460965,68949768.00
2014-05-20,13.33,13.77,13.23,13.26,6022089,123817328.00
2014-05-21,13.27,13.51,13.26,13.38,2859030,58246228.00
2014-05-22,13.39,13.61,13.31,13.39,1464852,30072310.00
2014-05-23,13.35,13.63,13.35,13.43,1147552,23554186.00
2014-05-26,13.51,13.59,13.11,13.27,2595741,52595632.00
2014-05-27,13.23,13.75,13.23,13.72,3066918,63291772.00
2014-05-28,13.64,13.80,13.54,13.70,1574887,32753900.00
2014-05-29,13.66,13.75,13.51,13.60,1541162,31834742.00
2014-05-30,13.67,13.67,13.34,13.53,1122287,23081134.00
2014-06-03,13.57,13.61,13.21,13.52,1337532,27485472.00
2014-06-04,13.53,13.53,13.26,13.28,1054000,21434662.00
2014-06-05,13.28,13.65,13.26,13.53,1726917,35132412.00
2014-06-06,13.53,13.73,13.32,13.33,1351614,27955212.00
2014-06-09,13.37,13.59,13.33,13.41,1166686,23933654.00
2014-06-10,13.41,13.65,13.37,13.64,891722,18364410.00
2014-06-11,13.64,13.72,13.55,13.60,1259520,26154042.00
2014-06-12,13.60,13.80,13.57,13.71,1861099,38770172.00
2014-06-13,13.71,13.97,13.69,13.89,1689559,35528172.00
2014-06-16,13.87,13.90,13.76,13.87,1466296,30890198.00
2014-06-17,13.87,13.97,13.79,13.86,1121501,23729632.00
2014-06-18,13.86,13.86,13.48,13.72,1388691,19098876.00
2014-06-19,13.68,13.72,13.36,13.41,2263416,30936074.00
2014-06-20,13.41,13.67,13.33,13.52,706474,9607885.00
2014-06-23,13.50,13.64,13.40,13.53,1052498,14383646.00
2014-06-24,13.54,13.93,13.47,13.84,1886208,26134302.00
2014-06-25,13.78,14.15,13.73,14.02,1389490,19607476.00
2014-06-26,14.01,14.18,13.86,14.18,2207835,31273862.00
2014-06-27,14.18,14.23,14.03,14.08,1179996,16818968.00
2014-06-30,14.10,14.36,14.04,14.08,1686059,24145274.00
2014-07-01,14.07,14.22,13.80,14.22,1846272,26038176.00
2014-07-02,14.22,14.28,13.99,14.20,2050281,29161456.00
2014-07-03,14.11,14.36,14.08,14.31,2065278,29666106.00
2014-07-04,14.31,14.32,14.14,14.20,781048,11205994.00
2014-07-07,14.20,14.31,14.00,14.07,1125933,16074708.00
2014-07-08,14.07,14.26,13.95,14.24,1299231,18501994.00
2014-07-09,14.24,14.66,14.22,14.25,2655242,38537980.00
2014-07-10,14.25,14.63,14.25,14.38,2553623,37248836.00
2014-07-11,14.24,14.65,14.23,14.52,1681231,24574618.00
2014-07-14,14.55,14.61,14.38,14.54,1016619,14839411.00
2014-07-15,14.53,14.97,14.43,14.97,3161455,47215988.00
2014-07-16,14.98,15.16,14.64,14.69,2114181,31829758.00
2014-07-24,14.58,14.62,13.88,14.30,4015423,57754084.00
2014-07-25,14.30,14.44,13.88,14.06,4307558,61106652.00
2014-07-28,14.07,14.47,14.04,14.47,4422231,63250960.00
2014-07-29,14.29,15.38,14.29,14.59,3992550,59064128.00
2014-07-30,14.66,14.66,14.32,14.34,3117500,45215076.00
2014-07-31,14.31,14.46,14.16,14.36,3079350,44308356.00
2014-08-01,14.27,14.37,14.04,14.11,2233338,31968936.00
2014-08-04,14.12,14.27,14.06,14.19,3566062,50822224.00
2014-08-05,14.19,14.22,14.08,14.16,2348781,33482024.00
2014-08-06,14.17,14.21,14.04,14.15,2813817,40083468.00
2014-08-07,14.16,14.29,14.15,14.24,3207139,45971576.00
2014-08-08,14.18,14.29,14.16,14.20,2939786,42136048.00
2014-08-11,14.23,14.37,14.16,14.32,3551378,51156992.00
2014-08-12,14.32,14.75,14.32,14.73,7419350,108865248.00
2014-08-13,14.75,14.75,14.39,14.57,3169261,46446152.00
2014-08-14,14.55,14.86,14.47,14.50,3534144,52159852.00
2014-08-15,14.52,14.57,14.39,14.54,2561721,37380900.00
2014-08-18,14.58,14.75,14.46,14.72,3468371,51290924.00
2014-08-19,14.74,14.82,14.52,14.59,2964613,43706140.00
2014-08-20,14.63,14.71,14.52,14.63,2791120,41092524.00
2014-08-21,14.63,14.70,14.46,14.58,2300406,33807172.00
2014-08-22,14.58,15.36,14.38,15.17,6355029,94438720.00
2014-08-25,15.18,15.18,14.84,14.98,5712920,86309440.00
2014-08-26,14.90,15.04,14.42,14.58,3291006,48694952.00
2014-08-27,14.58,14.77,14.48,14.76,3806618,56130692.00
2014-08-28,14.80,14.96,14.46,14.53,3713638,54588552.00
2014-08-29,14.53,15.03,14.48,14.98,7056137,105108272.00
2014-09-01,14.98,15.10,14.76,15.04,7980986,119999696.00
2014-09-02,15.09,15.25,14.92,15.22,8490575,129057200.00
2014-09-03,15.25,15.43,15.06,15.34,8003131,123023504.00
2014-09-04,15.41,15.88,15.27,15.72,9183372,144434432.00
2014-09-05,15.76,15.78,15.44,15.54,5905523,92551480.00
2014-09-09,15.57,15.82,15.50,15.68,6774138,107114552.00
2014-09-10,15.77,17.05,15.56,16.46,11448318,188173792.00
2014-09-11,16.42,16.58,15.98,16.18,8036566,131548792.00
2014-09-12,16.11,16.43,16.03,16.32,5095724,83512984.00
2014-09-15,16.32,16.32,15.96,16.04,6582071,106679112.00
2014-09-16,16.04,16.16,15.36,15.39,7511579,119101720.00
2014-09-17,15.39,15.65,15.11,15.62,4967800,77008368.00
2014-09-18,15.64,15.68,15.39,15.56,2576525,40307264.00
2014-09-19,15.60,15.74,15.46,15.69,3124560,49286800.00
2014-09-22,15.66,15.68,15.23,15.33,4165547,64453288.00
2014-09-23,15.33,15.59,15.28,15.54,3997816,62198948.00
2014-09-24,15.54,15.84,15.38,15.73,3690992,58447080.00
2014-09-25,15.75,15.86,15.59,15.62,3769945,59776104.00
2014-09-26,15.65,15.65,15.28,15.43,4500219,69871704.00
2014-09-29,15.48,15.69,15.44,15.58,2934799,46106316.00
2014-09-30,15.68,15.70,15.49,15.68,2966508,46707304.00
2014-10-08,15.72,16.06,15.70,16.01,5365860,86142984.00
2014-10-09,16.01,16.08,15.64,15.93,4825281,76945616.00
2014-10-10,15.86,15.86,15.59,15.63,3735797,59073012.00
2014-10-13,15.62,15.62,15.04,15.45,3934605,60656084.00
2014-10-14,15.46,15.49,14.97,15.07,6647271,101763560.00
2014-10-15,15.02,15.27,14.96,15.18,3011089,46021280.00
2014-10-16,15.16,15.31,14.96,14.96,3871170,59028308.00
2014-10-17,15.06,15.13,14.66,14.90,4677501,70384360.00
2014-10-20,14.90,15.28,14.90,15.18,3310876,50634412.00
2014-10-21,15.17,15.27,14.84,14.93,2792511,42396756.00
2014-10-22,14.93,15.03,14.65,14.66,2209602,33097100.00
2014-10-23,14.68,14.75,14.35,14.41,2298428,33537076.00
2014-10-24,14.50,14.50,14.23,14.29,2492113,35982124.00
2014-10-27,14.28,14.47,14.19,14.45,1965111,28434366.00
2014-10-28,14.48,14.88,14.48,14.77,3541541,52544772.00
2014-10-29,14.98,15.10,14.75,14.90,3977430,59819272.00
2014-10-30,14.90,14.99,14.75,14.86,4012717,60236648.00
2014-10-31,14.88,15.02,14.49,14.66,4659309,68867600.00
2014-11-03,14.72,14.86,14.59,14.72,4658037,69148584.00
2014-11-04,14.72,14.78,14.38,14.54,2862268,42145716.00
2014-11-05,14.53,14.71,14.49,14.64,2972042,43755196.00
2014-11-06,14.66,14.71,14.50,14.71,2367384,34869460.00
2014-11-07,14.74,14.77,14.37,14.54,5266549,77372784.00
2014-11-10,14.48,14.53,14.23,14.41,4412893,63678676.00
2014-11-11,14.38,14.41,13.89,14.13,4617441,65910016.00
2014-11-12,14.08,14.33,13.88,14.26,2615493,37195728.00
2014-11-13,14.26,14.32,14.11,14.16,2658140,38112008.00
2014-11-14,14.16,14.16,13.95,14.06,2043831,28928796.00
2014-11-17,14.06,14.24,13.97,14.12,3381251,48226644.00
2014-11-18,14.14,14.28,14.10,14.24,2078269,29752010.00
2014-11-19,14.26,14.27,13.95,14.12,2792092,39593816.00
2014-11-20,14.12,14.17,14.00,14.15,1459268,20758754.00
2014-11-21,14.18,14.45,14.17,14.39,4891419,70845296.00
2014-11-24,14.58,14.63,14.38,14.48,7109215,103962112.00
2014-11-25,14.55,15.25,14.55,15.19,11775249,177663360.00
2014-11-26,15.44,15.70,15.27,15.48,11423406,178557584.00
2014-11-27,15.68,15.96,15.11,15.28,8595625,134783696.00
2014-11-28,15.33,15.34,14.94,15.16,7225839,109963976.00
2014-12-01,15.16,15.68,15.10,15.27,9220749,142298944.00
2014-12-02,15.28,15.37,14.98,15.11,5264902,80542320.00
2014-12-03,15.08,15.17,14.71,15.12,10464382,157216704.00
2014-12-04,15.11,15.30,14.93,15.13,9645868,147409456.00
2014-12-05,15.13,15.32,14.28,14.29,15435898,228688800.00
2014-12-08,14.25,14.27,13.85,13.93,20499856,288631744.00
2014-12-09,13.93,14.13,13.88,13.95,16636910,234548048.00
2014-12-10,13.95,14.55,13.64,14.43,16662907,237002384.00
2014-12-11,14.33,14.57,13.93,14.13,10608857,152517120.00
2014-12-12,14.22,14.57,13.87,14.45,19989204,283424256.00
2014-12-15,14.23,14.73,14.13,14.65,12948098,188715824.00
2014-12-16,14.65,15.05,14.56,14.66,9792487,145696240.00
2014-12-17,14.67,15.46,14.52,15.40,22035867,334585536.00
2014-12-18,15.38,15.45,15.08,15.18,10181029,156282928.00
2014-12-19,15.10,15.18,14.68,14.97,9430289,141660288.00
2014-12-22,14.90,14.94,14.20,14.48,11405283,166331488.00
2014-12-26,15.08,15.19,14.66,14.90,12529115,187569136.00
2014-12-29,14.88,15.18,14.69,14.85,7496359,112087048.00
2014-12-30,14.85,14.85,14.39,14.62,5718907,84273112.00
2014-12-31,14.63,14.87,14.24,14.68,7027757,103080288.00
2015-01-05,14.65,15.03,14.39,14.93,8242150,123106008.00
2015-01-06,14.97,15.81,14.86,15.68,13195401,206360416.00
2015-01-07,15.62,16.13,15.47,15.56,9460374,150347312.00
2015-01-08,15.48,16.36,15.44,16.00,13292135,215122240.00
2015-01-09,15.99,16.32,15.58,15.58,8043044,129135328.00
2015-01-12,15.61,15.91,15.46,15.78,8679774,137535392.00
2015-01-13,16.13,17.37,16.13,17.37,25528681,437904608.00
2015-01-14,17.63,17.91,17.23,17.59,19068097,336775168.00
2015-01-15,17.32,17.33,16.81,17.12,12432298,213647056.00
2015-01-16,17.00,18.23,16.89,17.88,19550430,346271424.00
2015-01-19,17.34,17.82,16.35,16.74,15233354,263704496.00
2015-01-20,17.02,17.99,16.78,17.74,14628534,258497520.00
2015-01-21,17.85,18.44,17.68,17.87,14644808,265505200.00
2015-01-22,17.93,18.33,17.49,18.07,8467030,153412992.00
2015-01-23,18.09,18.16,17.46,17.69,8379540,149583216.00
2015-01-26,17.71,18.47,17.70,18.16,8979830,164928144.00
2015-01-27,18.17,18.19,16.88,17.55,12159921,214263120.00
2015-01-28,17.55,17.55,16.99,17.43,6436355,112437088.00
2015-01-29,17.32,17.38,17.16,17.24,4703667,81783312.00
2015-01-30,17.35,17.41,16.98,17.25,4071569,70604112.00
2015-02-02,17.21,17.40,17.08,17.20,6261962,108724344.00
2015-02-03,17.38,18.10,17.33,17.83,9088094,162693168.00
2015-02-04,17.75,18.03,17.50,17.87,6359158,113952576.00
2015-02-05,17.67,18.12,17.28,17.63,6176334,110676880.00
2015-02-06,17.59,17.60,16.88,17.01,7071743,121868232.00
2015-02-09,16.78,17.12,16.30,16.45,6347664,107118160.00
2015-02-10,16.38,16.99,16.36,16.77,8743304,148046432.00
2015-02-11,16.83,17.24,16.66,16.96,6960912,119043856.00
2015-02-12,16.93,17.11,16.78,16.94,2678892,45748048.00
2015-02-13,17.04,17.93,17.03,17.78,8866403,157611680.00
2015-02-16,17.73,17.95,17.60,17.92,4066981,73120832.00
2015-02-17,18.06,18.18,17.57,17.68,3262393,58144828.00
2015-02-25,17.60,17.77,17.46,17.54,3014457,53497420.00
2015-02-26,17.53,17.78,17.40,17.77,2482052,44162620.00
2015-02-27,17.77,17.84,17.48,17.63,4910944,86995832.00
2015-03-02,17.65,17.76,17.26,17.58,8826167,155035072.00
2015-03-03,17.48,18.17,17.33,18.13,12138336,218447104.00
2015-03-04,18.17,18.30,17.85,18.28,9931785,181025408.00
2015-03-05,18.22,18.23,17.48,17.84,11869655,212270512.00
2015-03-06,17.70,17.70,17.28,17.38,6317153,111090576.00
2015-03-09,17.11,17.55,16.89,17.49,5323970,92247128.00
2015-03-10,17.50,17.54,17.16,17.32,8610883,149975424.00
2015-03-11,17.32,17.36,16.96,17.12,6328830,109272304.00
2015-03-12,17.12,17.22,16.58,16.66,13537555,228989104.00
2015-03-13,16.74,17.03,16.66,16.95,13505529,228259536.00
2015-03-16,17.03,17.25,16.92,17.22,24574717,423179520.00
2015-03-17,17.23,17.31,17.04,17.31,18399717,318140192.00
2015-03-18,17.35,17.81,17.19,17.76,23947144,420243008.00
2015-03-19,17.76,18.67,17.54,18.59,34388480,624235520.00
2015-03-20,18.53,18.84,18.27,18.64,22633916,421739392.00
2015-03-23,18.70,18.76,18.25,18.52,30643566,567561152.00
2015-03-24,18.55,18.56,17.86,18.31,25894115,474902176.00
2015-03-25,18.27,18.28,17.88,18.16,27378189,498437600.00
2015-03-26,18.14,18.78,17.93,18.78,31866645,593274176.00
2015-03-27,18.94,19.48,18.60,18.83,25581245,490317632.00
2015-03-30,18.98,19.81,18.83,19.63,27699799,539786944.00
2015-03-31,19.66,19.73,18.98,19.07,22159279,430935328.00
2015-04-01,19.03,19.73,19.03,19.46,19812673,388319360.00
2015-04-02,19.66,20.48,18.98,20.36,26644780,537465856.00
2015-04-03,20.38,21.86,20.18,21.68,30405115,644082560.00
2015-04-09,20.68,20.68,19.50,20.21,49542578,995193728.00
2015-04-10,19.88,20.93,19.70,20.76,31043018,632416896.00
2015-04-13,20.88,21.26,20.37,20.66,29130727,604952320.00
2015-04-14,20.74,21.18,20.49,20.60,24219637,507926176.00
2015-04-15,20.63,20.66,19.33,19.49,25852366,514637504.00
2015-04-16,19.26,19.98,18.73,19.68,15077530,296164928.00
2015-04-17,19.70,20.02,19.31,19.72,20235850,400651456.00
2015-04-20,19.49,20.11,19.18,19.51,17245961,340840224.00
2015-04-21,19.56,20.38,19.41,20.33,16486500,331473056.00
2015-04-22,20.48,20.77,20.20,20.51,18517300,381259776.00
2015-04-23,20.52,20.66,20.14,20.37,15810612,323944576.00
2015-04-24,20.08,22.42,20.00,22.28,46294711,1013774592.00
2015-04-27,22.38,22.72,21.94,21.98,18644467,416796288.00
2015-04-28,21.98,22.59,20.83,21.05,20483271,447449248.00
2015-04-29,21.04,22.06,20.88,21.83,14887430,322513184.00
2015-04-30,21.86,22.08,21.47,21.56,11245843,246042144.00
2015-05-04,21.50,21.84,20.93,21.28,11210210,241166480.00
2015-05-05,21.18,21.38,20.08,20.24,13276298,276749024.00
2015-05-06,20.28,20.57,19.93,20.19,11820402,240279296.00
2015-05-07,20.06,20.35,19.56,20.22,10131197,204282160.00
2015-05-08,20.46,20.56,19.84,20.33,15158502,308112448.00
2015-05-11,20.64,21.03,20.34,20.88,16260314,337800672.00
2015-05-12,20.76,21.24,20.60,21.23,17813805,374021984.00
2015-05-13,21.26,21.87,20.98,21.18,20011441,431158784.00
2015-05-14,21.06,21.37,20.83,21.13,13249976,280370432.00
2015-05-15,21.17,21.78,20.50,21.46,22186077,471819392.00
2015-05-18,21.27,23.11,21.06,22.72,26597749,594942400.00
2015-05-19,22.57,22.79,21.93,22.61,16203875,363747424.00
2015-05-20,22.61,23.58,22.33,22.43,19526643,451256000.00
2015-05-21,22.46,23.38,22.25,23.29,17992976,413113728.00
2015-05-22,23.78,24.28,23.18,23.39,17777761,422320224.00
2015-05-25,22.96,24.02,22.76,23.66,18190386,430144832.00
2015-05-26,23.86,24.66,23.39,24.62,19703389,477755328.00
2015-05-27,24.68,24.85,23.84,24.60,17664157,431809888.00
2015-05-28,24.58,27.07,24.30,24.80,28973222,745735296.00
2015-05-29,25.38,26.86,24.83,25.85,27544388,716839872.00
2015-06-01,26.18,27.85,26.18,27.76,23297116,637858624.00
2015-06-02,27.88,28.98,26.60,27.66,32200269,895841728.00
2015-06-03,27.77,27.95,25.98,26.88,24204263,651550016.00
2015-06-04,27.08,27.24,24.30,26.24,23192439,599564480.00
2015-06-05,26.23,27.13,25.94,26.42,23361525,622369984.00
2015-06-08,26.32,26.35,24.88,25.69,17460564,448698496.00
2015-06-09,25.70,26.58,25.38,25.78,15774067,410507072.00
2015-06-10,25.81,27.07,25.33,26.75,25201199,670789376.00
2015-06-11,26.58,26.67,25.88,26.29,31196133,817773952.00
2015-06-12,26.16,28.88,25.76,28.23,52169975,1424473088.00
2015-06-15,28.38,30.59,28.38,29.49,46448796,1376959360.00
2015-06-16,28.90,29.87,27.04,28.11,31314603,897925120.00
2015-06-17,28.11,28.72,26.20,28.08,22356162,619628352.00
2015-06-18,28.08,28.08,26.45,26.58,27647930,762244608.00
2015-06-19,25.88,27.42,25.10,25.48,29567331,784970944.00
2015-06-23,25.62,26.28,23.36,25.77,22426465,566517824.00
2015-06-24,26.14,26.48,25.24,26.18,20498170,535080128.00
2015-06-25,26.19,26.97,25.46,25.73,22524593,592937216.00
2015-06-26,24.77,25.28,23.15,23.15,19808300,474923968.00
2015-06-29,23.70,23.70,20.82,20.82,31146505,668630080.00
2015-06-30,20.18,22.91,18.73,22.28,37841415,782639360.00
2015-07-01,22.25,23.17,20.19,20.48,23402370,519725280.00
2015-07-02,20.68,21.38,18.42,18.42,36552659,699296448.00
2015-07-03,17.98,20.17,16.67,18.11,39410467,719707520.00
2015-07-06,19.93,19.93,16.69,19.08,36631823,689756736.00
2015-07-07,18.28,19.16,17.16,17.16,26014075,464645568.00
2015-07-08,15.43,17.88,15.43,17.18,76689539,1258447104.00
2015-07-09,17.18,18.91,17.18,18.91,20661420,380735328.00
2015-07-10,20.50,20.80,19.58,20.80,12816236,264787264.00
2015-07-13,22.21,22.88,21.80,22.88,33421456,753874944.00
2015-07-14,22.30,23.82,21.80,22.10,31365776,709628032.00
2015-07-15,21.35,21.50,19.91,19.91,17112856,355055264.00
2015-07-16,19.92,21.58,19.91,20.97,13492607,281012032.00
2015-07-17,21.54,22.57,21.20,22.15,14272755,314454112.00
2015-07-20,22.11,23.00,21.55,21.93,16489380,367673280.00
2015-07-21,21.71,22.21,21.40,21.98,10703764,234206880.00
2015-07-22,21.93,22.42,21.50,22.10,14902920,328205792.00
2015-07-23,22.22,23.09,21.80,22.96,20062892,448362336.00
2015-07-24,22.95,23.40,21.96,22.11,16235883,370064288.00
2015-07-27,22.00,22.57,19.90,19.91,17835322,385478560.00
2015-07-28,18.91,21.90,18.91,21.22,28479832,575353216.00
2015-07-29,21.13,22.10,20.01,22.07,20722327,435137536.00
2015-07-30,21.88,23.00,21.11,21.30,20365715,454854528.00
2015-07-31,20.88,22.05,20.88,21.84,14754589,317857824.00
2015-08-03,21.68,22.95,21.28,22.87,18027256,400526048.00
2015-08-04,22.87,24.50,22.40,24.03,19128297,448994784.00
2015-08-05,23.88,24.21,23.09,23.23,14426739,342602240.00
2015-08-06,22.40,23.49,22.40,22.75,9523582,217731120.00
2015-08-07,23.49,23.50,22.50,22.96,11996121,274815776.00
2015-08-10,23.10,24.18,22.85,24.02,19294949,451896480.00
2015-08-11,23.88,24.04,23.13,23.27,18690861,440932064.00
2015-08-12,23.02,23.15,22.64,22.74,10813884,247664656.00
2015-08-13,22.48,23.18,22.48,23.12,8641242,198321648.00
2015-08-14,23.19,23.47,22.83,22.84,8645081,198603936.00
2015-08-17,22.98,23.80,22.72,23.67,11825649,277486272.00
2015-08-18,23.60,23.97,21.30,21.50,16699872,375425632.00
2015-08-19,21.00,22.28,20.11,22.11,11060160,236099888.00
2015-08-20,21.80,22.58,21.60,22.00,8661729,191178912.00
2015-08-21,21.80,22.38,21.03,21.30,12644931,274545504.00
2015-08-24,21.00,21.00,19.17,19.17,21750728,422618080.00
2015-08-25,18.50,20.05,17.72,18.50,19861619,372853760.00
2015-08-26,18.68,20.10,18.31,18.89,14094132,269425120.00
2015-08-27,19.35,20.11,19.15,20.11,12280713,241616368.00
2015-08-28,20.18,21.20,19.81,20.69,14052048,285835616.00
2015-08-31,20.38,20.38,19.18,19.21,7194218,142811104.00
2015-09-01,19.18,19.18,17.93,18.51,9065273,168220336.00
2015-09-02,18.19,19.32,17.85,19.26,12071563,226646816.00
2015-09-07,19.30,20.02,18.01,18.20,24594075,453164896.00
2015-09-08,18.12,18.75,17.91,18.59,9036683,164763616.00
2015-09-09,18.69,19.59,18.51,19.00,16680628,318357120.00
2015-09-10,18.70,18.88,18.32,18.65,7158530,133351624.00
2015-09-11,18.20,18.88,18.20,18.77,9434622,175379312.00
2015-09-14,18.96,19.04,16.90,17.20,10287227,183065712.00
2015-09-15,17.00,17.51,16.51,16.73,8527805,144482688.00
2015-09-16,16.90,18.40,16.85,18.21,7792600,136564384.00
2015-09-17,18.00,18.31,17.35,17.44,9994283,178732256.00
2015-09-22,18.10,18.44,17.83,18.30,3368500,61179828.00
数据来源:通达信
