002657 中科金财 日线 前复权
      日期	    开盘	    最高	    最低	    收盘	    成交量	    成交额
2012-02-28,11.01,11.57,10.78,11.03,12876074,518073888.00
2012-02-29,10.45,10.58,9.91,9.91,6370548,233733248.00
2012-03-01,9.57,10.05,9.56,9.93,3294838,118473456.00
2012-03-02,9.95,10.87,9.86,10.75,4671855,178774112.00
2012-03-05,10.68,11.28,10.62,11.07,4997568,198062784.00
2012-03-06,10.99,11.08,10.65,10.73,3201089,126022520.00
2012-03-07,10.48,11.55,10.39,11.03,4774437,191833168.00
2012-03-08,10.94,11.48,10.94,11.08,3336331,135132288.00
2012-03-09,10.98,12.17,10.90,11.81,4886989,203976032.00
2012-03-12,11.83,11.94,11.57,11.73,2922300,124622312.00
2012-03-13,11.89,12.34,11.71,11.85,3633619,158104688.00
2012-03-14,11.84,11.96,10.87,11.05,4014178,167936528.00
2012-03-15,11.06,11.50,10.92,11.23,2643227,108055168.00
2012-03-16,11.18,11.28,10.18,10.86,3016609,118408408.00
2012-03-19,10.72,10.94,10.49,10.75,1868590,72598336.00
2012-03-20,10.80,11.07,10.62,10.68,1857978,73258920.00
2012-03-21,10.65,10.79,9.90,10.28,2019705,75299352.00
2012-03-22,10.14,10.35,10.02,10.15,1248718,46157164.00
2012-03-23,10.14,10.26,10.02,10.17,1014475,37444628.00
2012-03-26,10.20,10.25,9.87,10.02,1083556,39512876.00
2012-03-27,10.08,10.25,10.02,10.15,1277600,47120952.00
2012-03-28,10.14,10.14,9.35,9.48,1658788,58513416.00
2012-03-29,9.16,9.29,8.52,8.65,2058135,66084968.00
2012-03-30,8.65,8.72,8.23,8.33,1413946,43375900.00
2012-04-05,8.30,8.57,8.13,8.57,1155899,35586952.00
2012-04-06,8.48,8.83,8.40,8.71,1322259,41687180.00
2012-04-09,8.72,8.95,8.59,8.63,1221035,38944832.00
2012-04-11,8.92,9.50,8.90,9.39,3362480,113238784.00
2012-04-12,9.15,9.34,9.06,9.29,2184946,73096072.00
2012-04-13,9.25,9.39,9.05,9.17,1521687,50920556.00
2012-04-16,9.07,9.09,8.93,8.99,903874,29572816.00
2012-04-17,8.96,9.12,8.79,8.86,709225,23028508.00
2012-04-18,8.89,9.16,8.87,9.12,1010097,33300150.00
2012-04-19,9.19,9.34,9.09,9.14,1179061,39672232.00
2012-04-20,9.29,9.50,9.15,9.45,1765513,60449896.00
2012-04-23,9.34,9.34,8.49,8.49,2422358,77357216.00
2012-04-24,8.24,8.40,7.64,8.04,2208408,64452740.00
2012-04-25,7.97,7.97,7.65,7.85,1421357,40388776.00
2012-04-26,7.85,8.12,7.85,7.99,1291705,37639692.00
2012-04-27,7.98,8.07,7.89,8.02,664165,19330058.00
2012-05-02,8.18,8.32,8.00,8.26,1249893,37271628.00
2012-05-03,8.26,8.27,8.09,8.24,826886,24656594.00
2012-05-04,8.25,8.36,8.24,8.31,933941,28259726.00
2012-05-07,8.30,8.51,8.17,8.50,1212473,36958036.00
2012-05-08,8.48,8.63,8.37,8.50,1025278,31709038.00
2012-05-09,8.34,8.38,8.22,8.26,887347,26800380.00
2012-05-10,8.27,8.53,8.27,8.42,788887,24188972.00
2012-05-11,8.42,8.42,8.19,8.20,511591,15486447.00
2012-05-14,8.28,8.31,8.04,8.06,710520,21216806.00
2012-05-15,8.00,8.05,7.89,8.04,470671,13643361.00
2012-05-16,8.01,8.15,7.93,8.10,606864,17819658.00
2012-05-17,8.10,8.24,8.07,8.19,491161,14619993.00
2012-05-18,8.18,8.39,8.14,8.34,858129,25974364.00
2012-05-21,8.35,9.17,8.29,8.77,2128573,68641920.00
2012-05-22,8.80,8.83,8.53,8.69,1145770,36178900.00
2012-05-23,8.57,8.69,8.32,8.41,1017421,31407164.00
2012-05-24,8.29,8.39,8.09,8.31,784658,23535814.00
2012-05-25,8.32,8.32,7.75,7.82,1139075,33221912.00
2012-05-28,7.75,7.75,7.40,7.55,1623137,44516808.00
2012-05-29,7.62,7.82,7.55,7.79,2005795,56253120.00
2012-05-30,7.81,7.82,7.67,7.72,1017906,28612736.00
2012-05-31,7.62,7.94,7.56,7.94,1603502,45789548.00
2012-06-01,7.92,8.09,7.89,7.92,1207570,35159464.00
2012-06-04,7.76,7.79,7.57,7.65,1233588,34510940.00
2012-06-05,7.59,7.72,7.59,7.62,690804,19261256.00
2012-06-06,7.65,7.89,7.63,7.84,997381,28245750.00
2012-06-07,7.90,7.97,7.78,7.84,1016334,29164584.00
2012-06-08,7.92,7.92,7.66,7.68,843001,23832128.00
2012-06-11,7.68,7.82,7.62,7.79,733562,20683664.00
2012-06-12,7.77,7.84,7.66,7.78,545661,15419909.00
2012-06-13,7.78,7.92,7.76,7.91,813500,23291602.00
2012-06-14,7.89,7.92,7.78,7.79,728189,20866206.00
2012-06-15,7.79,8.09,7.79,8.07,1613884,46960844.00
2012-06-18,8.07,8.28,8.07,8.11,1352443,40231664.00
2012-06-19,8.11,8.15,7.99,8.00,866875,25390604.00
2012-06-20,8.07,8.42,8.06,8.29,2067646,62583936.00
2012-06-21,8.27,8.55,8.25,8.49,2439665,74942312.00
2012-06-25,8.43,8.43,8.19,8.20,1068822,32324148.00
2012-06-26,8.17,8.20,7.82,8.07,976686,28516814.00
2012-06-27,8.09,8.89,8.01,8.42,2077474,64737924.00
2012-06-28,8.40,8.73,8.37,8.49,1668550,52011076.00
2012-06-29,8.43,9.25,8.39,9.02,2509099,81228568.00
2012-07-02,9.03,9.29,8.79,9.16,2807103,92992336.00
2012-07-03,9.16,9.20,8.98,9.06,1825946,60452324.00
2012-07-04,9.06,9.33,8.92,9.08,1790538,59376248.00
2012-07-05,9.10,9.34,8.97,9.34,2314673,77437832.00
2012-07-06,9.46,9.51,9.04,9.20,2270185,76290440.00
2012-07-09,9.15,9.20,8.79,8.82,1559242,51085480.00
2012-07-10,8.80,8.87,8.50,8.61,1215064,38144488.00
2012-07-11,8.51,8.79,8.51,8.73,759967,24044206.00
2012-07-12,8.69,9.06,8.60,9.04,1207431,39045160.00
2012-07-13,9.05,9.09,8.78,8.79,1000835,32469024.00
2012-07-16,8.76,8.76,7.90,7.90,2056968,60095020.00
2012-07-17,7.70,7.94,7.61,7.89,900142,25555058.00
2012-07-18,7.87,7.95,7.70,7.90,480081,13736517.00
2012-07-19,7.92,8.04,7.83,7.91,726509,21053664.00
2012-07-20,7.94,8.21,7.82,8.12,1001501,29332406.00
2012-07-23,8.01,8.16,7.86,8.09,619892,18134628.00
2012-07-24,8.01,8.19,7.97,8.10,442736,13063210.00
2012-07-25,8.05,8.40,7.99,8.23,956906,28560058.00
2012-07-26,8.18,8.34,8.14,8.14,532525,15995102.00
2012-07-27,8.14,8.17,8.01,8.10,441826,13004208.00
2012-07-30,8.10,8.23,7.97,7.99,524893,15563921.00
2012-07-31,7.99,8.07,7.18,7.19,1269348,34721920.00
2012-08-01,7.19,7.46,7.00,7.23,841732,22286344.00
2012-08-02,7.20,7.33,7.12,7.22,512750,13546497.00
2012-08-03,7.26,7.45,7.26,7.44,619188,16587899.00
2012-08-06,7.40,7.64,7.34,7.59,634132,17377234.00
2012-08-07,7.62,7.72,7.57,7.60,528737,14715231.00
2012-08-08,7.59,7.78,7.59,7.64,538669,15091474.00
2012-08-09,7.78,8.24,7.74,8.20,1494295,44050860.00
2012-08-10,8.15,8.22,8.08,8.10,775352,22969246.00
2012-08-13,8.10,8.20,7.83,7.84,750490,21789644.00
2012-08-14,7.84,7.90,7.56,7.89,656387,18480886.00
2012-08-15,7.82,8.07,7.76,7.95,735542,21352878.00
2012-08-16,7.90,7.95,7.82,7.84,333511,9573394.00
2012-08-17,7.75,7.86,7.57,7.67,447193,12527774.00
2012-08-20,7.66,7.91,7.54,7.90,294423,8315719.00
2012-08-21,7.89,8.34,7.82,8.20,964698,28701322.00
2012-08-22,8.12,8.58,8.10,8.42,1257283,38163316.00
2012-08-23,8.40,8.55,8.32,8.40,809188,24862958.00
2012-08-24,8.34,8.72,8.32,8.48,1184670,36943096.00
2012-08-27,8.44,8.59,8.00,8.11,1073697,32097106.00
2012-08-28,8.00,8.57,7.99,8.57,1330959,40154032.00
2012-08-29,8.56,9.06,8.46,8.84,1886426,60549428.00
2012-08-30,8.75,8.92,8.39,8.57,1230881,38688656.00
2012-08-31,8.58,9.43,8.54,9.43,2820658,95064088.00
2012-09-03,9.59,9.90,9.30,9.69,3828570,133573136.00
2012-09-04,9.62,10.45,9.59,9.91,3874109,141052640.00
2012-09-05,9.76,10.10,9.72,9.89,2575474,92815968.00
2012-09-06,9.69,10.01,9.58,10.01,2107392,74980624.00
2012-09-07,10.00,10.42,9.84,9.85,3372355,123705128.00
2012-09-10,9.74,10.67,9.63,10.25,2931078,108639688.00
2012-09-11,10.12,10.15,9.80,9.94,1461999,52908248.00
2012-09-12,9.89,10.10,9.87,9.94,976785,35481352.00
2012-09-13,9.90,10.40,9.73,9.79,1129881,41476472.00
2012-09-14,9.95,10.06,9.54,9.78,1193701,42237232.00
2012-09-17,9.70,9.89,9.53,9.54,633769,22346756.00
2012-09-18,9.66,9.81,9.54,9.57,719409,25325800.00
2012-09-19,9.74,9.81,9.56,9.74,778939,27432616.00
2012-09-20,9.74,9.77,8.95,9.01,1454065,49651580.00
2012-09-21,9.04,9.08,8.60,8.64,1138496,36721096.00
2012-09-24,8.52,8.82,8.52,8.72,648832,20568942.00
2012-09-25,8.72,8.83,8.63,8.63,550375,17521738.00
2012-09-26,8.63,8.67,8.43,8.43,639338,19837638.00
2012-09-27,8.43,8.78,8.43,8.76,701515,22071608.00
2012-09-28,8.72,9.01,8.67,9.00,663801,21487280.00
2012-10-08,9.03,9.12,8.79,8.87,558904,18185130.00
2012-10-09,8.92,9.14,8.84,9.13,572609,18867468.00
2012-10-10,9.12,9.29,9.07,9.22,710943,23776094.00
2012-10-11,9.20,9.20,8.84,8.97,761870,24995042.00
2012-10-12,9.20,9.75,9.18,9.59,1817788,62979580.00
2012-10-15,9.54,9.67,9.40,9.54,1099234,38110340.00
2012-10-16,9.59,9.66,9.38,9.44,958178,33188060.00
2012-10-17,9.46,9.58,9.41,9.56,548328,18983710.00
2012-10-18,9.56,9.65,9.50,9.58,574920,20056042.00
2012-10-19,9.57,9.67,9.37,9.41,699410,24104478.00
2012-10-22,9.40,9.48,9.20,9.43,569038,19282692.00
2012-10-23,9.42,9.42,9.20,9.21,449304,15156314.00
2012-10-24,9.12,9.27,9.02,9.10,501201,16665121.00
2012-10-25,9.11,9.31,9.05,9.17,362617,12127828.00
2012-10-26,9.12,9.23,9.01,9.20,429156,14320295.00
2012-10-29,9.21,9.34,9.07,9.34,381946,12863797.00
2012-10-30,9.34,9.61,9.30,9.60,702303,24344402.00
2012-10-31,9.57,9.62,9.48,9.60,415772,14455576.00
2012-11-01,9.59,9.86,9.57,9.70,838256,29773430.00
2012-11-02,9.70,9.80,9.64,9.72,357893,12647598.00
2012-11-05,9.71,9.79,9.51,9.59,416878,14614492.00
2012-11-06,9.53,9.98,9.49,9.95,1129929,40354692.00
2012-11-07,9.90,10.03,9.84,9.88,503466,18154498.00
2012-11-08,9.73,10.07,9.68,9.77,738943,26606406.00
2012-11-09,9.66,9.86,9.34,9.39,945924,32903212.00
2012-11-12,9.39,9.48,9.20,9.42,756004,25722224.00
2012-11-13,9.42,9.50,9.29,9.42,393243,13470456.00
2012-11-14,9.38,9.57,9.34,9.57,314869,10815313.00
2012-11-15,9.55,9.75,9.47,9.50,740865,25971094.00
2012-11-16,9.47,9.50,8.94,8.97,942940,31418824.00
2012-11-19,8.98,9.03,8.65,8.87,614228,19673850.00
2012-11-20,8.94,9.15,8.88,8.93,576087,18887002.00
2012-11-21,8.93,9.10,8.73,9.07,468892,15216527.00
2012-11-22,9.04,9.04,8.62,8.65,568259,18142880.00
2012-11-23,8.60,8.77,8.57,8.69,242275,7660852.50
2012-11-26,8.70,8.88,8.70,8.74,362102,11617684.00
2012-11-27,8.72,8.73,8.25,8.27,435058,13376271.00
2012-11-28,8.06,8.33,8.06,8.18,294532,8764937.00
2012-11-29,8.12,8.28,7.92,7.96,260107,7700426.50
2012-11-30,7.95,8.16,7.95,8.12,339963,9998844.00
2012-12-03,8.23,8.23,7.88,7.89,263859,7767488.00
2012-12-04,7.87,7.89,7.15,7.72,513398,14128612.00
2012-12-05,7.62,8.11,7.62,7.99,831322,24029728.00
2012-12-06,8.02,8.15,7.90,7.98,436816,12766510.00
2012-12-07,7.90,8.30,7.88,8.22,597926,17682240.00
2012-12-10,8.23,8.40,8.18,8.32,477567,14437932.00
2012-12-11,8.30,8.30,8.19,8.22,303381,9100184.00
2012-12-12,8.20,8.27,8.06,8.26,407054,12137554.00
2012-12-13,8.21,8.31,7.95,8.07,291996,8687655.00
2012-12-14,8.09,8.56,8.05,8.45,629009,19115964.00
2012-12-17,8.46,8.84,8.46,8.67,924490,29310734.00
2012-12-18,8.62,8.72,8.45,8.50,508417,15873464.00
2012-12-19,8.49,8.72,8.48,8.68,386753,12174098.00
2012-12-20,8.69,9.43,8.61,9.26,1520173,50544320.00
2012-12-21,9.29,10.14,9.20,9.83,2412610,85038176.00
2012-12-24,9.87,10.08,9.76,9.84,1314574,47224276.00
2012-12-25,9.85,10.18,9.76,9.87,1843573,66889440.00
2012-12-26,9.78,10.68,9.78,10.37,2442710,91339120.00
2012-12-27,10.29,10.40,10.05,10.05,1987704,73639168.00
2012-12-28,10.02,10.77,9.92,10.39,2010015,75985744.00
2012-12-31,10.32,10.87,10.32,10.37,1217340,46368076.00
2013-01-04,10.39,10.83,10.15,10.62,1721859,66300892.00
2013-01-07,10.45,10.59,10.32,10.51,908826,34560292.00
2013-01-08,10.68,10.87,10.42,10.43,1714628,66648036.00
2013-01-09,10.18,10.30,9.85,9.95,2444154,89198376.00
2013-01-10,9.95,10.17,9.91,10.04,1008966,36863832.00
2013-01-11,10.17,10.42,10.07,10.18,1492747,55703792.00
2013-01-14,10.10,10.65,9.98,10.52,1550890,58726208.00
2013-01-15,10.54,10.81,10.31,10.53,1486562,56820584.00
2013-01-16,10.50,10.50,10.13,10.29,1229951,46011332.00
2013-01-17,10.29,10.37,10.15,10.31,680926,25439568.00
2013-01-18,10.37,10.43,10.10,10.30,809068,30213612.00
2013-01-21,10.30,10.34,10.06,10.14,973256,35835924.00
2013-01-22,10.14,10.15,9.77,9.79,1062536,38315164.00
2013-01-23,9.75,10.05,9.69,10.04,712940,25703730.00
2013-01-24,9.97,10.12,9.50,9.59,885441,31561334.00
2013-01-25,9.44,9.73,9.44,9.57,577439,20080812.00
2013-01-28,9.58,9.75,9.58,9.68,787344,27686592.00
2013-01-29,9.73,10.00,9.68,9.81,871120,31395270.00
2013-01-30,9.78,9.78,9.47,9.54,1157199,40145940.00
2013-01-31,9.50,9.50,9.35,9.39,692026,23626698.00
2013-02-01,9.37,9.62,9.37,9.59,732807,25366384.00
2013-02-04,10.16,10.16,9.56,9.60,937281,33093412.00
2013-02-05,9.51,9.62,9.40,9.62,776956,26915654.00
2013-02-06,9.62,9.72,9.44,9.60,700254,24479238.00
2013-02-07,9.57,9.77,9.54,9.75,718983,25270628.00
2013-02-08,9.75,9.95,9.73,9.89,743300,26653312.00
2013-02-18,9.90,9.98,9.75,9.98,790018,28378174.00
2013-02-19,9.95,9.95,9.64,9.65,627329,22252384.00
2013-02-20,9.64,9.87,9.62,9.86,557722,19804206.00
2013-02-21,9.82,10.06,9.72,10.05,1272211,46020196.00
2013-02-22,10.02,10.07,9.84,9.97,845692,30626124.00
2013-02-25,9.84,9.87,9.51,9.67,1044911,36730164.00
2013-02-26,9.62,9.70,9.51,9.57,646240,22560372.00
2013-02-27,9.54,9.75,9.54,9.62,522995,18322598.00
2013-02-28,9.57,9.74,9.51,9.70,718488,25207648.00
2013-03-01,9.70,10.07,9.62,10.06,1644253,59395016.00
2013-03-04,9.99,10.12,9.75,9.81,1036873,37492040.00
2013-03-05,9.81,10.12,9.68,10.12,1106631,40066556.00
2013-03-06,10.10,10.10,9.75,9.94,3851482,138140336.00
2013-03-07,9.82,9.99,9.76,9.89,1815718,65063768.00
2013-03-08,9.87,10.03,9.55,9.70,1563671,54856588.00
2013-03-11,9.72,9.72,8.87,8.96,2466078,82020496.00
2013-03-12,8.95,8.95,8.54,8.70,1795044,57086436.00
2013-03-13,8.73,8.73,8.56,8.60,678751,21307250.00
2013-03-14,8.62,8.72,8.60,8.65,617048,19441120.00
2013-03-15,8.71,8.84,8.55,8.71,756361,23939618.00
2013-03-18,8.71,8.78,8.65,8.71,515460,16329083.00
2013-03-19,8.70,8.76,8.57,8.64,353385,11112724.00
2013-03-20,8.63,8.85,8.62,8.84,938583,29893790.00
2013-03-21,8.84,9.06,8.80,8.94,1046525,33881648.00
2013-03-22,9.00,9.00,8.84,8.89,603895,19532182.00
2013-03-25,8.90,8.95,8.84,8.92,648724,21025212.00
2013-03-26,8.90,8.90,8.67,8.73,659347,20965850.00
2013-03-27,8.73,8.84,8.54,8.59,634008,20022460.00
2013-03-28,8.56,8.56,8.18,8.22,847035,25472590.00
2013-03-29,8.22,8.33,8.20,8.27,350624,10558561.00
2013-04-01,8.30,8.54,8.27,8.49,636898,19639998.00
2013-04-02,8.49,8.59,8.39,8.40,468912,14443977.00
2013-04-03,8.40,8.50,8.28,8.39,353251,10787984.00
2013-04-08,8.28,8.49,8.04,8.48,406046,12331627.00
2013-04-09,8.41,8.54,8.41,8.54,366583,11342841.00
2013-04-10,8.55,8.55,8.44,8.52,392341,12141597.00
2013-04-11,8.54,8.58,8.45,8.47,383582,11909015.00
2013-04-12,8.47,8.51,8.39,8.39,270522,8302884.50
2013-04-15,8.39,8.46,8.32,8.35,425672,12990986.00
2013-04-16,8.29,8.44,8.26,8.42,280646,8545736.00
2013-04-17,8.50,8.84,8.44,8.79,1192941,37915996.00
2013-04-18,8.34,8.34,8.03,8.07,2455501,72925384.00
2013-04-19,8.07,8.22,8.04,8.20,1383288,41037104.00
2013-04-22,8.20,8.20,7.85,8.00,1610372,46863052.00
2013-04-23,8.00,8.04,7.88,7.90,751453,21749530.00
2013-04-24,7.87,8.02,7.87,7.96,984790,28613720.00
2013-04-25,7.97,8.05,7.83,7.83,962651,27910090.00
2013-04-26,7.73,7.82,7.64,7.67,670438,18871514.00
2013-05-02,7.73,8.14,7.66,8.00,958234,27789848.00
2013-05-03,8.07,8.07,7.97,8.02,829318,24242868.00
2013-05-06,8.09,8.18,8.04,8.16,1482852,43817688.00
2013-05-07,8.19,8.19,8.02,8.04,793082,23371306.00
2013-05-08,8.00,8.19,8.00,8.17,1117700,33131682.00
2013-05-09,8.20,8.32,8.17,8.31,1246816,37445232.00
2013-05-10,8.37,8.63,8.34,8.58,1529600,47418556.00
2013-05-13,8.65,8.65,8.37,8.47,994900,30676040.00
2013-05-14,8.60,8.77,8.49,8.55,1919725,60270616.00
2013-05-15,8.43,8.63,8.37,8.62,1445896,44846504.00
2013-05-16,8.63,9.00,8.62,8.78,2329309,75238208.00
2013-05-17,8.73,8.97,8.69,8.80,1270692,40820088.00
2013-05-20,9.10,9.48,9.09,9.35,3357913,113790048.00
2013-05-21,9.33,9.53,9.23,9.47,2657230,91083088.00
2013-05-22,9.46,9.46,9.11,9.17,1928199,65037844.00
2013-05-23,9.19,9.36,9.01,9.20,1634448,54553396.00
2013-05-24,9.18,9.48,9.17,9.45,1849116,63051308.00
2013-05-27,9.49,9.73,9.36,9.37,1964581,68073392.00
2013-05-28,9.34,9.37,8.96,9.01,1846071,61151784.00
2013-05-29,9.00,9.11,8.94,9.04,1000286,32912418.00
2013-05-30,9.03,9.09,8.88,9.06,1530288,49882764.00
2013-05-31,9.04,9.20,8.95,8.98,1151747,38184444.00
2013-06-03,8.95,9.17,8.93,9.01,1022181,33683488.00
2013-06-04,8.95,9.10,8.66,8.74,1324921,42802240.00
2013-06-05,8.75,8.84,8.68,8.79,685534,21820000.00
2013-06-06,8.72,8.78,8.65,8.73,453320,14403158.00
2013-06-07,8.74,8.77,8.42,8.46,723433,22601802.00
2013-06-13,8.29,8.48,8.01,8.39,740217,22169022.00
2013-06-14,8.52,8.69,8.30,8.65,1186747,24542560.00
2013-06-17,8.71,8.97,8.54,8.90,1854151,39374176.00
2013-06-18,8.82,8.88,8.55,8.80,1261493,26635108.00
2013-06-19,8.77,8.77,8.57,8.63,712113,14873629.00
2013-06-20,8.61,8.90,8.35,8.38,1342992,28243516.00
2013-06-21,8.27,8.27,7.80,8.06,1364961,26423436.00
2013-06-24,8.02,8.02,7.44,7.53,1210201,22668818.00
2013-06-25,7.44,7.60,6.77,7.45,1403624,24470758.00
2013-06-26,7.41,7.80,7.36,7.80,1469737,27069876.00
2013-06-27,7.84,7.93,7.50,7.52,1210629,22683252.00
2013-06-28,7.45,7.57,7.02,7.27,926871,16443693.00
2013-07-01,7.27,7.43,7.22,7.43,764917,13590702.00
2013-07-02,7.48,7.89,7.46,7.85,1730604,32429432.00
2013-07-03,7.84,7.84,7.57,7.78,1397649,25970410.00
2013-07-04,7.73,7.96,7.62,7.83,1327773,25053750.00
2013-07-05,7.80,7.97,7.65,7.65,1463186,27782024.00
2013-07-08,7.43,7.43,7.08,7.08,1235004,21585532.00
2013-07-09,7.07,7.21,7.05,7.12,734227,12668093.00
2013-07-10,7.15,7.34,7.10,7.30,898498,15796188.00
2013-07-11,7.30,7.57,7.29,7.49,1224459,22083800.00
2013-07-12,8.25,8.25,8.24,8.25,1335356,26613634.00
2013-07-15,9.07,9.07,9.05,9.07,2341067,51298336.00
2013-07-16,9.89,9.96,9.47,9.92,14431373,338892032.00
2013-07-17,9.55,9.82,9.38,9.77,9414113,219229920.00
2013-07-18,9.57,10.07,9.55,9.69,7530693,178049152.00
2013-07-19,9.61,10.64,9.61,9.97,10722799,261267328.00
2013-07-22,10.07,10.97,10.02,10.84,12044950,310648064.00
2013-07-23,10.97,10.97,10.33,10.73,9419809,241910928.00
2013-07-24,10.47,10.73,10.41,10.51,7437549,189666784.00
2013-07-25,10.50,10.60,9.52,9.52,8314232,198338816.00
2013-07-26,9.40,9.75,9.34,9.71,4167883,96522424.00
2013-07-29,9.65,9.66,9.30,9.42,3057616,69893640.00
2013-07-30,9.42,9.52,8.94,9.13,4098629,90753920.00
2013-07-31,9.19,9.71,9.12,9.40,4359090,99304688.00
2013-08-01,9.36,9.98,9.31,9.90,6692626,157359120.00
2013-08-02,9.91,10.10,9.65,9.67,5663102,134646720.00
2013-08-05,9.60,9.73,9.43,9.65,3911697,90243768.00
2013-08-06,9.71,10.06,9.71,9.91,4953779,118595744.00
2013-08-07,9.94,10.14,9.36,9.45,5528093,130133920.00
2013-08-08,9.36,9.59,9.14,9.46,3908246,88651248.00
2013-08-09,9.48,9.57,9.05,9.21,3590350,80302392.00
2013-08-12,9.15,9.30,9.04,9.30,2855645,63413584.00
2013-08-13,9.32,9.56,9.24,9.52,3068900,69970488.00
2013-08-14,9.52,9.94,9.31,9.71,5287799,123010848.00
2013-08-15,9.75,10.69,9.63,10.56,16116982,406851840.00
2013-08-16,10.28,10.48,9.50,9.52,10637856,259254992.00
2013-08-19,9.36,9.86,9.23,9.80,4783408,111898632.00
2013-08-20,9.77,10.27,9.70,10.17,6085646,147726144.00
2013-08-21,10.15,10.35,9.96,10.10,4617519,113316400.00
2013-08-22,10.03,10.74,10.03,10.36,6942388,175798944.00
2013-08-23,10.28,10.63,9.95,10.55,6568722,164487872.00
2013-08-26,10.73,11.61,10.73,11.37,13962766,384695712.00
2013-08-27,11.47,11.93,11.15,11.67,10831790,301301568.00
2013-08-28,11.63,12.85,11.32,12.14,13868652,405554624.00
2013-08-29,11.75,12.23,11.57,11.85,7122046,203126176.00
2013-08-30,11.65,11.79,10.82,10.91,7630485,207060256.00
2013-09-02,10.81,11.24,10.74,11.15,3609741,96403136.00
2013-09-03,11.17,11.56,11.11,11.42,4177545,114647064.00
2013-09-04,11.40,11.44,10.98,11.00,3812622,102305976.00
2013-09-05,11.02,11.32,10.78,11.11,3663589,98348736.00
2013-09-06,10.97,11.52,10.92,11.52,4865290,133235976.00
2013-09-09,11.52,11.62,11.09,11.26,4033109,109394672.00
2013-09-10,11.31,11.32,10.90,11.04,3935941,104578008.00
2013-09-11,10.97,10.97,10.07,10.12,6044123,151743024.00
2013-09-12,10.09,10.39,10.00,10.23,2465914,60687380.00
2013-09-13,10.27,10.50,10.03,10.47,2400952,59802300.00
2013-09-16,10.43,10.89,10.32,10.84,4139853,106320480.00
2013-09-17,10.74,10.90,10.32,10.32,3037636,77314472.00
2013-09-18,10.35,10.57,10.11,10.46,1814014,45312588.00
2013-09-23,10.36,10.81,10.36,10.80,2698264,69722376.00
2013-09-24,10.81,11.27,10.81,11.18,4869886,130066336.00
2013-09-25,11.20,11.48,10.90,11.24,5222894,141644816.00
2013-09-26,11.23,11.55,11.02,11.04,4166116,114324000.00
2013-09-27,11.07,11.23,10.90,11.04,2353953,62843804.00
2013-09-30,11.04,11.44,11.02,11.36,2667444,72858736.00
2013-10-08,11.44,11.48,11.02,11.37,3848317,104335720.00
2013-10-09,11.32,11.85,11.27,11.56,4097203,114664576.00
2013-10-10,11.50,12.00,11.50,11.60,4707996,133601216.00
2013-10-11,11.63,11.94,11.22,11.73,5540706,154832640.00
2013-10-14,11.71,11.72,11.36,11.49,3276732,91257256.00
2013-10-15,11.50,11.67,11.22,11.23,2615587,72176888.00
2013-10-16,11.19,11.19,10.52,10.68,3258250,84969200.00
2013-10-17,10.72,10.88,10.57,10.65,1602749,41454732.00
2013-10-18,11.02,11.72,11.02,11.72,5758328,160937344.00
2013-10-21,11.72,12.70,11.19,12.38,11613928,341926272.00
2013-10-22,12.13,12.21,11.62,11.73,6767129,194737936.00
2013-10-23,11.47,11.52,10.55,10.59,6571748,171145232.00
2013-10-24,10.40,10.57,10.23,10.47,2478555,62167100.00
2013-10-25,10.47,10.77,9.67,9.91,3111089,76294328.00
2013-10-28,9.95,10.05,9.70,9.99,1495412,35765684.00
2013-10-29,10.02,10.17,9.11,9.41,2725697,62584500.00
2013-10-30,9.44,9.60,9.27,9.44,2178011,49633420.00
2013-10-31,9.44,9.60,9.37,9.46,1544512,35378968.00
2013-11-01,9.44,9.44,8.92,9.17,1708483,37670524.00
2013-11-04,9.12,9.31,9.02,9.12,1288685,28528598.00
2013-11-05,9.12,9.40,8.99,9.39,1452317,32429482.00
2013-11-06,9.32,9.68,9.32,9.44,2282234,52502108.00
2013-11-07,9.32,9.50,9.23,9.26,1112004,25121624.00
2013-11-08,9.17,9.35,9.02,9.02,960641,21217756.00
2013-11-11,9.05,9.31,9.03,9.18,693544,15347929.00
2013-11-12,9.31,9.38,9.17,9.37,1010119,22675696.00
2013-11-13,9.40,9.66,9.16,9.16,1229849,27978234.00
2013-11-14,9.12,9.48,8.99,9.45,1603801,35929856.00
2013-11-15,9.45,9.75,9.41,9.69,2435296,56796864.00
2013-11-18,9.73,9.93,9.68,9.90,2323707,55143140.00
2013-11-19,9.86,10.02,9.72,9.79,1761172,41736048.00
2013-11-20,9.82,9.99,9.73,9.96,1863501,44576528.00
2013-11-21,9.97,9.97,9.67,9.75,1791040,42233368.00
2013-11-22,9.77,9.81,9.58,9.64,1148028,26746856.00
2013-11-25,9.62,9.89,9.49,9.81,1918988,45081560.00
2013-11-26,9.81,10.15,9.70,10.03,2421686,58158136.00
2013-11-27,10.03,10.14,9.91,10.14,2493552,60480532.00
2013-11-28,10.35,10.35,9.95,10.04,2536858,62087328.00
2013-11-29,10.03,10.36,10.00,10.35,3390872,84015960.00
2013-12-02,9.94,9.94,9.31,9.31,3383704,78129496.00
2013-12-03,9.11,9.17,8.52,9.11,2745716,59073988.00
2013-12-04,9.03,9.39,8.98,9.13,1950184,43554256.00
2013-12-05,9.02,9.36,9.02,9.18,1040497,23148300.00
2013-12-06,9.17,9.28,8.91,9.09,902237,19864834.00
2013-12-09,9.07,9.22,8.87,9.19,1242590,27276732.00
2013-12-10,9.20,9.39,9.11,9.35,1474496,33066972.00
2013-12-11,9.31,9.33,9.16,9.25,1025486,22882256.00
2013-12-12,9.11,9.34,9.11,9.16,1591781,35532972.00
2013-12-13,9.21,9.35,9.17,9.28,1275575,28586432.00
2013-12-16,9.27,9.31,9.01,9.04,1364635,30122024.00
2013-12-17,9.10,9.14,8.74,8.89,923802,19905170.00
2013-12-18,8.85,8.93,8.72,8.85,775229,16507214.00
2013-12-19,8.88,8.95,8.80,8.81,659755,14124386.00
2013-12-20,8.76,8.86,8.61,8.65,779141,16438825.00
2013-12-23,8.60,8.97,8.40,8.82,1097294,22925200.00
2013-12-24,9.35,9.35,8.86,8.99,1105104,24047182.00
2013-12-25,8.99,9.29,8.97,9.27,1530654,33831372.00
2013-12-26,9.19,9.26,8.96,8.97,1210667,26639374.00
2013-12-27,8.98,9.23,8.95,9.15,1144428,25205022.00
2013-12-30,9.25,9.42,9.14,9.17,1488229,33300342.00
2013-12-31,9.11,9.18,8.88,9.02,1110101,24179068.00
2014-01-02,9.07,9.35,9.02,9.33,1695231,37925144.00
2014-01-03,9.32,9.54,9.21,9.48,2690507,61147016.00
2014-01-06,9.48,9.49,9.03,9.09,1628616,36366348.00
2014-01-07,9.05,9.33,9.03,9.32,1114837,24895350.00
2014-01-08,9.31,9.54,9.25,9.52,2065960,47189380.00
2014-01-09,9.52,9.55,9.15,9.19,1737230,39366868.00
2014-01-10,9.18,9.19,8.91,8.95,1210142,26478408.00
2014-01-13,8.93,9.21,8.90,9.13,976077,21386748.00
2014-01-14,9.15,9.76,9.08,9.74,3194807,73320880.00
2014-01-15,9.73,9.94,9.55,9.65,3059986,71993080.00
2014-01-16,9.63,9.87,9.63,9.67,1788550,42056196.00
2014-01-17,9.63,9.81,9.44,9.77,2432769,56629420.00
2014-01-20,9.75,10.13,9.67,10.01,3487864,83787952.00
2014-01-21,9.94,10.19,9.82,10.05,3156762,76432056.00
2014-01-22,10.07,10.43,9.98,10.35,4104325,102135392.00
2014-01-23,10.39,10.77,10.28,10.54,3589871,91103080.00
2014-01-24,10.42,10.76,10.35,10.61,3832825,97427576.00
2014-01-27,10.55,11.00,10.42,10.77,3122077,81054360.00
2014-01-28,10.69,10.82,9.94,10.36,3026448,76458472.00
2014-01-29,10.36,11.28,10.30,11.23,5202058,136992896.00
2014-01-30,11.06,11.42,10.94,11.10,3834533,103542336.00
2014-02-07,10.90,11.68,10.90,11.46,3502203,96470624.00
2014-02-10,11.47,11.82,11.30,11.69,3742535,104047344.00
2014-02-11,11.77,11.97,11.35,11.69,3830452,107629280.00
2014-02-12,11.61,11.66,11.39,11.57,3127954,86821240.00
2014-02-13,11.48,11.68,11.02,11.05,2813082,77221984.00
2014-02-14,11.06,11.24,10.79,11.14,2680184,71475128.00
2014-02-17,11.23,11.84,11.19,11.80,4504132,125352760.00
2014-02-18,11.80,12.43,11.69,11.97,5977430,174361024.00
2014-02-19,11.82,11.97,11.52,11.69,3538117,99603008.00
2014-02-20,11.75,11.75,10.72,11.15,4615800,123839704.00
2014-02-21,11.10,11.27,10.95,11.19,2231634,59899764.00
2014-02-24,11.24,11.52,11.15,11.43,2259114,61873604.00
2014-02-25,11.43,11.81,10.80,10.85,3802721,103949736.00
2014-02-26,10.74,11.05,10.45,10.87,1913079,49914560.00
2014-02-27,11.07,11.96,11.07,11.67,9627195,274728896.00
2014-02-28,11.56,11.73,10.84,11.27,5775653,155914352.00
2014-03-03,11.20,12.23,10.98,12.12,5453430,154196208.00
2014-03-04,11.94,13.00,11.88,12.57,6479459,195240592.00
2014-03-05,12.52,12.77,12.27,12.58,3430966,103810480.00
2014-03-06,12.59,13.52,12.47,13.44,5893096,186835376.00
2014-03-07,13.36,13.67,12.90,13.21,5136351,164687168.00
2014-03-10,13.08,13.27,12.60,12.77,3311744,102737360.00
2014-03-11,12.72,12.94,12.15,12.32,2846659,85877096.00
2014-03-12,12.39,12.76,11.61,12.02,3445045,100795368.00
2014-03-13,12.15,12.32,11.94,12.25,2455640,71837968.00
2014-03-14,12.15,12.23,11.57,11.69,2677438,76723704.00
2014-03-17,11.77,12.85,11.74,12.77,4319425,129274048.00
2014-03-18,12.73,13.09,12.48,12.53,2857605,87796368.00
2014-03-19,12.53,12.74,12.45,12.72,2211582,67263568.00
2014-03-20,12.85,12.85,11.67,11.70,4020990,117444976.00
2014-03-21,11.52,11.81,11.25,11.80,2155028,59903872.00
2014-03-24,11.92,12.34,11.81,11.81,1918923,55641236.00
2014-03-25,11.80,11.80,11.39,11.48,1941121,53942760.00
2014-03-26,11.53,11.75,11.45,11.57,1319152,36908136.00
2014-03-27,11.64,11.82,11.40,11.46,1389977,38921112.00
2014-03-28,10.94,11.18,10.35,10.47,3424741,88423576.00
2014-03-31,10.48,10.61,10.32,10.44,1051990,26527720.00
2014-04-01,10.44,10.68,10.44,10.63,1071954,27453368.00
2014-04-02,10.64,10.71,10.48,10.65,1004789,25743288.00
2014-04-03,10.68,10.98,10.57,10.97,1265732,33215812.00
2014-04-04,10.97,11.32,10.95,11.30,1435466,38751920.00
2014-04-08,11.27,11.27,11.05,11.17,970717,26111642.00
2014-04-09,11.18,11.38,11.07,11.27,826912,22530288.00
2014-04-10,11.32,11.39,11.09,11.11,1325935,35928160.00
2014-04-11,11.02,11.10,10.85,11.01,826066,21851508.00
2014-04-14,11.01,11.38,10.98,11.37,1157476,31444988.00
2014-04-15,11.32,11.34,11.13,11.23,843582,22813824.00
2014-04-16,11.23,11.68,11.23,11.60,1573110,43521652.00
2014-04-17,11.52,11.86,11.47,11.72,1344923,38005888.00
2014-04-18,11.72,12.33,11.60,12.03,1824790,52994008.00
2014-04-21,11.98,12.22,11.71,11.73,1185452,34059024.00
2014-04-22,11.73,11.92,11.32,11.51,1008927,28088392.00
2014-04-23,11.65,12.44,11.65,11.95,1786162,51860492.00
2014-04-24,12.00,12.08,11.57,11.83,1003116,28559660.00
2014-04-25,11.75,11.98,11.15,11.16,1132743,31564364.00
2014-04-28,10.98,10.98,10.67,10.69,1169585,30509096.00
2014-04-29,10.60,10.93,10.60,10.90,513529,13403242.00
2014-04-30,10.82,11.23,10.82,11.19,543276,14485511.00
2014-05-05,11.15,11.23,10.81,11.23,612736,16371136.00
2014-05-06,11.30,11.47,11.17,11.23,748103,20426806.00
2014-05-07,11.21,11.21,10.69,10.89,1058574,27817366.00
2014-05-08,10.81,11.08,10.79,10.86,491778,12979798.00
2014-05-09,10.85,10.96,10.64,10.75,648717,16797014.00
2014-05-12,10.82,11.16,10.82,11.06,612724,16255596.00
2014-05-13,11.13,11.23,11.02,11.07,727568,19516716.00
2014-05-14,11.15,11.18,11.02,11.11,570662,15254699.00
2014-05-15,11.13,11.13,10.81,10.88,624070,16501477.00
2014-05-16,10.88,11.02,10.77,10.82,680240,17837906.00
2014-05-19,10.73,10.90,10.68,10.80,381258,9888088.00
2014-05-20,10.90,11.13,10.90,10.94,745845,19829596.00
2014-05-21,10.82,11.19,10.82,11.16,906973,24301020.00
2014-05-22,11.25,11.37,11.00,11.00,947026,25590166.00
2014-05-23,10.98,11.55,10.95,11.47,1461164,39917680.00
2014-05-26,11.52,11.77,11.47,11.68,1771695,49799944.00
2014-05-27,11.68,11.75,11.50,11.53,733272,20512956.00
2014-05-28,11.76,12.13,11.60,11.87,2991688,85752760.00
2014-08-06,13.06,13.06,13.06,13.06,119394,3750165.50
2014-08-07,14.37,14.37,14.22,14.37,6272161,216659712.00
2014-08-08,14.35,14.76,13.86,14.64,8802141,303647200.00
2014-08-11,14.54,16.10,14.18,15.74,7462919,271921728.00
2014-08-12,15.51,16.05,15.32,15.49,3923354,147247424.00
2014-08-13,15.55,15.55,14.97,15.26,2673552,97766960.00
2014-08-14,15.13,15.65,14.89,15.36,3058987,112753552.00
2014-08-15,15.29,16.63,15.19,16.60,5134578,200180128.00
2014-08-18,16.30,17.00,16.02,16.55,3331736,131898232.00
2014-08-19,16.48,16.55,15.95,15.99,2709190,105175032.00
2014-08-20,16.01,16.01,15.52,15.65,1986409,75073048.00
2014-08-21,15.61,16.16,15.34,15.51,2765913,104433464.00
2014-08-22,15.57,16.35,15.39,16.22,2681673,102692328.00
2014-08-25,16.17,16.22,15.66,15.93,1900038,72860576.00
2014-08-26,15.88,16.02,15.45,15.51,1075029,40613496.00
2014-08-27,15.54,15.85,15.46,15.56,832739,31281588.00
2014-08-28,15.44,15.53,14.97,15.07,1209938,44129824.00
2014-08-29,15.07,15.87,15.02,15.62,1437026,53777796.00
2014-09-01,15.57,16.12,15.50,16.02,1386405,53036936.00
2014-09-02,15.94,16.44,15.89,16.22,2206577,86088592.00
2014-09-03,16.22,16.69,15.97,16.37,1969417,77353744.00
2014-09-04,16.37,17.98,16.18,17.64,3649847,148545552.00
2014-09-05,17.45,17.59,17.06,17.30,1501510,62350928.00
2014-09-09,17.30,17.77,17.01,17.11,1118428,46569044.00
2014-09-10,17.20,17.44,16.64,16.73,1815082,73738832.00
2014-09-11,16.74,17.05,16.55,16.65,1552319,62630016.00
2014-09-12,16.65,17.60,16.65,17.40,1833055,75481600.00
2014-09-15,17.40,18.53,17.28,18.30,4415435,192250288.00
2014-09-16,18.30,18.88,17.93,18.05,3366716,148608016.00
2014-09-17,17.87,18.42,17.80,17.94,2415358,104805960.00
2014-09-18,18.04,19.73,18.04,19.73,2989118,138629888.00
2014-09-19,20.30,21.71,20.15,20.89,5361895,270053088.00
2014-09-22,20.79,21.34,19.97,20.40,5034133,206956704.00
2014-09-23,20.47,22.44,19.81,22.44,4789605,202081984.00
2014-09-24,22.47,24.22,22.00,23.62,4571865,212478720.00
2014-09-25,23.39,23.43,21.80,22.12,7990278,357453280.00
2014-09-26,21.67,22.56,21.47,22.06,4011105,177651472.00
2014-09-29,21.77,22.27,21.40,21.61,4813045,208366096.00
2014-09-30,21.59,22.11,21.47,21.70,3240676,141982192.00
2014-10-08,21.72,22.47,21.20,22.47,4130345,180120288.00
2014-10-09,22.53,22.68,21.47,21.67,3410756,149048336.00
2014-10-10,21.72,22.02,21.22,21.65,1879139,81286040.00
2014-10-13,21.50,21.57,21.15,21.45,1802303,76909584.00
2014-10-14,21.31,21.75,21.19,21.58,1756091,75883240.00
2014-10-15,21.58,21.81,21.27,21.64,1296743,56073856.00
2014-10-16,21.36,22.12,21.22,21.42,2678744,116411832.00
2014-10-17,21.32,21.76,20.52,21.53,1658283,70464096.00
2014-10-20,21.53,21.82,21.31,21.82,970529,42144296.00
2014-10-21,21.84,22.90,21.84,22.57,3074226,138902880.00
2014-10-22,22.35,22.71,21.77,21.88,1339836,59684264.00
2014-10-31,22.97,24.01,22.47,22.65,4517337,208279712.00
2014-11-03,22.41,24.92,22.00,24.72,4357065,209820864.00
2014-11-04,24.73,24.75,23.52,23.68,2231253,107519144.00
2014-11-05,25.98,25.98,22.93,23.72,1696655,81747248.00
2014-11-06,23.34,23.62,22.97,23.47,1487721,69357256.00
2014-11-07,23.47,24.67,23.20,23.73,2224782,106980704.00
2014-11-10,23.87,24.65,23.48,24.22,1902004,92686120.00
2014-11-11,24.05,24.41,21.80,21.80,3430068,154653664.00
2014-11-12,21.49,22.52,21.08,21.98,2531935,111177248.00
2014-11-13,21.97,22.26,20.71,20.72,1790764,76051224.00
2014-11-14,20.46,20.96,19.98,20.49,1556341,63612416.00
2014-11-17,20.60,22.54,20.52,22.41,2427679,106876848.00
2014-11-18,22.47,24.41,22.07,23.96,2711808,127840512.00
2014-11-19,24.12,25.57,23.72,24.32,4044726,201865264.00
2014-11-20,24.42,24.87,23.65,24.80,1886089,91243576.00
2014-11-21,24.80,25.37,24.06,24.41,2046747,100553488.00
2014-11-24,24.47,26.85,24.47,26.85,6466593,344865920.00
2014-11-25,28.02,29.52,27.53,28.42,4729784,269054496.00
2014-11-26,28.97,30.22,27.83,29.47,2937071,171189712.00
2014-11-27,29.07,30.85,28.72,29.51,3352114,197858464.00
2014-11-28,29.39,32.47,28.32,32.47,4823165,299754208.00
2014-12-01,33.97,35.72,32.41,34.55,4701639,321000000.00
2014-12-02,33.92,34.97,32.37,33.99,3262814,220911072.00
2014-12-03,33.49,34.47,31.97,34.44,4437240,292918848.00
2014-12-04,33.77,37.37,33.39,36.62,3066327,217982048.00
2014-12-05,36.62,36.62,33.22,34.70,2721487,188484144.00
2014-12-08,34.47,34.47,31.23,31.23,2499956,158866592.00
2014-12-09,29.47,30.72,28.10,28.10,5989745,342920416.00
2014-12-10,26.97,30.02,26.11,28.87,4873220,274790208.00
2014-12-11,28.15,28.37,26.87,27.05,4293044,236605104.00
2014-12-12,27.20,29.76,27.05,29.76,4329724,249432736.00
2014-12-15,29.92,32.74,29.92,32.74,3872974,246824032.00
2014-12-16,32.97,34.46,31.48,32.30,3738496,245512912.00
2014-12-17,32.07,34.12,30.57,32.76,3895711,252363200.00
2014-12-18,32.67,36.04,31.53,35.97,4526757,313212640.00
2014-12-19,35.47,35.88,32.58,34.93,3651536,251421760.00
2014-12-22,34.08,34.08,31.43,31.43,978993,62166728.00
2014-12-23,28.29,31.87,28.29,28.69,3450964,201305152.00
2014-12-24,28.92,29.77,27.67,28.22,3662172,207212960.00
2014-12-25,28.51,29.42,28.22,28.77,3055294,176000208.00
2014-12-26,28.00,28.77,27.27,27.91,3645174,202800640.00
2014-12-29,27.47,27.62,25.11,25.41,5991639,309363712.00
2014-12-30,25.33,25.33,22.87,23.32,6045356,285740960.00
2014-12-31,23.52,24.22,22.79,23.72,3620154,170743600.00
2015-01-05,23.71,23.95,22.49,22.92,6683813,309967520.00
2015-01-06,23.27,25.22,23.05,25.22,7004130,340775072.00
2015-01-07,25.47,27.12,24.27,26.46,9071488,463630912.00
2015-01-08,25.75,28.30,25.47,27.17,7343915,393603680.00
2015-01-09,26.66,27.97,26.32,26.32,5803180,314652320.00
2015-01-12,25.64,28.22,25.57,28.01,6524963,360181952.00
2015-01-13,29.42,30.82,29.30,30.82,5179486,314964864.00
2015-01-14,32.64,32.64,29.87,30.86,6778195,424964288.00
2015-01-15,29.92,32.35,29.92,30.64,4722227,295198080.00
2015-01-16,30.77,33.70,30.50,33.70,12122455,803600384.00
2015-01-19,32.47,35.37,31.47,32.97,10259092,685792064.00
2015-01-20,33.06,36.27,32.30,36.27,6625817,461952512.00
2015-01-21,36.78,39.31,35.12,38.27,6446417,479510240.00
2015-01-22,37.76,38.72,36.57,37.67,4707547,353231360.00
2015-01-23,37.22,37.47,33.90,33.90,8255014,573258176.00
2015-01-26,33.98,37.27,33.98,37.17,6582443,471938496.00
2015-01-27,36.47,39.27,35.98,37.97,6113324,466366848.00
2015-01-28,36.91,38.87,36.55,36.62,4377607,327703456.00
2015-01-29,35.58,36.72,35.02,35.21,3163419,226352672.00
2015-01-30,34.67,35.79,34.67,35.16,2921767,206379344.00
2015-02-02,34.62,38.68,33.97,38.53,7123179,537205888.00
2015-02-03,38.46,42.38,38.07,42.38,7538833,620063040.00
2015-02-04,42.97,43.47,41.22,42.17,4587964,387407008.00
2015-02-05,41.37,46.39,40.91,44.10,6134135,542844224.00
2015-02-06,43.97,44.70,41.32,41.89,3573163,305950400.00
2015-02-09,41.01,44.85,40.73,41.65,3525987,300862592.00
2015-02-10,42.02,44.17,38.97,42.96,4808698,398334336.00
2015-02-11,42.57,46.16,42.57,44.02,4468387,397426752.00
2015-02-12,43.37,46.10,41.80,41.96,5956772,514287840.00
2015-02-13,41.97,43.22,40.44,41.40,6450229,533002816.00
2015-02-16,41.22,43.21,40.77,42.95,7293694,611542080.00
2015-02-17,43.72,43.72,40.97,41.58,4628101,387367680.00
2015-02-25,41.61,42.23,37.82,38.62,5456893,436074944.00
2015-02-26,38.65,39.95,37.47,38.97,4801463,372900928.00
2015-02-27,39.02,42.20,38.07,41.92,7372184,600402944.00
2015-03-02,41.32,44.97,40.63,44.48,7936662,691887808.00
2015-03-03,44.57,45.97,43.22,44.02,4828452,428922528.00
2015-03-04,43.59,46.02,43.59,46.01,4464809,403117952.00
2015-03-05,46.43,49.97,46.02,47.15,5691254,548394688.00
2015-03-23,51.87,51.87,51.87,51.87,89410,4637696.50
2015-03-24,57.06,57.06,57.06,57.06,43065,2457289.00
2015-03-25,62.77,62.77,62.77,62.77,54716,3434523.25
2015-03-26,69.05,69.05,69.05,69.05,2158153,149020464.00
2015-03-27,70.00,75.96,66.00,75.96,26224533,1914802048.00
2015-03-30,75.70,75.70,68.36,68.36,12022197,842351168.00
2015-03-31,66.95,75.00,64.08,74.30,17246336,1227031296.00
2015-04-01,70.86,78.39,70.51,74.36,14350911,1084951040.00
2015-04-02,74.00,81.80,73.83,81.80,13753981,1086312832.00
2015-04-03,81.04,89.98,81.04,89.98,13121623,1151523584.00
2015-04-07,91.00,97.77,85.50,88.06,16914375,1530481024.00
2015-04-08,86.41,91.00,82.63,87.05,12477338,1073670016.00
2015-04-09,87.37,87.99,78.80,85.01,9519656,795318720.00
2015-04-10,83.00,88.50,81.82,84.65,7247003,621612096.00
2015-04-13,83.00,92.90,82.66,90.00,11825902,1060773056.00
2015-04-14,90.26,99.00,90.06,99.00,10925600,1054918912.00
2015-04-15,101.13,102.50,91.00,92.52,9048904,874199936.00
2015-04-16,87.11,100.00,87.11,90.95,9111477,862994048.00
2015-04-17,90.00,92.28,82.91,86.80,9457221,822204096.00
2015-04-20,86.08,86.08,78.50,79.06,9093692,743569856.00
2015-04-21,77.50,86.96,77.50,86.96,8421500,703914368.00
2015-04-22,86.90,95.55,86.90,92.50,8227900,768294656.00
2015-04-23,94.00,99.00,92.56,97.68,7953251,767862912.00
2015-04-24,96.80,97.00,88.30,92.17,9225936,850056960.00
2015-04-27,91.50,96.60,87.57,91.77,6418499,590836160.00
2015-04-28,90.00,90.49,83.86,86.20,8287389,713458752.00
2015-04-29,85.01,92.00,82.60,91.00,11420367,1011673856.00
2015-04-30,91.00,100.10,89.65,100.10,13387746,1316284544.00
2015-05-04,102.00,108.08,97.50,102.00,11218247,1169004544.00
2015-05-05,100.00,111.00,95.80,106.02,9670772,1015606144.00
2015-05-06,109.00,116.62,107.06,116.62,3747167,432241728.00
2015-05-07,121.77,128.28,120.40,128.28,5674503,719718720.00
2015-05-08,128.99,141.11,128.00,141.11,6162400,834293312.00
2015-05-11,154.00,155.22,144.00,155.22,13672689,2085030272.00
2015-05-12,155.99,170.74,146.99,170.74,11209801,1757676928.00
2015-05-13,160.80,186.00,155.95,159.19,11111557,1856614272.00
2015-05-14,153.00,157.98,143.30,145.00,10433348,1549635840.00
2015-05-15,138.59,157.50,137.05,150.30,13030140,1912816640.00
2015-05-18,154.80,165.33,154.80,165.33,8634478,1393464192.00
2015-05-19,175.00,180.00,156.00,166.00,10590731,1772316928.00
2015-05-20,163.00,170.00,157.91,161.53,11427995,1843474816.00
2015-05-21,160.00,160.80,152.50,153.30,10074389,1565550848.00
2015-05-22,155.02,158.40,144.40,152.35,9775021,1484580224.00
2015-05-25,142.35,147.89,137.12,142.35,11045955,1578636160.00
2015-05-26,142.36,153.00,142.36,149.45,9992983,1496601088.00
2015-05-27,152.02,153.00,140.00,141.56,10219589,1460345344.00
2015-05-28,140.90,140.90,130.00,131.20,13248880,1789501184.00
2015-05-29,131.50,144.20,131.50,142.35,12528599,1751717504.00
2015-06-01,143.62,156.59,142.48,156.59,12689439,1952566400.00
2015-06-02,161.00,172.08,156.61,168.00,11367360,1845999488.00
2015-06-03,162.00,174.88,159.59,163.01,8351737,1378593408.00
2015-06-04,160.00,166.84,146.71,150.35,8972314,1376798208.00
2015-06-05,151.80,163.50,151.80,156.50,6790109,1079795456.00
2015-06-08,148.00,151.00,140.85,140.85,8474433,1207648640.00
2015-06-09,136.40,144.80,132.20,137.12,7092658,972953728.00
2015-06-10,137.50,145.85,132.80,142.75,6910127,965129024.00
2015-06-11,142.61,142.61,135.00,138.49,7775519,1072609536.00
2015-06-12,138.30,139.20,132.00,138.38,8946023,1201227904.00
2015-06-15,137.00,137.00,124.54,124.54,9678203,1228505088.00
2015-06-16,118.00,120.09,112.09,120.00,12297001,1407462784.00
2015-06-17,116.00,132.00,115.31,132.00,13374636,1666547072.00
2015-06-18,132.50,133.98,118.80,118.80,9763258,1219920000.00
2015-06-19,111.90,123.80,108.85,115.99,8320114,977310080.00
2015-06-23,117.00,125.00,110.50,124.10,8413340,1008541632.00
2015-06-24,125.00,130.89,118.80,121.93,8620729,1071110592.00
2015-06-25,122.00,124.32,109.74,109.74,10604929,1198072192.00
2015-06-26,103.16,103.50,98.77,98.77,6559536,651246336.00
2015-06-29,92.68,96.87,88.89,88.89,2403714,217093984.00
2015-06-30,80.00,95.50,80.00,92.02,18991698,1653727104.00
2015-07-01,88.81,92.60,82.82,82.82,16861247,1477239552.00
2015-07-02,76.00,79.99,74.54,74.54,11650085,878001216.00
2015-07-03,67.09,74.59,67.09,67.09,12492363,854073792.00
2015-07-06,70.00,73.00,60.38,60.38,17726268,1132024192.00
2015-07-13,66.42,66.42,66.42,66.42,1648140,109469456.00
2015-07-14,73.06,73.06,73.06,73.06,287537,21007454.00
2015-07-15,80.37,80.37,65.75,65.75,28554794,2070798080.00
2015-07-16,60.00,69.90,59.18,67.28,23255657,1495087744.00
2015-07-17,67.99,74.01,66.60,74.01,14435299,1033056448.00
2015-07-20,81.41,81.41,79.00,81.41,22292090,1809711104.00
2015-07-21,81.00,89.55,80.41,89.55,28593333,2454103296.00
2015-07-22,91.00,94.53,85.01,88.00,26755835,2390149888.00
2015-07-23,86.88,96.66,85.30,93.03,22504277,2049933184.00
2015-07-24,92.29,94.80,86.68,87.45,19731624,1812287616.00
2015-07-27,83.00,89.49,78.71,78.71,18209390,1531164544.00
2015-07-28,71.23,78.69,70.84,70.84,20723815,1499753472.00
2015-07-29,72.30,77.92,66.64,77.92,19846227,1421875968.00
2015-07-30,77.92,79.00,70.13,70.14,20113467,1526674944.00
2015-07-31,68.00,71.88,63.50,66.20,15721283,1067481984.00
2015-08-03,62.00,62.13,59.58,59.58,16243446,976441728.00
2015-08-04,59.57,65.54,59.02,65.54,17774143,1117750272.00
2015-08-05,67.50,69.00,63.88,65.43,23203643,1547434624.00
2015-08-06,61.77,66.45,61.50,63.75,13187756,845373888.00
2015-08-07,66.00,70.13,64.80,70.13,28067589,1944690816.00
2015-08-10,72.47,77.14,70.35,76.81,31672443,2327506944.00
2015-08-11,75.80,80.99,74.50,77.02,25158622,1956103552.00
2015-08-12,75.08,77.00,70.02,71.48,18794134,1400466048.00
2015-08-13,68.90,78.63,68.90,78.63,22250479,1629577856.00
2015-08-14,79.60,86.00,78.99,81.05,28418781,2325325056.00
2015-08-17,80.00,87.79,79.05,86.92,26028873,2187310592.00
2015-08-18,85.50,89.90,78.23,78.23,30999794,2629007872.00
2015-08-19,74.70,86.05,73.00,86.05,28304998,2256803328.00
2015-08-20,86.00,89.68,82.26,83.04,28694196,2483550976.00
2015-08-21,79.51,82.99,75.03,76.18,21400266,1673389312.00
2015-08-24,71.00,72.90,68.56,68.56,10858999,754701888.00
2015-08-25,61.70,64.50,61.70,61.70,12816043,795865984.00
2015-08-26,61.50,64.22,55.53,55.53,24926316,1485849344.00
2015-08-27,57.77,58.99,50.20,57.41,24048375,1335566336.00
2015-08-28,58.45,63.09,54.50,62.86,27181591,1580617344.00
2015-08-31,61.00,61.42,56.57,56.57,18157260,1068131520.00
2015-09-01,52.50,54.17,50.91,50.91,14058376,731696704.00
2015-09-02,46.80,54.30,45.82,46.20,22347071,1082898432.00
2015-09-07,47.88,50.24,47.00,48.20,18978630,922362240.00
2015-09-08,47.00,53.02,46.01,51.85,18432542,906301248.00
2015-09-09,52.00,57.04,51.51,57.04,30469592,1701236096.00
2015-09-10,56.00,57.15,54.01,54.30,19184278,1070350656.00
2015-09-11,55.00,57.27,54.30,56.78,17677033,995103104.00
2015-09-14,56.81,57.09,51.10,51.10,15309583,814549440.00
2015-09-15,46.50,49.15,45.99,45.99,11941484,561295744.00
2015-09-16,46.30,50.59,45.99,50.59,16636959,804057664.00
2015-09-17,51.80,54.80,49.10,49.25,19937113,1042703040.00
2015-09-22,56.87,56.87,56.87,56.87,0,0.00
数据来源:通达信
