002503 搜于特 日线 前复权
      日期	    开盘	    最高	    最低	    收盘	    成交量	    成交额
2010-11-17,5.54,6.42,5.54,6.19,12270591,1029523776.00
2010-11-18,6.13,6.23,5.78,6.11,5469907,457400000.00
2010-11-19,6.11,6.43,6.08,6.30,4591714,398342816.00
2010-11-22,6.26,6.41,6.10,6.13,4426962,381829440.00
2010-11-23,6.00,6.09,5.81,6.01,2845483,234764976.00
2010-11-24,5.97,6.62,5.97,6.44,2727269,239860496.00
2010-11-25,6.44,6.62,6.35,6.35,1926098,171879104.00
2010-11-26,6.31,6.46,6.27,6.43,1380152,121123768.00
2010-11-29,6.42,6.58,6.39,6.44,1210846,108152464.00
2010-11-30,6.39,6.53,5.98,6.16,1734330,148599056.00
2010-12-01,6.11,6.74,6.11,6.66,2321961,207474224.00
2010-12-02,6.65,7.31,6.59,7.18,2272454,217883056.00
2010-12-03,7.11,7.42,6.88,7.12,1807541,175817872.00
2010-12-06,7.13,7.27,6.62,6.89,1465337,138131904.00
2010-12-07,6.85,7.02,6.65,7.02,1109039,104411800.00
2010-12-08,6.99,7.28,6.77,7.16,1228471,118331472.00
2010-12-09,7.12,7.46,6.87,7.00,1042340,102406936.00
2010-12-10,6.83,7.31,6.83,7.27,835374,81713608.00
2010-12-13,7.31,7.81,7.31,7.60,952686,98986320.00
2010-12-14,7.60,7.77,7.46,7.59,547700,56707840.00
2010-12-15,7.53,7.62,7.32,7.34,782985,79386528.00
2010-12-16,7.34,7.50,7.31,7.39,583771,58819544.00
2010-12-17,7.32,7.72,7.32,7.63,800570,82474904.00
2010-12-20,7.62,7.70,7.18,7.32,900068,91149168.00
2010-12-21,7.34,7.54,7.29,7.32,521977,52950992.00
2010-12-22,7.31,7.33,6.96,7.00,1182223,114919112.00
2010-12-23,7.00,7.00,6.77,6.85,966521,90915472.00
2010-12-24,6.84,6.84,6.35,6.43,1312765,118265720.00
2010-12-27,6.46,6.58,6.15,6.24,971912,85118488.00
2010-12-28,6.22,6.49,6.18,6.32,610657,53381508.00
2010-12-29,6.31,6.50,6.27,6.44,453134,40067804.00
2010-12-30,6.44,6.54,6.38,6.54,539648,48111732.00
2010-12-31,6.54,6.77,6.48,6.64,472873,43292456.00
2011-01-04,6.64,6.80,6.47,6.69,646663,59290156.00
2011-01-05,6.69,6.94,6.55,6.81,1276230,118543920.00
2011-01-06,6.76,6.97,6.71,6.88,912638,85977104.00
2011-01-07,6.88,6.96,6.75,6.77,462576,43127372.00
2011-01-10,6.74,6.74,6.22,6.35,959258,84189264.00
2011-01-11,6.29,6.36,5.97,6.04,557955,47425504.00
2011-01-12,6.04,6.15,6.04,6.15,358919,30212074.00
2011-01-13,6.15,6.18,6.00,6.08,462211,38874380.00
2011-01-14,6.03,6.08,5.79,5.86,355025,28924294.00
2011-01-17,5.77,5.83,5.47,5.48,539223,42209512.00
2011-01-18,5.40,5.65,5.38,5.44,459106,35047212.00
2011-01-19,5.42,5.59,5.42,5.59,508672,39080776.00
2011-01-20,5.59,5.60,5.27,5.27,469452,35685164.00
2011-01-21,5.30,5.41,5.16,5.39,769697,56820336.00
2011-01-24,5.39,5.40,5.19,5.28,524173,38611464.00
2011-01-25,5.28,5.44,5.23,5.44,311689,23304102.00
2011-01-26,5.41,5.53,5.41,5.46,249814,18987654.00
2011-01-27,5.44,5.51,5.34,5.48,401481,30269428.00
2011-01-28,5.47,5.54,5.41,5.50,407356,31034830.00
2011-01-31,6.08,6.09,5.57,5.74,492576,39213104.00
2011-02-01,5.69,5.71,5.57,5.60,287950,22503600.00
2011-02-09,5.53,5.66,5.50,5.50,176400,13664007.00
2011-02-10,5.50,5.75,5.43,5.70,385358,30124504.00
2011-02-11,5.70,5.81,5.67,5.75,384231,30672474.00
2011-02-14,5.75,5.89,5.64,5.83,487680,38913424.00
2011-02-15,5.83,5.89,5.74,5.75,430550,34731296.00
2011-02-16,5.75,5.94,5.73,5.89,474230,38625844.00
2011-02-17,5.88,6.35,5.88,6.11,2145503,182460112.00
2011-02-18,6.08,6.30,6.06,6.19,1198886,102419616.00
2011-02-21,6.19,6.33,6.15,6.23,1263338,108738248.00
2011-02-22,6.29,6.52,6.27,6.46,2260029,199558640.00
2011-02-23,6.46,6.66,6.35,6.63,2362854,211684992.00
2011-02-24,6.54,6.69,6.00,6.23,2978269,256936160.00
2011-02-25,6.23,6.42,6.17,6.23,2564287,221688800.00
2011-02-28,6.20,6.23,5.98,6.18,996232,83838296.00
2011-03-01,6.15,6.19,6.04,6.05,1028497,86596040.00
2011-03-02,6.04,6.14,5.97,6.11,951020,79892952.00
2011-03-03,6.11,6.11,5.88,5.88,967884,79973632.00
2011-03-04,5.86,5.96,5.81,5.96,612896,50084664.00
2011-03-07,5.96,6.07,5.91,6.01,646678,53588128.00
2011-03-08,6.03,6.05,5.92,6.01,496060,41133312.00
2011-03-09,6.00,6.08,5.96,6.08,832793,69300464.00
2011-03-10,6.09,6.27,6.09,6.17,1066854,91180784.00
2011-03-11,6.18,6.45,6.12,6.31,1400692,122257568.00
2011-03-14,6.31,6.35,6.16,6.24,972448,83777736.00
2011-03-15,6.28,6.28,5.93,6.05,853243,71564992.00
2011-03-16,6.05,6.15,6.00,6.12,604321,50934828.00
2011-03-18,6.08,6.15,5.92,5.95,639559,53149068.00
2011-03-21,5.94,5.94,5.77,5.78,692408,55913136.00
2011-03-22,5.80,5.80,5.61,5.68,654496,51644156.00
2011-03-23,5.69,5.87,5.66,5.87,496263,39832944.00
2011-03-24,5.96,5.96,5.87,5.92,677689,55484272.00
2011-03-25,5.93,6.18,5.89,6.11,1100112,92103728.00
2011-03-28,6.16,6.27,6.01,6.06,939317,79123584.00
2011-03-29,6.03,6.03,5.77,5.83,885806,71672584.00
2011-03-30,5.75,5.75,5.30,5.38,1411753,53221944.00
2011-03-31,5.38,5.48,5.31,5.36,705284,26083768.00
2011-04-01,5.39,5.61,5.37,5.60,923952,34872048.00
2011-04-06,5.54,5.58,5.32,5.37,940753,34832600.00
2011-04-07,5.37,5.38,5.23,5.27,1054620,38259416.00
2011-04-08,5.27,5.36,5.27,5.33,700345,25644062.00
2011-04-11,5.35,5.37,5.20,5.25,1037075,37591336.00
2011-04-12,5.23,5.25,5.08,5.10,1182487,41911580.00
2011-04-13,5.07,5.21,5.04,5.15,784316,27834506.00
2011-04-14,5.15,5.26,5.05,5.26,1709050,60448068.00
2011-04-15,5.35,5.35,5.15,5.21,1064404,38234764.00
2011-04-18,5.18,5.18,5.04,5.08,1003286,35099916.00
2011-04-19,5.07,5.07,4.87,4.88,1032128,35230312.00
2011-04-20,4.87,5.02,4.87,4.96,728023,24879688.00
2011-04-21,4.96,5.10,4.92,5.07,809068,28208642.00
2011-04-22,5.07,5.10,4.94,4.95,642718,22200726.00
2011-04-25,4.96,5.03,4.81,4.81,770485,26080884.00
2011-04-26,4.81,4.86,4.63,4.69,742559,24366840.00
2011-04-27,4.69,4.74,4.59,4.62,605757,19580130.00
2011-04-28,4.62,4.70,4.53,4.56,523836,16835432.00
2011-04-29,4.54,4.74,4.54,4.71,430045,13909270.00
2011-05-03,4.76,4.76,4.69,4.72,324000,10601791.00
2011-05-04,4.72,4.72,4.41,4.42,835819,26314326.00
2011-05-05,4.44,4.53,4.35,4.52,1012980,31331944.00
2011-05-06,4.46,4.56,4.36,4.52,677745,21146542.00
2011-05-09,4.53,4.64,4.49,4.58,652641,20777790.00
2011-05-10,4.61,4.63,4.53,4.59,412539,13103246.00
2011-05-11,4.60,4.66,4.52,4.65,540376,17281096.00
2011-05-12,4.64,4.71,4.46,4.49,497486,15964982.00
2011-05-13,4.50,4.55,4.43,4.52,393985,12313913.00
2011-05-16,4.50,4.55,4.46,4.51,364585,11429503.00
2011-05-17,4.51,4.52,4.41,4.43,357843,11109009.00
2011-05-18,4.43,4.47,4.39,4.46,396033,12240246.00
2011-05-19,4.47,4.71,4.43,4.65,1507417,48658384.00
2011-05-20,4.64,4.76,4.61,4.75,1150219,37426124.00
2011-05-23,4.76,4.82,4.61,4.69,1119279,36506212.00
2011-05-24,4.59,4.84,4.42,4.84,986256,31881048.00
2011-05-25,4.77,4.91,4.77,4.87,1396930,46964204.00
2011-05-26,4.86,4.93,4.66,4.83,1150497,38249228.00
2011-05-27,4.82,4.83,4.61,4.62,658734,21326940.00
2011-05-30,4.59,4.64,4.44,4.45,655254,20536084.00
2011-05-31,4.50,4.54,4.36,4.54,578217,17904134.00
2011-06-01,4.52,4.67,4.43,4.63,582044,18455274.00
2011-06-02,4.57,4.84,4.53,4.79,1210720,39277808.00
2011-06-03,4.79,4.88,4.76,4.79,903394,30117446.00
2011-06-07,4.76,4.77,4.66,4.77,507840,16575660.00
2011-06-08,4.75,4.75,4.66,4.74,379141,12392237.00
2011-06-09,4.74,4.94,4.73,4.74,912018,30562884.00
2011-06-10,4.73,4.84,4.65,4.78,631214,20741830.00
2011-06-13,4.78,4.78,4.61,4.68,868901,28059904.00
2011-06-14,4.65,4.77,4.64,4.73,476263,15625135.00
2011-06-15,4.69,4.76,4.61,4.61,507101,16468930.00
2011-06-16,4.55,4.58,4.49,4.50,367831,11579184.00
2011-06-17,4.49,4.53,4.38,4.38,400321,12426881.00
2011-06-20,4.38,4.41,4.15,4.30,518572,15548475.00
2011-06-21,4.35,4.37,4.30,4.37,193560,5864969.50
2011-06-22,4.38,4.45,4.36,4.43,226250,6961834.50
2011-06-23,4.39,4.63,4.37,4.61,563160,17769802.00
2011-06-24,4.56,4.75,4.52,4.72,651419,21147666.00
2011-06-27,4.72,4.86,4.72,4.80,1070005,35653508.00
2011-06-28,4.84,4.89,4.69,4.79,356457,11771136.00
2011-06-29,4.81,4.81,4.68,4.73,467764,15369467.00
2011-06-30,4.70,4.79,4.70,4.75,436976,14417633.00
2011-07-01,4.77,4.79,4.72,4.72,442247,14546914.00
2011-07-04,4.72,4.86,4.72,4.79,1014237,33616712.00
2011-07-05,4.79,4.92,4.79,4.88,917499,30945488.00
2011-07-06,4.90,5.03,4.83,5.02,1170808,40024240.00
2011-07-07,5.01,5.15,4.98,5.03,2061749,72313416.00
2011-07-08,5.02,5.10,4.95,5.09,999930,34864620.00
2011-07-11,5.07,5.19,5.01,5.15,692718,24456822.00
2011-07-12,5.07,5.12,5.00,5.01,711542,24754048.00
2011-07-13,5.01,5.17,5.01,5.15,623055,21958268.00
2011-07-14,5.15,5.27,5.12,5.18,720794,25800564.00
2011-07-15,5.19,5.32,5.17,5.18,1102402,39963364.00
2011-07-18,5.18,5.50,5.18,5.45,1841433,68135272.00
2011-07-19,5.44,5.44,5.29,5.33,841491,30990460.00
2011-07-20,5.35,5.38,5.17,5.25,660798,23882702.00
2011-07-21,5.25,5.36,5.06,5.07,642503,22802698.00
2011-07-22,5.10,5.14,5.06,5.07,529529,18569680.00
2011-07-25,5.07,5.17,4.93,5.03,956768,33458134.00
2011-07-26,5.06,5.08,4.95,5.07,494964,17199180.00
2011-07-27,5.08,5.22,5.03,5.22,467930,16610334.00
2011-07-28,5.20,5.30,5.13,5.24,472153,17007142.00
2011-07-29,5.24,5.30,5.12,5.12,790636,28572204.00
2011-08-01,5.09,5.13,5.04,5.07,772656,27110792.00
2011-08-02,5.04,5.24,4.96,5.23,830629,29022926.00
2011-08-03,5.18,5.27,5.14,5.23,498763,17972230.00
2011-08-04,5.23,5.25,5.13,5.13,347512,12418231.00
2011-08-05,4.98,5.12,4.92,5.04,647686,22608308.00
2011-08-08,4.94,4.94,4.61,4.89,862811,28803788.00
2011-08-09,4.76,4.98,4.69,4.96,926358,31044402.00
2011-08-10,5.06,5.14,4.95,5.10,585545,20534888.00
2011-08-11,5.00,5.37,4.93,5.33,948497,34054020.00
2011-08-12,5.35,5.53,5.33,5.38,1231516,46129740.00
2011-08-15,5.40,5.46,5.36,5.41,484449,18060228.00
2011-08-16,5.40,5.41,5.28,5.31,387717,14235497.00
2011-08-17,5.30,5.41,5.30,5.35,204577,7552011.00
2011-08-18,5.31,5.35,5.18,5.20,284468,10294343.00
2011-08-19,5.07,5.27,5.07,5.25,290486,10408627.00
2011-08-22,5.29,5.43,5.19,5.37,675414,24861524.00
2011-08-23,5.37,5.48,5.37,5.44,443711,16568448.00
2011-08-24,5.46,5.50,5.35,5.40,479052,17844434.00
2011-08-25,5.38,5.48,5.34,5.40,391606,14503403.00
2011-08-26,5.43,5.60,5.38,5.54,961182,36394412.00
2011-08-29,5.53,5.63,5.49,5.57,770110,29480682.00
2011-08-30,5.55,5.60,5.35,5.38,631055,23786142.00
2011-08-31,5.34,5.39,5.26,5.37,239853,8814317.00
2011-09-01,5.43,5.43,5.27,5.36,231920,8519286.00
2011-09-02,5.32,5.34,5.23,5.27,179710,6529417.50
2011-09-05,5.25,5.27,5.20,5.24,591369,21324830.00
2011-09-06,5.21,5.29,5.15,5.20,179175,6429635.50
2011-09-07,5.23,5.35,5.22,5.34,245068,8876610.00
2011-09-08,5.34,5.35,5.17,5.18,214089,7746797.50
2011-09-09,5.12,5.21,5.08,5.13,147830,5244145.00
2011-09-13,5.13,5.13,5.03,5.07,124816,4362643.50
2011-09-14,5.07,5.15,4.84,5.00,313142,10757396.00
2011-09-15,5.00,5.04,4.95,5.00,124346,4300696.00
2011-09-16,5.02,5.25,5.02,5.21,594017,21181652.00
2011-09-19,5.21,5.25,5.13,5.20,175098,6267170.00
2011-09-20,5.20,5.22,5.09,5.20,182924,6515310.00
2011-09-21,5.24,5.28,5.15,5.27,448431,16119490.00
2011-09-22,5.27,5.28,5.05,5.07,287860,10191608.00
2011-09-23,5.05,5.05,4.76,4.86,1067231,36055732.00
2011-09-26,4.86,4.92,4.79,4.81,266261,8945063.00
2011-09-27,4.83,5.00,4.83,4.92,334343,11333447.00
2011-09-28,4.96,4.96,4.80,4.81,110101,3718165.50
2011-09-29,4.75,4.84,4.63,4.64,208690,6816240.00
2011-09-30,4.63,4.69,4.47,4.62,556802,17564440.00
2011-10-10,4.66,4.66,4.61,4.62,130278,4175352.00
2011-10-11,4.71,4.73,4.46,4.62,209769,6787798.50
2011-10-12,4.61,4.77,4.57,4.76,232863,7615215.00
2011-10-13,4.78,4.84,4.72,4.82,105891,3518867.00
2011-10-14,4.83,4.92,4.76,4.92,216936,7303716.50
2011-10-17,4.92,5.01,4.88,4.99,318090,10905570.00
2011-10-18,4.98,4.98,4.84,4.89,164560,5581917.50
2011-10-19,4.84,4.92,4.84,4.89,70398,2382920.50
2011-10-20,4.92,4.98,4.79,4.81,348189,11721118.00
2011-10-21,4.81,4.91,4.75,4.90,166326,5547033.50
2011-10-24,4.94,4.95,4.76,4.91,436875,14660037.00
2011-10-25,4.90,5.12,4.83,5.11,346635,12013696.00
2011-10-26,5.06,5.27,5.01,5.20,588886,21126598.00
2011-10-27,5.23,5.25,5.11,5.13,395303,14028148.00
2011-10-28,5.19,5.23,5.14,5.17,341346,12179180.00
2011-10-31,5.18,5.37,5.17,5.28,538866,19635770.00
2011-11-01,5.28,5.28,5.11,5.16,585184,20939578.00
2011-11-02,5.10,5.25,5.04,5.23,300830,10618738.00
2011-11-03,5.28,5.35,5.15,5.16,910734,32932246.00
2011-11-04,5.18,5.26,5.07,5.11,528767,18798032.00
2011-11-07,5.11,5.15,5.01,5.14,496131,17372330.00
2011-11-08,5.13,5.15,5.09,5.12,361631,12772132.00
2011-11-09,5.15,5.22,5.11,5.21,364660,12985901.00
2011-11-10,5.20,5.34,5.15,5.21,620659,22523708.00
2011-11-11,5.18,5.36,5.18,5.24,544300,19789884.00
2011-11-14,5.27,5.38,5.18,5.37,998571,36272528.00
2011-11-15,5.37,5.37,5.30,5.32,581953,21302604.00
2011-11-16,5.32,5.35,5.12,5.15,693814,24768914.00
2011-11-17,5.17,5.20,5.10,5.15,486763,17255460.00
2011-11-18,5.11,5.13,4.96,4.98,342880,11918327.00
2011-11-21,4.98,5.03,4.94,5.01,351848,12143001.00
2011-11-22,4.99,5.25,4.93,5.22,654356,22997174.00
2011-11-23,5.22,5.24,5.15,5.18,251941,9021634.00
2011-11-24,5.13,5.23,5.07,5.23,270707,9660445.00
2011-11-25,5.19,5.24,5.17,5.17,225713,8102575.50
2011-11-28,5.15,5.19,5.06,5.06,176342,6202237.50
2011-11-29,5.07,5.13,5.00,5.08,266762,9323051.00
2011-11-30,5.13,5.13,4.82,4.82,312058,10610778.00
2011-12-01,4.89,5.00,4.89,4.95,510684,17458612.00
2011-12-02,4.92,4.93,4.84,4.89,265975,8997891.00
2011-12-05,4.86,4.86,4.63,4.68,224858,7373653.00
2011-12-06,4.63,4.81,4.61,4.81,280262,9120156.00
2011-12-07,4.73,4.88,4.73,4.77,91167,3041293.50
2011-12-08,4.77,4.83,4.65,4.76,88761,2906971.50
2011-12-09,4.73,4.81,4.72,4.77,77034,2547090.25
2011-12-12,4.75,4.81,4.64,4.65,127700,4159704.00
2011-12-13,4.69,4.69,4.45,4.48,227141,7099664.00
2011-12-14,4.48,4.51,4.33,4.44,137214,4241812.00
2011-12-15,4.45,4.48,4.31,4.44,289479,8875127.00
2011-12-16,4.45,4.59,4.41,4.58,122971,3820347.00
2011-12-19,4.54,4.54,4.30,4.48,237408,7261140.00
2011-12-20,4.38,4.53,4.37,4.45,217400,6779700.00
2011-12-21,4.51,4.51,4.38,4.39,136709,4209608.50
2011-12-22,4.31,4.46,4.22,4.33,182668,5491374.00
2011-12-23,4.24,4.38,4.24,4.36,127017,3841418.00
2011-12-26,4.36,4.46,4.28,4.31,142525,4319096.00
2011-12-27,4.30,4.30,4.22,4.24,136922,4079941.50
2011-12-28,4.23,4.23,4.01,4.15,252258,7247745.50
2011-12-29,4.09,4.22,4.09,4.17,247290,7201931.00
2011-12-30,4.22,4.47,4.17,4.45,683533,20768438.00
2012-01-04,4.46,4.46,4.27,4.28,385794,11747881.00
2012-01-05,4.20,4.20,3.84,3.84,501225,14238285.00
2012-01-06,3.84,3.84,3.51,3.68,552067,14243469.00
2012-01-09,3.66,3.79,3.56,3.78,341602,8958443.00
2012-01-10,3.73,3.96,3.73,3.93,535079,14564632.00
2012-01-11,3.93,3.98,3.89,3.93,307035,8482837.00
2012-01-12,3.93,3.99,3.84,3.84,289588,7965698.50
2012-01-13,3.91,3.91,3.59,3.64,295731,7648749.00
2012-01-16,3.56,3.64,3.25,3.25,333916,8180410.50
2012-01-17,3.24,3.53,3.08,3.50,1204009,28066102.00
2012-01-18,3.48,3.51,3.32,3.38,498225,12148557.00
2012-01-19,3.38,3.44,3.27,3.43,578235,13849180.00
2012-01-20,3.42,3.56,3.42,3.52,771704,19248536.00
2012-01-30,3.54,3.59,3.45,3.49,752260,18747880.00
2012-01-31,3.47,3.48,3.40,3.48,280649,6833405.00
2012-02-01,3.47,3.53,3.39,3.44,546266,13412026.00
2012-02-02,3.39,3.50,3.39,3.50,464436,11408395.00
2012-02-03,3.50,3.64,3.47,3.59,655418,16363942.00
2012-02-06,3.59,3.71,3.58,3.71,604403,15654755.00
2012-02-07,3.71,3.71,3.59,3.65,547451,14045379.00
2012-02-08,3.65,3.76,3.61,3.76,207449,5418739.00
2012-02-09,3.75,3.78,3.68,3.70,465382,12231302.00
2012-02-10,3.67,3.78,3.66,3.75,596964,15694318.00
2012-02-13,3.73,3.84,3.65,3.81,587795,15566270.00
2012-02-14,3.78,3.82,3.76,3.79,168713,4500963.00
2012-02-15,3.76,3.83,3.75,3.82,326901,8742799.00
2012-02-16,4.09,4.24,4.04,4.24,1592440,46041740.00
2012-02-17,4.15,4.60,4.15,4.43,1831576,56230164.00
2012-02-20,4.46,4.49,4.33,4.40,822635,25218604.00
2012-02-21,4.35,4.42,4.26,4.38,789881,23827978.00
2012-02-22,4.41,4.56,4.35,4.53,831896,25943890.00
2012-02-23,4.55,4.56,4.46,4.48,555033,17315536.00
2012-02-24,4.48,4.52,4.44,4.48,383888,11957828.00
2012-02-27,4.43,4.76,4.43,4.62,750322,24119102.00
2012-02-28,4.62,4.66,4.49,4.52,650552,20663944.00
2012-02-29,4.49,4.59,4.44,4.47,640732,20060980.00
2012-03-01,4.46,4.52,4.38,4.46,614051,19105146.00
2012-03-02,4.46,4.62,4.46,4.57,433322,13681214.00
2012-03-05,4.57,4.61,4.50,4.51,588550,18655492.00
2012-03-06,4.46,4.59,4.46,4.52,560295,17613862.00
2012-03-07,4.38,4.68,4.37,4.59,677432,21616776.00
2012-03-08,4.56,5.06,4.56,5.04,1441581,48737136.00
2012-03-09,5.03,5.05,4.93,5.04,749340,25840670.00
2012-03-12,5.06,5.22,5.01,5.12,775524,27482598.00
2012-03-13,5.12,5.20,5.01,5.09,692360,24214110.00
2012-03-14,5.11,5.23,4.75,4.92,2018823,69555504.00
2012-03-15,4.84,4.94,4.84,4.93,634826,21523352.00
2012-03-16,4.93,5.16,4.93,5.15,978820,34437556.00
2012-03-19,5.17,5.31,5.08,5.16,731451,26219814.00
2012-03-20,5.09,5.16,5.03,5.06,602772,21098258.00
2012-03-21,5.10,5.15,4.92,4.93,486387,16800808.00
2012-03-22,4.91,5.02,4.90,4.97,415720,14207727.00
2012-03-23,4.92,5.04,4.88,4.98,406232,13991841.00
2012-03-26,4.90,5.09,4.89,5.06,543361,18772240.00
2012-03-27,5.07,5.17,4.75,4.96,1205783,41380696.00
2012-03-28,4.91,4.91,4.75,4.88,684638,22721198.00
2012-03-29,4.75,4.93,4.75,4.86,305088,10212715.00
2012-03-30,4.92,4.93,4.76,4.83,366777,12210939.00
2012-04-05,4.77,5.10,4.77,5.03,361441,12469704.00
2012-04-06,4.97,5.11,4.97,5.03,249014,8683778.00
2012-04-09,5.06,5.22,4.96,5.19,615951,21891534.00
2012-04-10,5.17,5.23,4.95,5.11,336654,11764640.00
2012-04-11,5.03,5.20,5.01,5.07,456944,16086323.00
2012-04-12,5.07,5.16,5.02,5.08,512659,17976110.00
2012-04-13,5.10,5.28,5.09,5.26,590378,21166816.00
2012-04-16,5.26,5.29,5.13,5.25,404758,14476100.00
2012-04-17,5.25,5.25,4.99,5.11,317019,11134437.00
2012-04-18,5.08,5.11,4.98,5.06,477540,16696110.00
2012-04-19,5.06,5.15,4.89,4.96,690822,23764108.00
2012-04-20,4.92,4.96,4.86,4.89,384637,13000678.00
2012-04-23,4.92,5.10,4.89,4.98,501112,17343426.00
2012-04-24,4.93,5.02,4.77,4.90,342668,11609374.00
2012-04-25,4.87,4.87,4.38,4.39,1863966,58742460.00
2012-04-26,4.30,4.39,4.19,4.22,1862453,55193212.00
2012-04-27,4.21,4.30,4.19,4.25,788272,23310336.00
2012-05-02,4.27,4.32,4.15,4.22,1615763,47688076.00
2012-05-03,4.21,4.24,4.14,4.23,1068351,31181928.00
2012-05-04,4.22,4.42,4.18,4.40,1178406,35483204.00
2012-05-07,4.39,4.55,4.31,4.53,983740,30472900.00
2012-05-08,4.53,4.57,4.44,4.48,522732,16350920.00
2012-05-09,4.46,4.46,4.35,4.38,381248,11661559.00
2012-05-10,4.31,4.42,4.31,4.38,190334,5802271.50
2012-05-11,4.38,4.42,4.32,4.35,344945,10485728.00
2012-05-14,4.36,4.49,4.30,4.40,434915,13380716.00
2012-05-15,4.39,4.52,4.36,4.50,430001,13362635.00
2012-05-16,4.53,4.63,4.44,4.44,481213,15167339.00
2012-05-17,4.51,4.54,4.39,4.46,326434,10074522.00
2012-05-18,4.45,4.45,4.27,4.30,293421,8873922.00
2012-05-22,4.32,4.45,4.32,4.40,328346,10094952.00
2012-05-23,4.36,4.49,4.36,4.46,530216,16399809.00
2012-05-24,4.53,4.82,4.53,4.72,1399821,45758756.00
2012-05-25,4.73,4.92,4.69,4.73,1529172,51189944.00
2012-05-28,4.76,4.80,4.61,4.76,714341,23366512.00
2012-05-29,4.77,5.03,4.76,4.98,1447092,49587532.00
2012-05-30,4.98,5.17,4.92,5.15,1255089,44154340.00
2012-05-31,5.15,5.50,4.88,5.36,3275536,65217892.00
2012-06-01,5.17,5.40,5.17,5.33,1242090,24739492.00
2012-06-04,5.22,5.36,5.12,5.22,1167215,23219930.00
2012-06-05,5.30,5.30,5.14,5.29,531719,10513000.00
2012-06-06,5.29,5.36,5.18,5.22,455312,9025706.00
2012-06-07,5.26,5.29,5.15,5.17,674159,13310428.00
2012-06-08,5.19,5.20,4.97,5.03,973753,18585104.00
2012-06-11,5.05,5.39,4.94,5.37,850732,16783440.00
2012-06-12,5.35,5.77,5.28,5.58,1733953,36371496.00
2012-06-13,5.50,5.89,5.50,5.86,2212348,47901836.00
2012-06-14,5.92,5.99,5.70,5.71,2410463,52758368.00
2012-06-15,5.67,5.85,5.67,5.71,642500,13824926.00
2012-06-18,5.70,5.96,5.70,5.82,842590,18553708.00
2012-06-19,5.83,5.90,5.75,5.84,455203,9939714.00
2012-06-20,5.78,5.89,5.69,5.80,1103649,23977806.00
2012-06-21,5.75,5.84,5.72,5.76,410520,8931416.00
2012-06-25,5.74,5.78,5.58,5.68,807011,17289302.00
2012-06-26,5.65,5.76,5.60,5.65,366897,7832304.50
2012-06-27,5.66,5.69,5.55,5.58,834140,17599840.00
2012-06-28,5.62,6.13,5.58,6.08,2205160,48675484.00
2012-06-29,6.00,6.22,5.90,6.08,1272707,28914376.00
2012-07-02,6.08,6.50,6.08,6.44,2517119,59859376.00
2012-07-03,6.42,6.57,6.38,6.54,1260982,30650238.00
2012-07-04,6.54,6.57,6.22,6.39,1394737,33308962.00
2012-07-05,6.32,6.50,6.26,6.47,1037129,24834318.00
2012-07-06,6.39,6.75,6.39,6.70,1202026,29522902.00
2012-07-09,6.69,6.83,6.50,6.53,971436,24259992.00
2012-07-10,6.53,6.64,6.42,6.64,832318,20185536.00
2012-07-11,6.62,6.86,6.58,6.75,1024454,25861126.00
2012-07-12,6.76,6.81,6.54,6.77,1261506,31585086.00
2012-07-13,6.71,6.76,6.36,6.57,1675160,40787720.00
2012-07-16,6.47,6.63,6.42,6.46,954577,23259378.00
2012-07-17,6.36,6.69,6.36,6.54,536891,13068021.00
2012-07-18,6.53,6.60,6.42,6.52,602357,14648839.00
2012-07-19,6.55,6.72,6.50,6.64,941532,23263320.00
2012-07-20,6.61,6.61,6.47,6.50,353253,8618742.00
2012-07-23,6.43,6.60,6.39,6.43,457266,11070189.00
2012-07-24,6.40,6.51,6.35,6.44,738866,17745352.00
2012-07-25,6.42,6.72,6.38,6.69,1450673,35900684.00
2012-07-26,6.69,6.74,6.15,6.42,1925575,46404920.00
2012-07-27,6.42,6.53,6.10,6.36,1137510,26631388.00
2012-07-30,6.32,6.44,6.14,6.35,458910,10813019.00
2012-07-31,6.35,6.41,6.19,6.26,291859,6883775.50
2012-08-01,6.28,6.46,6.16,6.22,454830,10807203.00
2012-08-02,6.16,6.28,5.86,6.19,768770,17550254.00
2012-08-03,6.19,6.30,6.04,6.30,561268,13019417.00
2012-08-06,6.27,6.56,6.27,6.47,453146,10914651.00
2012-08-07,6.47,6.55,6.39,6.42,183378,4430342.00
2012-08-08,6.43,6.72,6.42,6.67,1007844,24745620.00
2012-08-09,6.61,6.74,6.56,6.71,935676,23321780.00
2012-08-10,6.72,6.72,6.60,6.66,258788,6411051.50
2012-08-13,6.66,6.75,6.52,6.65,710238,17686402.00
2012-08-14,6.75,7.06,6.75,6.88,1323011,33989112.00
2012-08-15,6.78,6.90,6.61,6.68,549290,13819479.00
2012-08-16,6.62,6.72,6.62,6.65,226039,5626789.50
2012-08-17,6.56,6.69,6.56,6.64,621961,15357440.00
2012-08-20,6.63,6.67,6.42,6.58,213405,5252121.00
2012-08-21,6.50,6.79,6.50,6.78,547176,13763014.00
2012-08-22,6.78,6.88,6.61,6.63,353337,8816870.00
2012-08-23,6.54,6.78,6.54,6.72,202532,5058398.00
2012-08-24,6.72,6.78,6.64,6.67,249010,6237375.50
2012-08-27,6.58,6.68,6.50,6.52,397124,9728552.00
2012-08-28,6.51,6.61,6.42,6.51,429491,10396001.00
2012-08-29,6.50,6.62,6.42,6.42,321505,7817353.50
2012-08-30,6.33,6.41,6.19,6.32,453867,10672481.00
2012-08-31,6.25,6.34,6.07,6.28,594493,13741974.00
2012-09-03,6.26,6.42,6.15,6.40,848572,20180658.00
2012-09-04,6.40,6.41,6.31,6.37,403758,9619316.00
2012-09-05,6.40,6.40,6.33,6.36,158720,3782874.00
2012-09-06,6.25,6.39,6.00,6.14,601093,13912539.00
2012-09-07,6.11,6.50,6.11,6.50,801291,19076400.00
2012-09-10,6.55,6.55,6.42,6.54,728830,17667006.00
2012-09-11,6.55,6.55,6.22,6.35,940034,22409992.00
2012-09-12,6.35,6.46,6.30,6.42,670839,16014281.00
2012-09-13,6.42,6.46,6.22,6.23,501170,11860261.00
2012-09-14,6.23,6.36,6.19,6.21,236501,5544650.50
2012-09-17,6.17,6.23,6.05,6.08,285919,6554742.00
2012-09-18,6.03,6.08,5.89,5.93,337660,7564694.50
2012-09-19,5.96,6.23,5.89,6.19,260269,5909336.50
2012-09-20,6.19,6.31,6.08,6.08,291713,6734644.50
2012-09-21,6.13,6.19,6.04,6.08,220329,5017720.00
2012-09-24,6.08,6.14,5.95,6.03,92633,2093365.50
2012-09-25,6.03,6.12,5.98,6.04,167088,3788174.50
2012-09-26,6.04,6.04,5.78,5.98,188016,4198730.50
2012-09-27,5.92,6.14,5.92,6.13,327982,7428582.00
2012-09-28,6.17,6.37,6.03,6.36,383957,8959000.00
2012-10-08,6.32,6.41,6.15,6.27,198472,4697502.00
2012-10-09,6.26,6.41,6.26,6.40,379093,9037715.00
2012-10-10,6.40,6.74,6.39,6.64,605434,15031907.00
2012-10-11,6.56,6.66,6.56,6.66,251241,6222194.00
2012-10-12,6.61,6.80,6.52,6.57,347053,8663159.00
2012-10-15,6.57,6.62,6.42,6.61,340434,8367962.50
2012-10-16,6.64,6.91,6.60,6.89,1042037,26301788.00
2012-10-17,6.88,6.88,6.72,6.83,314425,7982514.50
2012-10-18,6.85,6.97,6.78,6.87,328581,8433350.00
2012-10-19,6.87,6.89,6.71,6.76,250806,6332036.50
2012-10-22,6.74,6.79,6.62,6.77,270233,6805279.00
2012-10-23,6.72,6.89,6.47,6.52,725634,18157666.00
2012-10-24,6.53,6.64,6.47,6.57,214643,5272823.00
2012-10-25,6.51,6.64,6.46,6.52,92534,2263056.50
2012-10-26,6.51,6.58,6.28,6.39,260567,6284559.50
2012-10-29,6.33,6.46,6.31,6.46,116378,2786759.25
2012-10-30,6.47,6.71,6.42,6.63,306572,7533229.00
2012-10-31,6.58,6.68,6.58,6.66,223283,5525208.50
2012-11-01,6.67,6.70,6.62,6.67,379911,9465736.00
2012-11-02,6.63,6.68,6.60,6.68,266874,6620044.50
2012-11-05,6.64,6.68,6.47,6.55,236340,5799972.50
2012-11-06,6.46,6.50,6.28,6.36,411445,9793055.00
2012-11-07,6.40,6.40,6.01,6.28,743047,17188266.00
2012-11-08,6.23,6.23,6.05,6.17,288809,6643882.00
2012-11-09,6.14,6.16,5.93,5.93,241834,5497796.00
2012-11-12,6.00,6.05,5.75,5.82,377930,8318974.00
2012-11-13,5.83,5.88,5.53,5.58,632814,13564521.00
2012-11-14,5.55,5.73,5.55,5.62,714477,15154870.00
2012-11-15,5.65,5.93,5.61,5.71,763595,16572292.00
2012-11-16,5.70,5.77,5.65,5.75,156222,3354777.50
2012-11-19,5.75,5.75,5.56,5.60,212588,4488938.00
2012-11-20,5.65,5.83,5.53,5.55,152502,3219487.25
2012-11-21,5.56,5.68,5.42,5.57,358188,7458917.00
2012-11-22,5.48,5.55,5.23,5.47,662292,13345659.00
2012-11-23,5.46,5.47,5.33,5.33,350771,7129880.00
2012-11-26,5.33,5.44,5.33,5.39,225107,4574839.00
2012-11-27,5.33,5.34,5.00,5.15,1058462,20378726.00
2012-11-28,5.05,5.13,4.96,4.98,434638,8264688.00
2012-11-29,4.92,5.02,4.85,4.94,131195,2452182.25
2012-11-30,4.95,5.11,4.85,5.01,240077,4544460.00
2012-12-03,5.08,5.08,4.82,4.89,608384,11266976.00
2012-12-04,4.80,5.01,4.75,4.99,181868,3337220.50
2012-12-05,4.94,5.35,4.92,5.29,754766,14775464.00
2012-12-06,5.38,5.46,5.28,5.45,354155,7133584.00
2012-12-07,5.33,5.58,5.32,5.53,264270,5463715.00
2012-12-10,5.53,5.57,5.45,5.53,232052,4826916.00
2012-12-11,5.45,5.62,5.45,5.60,500008,10452591.00
2012-12-12,5.59,5.64,5.48,5.63,141418,2974150.50
2012-12-13,5.63,5.63,5.49,5.58,136952,2865151.25
2012-12-14,5.61,5.76,5.53,5.69,279684,5983409.50
2012-12-17,5.73,5.75,5.62,5.74,223057,4763422.00
2012-12-18,5.74,5.74,5.55,5.58,462181,9727763.00
2012-12-19,5.47,5.75,5.39,5.72,279721,5940679.00
2012-12-20,5.72,5.98,5.65,5.98,342537,7538517.00
2012-12-21,5.95,6.03,5.79,5.96,517476,11448387.00
2012-12-24,5.89,5.96,5.76,5.85,758831,16675792.00
2012-12-25,5.78,6.11,5.78,6.08,688140,15345325.00
2012-12-26,6.10,6.41,6.06,6.41,527588,12427933.00
2012-12-27,6.40,6.50,6.27,6.36,455080,10845100.00
2012-12-28,6.29,6.55,6.23,6.53,928740,22223638.00
2012-12-31,6.52,6.75,6.44,6.55,2036630,50479932.00
2013-01-04,6.59,6.59,6.22,6.30,613574,14503494.00
2013-01-07,6.30,6.30,5.95,6.11,1873188,42440880.00
2013-01-08,6.03,6.37,6.03,6.37,924307,21503306.00
2013-01-09,6.41,6.65,6.18,6.55,1245496,30208546.00
2013-01-10,6.47,6.64,6.35,6.44,755424,18312480.00
2013-01-11,6.36,6.52,6.14,6.23,518827,12327350.00
2013-01-14,6.26,6.57,6.03,6.55,397416,9565443.00
2013-01-15,6.53,6.61,6.42,6.55,616453,14959364.00
2013-01-16,6.55,6.61,6.43,6.56,561602,13700952.00
2013-01-17,6.55,6.76,6.35,6.39,693139,17013792.00
2013-01-18,6.39,6.58,6.37,6.42,569502,13757416.00
2013-01-21,6.46,6.57,6.37,6.55,491884,11958316.00
2013-01-22,6.53,6.71,6.49,6.57,734017,18191964.00
2013-01-23,6.56,6.56,6.40,6.50,317645,7674780.00
2013-01-24,6.47,6.55,6.15,6.22,409488,9653382.00
2013-01-25,6.29,6.33,6.06,6.07,478305,11030120.00
2013-01-28,6.11,6.28,6.10,6.17,550508,12718559.00
2013-01-29,6.14,6.39,6.14,6.30,429436,10112485.00
2013-01-30,6.41,6.47,6.28,6.40,930318,22201184.00
2013-01-31,6.34,6.40,6.03,6.33,1175903,27111536.00
2013-02-01,6.17,6.32,6.11,6.17,713580,16588117.00
2013-02-04,6.14,6.17,5.84,5.85,1194568,26611124.00
2013-02-05,5.79,6.04,5.75,5.98,444498,9838801.00
2013-02-06,5.98,6.04,5.98,6.01,245916,5548714.50
2013-02-07,6.01,6.12,5.98,6.09,201509,4576329.50
2013-02-08,6.00,6.25,5.94,6.19,323331,7469285.00
2013-02-18,6.19,6.25,6.04,6.08,689861,15776049.00
2013-02-19,6.08,6.08,5.98,6.00,466283,10522951.00
2013-02-20,5.87,6.06,5.87,6.05,876539,19573948.00
2013-02-21,6.03,6.32,5.87,6.28,1242088,28105514.00
2013-02-22,6.24,6.47,6.19,6.34,1380331,32856992.00
2013-02-25,6.30,6.49,6.28,6.41,1175227,28270008.00
2013-02-26,6.53,6.75,6.48,6.50,2230644,55167352.00
2013-02-27,6.42,6.47,6.17,6.24,668918,15723701.00
2013-02-28,6.24,6.39,6.18,6.37,946496,22260202.00
2013-03-01,6.36,6.69,6.33,6.68,1354060,33402748.00
2013-03-04,6.67,6.82,6.60,6.69,1424767,35631156.00
2013-03-05,6.64,7.05,6.55,6.97,1358473,34990952.00
2013-03-06,6.98,7.12,6.89,7.00,1034393,26983832.00
2013-03-07,7.00,7.25,6.89,6.99,1053498,27760602.00
2013-03-08,7.00,7.10,6.82,6.82,944861,24553346.00
2013-03-11,6.86,6.98,6.69,6.97,645341,16518598.00
2013-03-12,6.97,7.03,6.33,6.49,899688,22190942.00
2013-03-13,6.42,6.55,6.14,6.39,1352820,32130954.00
2013-03-14,6.37,6.37,5.86,5.92,1983789,44998680.00
2013-03-15,5.89,6.07,5.79,5.98,928819,20761410.00
2013-03-18,5.98,6.05,5.58,5.86,1316837,28803052.00
2013-03-19,5.83,5.85,5.64,5.77,890936,19099876.00
2013-03-20,5.72,5.88,5.67,5.88,1505522,32725696.00
2013-03-21,5.87,6.01,5.80,5.83,1306047,28843162.00
2013-03-22,5.85,5.90,5.70,5.77,1204484,26080522.00
2013-03-25,5.78,5.85,5.74,5.78,1930738,42039348.00
2013-03-26,5.78,5.96,5.78,5.92,1972451,43417512.00
2013-03-27,5.92,6.10,5.86,5.87,1699768,38081264.00
2013-03-28,5.86,5.86,5.59,5.72,1089349,23362288.00
2013-03-29,5.65,5.75,5.58,5.72,986472,21005384.00
2013-04-01,5.64,5.80,5.64,5.75,515419,11081503.00
2013-04-02,5.85,5.89,5.33,5.35,1621550,33746352.00
2013-04-03,5.33,5.35,5.09,5.19,1648752,32223244.00
2013-04-08,5.19,5.19,4.99,5.08,2359218,45086164.00
2013-04-09,5.09,5.16,5.03,5.10,1237385,23817408.00
2013-04-10,5.10,5.27,5.07,5.27,1378610,26744342.00
2013-04-11,5.27,5.28,5.20,5.23,839731,16571440.00
2013-04-12,5.22,5.23,5.11,5.19,846164,16449517.00
2013-04-15,5.18,5.20,5.05,5.05,783798,15130713.00
2013-04-16,5.03,5.18,5.00,5.14,551327,10604095.00
2013-04-17,5.15,5.26,5.11,5.25,578084,11278862.00
2013-04-18,5.24,5.24,5.17,5.20,565302,11108561.00
2013-04-19,5.22,5.60,5.20,5.59,2129344,43570416.00
2013-04-22,5.50,5.76,5.50,5.75,2114404,44913252.00
2013-04-23,5.72,5.72,5.47,5.69,2518036,52916996.00
2013-04-24,5.60,5.73,5.53,5.65,1316271,27888200.00
2013-04-25,5.69,5.80,5.55,5.58,1208842,25857238.00
2013-04-26,5.56,5.64,5.45,5.53,1144744,23735132.00
2013-05-02,5.53,5.57,5.28,5.38,651074,13205223.00
2013-05-03,5.42,5.57,5.37,5.43,708846,14574819.00
2013-05-06,5.50,5.72,5.50,5.72,1363984,29055086.00
2013-05-07,5.73,5.85,5.61,5.70,928977,20014670.00
2013-05-08,5.75,5.88,5.63,5.83,1370642,29651950.00
2013-05-09,5.85,5.92,5.72,5.77,1736872,37959616.00
2013-05-10,5.80,5.80,5.47,5.64,2835020,38619692.00
2013-05-13,5.63,5.63,5.51,5.56,1316415,17873430.00
2013-05-14,5.56,5.63,5.45,5.60,1568342,21326926.00
2013-05-15,5.62,5.62,5.51,5.55,1109590,15075525.00
2013-05-16,5.55,5.55,5.33,5.42,3400051,45062960.00
2013-05-17,5.37,5.51,5.36,5.45,2938811,39119020.00
2013-05-20,5.46,5.70,5.46,5.70,3922151,53721540.00
2013-05-21,5.73,5.87,5.65,5.81,3287166,46221024.00
2013-05-22,5.80,5.83,5.67,5.70,2323947,32672680.00
2013-05-23,5.70,5.83,5.63,5.68,2018359,28192010.00
2013-05-24,5.63,5.70,5.45,5.60,2710456,36921104.00
2013-05-27,5.59,5.78,5.53,5.77,2741779,38367956.00
2013-05-28,5.76,5.80,5.70,5.74,2466299,34716136.00
2013-05-29,5.72,6.14,5.72,6.14,4306549,62674924.00
2013-05-30,6.13,6.33,5.99,6.01,4852616,73002520.00
2013-05-31,6.04,6.14,5.93,5.94,2440181,35820356.00
2013-06-03,5.93,6.03,5.83,5.88,1620850,23420536.00
2013-06-04,5.89,5.93,5.63,5.63,1782800,24990532.00
2013-06-05,5.62,5.72,5.62,5.66,936141,12984940.00
2013-06-06,5.66,5.69,5.48,5.53,760405,10365688.00
2013-06-07,5.53,5.61,5.30,5.40,779936,10425999.00
2013-06-13,5.35,5.35,4.93,5.18,1655974,20606672.00
2013-06-14,5.10,5.22,5.08,5.17,968165,12234070.00
2013-06-17,5.21,5.25,5.08,5.20,1486070,18850840.00
2013-06-18,5.15,5.20,4.93,4.98,2058002,25442546.00
2013-06-19,4.99,4.99,4.71,4.78,3783613,44394144.00
2013-06-20,4.76,4.78,4.67,4.75,2380377,27607364.00
2013-06-21,4.76,4.83,4.60,4.80,2716131,31652240.00
2013-06-24,4.89,4.89,4.39,4.52,3712711,42677996.00
2013-06-25,4.47,4.55,4.12,4.50,2923532,31354578.00
2013-06-26,4.52,4.55,4.36,4.53,2200558,24250446.00
2013-06-27,4.55,4.75,4.48,4.60,3371300,38237564.00
2013-06-28,4.65,4.66,4.53,4.63,2829010,32034976.00
2013-07-01,4.58,4.70,4.41,4.57,2954886,32950430.00
2013-07-02,4.57,4.61,4.49,4.61,1534440,17144820.00
2013-07-03,4.59,4.59,4.40,4.44,3124776,34194228.00
2013-07-04,4.46,4.55,4.37,4.52,2321592,25432742.00
2013-07-05,4.59,4.65,4.48,4.50,3144132,35330044.00
2013-07-08,4.43,4.43,4.17,4.23,3640780,38138816.00
2013-07-09,4.34,4.36,4.19,4.22,3385019,35636868.00
2013-07-10,4.32,4.32,4.17,4.30,3484425,36512028.00
2013-07-11,4.30,4.54,4.25,4.52,3984043,43302108.00
2013-07-12,4.48,4.55,4.38,4.38,2992200,32942222.00
2013-07-15,4.35,4.46,4.35,4.45,2762469,30076738.00
2013-07-16,4.43,4.52,4.32,4.51,4302128,46554884.00
2013-07-17,4.48,4.58,4.41,4.43,3687766,40852320.00
2013-07-18,4.43,4.43,4.25,4.27,2708771,28830382.00
2013-07-19,4.27,4.32,4.02,4.05,2797684,28940924.00
2013-07-22,3.98,4.05,3.93,4.02,2801895,27472198.00
2013-07-23,4.03,4.13,4.01,4.09,2985307,29998450.00
2013-07-24,4.10,4.12,4.02,4.08,2574342,25786636.00
2013-07-25,4.09,4.12,4.00,4.12,3830093,38317936.00
2013-07-26,4.14,4.54,4.13,4.54,10897571,118676936.00
2013-07-29,4.62,4.96,4.58,4.95,16741953,196175424.00
2013-07-30,4.78,4.91,4.56,4.77,10395726,121429968.00
2013-07-31,4.73,5.26,4.69,5.25,18170558,228247968.00
2013-08-01,5.11,5.41,5.05,5.33,16320669,209282720.00
2013-08-02,5.30,5.43,5.18,5.26,10722774,138889680.00
2013-08-05,5.23,5.24,5.08,5.13,9472267,119171064.00
2013-08-06,5.10,5.65,5.08,5.64,15631130,206452496.00
2013-08-07,5.50,5.63,5.40,5.43,10249762,137827920.00
2013-08-08,5.39,5.51,5.27,5.43,6354034,83769440.00
2013-08-09,5.42,5.63,5.30,5.42,7332406,98004360.00
2013-08-12,5.37,5.42,5.14,5.24,7520312,96944024.00
2013-08-13,5.21,5.28,5.16,5.26,4221830,54130168.00
2013-08-14,5.25,5.52,5.18,5.44,9085507,118941968.00
2013-08-15,5.41,5.43,5.20,5.28,4625953,60375040.00
2013-08-16,5.20,5.37,4.94,5.00,5308597,67122992.00
2013-08-19,4.96,5.12,4.91,5.10,3784797,46892344.00
2013-08-20,5.10,5.30,5.08,5.14,4810179,60986380.00
2013-08-21,5.14,5.29,5.00,5.26,4667167,58998476.00
2013-08-22,5.19,5.30,5.14,5.14,3365826,43059368.00
2013-08-23,5.12,5.29,5.04,5.27,6068286,77252080.00
2013-08-26,5.30,5.45,5.26,5.29,6810684,88916616.00
2013-08-27,5.30,5.48,5.27,5.41,7313071,96785008.00
2013-08-28,5.36,5.36,5.15,5.16,6408454,82600936.00
2013-08-29,5.16,5.19,4.99,5.02,5532941,68641848.00
2013-08-30,5.02,5.05,4.86,5.02,4032763,49074704.00
2013-09-02,5.03,5.06,4.86,4.99,2422994,29571244.00
2013-09-03,4.98,5.05,4.94,5.03,2352608,28900242.00
2013-09-04,5.03,5.09,4.89,4.93,2971262,36160852.00
2013-09-05,4.93,5.00,4.86,4.96,2403238,29054992.00
2013-09-06,4.95,4.97,4.85,4.92,2912300,35086724.00
2013-09-09,5.03,5.13,4.93,5.00,4216109,51643664.00
2013-09-10,4.97,5.00,4.90,4.95,3894487,47111996.00
2013-09-11,4.93,5.08,4.89,5.06,5714656,69960552.00
2013-09-12,5.03,5.13,4.98,5.04,4010528,49714192.00
2013-09-13,5.04,5.11,4.93,5.09,3971567,49099004.00
2013-09-16,5.10,5.13,4.98,4.98,2420975,29844576.00
2013-09-17,5.01,5.01,4.80,4.80,2480504,29875800.00
2013-09-18,4.80,4.80,4.64,4.75,3300373,38092140.00
2013-09-23,4.73,4.88,4.71,4.85,2224973,26169522.00
2013-09-24,4.85,4.85,4.73,4.75,2324706,27240180.00
2013-09-25,4.75,4.95,4.74,4.91,4021927,48240976.00
2013-09-26,4.89,4.99,4.77,4.78,3404716,40922444.00
2013-09-27,4.76,4.78,4.61,4.70,2414415,27730542.00
2013-09-30,4.70,4.78,4.65,4.75,1349966,15683899.00
2013-10-08,4.73,4.86,4.70,4.85,1667877,19670776.00
2013-10-09,4.85,4.89,4.80,4.86,1821887,21652648.00
2013-10-10,4.86,4.86,4.72,4.73,2379728,27988104.00
2013-10-11,4.75,5.21,4.74,5.16,7424119,92017176.00
2013-10-14,5.18,5.29,5.10,5.23,6110082,77776824.00
2013-10-15,5.23,5.23,5.10,5.13,3691818,46583832.00
2013-10-16,5.10,5.48,5.10,5.42,11420454,149422496.00
2013-10-17,5.35,5.53,5.25,5.34,7015191,92438208.00
2013-10-18,5.34,5.40,5.12,5.20,5176902,66224004.00
2013-10-21,5.19,5.55,5.12,5.48,11163075,146632816.00
2013-10-22,5.45,5.62,5.39,5.56,10912510,147610784.00
2013-10-23,5.53,5.62,5.26,5.28,5870804,77633728.00
2013-10-24,5.26,5.29,5.10,5.19,3688670,46878532.00
2013-10-25,5.19,5.25,5.09,5.14,2689748,33945628.00
2013-10-28,5.13,5.21,4.61,4.61,7536985,87807768.00
2013-10-29,4.47,4.47,4.14,4.14,9032642,94440568.00
2013-10-30,4.01,4.17,3.99,4.17,6998782,70538496.00
2013-10-31,4.10,4.16,4.04,4.09,5058977,50983472.00
2013-11-01,4.09,4.09,3.94,4.01,4120864,40785332.00
2013-11-04,4.02,4.05,3.97,4.02,3584706,35425932.00
2013-11-05,4.01,4.08,3.97,4.08,3602239,35934816.00
2013-11-06,4.08,4.15,4.06,4.10,5474020,55328316.00
2013-11-07,4.10,4.10,3.81,3.84,7613373,73314744.00
2013-11-08,3.77,3.82,3.68,3.71,4791829,44227964.00
2013-11-11,3.71,3.78,3.68,3.75,3197404,29490340.00
2013-11-12,3.78,3.80,3.70,3.78,3022230,28108636.00
2013-11-13,3.76,3.76,3.69,3.69,2965151,27222854.00
2013-11-14,3.68,3.71,3.61,3.71,3070141,27825216.00
2013-11-15,3.72,3.84,3.68,3.78,4054916,37952448.00
2013-11-18,3.78,3.96,3.76,3.94,7851005,76063920.00
2013-11-19,3.93,4.01,3.92,3.98,5282232,51827392.00
2013-11-20,4.00,4.03,3.91,3.97,3508661,34306512.00
2013-11-21,3.97,3.97,3.86,3.91,3195304,30856678.00
2013-11-22,3.90,3.93,3.88,3.93,2925519,28277294.00
2013-11-25,3.91,4.14,3.89,4.08,7861499,79068016.00
2013-11-26,4.08,4.17,4.03,4.08,3980445,40091544.00
2013-11-27,4.08,4.12,4.00,4.10,4080080,40951492.00
2013-11-28,4.11,4.17,4.09,4.10,5009872,50987036.00
2013-11-29,4.10,4.11,4.03,4.10,4852367,48644984.00
2013-12-02,4.00,4.03,3.68,3.74,7224330,68497080.00
2013-12-03,3.71,3.88,3.68,3.85,3234606,30464396.00
2013-12-04,3.83,3.96,3.81,3.89,3773084,36500504.00
2013-12-05,3.91,4.02,3.90,3.98,3503791,34287072.00
2013-12-06,3.97,4.04,3.91,3.93,2716749,26500944.00
2013-12-09,3.95,4.09,3.95,4.07,3991562,39611020.00
2013-12-10,4.05,4.16,4.03,4.04,3697731,37170824.00
2013-12-11,4.05,4.05,3.94,3.97,2889086,28321560.00
2013-12-12,3.97,4.12,3.95,4.10,5413288,54330320.00
2013-12-13,4.10,4.11,4.04,4.10,3260257,32823472.00
2013-12-16,4.11,4.18,3.99,4.00,4202298,42191664.00
2013-12-17,4.02,4.03,3.94,3.96,1960190,19229842.00
2013-12-18,3.95,4.03,3.95,3.98,1528737,15051298.00
2013-12-19,4.00,4.08,3.97,4.03,2681339,26653020.00
2013-12-20,4.03,4.08,3.94,3.98,2241480,22121452.00
2013-12-23,3.97,4.04,3.83,4.01,2420938,23658894.00
2013-12-24,4.00,4.07,3.96,4.03,2104426,20901450.00
2013-12-25,4.03,4.08,4.03,4.08,3077471,30771924.00
2013-12-26,4.09,4.10,3.94,3.96,2543010,25136776.00
2013-12-27,3.93,4.05,3.91,4.03,2082633,20546440.00
2013-12-30,4.08,4.08,4.01,4.07,2582417,25756092.00
2013-12-31,4.09,4.09,4.03,4.05,2482386,24834712.00
2014-01-02,4.05,4.08,4.03,4.05,3437578,34355852.00
2014-01-03,4.05,4.06,3.97,3.99,3001506,29638866.00
2014-01-06,3.98,3.98,3.76,3.82,3114145,29550094.00
2014-01-07,3.80,3.85,3.77,3.84,1745719,16474974.00
2014-01-08,3.85,3.87,3.78,3.79,2340612,22014080.00
2014-01-09,3.79,3.82,3.70,3.71,1903138,17743938.00
2014-01-10,3.71,3.71,3.55,3.57,2598250,23158816.00
2014-01-13,3.55,3.59,3.48,3.50,1775551,15491543.00
2014-01-14,3.48,3.60,3.48,3.59,1467361,12873802.00
2014-01-15,3.59,3.63,3.55,3.63,1295993,11536293.00
2014-01-16,3.63,3.69,3.61,3.69,1581161,14357246.00
2014-01-17,3.68,3.68,3.60,3.64,1080170,9711670.00
2014-01-20,3.65,3.65,3.54,3.55,1022344,9065415.00
2014-01-21,3.55,3.68,3.55,3.66,1156028,10382682.00
2014-01-22,3.66,3.75,3.66,3.75,2030896,18650694.00
2014-01-23,3.74,3.76,3.70,3.72,1728597,15909567.00
2014-01-24,3.70,3.84,3.70,3.80,2719469,25511156.00
2014-01-27,3.79,3.90,3.78,3.85,2387922,22680080.00
2014-01-28,3.88,4.05,3.88,3.99,5454724,53549432.00
2014-01-29,3.99,4.01,3.91,3.96,2327898,22730060.00
2014-01-30,3.99,3.99,3.90,3.93,1297014,12584088.00
2014-02-07,3.89,3.96,3.80,3.96,1867946,17943818.00
2014-02-10,3.96,4.05,3.94,4.05,3535364,35088536.00
2014-02-11,4.05,4.05,3.97,3.98,3852264,38039208.00
2014-02-12,3.98,4.38,3.98,4.38,9156141,97584624.00
2014-02-13,4.55,4.55,4.23,4.27,16727406,181062960.00
2014-02-14,4.23,4.70,4.22,4.70,26225100,297864992.00
2014-02-17,4.76,5.19,4.64,5.19,25940005,311312512.00
2014-02-18,5.24,5.72,5.21,5.72,14033071,191724544.00
2014-02-19,5.97,6.20,5.61,5.89,31450442,452714944.00
2014-02-20,5.72,5.85,5.52,5.81,19746180,274535616.00
2014-02-21,5.64,5.71,5.47,5.53,13644493,185563152.00
2014-02-24,5.55,5.72,5.48,5.61,10463741,143011840.00
2014-02-25,5.61,5.62,5.04,5.05,19820528,259560144.00
2014-02-26,5.01,5.17,4.86,5.15,11511282,141326400.00
2014-02-27,5.13,5.24,4.85,4.93,13921332,172206048.00
2014-02-28,4.90,5.14,4.87,5.10,10576845,130164728.00
2014-03-03,5.05,5.20,4.98,5.18,12622221,158091328.00
2014-03-04,5.10,5.24,4.93,5.24,14652279,182555760.00
2014-03-05,5.22,5.32,5.08,5.10,12192850,154669424.00
2014-03-06,5.07,5.09,4.89,5.00,7758342,94831896.00
2014-03-07,5.00,5.09,4.87,4.89,8615080,105039976.00
2014-03-10,4.80,4.80,4.52,4.57,8038099,92271112.00
2014-03-11,4.58,4.64,4.49,4.60,4807287,53896104.00
2014-03-12,4.53,4.66,4.47,4.66,6356789,71676248.00
2014-03-13,4.67,4.68,4.58,4.65,4371608,49744700.00
2014-03-14,4.63,4.63,4.51,4.56,3493206,39315836.00
2014-03-17,4.53,4.70,4.52,4.68,5326937,60642980.00
2014-03-18,4.68,4.85,4.65,4.75,7836293,91364392.00
2014-03-19,4.72,4.73,4.64,4.73,4034336,46423240.00
2014-03-20,4.75,4.76,4.43,4.44,5489517,61905000.00
2014-03-21,4.42,4.61,4.39,4.59,3749089,41625660.00
2014-03-24,4.60,4.62,4.55,4.58,2911971,32772336.00
2014-03-25,4.56,4.71,4.53,4.65,3952122,45030196.00
2014-03-26,4.63,4.76,4.63,4.66,3814657,43954992.00
2014-03-27,4.65,4.66,4.53,4.53,3040665,34227132.00
2014-03-28,4.55,4.55,4.35,4.38,3472685,37896108.00
2014-03-31,4.38,4.45,4.38,4.40,1539225,16711776.00
2014-04-01,4.39,4.54,4.34,4.53,2345659,25885890.00
2014-04-02,4.53,4.58,4.44,4.58,3167473,35118812.00
2014-04-03,4.55,4.63,4.52,4.54,2691553,30203588.00
2014-04-04,4.55,4.65,4.52,4.63,3531952,39962696.00
2014-04-08,4.60,4.67,4.58,4.67,4252698,48348324.00
2014-04-09,4.67,4.75,4.62,4.72,4903370,56673188.00
2014-04-10,4.72,4.75,4.65,4.72,4950946,57221040.00
2014-04-11,4.72,4.73,4.60,4.60,3506731,39993780.00
2014-04-14,4.60,4.77,4.58,4.77,4695598,54266404.00
2014-04-15,4.77,4.82,4.64,4.66,4161536,48144636.00
2014-04-16,4.63,4.88,4.60,4.87,7681291,90065296.00
2014-04-17,4.85,4.91,4.76,4.80,6309115,74820704.00
2014-04-18,4.81,4.83,4.73,4.76,2924611,34266288.00
2014-04-21,4.73,4.81,4.50,4.54,3704830,42502620.00
2014-04-22,4.43,4.45,4.10,4.24,7079178,74365464.00
2014-04-23,4.22,4.28,4.12,4.17,3389891,35101652.00
2014-04-24,4.17,4.22,4.09,4.13,2448093,24974678.00
2014-04-25,4.12,4.14,3.89,3.91,4826390,47754596.00
2014-04-28,3.91,3.91,3.77,3.85,2163196,20510382.00
2014-04-29,3.87,3.94,3.85,3.91,2260093,21713186.00
2014-04-30,3.91,3.98,3.90,3.97,2104779,20411778.00
2014-05-05,3.95,3.98,3.90,3.98,1415175,13763079.00
2014-05-06,3.98,4.13,3.95,4.11,3656583,36620092.00
2014-05-07,4.09,4.09,3.99,4.00,1747816,17426044.00
2014-05-08,3.98,4.10,3.93,4.01,1809850,17951516.00
2014-05-09,3.99,4.06,3.98,4.02,1446412,14360174.00
2014-05-12,4.08,4.18,4.02,4.13,2266311,22954674.00
2014-05-13,4.13,4.25,4.07,4.07,5059969,51641532.00
2014-05-14,4.05,4.10,3.97,4.03,2364498,23506942.00
2014-05-15,4.03,4.03,3.80,3.81,3744744,36183888.00
2014-05-16,3.80,3.89,3.80,3.88,1928707,18334680.00
2014-05-19,3.88,3.89,3.83,3.86,1263223,12059401.00
2014-05-20,3.90,3.93,3.83,3.88,1938504,18550368.00
2014-05-21,3.87,3.91,3.81,3.91,2662379,25321084.00
2014-05-22,3.91,3.95,3.89,3.90,2707885,26202894.00
2014-05-23,3.91,3.99,3.89,3.99,2051846,20009342.00
2014-05-26,3.98,4.09,3.96,4.07,2838556,28272262.00
2014-05-27,4.07,4.22,4.00,4.10,7986347,81011744.00
2014-05-28,4.04,4.17,3.99,4.07,5937736,48902836.00
2014-05-29,4.08,4.08,3.93,3.96,3885288,31449346.00
2014-05-30,3.94,3.99,3.89,3.95,2841373,22671696.00
2014-06-03,3.99,4.01,3.93,3.98,1825297,14638255.00
2014-06-04,4.04,4.14,3.92,3.98,5897167,47955972.00
2014-06-05,3.94,4.00,3.89,3.99,2943037,23445732.00
2014-06-06,3.99,4.06,3.96,4.02,3400848,27607392.00
2014-06-09,4.01,4.16,3.99,4.05,7454476,61441172.00
2014-06-10,4.00,4.07,3.99,4.04,2951232,24028878.00
2014-06-11,4.04,4.12,4.01,4.10,4513280,37282240.00
2014-06-12,4.09,4.14,4.05,4.09,3151745,26172362.00
2014-06-13,4.12,4.15,4.08,4.12,2744739,22910998.00
2014-06-16,4.13,4.15,4.09,4.13,2597749,21602854.00
2014-06-17,4.11,4.12,4.06,4.06,2443714,20190890.00
2014-06-18,4.04,4.09,3.98,3.98,2410748,19651430.00
2014-06-19,3.98,4.01,3.81,3.82,3678023,29173672.00
2014-06-20,3.90,4.21,3.90,4.05,18092506,151369088.00
2014-06-23,3.99,4.03,3.91,3.96,7301223,58598988.00
2014-06-24,3.95,3.98,3.90,3.96,5069054,40365568.00
2014-06-25,3.94,3.98,3.91,3.94,2453320,19579300.00
2014-06-26,3.95,3.99,3.93,3.95,2810553,22518050.00
2014-06-27,3.97,4.04,3.95,4.03,3862548,31295284.00
2014-06-30,4.06,4.13,4.02,4.05,4209581,34564392.00
2014-07-01,4.06,4.16,3.95,4.16,7390761,61092868.00
2014-07-02,4.29,4.58,4.25,4.45,22873618,204266128.00
2014-07-03,4.33,4.54,4.30,4.37,12282125,109569128.00
2014-07-04,4.39,4.39,4.24,4.26,7130709,61903624.00
2014-07-07,4.28,4.43,4.21,4.41,5242139,45674644.00
2014-07-08,4.40,4.44,4.34,4.41,4669811,41471680.00
2014-07-09,4.37,4.39,4.25,4.26,4667314,40753584.00
2014-07-10,4.23,4.34,4.23,4.32,3150412,27347136.00
2014-07-11,4.33,4.39,4.29,4.34,2977256,26161658.00
2014-07-14,4.35,4.43,4.30,4.39,3593043,31702446.00
2014-07-15,4.38,4.42,4.31,4.34,2974409,26236908.00
2014-07-16,4.32,4.34,4.22,4.25,3130429,27071452.00
2014-07-17,4.23,4.32,4.22,4.31,2348486,20364456.00
2014-07-18,4.36,4.37,4.24,4.27,2008488,17438916.00
2014-07-21,4.26,4.49,4.24,4.47,9445545,84140280.00
2014-07-22,4.47,4.68,4.44,4.60,11324954,105156024.00
2014-07-23,4.60,4.62,4.51,4.60,5487106,50781800.00
2014-07-24,4.60,4.65,4.46,4.55,4464293,41046580.00
2014-07-25,4.54,4.58,4.48,4.54,3220541,29446262.00
2014-07-28,4.55,4.59,4.48,4.57,4351393,39927912.00
2014-07-29,4.55,4.62,4.50,4.62,5518283,50907552.00
2014-07-30,4.62,4.75,4.54,4.74,7229406,67912504.00
2014-07-31,4.73,4.80,4.66,4.73,3749917,35759340.00
2014-08-01,4.71,4.77,4.60,4.63,4719297,44515772.00
2014-08-04,4.63,4.73,4.61,4.69,3081567,29061330.00
2014-08-05,4.71,4.71,4.60,4.65,3554989,33314466.00
2014-08-06,4.65,4.68,4.60,4.65,3734429,35007008.00
2014-08-07,4.65,4.69,4.60,4.60,3619180,33992592.00
2014-08-08,4.60,4.65,4.55,4.65,2816881,26236838.00
2014-08-11,4.63,4.70,4.62,4.69,3936142,37066588.00
2014-08-12,4.70,4.73,4.64,4.66,3770868,35696856.00
2014-08-13,4.67,4.67,4.57,4.61,3606532,33597760.00
2014-08-14,4.63,4.68,4.60,4.60,3404389,31905202.00
2014-08-15,4.58,4.73,4.58,4.73,4201728,39595572.00
2014-08-18,4.73,4.83,4.70,4.75,7024200,67553696.00
2014-08-19,4.75,4.84,4.71,4.84,7893887,76126216.00
2014-08-20,4.84,5.33,4.78,5.22,17607078,181560880.00
2014-08-21,5.14,5.19,5.06,5.12,8026762,82786144.00
2014-08-22,5.13,5.32,5.05,5.26,8583205,90895520.00
2014-08-25,5.28,5.37,5.22,5.26,6345664,67715344.00
2014-08-26,5.26,5.26,4.95,5.09,5539402,56891972.00
2014-08-27,5.12,5.12,5.04,5.10,3120192,32037400.00
2014-08-28,5.20,5.43,5.09,5.11,7550991,79591224.00
2014-08-29,5.09,5.12,4.93,5.10,4613359,46868648.00
2014-09-01,5.12,5.62,5.08,5.62,14107924,156738288.00
2014-09-02,5.65,5.95,5.47,5.73,24745085,282368672.00
2014-09-03,5.73,5.73,5.54,5.60,15741820,178727712.00
2014-09-04,5.55,5.65,5.54,5.59,8641022,97392408.00
2014-09-05,5.58,5.71,5.46,5.62,12212064,137951648.00
2014-09-09,5.57,5.60,5.48,5.60,7990961,89498520.00
2014-09-10,5.58,5.84,5.51,5.75,11347080,130192376.00
2014-09-11,5.75,5.80,5.55,5.64,9370302,107067320.00
2014-09-12,5.68,5.69,5.56,5.66,5194289,58849812.00
2014-09-15,5.66,5.72,5.62,5.69,6008198,68810984.00
2014-09-16,5.69,5.69,5.19,5.30,10679456,117703168.00
2014-09-17,5.30,5.33,5.15,5.27,5718019,60145864.00
2014-09-18,5.25,5.40,5.25,5.31,5276953,56622888.00
2014-09-19,5.31,5.37,5.21,5.34,4913668,52404908.00
2014-09-22,5.35,5.38,5.25,5.30,4569646,49063564.00
2014-09-23,5.32,5.44,5.24,5.42,4755490,51294832.00
2014-09-24,5.43,5.56,5.37,5.55,5242018,58040316.00
2014-09-25,5.57,5.60,5.45,5.47,4137913,46148452.00
2014-09-26,5.46,5.52,5.40,5.47,3499829,38524172.00
2014-09-29,5.51,5.58,5.46,5.47,4060695,45065364.00
2014-09-30,5.47,5.52,5.37,5.50,4235450,46475776.00
2014-10-08,5.50,5.54,5.43,5.53,5577458,61794996.00
2014-10-09,5.53,5.69,5.53,5.61,7137899,80651512.00
2014-10-10,5.60,5.60,5.47,5.57,5984003,66722364.00
2014-10-13,5.56,5.56,5.43,5.51,3450854,38154724.00
2014-10-14,5.50,5.70,5.45,5.65,11370335,128428960.00
2014-10-15,5.65,5.68,5.53,5.65,7143000,81089368.00
2014-10-16,5.60,5.84,5.56,5.63,11530182,133326136.00
2014-10-17,5.56,5.80,5.36,5.79,11846797,133610288.00
2014-10-20,5.80,6.07,5.73,6.05,15605559,187019344.00
2014-10-21,6.04,6.05,5.90,5.98,7420872,89499384.00
2014-10-22,6.00,6.18,5.90,5.93,7798284,94743264.00
2014-10-23,5.92,5.94,5.69,5.76,6019138,70315312.00
2014-10-24,5.76,5.86,5.66,5.85,4028611,46901476.00
2014-10-27,5.75,5.93,5.75,5.93,3465748,40974556.00
2014-10-28,5.93,6.04,5.88,5.96,6016897,72253224.00
2014-10-29,5.98,6.10,5.90,6.06,7114727,85919328.00
2014-10-30,6.10,6.37,6.07,6.28,12590583,157760080.00
2014-10-31,6.26,6.37,6.10,6.13,7600894,95774384.00
2014-11-03,6.15,6.57,6.15,6.42,9135002,117894800.00
2014-11-04,6.40,6.63,6.34,6.57,7177866,93646088.00
2014-11-05,6.57,7.21,6.48,6.99,13483662,186965760.00
2014-11-06,6.95,7.19,6.85,7.14,10226497,145261392.00
2014-11-07,7.19,7.25,7.00,7.09,8578096,122965360.00
2014-11-10,7.10,7.25,6.97,7.04,7338292,104408432.00
2014-11-11,7.05,7.06,6.65,6.83,7637588,104667288.00
2014-11-12,6.79,6.90,6.50,6.72,4373770,58980424.00
2014-11-13,6.69,6.77,6.42,6.47,4840201,63489620.00
2014-11-14,6.46,7.09,6.43,7.03,7497557,103809728.00
2014-11-17,7.05,7.74,6.96,7.67,8980427,133332192.00
2014-11-18,7.72,8.00,7.55,7.74,8776371,136780320.00
2014-11-19,7.74,7.95,7.56,7.91,4942584,77045304.00
2014-11-20,7.76,8.05,7.76,8.00,4350830,69836960.00
2014-11-21,7.76,8.00,7.65,7.70,6055681,95721424.00
2014-11-24,7.74,7.89,7.57,7.75,5385147,83427368.00
2014-11-25,7.77,8.24,7.76,8.09,4797680,77434720.00
2014-11-26,8.10,8.20,7.91,7.96,4534444,73179432.00
2014-11-27,8.03,8.10,7.91,7.95,3297438,52837488.00
2014-11-28,7.96,8.16,7.68,7.87,6778437,108605936.00
2014-12-01,7.87,8.15,7.75,7.98,4249202,67913464.00
2014-12-02,7.98,8.15,7.95,8.04,3844656,62324808.00
2014-12-03,8.09,8.83,7.91,8.53,5532107,91967872.00
2014-12-04,8.53,8.93,8.47,8.75,4226645,73638360.00
2014-12-05,8.69,8.85,8.11,8.62,4533099,77481240.00
2014-12-08,8.39,8.85,8.36,8.44,3503065,60387152.00
2014-12-09,8.43,8.43,7.59,7.59,8274480,133490832.00
2014-12-10,7.45,8.36,7.45,8.36,7499276,123029032.00
2014-12-11,8.37,9.20,8.36,9.20,9668509,174952464.00
2014-12-12,9.48,9.95,9.15,9.15,6349081,121166992.00
2014-12-15,9.29,10.07,9.26,9.75,11045385,218140640.00
2014-12-16,9.69,10.55,9.45,10.40,9646200,198910976.00
2014-12-17,10.52,11.18,10.21,10.49,8250553,177613568.00
2014-12-18,10.45,10.81,9.90,10.10,14276166,291012992.00
2014-12-19,9.96,10.18,9.35,9.68,15828397,307771168.00
2014-12-22,9.80,10.34,9.65,9.72,10667277,214042928.00
2014-12-23,9.65,10.22,9.45,9.80,5627031,112738856.00
2014-12-24,9.83,10.15,9.39,9.96,4075889,80348720.00
2014-12-25,10.00,10.25,9.75,10.19,2935596,59417936.00
2014-12-26,10.20,10.20,9.83,9.97,2717704,54243512.00
2014-12-29,9.95,10.05,9.63,9.78,2474758,49080308.00
2014-12-30,9.54,9.97,9.48,9.75,2709130,52809564.00
2014-12-31,9.75,9.96,9.60,9.81,1917693,37828132.00
2015-01-05,9.81,9.81,9.39,9.40,3038645,58260492.00
2015-01-06,9.46,9.64,9.12,9.27,3466883,64727612.00
2015-01-07,9.28,9.70,9.27,9.60,2295647,43763828.00
2015-01-08,9.60,10.57,9.51,10.57,5860343,119890832.00
2015-01-09,10.65,11.03,10.21,10.23,4012460,85087472.00
2015-01-12,10.08,10.20,9.76,9.95,2370487,47331084.00
2015-01-13,9.96,10.47,9.95,10.45,2628581,54106304.00
2015-01-14,10.31,10.70,10.20,10.41,1626905,34064576.00
2015-01-15,10.45,10.60,10.31,10.34,1609718,33734576.00
2015-01-16,10.28,10.61,10.05,10.51,2362603,49611868.00
2015-01-19,10.44,10.98,10.06,10.63,4065655,87149256.00
2015-01-20,10.65,11.13,10.50,10.99,3335715,72802120.00
2015-01-21,10.99,11.58,10.90,11.45,4082157,92382336.00
2015-01-22,11.60,11.60,11.20,11.26,2296814,52491364.00
2015-01-23,11.20,11.34,10.90,11.25,3109906,69198280.00
2015-01-26,11.30,11.31,10.95,11.15,4521501,101349416.00
2015-01-27,11.15,11.45,11.01,11.24,2222461,50105904.00
2015-01-28,11.20,11.45,11.08,11.17,1574865,35760828.00
2015-01-29,11.20,11.35,11.01,11.16,1096120,24552306.00
2015-01-30,11.05,11.33,11.02,11.05,1136980,25518918.00
2015-02-02,11.05,11.15,10.70,11.10,1028527,22871802.00
2015-02-03,11.06,11.54,10.84,11.45,2762904,62559832.00
2015-02-04,11.39,11.77,11.30,11.68,2283227,52889924.00
2015-02-05,11.66,11.73,11.44,11.62,1699534,39418088.00
2015-02-06,11.59,11.59,10.48,11.10,2070940,46027392.00
2015-02-09,11.09,11.09,10.77,10.85,774881,16966950.00
2015-02-10,10.78,10.99,10.70,10.88,1216541,26398196.00
2015-02-11,10.75,11.30,10.75,10.95,1966632,43782532.00
2015-02-12,10.80,11.25,10.79,10.79,1606083,35019416.00
2015-02-13,10.75,11.05,10.75,10.99,2279585,50017184.00
2015-02-16,11.00,11.11,10.88,11.05,2025459,44607608.00
2015-02-17,11.01,11.10,10.90,10.96,1068350,23519260.00
2015-02-25,10.95,11.05,10.85,10.94,1013175,22280980.00
2015-02-26,10.94,11.14,10.94,11.09,1069275,23752694.00
2015-02-27,11.13,11.70,11.03,11.60,2511419,57716056.00
2015-03-11,12.77,12.77,12.21,12.77,10918704,278046304.00
2015-03-12,12.80,14.05,11.95,13.32,9563937,244559232.00
2015-03-13,13.04,13.30,12.72,12.99,3725016,97600872.00
2015-03-16,12.95,13.30,12.73,13.10,5577000,145596208.00
2015-03-17,13.10,13.35,12.83,12.98,5114018,134061056.00
2015-03-18,12.95,12.96,12.63,12.78,4084201,104338256.00
2015-03-19,12.78,12.78,12.55,12.73,2968447,75459504.00
2015-03-20,12.72,13.09,12.63,12.97,5314954,137733296.00
2015-03-23,13.10,13.10,12.73,12.95,4951783,127608808.00
2015-03-24,12.93,12.93,12.00,12.55,4962480,124920128.00
2015-03-25,12.58,12.58,12.29,12.45,3386928,84356816.00
2015-03-26,12.45,12.60,12.31,12.55,3245946,81227584.00
2015-03-27,12.54,12.73,12.44,12.72,2691073,68009752.00
2015-03-30,12.75,13.00,12.60,12.83,4050225,104254000.00
2015-03-31,12.83,12.85,12.43,12.46,2675107,67669920.00
2015-04-01,12.45,12.68,12.19,12.63,3012304,75031624.00
2015-04-02,12.63,13.88,12.63,13.63,7956046,208645072.00
2015-04-03,13.35,13.88,13.16,13.63,6035006,163425200.00
2015-04-07,13.63,14.13,13.53,13.65,4091376,112928272.00
2015-04-08,13.74,14.53,13.66,14.10,5447939,153535408.00
2015-04-09,14.06,14.14,12.89,13.44,3882883,104718704.00
2015-04-10,13.35,13.64,12.97,13.63,2840633,76676848.00
2015-04-13,13.63,14.79,13.63,14.67,8320773,239239744.00
2015-04-14,16.14,16.14,15.04,15.45,11467840,362270496.00
2015-04-15,15.12,15.33,13.90,14.29,8209994,238522336.00
2015-04-16,13.92,15.25,13.40,14.95,4790058,138245504.00
2015-04-17,14.90,15.23,14.70,15.06,4809393,144103216.00
2015-04-20,14.84,14.99,14.10,14.20,4138159,120053784.00
2015-04-21,14.20,15.09,13.97,14.64,4716900,138102080.00
2015-04-22,14.70,14.92,14.55,14.80,3366300,99569352.00
2015-04-23,14.85,14.85,14.35,14.51,3236211,94518000.00
2015-04-24,14.26,14.38,14.05,14.30,2739277,78119720.00
2015-04-27,14.30,14.75,14.20,14.36,3189194,92549528.00
2015-04-28,14.36,14.45,13.80,13.94,2986491,84518280.00
2015-04-29,13.85,14.50,13.81,14.23,3374398,96087872.00
2015-04-30,14.22,14.59,14.10,14.30,3113212,89522896.00
2015-05-04,14.23,14.89,14.23,14.40,5246905,153093616.00
2015-05-05,14.26,14.40,13.74,13.80,4287707,120633264.00
2015-05-06,13.76,13.95,13.01,13.29,5758910,156250160.00
2015-05-07,13.20,13.50,12.93,13.30,2680930,70910960.00
2015-05-08,13.73,14.20,13.44,13.97,5890297,162745920.00
2015-05-11,14.25,14.43,13.97,14.38,6673119,189910032.00
2015-05-12,14.38,14.40,14.02,14.14,7085443,200789296.00
2015-05-13,14.21,14.22,14.04,14.11,7174164,202902656.00
2015-05-14,14.14,14.88,14.08,14.62,9347520,269797600.00
2015-05-15,14.68,14.68,13.78,14.23,14264802,201795296.00
2015-05-18,14.80,15.15,13.65,13.67,40207975,567738944.00
2015-05-19,13.50,14.44,13.15,14.21,40448684,552829056.00
2015-05-20,14.22,15.63,14.05,15.63,52980847,796495872.00
2015-05-21,15.80,17.05,15.80,16.72,50244313,833148544.00
2015-05-22,16.89,17.68,16.00,16.30,40693992,675307648.00
2015-05-25,16.21,16.80,15.81,16.57,37403816,609401024.00
2015-05-26,16.62,18.23,16.62,18.23,47207328,831399104.00
2015-05-27,18.72,20.00,17.48,19.80,57946762,1097654656.00
2015-05-28,19.65,20.80,17.82,18.02,49695545,969071424.00
2015-05-29,18.00,18.92,16.30,18.00,37967919,678665152.00
2015-06-01,18.51,19.02,18.32,18.95,35097916,657860672.00
2015-06-02,18.95,20.85,18.50,20.85,40128434,771251968.00
2015-06-03,20.85,22.35,19.90,21.47,48556921,1037477312.00
2015-06-04,21.50,21.88,19.51,21.31,30543599,635757376.00
2015-06-05,21.31,22.50,20.98,21.77,37098634,808697664.00
2015-06-08,21.00,22.33,19.95,20.31,42792014,894096256.00
2015-06-09,19.50,19.86,18.65,18.72,32751322,623685696.00
2015-06-10,18.48,19.45,17.51,19.13,34048851,628885696.00
2015-06-11,18.82,19.26,18.72,18.98,19697318,373709216.00
2015-06-12,18.80,20.87,18.62,20.55,38667488,763949824.00
2015-06-15,20.50,21.58,20.22,20.99,40190077,848398144.00
2015-06-16,20.90,21.41,19.45,20.45,26503107,542892864.00
2015-06-17,20.40,22.22,19.70,21.95,33983412,710007744.00
2015-06-18,21.45,22.68,21.10,21.30,29558662,651740736.00
2015-06-19,20.50,21.89,20.00,21.05,28990494,610987584.00
2015-06-23,21.10,23.16,20.46,23.05,45687971,1002281792.00
2015-06-24,23.16,24.88,22.18,24.00,49931927,1162989568.00
2015-06-25,23.70,25.34,23.22,24.09,39668588,968810496.00
2015-06-26,23.10,23.88,21.68,21.68,23960654,539677056.00
2015-06-29,22.54,22.58,19.51,19.51,26042239,535033280.00
2015-06-30,18.00,20.00,17.56,18.88,28522767,531718464.00
2015-07-01,18.89,19.36,17.03,18.84,27772770,514007136.00
2015-08-17,20.00,20.72,17.36,20.41,40136773,790209344.00
2015-08-18,20.00,20.34,18.37,18.37,26154399,503318560.00
2015-08-19,17.45,19.30,16.53,19.30,25079452,457085536.00
2015-08-20,19.18,19.88,18.57,18.61,13192026,253045424.00
2015-08-21,18.00,18.53,16.75,16.75,13089223,228557104.00
2015-08-24,15.60,15.69,15.08,15.08,4869187,73849888.00
2015-08-25,13.57,13.57,13.57,13.57,1906700,25873920.00
2015-08-26,12.38,13.50,12.21,12.21,26652950,334152128.00
2015-08-27,12.21,12.55,10.99,12.00,22257939,255959728.00
2015-08-28,12.00,13.00,11.70,12.70,22694689,276918624.00
2015-08-31,12.77,12.77,11.43,11.43,13289291,159768048.00
2015-09-01,10.90,11.00,10.29,10.29,10853319,112468112.00
2015-09-02,9.26,10.33,9.26,10.08,18465089,177011072.00
2015-09-07,10.08,10.60,10.08,10.19,10566867,109498768.00
2015-09-08,10.20,10.67,10.00,10.58,7748104,79715792.00
2015-09-09,10.66,11.09,10.51,10.92,10387980,113021256.00
2015-09-10,10.55,10.81,10.25,10.31,7418322,78689032.00
2015-09-11,10.31,11.34,10.31,11.34,16403170,180637216.00
2015-09-14,11.48,11.85,10.25,11.30,20032673,224361232.00
2015-09-15,10.72,10.95,10.17,10.17,8561132,89679288.00
2015-09-16,10.17,11.19,9.70,10.96,13043505,136723280.00
2015-09-17,10.71,11.29,10.45,10.45,14498932,157532016.00
2015-09-22,10.72,10.72,10.72,10.72,0,0.00
数据来源:通达信
