002163 中航三鑫 日线 前复权
      日期	    开盘	    最高	    最低	    收盘	    成交量	    成交额
2007-08-23,6.14,6.26,5.01,5.13,17410722,446549504.00
2007-08-24,4.92,5.08,4.70,4.87,5741897,130100448.00
2007-08-27,4.88,4.92,4.70,4.75,3350333,74623608.00
2007-08-28,4.76,4.96,4.72,4.91,2944251,66649648.00
2007-08-29,4.86,4.88,4.71,4.73,1830139,40805148.00
2007-08-30,4.74,4.82,4.74,4.79,1110308,24829700.00
2007-08-31,4.79,4.94,4.79,4.82,1142610,25940182.00
2007-09-03,4.92,4.92,4.77,4.79,1747932,39362232.00
2007-09-04,4.77,4.78,4.71,4.71,1459569,32287248.00
2007-09-05,4.70,4.76,4.58,4.62,1728221,37561800.00
2007-09-06,4.62,4.69,4.59,4.64,1027067,22301598.00
2007-09-07,4.64,4.64,4.53,4.53,1102308,23577526.00
2007-09-10,4.49,4.49,4.32,4.40,1219744,25079074.00
2007-09-11,4.41,4.45,4.13,4.19,1182385,24198032.00
2007-09-13,4.34,4.48,4.27,4.31,1190611,24319256.00
2007-09-14,4.29,4.38,4.26,4.33,862417,17441812.00
2007-09-17,4.31,4.33,4.23,4.24,1219240,24413282.00
2007-09-18,4.24,4.24,4.14,4.20,1132951,22248602.00
2007-09-19,4.20,4.25,4.13,4.13,653681,12835845.00
2007-09-20,4.14,4.21,4.13,4.15,594654,11597882.00
2007-09-21,4.14,4.19,3.92,4.01,1023381,19368470.00
2007-09-24,4.02,4.03,3.79,3.80,1039795,18790864.00
2007-09-25,3.81,3.89,3.81,3.84,735063,13319479.00
2007-09-26,3.84,3.88,3.80,3.81,525671,9543322.00
2007-09-27,3.83,3.94,3.74,3.90,768093,14003508.00
2007-09-28,3.90,3.96,3.87,3.92,654846,12080713.00
2007-10-08,3.97,4.03,3.88,3.89,656317,12171031.00
2007-10-09,3.91,4.10,3.84,4.04,1051875,19661414.00
2007-10-10,4.06,4.08,3.93,3.97,742329,13982208.00
2007-10-11,3.97,4.05,3.93,4.04,837683,15674881.00
2007-10-12,4.03,4.23,3.83,4.20,2306122,44484660.00
2007-10-15,4.21,4.47,4.05,4.39,2722779,55155548.00
2007-10-16,4.37,4.38,4.23,4.24,1036597,20758538.00
2007-10-17,4.20,4.27,4.15,4.15,642359,12664369.00
2007-10-18,4.15,4.17,3.99,3.99,696185,13254369.00
2007-10-19,4.03,4.07,3.88,3.91,481280,9007837.00
2007-10-22,3.90,3.91,3.77,3.78,480739,8695317.00
2007-10-23,3.81,3.85,3.69,3.80,578193,10286344.00
2007-10-24,3.83,3.83,3.72,3.73,388118,6870056.00
2007-10-25,3.71,3.72,3.36,3.37,1020599,17013838.00
2007-10-26,3.34,3.41,3.16,3.23,604276,9367238.00
2007-10-29,3.27,3.29,3.12,3.26,492383,7448835.50
2007-10-30,3.26,3.30,3.16,3.26,376361,5797292.50
2007-10-31,3.28,3.61,3.27,3.57,1030389,16936276.00
2007-11-01,3.54,3.54,3.40,3.40,444045,7257473.00
2007-11-02,3.39,3.44,3.27,3.28,375080,5949702.50
2007-11-05,3.28,3.37,3.24,3.37,297692,4673214.00
2007-11-06,3.30,3.46,3.30,3.36,297145,4766756.50
2007-11-07,3.36,3.45,3.19,3.28,369811,5792002.00
2007-11-08,3.25,3.30,3.18,3.20,274622,4267146.50
2007-11-09,3.20,3.27,3.17,3.23,349854,5350700.50
2007-11-12,3.14,3.23,3.08,3.11,369892,5513704.50
2007-11-13,3.17,3.20,3.12,3.13,307798,4631671.50
2007-11-14,3.18,3.24,3.15,3.21,538316,8211583.50
2007-11-15,3.22,3.26,3.19,3.24,339618,5219170.50
2007-11-16,3.22,3.37,3.14,3.34,702966,10995893.00
2007-11-19,3.37,3.66,3.35,3.64,2242511,37739060.00
2007-11-20,3.64,3.64,3.50,3.51,1179260,19833634.00
2007-11-21,3.48,3.65,3.48,3.64,1250849,21345264.00
2007-11-22,3.61,3.82,3.55,3.58,2255890,39645112.00
2007-11-23,3.47,3.54,3.22,3.34,3708739,58473816.00
2007-11-26,3.35,3.48,3.24,3.47,3001180,47689044.00
2007-11-27,3.38,3.46,3.27,3.27,1599395,25555700.00
2007-11-28,3.26,3.31,3.15,3.16,1118249,17165892.00
2007-11-29,3.20,3.29,3.16,3.27,1196806,18409172.00
2007-11-30,3.28,3.28,3.12,3.14,1086762,16488820.00
2007-12-04,3.17,3.20,3.10,3.12,943298,14159353.00
2007-12-05,3.12,3.30,3.12,3.27,1291318,19907908.00
2007-12-06,3.28,3.32,3.25,3.29,807778,12615184.00
2007-12-07,3.31,3.34,3.26,3.32,898510,14114199.00
2007-12-10,3.26,3.43,3.24,3.42,1338663,21506726.00
2007-12-11,3.42,3.48,3.39,3.46,1373331,22422938.00
2007-12-12,3.46,3.46,3.39,3.41,1172624,19004366.00
2007-12-13,3.41,3.58,3.40,3.42,1977302,32780454.00
2007-12-14,3.44,3.63,3.44,3.63,3182914,53411964.00
2007-12-17,3.68,3.74,3.57,3.63,2478272,42927320.00
2007-12-18,3.59,3.62,3.46,3.47,1105782,18506076.00
2007-12-19,3.49,3.61,3.49,3.54,846666,14268414.00
2007-12-20,3.54,3.67,3.48,3.64,1225543,20841524.00
2007-12-21,3.62,3.78,3.60,3.74,1844218,32263278.00
2007-12-24,3.77,3.87,3.69,3.70,2475309,44248032.00
2007-12-25,3.72,3.88,3.70,3.86,1677186,30177434.00
2007-12-26,3.90,3.94,3.84,3.93,1418684,26113300.00
2007-12-27,3.95,4.12,3.95,3.99,2634058,50049648.00
2007-12-28,3.99,3.99,3.88,3.93,1509668,27905546.00
2008-01-02,3.87,4.06,3.87,4.02,1371958,25584894.00
2008-01-03,4.03,4.08,3.94,4.03,1659897,31464286.00
2008-01-04,4.12,4.21,4.08,4.11,2071463,40287460.00
2008-01-07,4.14,4.14,4.01,4.07,1544377,29475244.00
2008-01-08,4.09,4.10,3.86,3.88,2097277,39208180.00
2008-01-09,3.86,3.98,3.84,3.98,999506,18439048.00
2008-01-10,4.07,4.07,3.91,3.93,1180651,22142296.00
2008-01-11,3.93,3.97,3.86,3.93,841001,15450727.00
2008-01-14,3.97,4.15,3.97,4.11,2385942,45918972.00
2008-01-15,4.12,4.22,4.05,4.20,2379590,46593300.00
2008-01-16,4.21,4.30,4.14,4.17,2801963,55795844.00
2008-01-17,4.12,4.23,3.86,3.99,1551181,29717144.00
2008-01-18,3.99,4.07,3.93,4.02,831799,15675182.00
2008-01-21,4.04,4.08,3.74,3.77,1066326,19751196.00
2008-01-22,3.61,3.70,3.37,3.37,1353567,22361268.00
2008-01-23,3.39,3.54,3.34,3.49,824957,13510317.00
2008-01-24,3.54,3.63,3.47,3.59,1046106,17618878.00
2008-01-25,3.59,3.97,3.57,3.97,2725123,49126756.00
2008-01-28,4.05,4.09,3.72,3.99,4697080,88384832.00
2008-01-29,4.01,4.12,3.80,3.91,1356149,25364838.00
2008-01-30,3.93,4.10,3.93,4.08,1887237,35921264.00
2008-01-31,4.10,4.10,3.65,3.71,1322378,24304860.00
2008-02-01,3.59,3.69,3.34,3.42,1158229,19027422.00
2008-02-04,3.49,3.76,3.49,3.74,717914,12390601.00
2008-02-05,3.74,3.80,3.66,3.73,578962,10191830.00
2008-02-13,3.73,3.86,3.61,3.81,581288,10265245.00
2008-02-14,3.82,3.99,3.82,3.97,832620,15436597.00
2008-02-15,3.97,4.00,3.85,4.00,1041544,19353360.00
2008-02-19,4.42,4.42,4.37,4.42,1335305,27665856.00
2008-02-20,4.70,4.70,4.53,4.58,7705564,166502208.00
2008-02-21,4.57,4.77,4.51,4.59,3654458,79686544.00
2008-02-22,4.54,4.59,4.28,4.32,2857850,59143588.00
2008-02-25,4.28,4.43,4.22,4.26,1693327,34414328.00
2008-02-26,4.37,4.46,4.19,4.36,1396750,28230774.00
2008-02-27,4.36,4.46,4.30,4.40,1006716,20743602.00
2008-02-28,4.41,4.43,4.23,4.30,1283053,25990902.00
2008-02-29,4.26,4.42,4.24,4.40,985651,20163834.00
2008-03-03,4.33,4.56,4.28,4.51,1429974,29832786.00
2008-03-04,4.51,4.52,4.30,4.30,1449067,29914724.00
2008-03-05,4.30,4.34,4.12,4.23,1287107,25528698.00
2008-03-06,4.22,4.29,4.19,4.20,1037437,20653216.00
2008-03-07,4.20,4.23,4.13,4.20,669397,13191568.00
2008-03-10,4.15,4.18,4.03,4.04,752082,14462712.00
2008-03-11,4.01,4.12,3.96,4.10,542097,10313128.00
2008-03-12,4.16,4.21,3.99,4.01,561497,10784038.00
2008-03-13,3.97,4.14,3.82,4.13,1215065,23028684.00
2008-03-14,4.07,4.24,4.04,4.12,1212760,23784830.00
2008-03-18,3.70,3.88,3.69,3.69,695718,12303583.00
2008-03-19,3.66,3.88,3.55,3.74,1072107,18875380.00
2008-03-20,3.66,3.88,3.43,3.84,1051134,18364906.00
2008-03-21,3.81,3.92,3.74,3.79,638054,11541555.00
2008-03-24,3.79,3.90,3.71,3.74,491495,8830219.00
2008-03-25,3.70,3.80,3.62,3.78,525330,9235448.00
2008-03-26,3.81,3.90,3.72,3.78,569900,10301626.00
2008-03-27,3.78,3.80,3.61,3.62,466230,8160385.50
2008-03-28,3.55,3.76,3.37,3.71,724963,12289060.00
2008-03-31,3.58,3.63,3.42,3.42,720211,11946424.00
2008-04-01,3.40,3.47,3.06,3.08,1004503,15269593.00
2008-04-02,3.16,3.18,2.84,2.89,874191,12548622.00
2008-04-03,2.84,3.07,2.83,2.98,511758,7180610.50
2008-04-07,2.92,3.19,2.90,3.17,647987,9591482.00
2008-04-08,3.19,3.31,3.15,3.20,589350,9028502.00
2008-04-10,3.03,3.20,2.97,3.20,830130,12243488.00
2008-04-11,3.21,3.34,3.21,3.34,695841,10902392.00
2008-04-14,3.25,3.28,3.06,3.09,613501,9261437.00
2008-04-15,3.02,3.12,2.78,3.08,1027289,14508159.00
2008-04-16,3.03,3.03,2.87,2.89,831207,11705008.00
2008-04-17,2.89,2.93,2.58,2.58,1150275,9962348.00
2008-04-18,2.57,2.57,2.31,2.32,1357976,10397995.00
2008-04-21,2.50,2.50,2.32,2.40,1079375,8391732.00
2008-04-22,2.37,2.46,2.17,2.44,1219059,9021998.00
2008-04-23,2.43,2.57,2.34,2.54,1814548,14338190.00
2008-04-24,2.81,2.81,2.64,2.78,2914393,25474892.00
2008-04-25,2.73,2.86,2.65,2.74,2877163,25109942.00
2008-04-28,2.71,2.93,2.67,2.92,3090618,27926828.00
2008-04-29,2.95,2.97,2.85,2.91,3808560,35337908.00
2008-04-30,2.91,2.93,2.84,2.93,2513078,23062732.00
2008-05-05,2.95,2.98,2.87,2.96,1755832,16288484.00
2008-05-07,2.93,2.93,2.73,2.76,2028208,18274634.00
2008-05-08,2.70,2.87,2.63,2.86,1503334,13117509.00
2008-05-09,2.86,2.86,2.72,2.82,1499664,13300553.00
2008-05-12,2.77,2.83,2.70,2.78,1244772,10864495.00
2008-05-13,2.66,2.76,2.63,2.70,1293295,11091110.00
2008-05-14,2.69,2.86,2.68,2.81,1382747,12340703.00
2008-05-15,2.81,2.93,2.81,2.83,2315172,21106376.00
2008-05-16,2.80,2.90,2.72,2.80,1064007,9490192.00
2008-05-19,2.83,3.10,2.80,3.10,4317621,41054668.00
2008-05-20,3.09,3.09,2.79,2.80,3289802,30946906.00
2008-05-21,2.73,2.86,2.52,2.81,2423596,20531412.00
2008-05-22,2.79,2.83,2.70,2.74,1286013,11314544.00
2008-05-23,2.74,2.77,2.60,2.64,951271,8091205.50
2008-05-26,2.63,2.68,2.53,2.53,707740,5907904.50
2008-05-27,2.50,2.58,2.50,2.55,540511,4384199.00
2008-05-28,2.59,2.66,2.53,2.62,478534,3951951.00
2008-05-29,2.63,2.65,2.53,2.53,493048,4058293.25
2008-05-30,2.49,2.57,2.49,2.52,570445,4588725.50
2008-06-02,2.52,2.60,2.47,2.57,396776,3224852.50
2008-06-03,2.58,2.58,2.52,2.54,318041,2580888.50
2008-06-04,2.50,2.59,2.49,2.56,477245,3873430.00
2008-06-05,2.56,2.63,2.54,2.60,531797,4393573.00
2008-06-06,2.60,2.70,2.57,2.61,873140,7356868.00
2008-06-10,2.51,2.52,2.33,2.33,977304,7468666.00
2008-06-11,2.32,2.32,2.17,2.21,782467,5565422.50
2008-06-12,2.20,2.22,2.09,2.16,817479,5681386.50
2008-06-13,2.20,2.20,2.04,2.06,508750,3491145.25
2008-06-16,2.08,2.13,2.00,2.07,524046,3505481.00
2008-06-17,2.10,2.20,2.07,2.09,964985,6651587.50
2008-06-18,2.01,2.19,2.01,2.18,871370,6018993.00
2008-06-19,2.17,2.19,1.94,1.94,757927,5047969.00
2008-06-20,1.87,2.03,1.74,1.85,992591,6132139.50
2008-06-23,1.85,1.85,1.72,1.75,605911,3557425.00
2008-06-24,1.72,1.82,1.72,1.79,424655,2473658.50
2008-06-25,1.78,1.93,1.78,1.91,639344,3909030.50
2008-06-26,1.92,1.97,1.87,1.91,797078,4985633.00
2008-06-27,1.88,1.88,1.73,1.77,662749,3944851.75
2008-06-30,1.70,1.87,1.70,1.83,454672,2674416.25
2008-07-01,1.86,1.87,1.78,1.83,329090,1968498.88
2008-07-02,1.87,1.91,1.83,1.85,480950,2937000.50
2008-07-03,1.80,1.95,1.80,1.93,864794,5369020.50
2008-07-04,1.91,1.97,1.87,1.95,764614,4824226.00
2008-07-07,1.96,2.05,1.94,2.03,950306,6204323.00
2008-07-08,2.03,2.05,1.96,2.03,948689,6174597.00
2008-07-09,2.02,2.13,2.02,2.10,1203861,8106756.50
2008-07-10,2.07,2.22,2.05,2.12,1904135,13250878.00
2008-07-11,2.16,2.20,2.03,2.09,990806,6694571.50
2008-07-14,2.07,2.13,2.02,2.12,889166,5996604.00
2008-07-15,2.15,2.15,2.02,2.03,694260,4678683.00
2008-07-16,2.01,2.02,1.84,1.89,679700,4274472.50
2008-07-17,1.93,1.99,1.87,1.96,820592,5183831.00
2008-07-18,1.98,2.13,1.94,2.10,1387528,9132813.00
2008-07-21,2.08,2.19,2.01,2.17,1407599,9692254.00
2008-07-22,2.25,2.29,2.19,2.21,1739216,12532067.00
2008-07-23,2.20,2.29,2.16,2.24,1815400,13049986.00
2008-07-24,2.24,2.37,2.24,2.32,1829432,13665731.00
2008-07-25,2.34,2.57,2.34,2.57,5529490,43997000.00
2008-07-28,2.57,2.65,2.48,2.60,4984667,40746288.00
2008-07-29,2.55,2.57,2.47,2.47,2467013,19856728.00
2008-07-30,2.50,2.53,2.35,2.37,1928462,14921873.00
2008-07-31,2.39,2.45,2.35,2.37,1111700,8550628.00
2008-08-01,2.33,2.44,2.30,2.43,1047119,8024228.00
2008-08-04,2.38,2.41,2.27,2.28,676650,5090216.00
2008-08-05,2.28,2.32,2.23,2.24,710509,5196191.50
2008-08-06,2.25,2.36,2.23,2.36,1185501,8787588.00
2008-08-07,2.37,2.58,2.36,2.54,2521948,19924342.00
2008-08-08,2.53,2.53,2.27,2.27,1775071,13540993.00
2008-08-11,2.26,2.26,2.02,2.02,1016109,6802742.00
2008-08-12,1.91,1.96,1.84,1.88,923851,5732903.50
2008-08-13,1.83,1.89,1.76,1.83,955319,5664896.50
2008-08-14,1.83,1.92,1.80,1.85,717349,4355967.00
2008-08-15,1.88,1.89,1.80,1.84,609000,3692384.00
2008-08-18,1.86,1.86,1.64,1.64,766400,4378005.00
2008-08-19,1.62,1.69,1.60,1.65,604264,3309751.75
2008-08-20,1.64,1.83,1.51,1.80,1466416,8271309.00
2008-08-21,1.74,1.77,1.65,1.67,1232766,6881041.00
2008-08-22,1.59,1.66,1.57,1.60,441899,2355651.25
2008-08-25,1.59,1.66,1.58,1.59,453511,2425410.00
2008-08-26,1.58,1.59,1.47,1.50,688778,3473825.25
2008-08-27,1.55,1.55,1.46,1.50,558950,2807943.00
2008-08-28,1.51,1.51,1.47,1.50,476850,2369538.50
2008-08-29,1.50,1.56,1.50,1.55,991275,5060995.00
2008-09-01,1.55,1.55,1.48,1.49,406222,2032176.63
2008-09-02,1.47,1.54,1.47,1.51,506913,2532270.75
2008-09-03,1.52,1.53,1.48,1.52,456418,2294857.75
2008-09-04,1.53,1.57,1.51,1.55,602911,3092188.00
2008-09-05,1.52,1.52,1.46,1.47,529250,2620593.50
2008-09-08,1.48,1.48,1.30,1.32,827220,3778636.00
2008-09-09,1.35,1.36,1.30,1.33,324563,1453621.00
2008-09-10,1.33,1.38,1.31,1.35,381704,1734186.13
2008-09-11,1.34,1.36,1.31,1.32,374700,1673562.50
2008-09-12,1.30,1.35,1.30,1.33,272600,1221202.25
2008-09-16,1.33,1.34,1.26,1.29,589933,2580683.00
2008-09-17,1.30,1.30,1.23,1.23,358600,1539050.00
2008-09-18,1.23,1.23,1.09,1.17,1186604,4638628.00
2008-09-19,1.28,1.30,1.27,1.30,1493031,6531902.00
2008-09-22,1.43,1.44,1.30,1.37,2112193,9751307.00
2008-09-23,1.33,1.52,1.29,1.52,6387248,31604242.00
2008-09-24,1.48,1.51,1.41,1.50,4449827,21729158.00
2008-09-25,1.50,1.56,1.47,1.51,4427164,22451716.00
2008-09-26,1.51,1.51,1.43,1.48,2150553,10548640.00
2008-10-06,1.42,1.43,1.33,1.34,1503256,6946203.50
2008-10-07,1.28,1.34,1.25,1.30,1105374,4853688.00
2008-10-08,1.30,1.34,1.28,1.32,1451720,6450233.50
2008-10-09,1.34,1.36,1.27,1.28,864251,3827881.25
2008-10-10,1.23,1.23,1.15,1.16,1129700,4562491.50
2008-10-13,1.13,1.21,1.12,1.21,595814,2382018.25
2008-10-14,1.23,1.27,1.18,1.19,726686,3067764.00
2008-10-15,1.17,1.20,1.15,1.17,386729,1552712.00
2008-10-16,1.13,1.15,1.10,1.10,474100,1832697.00
2008-10-17,1.13,1.15,1.10,1.14,549580,2130772.00
2008-10-20,1.14,1.18,1.11,1.18,533841,2110543.50
2008-10-21,1.20,1.21,1.17,1.18,701195,2851252.75
2008-10-22,1.17,1.18,1.15,1.16,473290,1893382.88
2008-10-23,1.14,1.16,1.10,1.15,323471,1270547.25
2008-10-24,1.15,1.16,1.13,1.13,407415,1600493.00
2008-10-27,1.12,1.12,1.01,1.01,919250,3369003.75
2008-10-28,1.00,1.05,0.98,1.04,793438,2807337.00
2008-10-29,1.05,1.07,1.01,1.02,486052,1752805.00
2008-10-30,1.04,1.04,0.99,1.02,298406,1064294.38
2008-10-31,1.01,1.03,0.98,0.99,223459,785726.75
2008-11-03,0.98,1.00,0.95,0.96,354100,1203069.50
2008-11-04,0.97,0.99,0.95,0.98,293180,994148.00
2008-11-05,0.99,1.03,0.98,1.02,580580,2039169.75
2008-11-06,0.99,1.00,0.96,0.98,339549,1164960.75
2008-11-07,0.96,1.02,0.95,1.01,526639,1837708.50
2008-11-10,1.03,1.13,1.03,1.12,1673469,6275547.00
2008-11-11,1.11,1.16,1.08,1.11,1455900,5621625.50
2008-11-12,1.10,1.19,1.08,1.19,1588692,6244444.50
2008-11-13,1.15,1.31,1.15,1.29,3883155,16277160.00
2008-11-17,1.40,1.44,1.35,1.44,6103890,28471788.00
2008-11-18,1.44,1.45,1.28,1.28,4006637,18479840.00
2008-11-19,1.26,1.39,1.24,1.38,2492257,11164856.00
2008-11-20,1.35,1.41,1.30,1.33,2439544,11135454.00
2008-11-21,1.29,1.37,1.23,1.33,2450101,10779520.00
2008-11-24,1.35,1.36,1.25,1.26,1245685,5506593.50
2008-11-25,1.28,1.31,1.18,1.22,1008816,4245082.00
2008-11-26,1.23,1.26,1.18,1.22,686544,2873319.50
2008-11-27,1.33,1.33,1.24,1.25,2317100,10190500.00
2008-11-28,1.25,1.40,1.25,1.40,9703590,45054912.00
2008-12-01,1.43,1.55,1.43,1.55,10053131,50396728.00
2008-12-02,1.59,1.72,1.50,1.51,13600787,71756952.00
2008-12-03,1.49,1.57,1.47,1.54,7967407,40322004.00
2008-12-04,1.55,1.71,1.52,1.64,11454398,62454316.00
2008-12-05,1.65,1.68,1.59,1.65,7184557,38758480.00
2008-12-08,1.70,1.75,1.63,1.71,7762459,43125964.00
2008-12-09,1.71,1.71,1.57,1.59,5414224,29240102.00
2008-12-10,1.57,1.70,1.57,1.67,4549914,24810876.00
2008-12-11,1.66,1.68,1.57,1.57,3787735,20318740.00
2008-12-12,1.53,1.57,1.42,1.45,3130757,15643325.00
2008-12-15,1.49,1.55,1.47,1.51,2396774,12014674.00
2008-12-16,1.51,1.62,1.46,1.60,2917266,14950237.00
2008-12-17,1.58,1.66,1.57,1.58,3014709,16045713.00
2008-12-18,1.57,1.62,1.53,1.60,2789974,14674774.00
2008-12-19,1.60,1.73,1.59,1.67,6002747,32890100.00
2008-12-22,1.67,1.75,1.63,1.72,6131249,34288128.00
2008-12-23,1.73,1.75,1.53,1.54,4778408,25614026.00
2008-12-25,1.52,1.55,1.44,1.47,2666122,13252594.00
2008-12-26,1.47,1.52,1.46,1.48,1274337,6333600.00
2008-12-29,1.50,1.58,1.49,1.54,2676710,13624811.00
2008-12-30,1.53,1.55,1.47,1.49,2414717,12169808.00
2008-12-31,1.50,1.51,1.44,1.48,1868834,9158642.00
2009-01-05,1.50,1.54,1.49,1.53,2329452,11747064.00
2009-01-06,1.54,1.61,1.51,1.58,3783104,19615638.00
2009-01-07,1.59,1.64,1.57,1.63,4295297,22866532.00
2009-01-08,1.58,1.63,1.52,1.60,3734235,19484846.00
2009-01-09,1.60,1.71,1.58,1.67,6290673,34389160.00
2009-01-12,1.67,1.74,1.65,1.67,6735351,37791344.00
2009-01-13,1.63,1.65,1.56,1.56,3342619,17773230.00
2009-01-14,1.55,1.64,1.55,1.64,2582870,13746767.00
2009-01-15,1.62,1.73,1.60,1.70,6234011,34788396.00
2009-01-16,1.70,1.73,1.68,1.71,5031562,28260040.00
2009-01-19,1.74,1.74,1.63,1.66,3221727,17784452.00
2009-01-20,1.65,1.79,1.64,1.79,6330086,35928452.00
2009-01-21,1.76,1.96,1.74,1.90,11918363,73005488.00
2009-01-22,1.88,2.10,1.88,2.10,11387140,73858408.00
2009-01-23,2.10,2.28,2.05,2.17,11082153,76367760.00
2009-02-02,2.20,2.27,2.10,2.21,8811920,61601776.00
2009-02-03,2.17,2.19,2.13,2.19,7643254,53433648.00
2009-02-04,2.23,2.40,2.23,2.26,10825922,80112752.00
2009-02-05,2.25,2.28,2.08,2.14,6802911,48587536.00
2009-02-06,2.17,2.27,2.15,2.25,6647762,47713732.00
2009-02-09,2.27,2.40,2.23,2.39,8795649,65142228.00
2009-02-10,2.34,2.65,2.34,2.65,9948955,80357824.00
2009-02-11,2.65,2.79,2.60,2.62,9090531,77843296.00
2009-02-12,2.61,2.68,2.49,2.66,5696857,47158880.00
2009-02-13,2.75,2.77,2.61,2.70,5937428,50752584.00
2009-02-16,2.69,2.70,2.57,2.63,5440962,45680172.00
2009-02-17,2.61,2.64,2.49,2.49,5244033,42695036.00
2009-02-18,2.49,2.49,2.29,2.33,3941325,30436090.00
2009-02-19,2.32,2.40,2.25,2.37,5809601,43504608.00
2009-02-20,2.37,2.62,2.34,2.59,8319012,66206556.00
2009-02-23,2.64,2.68,2.54,2.62,8938438,74610160.00
2009-02-24,2.62,2.66,2.42,2.43,7014374,56775656.00
2009-02-25,2.47,2.56,2.35,2.53,6709407,52784024.00
2009-02-26,2.57,2.68,2.35,2.46,14372482,119536376.00
2009-02-27,2.37,2.43,2.19,2.19,5823208,41970880.00
2009-03-02,2.13,2.20,2.01,2.16,3312686,22757516.00
2009-03-03,2.07,2.22,2.03,2.11,3321437,23034884.00
2009-03-04,2.11,2.27,2.11,2.25,4806328,34358552.00
2009-03-05,2.29,2.34,2.18,2.25,4784673,34852080.00
2009-03-06,2.20,2.23,2.17,2.21,2536279,17993620.00
2009-03-09,2.21,2.27,2.07,2.08,2661926,18628886.00
2009-03-10,2.05,2.22,2.03,2.19,2298057,15962829.00
2009-03-11,2.24,2.30,2.22,2.28,4799399,34868172.00
2009-03-12,2.29,2.34,2.18,2.27,6024515,44324108.00
2009-03-13,2.27,2.31,2.21,2.21,2739806,19873244.00
2009-03-16,2.18,2.21,2.10,2.20,2289857,15985594.00
2009-03-17,2.19,2.30,2.19,2.28,3342175,24327600.00
2009-03-18,2.29,2.39,2.28,2.33,4813144,36018032.00
2009-03-19,2.31,2.39,2.30,2.37,3886132,29311424.00
2009-03-20,2.42,2.42,2.31,2.33,3170788,23892416.00
2009-03-23,2.32,2.41,2.32,2.36,3319870,25323442.00
2009-03-24,2.41,2.45,2.34,2.43,4468762,34354896.00
2009-03-25,2.42,2.56,2.33,2.33,10637556,84020608.00
2009-03-26,2.33,2.52,2.31,2.48,6080196,47170112.00
2009-03-27,2.65,2.75,2.64,2.75,14942304,130306344.00
2009-03-30,2.85,3.04,2.85,2.87,20258202,187579760.00
2009-03-31,2.77,3.17,2.75,3.17,14074663,131878664.00
2009-04-01,3.18,3.50,3.14,3.42,24561685,263797216.00
2009-04-02,3.38,3.66,3.36,3.47,17081254,187512832.00
2009-04-03,3.40,3.59,3.32,3.48,12191055,132310312.00
2009-04-07,3.53,3.84,3.51,3.84,16900239,195681296.00
2009-04-08,3.87,4.02,3.73,3.80,15589115,188519808.00
2009-04-09,3.80,3.90,3.68,3.86,11806523,140082416.00
2009-04-10,3.93,4.26,3.80,4.26,13254332,172314400.00
2009-04-21,4.71,4.71,4.40,4.70,22261416,319569664.00
2009-04-22,4.56,4.57,4.21,4.21,12900420,175241568.00
2009-04-24,4.31,4.37,4.03,4.15,12599781,165696624.00
2009-04-27,4.15,4.24,3.98,4.03,8884523,113558064.00
2009-04-28,4.03,4.11,3.77,3.89,9538569,117592520.00
2009-04-29,3.87,4.16,3.85,4.01,9995061,125625752.00
2009-04-30,4.02,4.16,3.97,4.02,7603629,96522600.00
2009-05-04,4.03,4.38,4.00,4.27,10010699,131590000.00
2009-05-05,4.34,4.60,4.33,4.38,10631153,147750112.00
2009-05-06,4.36,4.53,4.32,4.48,12098046,166461904.00
2009-05-07,4.50,4.58,4.18,4.25,11161681,149981808.00
2009-05-08,4.17,4.18,3.96,4.04,8992621,113968408.00
2009-05-11,4.09,4.22,3.93,3.93,6876535,87715928.00
2009-05-12,3.85,4.05,3.85,4.05,3676303,45436372.00
2009-05-13,4.04,4.22,4.00,4.14,6296950,80891256.00
2009-05-14,4.07,4.16,4.02,4.10,3728221,47650392.00
2009-05-15,4.10,4.26,4.06,4.24,7154945,93418352.00
2009-05-18,4.21,4.21,3.97,4.13,5154412,65847928.00
2009-05-19,4.17,4.32,4.07,4.23,7942413,104166216.00
2009-05-20,4.22,4.48,4.16,4.31,9731760,130151984.00
2009-05-21,4.31,4.40,4.08,4.17,6080222,79638432.00
2009-05-22,4.26,4.40,4.21,4.22,7883542,104725808.00
2009-05-25,4.03,4.29,3.87,4.19,8254988,104071016.00
2009-05-26,4.20,4.49,4.15,4.25,11335127,152474032.00
2009-05-27,4.24,4.39,4.17,4.22,5697651,75314744.00
2009-06-01,4.25,4.37,4.17,4.36,5426434,71685704.00
2009-06-02,4.37,4.77,4.31,4.63,15610430,220384096.00
2009-06-03,4.56,4.72,4.45,4.58,11167974,157496944.00
2009-06-04,4.58,4.58,4.43,4.49,6387569,88378704.00
2009-06-05,4.52,4.61,4.35,4.36,5616980,77390872.00
2009-06-08,4.33,4.36,4.10,4.15,6774009,87716672.00
2009-06-09,4.11,4.25,4.06,4.18,4644846,59670024.00
2009-06-10,4.17,4.19,4.04,4.11,5531213,70011944.00
2009-06-11,4.11,4.25,4.10,4.14,4310687,55715636.00
2009-06-12,4.13,4.19,4.04,4.07,2718359,34454188.00
2009-06-15,4.11,4.17,4.07,4.16,2085809,26737078.00
2009-06-16,4.13,4.22,4.12,4.14,2578056,33205904.00
2009-06-17,4.14,4.18,4.10,4.15,2662810,34087476.00
2009-06-18,4.15,4.26,4.14,4.21,4169931,54126192.00
2009-06-19,4.23,4.46,4.21,4.40,10141573,136858928.00
2009-06-22,4.37,4.42,4.20,4.21,5482094,72900296.00
2009-06-23,4.16,4.30,4.11,4.22,3180090,41415580.00
2009-06-24,4.20,4.27,4.14,4.24,3666925,47668004.00
2009-06-25,4.27,4.33,4.20,4.23,4026516,53186776.00
2009-06-26,4.26,4.28,4.13,4.15,3883279,50116388.00
2009-06-30,4.19,4.23,4.10,4.12,2799994,36070732.00
2009-07-01,4.07,4.10,3.87,4.04,10305630,126535408.00
2009-07-02,4.03,4.08,3.94,3.99,5778759,71640920.00
2009-07-03,3.95,4.05,3.94,3.98,5257989,65032692.00
2009-07-06,3.96,3.96,3.89,3.91,3880609,47048376.00
2009-07-07,3.91,4.00,3.90,3.96,3273949,40090136.00
2009-07-08,3.93,4.02,3.87,4.01,3570624,44132876.00
2009-07-09,4.01,4.27,3.98,4.18,8271482,105832568.00
2009-07-10,4.16,4.28,4.13,4.16,6413197,83590944.00
2009-07-13,4.16,4.28,4.16,4.25,5188202,68046240.00
2009-07-14,4.27,4.36,4.19,4.32,6857805,90843520.00
2009-07-15,4.32,4.35,4.25,4.28,4864064,64508388.00
2009-07-16,4.26,4.31,4.16,4.19,5090920,66732832.00
2009-07-17,4.18,4.43,4.15,4.40,10666215,142931552.00
2009-07-20,4.48,4.75,4.37,4.70,14112060,198258800.00
2009-07-21,4.66,4.66,4.29,4.31,10089873,139205648.00
2009-07-22,4.47,4.58,4.37,4.40,8736886,120399080.00
2009-07-23,4.40,4.60,4.33,4.58,8970661,124559848.00
2009-07-24,4.60,4.65,4.37,4.44,6977220,96933584.00
2009-07-27,4.47,4.53,4.42,4.47,5782223,79883984.00
2009-07-28,4.50,4.87,4.48,4.74,11696703,168521680.00
2009-07-29,4.73,4.73,4.25,4.33,8475685,117730208.00
2009-07-30,4.37,4.46,4.13,4.36,5214565,68924072.00
2009-07-31,4.32,4.45,4.32,4.40,6756834,91323544.00
2009-08-03,4.43,4.56,4.30,4.56,7732676,106001904.00
2009-08-04,4.53,5.03,4.53,5.03,22554470,343263616.00
2009-08-05,5.25,5.36,5.07,5.20,23945690,384428320.00
2009-08-07,5.32,5.39,4.73,4.83,14184465,222897584.00
2009-08-10,4.90,5.00,4.70,4.82,7021727,105230640.00
2009-08-11,4.83,4.93,4.77,4.87,4114446,61854020.00
2009-08-12,4.80,4.83,4.37,4.37,7532303,105524208.00
2009-08-13,4.38,4.45,4.23,4.31,4572055,60819404.00
2009-08-14,4.31,4.33,3.95,3.96,5303904,68383416.00
2009-08-17,3.89,4.03,3.60,3.67,4677789,56178596.00
2009-08-18,3.73,3.83,3.67,3.78,3815168,44500252.00
2009-08-19,3.80,3.82,3.40,3.41,5274243,58735952.00
2009-08-20,3.41,3.60,3.40,3.57,4432026,48598200.00
2009-08-21,3.53,3.79,3.48,3.78,7868528,89729928.00
2009-08-24,3.74,4.17,3.69,4.02,8901856,107819408.00
2009-08-25,3.97,3.97,3.70,3.83,6307412,75331392.00
2009-08-26,3.83,4.08,3.75,4.00,5792517,71646520.00
2009-08-27,3.97,4.08,3.87,3.98,4904492,60601020.00
2009-08-28,3.97,3.97,3.80,3.85,2925499,35142640.00
2009-08-31,3.80,3.80,3.45,3.46,3388197,37637968.00
2009-09-01,3.45,3.52,3.26,3.33,3009296,31775990.00
2009-09-02,3.35,3.47,3.33,3.41,1952906,20672870.00
2009-09-03,3.41,3.62,3.37,3.59,3267506,35858992.00
2009-09-04,3.60,3.83,3.55,3.77,4880085,56481800.00
2009-09-07,3.76,3.83,3.67,3.72,3891661,45497128.00
2009-09-08,3.72,3.81,3.65,3.78,3189004,37233292.00
2009-09-09,3.80,3.85,3.75,3.83,3300109,38927280.00
2009-09-10,3.81,3.83,3.68,3.70,2936355,34127956.00
2009-09-11,3.73,3.80,3.70,3.74,2227175,25971674.00
2009-09-14,3.74,3.95,3.74,3.90,4472036,53665680.00
2009-09-15,3.91,3.95,3.87,3.92,3683529,44801876.00
2009-09-16,3.94,4.10,3.93,4.02,6270755,78349696.00
2009-09-17,4.02,4.36,4.02,4.21,6512586,85273408.00
2009-09-18,4.28,4.62,4.28,4.41,13292623,184109088.00
2009-09-21,4.31,4.53,4.09,4.49,6745294,89064728.00
2009-09-22,4.45,4.52,4.17,4.17,7343657,98237016.00
2009-09-23,4.17,4.27,3.90,3.95,3984938,50239876.00
2009-09-24,3.93,4.03,3.80,3.90,3078327,37447520.00
2009-09-25,3.87,3.97,3.77,3.81,2353151,28383788.00
2009-09-28,3.83,3.92,3.57,3.62,2454608,28792666.00
2009-09-29,3.63,3.70,3.49,3.65,1902654,21409882.00
2009-09-30,3.65,3.73,3.61,3.62,1558308,17804764.00
2009-10-09,3.67,3.84,3.67,3.84,1913250,22473274.00
2009-10-12,3.84,3.91,3.77,3.85,2333118,27833812.00
2009-10-13,3.83,4.02,3.80,3.97,2255420,27558338.00
2009-10-14,4.00,4.03,3.93,3.95,3041229,37544732.00
2009-10-16,3.95,4.01,3.86,3.99,3561470,43301348.00
2009-10-19,4.02,4.07,3.94,4.06,3609716,44991504.00
2009-10-20,4.08,4.22,4.08,4.12,3869814,49632924.00
2009-10-21,4.10,4.37,4.07,4.25,5935130,77611104.00
2009-10-22,4.25,4.25,4.15,4.18,2699055,35090736.00
2009-10-23,4.19,4.27,4.19,4.21,3283433,42949768.00
2009-10-26,4.23,4.24,4.08,4.12,3045240,38904828.00
2009-10-27,4.08,4.20,3.96,4.00,4185029,53031776.00
2009-10-28,3.99,4.03,3.88,3.98,2739409,33548328.00
2009-10-29,3.92,3.92,3.84,3.88,2301798,27646880.00
2009-10-30,3.89,3.97,3.87,3.90,2474105,30149640.00
2009-11-02,3.76,3.96,3.76,3.95,2636166,31812472.00
2009-11-03,3.93,4.23,3.93,4.17,5373968,68659720.00
2009-11-04,4.20,4.24,4.12,4.16,4986553,64345028.00
2009-11-05,4.20,4.40,4.20,4.31,6708208,89542728.00
2009-11-06,4.35,4.52,4.32,4.49,11145079,152719168.00
2009-11-09,4.57,4.64,4.38,4.49,10111964,140755632.00
2009-11-10,4.49,4.52,4.38,4.41,6296244,86038208.00
2009-11-11,4.41,4.51,4.29,4.47,5582523,76147808.00
2009-11-12,4.47,4.51,4.38,4.39,4710961,64534900.00
2009-11-13,4.39,4.53,4.37,4.52,5637206,77732320.00
2009-11-16,4.61,4.63,4.53,4.59,8410857,118767216.00
2009-11-17,4.59,4.73,4.47,4.73,10545544,150197696.00
2009-11-18,4.77,4.87,4.65,4.86,14453019,213766576.00
2009-11-19,4.86,4.86,4.75,4.81,7400779,109875096.00
2009-11-20,4.77,4.85,4.77,4.78,5367910,79523224.00
2009-11-23,4.78,4.82,4.74,4.80,5342753,78715352.00
2009-11-24,4.85,4.93,4.47,4.47,9216296,135113504.00
2009-11-25,4.46,4.63,4.37,4.62,4794581,66893336.00
2009-11-26,4.59,4.73,4.44,4.47,4936029,69931456.00
2009-11-27,4.37,4.58,4.35,4.41,3937815,54325624.00
2009-11-30,4.39,4.68,4.30,4.65,6917886,97089064.00
2009-12-01,4.62,4.79,4.53,4.79,10165610,146189536.00
2009-12-02,4.79,5.16,4.77,5.02,16657836,255688784.00
2009-12-03,5.00,5.00,4.84,4.98,7709493,116980136.00
2009-12-04,4.97,5.03,4.64,4.88,8753796,130177528.00
2009-12-07,4.88,4.97,4.80,4.91,6530910,98706816.00
2009-12-08,4.87,4.92,4.78,4.86,4414219,66027488.00
2009-12-09,4.77,4.83,4.67,4.68,3362475,49174924.00
2009-12-10,4.70,4.90,4.70,4.84,6713182,100044384.00
2009-12-11,4.82,4.91,4.72,4.76,4008979,59510240.00
2009-12-15,5.25,5.25,4.74,4.81,11605208,178126432.00
2009-12-16,4.69,4.74,4.54,4.60,6274242,89585512.00
2009-12-17,4.58,4.66,4.39,4.42,4002363,55680416.00
2009-12-18,4.37,4.48,4.30,4.48,3104113,42102604.00
2009-12-21,4.47,4.60,4.45,4.51,2151409,30000932.00
2009-12-22,4.55,4.55,4.33,4.45,2521512,34547828.00
2009-12-23,4.43,4.60,4.37,4.59,3504741,48605180.00
2009-12-24,4.59,4.68,4.54,4.64,4345215,62118988.00
2009-12-25,4.60,4.78,4.59,4.77,4343852,63159352.00
2009-12-28,4.76,4.80,4.73,4.80,3421854,50246436.00
2009-12-29,4.80,4.80,4.63,4.70,3331191,48341504.00
2009-12-30,4.72,4.72,4.60,4.62,2680736,38357508.00
2009-12-31,4.61,4.72,4.61,4.68,2226433,32035358.00
2010-01-04,4.71,4.81,4.65,4.78,3906389,57302208.00
2010-01-05,4.78,4.86,4.76,4.82,3432169,50962748.00
2010-01-06,4.85,4.91,4.77,4.81,4148263,62091920.00
2010-01-07,4.81,4.83,4.64,4.68,3545546,51821780.00
2010-01-08,4.67,4.85,4.64,4.83,3233858,47444584.00
2010-01-11,4.93,4.93,4.83,4.84,5906412,88537904.00
2010-01-12,4.85,5.06,4.80,5.06,9634755,147833552.00
2010-01-13,4.96,5.58,4.95,5.58,30083360,496763616.00
2010-01-14,5.59,5.86,5.51,5.74,24025206,416837824.00
2010-01-15,5.60,5.70,5.58,5.63,10121759,175055648.00
2010-01-18,5.62,5.83,5.62,5.77,11341415,199943648.00
2010-01-19,5.77,5.82,5.54,5.61,8680071,150596800.00
2010-01-20,5.61,5.65,5.10,5.13,12487179,206653680.00
2010-01-21,5.13,5.25,5.08,5.18,5151003,82199616.00
2010-01-22,5.08,5.13,4.83,4.90,5865504,89562248.00
2010-01-25,4.91,5.09,4.90,4.98,3581709,55146784.00
2010-01-26,4.97,5.03,4.79,4.82,2925944,44178844.00
2010-01-27,4.86,4.95,4.75,4.83,2918792,43810952.00
2010-01-28,4.80,5.01,4.80,5.01,3280109,49983028.00
2010-01-29,4.98,5.10,4.93,5.01,4493892,69625640.00
2010-02-01,5.07,5.28,5.02,5.04,6708961,106366488.00
2010-02-02,5.07,5.12,4.65,4.68,6500110,98098584.00
2010-02-03,4.61,4.67,4.37,4.56,6713481,93560768.00
2010-02-04,4.53,4.75,4.47,4.65,3733734,53478820.00
2010-02-05,4.52,4.61,4.39,4.54,5541379,76731192.00
2010-02-08,4.58,4.58,4.47,4.47,2859282,39782756.00
2010-02-09,4.47,4.50,4.40,4.45,1568076,21604282.00
2010-02-10,4.47,4.58,4.47,4.56,1953100,27336908.00
2010-02-11,4.57,4.64,4.51,4.54,2353927,33309828.00
2010-02-12,4.57,4.65,4.54,4.62,1693528,24105906.00
2010-02-22,4.60,4.72,4.60,4.69,2447756,35395844.00
2010-02-23,4.69,4.70,4.56,4.64,2173192,30936264.00
2010-02-24,4.65,4.88,4.59,4.88,3959083,58574084.00
2010-02-25,4.91,5.14,4.87,5.08,7567940,117633440.00
2010-02-26,5.08,5.08,4.95,5.00,4204981,64893348.00
2010-03-02,5.08,5.28,5.07,5.10,6321692,100313088.00
2010-03-03,5.10,5.32,5.03,5.26,7710806,123678952.00
2010-03-04,5.21,5.30,4.90,4.96,5545879,87156240.00
2010-03-05,4.98,5.03,4.82,4.90,3351545,50845476.00
2010-03-08,4.87,5.00,4.86,4.92,2487821,37765680.00
2010-03-09,4.96,5.05,4.89,4.94,3162924,48563012.00
2010-03-10,4.95,5.02,4.83,4.91,2136984,32328708.00
2010-03-11,4.92,4.94,4.77,4.85,2077984,30990760.00
2010-03-12,4.85,4.85,4.67,4.67,2182650,32020238.00
2010-03-15,4.67,4.75,4.63,4.68,1320217,19049334.00
2010-03-16,4.72,4.75,4.67,4.75,1213943,17686976.00
2010-03-17,4.77,5.02,4.75,4.98,3504372,53182740.00
2010-03-18,5.00,5.04,4.92,4.96,3244774,49557228.00
2010-03-19,4.93,5.08,4.93,5.05,2927961,45250924.00
2010-03-22,5.05,5.15,5.03,5.10,2909704,45569012.00
2010-03-23,5.13,5.13,4.98,4.99,2458063,38048456.00
2010-03-24,5.00,5.09,5.00,5.00,1966305,30480842.00
2010-03-25,4.97,5.30,4.96,5.17,8841426,141273168.00
2010-03-26,5.12,5.23,5.12,5.23,4849744,77381352.00
2010-03-29,5.27,5.42,5.13,5.41,7270239,118329880.00
2010-03-30,5.38,5.63,5.27,5.60,11480168,193222688.00
2010-03-31,5.57,5.72,5.53,5.55,8293506,142775024.00
2010-04-01,5.55,5.79,5.55,5.72,9221380,160904240.00
2010-04-02,5.74,5.77,5.66,5.73,7442343,130621200.00
2010-04-06,5.73,5.85,5.55,5.67,6540455,114022408.00
2010-04-07,5.69,5.99,5.68,5.96,11961401,214589712.00
2010-04-08,5.95,6.15,5.87,5.88,9899402,182143648.00
2010-04-09,5.86,5.90,5.68,5.83,7777349,138256368.00
2010-04-12,5.91,5.98,5.83,5.91,7589890,137748736.00
2010-04-13,5.89,5.91,5.53,5.74,7642023,135157888.00
2010-04-14,5.74,5.88,5.63,5.77,4309155,76476576.00
2010-04-15,5.75,5.91,5.65,5.87,8036850,143487232.00
2010-04-16,5.79,6.13,5.79,6.08,8088255,148799776.00
2010-04-19,6.02,6.15,5.75,5.77,6622302,121944192.00
2010-04-20,5.84,6.23,5.67,6.11,7279842,134315744.00
2010-04-21,6.27,6.82,6.27,6.57,12780080,254726032.00
2010-04-22,6.60,6.97,6.48,6.82,10665016,218511776.00
2010-04-23,6.73,7.02,6.68,6.82,6761939,140890352.00
2010-04-26,6.83,7.14,6.75,6.87,6139281,129481888.00
2010-04-27,6.88,6.92,6.37,6.67,5673901,114506008.00
2010-04-28,6.53,6.76,6.47,6.68,3028792,61281504.00
2010-04-29,6.64,6.73,6.48,6.49,4415373,88881432.00
2010-04-30,6.39,6.46,5.83,6.27,4851912,91928608.00
2010-05-04,6.09,6.45,6.05,6.31,1887395,36739204.00
2010-05-05,6.20,6.64,6.20,6.58,2801806,55806224.00
2010-05-07,6.20,6.63,6.17,6.47,3593020,70360952.00
2010-05-10,6.37,6.53,6.16,6.20,4139215,80367680.00
2010-05-11,6.33,6.40,5.57,5.63,4195153,75066280.00
2010-05-13,5.50,6.06,5.17,5.90,4931909,85819176.00
2010-05-14,5.93,6.21,5.93,6.10,4739558,88680304.00
2010-05-17,6.03,6.03,5.76,5.83,2426274,44048220.00
2010-05-18,5.73,5.90,5.34,5.82,5562872,95333752.00
2010-05-19,5.67,5.88,5.54,5.71,3867276,68033104.00
2010-05-20,5.41,5.89,5.41,5.65,3569686,41831004.00
2010-05-21,5.55,5.88,5.43,5.80,4300316,49562344.00
2010-05-24,5.85,6.17,5.85,6.05,6395206,78621072.00
2010-05-25,6.03,6.09,5.86,6.05,3657914,44532768.00
2010-05-26,6.05,6.22,5.98,6.01,2893286,35875964.00
2010-05-27,6.00,6.19,5.87,6.13,4040937,49700368.00
2010-05-28,6.17,6.49,6.17,6.22,7262813,93309448.00
2010-05-31,6.16,6.39,6.05,6.06,4381103,55585480.00
2010-06-01,6.00,6.08,5.78,5.95,3375446,40571784.00
2010-06-02,5.91,6.01,5.80,6.00,3095766,37264044.00
2010-06-03,6.05,6.13,5.71,5.73,3248713,39259712.00
2010-06-07,5.62,5.83,5.57,5.75,2068124,24076030.00
2010-06-08,5.75,6.15,5.69,6.15,4735118,57224684.00
2010-06-09,6.20,6.37,6.15,6.26,5797860,73822096.00
2010-06-10,6.20,6.59,6.15,6.45,7226480,94413184.00
2010-06-11,6.47,6.54,6.36,6.40,3853401,50280296.00
2010-06-17,6.45,6.64,6.39,6.42,5168619,68361440.00
2010-06-18,6.40,6.48,6.00,6.05,4099689,51763268.00
2010-06-21,6.05,6.45,5.91,6.43,3756261,48144052.00
2010-06-22,6.43,6.75,6.40,6.61,7412939,99812968.00
2010-06-23,6.60,6.76,6.53,6.63,5161239,69587272.00
2010-06-24,6.65,6.72,6.46,6.58,4182766,55763424.00
2010-06-28,6.50,6.58,6.23,6.27,2806355,36241904.00
2010-06-29,6.30,6.30,6.06,6.12,3871006,48411636.00
2010-06-30,6.06,6.14,5.65,6.13,4063079,48770356.00
2010-07-01,6.08,6.20,5.90,6.05,2201092,27080996.00
2010-07-02,6.04,6.08,5.57,5.85,2309189,27256030.00
2010-07-05,5.70,5.86,5.61,5.78,1618734,18953076.00
2010-07-06,5.78,6.15,5.78,6.12,4515293,55545944.00
2010-07-07,6.15,6.53,6.08,6.40,6476688,83533048.00
2010-07-08,6.40,6.45,6.28,6.35,2384328,30756732.00
2010-07-09,6.35,6.62,6.29,6.51,4675486,61612024.00
2010-07-12,6.48,6.84,6.48,6.64,5388495,72991912.00
2010-07-13,6.60,6.70,6.44,6.58,2859015,38070572.00
2010-07-14,6.58,6.81,6.55,6.64,5102220,69275720.00
2010-07-15,6.80,6.80,6.34,6.34,5281355,69769184.00
2010-07-16,6.33,6.37,5.94,6.28,4514254,56336768.00
2010-07-19,6.15,6.34,6.14,6.33,4528935,57775144.00
2010-07-20,6.34,6.63,6.34,6.63,4412213,58404804.00
2010-07-21,6.67,7.03,6.58,7.01,12501672,173607968.00
2010-07-22,6.95,7.14,6.90,7.03,10337476,147056320.00
2010-07-23,7.01,7.05,6.83,6.89,5638534,79060616.00
2010-07-26,6.91,7.33,6.91,7.20,8888153,129200400.00
2010-07-27,7.15,7.35,7.04,7.20,9046811,132288296.00
2010-07-28,7.18,7.55,7.16,7.30,13238473,198191376.00
2010-07-29,7.30,7.35,7.09,7.19,9679229,141088080.00
2010-07-30,7.16,7.26,7.13,7.21,4133287,60343472.00
2010-08-02,7.25,7.37,7.13,7.34,7276115,107004488.00
2010-08-03,7.37,7.43,7.08,7.08,6907086,101105432.00
2010-08-04,7.04,7.29,7.03,7.27,4855220,70584952.00
2010-08-05,7.30,7.58,7.26,7.49,10092177,152454944.00
2010-08-06,7.48,7.95,7.43,7.92,10573458,164713440.00
2010-08-09,7.90,8.10,7.75,8.04,9041418,145153280.00
2010-08-10,8.00,8.19,7.83,7.88,10387102,168418944.00
2010-08-11,7.88,8.05,7.84,7.98,5499065,88446856.00
2010-08-12,7.90,7.98,7.66,7.71,6562349,103332008.00
2010-08-16,7.91,8.18,7.83,8.00,6541835,106346440.00
2010-08-17,8.00,8.28,7.96,8.00,5665752,92725320.00
2010-08-18,7.99,8.12,7.88,8.03,4677180,75709848.00
2010-08-19,8.02,8.39,7.95,8.31,7827771,130791768.00
2010-08-20,8.33,8.33,7.90,7.95,6281355,102615112.00
2010-08-23,7.90,8.05,7.80,7.89,3855007,61608932.00
2010-08-24,7.89,8.30,7.85,8.30,6365357,105243120.00
2010-08-25,8.18,8.37,8.05,8.13,4016290,66516184.00
2010-08-26,8.14,8.25,8.01,8.08,2776001,45443652.00
2010-08-27,8.15,8.33,8.01,8.18,5309336,88336968.00
2010-08-30,8.20,8.54,8.13,8.46,7764840,131584216.00
2010-08-31,8.39,8.50,8.30,8.40,5347812,90775096.00
2010-09-01,8.45,8.63,8.03,8.15,6551874,109780928.00
2010-09-02,8.25,8.27,8.06,8.24,4529145,74940768.00
2010-09-03,8.34,8.58,8.25,8.41,4934832,84020936.00
2010-09-06,8.45,8.50,7.92,7.95,8078133,132998648.00
2010-09-07,7.98,8.08,7.62,7.97,7932847,125588880.00
2010-09-08,7.95,8.20,7.87,8.17,5616389,92119192.00
2010-09-09,8.18,8.42,7.94,7.97,5801813,95747912.00
2010-09-10,7.93,8.05,7.68,8.04,5478476,87181184.00
2010-09-13,7.96,8.26,7.92,8.15,5374867,88600240.00
2010-09-14,8.30,8.79,8.30,8.63,14456953,249377120.00
2010-09-15,8.54,8.56,8.28,8.35,6778454,115521456.00
2010-09-16,8.39,8.48,7.93,8.28,6780723,112453840.00
2010-09-17,8.28,8.34,8.08,8.14,3426881,56984368.00
2010-09-21,8.10,8.10,7.69,7.74,4427280,70100208.00
2010-09-27,7.75,7.88,7.75,7.84,6260388,99255544.00
2010-09-28,7.84,7.94,7.60,7.87,8220522,129531248.00
2010-09-29,7.73,7.84,7.59,7.70,2885286,45049164.00
2010-09-30,7.65,7.83,7.60,7.76,2639462,41496992.00
2010-10-08,7.85,8.01,7.83,7.94,4615212,73949520.00
2010-10-11,7.95,7.99,7.64,7.75,8464093,133158168.00
2010-10-12,7.76,7.88,7.57,7.60,7594242,118425200.00
2010-10-13,7.50,7.74,7.39,7.69,8421578,128422176.00
2010-10-14,7.67,7.74,7.38,7.40,5887399,89782840.00
2010-10-15,7.32,7.53,7.05,7.22,9961584,146530416.00
2010-10-18,7.07,7.23,6.71,6.91,6350309,89310376.00
2010-10-19,6.96,7.22,6.86,7.22,7045902,100568136.00
2010-10-20,7.10,7.36,7.01,7.11,8120784,118436080.00
2010-10-21,7.17,7.30,7.09,7.27,4778773,69572808.00
2010-10-22,7.25,7.53,7.25,7.35,6238216,93750912.00
2010-10-25,7.47,7.52,7.35,7.50,5683103,85957384.00
2010-10-26,7.50,7.56,7.30,7.51,7166634,107806784.00
2010-10-27,7.51,7.75,7.41,7.62,8071780,124767904.00
2010-10-28,7.80,8.00,7.64,7.72,10054814,158824016.00
2010-10-29,7.61,8.50,7.60,8.30,21480169,355118784.00
2010-11-01,8.31,8.63,8.15,8.42,15323659,260055648.00
2010-11-02,8.42,9.16,8.31,8.58,15303601,270776320.00
2010-11-03,8.55,8.89,8.25,8.25,11637906,201462064.00
2010-11-04,8.20,8.59,8.20,8.50,8417285,143994304.00
2010-11-05,8.54,9.00,8.54,8.70,11247627,199872976.00
2010-11-08,8.68,8.99,8.64,8.78,9602189,171349296.00
2010-11-09,8.82,8.95,8.60,8.68,6586047,116482824.00
2010-11-10,8.74,9.56,8.74,9.56,25423959,486702464.00
2010-11-11,9.56,9.65,9.30,9.57,21063830,403461920.00
2010-11-12,9.39,9.48,8.60,8.60,14200756,258813328.00
2010-11-15,8.47,8.68,8.35,8.61,6983032,120293272.00
2010-11-16,8.64,9.07,8.35,8.61,9669636,172216176.00
2010-11-17,8.61,8.62,7.90,7.90,6681692,112468840.00
2010-11-19,8.17,8.68,8.09,8.62,8026563,136875840.00
2010-11-22,8.62,9.32,8.50,9.10,9433030,171782064.00
2010-11-23,9.12,9.30,8.70,9.04,6908071,125895624.00
2010-11-24,8.94,9.22,8.90,9.16,5151292,94777344.00
2010-11-25,9.20,9.34,9.08,9.17,5471631,101910552.00
2010-11-26,9.17,9.20,8.80,8.88,4645252,83724952.00
2010-11-29,8.87,9.30,8.79,9.23,5513895,102117472.00
2010-11-30,9.24,9.30,8.48,8.78,5517880,97999960.00
2010-12-01,8.75,8.95,8.60,8.81,2730487,48733924.00
2010-12-02,8.93,9.08,8.85,8.90,3122905,56736728.00
2010-12-03,8.94,9.31,8.94,9.15,5934769,109787216.00
2010-12-06,9.16,9.25,8.81,8.85,3613284,65369968.00
2010-12-07,8.84,8.84,8.55,8.78,3291444,57843636.00
2010-12-08,8.80,8.85,8.71,8.80,1795200,31879472.00
2010-12-09,8.76,8.77,8.36,8.43,3240981,55840232.00
2010-12-10,8.42,8.65,8.36,8.59,1939380,33533756.00
2010-12-13,8.65,8.96,8.59,8.93,2850518,51013464.00
2010-12-14,9.33,9.54,9.16,9.18,8912048,167398896.00
2010-12-15,9.04,9.40,9.04,9.23,5444420,101801760.00
2010-12-16,9.15,9.27,8.94,9.10,4308618,79063232.00
2010-12-17,9.09,9.32,9.05,9.17,4236096,78894704.00
2010-12-20,9.23,9.29,8.59,8.85,4223556,76061040.00
2010-12-21,8.80,8.98,8.75,8.89,2602093,46821612.00
2010-12-22,8.97,8.97,8.76,8.80,1548813,27663136.00
2010-12-23,8.80,8.87,8.54,8.55,2685703,47257980.00
2010-12-24,8.55,8.55,8.16,8.35,2338850,39642452.00
2010-12-27,8.19,8.48,8.10,8.11,2888845,48538404.00
2010-12-28,8.10,8.10,7.86,7.91,2018635,32465982.00
2010-12-29,7.89,8.09,7.89,8.07,1545693,25075204.00
2010-12-30,8.07,8.14,8.03,8.09,1056760,17279946.00
2010-12-31,8.09,8.38,8.07,8.37,2121721,35649992.00
2011-01-04,8.39,8.55,8.37,8.48,2446511,41886072.00
2011-01-05,8.45,8.54,8.28,8.54,1951961,33155416.00
2011-01-06,8.58,8.75,8.48,8.68,2635312,46006312.00
2011-01-07,8.61,8.68,8.45,8.46,1591579,27599206.00
2011-01-10,8.47,8.54,8.24,8.25,1026427,17406526.00
2011-01-11,8.23,8.31,8.08,8.12,895146,14765814.00
2011-01-12,8.12,8.65,8.08,8.65,2962841,50361936.00
2011-01-13,8.71,8.78,8.58,8.66,2315065,40745412.00
2011-01-14,8.67,8.80,8.53,8.75,2520979,44180884.00
2011-01-17,8.75,8.75,8.21,8.21,1601368,27111108.00
2011-01-18,8.22,8.37,8.22,8.36,848696,14237521.00
2011-01-19,8.32,8.83,8.24,8.80,2463510,43141916.00
2011-01-20,8.81,9.19,8.78,9.01,5892042,106822800.00
2011-01-21,8.93,9.03,8.53,8.70,5180202,91253280.00
2011-01-24,8.66,8.87,8.15,8.19,3527205,60288988.00
2011-01-25,8.19,8.30,7.80,7.97,2127575,34220616.00
2011-01-26,7.98,8.14,7.98,8.03,1471533,23955932.00
2011-01-27,8.04,8.15,7.81,8.12,2782605,45037372.00
2011-01-28,8.12,8.12,7.89,8.11,2229573,36144076.00
2011-01-31,8.14,8.35,8.14,8.25,1705955,28432822.00
2011-02-01,8.93,9.09,8.68,8.73,13394894,243262128.00
2011-02-09,8.65,8.65,8.35,8.35,8808112,150832912.00
2011-02-10,8.26,8.70,8.15,8.62,5303647,90711656.00
2011-02-11,8.54,8.85,8.51,8.63,4357118,76676032.00
2011-02-14,8.58,8.80,8.45,8.73,3494566,61135644.00
2011-02-15,8.73,9.04,8.63,8.85,5981120,107044440.00
2011-02-16,8.78,9.05,8.76,8.99,5129892,92599064.00
2011-02-17,9.01,9.15,8.91,9.15,6598919,120900504.00
2011-02-18,9.15,9.97,9.14,9.66,16606167,321950144.00
2011-02-21,9.67,10.10,9.56,10.00,13526586,269041824.00
2011-02-22,9.90,9.97,9.45,9.58,8672026,169608944.00
2011-02-23,9.56,9.78,9.36,9.65,5836396,112611960.00
2011-02-24,9.65,10.00,9.63,9.77,6530453,129904064.00
2011-03-04,10.40,10.40,9.30,9.36,11255330,219771376.00
2011-03-07,9.36,9.45,9.10,9.25,7694857,143702880.00
2011-03-08,9.16,9.47,9.15,9.43,5090775,95879456.00
2011-03-09,9.43,9.53,9.31,9.42,2995474,56914320.00
2011-03-10,9.42,9.59,9.34,9.38,3497407,66900976.00
2011-03-11,9.31,9.45,9.15,9.18,3496659,65799832.00
2011-03-14,9.17,9.34,8.94,9.24,3382133,62603872.00
2011-03-15,9.20,9.39,8.99,9.39,4195713,78394920.00
2011-03-16,9.45,9.64,9.45,9.53,3538963,68094840.00
2011-03-17,9.53,9.76,9.37,9.52,4337975,83925208.00
2011-03-18,9.65,9.70,9.46,9.60,2621751,50549228.00
2011-03-21,9.55,9.63,9.10,9.14,5516562,103927520.00
2011-03-22,9.15,9.25,9.00,9.05,3741948,68705280.00
2011-03-23,9.03,9.25,9.02,9.10,2532180,46610768.00
2011-03-24,9.11,9.23,9.04,9.12,2064481,38148868.00
2011-03-25,9.21,9.22,9.09,9.11,2900528,53522168.00
2011-03-28,9.10,9.20,9.03,9.18,2610044,48103244.00
2011-03-29,9.31,9.63,9.31,9.49,7433456,142575536.00
2011-03-30,9.53,9.64,9.34,9.49,3484413,66748540.00
2011-03-31,9.46,9.52,9.20,9.22,2596872,49019720.00
2011-04-01,9.17,9.47,9.17,9.40,2768784,52521884.00
2011-04-06,9.34,9.45,9.19,9.23,3317089,62310704.00
2011-04-07,9.17,9.30,8.95,9.00,4576872,83721024.00
2011-04-08,9.03,9.15,8.99,9.07,2932890,53725360.00
2011-04-11,9.11,9.22,9.04,9.18,2407667,44486132.00
2011-04-12,9.16,9.33,9.02,9.10,2656247,49320388.00
2011-04-13,9.05,9.20,9.00,9.16,1421799,26253316.00
2011-04-14,9.18,9.33,9.18,9.24,1848879,34560844.00
2011-04-15,9.30,9.30,9.04,9.08,1863466,34332856.00
2011-04-18,9.09,9.10,8.94,9.02,2382007,43290736.00
2011-04-19,8.99,9.11,8.95,9.03,2115311,38683548.00
2011-04-21,9.31,9.94,9.30,9.83,14841322,292162816.00
2011-04-22,9.70,10.01,9.66,9.74,7108159,141216544.00
2011-04-25,9.71,9.90,9.49,9.53,4790173,93156408.00
2011-04-26,9.55,9.55,9.05,9.10,4937590,91959888.00
2011-04-27,9.13,9.22,9.01,9.05,2975863,54671980.00
2011-04-28,9.13,9.13,8.69,8.72,2719941,48986760.00
2011-04-29,8.80,9.19,8.61,9.13,2523052,45410772.00
2011-05-03,9.12,9.44,9.04,9.33,2601537,48716408.00
2011-05-04,9.23,9.35,9.10,9.12,1950448,36306172.00
2011-05-05,9.33,9.48,9.25,9.41,5542231,105141192.00
2011-05-06,9.45,9.50,9.28,9.48,4693199,89383464.00
2011-05-09,9.53,9.54,9.24,9.40,3983371,75337200.00
2011-05-10,9.40,9.63,9.28,9.60,4129724,78768832.00
2011-05-11,9.59,9.84,9.53,9.68,8078274,158372304.00
2011-05-12,9.55,9.79,9.15,9.15,9256872,88357448.00
2011-05-13,9.13,9.30,8.87,9.17,6304461,57674340.00
2011-05-16,9.25,9.25,8.91,8.91,6552650,59222704.00
2011-05-17,8.82,9.00,8.76,8.90,4073063,36458188.00
2011-05-18,8.90,9.04,8.83,8.90,5977318,53761076.00
2011-05-19,8.91,9.12,8.69,8.71,6719808,59997548.00
2011-05-20,8.65,8.71,8.31,8.37,8104081,68887288.00
2011-05-23,8.49,8.49,8.04,8.05,5065973,41967392.00
2011-05-24,8.05,8.34,7.85,8.28,4913945,39751372.00
2011-05-25,8.28,8.28,7.90,8.00,5126147,41369552.00
2011-05-26,8.07,8.11,7.81,7.81,3644872,29139904.00
2011-05-27,7.79,7.88,7.07,7.21,6565894,49439316.00
2011-05-30,7.16,7.31,6.90,6.97,7896897,56358368.00
2011-05-31,7.02,7.11,6.75,7.11,12292512,85777600.00
2011-06-01,7.08,7.20,7.02,7.12,8445715,60523248.00
2011-06-02,7.02,7.84,6.90,7.50,17079993,127698872.00
2011-06-07,7.62,8.17,7.55,7.86,13261457,104803632.00
2011-06-08,7.75,7.93,7.66,7.84,8087808,63638064.00
2011-06-09,7.84,7.90,7.67,7.69,7774659,60757016.00
2011-06-10,7.64,7.98,7.50,7.84,9080578,71085768.00
2011-06-13,7.73,8.20,7.70,8.13,11668234,94316592.00
2011-06-14,8.09,8.15,7.99,8.07,8953122,72656256.00
2011-06-15,8.05,8.17,7.83,7.85,6704866,53978400.00
2011-06-16,7.79,7.83,7.52,7.53,5477303,42193016.00
2011-06-17,7.50,7.60,7.40,7.45,3518751,26493550.00
2011-06-20,7.42,7.45,7.25,7.35,3304471,24423350.00
2011-06-21,7.35,7.48,7.33,7.38,4411625,32856260.00
2011-06-22,7.43,7.45,7.31,7.37,2335007,17345566.00
2011-06-23,7.35,7.71,7.28,7.65,10245076,77736472.00
2011-06-24,7.64,7.99,7.60,7.90,13513920,106447928.00
2011-06-27,7.97,8.03,7.82,7.90,12848380,102295488.00
2011-06-28,7.91,8.11,7.75,7.99,15235780,122108744.00
2011-06-29,7.99,7.99,7.76,7.78,8326174,66085748.00
2011-06-30,7.70,7.93,7.70,7.80,8730297,68837560.00
2011-07-01,7.87,8.00,7.82,7.85,7380925,58650412.00
2011-07-04,7.91,8.21,7.87,8.19,17113823,138708576.00
2011-07-05,8.18,8.63,8.05,8.43,24416694,205993456.00
2011-07-06,8.55,9.25,8.30,9.22,37033461,323826784.00
2011-07-07,9.05,9.30,8.90,8.92,34418230,314141920.00
2011-07-08,8.91,9.00,8.71,8.87,15717949,139956448.00
2011-07-11,8.79,9.07,8.76,9.02,16263497,147049072.00
2011-07-12,8.94,9.04,8.76,8.95,13514453,120725296.00
2011-07-13,8.90,9.12,8.90,9.04,11055845,100286528.00
2011-07-14,9.00,9.18,8.99,9.14,12406851,113363272.00
2011-07-15,9.10,9.24,8.99,9.12,14027020,128507560.00
2011-07-19,9.03,9.05,8.70,8.79,12094662,107370992.00
2011-07-20,8.86,8.92,8.65,8.73,7888899,69642192.00
2011-07-21,8.73,8.79,8.52,8.54,7740509,67139064.00
2011-07-22,8.55,8.71,8.55,8.60,4856214,42170004.00
2011-07-25,8.49,8.63,8.01,8.05,12407771,102616952.00
2011-07-26,8.05,8.14,7.93,8.11,8138173,65872000.00
2011-07-27,8.09,8.27,8.00,8.20,6252382,51272748.00
2011-07-28,8.10,8.14,7.94,8.03,6823517,54939292.00
2011-07-29,8.07,8.12,7.95,8.02,4634218,37424804.00
2011-08-01,8.05,8.18,7.96,8.14,5403591,44026952.00
2011-08-02,8.13,8.13,7.95,8.11,3465851,27963254.00
2011-08-03,8.03,8.20,7.96,8.12,3873542,31586004.00
2011-08-04,8.15,8.30,8.15,8.19,4811161,39797964.00
2011-08-05,7.95,8.03,7.75,7.96,6372813,50990664.00
2011-08-08,7.81,7.85,7.16,7.25,8981959,67473056.00
2011-08-09,6.96,7.34,6.72,7.28,7653847,54568580.00
2011-08-10,7.40,7.57,7.30,7.32,5894468,44235280.00
2011-08-11,7.10,7.45,7.02,7.45,4817248,35436256.00
2011-08-12,7.55,7.67,7.49,7.59,5504178,42004224.00
2011-08-15,7.58,7.82,7.58,7.70,4951311,38421100.00
2011-08-16,7.72,7.80,7.60,7.65,4366903,33948296.00
2011-08-17,7.67,7.70,7.51,7.57,3868148,29579296.00
2011-08-18,7.61,7.66,7.41,7.45,3554743,27060346.00
2011-08-19,7.25,7.31,7.13,7.26,4923619,35662424.00
2011-08-22,7.20,7.32,7.15,7.22,2625294,19138624.00
2011-08-23,7.28,7.41,7.23,7.37,4705262,34697940.00
2011-08-24,7.37,7.50,7.30,7.31,4263690,31747002.00
2011-08-25,7.31,7.58,7.26,7.58,6013152,44984240.00
2011-08-26,7.56,7.71,7.47,7.68,4822329,36887312.00
2011-08-29,7.69,7.70,7.34,7.38,7246683,54752484.00
2011-08-30,7.44,7.56,7.15,7.25,5999278,44608412.00
2011-08-31,7.27,7.31,7.10,7.25,3355097,24361828.00
2011-09-01,7.25,7.31,6.95,7.06,5502486,39408112.00
2011-09-02,7.01,7.10,6.89,7.03,5660664,39695784.00
2011-09-05,6.95,6.96,6.74,6.77,2851118,19594492.00
2011-09-06,6.76,6.84,6.72,6.77,3423492,23354306.00
2011-09-07,6.74,6.90,6.70,6.87,4280648,29446752.00
2011-09-09,6.84,6.98,6.76,6.83,3190097,22045162.00
2011-09-13,6.75,6.75,6.50,6.56,3849992,25562160.00
2011-09-14,6.60,6.69,6.25,6.53,6608222,42893840.00
2011-09-15,6.55,6.60,6.40,6.40,5646189,37078352.00
2011-09-16,6.45,6.47,6.30,6.31,5882289,37746352.00
2011-09-19,6.28,6.36,6.20,6.22,3642654,23021120.00
2011-09-20,6.23,6.37,6.16,6.29,4110739,25948148.00
2011-09-21,6.31,6.58,6.23,6.55,9557990,62171360.00
2011-09-22,6.50,6.57,6.24,6.26,5769102,37145296.00
2011-09-23,6.15,6.23,6.03,6.13,5144565,31729996.00
2011-09-26,6.05,6.19,5.94,6.01,3621670,22145830.00
2011-09-27,6.07,6.12,5.93,6.03,4089133,24795358.00
2011-09-28,6.09,6.12,5.87,5.89,4176592,25224194.00
2011-09-29,5.87,5.87,5.53,5.69,6408750,36430904.00
2011-09-30,5.60,5.67,5.37,5.52,5616745,31120776.00
2011-10-10,5.53,5.58,5.36,5.43,3202351,17564786.00
2011-10-11,5.56,5.64,5.28,5.48,4334723,23881568.00
2011-10-12,5.42,6.03,5.35,6.03,15027603,88898248.00
2011-10-13,5.99,6.28,5.94,6.18,17324352,106361392.00
2011-10-14,6.12,6.16,5.94,6.03,9190838,55854076.00
2011-10-17,6.07,6.21,6.02,6.15,9094981,56083756.00
2011-10-18,6.10,6.10,5.84,5.86,8190747,49263228.00
2011-10-19,5.87,5.92,5.67,5.88,4669515,27365908.00
2011-10-20,5.88,5.88,5.58,5.63,4744829,27223602.00
2011-10-21,5.60,5.70,5.55,5.70,3233027,18415800.00
2011-10-24,5.69,5.90,5.52,5.88,5502578,32039574.00
2011-10-25,5.82,6.24,5.82,6.15,12746054,78195240.00
2011-10-26,6.06,6.22,6.05,6.09,8398059,51814240.00
2011-10-27,6.07,6.24,6.06,6.08,6675232,41328952.00
2011-10-28,6.15,6.33,6.08,6.30,11059207,69477496.00
2011-10-31,6.29,6.35,6.17,6.23,7308442,46014640.00
2011-11-01,6.16,6.22,6.05,6.20,6314031,39131032.00
2011-11-02,6.05,6.34,6.03,6.33,8136619,50787848.00
2011-11-03,6.36,6.54,6.25,6.27,14275092,92247728.00
2011-11-04,6.29,6.45,6.20,6.35,13899007,88510320.00
2011-11-07,6.30,6.43,6.28,6.29,8179486,52363864.00
2011-11-08,6.31,6.36,6.10,6.16,7524511,47150900.00
2011-11-09,6.21,6.29,6.12,6.29,6129068,38356792.00
2011-11-10,6.20,6.27,6.10,6.11,5474513,34045420.00
2011-11-11,6.11,6.16,6.01,6.05,6286930,38590240.00
2011-11-14,6.12,6.31,6.06,6.31,8812120,55318664.00
2011-11-15,6.30,6.36,6.21,6.32,8090448,51213032.00
2011-11-16,6.31,6.36,6.06,6.08,7044425,43936524.00
2011-11-17,6.08,6.13,6.01,6.03,5881591,35962460.00
2011-11-18,5.98,5.98,5.70,5.73,8078719,47339364.00
2011-11-21,5.72,5.79,5.67,5.79,2874476,16629865.00
2011-11-22,5.76,5.80,5.68,5.73,3478563,20153536.00
2011-11-23,5.75,5.78,5.62,5.63,3183404,18268544.00
2011-11-24,5.60,5.62,5.46,5.58,3916715,21917928.00
2011-11-25,5.57,5.63,5.47,5.50,2737393,15311618.00
2011-11-28,5.55,5.55,5.44,5.48,3007226,16653968.00
2011-11-29,5.56,5.62,5.49,5.61,5119549,28659568.00
2011-11-30,5.60,5.60,5.11,5.20,5939565,32110672.00
2011-12-01,5.37,5.47,5.30,5.31,5963969,32438266.00
2011-12-02,5.32,5.32,5.11,5.15,3263757,17081172.00
2011-12-05,5.16,5.19,4.93,4.96,3515518,17820630.00
2011-12-06,4.95,5.02,4.91,4.98,2073763,10390697.00
2011-12-07,4.99,5.02,4.94,4.97,2248920,11305168.00
2011-12-08,4.95,5.07,4.90,4.98,2614940,13143051.00
2011-12-09,4.94,4.98,4.90,4.93,1903350,9480999.00
2011-12-12,4.95,5.02,4.88,4.89,2908290,14480587.00
2011-12-13,4.85,4.89,4.57,4.61,3132528,14839553.00
2011-12-14,4.58,4.62,4.47,4.50,3082789,14140480.00
2011-12-15,4.49,4.49,4.30,4.34,3545754,15697126.00
2011-12-16,4.32,4.65,4.32,4.63,3443769,15558302.00
2011-12-19,4.58,4.73,4.50,4.71,5137570,23802452.00
2011-12-20,4.72,4.80,4.61,4.62,3866186,18387480.00
2011-12-21,4.71,4.72,4.41,4.41,2711931,12609586.00
2011-12-22,4.33,4.53,4.21,4.44,3423663,15053560.00
2011-12-23,4.44,4.57,4.40,4.51,3268407,14894855.00
2011-12-26,4.48,4.60,4.46,4.56,3765664,17317610.00
2011-12-27,4.58,4.58,4.38,4.45,2632552,11879729.00
2011-12-28,4.45,4.55,4.36,4.55,2761435,12452427.00
2011-12-29,4.57,4.62,4.52,4.55,3517765,16239441.00
2011-12-30,4.55,4.65,4.53,4.56,3041481,14058869.00
2012-01-04,4.58,4.62,4.33,4.33,2910141,13199946.00
2012-01-05,4.32,4.32,4.13,4.13,2242141,9584302.00
2012-01-06,4.13,4.18,4.03,4.17,2246712,9334902.00
2012-01-09,4.20,4.44,4.15,4.42,4150591,18226926.00
2012-01-10,4.42,4.69,4.40,4.62,5480530,25180874.00
2012-01-11,4.61,4.72,4.52,4.66,5966019,27904616.00
2012-01-12,4.64,4.80,4.62,4.62,4252381,20208182.00
2012-01-13,4.57,4.63,4.35,4.41,4683814,21244336.00
2012-01-16,4.35,4.42,4.25,4.27,1812712,7921202.00
2012-01-17,4.25,4.55,4.25,4.55,3077197,13828498.00
2012-01-18,4.56,4.63,4.43,4.46,3247200,14901529.00
2012-01-19,4.47,4.55,4.41,4.47,2167751,9828639.00
2012-01-20,4.47,4.54,4.46,4.51,1968996,8965683.00
2012-01-30,4.53,4.57,4.47,4.49,2585731,11840483.00
2012-01-31,4.47,4.48,4.27,4.33,3893850,17087958.00
2012-02-01,4.33,4.38,4.25,4.28,2170399,9493940.00
2012-02-02,4.29,4.35,4.24,4.34,4301527,18701924.00
2012-02-06,4.45,4.78,4.45,4.78,13105864,61895284.00
2012-02-07,4.83,4.93,4.74,4.83,25278302,123417016.00
2012-02-08,4.82,4.90,4.66,4.88,15075130,73254880.00
2012-02-09,4.84,5.32,4.79,5.04,20722716,106018552.00
2012-02-10,4.97,5.12,4.96,5.03,11069776,56220004.00
2012-02-13,4.98,5.21,4.91,5.14,12446388,63853340.00
2012-02-14,5.14,5.15,5.02,5.10,6651235,34079628.00
2012-02-15,5.10,5.29,5.00,5.20,12885392,66957292.00
2012-02-16,5.14,5.25,5.00,5.08,12331180,63762888.00
2012-02-17,5.09,5.13,4.97,5.10,6984254,35628860.00
2012-02-20,5.14,5.22,5.10,5.11,8884309,46226684.00
2012-02-21,5.10,5.23,5.05,5.23,10104746,52585044.00
2012-02-22,5.24,5.38,5.21,5.32,15654641,83750688.00
2012-02-23,5.29,5.42,5.23,5.34,14011654,75437296.00
2012-02-24,5.34,5.37,5.23,5.33,10265224,54926508.00
2012-02-27,5.35,5.40,5.28,5.29,13068612,70375424.00
2012-02-28,5.26,5.28,5.05,5.13,10057096,52288808.00
2012-02-29,5.09,5.18,5.03,5.06,5904538,30359410.00
2012-03-01,5.06,5.16,5.05,5.10,4856539,25051710.00
2012-03-02,5.13,5.23,5.07,5.20,6335187,33148230.00
2012-03-05,5.22,5.36,5.19,5.22,7938529,42223936.00
2012-03-06,5.25,5.35,5.05,5.10,8001962,41337748.00
2012-03-07,5.04,5.22,5.01,5.13,7708369,39914460.00
2012-03-08,5.23,5.65,5.21,5.65,22469517,125891160.00
2012-03-09,5.88,5.90,5.63,5.71,43930586,254671008.00
2012-03-12,5.65,5.70,5.55,5.61,18458931,104570800.00
2012-03-13,5.59,5.68,5.56,5.63,14296059,81152288.00
2012-03-14,5.67,5.67,5.27,5.29,21892774,121842480.00
2012-03-15,5.25,5.33,4.96,5.07,10992019,56951552.00
2012-03-16,5.05,5.30,5.02,5.30,10082537,52518636.00
2012-03-19,5.27,5.51,5.21,5.46,10655991,57711600.00
2012-03-20,5.41,5.46,5.20,5.23,6903389,37001112.00
2012-03-21,5.23,5.36,5.17,5.34,5313767,28357986.00
2012-03-22,5.35,5.36,5.20,5.27,3787248,20140018.00
2012-03-23,5.26,5.27,5.00,5.10,6436203,33398550.00
2012-03-26,5.08,5.13,5.04,5.08,3097681,15902462.00
2012-03-27,5.10,5.14,5.01,5.05,4857771,24895782.00
2012-03-28,5.03,5.03,4.55,4.62,7932675,38238444.00
2012-03-29,4.62,4.68,4.51,4.54,5093981,23608552.00
2012-03-30,4.59,4.62,4.52,4.58,3095365,14247636.00
2012-04-05,4.57,4.75,4.56,4.72,3387812,16041714.00
2012-04-06,4.73,4.89,4.67,4.82,5379619,25979648.00
2012-04-09,4.79,4.84,4.70,4.75,3807363,18362152.00
2012-04-10,4.73,4.87,4.59,4.87,4156462,19807188.00
2012-04-11,4.84,4.88,4.73,4.83,3531735,17186998.00
2012-04-12,4.83,4.98,4.79,4.95,6188157,30565686.00
2012-04-13,4.98,5.10,4.94,5.00,5744288,29166920.00
2012-04-16,4.95,5.19,4.88,5.08,6634962,33767448.00
2012-04-17,5.08,5.11,4.95,4.97,5895469,29859630.00
2012-04-18,4.96,5.13,4.96,5.07,6726260,34333104.00
2012-04-20,5.17,5.58,5.17,5.29,23858626,130460104.00
2012-04-23,5.15,5.25,5.05,5.11,13185157,68400944.00
2012-04-24,5.05,5.08,4.78,4.92,10286827,51365040.00
2012-04-25,4.90,5.03,4.83,4.98,6990819,34892180.00
2012-04-26,4.98,5.00,4.83,4.86,7724264,38115068.00
2012-04-27,4.85,4.92,4.81,4.84,4204782,20638270.00
2012-05-02,4.90,4.96,4.86,4.87,4320488,21387258.00
2012-05-03,4.89,4.95,4.75,4.82,6045180,29442996.00
2012-05-04,4.85,5.00,4.85,4.94,7589430,37732496.00
2012-05-07,4.94,4.99,4.89,4.95,5052759,25166458.00
2012-05-08,4.97,5.00,4.90,4.98,6471862,32437958.00
2012-05-09,4.95,5.30,4.86,5.01,13801407,70549512.00
2012-05-10,4.93,5.00,4.83,4.86,7814872,38778372.00
2012-05-11,4.86,4.97,4.81,4.85,4731100,23431658.00
2012-05-14,4.89,4.93,4.82,4.85,4482554,22044958.00
2012-05-15,4.84,4.86,4.71,4.80,4941986,23860774.00
2012-05-16,4.93,5.09,4.82,4.82,7510273,37468112.00
2012-05-17,4.75,4.91,4.71,4.91,6632031,32455016.00
2012-05-18,4.85,4.89,4.79,4.80,3564470,17406730.00
2012-05-21,4.83,4.83,4.71,4.75,3154705,15199291.00
2012-05-22,4.81,4.90,4.75,4.80,5376016,26135722.00
2012-05-23,4.75,4.83,4.59,4.70,4844804,23162170.00
2012-05-24,4.71,4.78,4.67,4.70,2963576,14125712.00
2012-05-25,4.73,4.73,4.60,4.62,2839677,13321678.00
2012-05-28,4.63,4.69,4.46,4.68,2875322,13303100.00
2012-05-29,4.69,4.88,4.66,4.80,6464479,31331872.00
2012-05-30,4.79,4.84,4.69,4.81,4148743,20057868.00
2012-05-31,4.81,4.85,4.77,4.78,2892815,13893873.00
2012-06-01,4.79,4.82,4.73,4.77,2665250,12704708.00
2012-06-04,4.58,4.72,4.57,4.59,4312444,20001486.00
2012-06-05,4.59,4.65,4.54,4.55,2310882,10570898.00
2012-06-06,4.55,4.59,4.45,4.49,2617879,11799851.00
2012-06-07,4.53,4.56,4.42,4.44,2572822,11550135.00
2012-06-08,4.49,4.75,4.42,4.49,5427433,24596592.00
2012-06-11,4.48,4.56,4.45,4.54,2598976,11711634.00
2012-06-12,4.51,4.51,4.44,4.45,2047518,9153361.00
2012-06-13,4.46,4.57,4.45,4.54,2490952,11255080.00
2012-06-14,4.58,4.58,4.49,4.49,2204215,10001406.00
2012-06-15,4.49,4.54,4.43,4.47,3258077,14568827.00
2012-06-18,4.48,4.54,4.45,4.50,2530101,11383612.00
2012-06-19,4.51,4.52,4.45,4.46,1893558,8478413.00
2012-06-20,4.51,4.54,4.45,4.47,2540215,11416225.00
2012-06-21,4.46,4.49,4.39,4.42,2362453,10462199.00
2012-06-25,4.42,4.45,4.33,4.34,2125139,9338526.00
2012-06-26,4.31,4.40,4.25,4.40,2637095,11413765.00
2012-06-27,4.52,4.70,4.36,4.43,9289823,41967108.00
2012-06-28,4.60,4.60,4.26,4.27,5139797,22555718.00
2012-06-29,4.13,4.24,4.13,4.22,3271556,13660856.00
2012-07-02,4.26,4.27,4.20,4.23,2264483,9573925.00
2012-07-03,4.23,4.23,4.17,4.20,2447032,10281054.00
2012-07-04,4.20,4.23,4.13,4.14,1875974,7829489.00
2012-07-05,4.14,4.15,4.03,4.03,2048776,8301187.00
2012-07-06,4.05,4.12,3.94,4.11,2808875,11335418.00
2012-07-09,4.08,4.09,3.92,3.92,2333526,9341824.00
2012-07-10,3.92,3.94,3.87,3.90,1511253,5891844.00
2012-07-11,3.90,3.95,3.77,3.84,4399039,16833186.00
2012-07-12,3.82,3.83,3.69,3.76,7449917,27841540.00
2012-07-13,3.74,3.77,3.70,3.72,2893883,10805005.00
2012-07-16,3.70,3.74,3.47,3.48,4579276,16289862.00
2012-07-17,3.51,3.64,3.50,3.55,3708615,13217735.00
2012-07-18,3.54,3.66,3.52,3.65,3439095,12297312.00
2012-07-19,3.63,3.79,3.59,3.79,5171627,19153692.00
2012-07-20,3.76,3.79,3.67,3.74,3529650,13184913.00
2012-07-23,3.73,3.73,3.62,3.68,2085274,7643874.50
2012-07-24,3.62,3.77,3.58,3.70,3231722,11962050.00
2012-07-25,3.69,3.71,3.58,3.60,2650385,9658265.00
2012-07-26,3.58,3.74,3.58,3.62,2350192,8557592.00
2012-07-27,3.63,3.65,3.59,3.61,1080786,3911338.00
2012-07-30,3.62,3.65,3.50,3.52,2032408,7213900.50
2012-07-31,3.53,3.53,3.41,3.43,1614907,5563569.00
2012-08-01,3.41,3.51,3.41,3.49,1391763,4843995.00
2012-08-02,3.48,3.53,3.46,3.47,1360256,4743212.50
2012-08-03,3.47,3.58,3.47,3.57,1835423,6497444.50
2012-08-06,3.54,3.65,3.52,3.64,2150779,7783625.50
2012-08-07,3.65,3.73,3.60,3.70,3215998,11867147.00
2012-08-08,3.70,3.77,3.66,3.67,3303933,12245447.00
2012-08-09,3.67,3.73,3.65,3.72,2535984,9386385.00
2012-08-10,3.72,3.77,3.69,3.73,3500393,13086930.00
2012-08-13,3.71,3.73,3.62,3.66,3319702,12174764.00
2012-08-14,3.66,3.77,3.61,3.77,4034008,14936913.00
2012-08-15,3.75,3.94,3.72,3.78,9909453,38003992.00
2012-08-16,3.70,3.78,3.62,3.75,5129788,18928006.00
2012-08-17,3.71,3.72,3.62,3.69,1844489,6769658.50
2012-08-20,3.65,3.68,3.61,3.66,1902989,6932627.00
2012-08-21,3.65,3.76,3.63,3.75,3094939,11514112.00
2012-08-22,4.00,4.13,3.82,3.85,16546535,65989036.00
2012-08-23,3.74,3.82,3.68,3.76,10812421,40443292.00
2012-08-24,3.73,3.75,3.67,3.67,3156789,11679985.00
2012-08-27,3.65,3.67,3.49,3.49,3842145,13617829.00
2012-08-28,3.50,3.57,3.49,3.55,1748475,6164196.50
2012-08-29,3.53,3.67,3.47,3.56,4488847,15991772.00
2012-08-30,3.52,3.61,3.45,3.47,3423769,11991699.00
2012-08-31,3.45,3.52,3.43,3.47,1820540,6332202.50
2012-09-03,3.47,3.54,3.45,3.52,2066785,7253782.00
2012-09-04,3.53,3.53,3.46,3.47,2559005,8937982.00
2012-09-05,3.47,3.54,3.44,3.50,1781452,6223841.00
2012-09-06,3.50,3.55,3.48,3.54,3642186,12811522.00
2012-09-07,3.54,3.73,3.54,3.66,6826243,24879612.00
2012-09-10,3.66,3.77,3.65,3.74,6486762,24121100.00
2012-09-11,3.72,3.75,3.68,3.70,3486686,12895086.00
2012-09-12,3.72,3.92,3.71,3.79,9889226,37711352.00
2012-09-13,3.79,3.91,3.72,3.80,9502858,36216116.00
2012-09-14,3.82,3.92,3.75,3.86,9727295,37490292.00
2012-09-17,3.85,3.86,3.62,3.62,5884479,22083132.00
2012-09-18,3.62,3.76,3.59,3.66,4983818,18383230.00
2012-09-19,3.66,4.03,3.60,3.83,15863914,61326140.00
2012-09-20,3.74,3.82,3.66,3.68,9433946,35215880.00
2012-09-21,3.65,3.69,3.48,3.54,5900883,20906798.00
2012-09-24,3.50,3.59,3.49,3.55,2829361,10028999.00
2012-09-25,3.52,3.58,3.48,3.48,3303433,11605451.00
2012-09-26,3.51,3.51,3.30,3.36,3860868,13078608.00
2012-09-27,3.36,3.45,3.33,3.43,4278210,14527772.00
2012-09-28,3.42,3.49,3.38,3.48,2495706,8605664.00
2012-10-08,3.50,3.51,3.44,3.47,1843982,6402761.50
2012-10-09,3.48,3.57,3.47,3.54,3521309,12440743.00
2012-10-10,3.51,3.64,3.51,3.62,4891032,17551644.00
2012-10-11,3.61,3.63,3.52,3.54,3430904,12257479.00
2012-10-12,3.54,3.59,3.48,3.53,2660824,9390261.00
2012-10-15,3.53,3.54,3.38,3.44,2329997,8056673.00
2012-10-16,3.44,3.49,3.40,3.44,2969425,10238675.00
2012-10-17,3.44,3.46,3.37,3.45,2865245,9801357.00
2012-10-18,3.45,3.80,3.45,3.65,22917222,85169424.00
2012-10-19,3.56,3.66,3.54,3.59,12521698,44921784.00
2012-10-22,3.57,3.60,3.52,3.59,4146966,14776475.00
2012-10-23,3.59,3.64,3.55,3.59,6565429,23573620.00
2012-10-24,3.60,3.80,3.56,3.74,12564513,46250576.00
2012-10-25,3.80,3.86,3.67,3.74,11885449,44359892.00
2012-10-26,3.73,3.73,3.58,3.62,7356529,26764292.00
2012-10-29,3.60,3.67,3.53,3.56,4070632,14659774.00
2012-10-30,3.57,3.63,3.54,3.61,2618712,9370542.00
2012-10-31,3.65,3.66,3.56,3.62,3220029,11629991.00
2012-11-01,3.60,3.72,3.59,3.69,4930061,18062516.00
2012-11-02,3.70,3.71,3.63,3.67,4808883,17589476.00
2012-11-05,3.64,3.73,3.62,3.71,4746136,17454992.00
2012-11-06,3.70,3.70,3.59,3.64,3612790,13107320.00
2012-11-07,3.64,3.76,3.61,3.72,6837288,25307268.00
2012-11-08,3.62,3.68,3.51,3.51,4483338,16182960.00
2012-11-09,3.52,3.53,3.44,3.47,4247349,14807528.00
2012-11-12,3.47,3.57,3.47,3.54,2231997,7872396.00
2012-11-13,3.54,3.54,3.41,3.43,2822321,9749395.00
2012-11-14,3.40,3.46,3.39,3.45,1355974,4649158.50
2012-11-15,3.43,3.44,3.35,3.36,1550902,5275113.00
2012-11-16,3.38,3.38,3.32,3.34,1356686,4534999.50
2012-11-19,3.34,3.41,3.32,3.41,1579961,5306846.00
2012-11-20,3.43,3.43,3.37,3.38,1054750,3577203.00
2012-11-21,3.37,3.43,3.35,3.42,1205945,4095336.50
2012-11-22,3.41,3.41,3.36,3.41,1566533,5306874.50
2012-11-23,3.40,3.44,3.38,3.39,1269599,4330596.50
2012-11-26,3.39,3.41,3.33,3.38,1383899,4660055.50
2012-11-27,3.37,3.38,3.19,3.19,2460267,8018363.50
2012-11-28,3.19,3.19,3.09,3.12,2285996,7130395.00
2012-11-29,3.12,3.14,3.02,3.03,2240877,6932708.00
2012-11-30,3.03,3.08,3.03,3.05,1820178,5560849.50
2012-12-03,3.06,3.08,2.94,2.94,2340721,7055506.50
2012-12-04,2.93,3.00,2.89,3.00,2123153,6264060.00
2012-12-05,2.99,3.14,2.97,3.12,3289504,10166376.00
2012-12-06,3.15,3.15,3.07,3.10,2139438,6635015.50
2012-12-07,3.10,3.19,3.07,3.18,3983129,12562690.00
2012-12-10,3.22,3.25,3.17,3.24,3151674,10141557.00
2012-12-11,3.25,3.25,3.16,3.19,3763597,12036800.00
2012-12-12,3.19,3.23,3.15,3.19,2994990,9527544.00
2012-12-13,3.19,3.24,3.16,3.23,3981634,12777925.00
2012-12-14,3.20,3.43,3.19,3.33,8651773,28723418.00
2012-12-17,3.35,3.36,3.30,3.33,4928613,16391328.00
2012-12-18,3.36,3.39,3.23,3.29,7694064,25621802.00
2012-12-19,3.40,3.50,3.30,3.33,5806891,19536782.00
2012-12-20,3.38,3.46,3.33,3.37,8221062,27861036.00
2012-12-21,3.35,3.38,3.28,3.31,6177375,20562748.00
2012-12-24,3.29,3.33,3.26,3.33,3781785,12499904.00
2012-12-25,3.33,3.44,3.30,3.39,8203367,27697642.00
2012-12-26,3.39,3.41,3.34,3.40,5270143,17828098.00
2012-12-27,3.40,3.55,3.37,3.46,16889032,58374676.00
2012-12-28,3.42,3.44,3.37,3.42,7348407,24991872.00
2012-12-31,3.40,3.44,3.38,3.39,6152931,20940504.00
2013-01-04,3.42,3.53,3.36,3.45,15186473,52276000.00
2013-01-07,3.44,3.53,3.40,3.53,11494257,39815932.00
2013-01-08,3.58,3.58,3.47,3.52,10913005,38520840.00
2013-01-09,3.53,3.62,3.47,3.55,10776734,38232292.00
2013-01-10,3.56,3.60,3.51,3.60,9254198,33065718.00
2013-01-11,3.61,3.63,3.43,3.46,9751699,34458880.00
2013-01-14,3.43,3.80,3.41,3.63,20680017,74919920.00
2013-01-15,3.61,3.99,3.59,3.99,37910854,146185360.00
2013-01-16,4.07,4.07,3.84,3.90,34036711,133581848.00
2013-01-17,3.93,3.94,3.73,3.75,16005826,60945916.00
2013-01-18,3.76,3.81,3.72,3.78,8911523,33588780.00
2013-01-21,3.75,3.82,3.73,3.76,8305129,31328548.00
2013-01-22,3.78,3.99,3.74,3.80,16709283,64593552.00
2013-01-23,3.76,3.85,3.60,3.80,8476299,31863458.00
2013-01-24,3.80,3.89,3.65,3.68,10298127,39050056.00
2013-01-25,3.65,3.69,3.59,3.63,6769884,24594172.00
2013-01-28,3.61,3.88,3.61,3.81,8854477,33224464.00
2013-01-29,3.89,3.94,3.80,3.82,10354769,39872540.00
2013-01-30,3.83,3.85,3.73,3.78,5743689,21671496.00
2013-01-31,3.78,3.78,3.70,3.72,5740120,21381160.00
2013-02-01,3.73,3.85,3.71,3.80,6798525,25634530.00
2013-02-04,3.80,3.83,3.70,3.71,5927032,22147286.00
2013-02-05,3.65,3.77,3.64,3.74,4467830,16605328.00
2013-02-06,3.74,3.77,3.66,3.70,5795226,21481152.00
2013-02-07,3.67,3.72,3.65,3.71,4309949,15857685.00
2013-02-08,3.71,3.73,3.69,3.72,4539243,16851402.00
2013-02-18,3.75,3.84,3.69,3.78,10220162,38632108.00
2013-02-19,3.79,3.86,3.74,3.82,11691312,44567512.00
2013-02-20,3.80,3.85,3.74,3.83,8585850,32544650.00
2013-02-21,3.79,4.21,3.75,4.21,53893183,219228880.00
2013-02-22,4.52,4.63,4.45,4.63,34421718,157166240.00
2013-02-25,4.96,5.09,4.80,5.09,106426225,532453920.00
2013-02-26,4.78,4.83,4.58,4.63,109952614,516274784.00
2013-02-27,4.51,4.68,4.45,4.54,58365706,266644656.00
2013-02-28,4.55,4.70,4.47,4.57,49011564,225268944.00
2013-03-01,4.51,4.76,4.45,4.70,63609222,294963680.00
2013-03-04,4.55,4.72,4.48,4.64,43828386,201516144.00
2013-03-05,4.77,5.10,4.77,4.88,76860194,380604672.00
2013-03-06,4.88,5.37,4.76,5.37,55130049,282497696.00
2013-03-07,5.65,5.90,5.48,5.69,95841477,547454720.00
2013-03-08,5.80,6.20,5.75,6.10,88577950,531892960.00
2013-03-11,5.80,5.81,5.49,5.49,31027009,172501232.00
2013-03-12,5.24,5.84,5.18,5.59,72517032,397367520.00
2013-03-13,5.40,5.97,5.35,5.64,61795859,353867648.00
2013-03-14,5.50,5.69,5.27,5.48,43582049,237387440.00
2013-03-15,5.38,5.50,5.14,5.20,40993831,218805600.00
2013-03-18,5.20,5.30,4.98,5.05,35633034,181773328.00
2013-03-19,5.04,5.39,4.82,5.30,50942450,260125680.00
2013-03-20,5.16,5.44,5.12,5.34,41197274,216808768.00
2013-03-21,5.34,5.81,5.27,5.63,56452715,313339808.00
2013-03-22,5.58,5.84,5.49,5.51,47415251,268187920.00
2013-03-25,5.42,5.64,5.30,5.50,33643004,183194928.00
2013-03-26,5.54,5.70,5.37,5.39,31865829,175886464.00
2013-03-27,5.40,5.49,5.28,5.45,24508964,131801280.00
2013-03-28,5.36,5.37,5.02,5.03,26578634,137207168.00
2013-03-29,5.00,5.12,4.90,4.94,19668681,98404640.00
2013-04-01,4.86,4.92,4.72,4.76,20481556,98503984.00
2013-04-02,4.75,4.87,4.73,4.78,15131218,72759872.00
2013-04-03,4.80,5.14,4.53,4.94,31665589,152624272.00
2013-04-08,4.80,4.96,4.67,4.89,17605870,84921984.00
2013-04-09,4.92,5.01,4.88,4.95,14181963,70294928.00
2013-04-10,4.94,5.06,4.80,4.83,14675410,72147776.00
2013-04-11,4.80,4.99,4.80,4.85,12289876,60144660.00
2013-04-12,4.81,5.05,4.78,4.98,24218988,120313608.00
2013-04-15,4.95,4.97,4.80,4.83,12576074,61319084.00
2013-04-16,4.75,4.82,4.64,4.79,12544363,59454348.00
2013-04-17,4.80,5.03,4.76,4.96,18519168,91044024.00
2013-04-18,4.93,4.96,4.83,4.90,12814030,62657452.00
2013-04-19,4.84,5.05,4.81,4.97,23628774,116668848.00
2013-04-22,4.89,4.96,4.83,4.90,13570879,66205784.00
2013-04-23,4.83,4.88,4.58,4.63,17359966,82180000.00
2013-04-24,4.60,4.71,4.51,4.67,13302911,61442548.00
2013-04-25,4.63,4.64,4.33,4.38,16762124,75362872.00
2013-04-26,4.43,4.45,4.20,4.22,12698538,54506008.00
2013-05-02,4.21,4.33,4.21,4.25,6565509,28071704.00
2013-05-03,4.32,4.54,4.32,4.43,15041893,66710704.00
2013-05-06,4.42,4.50,4.38,4.45,10349896,45965852.00
2013-05-07,4.45,4.90,4.36,4.90,34430346,162349104.00
2013-05-08,4.92,5.27,4.92,5.10,47400625,242466208.00
2013-05-09,5.06,5.09,4.90,5.06,31717122,158053424.00
2013-05-10,4.97,5.01,4.92,4.95,18342447,90950008.00
2013-05-13,4.95,5.38,4.84,5.20,40873387,209859824.00
2013-05-14,5.15,5.19,4.96,4.99,21609570,108792256.00
2013-05-15,4.99,5.11,4.96,5.04,13380229,67381600.00
2013-05-16,5.03,5.23,5.02,5.11,22903283,117403936.00
2013-05-17,5.18,5.21,5.04,5.16,24889862,127960160.00
2013-05-20,5.20,5.38,5.13,5.32,35383744,185728368.00
2013-05-21,5.27,5.49,5.24,5.38,33609908,180417552.00
2013-05-22,5.39,5.42,5.15,5.19,26609666,139606528.00
2013-05-23,5.16,5.22,5.03,5.04,18231673,93182752.00
2013-05-24,5.04,5.18,5.03,5.13,13218856,67348296.00
2013-05-27,5.12,5.25,5.05,5.23,17038491,88315872.00
2013-05-28,5.36,5.69,5.29,5.37,49530566,270647584.00
2013-05-29,5.28,5.60,5.20,5.45,37962647,206358416.00
2013-05-30,5.36,5.51,5.33,5.36,21249621,114635440.00
2013-05-31,5.36,5.41,5.20,5.22,18547923,97799632.00
2013-06-03,5.18,5.32,5.16,5.23,13811490,72348392.00
2013-06-04,5.23,5.23,5.04,5.16,15409234,79038184.00
2013-06-05,5.14,5.14,5.05,5.09,8802415,44729664.00
2013-06-06,5.07,5.15,4.98,4.99,8643848,43826840.00
2013-06-07,4.99,5.02,4.68,4.73,13254125,63755192.00
2013-06-13,4.60,4.60,4.41,4.45,11031867,49443700.00
2013-06-14,4.50,4.65,4.49,4.60,9156754,41775136.00
2013-06-17,4.61,4.77,4.55,4.70,10033517,46912716.00
2013-06-18,4.71,4.89,4.70,4.76,9769038,46738420.00
2013-06-19,4.75,4.75,4.57,4.72,7313955,34078468.00
2013-06-20,4.67,5.04,4.61,4.80,24759765,120609792.00
2013-06-21,4.68,4.83,4.52,4.80,14136055,67001884.00
2013-06-24,4.79,4.80,4.32,4.35,15662782,70793472.00
2013-06-25,4.24,4.44,3.92,4.40,15492462,64932636.00
2013-06-26,4.38,4.50,4.28,4.44,11115447,48969736.00
2013-06-27,4.44,4.48,4.21,4.24,12630879,55238820.00
2013-06-28,4.20,4.33,4.01,4.19,10010828,42099156.00
2013-07-01,4.14,4.22,4.10,4.21,6233004,25992866.00
2013-07-02,4.21,4.31,4.19,4.31,8856518,37652772.00
2013-07-03,4.28,4.45,4.13,4.39,16007420,69011800.00
2013-07-04,4.30,4.49,4.26,4.34,13890317,60950872.00
2013-07-05,4.34,4.44,4.28,4.29,9693682,42310932.00
2013-07-08,4.22,4.23,4.01,4.01,10510584,42909604.00
2013-07-09,4.04,4.10,3.98,4.05,6551372,26462762.00
2013-07-10,4.03,4.16,4.01,4.15,9344426,38428804.00
2013-07-11,4.15,4.37,4.12,4.27,12015833,51427420.00
2013-07-12,4.35,4.36,4.20,4.23,9950771,42452600.00
2013-07-15,4.21,4.32,4.21,4.29,7572210,32327356.00
2013-07-16,4.33,4.46,4.26,4.40,14911948,64968960.00
2013-07-17,4.36,4.40,4.23,4.25,12111567,52240400.00
2013-07-18,4.22,4.27,4.16,4.25,7754829,32705860.00
2013-07-19,4.25,4.27,4.06,4.06,9832906,40990108.00
2013-07-22,4.04,4.11,3.92,4.10,6828393,27658356.00
2013-07-23,4.10,4.23,4.09,4.20,6977811,29184646.00
2013-07-24,4.16,4.22,4.10,4.20,9031716,37533896.00
2013-07-25,4.18,4.40,4.13,4.27,16477844,70507944.00
2013-07-26,4.22,4.34,4.20,4.26,9891591,42107584.00
2013-07-29,4.30,4.42,4.24,4.36,19148510,83164216.00
2013-07-30,4.28,4.36,4.18,4.26,10734190,45816692.00
2013-07-31,4.23,4.30,4.19,4.19,9183333,38797108.00
2013-08-01,4.19,4.48,4.15,4.42,23067914,100322344.00
2013-08-02,4.50,4.58,4.37,4.42,25822073,115649400.00
2013-08-05,4.44,4.49,4.38,4.44,13556332,60014624.00
2013-08-06,4.44,4.44,4.34,4.43,12424735,54536376.00
2013-08-07,4.44,4.45,4.34,4.36,13020645,57236548.00
2013-08-08,4.39,4.43,4.32,4.35,10397392,45525780.00
2013-08-09,4.38,4.47,4.33,4.45,18959735,83785584.00
2013-08-12,4.45,4.57,4.38,4.52,20175480,90455464.00
2013-08-13,4.51,4.54,4.44,4.49,12679770,56899084.00
2013-08-14,4.50,4.51,4.39,4.41,10643414,47410956.00
2013-08-15,4.39,4.44,4.33,4.34,7416409,32516580.00
2013-08-16,4.31,4.42,4.20,4.22,9777595,42178172.00
2013-08-19,4.05,4.18,4.02,4.17,9551672,39457088.00
2013-08-20,4.18,4.20,4.14,4.15,6406857,26717346.00
2013-08-21,4.21,4.30,4.21,4.27,9636650,41071880.00
2013-08-22,4.26,4.28,4.16,4.22,7140215,30204738.00
2013-08-23,4.20,4.25,4.09,4.14,8918371,37006980.00
2013-08-26,4.14,4.20,4.11,4.20,7376828,30760256.00
2013-08-27,4.17,4.27,4.14,4.24,8961955,37825136.00
2013-08-28,4.22,4.23,4.16,4.23,8807524,36939896.00
2013-08-29,4.23,4.23,4.13,4.15,7661235,31917736.00
2013-08-30,4.14,4.16,4.05,4.10,8806449,36179740.00
2013-09-02,4.09,4.14,4.05,4.12,5386631,22107300.00
2013-09-03,4.14,4.20,4.09,4.18,9223685,38384700.00
2013-09-04,4.18,4.19,4.13,4.16,7960047,33069292.00
2013-09-05,4.15,4.28,4.10,4.19,12710231,53400900.00
2013-09-06,4.16,4.20,4.12,4.19,8157675,34001760.00
2013-09-09,4.19,4.24,4.16,4.23,10698394,45037784.00
2013-09-10,4.23,4.65,4.20,4.65,27799042,127105424.00
2013-09-11,4.85,4.94,4.54,4.59,54526455,257700752.00
2013-09-12,4.47,4.59,4.39,4.53,20452392,92137976.00
2013-09-13,4.53,4.56,4.38,4.46,15846683,70290448.00
2013-09-16,4.44,4.53,4.41,4.48,12348684,55307036.00
2013-09-17,4.50,4.51,4.32,4.33,10931876,48047092.00
2013-09-18,4.33,4.47,4.29,4.43,8125705,35512128.00
2013-09-23,4.42,4.46,4.38,4.45,9312729,41254048.00
2013-09-24,4.48,4.50,4.35,4.39,9349444,41156532.00
2013-09-25,4.38,4.44,4.33,4.38,8383921,36786484.00
2013-09-26,4.37,4.40,4.18,4.20,9867751,42352836.00
2013-09-27,4.20,4.28,4.16,4.23,5895466,24908692.00
2013-09-30,4.23,4.27,4.21,4.27,4335994,18380844.00
2013-10-08,4.25,4.38,4.20,4.34,7787352,33443808.00
2013-10-09,4.29,4.35,4.26,4.34,6754723,29211880.00
2013-10-10,4.34,4.48,4.32,4.39,14743909,65075748.00
2013-10-11,4.40,4.45,4.37,4.41,9293042,40927424.00
2013-10-14,4.41,4.55,4.34,4.51,17697924,79069056.00
2013-10-15,4.50,4.57,4.42,4.52,17378833,78114832.00
2013-10-16,4.49,4.50,4.32,4.40,11667181,51201500.00
2013-10-17,4.38,4.48,4.36,4.37,8979169,39714092.00
2013-10-18,4.39,4.79,4.35,4.59,23542298,107640392.00
2013-10-21,4.59,4.75,4.52,4.65,24358517,112805792.00
2013-10-22,4.65,4.65,4.54,4.58,13270195,60797948.00
2013-10-23,4.55,4.63,4.45,4.51,10472759,47374256.00
2013-10-24,4.47,4.50,4.40,4.41,5700142,25324034.00
2013-11-01,4.39,4.39,3.97,4.10,16934846,69293104.00
2013-11-04,4.08,4.14,4.03,4.11,6293992,25752486.00
2013-11-05,4.11,4.11,3.99,4.09,6366367,25771406.00
2013-11-06,4.08,4.18,4.03,4.11,6659835,27348098.00
2013-11-07,4.08,4.15,4.04,4.14,5750573,23442260.00
2013-11-08,4.18,4.18,4.02,4.10,4440775,18141074.00
2013-11-11,4.06,4.14,4.03,4.10,3413262,13964244.00
2013-11-12,4.11,4.14,4.04,4.10,5271570,21576400.00
2013-11-13,4.10,4.17,4.06,4.06,6837435,28049796.00
2013-11-14,4.09,4.09,3.94,4.04,7146776,28671922.00
2013-11-15,4.06,4.28,4.01,4.12,13129496,54354780.00
2013-11-18,4.13,4.26,4.10,4.18,11525046,48283672.00
2013-11-19,4.18,4.25,4.15,4.20,7088069,29748918.00
2013-11-20,4.21,4.42,4.19,4.38,18852287,81727064.00
2013-11-21,4.35,4.35,4.22,4.28,11888069,50874696.00
2013-11-22,4.26,4.33,4.22,4.24,7170331,30588654.00
2013-11-25,4.27,4.29,4.19,4.21,7699861,32633516.00
2013-11-26,4.21,4.23,4.14,4.18,5844961,24392914.00
2013-11-27,4.17,4.26,4.14,4.23,10459484,43891068.00
2013-11-28,4.22,4.34,4.19,4.28,15178461,64549848.00
2013-11-29,4.25,4.71,4.20,4.71,60467574,279238848.00
2013-12-02,4.55,4.64,4.28,4.38,45244876,202745136.00
2013-12-03,4.37,4.55,4.34,4.52,25549220,114472584.00
2013-12-04,4.45,4.72,4.43,4.57,28556246,130555896.00
2013-12-05,4.54,4.56,4.43,4.44,16743829,74882504.00
2013-12-06,4.43,4.47,4.38,4.44,9355988,41404212.00
2013-12-09,4.40,4.56,4.40,4.44,9826849,43972128.00
2013-12-10,4.44,4.49,4.36,4.37,9418824,41488984.00
2013-12-11,4.37,4.43,4.29,4.32,8698618,37841384.00
2013-12-12,4.31,4.35,4.27,4.29,7345769,31624904.00
2013-12-13,4.18,4.18,3.87,4.11,18961515,76953104.00
2013-12-16,4.07,4.13,4.02,4.04,9394874,38235516.00
2013-12-17,4.04,4.10,3.98,4.05,6960856,28056006.00
2013-12-18,4.03,4.08,4.01,4.04,4204390,16992754.00
2013-12-19,4.06,4.07,3.95,3.95,5629333,22549760.00
2013-12-20,3.95,3.98,3.86,3.90,5301496,20765944.00
2013-12-23,3.92,3.93,3.51,3.77,8681044,32346712.00
2013-12-24,3.71,3.78,3.67,3.75,4248119,15904001.00
2013-12-25,3.76,3.80,3.75,3.79,2800723,10573418.00
2013-12-26,3.79,3.80,3.64,3.64,4220602,15615499.00
2013-12-27,3.60,3.71,3.60,3.69,3756112,13792224.00
2013-12-30,3.71,3.80,3.66,3.74,4980076,18679674.00
2013-12-31,3.72,3.77,3.68,3.76,2745456,10245008.00
2014-01-02,3.76,3.76,3.70,3.74,2992982,11170216.00
2014-01-03,3.72,3.76,3.66,3.68,4288031,15884852.00
2014-01-06,3.69,3.70,3.53,3.55,5325177,19075376.00
2014-01-07,3.52,3.58,3.50,3.56,3565905,12642875.00
2014-01-08,3.56,3.61,3.50,3.52,3954068,14060764.00
2014-01-09,3.52,3.57,3.41,3.41,3575184,12554861.00
2014-01-10,3.40,3.42,3.11,3.23,8747449,28467660.00
2014-01-13,3.20,3.24,3.15,3.17,4665806,14870274.00
2014-01-14,3.19,3.26,3.16,3.26,3938601,12711664.00
2014-01-15,3.27,3.34,3.24,3.29,3513458,11566530.00
2014-01-16,3.33,3.34,3.27,3.27,3218831,10642135.00
2014-01-17,3.25,3.27,3.18,3.19,3183469,10211560.00
2014-01-20,3.19,3.23,3.15,3.23,2748773,8797367.00
2014-01-21,3.23,3.27,3.21,3.25,2538300,8243203.50
2014-01-22,3.28,3.40,3.24,3.36,6084233,20298370.00
2014-01-23,3.34,3.44,3.32,3.37,5496391,18526156.00
2014-01-24,3.34,3.43,3.33,3.40,4351008,14762083.00
2014-01-27,3.40,3.44,3.34,3.38,4876247,16539089.00
2014-01-28,3.42,3.43,3.35,3.38,2717509,9193633.00
2014-01-29,3.38,3.39,3.35,3.36,3056743,10296191.00
2014-01-30,3.36,3.37,3.27,3.33,3163011,10521716.00
2014-02-07,3.34,3.39,3.29,3.39,3460967,11573044.00
2014-02-10,3.39,3.57,3.39,3.51,8120523,28364850.00
2014-02-11,3.51,3.53,3.46,3.50,6881136,24103260.00
2014-02-12,3.50,3.62,3.49,3.62,8680958,31064168.00
2014-02-13,3.62,3.68,3.56,3.56,7080424,25618120.00
2014-02-14,3.55,3.59,3.54,3.59,5348678,19071948.00
2014-02-17,3.59,3.68,3.59,3.63,6552152,23767496.00
2014-02-18,3.63,3.66,3.56,3.62,7208726,26021714.00
2014-02-19,3.60,3.66,3.58,3.62,6504878,23501422.00
2014-02-20,3.60,3.62,3.52,3.53,7393881,26343492.00
2014-02-21,3.51,3.70,3.51,3.61,15420158,55984400.00
2014-02-24,3.58,3.58,3.48,3.53,7444363,26253922.00
2014-02-25,3.53,3.57,3.37,3.37,7663749,26614702.00
2014-02-26,3.34,3.43,3.31,3.41,4645799,15647930.00
2014-02-27,3.40,3.46,3.34,3.35,4759230,16192288.00
2014-02-28,3.35,3.41,3.31,3.37,4472330,14963054.00
2014-03-03,3.36,3.43,3.36,3.42,4572417,15573119.00
2014-03-04,3.42,3.65,3.40,3.62,14038006,49643036.00
2014-03-05,3.60,3.61,3.52,3.54,8967572,31899664.00
2014-03-06,3.57,3.59,3.51,3.55,5601539,19858806.00
2014-03-07,3.54,3.57,3.46,3.49,5299930,18636338.00
2014-03-10,3.47,3.47,3.31,3.33,6214572,21015446.00
2014-03-11,3.33,3.37,3.29,3.34,4786678,15944917.00
2014-03-12,3.34,3.58,3.30,3.47,10773809,36875412.00
2014-03-13,3.41,3.48,3.36,3.42,8020650,27329254.00
2014-03-14,3.38,3.56,3.37,3.47,11205225,39072820.00
2014-03-17,3.47,3.55,3.44,3.53,8882268,31177950.00
2014-03-18,3.53,3.58,3.49,3.57,8746213,30845552.00
2014-03-19,3.55,3.70,3.52,3.64,18512560,67281352.00
2014-03-20,3.60,3.67,3.52,3.54,12382218,44642348.00
2014-03-21,3.52,3.89,3.42,3.89,39455182,150605376.00
2014-03-24,3.87,4.20,3.75,4.11,55023348,215760688.00
2014-03-25,4.01,4.09,3.91,3.95,25138084,100032968.00
2014-03-26,3.96,3.99,3.83,3.83,14980239,58220112.00
2014-03-27,3.81,3.92,3.76,3.77,12451096,47885996.00
2014-03-28,3.78,3.91,3.78,3.81,14941011,57615908.00
2014-03-31,3.80,3.85,3.58,3.66,12102894,44516380.00
2014-04-01,3.66,3.69,3.60,3.69,6486257,23672348.00
2014-04-02,3.68,3.75,3.66,3.70,7405762,27398758.00
2014-04-03,3.73,3.79,3.65,3.75,13875683,51768768.00
2014-04-04,3.73,3.73,3.67,3.73,5230568,19390186.00
2014-04-08,3.71,3.89,3.66,3.81,15358302,58194840.00
2014-04-09,3.79,3.85,3.77,3.81,7918395,30095776.00
2014-04-10,3.79,3.84,3.75,3.78,7371030,27910282.00
2014-04-11,3.76,3.78,3.66,3.67,8847430,32686402.00
2014-04-14,3.67,3.69,3.59,3.64,5572570,20248132.00
2014-04-15,3.66,3.71,3.62,3.63,5867141,21500738.00
2014-04-16,3.61,3.65,3.55,3.62,4831039,17431900.00
2014-04-17,3.63,3.65,3.58,3.58,4681441,16870156.00
2014-04-18,3.59,3.63,3.56,3.61,3595440,12984754.00
2014-04-21,3.60,3.61,3.49,3.49,5764100,20512062.00
2014-04-22,3.48,3.53,3.42,3.46,4392174,15234074.00
2014-04-23,3.46,3.51,3.44,3.48,3165099,11016128.00
2014-04-24,3.49,3.51,3.45,3.46,2741739,9550604.00
2014-04-25,3.45,3.45,3.30,3.30,6252411,21038188.00
2014-04-29,3.14,3.14,3.14,3.14,694900,2181986.00
2014-04-30,2.98,2.98,2.98,2.98,2674500,7970010.00
2014-05-05,2.88,2.98,2.88,2.95,15534314,45546420.00
2014-05-06,2.93,3.04,2.91,2.98,8941611,26642660.00
2014-05-07,2.98,2.98,2.92,2.92,5315151,15616689.00
2014-05-08,2.93,2.97,2.90,2.94,4099295,12056312.00
2014-05-09,2.94,2.96,2.89,2.90,4126647,12042118.00
2014-05-12,2.91,2.96,2.90,2.95,9237998,27068568.00
2014-05-13,2.94,2.97,2.93,2.94,5055633,14898397.00
2014-05-14,2.93,2.96,2.92,2.95,4642442,13649997.00
2014-05-15,2.94,2.96,2.90,2.94,5665081,16595771.00
2014-05-16,2.92,2.93,2.89,2.91,4085406,11891754.00
2014-05-19,2.93,2.99,2.90,2.96,7534684,22209060.00
2014-05-20,2.96,3.02,2.94,3.01,6985638,20859974.00
2014-05-21,2.99,3.02,2.97,3.00,3632620,10894161.00
2014-05-22,2.99,3.03,2.98,2.98,4009450,12057891.00
2014-05-23,2.98,2.99,2.96,2.99,2996149,8911240.00
2014-05-26,2.99,3.01,2.98,3.00,3278595,9821935.00
2014-05-27,2.99,3.00,2.96,2.97,3572735,10618941.00
2014-05-28,2.96,3.00,2.95,2.99,3933193,11693691.00
2014-05-29,3.00,3.14,2.99,3.14,15012350,46634740.00
2014-05-30,3.15,3.17,3.08,3.14,10097510,31662682.00
2014-06-03,3.14,3.15,3.10,3.13,4574985,14314388.00
2014-06-04,3.13,3.29,3.11,3.29,15536084,50923536.00
2014-06-05,3.27,3.45,3.27,3.45,12885008,44031888.00
2014-06-06,3.55,3.60,3.31,3.38,16923236,58225852.00
2014-06-09,3.43,3.48,3.33,3.46,7736009,26373126.00
2014-06-10,3.43,3.47,3.35,3.40,7645916,25910530.00
2014-06-11,3.38,3.44,3.36,3.42,5445559,18510454.00
2014-06-12,3.41,3.45,3.37,3.41,4312866,14738052.00
2014-06-13,3.38,3.43,3.38,3.39,3428666,11654037.00
2014-06-16,3.38,3.40,3.35,3.36,3758444,12678055.00
2014-06-17,3.35,3.36,3.23,3.26,5576248,18311400.00
2014-06-18,3.25,3.42,3.24,3.42,4928611,16739931.00
2014-06-19,3.45,3.53,3.28,3.28,8452532,28740734.00
2014-06-20,3.24,3.44,3.24,3.44,3485669,11874000.00
2014-06-23,3.55,3.58,3.45,3.50,8890266,31245172.00
2014-06-24,3.51,3.61,3.47,3.52,7355566,26064288.00
2014-06-25,3.53,3.53,3.44,3.48,5201420,18044068.00
2014-07-10,3.65,3.65,3.65,3.65,2444950,8924068.00
2014-07-11,3.77,3.83,3.53,3.64,23355338,86114480.00
2014-07-14,3.65,3.69,3.55,3.64,9126281,33270386.00
2014-07-15,3.58,3.69,3.58,3.62,7941593,28739242.00
2014-07-16,3.60,3.61,3.44,3.44,13748991,47997976.00
2014-07-17,3.44,3.44,3.34,3.39,6049308,20495102.00
2014-07-18,3.38,3.44,3.36,3.42,3995219,13600248.00
2014-07-22,3.39,3.46,3.30,3.43,6367958,21721720.00
2014-07-23,3.43,3.60,3.40,3.60,13512329,48115432.00
2014-07-24,3.56,3.59,3.51,3.56,5532101,19658006.00
2014-07-25,3.59,3.66,3.55,3.58,4010304,14465671.00
2014-07-28,3.64,3.64,3.50,3.58,9427859,33596552.00
2014-07-29,3.58,3.61,3.55,3.60,6824655,24515492.00
2014-07-30,3.60,3.72,3.58,3.64,7259142,26377520.00
2014-07-31,3.62,3.64,3.58,3.63,5465165,19718508.00
2014-08-01,3.64,3.74,3.63,3.65,10051380,36916448.00
2014-08-04,3.63,3.77,3.63,3.73,10375538,38699776.00
2014-08-05,3.74,3.82,3.70,3.78,9947753,37542304.00
2014-08-06,3.77,3.97,3.75,3.95,17533376,68341304.00
2014-08-07,3.95,4.02,3.88,3.89,13285677,52514920.00
2014-08-08,3.89,3.97,3.88,3.89,8225337,32267506.00
2014-08-11,3.90,3.98,3.70,3.94,8447392,33018072.00
2014-08-12,3.91,4.07,3.91,4.03,9565875,38484176.00
2014-08-13,4.00,4.19,4.00,4.13,11287064,46513404.00
2014-08-14,4.11,4.23,4.05,4.05,9354103,38615692.00
2014-08-15,4.07,4.12,4.03,4.11,7642530,31181416.00
2014-08-18,4.11,4.17,4.04,4.10,8019733,32861594.00
2014-08-19,4.09,4.13,4.05,4.09,6600972,26900112.00
2014-08-20,4.08,4.13,4.05,4.11,7311541,29916288.00
2014-08-21,4.09,4.14,4.07,4.09,5382672,22034826.00
2014-08-22,4.11,4.21,4.08,4.21,11064176,45662364.00
2014-08-25,4.21,4.28,4.16,4.23,9097061,38427452.00
2014-08-26,4.19,4.25,4.03,4.06,14216609,58644228.00
2014-08-27,4.05,4.14,4.03,4.09,6099063,24994956.00
2014-08-28,4.08,4.24,4.08,4.19,9107320,38070756.00
2014-08-29,4.24,4.40,4.20,4.40,15309036,67042496.00
2014-09-01,4.49,4.62,4.40,4.62,6504528,29707060.00
2014-09-02,4.85,4.85,4.83,4.85,6097259,29571306.00
2014-09-03,5.09,5.09,4.70,4.79,34657438,169872880.00
2014-09-04,4.76,5.02,4.73,4.96,20330770,100356184.00
2014-09-05,4.98,5.17,4.92,4.96,21066992,106853024.00
2014-09-09,4.98,5.06,4.75,4.90,17570212,86041160.00
2014-09-10,4.85,5.15,4.81,5.15,18202092,91909328.00
2014-09-11,5.17,5.41,5.17,5.41,7212531,38770816.00
2014-09-12,5.65,5.68,5.50,5.68,9649626,54504308.00
2014-09-15,5.90,5.96,5.75,5.96,7937863,46926924.00
2014-09-16,6.26,6.26,5.66,5.66,24434915,144467968.00
2014-09-17,5.60,5.94,5.41,5.75,50724551,293450624.00
2014-09-18,5.76,5.88,5.46,5.46,42826120,238400784.00
2014-09-19,5.41,5.73,5.40,5.73,28780141,161517024.00
2014-09-22,5.74,5.89,5.61,5.79,26166053,150622032.00
2014-09-23,5.76,6.08,5.72,6.04,22053109,130301568.00
2014-09-24,6.02,6.34,5.93,6.34,27755365,174623664.00
2014-09-25,6.46,6.66,6.29,6.40,31893964,206571472.00
2014-09-26,6.35,6.62,6.31,6.61,19847691,129326776.00
2014-09-29,6.69,6.94,6.69,6.94,19949437,137576256.00
2014-09-30,7.16,7.29,6.93,7.29,30222004,218614208.00
2014-10-08,7.34,7.65,7.33,7.65,18629819,141251456.00
2014-10-09,7.98,8.03,7.58,8.03,43088917,340658144.00
2014-10-10,8.05,8.40,7.75,8.28,29360373,240124064.00
2014-10-13,8.05,8.25,7.87,7.87,38004844,302937920.00
2014-10-14,7.60,7.80,7.48,7.48,31871376,241399936.00
2014-10-15,7.39,7.40,7.11,7.18,37140733,267085392.00
2014-10-16,7.14,7.49,7.13,7.17,27467500,200628944.00
2014-10-17,7.00,7.08,6.81,6.81,29256905,200708384.00
2014-10-20,6.51,7.07,6.51,6.82,29197060,197473120.00
2014-10-21,6.79,6.97,6.67,6.77,16712640,113461528.00
2014-10-22,6.90,7.11,6.85,7.11,13382619,94027808.00
2014-10-23,7.36,7.47,7.07,7.17,32352367,234755088.00
2014-10-24,7.00,7.15,6.81,6.81,17596423,120902904.00
2014-10-27,6.61,6.70,6.47,6.47,19031570,123481024.00
2014-10-28,6.48,6.76,6.30,6.72,23182597,152337072.00
2014-10-29,6.70,6.77,6.49,6.62,24988829,165945264.00
2014-10-30,6.59,6.60,6.35,6.47,24352525,157546464.00
2014-10-31,6.47,6.75,6.42,6.68,22872791,151473472.00
2014-11-03,6.75,6.86,6.61,6.75,16338110,110032856.00
2014-11-04,6.75,6.75,6.51,6.61,12299892,81107296.00
2014-11-05,6.59,6.78,6.51,6.68,11050055,73202696.00
2014-11-06,6.65,6.71,6.56,6.63,7950406,52607144.00
2014-11-07,6.62,6.63,6.30,6.40,16061226,104331728.00
2014-11-10,6.40,6.49,6.33,6.39,7615820,48582084.00
2014-11-11,6.41,6.47,6.07,6.07,15759328,97193608.00
2014-11-12,5.88,6.20,5.88,6.16,9857627,60133068.00
2014-11-13,6.20,6.20,5.96,6.09,9238609,56031692.00
2014-11-14,6.03,6.16,5.98,6.16,6740034,41002400.00
2014-11-17,6.18,6.20,6.00,6.12,6736845,41190592.00
2014-11-18,6.18,6.43,6.08,6.43,12543939,78894176.00
2014-11-19,6.51,6.75,6.43,6.65,27005360,178687888.00
2014-11-20,6.65,6.98,6.51,6.98,17965353,123269872.00
2014-11-21,7.23,7.33,7.11,7.32,39417737,286990080.00
2014-11-24,7.34,7.34,7.00,7.11,22363710,159821312.00
2014-11-25,7.08,7.46,7.01,7.22,19736904,144199296.00
2014-11-26,7.24,7.33,7.12,7.22,11920307,85727504.00
2014-11-27,7.22,7.38,7.16,7.20,11378558,82127552.00
2014-11-28,7.21,7.45,7.18,7.37,16488615,120591632.00
2014-12-01,7.40,7.40,7.07,7.07,13723902,98355848.00
2014-12-02,7.05,7.33,7.01,7.11,10818691,77624016.00
2014-12-03,7.05,7.18,6.75,6.93,20754992,143416128.00
2014-12-04,6.92,7.11,6.82,6.93,12931220,89963440.00
2014-12-05,6.92,7.09,6.59,6.96,22707058,154617088.00
2014-12-08,6.90,7.11,6.83,6.94,15811410,110618712.00
2014-12-09,6.96,7.03,6.59,6.60,17692392,119686808.00
2014-12-10,6.60,6.68,6.35,6.66,10984614,71581904.00
2014-12-11,6.50,6.71,6.49,6.64,8594721,56728772.00
2014-12-12,6.59,6.97,6.59,6.97,16257559,111276704.00
2014-12-15,6.97,7.21,6.84,7.05,15895836,112575288.00
2014-12-16,7.03,7.13,6.95,6.96,9145582,64194272.00
2014-12-17,6.99,7.03,6.67,6.73,9526053,64593792.00
2014-12-18,6.69,6.91,6.66,6.74,6555713,44415412.00
2014-12-19,6.75,6.75,6.46,6.56,7976258,52435692.00
2014-12-22,6.49,6.50,6.23,6.23,7694830,48319660.00
2014-12-23,6.09,6.44,5.92,6.22,6719505,41855252.00
2014-12-24,6.25,6.44,6.25,6.40,5323683,33864680.00
2014-12-25,6.37,6.58,6.37,6.49,5067733,32767444.00
2014-12-26,6.49,6.52,6.34,6.42,5392094,34481856.00
2014-12-29,6.40,6.40,6.19,6.25,6474861,40516788.00
2014-12-30,6.17,6.43,6.17,6.25,5444252,34364644.00
2014-12-31,6.22,6.38,6.18,6.38,4785348,30301856.00
2015-01-05,6.39,6.44,6.25,6.31,7202306,45429568.00
2015-01-06,6.29,6.41,6.20,6.36,6140412,38640840.00
2015-01-07,6.36,6.68,6.30,6.68,8677108,56494332.00
2015-01-08,6.91,6.91,6.68,6.68,15606875,106230896.00
2015-01-09,6.56,7.00,6.56,6.76,10357629,70723720.00
2015-01-12,6.73,6.90,6.50,6.73,8302856,55658040.00
2015-01-13,6.67,6.80,6.65,6.73,5361056,36116420.00
2015-01-14,6.75,6.75,6.60,6.71,4846271,32321076.00
2015-01-15,6.71,6.77,6.62,6.73,3982380,26786254.00
2015-01-16,6.73,7.00,6.67,6.84,7431714,50567260.00
2015-01-19,6.77,6.86,6.52,6.60,7635654,51214372.00
2015-01-20,6.65,6.75,6.64,6.74,5288110,35403832.00
2015-01-21,6.75,6.96,6.68,6.92,8774899,60256108.00
2015-01-22,6.89,7.18,6.86,7.08,11898903,83544008.00
2015-01-23,7.04,7.34,7.01,7.11,10053453,72140136.00
2015-01-26,7.16,7.37,7.04,7.29,10632732,76989376.00
2015-01-27,7.26,7.42,7.11,7.22,8956818,64767696.00
2015-01-28,7.18,7.23,7.12,7.13,6133305,43920364.00
2015-01-29,7.07,7.13,7.00,7.07,5044953,35652868.00
2015-01-30,7.16,7.28,7.09,7.10,6264022,44862944.00
2015-02-02,6.99,6.99,6.75,6.92,5099612,35261796.00
2015-02-03,6.93,6.98,6.89,6.95,3678425,25507562.00
2015-02-04,6.96,7.07,6.90,6.90,4862476,33867480.00
2015-02-05,6.97,6.98,6.68,6.70,7937571,54034468.00
2015-02-06,6.69,6.77,6.52,6.57,4812951,32015392.00
2015-02-09,6.59,6.72,6.50,6.51,4427025,29211310.00
2015-02-10,6.55,6.70,6.42,6.66,3338414,21968136.00
2015-02-11,6.60,6.99,6.60,6.92,9234326,63952128.00
2015-02-12,6.92,6.98,6.75,6.89,3970458,27135862.00
2015-02-13,6.91,6.98,6.89,6.95,5131405,35589928.00
2015-02-16,7.03,7.05,6.90,7.01,5948731,41480088.00
2015-02-17,7.00,7.09,6.98,7.08,5676447,39969676.00
2015-02-25,7.10,7.15,7.00,7.09,5431994,38492128.00
2015-02-26,7.11,7.32,7.08,7.23,8735404,63106548.00
2015-02-27,7.30,7.47,7.21,7.27,10600755,77583608.00
2015-03-02,7.31,7.35,7.19,7.31,9735447,70844544.00
2015-03-03,7.30,7.30,7.16,7.16,10493129,75693832.00
2015-03-04,7.16,7.25,7.13,7.18,6943870,49962456.00
2015-03-05,7.18,7.54,7.15,7.54,17327442,127843352.00
2015-03-06,7.77,7.92,7.45,7.78,28111554,216659600.00
2015-03-09,7.62,7.84,7.52,7.55,17822478,136438576.00
2015-03-10,7.58,7.77,7.49,7.70,15034060,114412480.00
2015-03-11,7.66,7.77,7.55,7.67,13592712,103858032.00
2015-03-12,7.63,7.70,7.39,7.42,15298963,114625152.00
2015-03-13,7.42,7.52,7.30,7.35,11999601,88525912.00
2015-03-16,7.40,7.71,7.40,7.63,17076253,129606232.00
2015-03-17,7.64,7.89,7.64,7.81,16454258,128050240.00
2015-03-18,7.86,8.20,7.78,8.20,19503806,156796976.00
2015-03-19,8.24,8.61,8.12,8.61,24769060,209620752.00
2015-03-20,8.71,9.04,8.71,9.04,23111984,207546944.00
2015-03-23,9.29,9.49,9.25,9.49,6982423,65998084.00
2015-03-24,9.96,9.96,9.06,9.46,50125095,475308416.00
2015-03-25,9.45,9.45,9.11,9.13,22036154,203015376.00
2015-03-26,9.07,9.50,8.88,9.21,22687705,208064416.00
2015-03-27,9.21,9.39,9.10,9.37,13730867,127119096.00
2015-03-30,9.37,9.39,9.14,9.27,15109670,139468480.00
2015-03-31,9.03,9.08,8.81,8.81,34541566,306084864.00
2015-04-01,8.64,9.00,8.64,8.99,21227511,187296720.00
2015-04-02,9.01,9.44,8.98,9.44,22488098,210439840.00
2015-04-03,9.54,9.85,9.51,9.63,21575727,208166352.00
2015-04-07,9.66,9.79,9.45,9.62,17801644,170213808.00
2015-04-08,9.64,9.67,9.24,9.39,17920843,169033504.00
2015-04-09,9.40,9.45,8.96,9.12,18757036,170763024.00
2015-04-10,9.16,9.39,9.04,9.33,14232120,131526904.00
2015-04-13,9.44,9.56,9.22,9.49,18639351,175303568.00
2015-04-14,9.48,9.48,9.20,9.28,16255690,151039520.00
2015-04-15,9.39,9.74,9.31,9.74,20254404,196326688.00
2015-04-16,9.93,10.23,9.70,10.18,32860750,330382848.00
2015-04-20,10.20,10.69,10.06,10.69,25065091,265873968.00
2015-04-21,10.95,11.15,10.35,10.74,26895100,287703776.00
2015-04-22,10.75,11.17,10.75,10.85,16828700,183861744.00
2015-04-23,11.00,11.39,10.85,11.39,23074007,259396352.00
2015-04-24,11.20,11.96,11.20,11.96,19089825,224621296.00
2015-04-27,12.49,12.56,11.73,11.96,35582052,431947456.00
2015-04-28,12.00,12.21,11.36,11.39,26158460,305044352.00
2015-04-29,11.25,11.90,11.11,11.77,16254174,187705200.00
2015-04-30,11.93,12.08,11.53,11.76,14431625,169568032.00
2015-05-04,11.78,11.78,11.40,11.66,10641419,123828560.00
2015-05-06,11.60,12.36,11.00,11.40,36422419,423633056.00
2015-05-07,11.06,11.40,10.26,10.26,23617052,252471168.00
2015-05-08,10.20,10.54,9.89,10.32,23577598,240379440.00
2015-05-11,10.51,10.85,10.30,10.64,18561613,196446752.00
2015-05-12,10.71,11.50,10.50,11.07,30627092,336463072.00
2015-05-13,11.11,11.11,10.52,10.78,18808830,204266144.00
2015-05-14,10.70,10.78,10.50,10.66,16940396,179562176.00
2015-05-15,10.62,10.96,10.45,10.82,18614805,200240720.00
2015-05-18,10.88,11.70,10.60,11.53,31297258,354036192.00
2015-05-19,11.53,11.92,11.38,11.58,21062945,243332448.00
2015-05-20,11.64,12.49,11.44,11.90,27997654,337448096.00
2015-05-21,11.93,12.23,11.82,12.10,21928803,264424192.00
2015-05-22,12.12,12.30,11.80,12.07,27283432,327702816.00
2015-05-25,12.00,13.28,11.81,13.28,33006162,417880704.00
2015-05-26,13.87,14.61,13.87,14.61,22356533,322277984.00
2015-05-27,16.07,16.07,16.07,16.07,6064196,97451632.00
2015-05-28,17.68,17.68,15.77,16.07,110370761,1871004416.00
2015-05-29,16.00,17.20,15.01,16.63,67838155,1114666240.00
2015-06-01,16.68,18.29,16.51,18.29,41866683,724179712.00
2015-06-02,19.00,20.12,18.50,20.12,27681355,545770752.00
2015-06-03,21.50,21.50,18.60,18.98,80439412,1585704448.00
2015-06-04,18.67,18.67,17.08,18.25,47122495,839599616.00
2015-06-05,18.60,19.80,18.37,19.04,38435773,735898432.00
2015-06-08,18.93,18.93,17.80,17.99,29324519,531555200.00
2015-06-09,17.77,18.28,17.00,17.79,23985280,423976448.00
2015-06-10,17.81,19.10,17.81,18.10,28272956,521759552.00
2015-06-11,18.10,19.56,17.60,19.24,34981969,649365312.00
2015-06-12,19.45,19.90,18.86,19.69,47237824,921675328.00
2015-06-15,19.56,19.56,18.16,18.41,33942623,641740544.00
2015-06-16,18.01,18.18,16.82,17.10,27677007,480809088.00
2015-06-17,17.44,17.49,15.75,17.31,24805050,415139040.00
2015-06-18,17.31,17.80,16.82,16.91,19073359,329925888.00
2015-06-19,16.21,16.78,15.22,15.22,20113575,320436960.00
2015-06-23,15.16,15.61,13.70,14.95,22856483,332912032.00
2015-06-24,15.26,16.09,15.03,15.60,22497505,351375552.00
2015-06-25,15.75,16.50,14.99,15.41,26692260,422728608.00
2015-06-26,14.62,14.99,13.87,13.87,25952301,367917152.00
2015-06-29,14.20,14.33,12.48,12.48,28090177,365062464.00
2015-06-30,11.90,13.18,11.23,12.92,33813925,406514752.00
2015-07-01,12.80,13.29,11.63,11.63,24637373,309796128.00
2015-07-02,11.66,11.69,10.47,10.47,25847539,277482976.00
2015-07-03,9.42,10.20,9.42,9.42,26200722,249952128.00
2015-07-06,10.35,10.35,8.48,8.48,48818190,435264160.00
2015-07-07,7.63,7.63,7.63,7.63,3019500,23038784.00
2015-07-08,6.87,7.09,6.87,6.87,61122168,421642048.00
2015-07-09,6.38,7.56,6.38,7.56,29285697,212228176.00
2015-07-10,8.10,8.32,8.02,8.32,9354656,76684656.00
2015-07-13,9.15,9.15,8.52,9.15,35133342,318827712.00
2015-07-14,9.41,10.07,9.02,10.07,40187417,394618240.00
2015-07-15,10.07,10.40,9.06,9.06,52278606,500906912.00
2015-07-16,8.30,9.80,8.20,9.57,38306049,350178752.00
2015-07-17,9.71,10.53,9.57,10.53,44552814,461044480.00
2015-07-20,10.50,11.58,10.40,11.58,63737309,717833728.00
2015-07-21,11.58,12.48,11.12,11.71,53799887,637605568.00
2015-07-22,12.03,12.88,12.03,12.88,60995133,775606016.00
2015-07-23,13.23,14.17,13.21,14.17,64818495,882857920.00
2015-07-24,14.49,15.59,13.80,15.59,69955733,1065706240.00
2015-07-27,14.80,15.69,14.03,14.03,78130426,1163399040.00
2015-07-28,12.69,14.50,12.63,12.63,72311089,939697216.00
2015-07-29,13.03,13.89,12.00,13.89,62407880,809694976.00
2015-07-30,13.89,15.28,13.52,14.08,84887904,1253727232.00
2015-07-31,13.87,14.25,12.70,12.99,58323957,780839040.00
2015-08-03,12.34,12.70,11.69,11.69,29022106,348180000.00
2015-08-04,11.44,12.86,11.44,12.86,46636326,583093312.00
2015-08-05,13.23,13.58,12.45,12.90,53898864,707789184.00
2015-08-06,12.41,13.02,12.18,12.42,27071853,340851808.00
2015-08-07,12.73,12.98,12.50,12.84,25542827,325726208.00
2015-08-10,13.03,14.12,13.03,14.12,43529321,594601536.00
2015-08-11,14.40,14.50,13.55,13.99,57196893,805703552.00
2015-08-12,14.50,15.30,14.16,14.57,71191579,1056259072.00
2015-08-13,14.05,15.14,13.64,14.81,54681811,789797184.00
2015-08-14,14.80,15.19,14.54,14.69,47645849,704498560.00
2015-08-17,14.68,15.30,14.40,14.94,49076997,735016384.00
2015-08-18,14.88,14.98,13.45,13.45,47475331,664578624.00
2015-08-19,12.40,13.77,12.13,13.38,43913168,565452992.00
2015-08-20,13.09,13.18,12.11,12.19,26378866,335215776.00
2015-08-21,12.01,12.78,11.31,11.68,29161700,353919136.00
2015-08-24,11.27,11.27,10.51,10.51,15524879,164017696.00
2015-08-25,9.46,9.46,9.46,9.46,3616800,34214928.00
2015-08-26,9.11,9.84,8.51,8.51,43107512,385745696.00
2015-08-27,8.65,8.99,7.67,8.68,36365063,307467008.00
2015-08-28,8.80,9.55,8.80,9.55,34535780,320947840.00
2015-08-31,9.99,10.00,9.41,9.42,47954258,467870816.00
2015-09-01,9.10,9.14,8.48,8.48,25760052,221408576.00
2015-09-02,7.80,8.80,7.63,7.63,26161949,207373664.00
2015-09-07,7.81,8.28,7.00,7.19,42919777,323017888.00
2015-09-08,7.11,7.70,6.82,7.62,26172026,189906144.00
2015-09-09,7.70,8.16,7.61,8.06,48494311,381484544.00
2015-09-10,7.80,8.48,7.71,7.94,39634181,322209312.00
2015-09-11,7.83,8.06,7.70,7.85,22990642,180819328.00
2015-09-14,8.07,8.17,7.07,7.07,32008811,242020832.00
2015-09-15,6.78,6.99,6.36,6.37,24272594,161051056.00
2015-09-16,6.40,7.01,6.40,7.01,25401517,170685056.00
2015-09-17,7.21,7.54,6.96,7.00,34840012,253176368.00
2015-09-22,7.60,7.60,7.60,7.60,0,0.00
数据来源:通达信
