002633 *ST申科 日线 前复权
      日期	    开盘	    最高	    最低	    收盘	    成交量	    成交额
2011-11-22,11.93,12.46,11.67,11.79,15921009,288701632.00
2011-11-23,11.90,12.73,11.90,12.23,12593962,234309392.00
2011-11-24,11.55,11.69,11.25,11.47,8415571,146334128.00
2011-11-25,11.27,11.43,10.99,11.07,5775809,98299856.00
2011-11-28,11.23,11.41,11.08,11.27,4495974,76901288.00
2011-11-29,11.36,11.42,11.10,11.40,4594333,78521432.00
2011-11-30,11.27,11.31,10.25,10.50,4946330,81276296.00
2011-12-01,10.81,11.05,10.71,10.73,4158254,68532480.00
2011-12-02,10.52,10.59,10.25,10.30,2767699,43786048.00
2011-12-05,10.32,10.33,9.93,10.04,2159256,33095382.00
2011-12-06,10.06,11.06,10.01,10.65,5311450,85497648.00
2011-12-07,10.49,10.81,10.41,10.63,3860880,62269972.00
2011-12-08,10.42,10.63,10.07,10.39,3113738,48871864.00
2011-12-09,10.23,10.37,10.07,10.15,1836307,28469026.00
2011-12-12,10.13,10.45,10.08,10.21,2053094,32077534.00
2011-12-13,10.07,10.17,9.61,9.70,2252507,33671072.00
2011-12-14,9.57,9.77,9.37,9.42,1586457,23072956.00
2011-12-15,9.25,9.58,9.25,9.37,1747215,25011824.00
2011-12-16,9.40,9.60,9.11,9.57,1951821,27883056.00
2011-12-19,9.40,9.57,9.21,9.52,1753946,25007814.00
2011-12-20,9.47,10.00,9.46,9.78,3129857,46128136.00
2011-12-21,9.78,9.99,9.41,9.41,2626346,38908536.00
2011-12-22,9.21,9.33,8.77,9.21,2533662,34857916.00
2011-12-26,9.16,9.26,8.97,8.97,1201137,16610739.00
2011-12-27,8.84,8.95,8.54,8.80,1471536,19595868.00
2011-12-28,8.63,8.73,8.45,8.57,1024810,13436402.00
2011-12-29,8.53,8.69,8.31,8.35,1425414,18443520.00
2011-12-30,8.40,8.63,8.33,8.60,1991259,25747526.00
2012-01-04,8.60,8.74,8.33,8.33,1636530,21375778.00
2012-01-05,8.20,8.35,7.60,7.67,1663813,20132966.00
2012-01-06,7.67,7.89,7.38,7.81,1508346,17497616.00
2012-01-09,7.70,8.24,7.60,8.10,1661532,20161954.00
2012-01-10,8.09,8.39,8.03,8.33,2262279,28388132.00
2012-01-11,8.30,8.67,8.27,8.35,2021630,25943222.00
2012-01-12,8.29,8.41,8.09,8.16,1321731,16590343.00
2012-01-13,8.19,8.19,7.63,7.63,1289912,15424831.00
2012-01-16,7.60,7.91,7.44,7.87,1775449,21010098.00
2012-01-17,7.88,8.54,7.85,8.49,2855929,35608808.00
2012-01-18,8.47,8.50,8.14,8.17,1689008,21470262.00
2012-01-19,8.05,8.29,7.90,8.21,1026508,12732875.00
2012-01-20,8.21,8.32,8.13,8.22,919210,11519532.00
2012-01-30,8.25,8.25,8.05,8.07,718589,8921541.00
2012-01-31,8.07,8.10,7.90,8.00,505588,6143821.00
2012-02-01,8.00,8.20,7.95,7.99,599691,7369377.50
2012-02-02,7.98,8.06,7.73,8.04,1076722,12991281.00
2012-02-03,8.00,8.34,7.97,8.25,1505501,18724888.00
2012-02-06,8.20,8.43,8.19,8.43,1705804,21628464.00
2012-02-07,8.31,8.39,8.10,8.19,778419,9764187.00
2012-02-08,8.19,8.57,8.14,8.51,1544742,19755758.00
2012-02-09,8.52,8.64,8.43,8.57,1969012,25605478.00
2012-02-10,8.53,8.85,8.50,8.70,2451899,32397600.00
2012-02-13,8.65,8.89,8.58,8.83,2349623,31324780.00
2012-02-14,8.79,9.06,8.68,9.03,2471346,33339336.00
2012-02-15,8.95,9.13,8.85,9.05,2201172,30242168.00
2012-02-16,8.97,9.10,8.82,8.91,1435132,19551978.00
2012-02-17,9.03,9.03,8.83,8.87,1483500,20212118.00
2012-02-20,9.00,9.13,8.75,8.87,2546462,34800904.00
2012-02-21,8.82,8.93,8.59,8.85,2011445,26933102.00
2012-02-22,8.85,9.18,8.81,9.07,3455803,47490400.00
2012-02-23,9.07,9.63,9.04,9.35,5318277,75682704.00
2012-02-24,9.31,9.43,9.22,9.37,2624765,37266356.00
2012-02-27,9.36,9.52,9.17,9.23,3939632,56113128.00
2012-02-28,9.23,9.32,8.91,9.25,3168588,43930552.00
2012-02-29,9.17,9.35,9.10,9.13,2069762,29132696.00
2012-03-01,9.04,9.28,9.04,9.21,1562543,21854240.00
2012-03-02,9.21,9.50,9.21,9.41,2844402,40570540.00
2012-03-05,9.46,9.62,9.32,9.60,3533748,50841596.00
2012-03-06,9.57,9.72,9.35,9.44,2735554,39425000.00
2012-03-07,9.35,9.43,9.21,9.29,1784834,25351018.00
2012-03-08,9.33,9.45,9.30,9.37,1832780,26146140.00
2012-03-09,9.37,9.59,9.32,9.59,2604803,37645124.00
2012-03-12,9.59,9.73,9.49,9.64,2121857,31030946.00
2012-03-13,9.61,9.95,9.59,9.85,3121124,46539992.00
2012-03-14,9.91,9.95,9.37,9.46,3439081,50644904.00
2012-03-15,9.45,9.60,9.10,9.39,2523741,36203996.00
2012-03-16,9.32,9.53,9.29,9.50,1749490,25081428.00
2012-03-19,9.50,9.83,9.41,9.79,2126788,31295406.00
2012-03-20,9.75,9.80,9.51,9.59,1775653,26076572.00
2012-03-21,9.61,9.72,9.30,9.56,1619446,23426766.00
2012-03-22,9.47,10.05,9.42,9.85,2860138,42571496.00
2012-03-23,9.85,10.45,9.78,10.26,5389849,83214480.00
2012-03-26,10.17,10.20,9.90,10.04,3029709,46369888.00
2012-03-27,10.05,10.34,9.97,10.34,2920585,45096068.00
2012-03-28,10.25,10.33,9.29,9.29,3811883,56128268.00
2012-03-29,9.37,9.45,8.88,9.29,1910000,26851260.00
2012-03-30,9.30,9.37,9.00,9.07,1148873,15929757.00
2012-04-05,9.13,9.57,9.09,9.53,1092508,15476540.00
2012-04-06,9.41,9.59,9.35,9.57,1145177,16540067.00
2012-04-09,9.57,9.66,9.20,9.20,781698,11296076.00
2012-04-10,9.20,9.47,9.08,9.47,830156,11724941.00
2012-04-11,9.28,9.61,9.25,9.57,972205,14041765.00
2012-04-12,9.53,9.93,9.53,9.91,2263180,33642428.00
2012-04-13,9.93,10.06,9.81,9.94,2420713,36623776.00
2012-04-16,9.93,9.99,9.79,9.83,1833890,27584116.00
2012-04-17,9.79,9.87,9.37,9.53,1183433,17351218.00
2012-04-18,9.53,9.77,9.42,9.69,1021899,14974848.00
2012-04-19,9.71,9.91,9.69,9.87,1241325,18523666.00
2012-04-20,9.81,10.00,9.77,9.94,1656000,24928188.00
2012-04-23,9.98,9.99,9.52,9.52,1588300,23375838.00
2012-04-24,9.33,9.38,8.59,8.92,2041775,27836228.00
2012-04-25,8.77,8.91,8.65,8.87,901560,12036450.00
2012-04-26,8.83,8.86,8.79,8.81,652275,8757398.00
2012-04-27,8.77,8.88,8.75,8.81,447651,6012007.50
2012-05-02,8.85,9.05,8.83,8.98,584284,7941149.50
2012-05-03,8.99,9.19,8.91,9.15,1075781,14777244.00
2012-05-04,9.13,9.17,9.02,9.13,855531,11809095.00
2012-05-07,9.04,9.25,9.04,9.17,1023868,14308277.00
2012-05-09,9.17,9.19,9.05,9.07,724403,10042973.00
2012-05-10,9.05,9.20,9.01,9.10,516771,7180284.50
2012-05-11,9.09,9.87,9.07,9.19,1298797,18438068.00
2012-05-14,9.13,9.23,9.07,9.07,755804,10494309.00
2012-05-15,8.97,8.99,8.54,8.97,573837,7706741.50
2012-05-16,8.75,8.96,8.75,8.79,230890,3110346.00
2012-05-17,8.82,8.93,8.76,8.89,283571,3823107.25
2012-05-18,8.93,9.07,8.78,8.81,515000,7015876.50
2012-05-21,8.75,8.96,8.75,8.89,302938,4088558.00
2012-05-22,8.91,8.95,8.88,8.93,276802,3757405.00
2012-05-23,8.89,8.96,8.73,8.85,277909,3748680.75
2012-05-24,8.78,8.95,8.78,8.87,348360,4701580.00
2012-05-25,8.80,8.92,8.56,8.61,616914,5355607.50
2012-05-28,8.54,8.69,8.28,8.68,823101,6989420.00
2012-05-29,8.60,9.05,8.59,8.86,1021776,9036137.00
2012-05-30,8.80,9.08,8.77,8.95,956211,8555404.00
2012-05-31,8.89,9.09,8.83,8.95,1017430,9150330.00
2012-06-01,8.95,9.04,8.86,8.93,492350,4394985.00
2012-06-04,8.76,8.86,8.58,8.74,899282,7825786.00
2012-06-05,8.72,8.80,8.63,8.63,370478,3208539.00
2012-06-06,8.64,8.71,8.45,8.59,386699,3324068.25
2012-06-07,8.66,8.69,8.49,8.63,319877,2752755.25
2012-06-08,8.66,8.75,8.46,8.60,220630,1904572.38
2012-06-11,8.64,8.98,8.56,8.82,598100,5249918.00
2012-06-12,8.82,8.98,8.71,8.85,552208,4879846.00
2012-06-13,8.85,8.97,8.75,8.95,828246,7364246.50
2012-06-14,8.95,9.10,8.85,8.95,1523251,13720907.00
2012-06-15,8.95,9.08,8.84,8.98,934348,8393740.00
2012-06-18,9.08,9.08,8.92,8.98,458245,4109735.50
2012-06-19,9.02,9.02,8.75,8.82,735336,6504895.00
2012-06-20,8.82,9.45,8.80,9.41,4539099,41810564.00
2012-06-21,9.33,9.33,8.94,8.95,3846987,35143620.00
2012-06-25,8.89,9.11,8.40,8.90,2287948,20120560.00
2012-06-26,8.78,8.91,8.55,8.70,941400,8204222.50
2012-06-27,8.80,8.99,8.65,8.85,932815,8250886.50
2012-06-28,8.86,8.98,8.64,8.67,873262,7689004.00
2012-06-29,8.62,8.96,8.60,8.88,814480,7186039.50
2012-07-02,8.88,9.00,8.87,8.90,450500,4022043.00
2012-07-03,8.90,9.35,8.81,9.30,3491398,32017862.00
2012-07-04,9.30,10.20,9.22,10.15,12813939,125743632.00
2012-07-05,10.50,10.94,10.14,10.60,17630720,184499872.00
2012-07-06,10.45,10.64,10.18,10.37,11672036,120925960.00
2012-07-09,10.45,10.48,10.22,10.39,5630653,58198288.00
2012-07-10,10.40,10.60,10.27,10.43,9941106,103897288.00
2012-07-11,10.48,10.72,10.25,10.60,11581221,121362544.00
2012-07-12,10.60,11.02,10.44,10.81,13097404,139907168.00
2012-07-13,10.90,10.92,10.42,10.52,10057220,107048304.00
2012-07-16,10.58,10.58,9.80,10.10,7611987,77444256.00
2012-07-17,10.20,10.32,10.06,10.18,7788006,79287864.00
2012-07-18,10.18,10.44,10.10,10.38,9644333,99389712.00
2012-07-19,10.40,10.75,10.26,10.50,9696135,102283200.00
2012-07-20,10.64,10.64,9.45,9.54,10504823,106551600.00
2012-07-23,9.35,9.35,8.63,8.86,6352906,56375904.00
2012-07-24,8.83,8.94,8.62,8.68,5799145,50608500.00
2012-07-25,8.67,8.67,8.28,8.40,5184577,43637240.00
2012-07-26,8.37,8.49,8.19,8.21,3452300,28893928.00
2012-07-27,8.27,8.37,8.17,8.22,2392569,19751384.00
2012-07-30,8.33,8.33,7.40,7.40,4486084,34779120.00
2012-07-31,7.40,7.40,6.86,7.06,3958274,27959350.00
2012-08-01,7.01,7.42,6.98,7.22,3458433,24978892.00
2012-08-02,7.23,7.39,7.12,7.27,3540775,25768274.00
2012-08-03,7.35,7.41,7.24,7.37,3642678,26683398.00
2012-08-06,7.35,7.49,7.27,7.47,3655650,27079422.00
2012-08-07,7.47,8.00,7.37,7.91,6274022,48301536.00
2012-08-08,7.82,8.04,7.75,7.80,5019747,39392368.00
2012-08-09,7.79,7.88,7.68,7.82,3077070,23968602.00
2012-08-10,7.81,7.88,7.70,7.73,2304303,17921902.00
2012-08-13,7.74,7.82,7.60,7.61,2356683,18150094.00
2012-08-14,7.60,7.68,7.24,7.49,2502377,18627688.00
2012-08-15,7.44,7.48,7.32,7.35,1677597,12391058.00
2012-08-16,7.30,7.41,7.27,7.32,1160704,8529054.00
2012-08-17,7.33,7.38,7.13,7.25,1527481,11077846.00
2012-08-20,7.31,7.98,7.22,7.98,8776771,68270384.00
2012-08-21,7.90,8.20,7.83,8.15,9544563,76401656.00
2012-08-22,8.01,8.28,7.85,7.97,5841650,46978184.00
2012-08-23,7.96,8.02,7.78,7.93,3769017,29758790.00
2012-08-24,7.85,7.91,7.48,7.52,3307546,25537698.00
2012-08-27,7.39,7.45,7.17,7.22,2647926,19307350.00
2012-08-28,7.17,7.48,7.16,7.38,2246692,16444826.00
2012-08-29,7.32,7.48,7.24,7.30,1912798,14097951.00
2012-08-30,7.36,8.03,7.30,7.74,6491496,50321424.00
2012-08-31,7.53,7.65,7.37,7.54,2953239,22179514.00
2012-09-03,7.46,7.69,7.41,7.67,2604771,19747642.00
2012-09-04,7.65,7.96,7.60,7.80,4140512,32228186.00
2012-09-05,7.79,7.91,7.72,7.82,2874090,22476940.00
2012-09-06,7.79,7.91,7.73,7.89,3189496,24919404.00
2012-09-07,7.89,8.42,7.87,8.25,7128889,58521788.00
2012-09-10,8.17,8.70,8.11,8.45,6468503,54806800.00
2012-09-11,8.42,8.51,8.25,8.42,3435691,28857130.00
2012-09-12,8.42,8.75,8.39,8.70,7049026,60237948.00
2012-09-13,8.68,8.96,8.57,8.71,5655306,49604204.00
2012-09-14,8.76,8.79,8.20,8.43,4965666,41935640.00
2012-09-17,8.31,8.53,8.02,8.04,2787647,22994486.00
2012-09-18,8.01,8.49,8.01,8.24,2621918,21744754.00
2012-09-19,8.23,8.44,8.15,8.40,1598645,13300610.00
2012-09-20,8.29,8.64,8.14,8.32,2391452,20181576.00
2012-09-21,8.28,8.53,8.17,8.43,2395009,20146584.00
2012-09-24,8.40,9.26,8.40,8.88,5605777,49545336.00
2012-09-25,8.79,8.83,8.56,8.73,2596805,22507908.00
2012-09-26,8.65,8.67,8.29,8.53,2546835,21509684.00
2012-09-27,8.80,8.85,8.37,8.64,2488355,21534460.00
2012-09-28,8.66,9.08,8.50,8.87,3542084,31262572.00
2012-10-08,9.00,9.00,8.67,8.86,2593094,22808900.00
2012-10-09,8.84,9.10,8.74,9.08,3299871,29650698.00
2012-10-10,9.00,9.67,8.91,9.56,4663449,43631204.00
2012-10-11,9.70,9.70,9.20,9.29,2481284,23135494.00
2012-10-12,9.45,9.45,8.69,9.38,2435487,22001526.00
2012-10-15,9.35,9.35,8.92,9.23,1334858,12180937.00
2012-10-16,9.12,9.44,9.09,9.38,2291296,21365012.00
2012-10-17,9.00,9.33,8.86,9.17,2711807,24642268.00
2012-10-18,9.10,9.30,8.97,9.17,2405976,22014524.00
2012-10-19,9.18,9.29,9.02,9.10,1641900,15037461.00
2012-10-22,9.06,9.16,9.00,9.14,1062102,9645003.00
2012-10-23,9.14,9.20,8.88,9.19,2013161,18201086.00
2012-10-24,9.06,9.28,9.06,9.14,2191997,20182624.00
2012-10-25,8.91,9.25,8.24,8.99,11568240,100411216.00
2012-10-26,8.57,8.87,8.25,8.56,9279538,79254224.00
2012-10-29,8.36,8.66,8.32,8.39,2602911,21957958.00
2012-10-30,8.39,8.54,8.31,8.32,2074408,17428482.00
2012-10-31,8.32,8.78,8.05,8.49,5922970,50158664.00
2012-11-01,8.48,8.67,8.45,8.51,3122802,26613204.00
2012-11-02,8.51,8.58,8.35,8.35,2043820,17246400.00
2012-11-05,8.34,8.47,8.06,8.12,3647208,30021830.00
2012-11-06,8.15,8.26,8.02,8.15,2185425,17782784.00
2012-11-07,8.15,8.19,7.93,7.94,1939070,15611067.00
2012-11-08,7.85,7.94,7.25,7.40,3469854,26228400.00
2012-11-09,7.35,7.48,7.31,7.35,1018147,7515895.50
2012-11-12,7.35,7.42,7.30,7.41,734579,5421823.50
2012-11-13,7.43,7.46,7.12,7.18,1164511,8407079.00
2012-11-14,7.16,7.23,7.06,7.17,962412,6878448.50
2012-11-15,7.15,7.18,6.96,6.98,815291,5772288.50
2012-11-16,7.05,7.07,6.93,7.01,636976,4449677.50
2012-11-19,7.01,7.10,6.96,7.09,716510,5056962.50
2012-11-20,7.09,7.19,7.03,7.04,871512,6190424.50
2012-11-21,7.02,7.13,6.92,7.11,874133,6142593.50
2012-11-22,7.08,7.16,6.94,6.96,817850,5747358.00
2012-11-23,7.03,7.03,6.93,7.01,547433,3829749.00
2012-11-26,7.02,7.08,6.94,6.95,649077,4536136.50
2012-11-27,6.90,6.90,6.26,6.26,2868482,18256526.00
2012-11-28,6.01,6.09,5.78,5.88,1697644,10014554.00
2012-11-29,5.88,5.96,5.70,5.74,1013147,5923189.50
2012-11-30,5.74,5.99,5.72,5.90,1492753,8789004.00
2012-12-03,5.87,5.90,5.56,5.56,944782,5442684.50
2012-12-04,5.41,5.64,5.29,5.57,2312772,12589011.00
2012-12-05,5.54,5.88,5.50,5.84,2729654,15659698.00
2012-12-06,5.84,5.89,5.76,5.78,1509833,8775254.00
2012-12-07,5.78,6.05,5.75,5.99,2326687,13725999.00
2012-12-10,5.95,6.22,5.93,6.18,2389315,14613474.00
2012-12-11,6.19,6.19,6.06,6.14,1700139,10394385.00
2012-12-12,6.19,6.19,5.96,6.08,1263092,7648028.00
2012-12-13,6.04,6.15,5.96,5.96,1204240,7286775.00
2012-12-14,5.98,6.24,5.96,6.22,2440141,15022128.00
2012-12-17,6.24,6.30,6.16,6.25,2134944,13292775.00
2012-12-18,6.25,6.48,6.16,6.41,3766778,23906044.00
2012-12-19,6.42,6.42,6.30,6.33,1883645,11949124.00
2012-12-20,6.32,6.44,6.23,6.42,2000205,12732906.00
2012-12-21,6.44,6.50,6.30,6.39,1817202,11583018.00
2012-12-24,6.37,6.49,6.33,6.38,1586461,10164755.00
2012-12-25,6.39,6.88,6.34,6.72,4582857,30544238.00
2012-12-26,6.70,6.82,6.65,6.81,2831103,19075776.00
2012-12-27,6.83,7.03,6.72,6.88,4866144,33497658.00
2012-12-28,6.85,6.86,6.64,6.77,3161656,21372524.00
2012-12-31,6.82,6.85,6.70,6.73,2713000,18302450.00
2013-01-04,6.76,6.92,6.73,6.79,2719817,18498728.00
2013-01-07,6.78,6.86,6.69,6.83,2199992,14909594.00
2013-01-08,6.84,6.94,6.75,6.94,4096861,28078174.00
2013-01-09,6.86,7.05,6.86,6.95,3583627,24889950.00
2013-01-10,6.90,7.13,6.90,7.05,4986516,35020572.00
2013-01-11,7.09,7.17,6.70,6.80,4931942,34504888.00
2013-01-14,6.73,7.03,6.66,6.98,3622530,25022476.00
2013-01-15,6.98,7.33,6.95,7.21,6162213,44237848.00
2013-01-16,7.17,7.48,7.09,7.37,12293858,89934616.00
2013-01-17,7.29,7.29,7.06,7.13,4542444,32573672.00
2013-01-18,7.11,7.22,7.06,7.14,3299897,23513516.00
2013-01-21,7.12,7.19,7.10,7.18,2961420,21164352.00
2013-01-22,7.18,7.20,6.94,6.98,2962952,20955236.00
2013-01-23,7.09,7.09,6.71,6.87,2362992,16266550.00
2013-01-24,6.91,6.93,6.42,6.50,2978924,20014512.00
2013-01-25,6.52,6.60,6.45,6.52,1348965,8804600.00
2013-01-28,6.51,6.68,6.51,6.65,1452312,9622317.00
2013-01-29,6.69,6.81,6.63,6.75,1637190,10987288.00
2013-01-30,6.75,7.09,6.67,6.89,3977643,27441298.00
2013-01-31,6.85,6.95,6.76,6.79,1570182,10719766.00
2013-02-01,6.75,6.87,6.75,6.79,1240139,8434078.00
2013-02-04,6.70,6.84,6.65,6.73,1598324,10742996.00
2013-02-05,6.68,6.79,6.65,6.76,1016654,6832549.50
2013-02-06,6.76,6.96,6.75,6.82,2098952,14360598.00
2013-02-07,6.82,6.86,6.72,6.78,1085603,7364139.50
2013-02-08,6.85,7.02,6.79,6.98,2975350,20634054.00
2013-02-18,7.00,7.20,6.95,7.08,2500709,17658466.00
2013-02-19,7.09,7.13,6.95,7.11,3629615,25637848.00
2013-02-20,7.07,7.18,7.04,7.17,3267194,23297504.00
2013-02-21,7.17,7.17,6.81,6.92,2977611,20870404.00
2013-02-22,6.83,7.14,6.83,7.03,2753708,19394584.00
2013-02-25,7.03,7.16,7.01,7.04,1718488,12121709.00
2013-02-26,7.04,7.07,6.90,6.93,1808053,12648156.00
2013-02-27,6.93,7.10,6.93,6.98,1914057,13404321.00
2013-02-28,7.01,7.17,6.94,7.17,4213461,29888398.00
2013-03-01,7.21,7.26,7.08,7.22,4802870,34390488.00
2013-03-04,7.20,7.20,6.87,6.89,3253448,22935832.00
2013-03-05,6.89,7.09,6.89,7.06,3044985,21295572.00
2013-03-06,7.06,7.26,7.03,7.24,5236119,37663752.00
2013-03-07,7.23,7.24,7.10,7.18,3091799,22154450.00
2013-03-08,7.17,7.44,7.13,7.39,7704917,56557092.00
2013-03-11,7.39,7.60,7.28,7.31,6513703,48343584.00
2013-03-12,7.30,7.37,6.96,7.09,4312951,30766172.00
2013-03-13,7.07,7.12,6.76,6.89,2430066,16781466.00
2013-03-14,6.89,7.01,6.78,6.96,1509962,10473999.00
2013-03-15,6.95,7.05,6.85,6.91,1784905,12417510.00
2013-03-18,6.87,6.87,6.55,6.58,2379201,15992527.00
2013-03-19,6.62,6.64,6.40,6.53,1510652,9815492.00
2013-03-20,6.53,6.69,6.50,6.68,1514769,10025278.00
2013-03-21,6.68,6.80,6.66,6.78,1446822,9774299.00
2013-03-22,6.75,6.87,6.70,6.86,2572669,17505616.00
2013-03-25,6.83,7.04,6.82,6.91,4307255,29980734.00
2013-03-26,6.78,6.79,6.55,6.62,2914727,19367100.00
2013-03-27,6.61,6.68,6.52,6.60,1932900,12787016.00
2013-03-28,6.62,6.63,6.31,6.31,1832392,11764142.00
2013-03-29,6.31,6.37,6.27,6.29,1030793,6503288.50
2013-04-01,6.40,6.49,6.27,6.38,1349116,8566472.00
2013-04-02,6.40,6.45,6.24,6.26,1150194,7265078.00
2013-04-03,6.33,6.33,6.12,6.16,1139259,7061035.50
2013-04-08,6.14,6.14,5.91,6.04,1222072,7353843.00
2013-04-09,6.02,6.28,6.02,6.27,2637411,16365554.00
2013-04-10,6.27,6.28,6.17,6.20,1014832,6304108.00
2013-04-11,6.22,6.27,6.10,6.13,1276444,7890294.50
2013-04-12,6.15,6.21,6.09,6.11,793004,4872717.50
2013-04-15,6.11,6.13,5.97,5.99,826796,4988353.00
2013-04-16,5.98,6.05,5.89,6.03,857812,5111652.00
2013-04-17,6.00,6.24,6.00,6.14,1553137,9523991.00
2013-04-18,6.07,6.31,6.05,6.19,1831201,11373721.00
2013-04-19,6.15,6.40,6.15,6.31,2550546,16057145.00
2013-04-22,6.27,6.39,6.20,6.32,1802971,11371234.00
2013-04-23,6.30,6.30,6.08,6.15,1414152,8741895.00
2013-04-24,6.09,6.27,6.09,6.21,915149,5680674.00
2013-04-25,6.18,6.26,6.12,6.14,1860534,11517211.00
2013-04-26,6.14,6.18,6.10,6.13,1031412,6342644.00
2013-05-02,6.12,6.13,5.98,6.05,782985,4727501.00
2013-05-03,6.08,6.22,6.06,6.17,1199378,7385682.50
2013-05-06,6.20,6.49,6.16,6.47,2643790,16709660.00
2013-05-07,6.39,6.58,6.33,6.52,4312477,27955296.00
2013-05-08,6.47,6.51,6.33,6.43,2468478,15880978.00
2013-05-09,6.40,6.42,6.29,6.42,1489222,9465240.00
2013-05-10,6.41,6.47,6.37,6.44,1534122,9855799.00
2013-05-13,6.47,6.47,6.36,6.42,1012682,6485127.50
2013-05-14,6.39,6.42,6.23,6.26,1350669,8499003.00
2013-05-15,6.31,6.37,6.24,6.36,1035999,6555654.00
2013-05-16,6.36,6.45,6.29,6.42,1653763,10585391.00
2013-05-17,6.36,6.52,6.34,6.49,1777975,11502170.00
2013-05-20,6.47,6.63,6.47,6.59,2696780,17696948.00
2013-05-21,6.60,6.75,6.53,6.75,3008069,19916720.00
2013-05-22,6.77,6.81,6.60,6.63,2890935,19350490.00
2013-05-23,6.63,6.67,6.54,6.60,1942233,12831160.00
2013-05-24,6.55,6.66,6.55,6.64,2104404,13937930.00
2013-05-27,6.64,6.69,6.61,6.67,2136003,14220680.00
2013-05-28,6.68,6.70,6.55,6.69,2304426,15278204.00
2013-05-29,6.69,6.81,6.66,6.76,2495731,16876828.00
2013-05-30,6.76,7.04,6.71,7.01,6269117,43224924.00
2013-05-31,6.97,7.32,6.91,7.20,6339805,45065604.00
2013-06-03,7.19,7.49,6.96,7.02,9067711,65150036.00
2013-06-04,6.96,7.20,6.70,7.17,5394634,37238940.00
2013-06-05,7.02,7.14,6.86,7.05,4675755,32810318.00
2013-06-06,7.00,7.00,6.73,6.74,2380168,16305418.00
2013-06-07,6.80,6.81,6.48,6.60,2153579,14301331.00
2013-06-13,6.50,6.50,6.33,6.38,1360797,8715823.00
2013-06-14,6.38,6.66,6.38,6.63,1323385,8601678.00
2013-06-17,6.56,6.79,6.56,6.72,1321187,8833365.00
2013-06-18,6.72,6.72,6.55,6.65,753989,5008018.50
2013-06-19,6.64,6.64,6.48,6.63,768127,5047006.50
2013-06-20,6.58,6.78,6.48,6.48,1076700,7135515.50
2013-06-21,6.36,6.54,6.15,6.41,828988,5285172.00
2013-06-24,6.39,6.39,5.93,6.00,1068339,6537421.00
2013-06-25,6.08,6.08,5.40,5.82,1842959,10564875.00
2013-06-26,5.83,6.00,5.70,5.98,1496784,8789608.00
2013-06-27,6.00,6.00,5.63,5.70,1356501,7896036.50
2013-06-28,5.68,5.77,5.50,5.63,1205167,6778315.00
2013-07-01,5.61,5.90,5.58,5.82,1091777,6276936.50
2013-07-02,5.80,5.99,5.75,5.97,1387294,8186204.00
2013-07-03,6.01,6.14,5.78,6.12,2089277,12498671.00
2013-07-04,6.12,6.13,5.99,6.04,1157717,7016782.00
2013-07-05,6.04,6.12,6.00,6.02,503700,3054550.00
2013-07-08,5.99,5.99,5.79,5.89,769911,4518438.50
2013-07-09,5.94,5.95,5.80,5.87,500505,2951305.25
2013-07-10,5.90,6.35,5.86,6.22,2815771,17498746.00
2013-07-11,6.25,6.32,6.17,6.26,1238160,7738229.00
2013-07-12,6.25,6.42,6.19,6.26,1241400,7850747.00
2013-07-15,6.26,6.34,6.19,6.24,1269556,7949633.00
2013-07-16,6.24,6.32,6.19,6.30,867890,5434910.00
2013-07-17,6.33,6.48,6.32,6.44,2348116,15089322.00
2013-07-18,6.41,6.44,6.20,6.28,1402114,8808547.00
2013-07-19,6.33,6.36,6.00,6.00,2159625,13485158.00
2013-07-22,6.00,6.08,5.87,6.06,1224089,7338053.50
2013-07-23,6.06,6.30,6.06,6.23,1058938,6588214.00
2013-07-24,6.23,6.60,6.19,6.51,2439257,15546723.00
2013-07-25,6.46,6.88,6.46,6.59,6308931,42445544.00
2013-07-26,6.53,6.72,6.35,6.48,1673940,10948005.00
2013-07-29,6.52,6.68,6.25,6.30,1827850,11779201.00
2013-07-30,6.30,6.49,6.22,6.38,821233,5240703.00
2013-07-31,6.40,6.56,6.35,6.55,1291200,8402865.00
2013-08-01,6.56,6.63,6.48,6.60,1385643,9096501.00
2013-08-02,6.60,6.67,6.54,6.61,1171616,7759202.50
2013-08-05,6.61,6.81,6.61,6.65,1168846,7840977.00
2013-08-06,6.61,6.75,6.61,6.70,1082671,7247742.00
2013-08-07,6.69,6.69,6.51,6.53,1067512,7050067.50
2013-08-08,6.58,6.62,6.50,6.55,994938,6523302.50
2013-08-09,6.58,6.61,6.53,6.59,779867,5126375.50
2013-08-12,6.52,6.69,6.52,6.66,1201880,7979898.00
2013-08-13,6.63,6.68,6.55,6.65,1354544,8944356.00
2013-08-14,6.64,6.69,6.60,6.61,1356248,9015175.00
2013-08-15,6.64,6.66,6.50,6.51,1103018,7226534.00
2013-08-16,6.48,6.59,6.23,6.23,2018001,12895806.00
2013-08-19,6.16,6.39,6.16,6.37,803064,5059610.50
2013-08-20,6.34,6.58,6.33,6.51,1995688,12956515.00
2013-08-21,6.54,6.66,6.50,6.65,2007389,13197178.00
2013-08-22,6.64,6.93,6.58,6.71,5379699,36273088.00
2013-08-23,6.68,7.15,6.57,7.08,8121230,55613000.00
2013-08-26,6.93,7.07,6.89,7.04,6494766,45216080.00
2013-08-27,7.00,7.01,6.80,6.90,2714357,18659822.00
2013-08-28,6.81,6.86,6.70,6.71,3533260,23856898.00
2013-08-29,6.69,6.78,6.63,6.73,1978594,13281911.00
2013-08-30,6.72,6.84,6.58,6.59,2712976,18223908.00
2013-09-02,6.58,6.65,6.51,6.64,1321702,8727434.00
2013-09-03,6.62,6.76,6.62,6.71,956720,6434608.00
2013-09-04,6.72,6.77,6.60,6.71,1562660,10450589.00
2013-09-05,6.69,6.77,6.67,6.70,1273936,8576251.00
2013-09-06,6.66,6.76,6.66,6.71,2127166,14248894.00
2013-09-09,6.72,6.84,6.69,6.73,1913416,12942417.00
2013-09-10,6.72,6.89,6.69,6.83,2692939,18381614.00
2013-09-11,6.81,6.89,6.71,6.75,1880218,12737214.00
2013-09-12,6.78,6.79,6.70,6.78,1299696,8765315.00
2013-09-13,6.80,7.40,6.76,7.22,7529395,53474636.00
2013-09-16,7.25,7.49,7.07,7.44,5638900,41483368.00
2013-09-17,7.35,7.55,7.20,7.46,3857936,28545542.00
2013-09-18,7.45,7.48,7.24,7.44,2358737,17394938.00
2013-09-23,7.38,7.99,7.29,7.64,5685467,43794644.00
2013-09-24,7.46,8.10,7.42,7.99,6886331,53805596.00
2013-09-25,7.90,8.24,7.80,8.09,4908156,39310096.00
2013-09-26,8.01,8.90,7.95,8.81,4578213,39200604.00
2013-10-16,8.12,8.38,7.93,7.93,7644773,61555356.00
2013-10-17,7.61,7.75,7.38,7.47,10305806,77696456.00
2013-10-18,7.45,7.55,7.21,7.36,4907700,36330416.00
2013-10-21,7.36,7.69,7.35,7.58,5039551,37863028.00
2013-10-22,7.60,7.70,7.45,7.57,4801686,36121916.00
2013-10-23,7.55,7.68,7.18,7.32,4122292,30586510.00
2013-10-24,7.24,7.37,7.09,7.12,3069901,22147604.00
2013-10-25,7.12,7.35,7.05,7.12,3728896,26759568.00
2013-10-28,7.12,7.25,6.97,7.15,3517178,24944986.00
2013-10-29,7.12,7.28,6.76,7.03,3000406,21128696.00
2013-10-30,7.00,7.17,7.00,7.12,1479706,10509661.00
2013-10-31,7.00,7.23,7.00,7.14,1444299,10333697.00
2013-11-01,7.09,7.16,6.88,7.10,1417144,10005697.00
2013-11-04,7.09,7.32,7.00,7.30,2008802,14380459.00
2013-11-05,7.26,7.32,7.16,7.28,1809612,13128706.00
2013-11-06,7.25,7.45,7.24,7.27,2378713,17522812.00
2013-11-07,7.29,7.35,7.19,7.23,1255762,9125476.00
2013-11-08,7.22,7.31,7.07,7.09,1574938,11339422.00
2013-11-11,7.06,7.14,6.97,7.13,1786375,12580726.00
2013-11-12,7.08,7.30,7.03,7.24,1596055,11455320.00
2013-11-13,7.21,7.21,7.03,7.07,1379717,9806555.00
2013-11-14,7.09,7.16,6.96,7.13,1055467,7460807.50
2013-11-15,7.10,7.42,7.03,7.38,2752776,20095382.00
2013-11-18,7.33,7.74,7.21,7.53,6196005,45895824.00
2013-11-19,7.47,7.92,7.33,7.74,7420627,57276892.00
2013-11-20,7.76,7.78,7.62,7.68,3156556,24264222.00
2013-11-21,7.68,7.87,7.57,7.78,3199161,24770784.00
2013-11-22,7.72,7.79,7.57,7.59,1904522,14583679.00
2013-11-25,7.58,7.64,7.53,7.56,1316337,9989162.00
2013-11-26,7.56,7.68,7.56,7.63,1217471,9285560.00
2013-11-27,7.63,7.74,7.60,7.70,1871515,14381440.00
2013-11-28,7.67,7.78,7.61,7.73,2567936,19789222.00
2013-11-29,7.72,7.98,7.70,7.87,3877502,30481192.00
2013-12-02,7.55,7.68,7.17,7.20,3682752,27308588.00
2013-12-03,7.17,7.37,7.00,7.22,2672090,19162718.00
2013-12-04,7.17,7.42,7.17,7.39,1486480,10876325.00
2013-12-05,7.37,7.74,7.29,7.47,2956457,22010230.00
2013-12-06,7.44,7.53,7.36,7.40,1371816,10165370.00
2013-12-09,7.40,7.46,7.34,7.37,1602878,11830195.00
2013-12-10,7.36,7.43,7.28,7.32,1636906,12026248.00
2013-12-11,7.30,7.36,7.23,7.29,1398397,10212436.00
2013-12-12,7.29,7.39,7.26,7.35,1357111,9939186.00
2013-12-13,7.36,7.53,7.31,7.43,2756947,20490734.00
2013-12-16,7.46,7.50,7.26,7.28,1728800,12701255.00
2013-12-17,7.24,7.38,7.24,7.31,1516757,11106016.00
2013-12-18,7.28,7.38,7.28,7.32,972601,7131902.50
2013-12-19,7.31,7.36,7.26,7.27,1047560,7662957.00
2013-12-20,7.30,7.31,7.12,7.18,898628,6470915.50
2013-12-23,7.16,7.26,7.03,7.17,1511225,10821763.00
2013-12-24,7.18,7.34,7.12,7.18,1569680,11325212.00
2013-12-25,7.22,7.29,7.15,7.28,1069508,7720213.00
2013-12-26,7.25,7.44,7.20,7.33,2148484,15704263.00
2013-12-27,7.29,7.49,7.29,7.43,2130332,15817687.00
2013-12-30,7.46,7.80,7.44,7.60,3709404,28265756.00
2013-12-31,7.51,7.69,7.51,7.60,2372912,18046000.00
2014-01-02,7.53,7.72,7.53,7.71,2136206,16302165.00
2014-01-03,7.67,7.82,7.60,7.78,2696931,20734828.00
2014-01-06,7.75,8.05,7.58,7.66,4668063,36561892.00
2014-01-07,7.55,7.94,7.48,7.89,3099502,23917384.00
2014-01-08,7.88,8.25,7.82,8.21,6261762,50754984.00
2014-01-09,8.16,8.18,7.81,8.02,3145248,25246340.00
2014-01-10,7.91,8.35,7.90,8.24,4092555,33442776.00
2014-01-13,8.26,8.39,8.12,8.25,3592370,29646006.00
2014-01-14,8.23,8.65,8.05,8.47,3864254,32277900.00
2014-01-15,8.50,8.74,8.32,8.46,2695215,22992042.00
2014-01-16,8.42,8.53,8.15,8.20,2808588,23271270.00
2014-01-17,8.21,8.87,8.10,8.84,4876631,41560180.00
2014-01-20,8.62,8.85,8.35,8.49,3761139,32196192.00
2014-01-21,8.43,9.00,8.42,8.70,4574904,39750768.00
2014-01-22,8.63,9.10,8.58,8.96,4137913,36758108.00
2014-01-23,8.90,9.09,8.81,9.08,3007793,26918620.00
2014-01-24,9.12,9.64,9.06,9.29,5276505,49130364.00
2014-06-23,10.22,10.22,10.22,10.22,44788,457733.38
2014-06-24,11.24,11.24,11.24,11.24,26311,295735.63
2014-06-25,12.36,12.36,12.36,12.36,68707,849218.50
2014-06-26,13.60,13.60,13.60,13.60,42354,576014.38
2014-06-27,14.96,14.96,14.96,14.96,64488,964740.50
2014-06-30,16.46,16.46,16.46,16.46,71432,1175770.75
2014-07-01,18.11,18.11,18.11,18.11,101098,1830884.75
2014-07-02,19.92,19.92,19.92,19.92,541647,10789608.00
2014-07-03,21.91,21.91,21.91,21.91,3594461,78754640.00
2014-07-09,24.10,24.10,24.01,24.10,14224681,342814368.00
2014-07-10,24.98,26.51,24.11,26.51,18311545,472130688.00
2014-07-11,27.17,28.28,26.55,27.60,17912416,492537184.00
2014-07-14,26.88,27.30,25.50,26.00,11500154,302438944.00
2014-07-15,25.62,26.48,24.98,26.30,11677335,301340576.00
2014-07-16,25.87,25.87,23.67,23.95,12542708,307146688.00
2014-07-17,23.89,24.54,23.71,24.23,6107307,147604544.00
2014-07-18,24.03,24.25,22.00,22.30,9280846,211498400.00
2014-07-21,22.10,22.76,21.56,22.44,6318378,140298448.00
2014-07-22,22.15,22.84,22.00,22.80,5152697,116139600.00
2014-07-23,22.90,22.90,21.70,22.31,5354549,118745152.00
2014-07-24,22.00,22.22,21.47,21.73,4140764,90252672.00
2014-07-25,21.67,22.95,21.67,22.15,5040618,113249784.00
2014-07-28,22.26,23.15,22.11,23.03,6209310,141558736.00
2014-07-29,23.19,23.30,22.63,23.15,6185357,142035808.00
2014-07-30,23.00,25.30,22.84,24.86,10433814,254160912.00
2014-07-31,24.39,24.60,24.01,24.28,5093861,123765624.00
2014-08-01,24.20,24.87,22.15,22.38,7943941,185410080.00
2014-08-04,22.30,22.77,21.92,22.69,4252493,94838272.00
2014-08-05,22.42,22.97,22.05,22.48,3652353,82181320.00
2014-08-06,22.33,23.00,22.19,23.00,3383307,76363744.00
2014-08-07,23.25,24.28,22.72,24.15,8835462,208847216.00
2014-08-08,23.80,24.66,23.70,24.15,5521278,133684984.00
2014-08-11,24.34,24.45,23.74,23.99,3749625,89650928.00
2014-08-12,24.00,24.95,23.70,24.30,4141888,101077432.00
2014-08-13,24.05,24.05,23.37,23.61,3400747,80531480.00
2014-08-14,23.50,23.50,22.82,22.94,3233539,74682400.00
2014-08-15,22.72,23.33,22.61,22.94,1896920,43778036.00
2014-08-18,22.82,23.79,22.75,23.45,2799072,65457520.00
2014-08-19,23.67,24.30,23.35,23.57,3838746,91436760.00
2014-08-20,23.46,23.50,22.81,23.05,2755872,63423036.00
2014-08-21,23.05,23.47,22.75,23.41,2520935,58310188.00
2014-08-22,23.24,23.25,22.80,23.00,2100584,48256728.00
2014-08-25,23.00,23.85,22.87,23.17,2922211,68192880.00
2014-08-26,23.30,23.79,22.10,22.27,3471352,79249680.00
2014-08-27,22.00,22.70,21.80,22.29,1885935,41890528.00
2014-08-28,22.33,22.50,21.84,22.28,1878931,41862836.00
2014-08-29,22.30,22.60,22.10,22.57,1365840,30562288.00
2014-09-01,22.78,23.29,21.00,22.80,2787275,63428160.00
2014-09-02,22.83,23.00,22.30,22.93,3425564,77938832.00
2014-09-03,22.86,23.87,22.82,23.59,6763138,158508560.00
2014-09-04,23.59,23.75,23.12,23.30,4291913,100043432.00
2014-09-05,23.30,23.55,23.03,23.17,3192047,74157616.00
2014-09-09,23.30,23.45,22.77,23.40,2586889,59806396.00
2014-09-10,23.26,24.36,23.05,24.28,7371457,176124944.00
2014-09-11,24.27,24.50,23.20,23.44,5977428,142545824.00
2014-09-12,23.33,23.97,23.25,23.58,3267291,77104016.00
2014-09-15,23.59,24.47,23.50,24.45,6315851,152457584.00
2014-09-16,24.54,24.55,23.16,23.18,5765263,137375824.00
2014-09-17,23.40,23.40,22.23,22.66,3382055,76742472.00
2014-09-18,22.66,22.96,22.45,22.57,1647035,37311084.00
2014-09-19,22.47,23.17,22.47,23.04,2272119,52027196.00
2014-09-22,23.03,23.40,22.81,22.85,2153343,49597044.00
2014-09-23,22.99,23.28,22.84,22.86,1967547,45194408.00
2014-09-24,22.86,23.22,22.50,23.09,3995776,91465232.00
2014-09-25,23.00,23.98,22.89,23.73,5516087,129963576.00
2014-09-26,24.17,24.17,23.35,23.49,3408667,80709520.00
2014-09-29,23.41,23.90,23.05,23.05,3687660,86591952.00
2014-09-30,22.98,24.10,22.65,23.90,6711182,156476992.00
2014-10-08,23.70,23.90,23.52,23.81,2774289,65779408.00
2014-10-09,23.82,24.20,23.65,23.90,3980842,95255648.00
2014-10-10,23.86,24.67,23.86,24.49,7764782,189403248.00
2014-10-13,24.35,24.88,24.12,24.65,4430886,108547640.00
2014-10-14,24.65,24.66,23.85,23.99,4868807,118179288.00
2014-10-15,23.96,24.17,23.40,23.81,2508229,59574528.00
2014-10-16,23.61,24.07,23.31,23.34,1889479,44750044.00
2014-10-17,23.03,23.50,21.50,22.35,3256536,73680096.00
2014-10-20,22.36,23.30,22.31,22.58,2088856,47246980.00
2014-10-21,22.42,22.53,21.55,21.86,3103545,68062840.00
2014-10-22,21.98,21.98,21.60,21.75,1613727,35202584.00
2014-10-23,21.56,21.73,20.00,20.41,3027308,63031500.00
2014-10-24,20.49,20.77,20.33,20.53,1292452,26511084.00
2014-10-27,20.60,20.89,20.23,20.70,982932,20223058.00
2014-10-28,20.73,21.29,20.61,21.22,1853043,39011596.00
2014-10-29,21.13,21.61,21.13,21.41,1751968,37540824.00
2014-10-30,21.42,21.80,21.20,21.64,1514505,32624672.00
2014-10-31,21.82,21.82,21.13,21.28,1358062,29025226.00
2014-11-03,21.28,21.39,20.51,20.61,2511184,52402496.00
2014-11-04,20.55,20.77,20.01,20.09,3177208,64648628.00
2014-11-05,20.03,20.42,20.03,20.40,1331776,26995874.00
2014-11-06,20.41,20.66,20.33,20.58,1301412,26719754.00
2014-11-07,20.60,20.65,20.12,20.16,1541313,31557860.00
2014-11-10,19.90,20.25,19.77,19.86,2186860,43583636.00
2014-11-11,19.86,21.43,19.80,20.82,3924683,80959120.00
2014-11-12,20.72,20.72,20.20,20.55,1993694,40668968.00
2014-11-13,20.54,20.54,20.00,20.05,1637915,33101650.00
2014-11-14,20.06,20.40,19.88,20.29,1320122,26572906.00
2014-11-17,20.25,20.69,20.00,20.55,1645472,33647512.00
2014-11-18,20.45,20.78,20.33,20.56,1337017,27478554.00
2014-11-19,20.68,20.88,20.51,20.77,1551929,32141964.00
2014-11-20,20.53,20.64,20.21,20.38,1520108,30986056.00
2014-11-21,20.31,20.60,20.12,20.59,1410095,28733644.00
2014-11-24,20.59,20.73,19.95,20.06,4006680,80535760.00
2014-11-25,20.10,20.13,19.52,19.88,4334459,85754296.00
2014-11-26,19.90,21.00,19.68,20.93,4864041,98058160.00
2014-11-27,20.77,21.12,20.60,20.94,4750809,98980104.00
2014-11-28,20.93,21.10,20.50,20.60,3118633,64761024.00
2014-12-01,20.60,20.85,19.85,19.98,2832118,57175852.00
2014-12-02,19.97,20.37,19.90,19.97,4039632,81063112.00
2014-12-03,20.00,20.64,19.90,20.47,3747415,75909680.00
2014-12-04,20.51,21.09,20.29,21.00,4841176,100133184.00
2014-12-05,21.80,23.00,21.56,22.81,10220316,229383552.00
2014-12-08,22.85,23.09,21.85,22.62,4681140,105597376.00
2014-12-09,22.31,22.46,20.70,20.75,4127924,89689768.00
2014-12-10,20.50,22.25,20.15,22.15,2998630,64756356.00
2014-12-11,22.00,22.80,21.61,22.75,3311744,74240128.00
2014-12-12,22.84,23.08,22.61,22.75,2430138,55358796.00
2014-12-15,22.60,22.95,22.40,22.78,2209669,50062752.00
2014-12-16,22.68,23.10,22.53,22.78,2293976,52548700.00
2014-12-17,22.68,22.72,21.73,22.06,2817658,62406460.00
2014-12-25,21.00,22.70,20.40,21.22,5364054,116472576.00
2014-12-26,22.00,22.05,21.10,21.10,2829767,60724276.00
2014-12-29,21.45,21.45,18.99,18.99,5167105,100063536.00
2014-12-30,18.67,19.24,18.06,18.07,2449123,45181840.00
2014-12-31,18.44,18.58,17.72,17.78,2334657,42102292.00
2015-01-05,17.85,18.13,17.52,17.92,1917515,34094684.00
2015-01-06,17.83,18.63,17.79,18.45,1637563,29727472.00
2015-01-07,18.45,18.55,18.24,18.46,1089697,20034914.00
2015-01-08,18.45,18.45,17.80,18.13,1749344,31556344.00
2015-01-09,17.94,18.26,17.94,17.97,1034349,18757198.00
2015-01-12,17.98,17.99,17.61,17.77,888945,15807687.00
2015-01-13,17.75,18.19,17.65,18.19,981272,17639566.00
2015-01-14,18.21,18.78,18.16,18.30,1428431,26469388.00
2015-01-15,18.19,18.48,18.19,18.31,761022,13953759.00
2015-01-16,18.53,18.99,18.42,18.79,1515129,28326010.00
2015-01-19,18.41,18.41,16.91,17.80,2115555,38152644.00
2015-01-20,17.83,18.35,17.83,18.20,1215272,22037632.00
2015-01-21,18.39,18.89,18.23,18.79,2104757,39308960.00
2015-01-22,18.70,20.25,18.67,20.06,3993618,78036224.00
2015-01-23,20.00,20.20,19.60,19.63,2137964,42581388.00
2015-01-26,19.33,19.76,19.33,19.60,1555761,30343134.00
2015-01-28,18.90,19.97,18.90,19.75,3275069,63783696.00
2015-01-29,19.60,20.46,19.55,20.00,1882445,37831368.00
2015-01-30,19.92,20.17,19.16,19.26,1331433,26234268.00
2015-02-02,19.20,19.20,18.82,18.90,871401,16557516.00
2015-02-03,19.06,19.29,18.71,19.03,1525335,28943248.00
2015-02-04,19.10,19.98,19.02,19.98,2474891,48303516.00
2015-02-05,19.90,20.68,19.71,20.25,2353853,47919764.00
2015-02-06,20.48,20.48,19.50,19.71,1244018,24900796.00
2015-02-09,19.64,19.89,19.16,19.27,809414,15782876.00
2015-02-10,19.15,19.45,19.11,19.22,568851,10965612.00
2015-02-11,19.30,19.60,19.30,19.48,845860,16444380.00
2015-02-12,19.62,20.07,19.43,19.90,813706,16150235.00
2015-02-13,20.26,20.29,20.03,20.09,828523,16700512.00
2015-02-16,20.10,20.84,20.09,20.67,1938293,40053252.00
2015-02-17,20.80,20.88,20.45,20.60,1291291,26576134.00
2015-02-25,20.60,20.93,20.46,20.71,1088803,22599368.00
2015-02-26,20.63,21.40,20.63,21.18,1642555,34604108.00
2015-02-27,21.18,21.39,20.91,21.12,1229573,25965788.00
2015-03-02,21.18,21.37,20.91,21.11,1442320,30363930.00
2015-03-03,20.93,21.08,20.54,20.56,1601073,33274946.00
2015-03-04,20.50,20.87,20.50,20.78,1075308,22308842.00
2015-03-05,20.78,20.83,20.60,20.68,1146854,23728242.00
2015-03-06,20.70,21.71,20.67,21.34,2746390,58933640.00
2015-03-09,21.05,21.23,20.61,21.02,1382700,28961340.00
2015-03-10,21.25,22.06,21.10,21.86,2681963,57996072.00
2015-03-11,21.96,22.95,21.96,22.95,3333651,75514528.00
2015-03-12,23.75,23.75,21.80,22.06,3487497,79210776.00
2015-03-13,22.11,22.84,22.11,22.40,1324688,29724858.00
2015-03-16,22.52,23.52,22.52,23.52,2546420,59216792.00
2015-03-17,23.88,24.68,23.51,24.27,3561216,86403304.00
2015-03-18,24.38,24.72,23.78,24.60,2517108,61643488.00
2015-03-19,24.60,25.79,24.45,25.22,2458275,62278540.00
2015-03-20,25.46,26.48,25.46,26.48,2844019,74407904.00
2015-03-23,27.10,27.80,27.00,27.28,5319973,146821936.00
2015-03-24,27.10,27.10,25.92,26.13,6310611,165748048.00
2015-03-25,26.13,26.20,25.00,25.49,3883476,98803416.00
2015-03-26,25.32,25.48,24.28,24.72,3086792,76695920.00
2015-03-27,24.66,25.96,24.40,25.96,2771000,70466744.00
2015-03-30,26.54,26.57,25.13,25.35,4229895,108638392.00
2015-03-31,24.95,25.95,24.95,25.11,2298518,58122868.00
2015-04-01,25.00,26.30,25.00,25.91,3481195,88802736.00
2015-04-02,25.99,26.50,25.58,26.42,3247111,84484472.00
2015-04-03,26.02,26.99,26.00,26.52,2944846,77983384.00
2015-04-07,26.40,26.71,26.01,26.20,2938915,77176264.00
2015-04-08,26.30,26.30,25.11,25.58,3264975,83366576.00
2015-04-09,25.39,26.86,25.15,26.86,3986021,103889984.00
2015-04-10,26.80,28.20,26.68,27.88,6582626,183427216.00
2015-04-13,27.89,28.38,27.38,28.13,3606022,101075360.00
2015-04-14,28.14,28.23,27.20,27.65,2340719,65074492.00
2015-04-15,27.64,29.03,27.50,29.03,3905788,112696424.00
2015-05-08,27.58,27.58,27.58,27.58,128100,3532998.00
2015-05-11,26.20,26.20,26.20,26.20,395500,10362100.00
2015-05-12,24.89,24.89,24.89,24.89,547900,13637231.00
2015-05-13,23.65,23.65,23.65,23.65,934900,22110384.00
2015-05-14,22.47,24.83,22.47,24.65,33220550,773884224.00
2015-05-15,23.70,24.58,23.42,23.59,18230924,432384512.00
2015-05-18,23.39,24.30,23.25,23.80,7984774,190467216.00
2015-05-19,23.82,24.30,23.68,24.07,6118306,146897952.00
2015-05-20,24.08,25.06,23.95,24.25,7679688,188637792.00
2015-05-21,24.07,24.88,23.96,24.67,6527029,159547504.00
2015-05-22,24.70,25.90,24.70,25.90,5557023,141598624.00
2015-05-25,27.20,27.20,27.20,27.20,425810,11582032.00
2015-05-26,28.56,28.56,27.81,28.56,7975511,226957248.00
2015-05-27,29.99,29.99,29.99,29.99,701224,21029708.00
2015-05-28,31.49,31.49,30.64,31.29,7149777,224851776.00
2015-05-29,29.73,30.72,29.73,29.73,12786117,381155648.00
2015-06-01,29.60,31.22,28.36,31.00,11222003,339555104.00
2015-06-02,31.02,32.29,30.11,30.80,7150064,221679232.00
2015-06-03,30.80,32.34,30.58,32.34,6946623,222202160.00
2015-06-04,33.47,33.49,30.72,31.30,6012328,190878672.00
2015-06-05,31.56,32.50,30.31,31.30,5302662,164885424.00
2015-06-08,31.61,32.87,30.60,32.87,5848168,189405072.00
2015-07-15,31.23,31.23,31.23,31.23,41700,1302291.00
2015-07-16,29.67,29.67,29.67,29.67,3600,106812.00
2015-07-17,28.19,28.19,28.19,28.19,75600,2131164.00
2015-07-20,26.78,26.78,26.78,26.78,55500,1486290.00
2015-07-21,25.44,25.44,25.44,25.44,100900,2566896.00
2015-07-22,24.17,24.17,24.17,24.17,146500,3540905.00
2015-07-23,22.96,25.27,22.96,24.68,18997094,452325024.00
2015-07-24,23.85,24.77,23.45,23.70,9654280,233065120.00
2015-07-27,23.38,24.35,22.52,22.52,6548124,154923056.00
2015-07-28,21.40,22.33,21.39,21.39,4249934,91133288.00
2015-07-29,21.47,22.44,20.32,20.98,6680758,137304528.00
2015-07-30,20.60,21.70,20.20,20.35,6190446,130762888.00
2015-07-31,20.05,21.37,20.05,21.37,4282475,90241456.00
2015-08-03,21.41,22.37,20.50,21.10,5724420,124228192.00
2015-08-04,20.99,22.00,20.57,21.97,4191553,89840304.00
2015-08-05,21.87,22.39,21.59,21.88,3115053,68605888.00
2015-08-06,21.60,22.97,21.37,22.97,1597274,36138172.00
2015-08-07,23.70,24.12,23.00,24.12,3095183,74451128.00
2015-08-10,25.31,25.31,23.79,24.18,6421731,157273216.00
2015-08-11,24.10,24.21,23.57,23.80,4316956,102703328.00
2015-08-12,23.30,24.18,23.20,23.88,2305585,55026648.00
2015-08-13,23.48,23.96,23.35,23.96,1906923,45270556.00
2015-08-14,24.06,25.14,24.05,24.35,3594637,88585608.00
2015-08-17,24.45,25.30,23.89,25.14,3273474,81367568.00
2015-08-18,25.14,25.87,23.88,23.88,5242230,129995992.00
2015-08-19,22.69,23.99,22.69,23.65,4763708,109348704.00
2015-08-20,23.30,24.83,23.12,24.28,3877085,94196440.00
2015-08-21,23.67,24.53,23.07,23.07,2737951,64554964.00
2015-08-24,21.92,22.70,21.92,21.92,1844900,40453432.00
2015-08-25,20.82,20.82,20.82,20.82,162500,3383250.00
2015-08-26,19.78,20.10,19.78,19.78,1812100,35845960.00
2015-08-27,18.80,20.10,18.79,18.79,2049170,39009932.00
2015-08-28,18.11,19.32,17.85,19.02,6424587,117787456.00
2015-08-31,18.50,18.65,18.07,18.07,2590752,46919712.00
2015-09-01,17.52,17.70,17.17,17.17,1789744,30842626.00
2015-09-02,16.31,16.99,16.31,16.31,2468500,40438464.00
2015-09-07,16.30,16.73,15.77,15.87,2068620,33498568.00
2015-09-08,15.43,16.20,15.15,16.17,1696200,26803364.00
2015-09-09,16.36,16.98,16.26,16.98,1724599,29040044.00
2015-09-10,16.98,17.83,16.65,17.78,3058282,53965988.00
2015-09-11,17.78,18.67,17.54,18.34,3590577,65622568.00
2015-09-14,18.32,18.80,17.42,17.42,2912600,52122020.00
2015-09-15,16.55,16.80,16.55,16.55,864200,14345356.00
2015-09-16,15.72,17.38,15.72,17.02,5105609,81897936.00
2015-09-17,16.17,16.17,16.17,16.17,671300,10854921.00
2015-09-22,15.73,15.73,15.73,15.73,0,0.00
数据来源:通达信
