002627 宜昌交运 日线 前复权
      日期	    开盘	    最高	    最低	    收盘	    成交量	    成交额
2011-11-03,18.12,19.98,16.85,16.91,22437894,427150848.00
2011-11-04,17.22,17.73,16.88,17.11,11052773,200839440.00
2011-11-07,16.80,17.54,16.48,17.50,9421969,168487232.00
2011-11-08,17.30,18.03,16.88,17.59,9497402,174962160.00
2011-11-09,17.65,18.31,17.46,18.16,10356561,195525856.00
2011-11-10,17.90,18.54,17.80,17.96,8798572,167910448.00
2011-11-11,17.87,18.04,16.75,16.98,7912829,144157488.00
2011-11-14,17.09,17.51,16.93,17.34,5041647,91440280.00
2011-11-15,17.30,17.40,17.02,17.30,3712768,67162056.00
2011-11-16,17.33,17.77,17.17,17.35,5584289,102568952.00
2011-11-17,17.24,17.54,17.03,17.34,3932182,71598688.00
2011-11-18,17.28,18.30,17.13,17.88,7579736,140932944.00
2011-11-21,17.70,18.28,17.19,17.43,5466499,101615400.00
2011-11-22,17.09,17.10,16.00,16.31,5005740,86506688.00
2011-11-23,16.20,16.58,16.18,16.28,2330819,40237756.00
2011-11-24,15.93,16.14,15.62,15.90,2891134,48482028.00
2011-11-25,15.88,16.04,15.70,15.73,1638658,27438316.00
2011-11-28,15.76,15.93,15.65,15.88,1347506,22515768.00
2011-11-29,16.09,16.14,15.81,16.12,1783169,30132142.00
2011-11-30,16.06,16.06,14.55,14.73,3253009,52543252.00
2011-12-01,15.11,15.57,15.00,15.14,2922620,47093244.00
2011-12-02,15.08,15.08,14.40,14.49,1977948,30785076.00
2011-12-05,14.40,14.46,14.06,14.09,1454548,21919780.00
2011-12-06,14.00,14.40,13.98,14.30,1268312,19219540.00
2011-12-07,14.24,14.60,14.21,14.38,1205777,18459516.00
2011-12-08,14.28,14.66,13.76,14.54,2510122,38152580.00
2011-12-09,14.39,14.44,14.16,14.19,1175020,17822722.00
2011-12-12,14.10,14.30,13.86,13.86,824983,12330543.00
2011-12-13,13.85,13.85,13.29,13.30,1246927,17920964.00
2011-12-14,13.31,13.40,12.84,12.86,982707,13785359.00
2011-12-15,12.85,13.15,12.73,12.75,1219726,16849226.00
2011-12-16,12.80,13.29,12.76,13.28,1221422,17029174.00
2011-12-19,13.27,13.50,12.81,13.45,1563718,22008762.00
2011-12-20,13.28,13.52,13.25,13.28,1266720,18088106.00
2011-12-21,13.50,13.51,12.87,12.87,949126,13431021.00
2011-12-22,12.74,12.85,12.02,12.51,1394103,18566152.00
2011-12-23,12.35,12.86,12.33,12.78,1148948,15582372.00
2011-12-26,12.72,13.08,12.60,12.62,808041,11138182.00
2011-12-27,12.43,12.76,12.20,12.25,676492,9021451.00
2011-12-28,12.10,12.39,11.80,12.27,681976,8901860.00
2011-12-29,12.20,12.43,12.11,12.30,541337,7160855.00
2011-12-30,12.45,12.87,12.41,12.78,1136322,15440697.00
2012-01-04,12.91,13.08,12.25,12.25,1017818,13803006.00
2012-01-05,12.35,13.50,12.27,12.63,2681822,36826284.00
2012-01-06,12.46,13.20,12.28,12.98,2833973,38954480.00
2012-01-09,13.03,13.86,12.92,13.58,4029259,57868412.00
2012-01-10,13.48,13.87,13.30,13.69,3923980,57043608.00
2012-01-11,13.60,13.79,13.42,13.60,2391471,34620724.00
2012-01-12,13.54,13.67,13.26,13.30,2098980,30114916.00
2012-01-13,13.30,14.29,13.30,13.74,4913835,72243792.00
2012-01-16,13.39,14.20,12.96,12.97,3354146,48743184.00
2012-01-17,12.72,13.60,12.19,13.60,3549095,49076900.00
2012-01-18,13.59,13.71,12.92,12.96,2202933,31357512.00
2012-01-19,12.79,13.05,12.63,12.87,1464543,20198104.00
2012-01-20,12.98,13.05,12.78,13.00,1286832,17775612.00
2012-01-30,13.09,13.20,12.72,12.75,1207442,16656270.00
2012-01-31,12.67,12.76,12.28,12.45,1323792,17636576.00
2012-02-01,12.35,12.62,12.32,12.39,929462,12419585.00
2012-02-02,12.45,12.85,12.40,12.79,1016088,13726249.00
2012-02-03,12.72,13.05,12.50,12.89,3760568,51138296.00
2012-02-06,12.87,13.18,12.77,13.00,3596271,49842492.00
2012-02-07,12.92,12.95,12.48,12.56,2534814,34432508.00
2012-02-08,12.51,12.92,12.42,12.87,2362782,32183028.00
2012-02-09,12.80,13.16,12.77,12.98,3297353,45897344.00
2012-02-10,13.00,13.28,12.95,13.19,3806950,53415112.00
2012-02-13,13.11,13.45,13.01,13.40,3389345,48071388.00
2012-02-14,13.38,13.38,13.13,13.26,2203167,31161162.00
2012-02-15,13.24,13.57,13.24,13.41,4644246,66481364.00
2012-02-16,13.38,13.50,13.18,13.35,3191449,45469188.00
2012-02-17,13.35,13.43,13.16,13.28,1894195,26861286.00
2012-02-20,13.42,13.48,13.15,13.20,2647572,37608280.00
2012-02-21,13.27,13.37,12.98,13.37,2549936,35984924.00
2012-02-22,13.39,13.84,13.32,13.80,5732824,83240144.00
2012-02-23,13.71,14.03,13.65,13.99,4714490,69461608.00
2012-02-24,14.02,14.19,13.82,14.00,5541104,82416248.00
2012-02-27,14.05,14.45,13.93,13.98,4875758,73414200.00
2012-02-28,13.97,14.52,13.95,14.43,5369230,81081480.00
2012-02-29,14.40,14.40,13.89,13.89,3616490,54552492.00
2012-03-01,13.89,14.15,13.83,13.95,2468634,36728500.00
2012-03-02,13.92,14.24,13.92,14.23,2513922,37819856.00
2012-03-05,14.22,14.38,14.09,14.15,2699147,40750920.00
2012-03-06,14.13,14.48,13.75,14.45,4077580,61210168.00
2012-03-07,14.27,14.85,14.20,14.24,4893590,75653248.00
2012-03-08,14.18,14.44,14.18,14.41,2918387,44422812.00
2012-03-09,14.41,14.75,14.31,14.74,3529035,54587904.00
2012-03-12,14.79,14.94,14.61,14.94,3039481,47690532.00
2012-03-13,14.84,15.03,14.75,14.96,2785919,43975332.00
2012-03-14,15.00,15.24,13.98,14.08,4836591,75173168.00
2012-03-15,14.00,14.35,13.55,14.09,3792953,56257156.00
2012-03-16,14.09,14.32,13.86,14.26,2903532,43724608.00
2012-03-19,14.35,14.62,14.22,14.62,2883663,44121108.00
2012-03-20,14.46,14.61,13.90,14.04,2690990,40805976.00
2012-03-21,14.15,14.21,13.70,14.10,1397148,20844682.00
2012-03-22,14.20,14.40,14.06,14.29,1878236,28491158.00
2012-03-23,14.24,14.25,13.81,13.98,1472165,21921304.00
2012-03-26,13.85,14.10,13.75,13.92,1556787,23024992.00
2012-03-27,13.99,14.08,13.75,13.76,2132739,31660514.00
2012-03-28,13.65,13.76,12.67,12.73,2112219,29544552.00
2012-03-29,12.75,12.79,12.31,12.50,1130967,15232947.00
2012-03-30,12.65,12.67,12.20,12.35,963341,12874658.00
2012-04-05,12.48,12.76,12.35,12.73,1054268,14236933.00
2012-04-06,12.71,13.08,12.64,12.89,1350381,18613552.00
2012-04-09,12.87,12.99,12.67,12.73,978641,13420612.00
2012-04-10,12.74,12.92,12.34,12.92,1055465,14284850.00
2012-04-11,12.78,13.24,12.60,13.17,1293483,17985576.00
2012-04-12,13.15,13.38,13.00,13.37,1454104,20572874.00
2012-04-13,13.42,13.69,13.27,13.64,1867274,26847254.00
2012-04-16,13.56,13.80,13.50,13.56,1429605,20793848.00
2012-04-17,13.10,13.33,12.80,13.00,2085307,29256222.00
2012-04-18,13.03,13.26,13.03,13.24,1228914,17286388.00
2012-04-19,13.18,13.34,12.96,13.06,1624223,22884594.00
2012-04-20,13.00,13.26,12.98,13.22,1272169,17877772.00
2012-04-23,13.20,13.20,12.50,12.52,1891649,25956166.00
2012-04-24,12.41,12.72,12.20,12.65,1316318,17611772.00
2012-04-25,12.58,12.80,12.45,12.76,1122736,15191640.00
2012-04-26,12.77,13.00,12.61,12.74,679940,9304110.00
2012-04-27,12.79,12.86,12.64,12.79,580212,7920248.50
2012-05-02,12.98,13.67,12.85,13.50,3104749,43909484.00
2012-05-03,13.51,13.74,13.20,13.35,2410025,34427656.00
2012-05-04,13.30,13.40,13.19,13.32,1097113,15600525.00
2012-05-07,13.32,13.55,13.27,13.51,1506357,21585080.00
2012-05-08,13.50,13.54,13.19,13.33,1462869,20844194.00
2012-05-09,13.27,13.40,13.12,13.13,1319387,18649612.00
2012-05-11,13.19,13.22,12.84,12.87,1138661,15811287.00
2012-05-14,13.00,13.16,12.83,13.02,1146396,15911227.00
2012-05-15,12.89,13.04,12.70,13.04,711919,9859432.00
2012-05-16,13.00,13.06,12.83,12.83,559856,7747925.00
2012-05-17,12.83,13.10,12.78,13.01,752071,10435134.00
2012-05-18,12.92,13.28,12.92,13.12,1595257,22350376.00
2012-05-21,13.13,13.25,12.99,13.25,1182265,16619013.00
2012-05-22,13.24,13.34,13.10,13.26,1020575,14418450.00
2012-05-23,13.21,13.30,12.89,13.26,1300314,18275440.00
2012-05-24,13.16,13.24,12.97,13.03,644399,9032220.00
2012-05-25,13.04,13.08,12.58,12.60,787204,10743716.00
2012-05-28,12.62,12.74,12.32,12.69,590335,7912971.50
2012-05-29,12.69,12.88,12.63,12.83,724350,9922619.00
2012-05-30,12.85,12.85,12.71,12.80,522799,7153959.50
2012-05-31,12.77,12.95,12.67,12.90,622518,8560386.00
2012-06-01,12.89,12.91,12.74,12.84,666971,9166193.00
2012-06-04,12.60,12.60,12.34,12.36,627751,8389000.00
2012-06-05,12.40,12.47,12.33,12.41,452280,6020299.00
2012-06-06,12.44,12.55,12.37,12.55,449727,6012271.00
2012-06-07,12.65,12.65,12.37,12.44,448190,6015464.50
2012-06-08,12.59,12.59,12.36,12.45,530834,7094961.00
2012-06-11,12.47,12.63,12.35,12.59,751179,10041249.00
2012-06-12,12.55,12.55,12.34,12.42,510857,6810616.50
2012-06-13,12.42,12.63,12.39,12.61,993131,13318702.00
2012-06-14,12.61,12.72,12.53,12.61,963286,13026377.00
2012-06-15,12.63,12.66,12.48,12.58,680286,8965198.00
2012-06-18,12.57,12.69,12.57,12.65,592784,7849971.50
2012-06-19,12.64,12.66,12.49,12.51,533530,7024886.50
2012-06-20,12.52,12.59,12.48,12.56,537602,7066516.00
2012-06-21,12.55,12.58,12.33,12.36,714349,9302041.00
2012-06-25,12.35,12.35,11.83,11.83,686400,8689103.00
2012-06-26,11.80,11.90,11.65,11.83,555829,6875347.00
2012-06-27,11.82,11.98,11.76,11.77,488972,6093788.00
2012-06-28,11.85,11.97,11.65,11.65,539681,6710973.00
2012-06-29,11.65,11.82,11.51,11.80,735555,9041494.00
2012-07-02,11.95,12.14,11.86,11.99,1072913,13497554.00
2012-07-03,11.88,12.10,11.88,11.99,921117,11622141.00
2012-07-04,11.98,12.59,11.89,12.48,2287366,29346988.00
2012-07-05,12.23,12.28,12.02,12.10,996431,12710780.00
2012-07-06,12.08,12.25,11.78,12.12,897035,11336683.00
2012-07-09,12.03,12.19,11.75,11.80,581666,7305117.00
2012-07-10,11.80,11.93,11.61,11.82,402275,4974162.50
2012-07-11,12.10,12.32,11.90,11.94,896429,11385390.00
2012-07-12,11.73,12.03,11.63,11.98,809416,10073914.00
2012-07-13,11.92,11.92,11.55,11.55,757850,9331860.00
2012-07-16,11.57,11.65,10.40,10.40,1304606,14889968.00
2012-07-17,10.43,10.60,10.31,10.49,595995,6581718.50
2012-07-18,10.41,10.52,10.08,10.45,662323,7196158.00
2012-07-19,10.40,10.73,10.31,10.59,950736,10619335.00
2012-07-20,10.59,10.75,10.40,10.47,571075,6395371.00
2012-07-23,10.38,10.38,10.16,10.30,300108,3263214.75
2012-07-24,10.26,10.63,10.23,10.59,381187,4219987.00
2012-07-25,10.47,10.98,10.47,10.83,984500,11211331.00
2012-07-26,10.95,10.95,10.49,10.49,1320883,14932074.00
2012-07-27,10.55,10.63,10.43,10.51,443852,4934751.50
2012-07-30,10.52,10.63,10.29,10.36,464926,5136599.50
2012-07-31,10.31,10.31,9.78,9.80,1001597,10591897.00
2012-08-01,9.80,10.06,9.78,9.93,518032,5467531.50
2012-08-02,9.85,9.98,9.65,9.75,578874,6007460.00
2012-08-03,9.80,9.96,9.63,9.96,683403,7118496.50
2012-08-06,9.87,10.31,9.83,10.31,1312212,14010116.00
2012-08-07,10.28,10.46,10.16,10.41,1911449,20827484.00
2012-08-08,10.38,10.52,10.30,10.34,1220760,13422019.00
2012-08-09,10.35,10.50,10.27,10.47,1303207,14332078.00
2012-08-10,10.44,10.50,10.36,10.41,709262,7814823.00
2012-08-13,10.40,10.40,10.11,10.11,834149,9030370.00
2012-08-14,10.11,10.15,9.88,10.10,903198,9589389.00
2012-08-15,10.07,10.09,9.92,9.96,443700,4698771.00
2012-08-16,9.91,10.07,9.89,9.99,263899,2798389.00
2012-08-17,10.05,10.08,9.94,10.05,317328,3366875.50
2012-08-20,10.00,10.06,9.84,10.03,645399,6804281.50
2012-08-21,10.03,10.27,9.98,10.21,1027614,11053559.00
2012-08-22,10.21,10.29,10.15,10.17,842838,9109650.00
2012-08-23,10.18,10.47,10.18,10.38,1442752,15805279.00
2012-08-24,10.34,10.41,10.01,10.03,840214,9107797.00
2012-08-27,10.03,10.03,9.77,9.80,549828,5737521.00
2012-08-28,9.78,9.99,9.78,9.91,545320,5711166.50
2012-08-29,9.89,10.00,9.80,9.82,548800,5750012.00
2012-08-30,9.82,9.92,9.53,9.79,623318,6444610.50
2012-08-31,9.82,9.82,9.66,9.76,365088,3774156.75
2012-09-03,9.70,9.93,9.68,9.89,502981,5261952.50
2012-09-04,9.89,9.99,9.83,9.89,624234,6562473.50
2012-09-05,9.86,10.04,9.71,10.00,776290,8194847.50
2012-09-06,10.07,10.20,9.98,10.18,942121,10098289.00
2012-09-07,10.22,10.56,10.22,10.43,2250690,24789214.00
2012-09-10,10.45,10.49,10.35,10.45,1606770,17690176.00
2012-09-11,10.41,10.41,10.26,10.32,985320,10750945.00
2012-09-12,10.39,10.43,10.28,10.41,959675,10519296.00
2012-09-13,10.40,10.53,10.32,10.32,1036143,11433393.00
2012-09-14,10.44,10.45,10.25,10.37,925082,10141123.00
2012-09-17,10.33,10.40,9.95,9.95,891000,9577556.00
2012-09-18,9.91,9.99,9.84,9.89,500436,5254600.00
2012-09-19,9.95,10.00,9.87,9.98,310126,3265177.25
2012-09-20,9.99,9.99,9.63,9.65,476452,4943527.00
2012-09-21,9.70,9.75,9.60,9.61,367131,3764050.75
2012-09-24,9.60,9.69,9.43,9.61,370639,3749318.25
2012-09-25,9.59,9.67,9.49,9.57,218751,2227459.50
2012-09-26,9.63,9.64,9.05,9.10,716331,7063495.50
2012-09-27,9.10,9.34,9.00,9.31,755552,7386265.50
2012-09-28,9.22,9.43,9.21,9.42,503270,5004047.00
2012-10-08,9.40,9.44,9.29,9.36,422487,4207622.00
2012-10-09,9.35,9.80,9.35,9.79,1066589,10928086.00
2012-10-10,9.75,9.96,9.66,9.87,546687,5677520.00
2012-10-11,9.92,10.35,9.72,9.80,1983716,20965994.00
2012-10-12,9.76,10.00,9.73,9.78,647676,6740248.00
2012-10-15,9.72,9.78,9.43,9.52,508642,5178345.00
2012-10-16,9.51,9.65,9.47,9.53,552759,5617173.50
2012-10-17,9.53,9.61,9.46,9.57,288792,2926066.50
2012-10-18,9.54,9.85,9.53,9.77,997937,10346554.00
2012-10-19,9.82,9.83,9.70,9.78,410500,4258522.00
2012-10-22,9.66,9.79,9.63,9.74,492512,5070008.00
2012-10-23,9.75,9.81,9.69,9.72,487899,5048442.00
2012-10-24,9.66,9.77,9.65,9.72,397916,4099527.25
2012-10-25,9.72,9.86,9.70,9.72,544860,5647988.00
2012-10-26,9.69,9.69,9.27,9.34,639928,6402999.00
2012-10-29,9.39,9.42,9.29,9.35,336639,3348062.00
2012-10-30,9.41,9.45,9.31,9.38,319117,3184020.00
2012-10-31,9.31,9.40,9.30,9.37,250693,2492999.25
2012-11-01,9.39,9.54,9.39,9.50,585237,5897434.50
2012-11-02,9.45,9.61,9.45,9.58,694504,7032674.50
2012-11-05,9.50,9.50,9.27,9.35,1263744,12554925.00
2012-11-06,9.32,9.32,9.15,9.23,634502,6234202.50
2012-11-07,9.16,9.31,9.00,9.26,1277446,12511950.00
2012-11-08,9.16,9.16,9.00,9.00,844901,8169487.50
2012-11-09,8.97,9.02,8.94,8.97,339289,3252851.75
2012-11-12,8.98,9.10,8.98,9.10,623482,6026800.50
2012-11-13,9.11,9.15,8.88,8.89,570200,5459766.00
2012-11-14,8.89,9.00,8.82,8.99,557009,5291690.50
2012-11-15,8.93,9.00,8.76,8.77,474435,4483529.00
2012-11-16,8.72,8.77,8.63,8.67,518215,4809212.00
2012-11-19,8.64,8.69,8.56,8.66,377507,3488319.50
2012-11-20,8.68,8.75,8.64,8.66,317897,2954161.25
2012-11-21,8.69,8.77,8.57,8.76,443789,4120113.50
2012-11-22,8.75,8.78,8.66,8.72,370686,3454134.00
2012-11-23,8.75,8.76,8.68,8.70,363701,3389937.25
2012-11-26,8.58,8.73,8.58,8.64,368190,3412237.50
2012-11-27,8.64,8.64,8.21,8.22,542690,4882583.50
2012-11-28,8.16,8.21,7.97,8.00,449998,3892334.75
2012-11-29,8.05,8.10,7.84,7.84,222999,1913544.50
2012-11-30,7.84,7.96,7.83,7.92,326870,2779645.00
2012-12-03,7.92,7.98,7.66,7.67,314570,2641105.00
2012-12-04,7.65,7.74,7.50,7.72,509971,4179488.50
2012-12-05,7.74,8.13,7.70,8.00,763723,6541043.50
2012-12-06,8.00,8.06,7.90,7.96,438080,3751389.50
2012-12-07,7.90,8.16,7.88,8.13,750048,6508953.50
2012-12-10,8.11,8.36,8.10,8.30,896534,7935141.00
2012-12-11,8.28,8.30,8.18,8.22,544888,4816513.50
2012-12-12,8.25,8.28,8.15,8.23,434523,3824206.50
2012-12-13,8.16,8.26,8.15,8.16,617401,5438147.00
2012-12-14,8.12,8.55,8.12,8.51,1490929,13439555.00
2012-12-17,8.56,8.58,8.47,8.57,1006964,9194543.00
2012-12-18,8.56,8.73,8.48,8.58,1079061,9940996.00
2012-12-19,8.56,8.65,8.51,8.62,778702,7149678.50
2012-12-20,8.56,8.72,8.56,8.69,720047,6650483.00
2012-12-21,8.67,8.88,8.58,8.78,1216828,11351086.00
2012-12-24,8.78,8.85,8.70,8.77,993237,9308574.00
2012-12-25,8.75,9.17,8.73,9.13,2023756,19500776.00
2012-12-26,9.15,9.58,9.07,9.52,2874571,28750268.00
2012-12-27,9.58,10.00,9.35,9.35,3672031,37698604.00
2012-12-28,9.31,9.56,9.20,9.52,1905729,19067716.00
2012-12-31,9.56,9.59,9.46,9.52,1239073,12532965.00
2013-01-04,9.60,9.60,9.20,9.38,1913920,19023100.00
2013-01-07,9.34,9.48,9.24,9.48,1109783,11106402.00
2013-01-08,9.50,9.68,9.43,9.63,1545048,15717032.00
2013-01-09,9.57,9.86,9.56,9.66,2167442,22327566.00
2013-01-10,9.60,9.79,9.52,9.63,1289274,13212663.00
2013-01-11,9.63,9.66,9.29,9.33,1258272,12682815.00
2013-01-14,9.38,9.83,9.30,9.80,2367996,24238574.00
2013-01-15,9.82,10.07,9.81,9.98,2697025,28431058.00
2013-01-16,9.98,10.07,9.75,9.85,1747720,18308904.00
2013-01-17,9.98,10.12,9.84,9.93,2180659,23065132.00
2013-01-18,9.92,10.34,9.92,10.14,2341986,25176032.00
2013-01-21,10.17,10.34,10.13,10.19,1785256,19315946.00
2013-01-22,10.19,10.25,9.80,9.86,1563020,16617677.00
2013-01-23,9.86,9.97,9.65,9.97,1231315,12856993.00
2013-01-24,9.96,10.03,9.58,9.61,1351519,14094298.00
2013-01-25,9.61,9.86,9.52,9.80,1231098,12649155.00
2013-01-28,9.79,10.10,9.72,10.10,2134562,22477524.00
2013-01-29,10.20,10.51,10.12,10.25,3421152,37386828.00
2013-01-30,10.23,10.40,10.20,10.35,2057833,22459910.00
2013-01-31,10.35,10.43,10.13,10.27,1418016,15386087.00
2013-02-01,10.26,10.46,10.13,10.27,1715186,18710442.00
2013-02-04,10.35,10.36,10.06,10.14,1191950,12821442.00
2013-02-05,10.05,10.23,9.98,10.18,1000206,10724231.00
2013-02-06,10.15,10.15,9.86,9.94,1991356,21004330.00
2013-02-07,9.99,10.00,9.85,9.97,933604,9814705.00
2013-02-08,10.02,10.15,9.98,10.08,1032541,11020338.00
2013-02-18,10.07,10.20,10.07,10.16,982364,10547079.00
2013-02-19,10.17,10.17,9.88,9.88,968162,10231581.00
2013-02-20,9.86,10.10,9.86,10.06,828628,8788227.00
2013-02-21,9.98,10.11,9.73,9.90,1151813,12139829.00
2013-02-22,9.91,9.94,9.70,9.70,613730,6394778.50
2013-02-25,9.71,9.78,9.66,9.75,583552,6022034.50
2013-02-26,9.70,9.72,9.54,9.56,815610,8351434.00
2013-02-27,9.57,9.65,9.50,9.60,538936,5480948.50
2013-02-28,9.60,9.85,9.57,9.78,836617,8650821.00
2013-03-01,9.78,9.92,9.75,9.88,754830,7869199.50
2013-03-04,9.86,9.86,9.45,9.49,703800,7202627.00
2013-03-05,9.45,9.74,9.45,9.72,520387,5310643.00
2013-03-06,9.79,9.91,9.66,9.90,850167,8865305.00
2013-03-07,9.91,9.99,9.70,9.81,1029434,10755199.00
2013-03-08,9.86,9.88,9.76,9.79,361441,3764281.25
2013-03-11,9.86,9.96,9.73,9.94,611038,6396963.00
2013-03-12,9.94,9.97,9.52,9.60,777342,8028172.50
2013-03-13,9.61,9.68,9.38,9.51,454041,4580184.00
2013-03-14,9.45,9.56,9.42,9.47,311019,3139344.25
2013-03-15,9.45,9.59,9.38,9.45,463662,4666760.50
2013-03-18,9.40,9.47,9.30,9.30,360257,3596969.25
2013-03-19,9.32,9.39,9.16,9.30,371403,3669103.75
2013-03-20,9.30,9.51,9.30,9.51,451914,4543659.00
2013-03-21,9.53,9.57,9.45,9.52,506598,5128993.00
2013-03-22,9.52,9.58,9.50,9.55,375841,3813894.50
2013-03-25,9.54,9.60,9.50,9.59,436364,4432497.00
2013-03-26,9.51,9.59,9.40,9.49,516440,5199363.50
2013-03-27,9.46,9.64,9.46,9.52,527311,5347311.50
2013-03-28,9.41,9.55,9.18,9.20,547224,5408904.50
2013-03-29,9.27,9.27,9.12,9.12,276790,2706621.00
2013-04-01,9.11,9.24,9.11,9.13,226805,2215538.50
2013-04-02,9.19,9.78,9.19,9.43,1185857,12030271.00
2013-04-03,9.40,9.40,9.13,9.22,532104,5240505.50
2013-04-08,9.10,9.11,8.91,9.02,490649,4697758.50
2013-04-09,9.02,9.14,9.02,9.10,308954,2994327.75
2013-04-10,9.12,9.13,9.02,9.08,198951,1923602.13
2013-04-11,9.10,9.13,8.92,9.05,284887,2751269.00
2013-04-12,9.06,9.15,9.02,9.07,209462,2029502.63
2013-04-15,9.01,9.09,8.93,9.00,195484,1875011.88
2013-04-16,8.97,9.09,8.86,9.09,303465,2900843.50
2013-04-17,9.00,9.00,8.81,8.95,725755,6869578.00
2013-04-18,8.85,8.94,8.81,8.90,403854,3821192.25
2013-04-19,8.90,9.05,8.88,9.04,748937,7181218.50
2013-04-22,8.96,8.98,8.85,8.98,701500,6665550.50
2013-04-23,8.95,8.98,8.75,8.81,468153,4417004.00
2013-04-24,8.80,8.93,8.75,8.89,445260,4210404.00
2013-04-25,8.91,8.92,8.75,8.75,399890,3772264.75
2013-04-26,8.75,8.79,8.56,8.57,402845,3730613.50
2013-05-02,8.50,8.55,8.40,8.50,368360,3351598.00
2013-05-03,8.54,8.63,8.52,8.57,281729,2588321.00
2013-05-06,8.61,8.71,8.60,8.68,406618,3763707.50
2013-05-07,8.70,8.72,8.66,8.71,243787,2264434.75
2013-05-08,8.70,8.81,8.66,8.79,487073,4552017.00
2013-05-09,8.80,8.80,8.71,8.78,362815,3388899.25
2013-05-10,8.76,8.85,8.76,8.84,477370,4488363.00
2013-05-13,8.85,8.88,8.80,8.85,412664,3895825.75
2013-05-14,8.85,8.88,8.65,8.72,446691,4177844.75
2013-05-15,8.70,9.38,8.67,9.28,1621292,15682419.00
2013-05-16,9.15,9.34,9.01,9.01,1248487,12117812.00
2013-05-17,9.04,9.18,8.99,9.10,666677,6475730.50
2013-05-20,9.10,9.34,9.10,9.28,923472,9110788.00
2013-05-21,9.29,9.44,9.24,9.39,880945,8774705.00
2013-05-22,9.68,9.68,9.25,9.27,887178,8889212.00
2013-05-23,9.26,9.53,9.25,9.50,1308883,13076680.00
2013-05-24,9.49,9.55,9.25,9.40,2436841,24148824.00
2013-05-27,9.35,9.42,9.31,9.34,926930,9243056.00
2013-05-28,9.39,9.48,9.28,9.48,1061007,10584920.00
2013-05-29,9.48,9.50,9.41,9.43,520070,5226258.00
2013-05-30,9.41,9.80,9.39,9.68,2487093,25491320.00
2013-05-31,9.57,9.70,9.53,9.60,1120411,11426016.00
2013-06-03,9.65,9.74,9.45,9.70,1669689,17093720.00
2013-06-04,9.70,9.79,9.52,9.71,2073661,21312818.00
2013-06-05,9.65,9.85,9.65,9.83,1707436,17705110.00
2013-06-06,9.79,9.84,9.49,9.70,1709380,17441894.00
2013-06-07,9.59,9.59,9.28,9.49,1584802,15857919.00
2013-06-13,9.33,9.39,9.03,9.31,773295,7560703.50
2013-06-14,9.25,9.40,9.22,9.40,653604,6476290.50
2013-06-17,9.40,9.48,9.30,9.39,447632,4376946.50
2013-06-18,9.39,9.51,9.32,9.48,644073,6321743.50
2013-06-19,9.38,9.64,9.38,9.59,1051578,10430904.00
2013-06-20,9.59,9.84,9.53,9.68,2357133,23877576.00
2013-06-21,9.59,10.27,8.67,10.11,6506704,67204888.00
2013-06-24,9.95,10.00,9.06,9.40,2771857,27780254.00
2013-06-25,9.01,9.25,8.43,8.83,2210405,20257708.00
2013-06-26,8.89,9.13,8.72,8.92,979971,9121247.00
2013-06-27,8.92,8.98,8.50,8.79,1622941,14817571.00
2013-06-28,8.71,8.89,8.56,8.83,935361,8535103.00
2013-07-01,8.80,8.84,8.62,8.78,513708,4678379.00
2013-07-02,8.74,8.86,8.71,8.83,532742,4892235.50
2013-07-03,8.80,8.80,8.60,8.70,517893,4701128.50
2013-07-04,8.62,8.80,8.62,8.72,585926,5347998.50
2013-07-05,8.72,8.78,8.67,8.67,440009,4015198.00
2013-07-08,8.58,8.58,8.12,8.25,1007060,8707651.00
2013-07-09,8.26,8.30,8.15,8.24,253883,2188575.50
2013-07-10,8.23,8.44,8.21,8.43,457022,3977897.75
2013-07-11,8.43,8.68,8.40,8.60,602289,5395762.50
2013-07-12,8.60,8.70,8.51,8.51,454479,4081867.00
2013-07-15,8.51,8.77,8.50,8.76,516955,4690575.50
2013-07-16,8.75,8.87,8.63,8.85,531428,4884976.50
2013-07-17,8.72,8.88,8.69,8.75,613364,5630734.50
2013-07-18,8.72,9.00,8.72,8.94,1336679,12441141.00
2013-07-19,8.90,8.98,8.71,8.74,421837,3895615.25
2013-07-22,8.76,8.95,8.73,8.83,236810,2178527.75
2013-07-23,8.83,8.99,8.71,8.94,920610,8583837.00
2013-07-24,8.94,9.03,8.86,8.97,554090,5185806.50
2013-07-25,8.95,8.98,8.71,8.72,462000,4271683.00
2013-07-26,8.72,8.90,8.61,8.73,484727,4450239.50
2013-07-29,8.79,8.82,8.61,8.66,332889,3032851.50
2013-07-30,8.62,8.95,8.62,8.90,652845,6029806.00
2013-07-31,8.90,8.96,8.80,8.87,317223,2946637.75
2013-08-01,8.93,9.02,8.87,8.99,462266,4326331.00
2013-08-02,9.00,9.07,8.92,8.96,347300,3261964.00
2013-08-05,9.04,9.12,8.93,9.10,548872,5190586.00
2013-08-06,9.12,9.14,9.02,9.11,406613,3860399.50
2013-08-07,9.13,9.16,8.94,8.95,574571,5439667.50
2013-08-08,8.95,9.17,8.95,9.11,513622,4883703.50
2013-08-09,9.16,9.19,9.01,9.15,319055,3039163.00
2013-08-12,9.15,9.38,9.09,9.38,997927,9636448.00
2013-08-13,9.32,9.48,9.30,9.44,849352,8327635.50
2013-08-14,9.48,9.48,9.30,9.31,558999,5463416.50
2013-08-15,9.29,9.40,9.24,9.30,513238,4988713.50
2013-08-16,9.39,9.42,9.03,9.10,896361,8656350.00
2013-08-19,9.02,9.16,9.00,9.14,418317,3970692.00
2013-08-20,9.11,9.25,9.07,9.23,455624,4371947.50
2013-08-21,9.19,9.28,9.10,9.27,315655,3029316.50
2013-08-22,9.22,9.33,9.13,9.28,367333,3541857.00
2013-08-23,9.28,9.42,9.17,9.35,556746,5407184.00
2013-08-26,9.35,9.54,9.29,9.48,756978,7462252.00
2013-08-27,9.48,9.55,9.38,9.50,640412,6306904.00
2013-08-28,9.50,9.50,9.33,9.45,584841,5739048.00
2013-08-29,9.45,9.56,9.33,9.37,514063,5054330.00
2013-08-30,9.44,9.96,9.36,9.50,1714559,17235954.00
2013-09-02,9.54,9.58,9.11,9.46,1024464,9993298.00
2013-09-03,9.37,9.46,9.32,9.43,621168,6094898.50
2013-09-04,9.38,9.48,9.34,9.41,392400,3850719.50
2013-09-05,9.44,9.44,9.33,9.34,436129,4262213.50
2013-09-06,9.39,9.70,9.32,9.63,1459324,14496382.00
2013-09-09,9.61,9.76,9.51,9.61,727918,7280156.50
2013-09-10,9.55,9.70,9.54,9.65,847288,8505504.00
2013-09-11,9.64,9.70,9.56,9.63,616724,6175421.00
2013-09-12,9.63,9.87,9.59,9.66,657872,6631255.00
2013-09-13,9.66,9.66,9.51,9.60,397143,3960462.75
2013-09-16,9.60,9.64,9.49,9.60,466200,4645391.00
2013-09-17,9.65,9.85,9.45,9.48,570931,5732466.50
2013-09-18,9.47,9.57,9.43,9.56,351438,3478177.00
2013-09-23,9.56,9.62,9.49,9.61,677644,6732350.00
2013-09-24,9.60,9.65,9.55,9.59,487372,4870633.00
2013-09-25,9.59,9.60,9.48,9.50,714981,7107127.50
2013-09-26,9.48,9.54,9.25,9.30,467033,4563361.00
2013-09-27,9.30,9.34,9.20,9.30,413126,3996458.75
2013-09-30,9.37,9.44,9.30,9.40,258688,2526743.00
2013-10-08,9.43,9.61,9.34,9.57,378681,3759944.25
2013-10-09,9.55,9.72,9.52,9.66,1171376,11741689.00
2013-10-10,9.60,9.74,9.53,9.60,551928,5536090.50
2013-10-11,9.68,9.96,9.68,9.87,1758282,18064682.00
2013-10-14,9.98,9.99,9.81,9.85,1114373,11459363.00
2013-10-15,9.85,9.88,9.71,9.83,778567,7932592.50
2013-10-16,9.76,9.92,9.59,9.67,949008,9583946.00
2013-10-17,9.70,9.82,9.60,9.61,572268,5789183.50
2013-10-18,9.65,9.76,9.57,9.64,671783,6768264.00
2013-10-21,9.65,9.85,9.64,9.78,912713,9254129.00
2013-10-22,9.78,9.83,9.71,9.78,901960,9169929.00
2013-10-23,9.78,9.82,9.55,9.58,782544,7885829.50
2013-10-24,9.56,9.61,9.43,9.50,361590,3588106.50
2013-10-25,9.55,9.60,9.32,9.38,711555,7016676.50
2013-10-28,9.35,9.52,9.31,9.43,338940,3323221.75
2013-10-29,9.40,9.49,8.95,9.06,905496,8647275.00
2013-10-30,9.01,9.16,9.01,9.15,388798,3692718.00
2013-10-31,9.13,9.22,9.11,9.19,424117,4062474.25
2013-11-01,9.13,9.29,9.12,9.21,312909,2999816.00
2013-11-04,9.18,9.28,9.18,9.21,258367,2488025.25
2013-11-05,9.20,9.30,9.18,9.29,399381,3854974.75
2013-11-06,9.29,9.32,9.18,9.20,383399,3700412.25
2013-11-07,9.18,9.25,9.07,9.15,427962,4083616.25
2013-11-08,9.05,9.15,8.96,9.02,322615,3042998.50
2013-11-11,9.03,9.18,8.96,9.18,335788,3190924.75
2013-11-12,9.18,9.30,9.15,9.30,580601,5594918.50
2013-11-13,9.28,9.28,9.20,9.25,398544,3841834.25
2013-11-14,9.17,9.51,9.16,9.50,998814,9798745.00
2013-11-15,9.50,9.75,9.44,9.62,1576214,15863236.00
2013-11-18,9.67,9.80,9.61,9.73,1276493,12928681.00
2013-11-19,9.74,9.87,9.67,9.75,1128108,11492593.00
2013-11-20,9.76,9.81,9.72,9.77,609637,6195182.00
2013-11-21,9.77,9.80,9.60,9.76,1059731,10723680.00
2013-11-22,9.71,9.82,9.68,9.78,854481,8685153.00
2013-11-25,9.85,9.95,9.75,9.92,1099955,11303336.00
2013-11-26,9.91,9.99,9.80,9.88,905880,9322414.00
2013-11-27,9.81,10.10,9.80,10.01,1879187,19459534.00
2013-11-28,10.06,10.10,9.99,10.01,1274667,13328929.00
2013-11-29,10.01,10.35,10.01,10.29,2250253,23948486.00
2013-12-02,9.90,10.15,9.59,9.65,2260058,23108606.00
2013-12-03,9.60,9.91,9.51,9.88,969049,9872444.00
2013-12-04,9.88,10.84,9.82,10.54,4672164,50845072.00
2013-12-05,10.48,10.71,10.43,10.66,3177579,35003428.00
2013-12-06,10.61,10.87,10.38,10.52,2282471,25176342.00
2013-12-09,10.54,10.80,10.52,10.65,2142398,23699708.00
2013-12-10,10.72,10.80,10.58,10.62,2941711,32626530.00
2013-12-11,10.50,10.58,10.22,10.42,2038502,22023036.00
2013-12-12,10.40,10.75,10.26,10.60,2197414,24179096.00
2013-12-13,10.58,10.72,10.41,10.64,1336203,14712495.00
2013-12-16,10.85,11.38,10.55,10.63,4320151,48668464.00
2013-12-17,10.48,10.55,10.25,10.38,1801193,19361394.00
2013-12-18,10.32,10.45,10.20,10.25,962072,10297012.00
2013-12-19,10.32,10.32,10.15,10.23,963052,10264274.00
2013-12-20,10.28,10.33,10.05,10.10,612459,6474495.00
2013-12-23,10.11,10.15,9.80,10.06,555166,5797031.50
2013-12-24,10.06,10.27,10.06,10.17,733591,7764302.50
2013-12-25,10.27,10.54,10.12,10.51,1622636,17586804.00
2013-12-26,10.45,10.59,10.33,10.42,1498424,16293836.00
2013-12-27,10.46,10.72,10.41,10.51,2314871,25473026.00
2013-12-30,10.60,10.74,10.50,10.65,1896626,20872112.00
2013-12-31,10.62,10.64,10.40,10.40,1358450,14764423.00
2014-01-02,10.36,10.55,10.35,10.51,904180,9831662.00
2014-01-03,10.41,10.52,10.28,10.38,998247,10766845.00
2014-01-06,10.20,10.28,9.92,9.98,1476468,15438232.00
2014-01-07,9.91,10.12,9.91,10.05,746128,7787098.00
2014-01-08,10.05,10.21,10.04,10.11,919047,9654872.00
2014-01-09,10.05,10.22,9.77,9.77,1135088,11819830.00
2014-01-10,9.70,9.79,9.54,9.57,902684,9060971.00
2014-01-13,9.57,9.66,9.54,9.60,443750,4441921.50
2014-01-14,9.50,9.88,9.50,9.88,773701,7856789.00
2014-01-15,9.90,10.17,9.77,10.16,1076677,11183219.00
2014-01-16,10.10,10.28,10.06,10.15,690556,7308579.00
2014-01-17,10.13,10.25,9.97,10.09,484010,5087929.00
2014-01-20,10.09,10.15,9.94,10.13,455172,4754363.00
2014-01-21,10.13,10.28,10.07,10.26,629010,6669865.50
2014-01-22,10.26,10.44,10.21,10.40,1247140,13410664.00
2014-01-23,10.43,10.46,10.35,10.42,874417,9454749.00
2014-01-24,10.39,10.54,10.36,10.41,1230222,13322079.00
2014-01-27,10.40,10.48,10.31,10.35,1017858,10993631.00
2014-01-28,10.35,10.45,10.17,10.22,958098,10206685.00
2014-01-29,10.30,10.44,10.20,10.37,914836,9817478.00
2014-01-30,10.38,10.38,10.17,10.19,1169568,12461178.00
2014-02-07,10.08,10.42,10.06,10.39,968949,10354505.00
2014-02-10,10.40,11.09,10.40,10.87,5496770,61339076.00
2014-02-11,10.81,10.94,10.66,10.88,2765588,30993512.00
2014-02-12,10.77,11.20,10.70,11.11,4219092,48121880.00
2014-02-13,11.11,11.11,10.83,10.86,2205029,25100986.00
2014-02-14,10.86,11.20,10.85,11.20,2532574,28998246.00
2014-02-17,11.32,11.49,11.25,11.43,3271822,38576280.00
2014-02-18,11.44,11.60,11.29,11.46,2507092,29718598.00
2014-02-19,11.46,11.51,11.12,11.23,2656527,31072784.00
2014-02-20,11.25,11.33,10.98,11.04,2276751,26347412.00
2014-02-21,10.90,11.15,10.89,11.07,1355401,15444883.00
2014-02-24,11.03,11.14,10.85,11.09,1380859,15737848.00
2014-02-25,11.12,11.19,10.41,10.47,2799077,31306098.00
2014-02-26,10.44,10.54,10.25,10.50,1144592,12395010.00
2014-02-27,10.51,10.65,10.30,10.38,1221955,13328002.00
2014-02-28,10.31,10.51,9.92,10.51,1056670,11330337.00
2014-03-03,10.40,10.66,10.40,10.66,1294885,14195417.00
2014-03-04,10.60,10.70,10.49,10.69,1126611,12380625.00
2014-03-05,10.69,10.75,10.57,10.64,862816,9542723.00
2014-03-06,10.60,10.73,10.42,10.71,728626,8002906.00
2014-03-07,10.58,10.77,10.58,10.63,835997,9279282.00
2014-03-10,10.53,10.53,10.10,10.16,933870,10007338.00
2014-03-11,10.21,10.35,10.11,10.27,504247,5365427.50
2014-03-12,10.27,10.34,9.87,10.03,1563990,16304942.00
2014-03-13,10.04,10.14,10.01,10.12,839380,8798503.00
2014-03-14,10.12,10.20,10.03,10.20,593258,6243141.00
2014-03-17,10.30,10.46,10.22,10.43,777478,8376178.50
2014-03-18,10.40,10.53,10.25,10.42,719568,7808062.50
2014-03-19,10.35,10.58,10.33,10.57,907234,9833131.00
2014-03-20,10.58,10.68,10.35,10.35,1279831,14001862.00
2014-03-21,10.35,10.64,10.24,10.63,982316,10674715.00
2014-03-24,10.65,10.84,10.55,10.72,1071383,11929370.00
2014-03-25,10.66,10.82,10.60,10.78,1263820,14081595.00
2014-03-26,10.84,10.84,10.69,10.84,751381,8394986.00
2014-03-27,10.77,10.89,10.53,10.55,1928444,21262200.00
2014-03-28,10.53,10.58,10.24,10.24,1050065,11330610.00
2014-03-31,10.22,10.36,10.20,10.29,728336,7774034.50
2014-04-01,10.25,10.53,10.21,10.48,718629,7752171.00
2014-04-02,10.51,10.52,10.40,10.47,409730,4447488.50
2014-04-03,10.43,10.50,10.30,10.48,317650,3447178.00
2014-04-04,10.36,10.72,10.36,10.70,963500,10614700.00
2014-04-08,10.70,10.90,10.60,10.82,1843443,20657350.00
2014-04-09,10.85,10.90,10.75,10.84,791174,8873514.00
2014-04-10,10.82,11.03,10.80,10.93,1980583,22452996.00
2014-04-11,10.92,10.97,10.82,10.89,799646,9025376.00
2014-04-14,10.92,11.05,10.84,10.92,1173514,13301379.00
2014-04-15,10.92,10.98,10.81,10.88,670473,7568754.00
2014-04-16,10.96,10.96,10.83,10.88,725939,8188540.50
2014-04-17,10.91,11.03,10.88,10.96,1064900,12087019.00
2014-04-18,10.99,11.02,10.87,10.98,1071555,12175982.00
2014-04-21,10.91,11.08,10.74,10.77,1800318,20484940.00
2014-04-22,10.73,10.83,10.47,10.60,1136017,12511153.00
2014-04-23,10.60,10.72,10.55,10.65,766143,8456816.00
2014-04-24,10.63,10.83,10.60,10.66,1334834,14867311.00
2014-04-25,10.69,10.96,10.69,10.86,2430286,27326796.00
2014-04-28,10.74,10.74,9.75,9.75,3046918,32007138.00
2014-04-29,9.75,9.85,9.58,9.83,1577693,15936355.00
2014-04-30,9.81,10.85,9.74,10.85,3000225,32935668.00
2014-05-05,11.30,11.95,10.98,11.59,13321909,157096992.00
2014-05-06,11.66,12.58,11.40,12.23,14032063,173162128.00
2014-05-07,11.80,11.94,11.44,11.55,10982854,132808096.00
2014-05-08,11.58,12.75,11.58,12.75,12723297,163532512.00
2014-05-09,12.60,12.73,12.15,12.32,12679184,162091840.00
2014-05-12,12.15,12.64,12.00,12.49,9860054,126099432.00
2014-05-13,12.30,12.80,12.04,12.48,10028975,128121920.00
2014-05-14,12.20,12.48,11.91,12.36,7307538,91892320.00
2014-05-15,12.23,12.90,11.72,11.78,10589498,135636736.00
2014-05-16,11.52,12.14,11.46,12.05,7795028,95599368.00
2014-05-19,11.85,11.85,11.25,11.31,6857331,81663432.00
2014-05-20,11.40,11.64,11.25,11.49,5012284,59278720.00
2014-05-21,11.42,11.70,11.12,11.63,3913917,46448080.00
2014-05-22,11.66,11.92,11.51,11.60,5602898,67673544.00
2014-05-23,11.45,11.64,11.25,11.52,3608270,42718348.00
2014-05-26,11.50,11.89,11.40,11.80,4750698,57369576.00
2014-05-27,11.76,11.93,11.69,11.82,3823498,46641508.00
2014-05-28,11.83,11.88,11.42,11.66,3918602,47271836.00
2014-05-29,11.67,11.73,11.20,11.25,3584937,42426572.00
2014-05-30,11.02,11.35,11.02,11.28,2113434,24530366.00
2014-06-03,11.26,11.33,11.19,11.20,1817887,21206564.00
2014-06-04,11.43,12.05,11.37,11.59,5708121,68658016.00
2014-06-05,11.40,11.89,11.28,11.84,5548029,66892352.00
2014-06-06,11.75,12.43,11.68,12.12,8994760,113034768.00
2014-06-09,12.18,12.83,11.97,12.60,9026120,115592888.00
2014-06-10,12.40,12.89,12.33,12.85,8471279,110737016.00
2014-06-11,12.80,12.96,12.45,12.75,6915057,90492400.00
2014-06-12,12.60,13.45,12.33,12.35,15333009,203570112.00
2014-06-13,12.06,12.34,11.91,12.23,7671499,95981216.00
2014-06-16,12.14,12.34,12.00,12.21,4011804,50494104.00
2014-06-17,12.19,12.19,11.88,11.91,3020470,37522320.00
2014-06-18,11.93,12.07,11.84,11.99,2651497,32836054.00
2014-06-19,11.97,12.26,11.41,11.58,4037776,49724128.00
2014-06-20,11.57,11.74,11.35,11.72,2553753,30496924.00
2014-06-23,11.71,12.00,11.60,11.88,2385566,29228016.00
2014-06-24,11.84,12.00,11.80,11.88,1901634,23359730.00
2014-06-25,11.88,11.88,11.60,11.69,1852953,22453888.00
2014-06-26,11.87,12.30,11.77,12.27,4822939,60528796.00
2014-06-27,12.46,12.60,12.28,12.48,5462637,70111312.00
2014-06-30,12.65,12.65,12.35,12.50,3388665,42882732.00
2014-07-01,12.40,12.66,12.40,12.49,2668561,33917344.00
2014-07-02,12.46,12.79,12.26,12.73,3691491,46767004.00
2014-07-03,12.73,12.87,12.60,12.63,3530881,45640572.00
2014-07-04,12.59,12.80,12.40,12.65,2471425,31637878.00
2014-07-07,12.60,12.87,12.58,12.80,2929683,37902104.00
2014-07-08,12.78,13.38,12.71,13.23,6373459,85066608.00
2014-07-09,13.22,13.96,13.11,13.31,7885414,108874752.00
2014-07-10,13.31,13.84,13.25,13.60,4754746,65716580.00
2014-07-11,13.55,14.29,13.41,14.10,4656735,65847900.00
2014-07-14,14.00,14.40,13.80,13.89,4017834,57199236.00
2014-07-15,13.96,13.98,13.42,13.60,3086197,42636424.00
2014-07-16,13.61,13.75,13.38,13.52,1984704,27315050.00
2014-07-17,13.56,13.71,13.18,13.40,2112031,28785468.00
2014-07-18,13.40,13.57,13.22,13.26,1690561,22938010.00
2014-07-21,13.26,13.65,13.26,13.45,2028971,27764858.00
2014-07-22,13.45,13.74,13.37,13.69,2277635,31355766.00
2014-07-23,13.69,13.73,12.99,13.11,2527391,34113508.00
2014-07-24,13.09,13.44,13.08,13.13,1943109,26111614.00
2014-07-25,13.09,13.25,13.00,13.14,2149460,28660604.00
2014-07-28,13.17,13.52,13.14,13.45,1492061,20258078.00
2014-07-29,13.45,13.74,13.41,13.53,2195302,30318408.00
2014-07-30,13.53,13.54,13.35,13.48,1823153,24886542.00
2014-07-31,13.52,13.53,13.20,13.49,2262309,30732374.00
2014-08-01,13.45,13.67,13.31,13.64,2732338,37483412.00
2014-08-04,13.63,14.19,13.60,14.02,3857525,54818756.00
2014-08-05,13.94,14.07,13.81,14.01,1739850,24547486.00
2014-08-06,14.20,14.45,13.84,13.94,3124846,44642056.00
2014-08-07,13.84,13.91,13.55,13.55,2357196,32808478.00
2014-08-08,13.50,13.78,13.43,13.73,1939308,26824764.00
2014-08-11,13.71,13.81,13.64,13.77,1828847,25514708.00
2014-08-12,13.78,13.97,13.73,13.91,1734605,24395154.00
2014-08-13,13.91,13.97,13.57,13.80,1443691,20142132.00
2014-08-14,13.72,13.83,13.60,13.60,1279111,17802192.00
2014-08-15,13.61,13.88,13.51,13.74,1621091,22601416.00
2014-08-18,13.63,13.96,13.54,13.92,2891978,40234508.00
2014-08-19,13.86,14.86,13.82,14.83,5634714,81558560.00
2014-08-20,14.70,14.70,14.32,14.34,6249279,91709568.00
2014-08-21,14.30,14.39,14.03,14.22,2532838,36357700.00
2014-08-22,14.27,14.46,14.26,14.30,1753971,25547854.00
2014-08-25,14.30,14.41,14.06,14.14,1579583,22741788.00
2014-08-26,14.08,14.19,13.78,14.09,1894036,27003950.00
2014-08-27,14.02,14.24,13.95,14.16,1650075,23656242.00
2014-08-28,14.11,14.11,13.58,13.68,2414841,33883740.00
2014-08-29,13.66,13.86,13.65,13.86,993330,13830370.00
2014-09-01,13.87,14.11,13.80,14.06,1341559,19059316.00
2014-09-02,14.05,14.22,14.05,14.20,1746898,25032890.00
2014-09-03,14.20,14.35,14.10,14.23,1946278,28093886.00
2014-09-04,14.20,14.39,14.17,14.28,2058231,29854022.00
2014-09-05,14.29,14.69,14.19,14.62,3502903,51517092.00
2014-09-09,14.62,14.62,14.35,14.50,2314986,33904784.00
2014-09-10,14.46,14.46,14.25,14.38,1981912,28828736.00
2014-09-11,14.38,14.53,14.29,14.37,2864944,41898104.00
2014-09-12,14.39,14.48,14.29,14.48,2028535,29604224.00
2014-09-15,14.50,14.69,14.47,14.61,2713925,40090128.00
2014-09-16,14.62,14.85,14.13,14.16,4192290,61820740.00
2014-09-17,14.15,14.33,13.81,14.06,2424276,34309748.00
2014-09-18,14.01,14.96,14.01,14.74,5879146,86247592.00
2014-09-19,14.68,14.73,14.36,14.62,3265964,48152620.00
2014-09-22,14.55,14.58,14.32,14.47,1690219,24759664.00
2014-09-23,14.45,15.05,14.45,14.96,4897795,73568816.00
2014-09-24,14.98,15.14,14.80,15.08,4380810,66565056.00
2014-09-25,15.08,15.99,15.08,15.43,6495331,101672168.00
2014-09-26,15.49,15.50,15.10,15.21,3804257,58694544.00
2014-09-29,15.30,15.43,15.13,15.35,4913352,75962064.00
2014-09-30,15.36,15.70,15.32,15.58,3167645,49840688.00
2014-10-08,15.70,15.83,15.41,15.64,2421696,38190472.00
2014-10-09,15.55,15.62,15.11,15.40,3442413,53526152.00
2014-10-10,15.35,15.41,15.18,15.32,2108850,32679342.00
2014-10-13,15.26,15.55,15.01,15.47,1726702,26714430.00
2014-10-14,15.45,15.61,15.21,15.37,2249647,35281776.00
2014-10-15,15.35,15.52,15.08,15.52,2027598,31444168.00
2014-10-16,15.56,16.22,15.44,15.86,5095535,81622056.00
2014-10-17,15.84,15.85,14.37,15.35,3957807,61251860.00
2014-10-20,15.20,15.45,15.20,15.40,1705378,26498318.00
2014-10-21,15.40,15.76,15.32,15.35,2133517,33589832.00
2014-10-22,15.35,15.51,15.02,15.02,2038675,31432488.00
2014-10-23,15.02,15.05,14.50,14.60,2138092,31842934.00
2014-10-24,14.59,14.80,14.53,14.58,1272764,18930400.00
2014-10-27,14.69,15.08,14.61,14.89,1466029,22176858.00
2014-10-28,14.90,15.35,14.90,15.29,1771317,27266256.00
2014-10-29,15.46,15.86,15.40,15.71,4012655,63671012.00
2014-10-30,15.72,15.89,15.50,15.63,2442118,38845772.00
2014-10-31,15.64,15.69,15.29,15.40,2547989,39897204.00
2014-11-03,15.59,16.05,15.43,16.00,4178947,67063568.00
2014-11-04,16.03,16.03,15.56,15.84,2810276,44869088.00
2014-11-05,15.76,16.50,15.63,15.98,3156541,51150424.00
2014-11-06,15.70,16.08,15.61,16.06,3901005,62389028.00
2014-11-07,16.06,16.45,15.74,15.89,3928900,64337308.00
2014-11-10,15.88,16.10,15.77,16.08,2403829,38770676.00
2014-11-11,16.08,16.08,15.00,15.15,3239244,50758412.00
2014-11-12,15.02,15.46,14.98,15.41,1531579,23772352.00
2014-11-13,15.47,15.55,14.95,15.00,2215134,34057852.00
2014-11-14,14.94,15.65,14.94,15.10,1954713,30098438.00
2014-11-17,15.15,15.56,15.02,15.52,2029802,31664608.00
2014-11-18,15.52,15.71,15.42,15.61,1630336,25747136.00
2014-11-19,15.62,15.88,15.53,15.83,1782908,28445592.00
2014-11-20,15.80,15.80,15.52,15.63,1168190,18503086.00
2014-11-21,15.56,16.25,15.53,16.17,3000098,48695980.00
2014-11-24,16.15,16.41,16.08,16.14,2647427,43515732.00
2014-11-25,16.11,16.37,16.05,16.25,1827629,30141504.00
2014-11-26,16.21,16.95,16.05,16.60,3068486,51084352.00
2014-11-27,16.58,16.75,16.37,16.49,1945463,32453028.00
2014-11-28,16.63,17.28,16.51,17.15,4718622,81159096.00
2014-12-01,17.30,17.47,16.83,16.91,3122970,53801096.00
2014-12-02,16.79,17.81,16.56,17.65,5573937,97582176.00
2014-12-03,17.56,17.62,17.16,17.48,2931905,51485524.00
2014-12-04,17.48,17.60,17.25,17.33,3115441,54679668.00
2014-12-05,17.26,17.28,16.13,16.20,4237161,70819832.00
2014-12-08,16.10,16.44,15.85,16.41,2833448,46523592.00
2014-12-09,16.40,16.40,15.22,15.24,5191370,82745520.00
2014-12-10,15.25,16.31,15.25,16.18,2793893,44726932.00
2014-12-11,16.01,16.75,15.93,16.69,3390548,56500796.00
2014-12-12,17.15,17.78,16.80,16.95,6022721,105377984.00
2014-12-15,16.80,17.28,16.67,17.16,2945305,50720072.00
2014-12-16,17.17,17.25,16.76,16.78,2046095,34926836.00
2014-12-17,16.66,17.03,16.31,16.67,2838675,47782968.00
2014-12-18,16.67,16.67,16.00,16.02,3627212,59625216.00
2014-12-19,16.09,16.32,15.66,16.32,3533032,57306996.00
2014-12-22,16.12,16.20,14.67,14.91,4262232,65573684.00
2014-12-23,14.91,15.56,14.75,14.95,2112803,32541172.00
2014-12-24,15.10,15.47,15.10,15.43,1924960,29902332.00
2014-12-25,15.45,15.78,15.40,15.56,1693675,26631510.00
2014-12-26,15.51,15.67,15.41,15.49,1769882,27809884.00
2014-12-29,15.53,15.69,14.82,15.09,1797878,27505260.00
2014-12-30,15.10,15.14,14.20,14.24,2839858,41837024.00
2014-12-31,14.15,14.28,13.71,14.05,2321864,32953076.00
2015-01-05,14.10,14.22,13.49,14.11,2480504,34973712.00
2015-01-06,13.96,14.75,13.82,14.56,2965717,43272476.00
2015-01-07,14.63,14.63,14.30,14.37,1659152,24202028.00
2015-01-08,14.38,14.63,14.12,14.37,1646701,24109806.00
2015-01-09,14.37,14.51,14.09,14.09,1785051,25909978.00
2015-01-12,14.29,14.49,14.02,14.20,1409850,20398868.00
2015-01-13,14.11,14.57,14.11,14.45,1396703,20364510.00
2015-01-14,14.39,14.49,14.15,14.45,1461825,21234384.00
2015-01-15,14.45,14.65,14.32,14.64,1941067,28457750.00
2015-01-16,14.51,14.60,13.70,14.29,4830346,69678848.00
2015-01-19,13.99,15.19,13.87,14.70,5836299,86041432.00
2015-01-20,14.56,16.19,14.52,15.85,7784964,122525712.00
2015-01-21,15.81,15.95,15.48,15.88,3068183,48893436.00
2015-01-22,15.85,15.85,15.56,15.66,2412372,38232836.00
2015-01-23,15.62,16.05,15.56,15.68,2057372,32838760.00
2015-01-26,15.70,15.92,15.49,15.92,1728373,27596490.00
2015-01-27,15.71,15.99,15.24,15.82,2639099,41773340.00
2015-01-28,15.64,16.52,15.53,16.34,4574338,74711384.00
2015-01-29,16.04,16.28,15.91,16.10,2430374,39590568.00
2015-01-30,16.12,16.75,16.10,16.23,3627604,60459636.00
2015-02-02,15.90,16.05,15.61,15.70,2137534,34237880.00
2015-02-03,15.66,16.07,15.63,15.88,2663933,42872776.00
2015-02-04,15.88,16.22,15.78,16.09,2291876,37055228.00
2015-02-05,16.21,16.50,16.02,16.09,2922211,48250712.00
2015-02-06,16.09,16.23,15.33,15.36,2449538,38808216.00
2015-02-09,15.41,15.49,14.81,15.00,1371285,20927206.00
2015-02-10,15.13,15.24,15.02,15.18,832351,12766058.00
2015-02-11,15.18,15.48,15.18,15.30,922983,14342070.00
2015-02-12,15.39,15.43,15.16,15.34,1707974,26449484.00
2015-02-13,15.40,15.71,15.40,15.64,1691443,26677872.00
2015-02-16,15.64,16.05,15.63,16.00,1528504,24597708.00
2015-02-17,15.94,16.09,15.90,16.04,1269221,20585526.00
2015-02-25,16.05,16.08,15.51,15.55,3444927,54634724.00
2015-02-26,15.69,15.69,15.49,15.63,1987752,31345304.00
2015-02-27,15.62,15.85,15.53,15.85,3511749,55599196.00
2015-03-02,15.81,16.88,15.81,16.70,6391354,106005904.00
2015-03-03,16.58,16.86,16.41,16.72,4661028,78685784.00
2015-03-04,16.73,17.36,16.62,17.29,4521158,78312256.00
2015-03-05,17.18,17.40,16.82,17.25,2904131,50023336.00
2015-03-06,17.10,17.32,16.43,16.68,2745927,46777988.00
2015-03-09,16.58,16.68,16.25,16.61,1856855,31077882.00
2015-03-10,16.68,18.16,16.62,17.58,5137699,90326576.00
2015-03-11,17.52,17.71,17.12,17.35,2660897,46827800.00
2015-03-12,17.37,17.52,17.08,17.18,1517696,26496814.00
2015-03-13,17.40,17.73,17.22,17.54,1819545,32190596.00
2015-03-16,17.52,17.91,17.52,17.75,3193259,57270332.00
2015-03-17,17.80,17.90,17.33,17.54,4520396,80665664.00
2015-03-18,17.91,18.69,17.90,18.19,5264291,97305032.00
2015-03-19,18.08,18.18,17.73,17.94,3485685,63227776.00
2015-03-20,17.94,18.09,17.74,17.83,4210839,76170320.00
2015-03-23,17.95,18.39,17.82,18.35,4971644,91377560.00
2015-03-24,18.25,18.38,17.50,18.36,4789808,87466568.00
2015-03-25,18.15,19.27,17.97,18.89,7482137,141145856.00
2015-03-26,18.60,19.20,18.41,18.74,4235711,80640104.00
2015-03-27,18.73,20.03,18.55,19.77,6085213,119812816.00
2015-03-30,19.80,20.71,19.80,20.62,5908540,121512352.00
2015-03-31,20.59,20.60,19.88,19.89,4753026,96635400.00
2015-04-01,20.08,21.15,19.94,20.58,4608636,95416232.00
2015-04-02,20.70,21.30,20.60,21.07,3190982,67611064.00
2015-04-03,21.00,21.78,20.78,21.60,3491023,75048928.00
2015-04-07,23.09,23.78,22.46,22.70,7028780,163261392.00
2015-04-08,22.55,22.70,21.80,21.92,4657396,104209600.00
2015-04-09,21.84,23.85,21.84,23.07,5698207,131341168.00
2015-04-10,23.07,24.10,22.90,23.69,3989662,94840776.00
2015-04-13,23.69,24.10,23.20,23.66,3327577,79057480.00
2015-04-14,23.35,23.80,22.30,22.75,3904533,90899576.00
2015-04-15,22.77,23.57,22.40,22.77,3201892,74524168.00
2015-04-16,22.59,23.06,21.59,22.77,2401508,54511104.00
2015-04-17,22.79,23.75,22.69,22.72,3798092,88377968.00
2015-04-20,22.15,22.59,21.30,21.37,3761073,83015136.00
2015-04-21,21.20,21.97,21.01,21.92,2199300,48032736.00
2015-04-22,22.00,23.49,22.00,23.33,3943700,90832688.00
2015-04-23,23.38,24.66,23.02,24.31,4568322,110348080.00
2015-04-24,23.81,24.80,23.56,24.80,4861493,118585992.00
2015-04-27,24.96,25.80,24.00,24.14,5785338,143608336.00
2015-04-28,23.30,23.35,21.78,21.85,6905024,155448976.00
2015-04-29,21.60,22.35,21.18,21.81,4166582,92039448.00
2015-04-30,21.75,22.29,21.75,21.93,2650676,58853096.00
2015-05-04,21.93,22.22,21.80,22.09,2155676,48064408.00
2015-05-05,22.03,22.03,20.54,20.88,2738500,59298840.00
2015-05-06,21.07,21.57,20.55,20.65,3264857,69373472.00
2015-05-07,20.65,21.23,20.58,20.66,2366105,49877000.00
2015-05-08,21.14,22.25,20.80,22.17,3726558,81074648.00
2015-05-11,22.57,23.64,22.35,23.30,4391476,102779520.00
2015-05-12,23.30,24.08,22.80,23.85,5283353,125237168.00
2015-05-13,23.80,24.30,23.28,23.40,3887090,92879240.00
2015-05-14,23.39,23.81,23.15,23.60,3022224,71431480.00
2015-05-15,23.30,23.68,22.89,23.33,2314102,54304560.00
2015-05-18,23.29,24.60,23.02,24.59,4529581,109962696.00
2015-05-19,24.80,26.40,24.80,25.90,5485239,143159712.00
2015-05-20,25.90,26.70,25.90,26.27,4368897,115625016.00
2015-05-21,26.27,28.92,26.27,28.91,4754803,133489408.00
2015-05-22,29.80,29.96,27.97,28.82,5029144,147298368.00
2015-05-25,28.79,30.90,28.10,29.59,5718959,171918512.00
2015-05-26,29.70,30.46,29.31,30.35,4889802,147247936.00
2015-05-27,31.13,31.29,29.78,30.01,4096591,125635456.00
2015-05-28,30.02,32.10,28.37,28.55,6346898,195437568.00
2015-05-29,28.83,30.30,27.80,29.99,5724897,170514960.00
2015-06-01,30.66,32.30,30.66,31.72,5291539,168004944.00
2015-06-02,30.80,34.91,30.80,34.91,5692891,193641936.00
2015-06-03,34.90,37.62,34.00,35.30,5611422,203492768.00
2015-06-04,34.60,35.70,32.28,34.30,4456523,154099184.00
2015-06-05,34.36,36.40,33.70,34.38,4233102,148143824.00
2015-06-08,34.30,34.80,33.33,33.39,3393424,115532528.00
2015-06-09,33.14,34.68,33.14,33.98,2299413,78360896.00
2015-06-10,34.77,35.15,33.60,35.04,3179570,110250792.00
2015-06-11,34.91,37.59,34.62,36.50,5519324,200944096.00
2015-06-12,36.90,40.17,36.90,40.17,5526286,219027504.00
2015-06-15,42.05,43.05,40.60,41.34,5406464,228488096.00
2015-06-16,39.80,42.67,38.50,39.80,4426150,181998000.00
2015-06-17,40.19,40.62,35.80,40.59,3698196,142770400.00
2015-06-18,40.79,40.85,37.62,38.22,2716635,107845960.00
2015-06-19,37.16,38.19,34.38,34.38,3516885,125656536.00
2015-06-23,34.40,35.35,30.92,33.19,4645161,149476352.00
2015-06-24,33.63,34.25,32.30,33.92,4181645,139007824.00
2015-06-25,33.68,36.20,33.19,34.40,4957265,171222944.00
2015-06-26,33.50,33.50,30.96,30.96,5989266,189330704.00
2015-06-29,32.19,32.61,27.86,27.86,4398015,128433080.00
2015-06-30,27.90,30.00,25.07,29.23,6589955,178439744.00
2015-07-01,29.18,31.33,26.52,27.90,4716708,140562816.00
2015-07-02,27.00,27.69,25.11,25.11,7382418,188342320.00
2015-07-03,23.50,24.88,22.60,22.60,4453839,102101376.00
2015-07-06,24.80,24.80,20.34,20.34,5775614,125715408.00
2015-07-07,18.32,18.50,18.31,18.31,2558600,46863536.00
2015-07-08,16.48,17.35,16.48,16.48,12387489,205656656.00
2015-07-09,16.37,18.13,15.88,18.13,3981772,69856152.00
2015-07-10,19.70,19.94,19.00,19.94,1234305,24276544.00
2015-07-13,21.93,21.93,21.06,21.93,4602377,100696432.00
2015-07-14,22.80,24.12,22.00,23.88,7937702,186880656.00
2015-07-15,23.14,23.50,21.49,21.49,3625474,80888080.00
2015-07-16,19.57,22.48,19.57,21.50,3412945,72876624.00
2015-07-17,21.79,23.65,21.00,23.65,5248695,120074880.00
2015-07-20,23.65,24.99,23.28,24.40,5720062,138575184.00
2015-07-21,23.80,26.84,23.33,25.88,5967474,151693680.00
2015-07-22,25.60,26.21,24.58,25.50,4312997,109541008.00
2015-07-23,25.50,27.55,25.05,26.85,3954449,105295648.00
2015-07-24,26.65,27.65,25.90,26.28,4923251,131157816.00
2015-07-27,25.28,26.28,23.65,23.65,3767756,94491912.00
2015-07-28,21.89,23.68,21.29,21.51,5809611,127048040.00
2015-07-29,21.71,22.83,20.01,22.78,3761621,82046256.00
2015-07-30,22.83,23.60,21.81,21.99,4067574,93325808.00
2015-07-31,21.05,21.99,20.50,21.10,2372178,50856988.00
2015-08-03,20.80,21.47,19.01,19.10,2446583,48971420.00
2015-08-04,19.07,21.01,19.07,21.01,3362974,68501168.00
2015-08-05,21.20,21.84,20.80,21.13,3282522,70051008.00
2015-08-06,20.60,21.77,20.40,21.65,2988628,63807808.00
2015-08-07,21.99,23.30,21.99,23.23,3890335,88509464.00
2015-08-10,23.25,25.06,23.25,24.78,3979126,95815472.00
2015-08-11,24.83,24.85,23.78,24.32,4282145,104268472.00
2015-08-12,23.90,24.32,23.71,23.99,2757065,66352104.00
2015-08-13,23.39,26.25,23.39,25.46,3902920,97486456.00
2015-08-14,26.00,27.53,25.01,26.90,5904515,157542768.00
2015-08-17,26.35,28.89,26.10,28.29,4443887,122271312.00
2015-08-18,28.23,29.00,25.46,25.46,4981776,133915296.00
2015-08-19,24.70,26.48,23.01,26.00,4010089,97237576.00
2015-08-20,25.00,25.90,24.10,24.26,2620823,65858768.00
2015-08-21,23.40,24.00,21.83,21.83,4715873,106146504.00
2015-08-24,20.05,20.70,19.65,19.65,2172824,43007692.00
2015-08-25,17.69,17.69,17.69,17.69,948700,16782504.00
2015-08-26,17.00,18.43,15.92,16.04,6168216,103248656.00
2015-08-27,16.50,16.99,15.80,16.85,3817443,62980104.00
2015-08-28,17.36,18.38,17.01,18.28,4099680,71564584.00
2015-08-31,18.00,18.00,16.60,16.71,3590719,62151840.00
2015-09-01,16.71,16.72,15.18,15.21,2869105,45258800.00
2015-09-02,14.60,16.05,14.40,14.67,2879203,43362772.00
2015-09-07,15.20,15.92,14.80,15.51,2828832,44160016.00
2015-09-08,15.13,16.88,15.13,16.71,2555831,40634548.00
2015-09-09,16.92,17.82,16.70,17.60,3543929,61827824.00
2015-09-10,17.39,17.90,17.02,17.16,2182068,37992500.00
2015-09-11,17.13,17.49,16.91,17.35,1497853,25867674.00
2015-09-14,17.36,17.70,15.62,15.62,2717227,44717632.00
2015-09-15,15.00,15.49,14.11,14.19,2135151,31523500.00
2015-09-16,14.39,15.61,14.39,15.61,2706062,40562984.00
2015-09-17,15.95,16.49,15.23,15.48,3233010,51486072.00
2015-09-22,16.89,16.89,16.89,16.89,0,0.00
数据来源:通达信
