002195 二三四五 日线 前复权
      日期	    开盘	    最高	    最低	    收盘	    成交量	    成交额
2007-12-12,6.00,7.02,6.00,6.93,9153807,297023776.00
2007-12-13,6.57,7.39,6.41,6.82,6420806,222601104.00
2007-12-14,6.61,6.71,6.30,6.38,2812548,92172128.00
2007-12-17,6.37,6.57,6.09,6.37,2039259,65674556.00
2007-12-18,6.26,6.40,5.76,5.78,1795101,55134252.00
2007-12-19,5.86,6.00,5.79,5.91,1385248,41498380.00
2007-12-20,5.92,6.09,5.82,6.04,848532,25971118.00
2007-12-21,6.00,6.34,5.97,6.32,1132675,35462436.00
2007-12-24,6.33,6.53,6.24,6.31,1728165,56037852.00
2007-12-25,6.25,6.69,6.20,6.58,1622267,52905140.00
2007-12-26,6.58,6.69,6.51,6.64,1193949,39929340.00
2007-12-27,6.68,6.95,6.59,6.67,1467948,50187324.00
2007-12-28,6.67,6.68,6.43,6.48,983160,32429728.00
2008-01-02,6.41,6.60,6.40,6.51,822402,27053878.00
2008-01-03,6.52,6.69,6.41,6.57,1110318,36871720.00
2008-01-04,6.55,6.55,6.39,6.46,903010,29512576.00
2008-01-07,6.45,6.45,6.24,6.36,1006199,32167186.00
2008-01-08,6.30,6.40,6.22,6.30,702788,22470746.00
2008-01-09,6.30,6.88,6.30,6.83,1723610,57595684.00
2008-01-10,6.83,6.84,6.60,6.67,1162794,39543816.00
2008-01-11,6.67,6.82,6.60,6.71,895180,30497184.00
2008-01-14,6.75,6.98,6.72,6.82,1108111,38616020.00
2008-01-15,6.81,6.92,6.69,6.84,929301,31956086.00
2008-01-16,6.81,6.81,6.63,6.63,786458,26727546.00
2008-01-17,6.64,6.99,6.53,6.99,1544752,53347124.00
2008-01-18,7.09,7.39,6.93,7.18,2130634,77511896.00
2008-01-21,7.02,7.16,6.56,6.61,1076155,37759676.00
2008-01-22,6.48,6.48,5.92,5.92,935986,29155062.00
2008-01-23,5.93,6.22,5.51,6.08,1105674,33429120.00
2008-01-24,6.18,6.30,5.91,6.22,902635,27934948.00
2008-01-25,6.20,6.22,5.94,6.02,582253,18056462.00
2008-01-28,5.90,6.01,5.39,5.39,725673,20607216.00
2008-01-29,5.40,5.58,5.29,5.42,320160,8887623.00
2008-01-30,5.48,5.59,5.39,5.55,343241,9658961.00
2008-01-31,5.61,5.75,5.55,5.55,463351,13304315.00
2008-02-01,5.50,5.60,4.99,5.16,435374,11641531.00
2008-02-04,5.36,5.65,5.22,5.65,523658,14578640.00
2008-02-05,5.52,5.69,5.50,5.66,368305,10523925.00
2008-02-13,5.59,5.68,5.46,5.53,215489,6133374.50
2008-02-14,5.59,5.73,5.58,5.69,212755,6136598.00
2008-02-15,5.68,5.68,5.54,5.60,150743,4298750.00
2008-02-18,5.63,5.79,5.61,5.79,290053,8496585.00
2008-02-19,5.85,5.87,5.72,5.85,236508,7008654.00
2008-02-20,5.87,5.97,5.69,5.70,383485,11372771.00
2008-02-21,5.68,5.77,5.57,5.71,239337,6911725.50
2008-02-22,5.77,5.77,5.42,5.49,341950,9641297.00
2008-02-25,5.43,5.49,5.21,5.22,298140,8095180.00
2008-02-26,5.36,5.48,5.24,5.44,292884,8017425.50
2008-02-27,5.47,5.72,5.46,5.65,452333,12939883.00
2008-02-28,5.73,5.77,5.57,5.65,305750,8818625.00
2008-02-29,5.65,5.77,5.61,5.77,235202,6835799.00
2008-03-03,5.73,5.91,5.69,5.89,353803,10549960.00
2008-03-04,5.92,5.93,5.63,5.73,413274,12167127.00
2008-03-05,5.65,5.73,5.50,5.61,224142,6419802.50
2008-03-06,5.77,5.88,5.65,5.70,301980,8840467.00
2008-03-07,5.65,5.67,5.46,5.51,211217,5995246.50
2008-03-10,5.49,5.51,5.37,5.39,224349,6197812.50
2008-03-11,5.35,5.48,5.28,5.44,183374,5052094.50
2008-03-12,5.40,5.48,5.13,5.13,1911889,51694196.00
2008-03-13,5.03,5.13,4.77,4.87,812006,20575882.00
2008-03-14,4.85,4.99,4.80,4.91,314671,7908696.50
2008-03-17,4.84,4.90,4.52,4.57,358834,8719642.00
2008-03-18,4.57,4.70,4.15,4.25,491124,11188195.00
2008-03-19,4.31,4.48,4.27,4.42,399683,9067440.00
2008-03-20,4.38,4.64,4.01,4.60,523979,11838907.00
2008-03-24,4.65,4.70,4.52,4.52,300153,7136182.50
2008-03-25,4.46,4.66,4.36,4.58,316261,7448888.00
2008-03-26,4.64,4.86,4.58,4.69,407550,9946024.00
2008-03-27,4.66,4.66,4.42,4.47,334680,7876090.00
2008-03-28,4.48,4.59,4.30,4.57,300606,6948098.50
2008-03-31,4.45,4.51,4.38,4.39,268341,6145216.50
2008-04-01,4.31,4.44,3.98,3.99,339732,7291269.50
2008-04-02,4.05,4.07,3.60,3.63,399898,7872280.00
2008-04-03,3.66,3.83,3.53,3.81,267196,5143140.00
2008-04-07,3.84,4.13,3.84,4.11,459423,9633609.00
2008-04-08,4.11,4.25,4.04,4.16,362047,7770740.00
2008-04-09,4.09,4.19,3.88,3.88,286909,6014666.00
2008-04-10,3.82,4.00,3.77,3.98,204849,4148090.25
2008-04-11,3.96,4.14,3.96,4.10,212919,4488823.00
2008-04-14,4.02,4.02,3.76,3.79,277943,5578465.50
2008-04-15,3.82,3.91,3.74,3.91,214039,4248370.50
2008-04-16,3.90,3.94,3.77,3.78,193920,3886597.75
2008-04-17,3.78,3.88,3.60,3.62,242690,4702293.00
2008-04-18,3.65,3.65,3.43,3.47,217726,4015758.50
2008-04-21,3.74,3.76,3.44,3.50,279512,5243891.00
2008-04-22,3.47,3.50,3.22,3.45,272681,4801065.50
2008-04-23,3.45,3.62,3.34,3.59,243365,4472704.50
2008-04-24,3.97,3.97,3.81,3.97,1035161,20986770.00
2008-04-25,3.84,4.09,3.84,3.95,737308,15189778.00
2008-04-28,3.88,3.92,3.80,3.86,352569,7107250.00
2008-04-29,3.85,3.97,3.85,3.91,261659,5320338.00
2008-04-30,3.97,4.25,3.92,4.17,676306,14323195.00
2008-05-05,4.23,4.35,4.09,4.34,564804,12358214.00
2008-05-06,4.25,4.31,4.20,4.23,449017,9879620.00
2008-05-07,4.29,4.29,3.95,3.95,543869,11604897.00
2008-05-08,3.90,4.25,3.90,4.19,619442,13083458.00
2008-05-09,4.20,4.24,4.05,4.13,564126,12111495.00
2008-05-13,4.10,4.32,4.05,4.27,702489,15336581.00
2008-05-14,4.25,4.40,4.25,4.37,601970,13516444.00
2008-05-15,4.37,4.45,4.26,4.27,548581,12273927.00
2008-05-16,4.31,4.33,4.15,4.23,398016,8707010.00
2008-05-19,4.27,4.50,4.23,4.48,812031,18489382.00
2008-05-20,4.50,4.62,4.23,4.25,876023,20031524.00
2008-05-21,4.23,4.39,4.10,4.33,604342,13097060.00
2008-05-22,4.26,4.39,4.25,4.29,436232,9706524.00
2008-05-23,4.21,4.33,4.05,4.13,443962,9581906.00
2008-05-26,4.13,4.13,3.93,3.95,467443,7353977.50
2008-05-27,4.00,4.00,3.89,3.95,196880,3073535.50
2008-05-28,3.96,4.03,3.83,4.00,287915,4522748.50
2008-05-29,4.00,4.00,3.77,3.78,245700,3803796.00
2008-05-30,3.85,4.17,3.80,3.97,761534,12254176.00
2008-06-02,3.89,4.00,3.83,3.91,301700,4683572.50
2008-06-03,3.91,4.11,3.91,4.01,367786,5879632.00
2008-06-04,3.93,4.02,3.92,3.98,169174,2664676.50
2008-06-05,3.94,4.10,3.94,4.09,246518,3960659.75
2008-06-06,4.09,4.39,4.09,4.21,840069,14185773.00
2008-06-10,4.03,4.07,3.77,3.77,556559,8602962.00
2008-06-11,3.61,3.86,3.61,3.80,320001,4818930.50
2008-06-12,3.76,3.84,3.64,3.77,269513,4019252.75
2008-06-13,3.80,4.06,3.80,3.88,904387,14147062.00
2008-06-16,3.92,4.09,3.50,4.08,659623,10008559.00
2008-06-17,3.99,4.49,3.98,4.37,3197814,54622960.00
2008-06-18,4.24,4.59,3.99,4.37,2260046,38684336.00
2008-06-19,4.31,4.35,3.91,3.91,1258035,20803238.00
2008-06-20,3.86,4.13,3.50,3.70,1364557,20579166.00
2008-06-23,3.60,3.61,3.31,3.31,1004313,13963048.00
2008-06-24,3.23,3.41,3.16,3.35,601769,7991869.50
2008-06-25,3.28,3.52,3.26,3.47,569362,7879707.50
2008-06-26,3.45,3.61,3.45,3.58,542192,7667477.50
2008-06-27,3.49,3.49,3.22,3.26,566515,7615016.00
2008-06-30,3.26,3.44,3.23,3.41,480577,6481848.00
2008-07-01,3.41,3.47,3.31,3.38,192621,2622086.50
2008-07-02,3.43,3.47,3.37,3.40,212975,2932950.25
2008-07-03,3.38,3.61,3.29,3.58,463531,6502667.50
2008-07-04,3.58,3.81,3.57,3.69,834067,12359218.00
2008-07-07,3.65,3.81,3.63,3.79,651143,9758120.00
2008-07-08,3.76,3.83,3.71,3.80,428752,6446257.50
2008-07-09,3.79,3.94,3.79,3.88,628515,9649372.00
2008-07-10,3.83,3.94,3.78,3.80,431722,6647434.00
2008-07-11,3.88,3.89,3.66,3.74,453137,6752223.50
2008-07-14,3.67,3.77,3.63,3.74,323315,4798678.50
2008-07-15,3.79,3.88,3.64,3.64,323954,4869032.00
2008-07-16,3.62,3.70,3.39,3.46,365413,5173645.50
2008-07-17,3.57,3.57,3.41,3.47,349460,4898271.50
2008-07-18,3.49,3.57,3.40,3.57,283079,3949898.00
2008-07-21,3.55,3.81,3.49,3.79,543086,8056160.50
2008-07-22,3.75,3.86,3.74,3.76,340000,5132607.50
2008-07-23,3.79,3.81,3.69,3.72,346179,5172914.50
2008-07-24,3.73,3.81,3.72,3.78,331824,4991847.50
2008-07-25,3.75,3.92,3.74,3.83,645259,9939884.00
2008-07-28,3.84,3.90,3.76,3.86,407119,6236688.50
2008-07-29,3.84,3.84,3.72,3.76,276637,4150723.25
2008-07-30,3.81,3.85,3.71,3.72,232574,3479528.50
2008-07-31,3.69,3.80,3.60,3.60,274070,3998934.00
2008-08-01,3.58,3.67,3.51,3.63,216742,3105358.75
2008-08-04,3.60,3.61,3.53,3.56,188090,2677936.25
2008-08-05,3.55,3.57,3.48,3.49,169535,2387825.75
2008-08-06,3.56,3.56,3.46,3.47,149773,2103251.75
2008-08-07,3.46,3.53,3.41,3.48,221410,3066623.50
2008-08-08,3.46,3.48,3.12,3.18,232380,3094471.00
2008-08-11,3.22,3.22,2.91,2.96,410387,5011084.50
2008-08-12,2.93,3.03,2.93,2.96,181272,2182990.25
2008-08-13,2.96,3.08,2.96,3.06,305168,3677689.00
2008-08-14,3.02,3.09,3.00,3.03,66091,810951.13
2008-08-15,2.99,3.07,2.97,2.99,92525,1135046.13
2008-08-18,3.00,3.11,2.83,2.85,243320,2924180.50
2008-08-19,2.89,2.94,2.83,2.91,133662,1570033.50
2008-08-20,2.91,3.17,2.83,3.15,349468,4360303.00
2008-08-21,3.07,3.14,2.97,2.99,243980,3004194.25
2008-08-22,2.96,3.01,2.92,2.95,109173,1308812.13
2008-08-25,2.95,3.02,2.93,2.95,114799,1387729.00
2008-08-26,2.93,2.96,2.75,2.76,139699,1610809.75
2008-08-27,2.76,2.87,2.75,2.86,301521,3450006.25
2008-08-28,2.82,2.85,2.78,2.79,96640,1102229.25
2008-08-29,2.79,2.88,2.77,2.87,122662,1415158.00
2008-09-01,2.87,2.87,2.76,2.78,95321,1081998.00
2008-09-02,2.75,2.84,2.75,2.80,37159,421308.69
2008-09-03,2.77,2.83,2.72,2.77,84636,950810.50
2008-09-04,2.76,2.85,2.76,2.82,151470,1729449.00
2008-09-05,2.81,2.81,2.67,2.69,146801,1627940.63
2008-09-08,2.70,2.70,2.43,2.45,154430,1603957.00
2008-09-09,2.44,2.52,2.43,2.47,88040,887087.31
2008-09-10,2.43,2.61,2.40,2.53,138230,1423028.75
2008-09-11,2.49,2.50,2.39,2.42,186031,1866298.88
2008-09-12,2.40,2.50,2.40,2.50,206166,2087421.38
2008-09-16,2.45,2.56,2.40,2.42,203940,2062553.25
2008-09-17,2.41,2.45,2.30,2.31,131550,1289676.13
2008-09-18,2.31,2.31,2.11,2.21,163469,1475198.75
2008-09-19,2.45,2.45,2.39,2.45,278664,2799866.00
2008-09-22,2.64,2.72,2.48,2.53,440089,4644105.50
2008-09-23,2.43,2.49,2.34,2.35,204413,2016147.00
2008-09-24,2.37,2.37,2.29,2.37,193649,1860498.25
2008-09-25,2.32,2.47,2.32,2.42,340470,3377003.50
2008-09-26,2.41,2.45,2.37,2.41,162791,1617109.00
2008-10-06,2.33,2.33,2.25,2.25,123845,1179699.00
2008-10-07,2.24,2.29,2.12,2.24,135759,1254352.13
2008-10-08,2.21,2.23,2.16,2.21,87523,798029.75
2008-10-09,2.26,2.30,2.19,2.19,64835,596046.63
2008-10-10,2.13,2.15,1.98,2.03,226655,1954693.75
2008-10-13,1.97,2.05,1.92,2.03,97282,809074.50
2008-10-14,2.11,2.11,1.99,1.99,91576,788315.63
2008-10-15,2.00,2.01,1.95,1.97,69524,577213.06
2008-10-16,1.92,1.92,1.76,1.76,163905,1272023.13
2008-10-17,1.77,1.96,1.77,1.96,487086,3960595.50
2008-10-20,1.98,2.15,1.98,2.08,937688,8082573.50
2008-10-21,2.05,2.16,1.99,2.04,691235,5978978.00
2008-10-22,1.99,2.02,1.92,1.92,310119,2592262.75
2008-10-23,1.87,1.97,1.82,1.97,178686,1423731.75
2008-10-24,1.95,1.97,1.86,1.89,193552,1554259.38
2008-10-27,1.83,1.86,1.68,1.68,274534,2048045.63
2008-10-28,1.69,1.76,1.63,1.74,247715,1798242.63
2008-10-29,1.76,1.78,1.70,1.72,144638,1070294.38
2008-10-30,1.76,1.77,1.71,1.73,185219,1377828.63
2008-10-31,1.73,1.74,1.70,1.71,83650,612439.88
2008-11-03,1.68,1.75,1.67,1.71,120141,879492.63
2008-11-04,1.90,1.90,1.75,1.78,387692,2990756.75
2008-11-05,1.78,1.85,1.78,1.83,389090,2998482.00
2008-11-06,1.79,1.83,1.75,1.78,146423,1109861.50
2008-11-07,1.76,1.82,1.72,1.82,237320,1809549.75
2008-11-10,1.85,1.97,1.84,1.94,455707,3663160.25
2008-11-11,1.94,2.16,1.91,2.16,1518691,13487435.00
2008-11-12,2.11,2.29,2.08,2.19,1905090,17538906.00
2008-11-13,2.32,2.32,2.19,2.26,1129059,10581269.00
2008-11-14,2.27,2.50,2.23,2.41,1529822,15062745.00
2008-11-17,2.42,2.57,2.37,2.57,1079172,10977751.00
2008-11-18,2.54,2.54,2.39,2.40,1277036,12966997.00
2008-11-19,2.40,2.58,2.40,2.54,1260312,13078219.00
2008-11-20,2.48,2.55,2.37,2.42,789008,8002896.50
2008-11-21,2.31,2.63,2.31,2.53,1645126,16940034.00
2008-11-24,2.53,2.55,2.37,2.38,550675,5596423.00
2008-11-25,2.42,2.42,2.14,2.19,1153914,10710889.00
2008-11-26,2.18,2.21,2.16,2.18,344921,3139002.75
2008-11-27,2.34,2.36,2.20,2.20,855110,8009943.50
2008-11-28,2.20,2.24,2.14,2.15,345031,3141539.25
2008-12-01,2.17,2.28,2.07,2.28,1057127,9618120.00
2008-12-02,2.21,2.44,2.20,2.37,1146949,11091303.00
2008-12-03,2.37,2.53,2.37,2.50,1090512,11160570.00
2008-12-04,2.51,2.58,2.43,2.45,1385936,14417951.00
2008-12-05,2.43,2.59,2.43,2.58,1070244,11078328.00
2008-12-08,2.60,2.81,2.60,2.77,1955783,21645042.00
2008-12-09,2.74,2.74,2.57,2.59,1456536,15762808.00
2008-12-10,2.56,2.69,2.48,2.66,1243397,13152027.00
2008-12-11,2.59,2.68,2.51,2.51,1084385,11536636.00
2008-12-12,2.50,2.58,2.37,2.40,900171,9104004.00
2008-12-15,2.39,2.52,2.39,2.47,580968,5866615.00
2008-12-16,2.64,2.64,2.45,2.56,886136,9218158.00
2008-12-17,2.56,2.69,2.51,2.66,1266900,13543035.00
2008-12-18,2.67,2.69,2.59,2.68,980799,10596532.00
2008-12-19,2.68,2.83,2.66,2.74,1538192,17303870.00
2008-12-22,2.74,2.98,2.70,2.92,1837833,21188876.00
2008-12-23,2.92,2.92,2.61,2.63,1533862,17049586.00
2008-12-24,2.52,2.62,2.43,2.46,846735,8726793.00
2008-12-25,2.49,2.58,2.45,2.55,706859,7290706.00
2008-12-26,2.55,2.71,2.51,2.61,1066755,11527210.00
2008-12-29,2.62,2.67,2.46,2.62,811442,8531161.00
2008-12-30,2.59,2.78,2.59,2.73,1286390,14259960.00
2008-12-31,2.75,2.82,2.66,2.72,1077159,12063966.00
2009-01-05,2.74,2.87,2.74,2.85,1170650,13344943.00
2009-01-06,2.83,2.89,2.77,2.89,1133297,13056272.00
2009-01-07,2.88,2.91,2.82,2.82,874595,10166898.00
2009-01-08,2.79,2.80,2.72,2.78,695208,7812204.50
2009-01-09,2.78,3.03,2.78,2.95,1422512,16879596.00
2009-01-12,2.95,3.13,2.95,2.99,1486799,18245396.00
2009-01-13,2.93,2.98,2.78,2.80,999713,11656182.00
2009-01-14,2.79,2.93,2.79,2.93,782287,9142793.00
2009-01-15,2.89,2.94,2.85,2.90,675588,7954018.00
2009-01-16,2.90,3.03,2.87,2.88,790873,9450953.00
2009-01-19,2.88,2.93,2.81,2.85,645548,7484028.50
2009-01-20,2.83,2.91,2.83,2.90,439798,5113412.00
2009-01-21,2.84,2.94,2.84,2.88,417973,4926641.00
2009-01-22,2.91,3.01,2.89,2.99,737314,8857032.00
2009-01-23,2.98,3.01,2.91,2.95,498625,5943932.50
2009-02-02,2.98,2.98,2.91,2.97,471131,5634287.50
2009-02-03,2.98,3.11,2.98,3.08,1310828,16246177.00
2009-02-04,3.11,3.11,3.03,3.09,873706,10847446.00
2009-02-05,3.06,3.19,3.03,3.06,1422328,17837370.00
2009-02-06,3.07,3.19,3.07,3.17,1071413,13622863.00
2009-02-09,3.17,3.31,3.13,3.31,1568716,20284076.00
2009-02-10,3.28,3.30,3.18,3.29,1712879,22332702.00
2009-02-11,3.22,3.33,3.15,3.20,1822432,23750696.00
2009-02-12,3.23,3.26,3.11,3.25,1421409,18298062.00
2009-02-13,3.27,3.49,3.25,3.44,2223206,30434168.00
2009-02-16,3.46,3.46,3.33,3.44,1620508,22002362.00
2009-02-17,3.45,3.47,3.27,3.27,1393709,18809670.00
2009-02-18,3.20,3.26,3.11,3.12,999501,12848632.00
2009-02-19,3.25,3.37,3.20,3.24,2029636,26751120.00
2009-02-20,3.21,3.34,3.15,3.31,1295749,17020838.00
2009-02-23,3.28,3.44,3.25,3.41,1272686,17190890.00
2009-02-24,3.36,3.38,3.15,3.15,1644878,21655470.00
2009-02-25,3.16,3.32,3.16,3.24,1018817,13202683.00
2009-02-26,3.25,3.32,2.91,2.95,1362983,17396424.00
2009-02-27,2.96,2.96,2.67,2.70,1064102,12103976.00
2009-03-02,2.66,2.77,2.62,2.76,674935,7470772.00
2009-03-03,2.67,2.79,2.62,2.76,509410,5672064.00
2009-03-04,2.82,2.94,2.77,2.93,885665,10364584.00
2009-03-05,2.95,3.05,2.89,2.99,1144187,13802931.00
2009-03-06,2.95,3.06,2.91,3.02,730287,8910549.00
2009-03-09,2.98,3.05,2.84,2.88,683112,8155300.50
2009-03-10,2.87,2.95,2.80,2.95,378428,4439751.50
2009-03-11,3.02,3.08,2.97,2.98,696709,8512093.00
2009-03-12,2.96,2.98,2.80,2.92,595484,6971842.00
2009-03-13,2.94,3.01,2.91,2.97,468013,5603751.00
2009-03-16,2.96,3.08,2.96,3.06,873033,10663460.00
2009-03-17,3.02,3.17,3.01,3.16,921762,11554823.00
2009-03-18,3.14,3.21,3.12,3.13,1073589,13734527.00
2009-03-19,3.13,3.20,3.12,3.17,654166,8353260.00
2009-03-20,3.16,3.19,3.06,3.15,769854,9726562.00
2009-03-23,3.15,3.23,3.09,3.23,1099563,14155567.00
2009-03-24,3.28,3.28,3.19,3.23,844369,10982686.00
2009-03-25,3.19,3.25,3.14,3.14,745978,9611996.00
2009-03-26,3.17,3.25,3.15,3.23,899289,11626196.00
2009-03-27,3.23,3.26,3.19,3.23,1173042,15264146.00
2009-03-30,3.25,3.34,3.23,3.28,971315,12863780.00
2009-03-31,3.22,3.32,3.18,3.31,983760,12796048.00
2009-04-01,3.32,3.46,3.30,3.41,1682543,22978164.00
2009-04-02,3.44,3.77,3.39,3.77,1687412,24763366.00
2009-04-03,3.97,4.18,3.95,4.18,6643403,108170792.00
2009-04-07,4.29,4.62,4.27,4.62,5820980,101828928.00
2009-04-08,4.98,5.10,4.64,4.67,6674334,129243640.00
2009-04-09,4.53,4.96,4.53,4.86,4893079,92370064.00
2009-04-10,4.68,5.30,4.56,5.12,6018797,115409904.00
2009-04-13,5.07,5.41,4.94,5.12,5269985,106568576.00
2009-04-14,5.07,5.54,4.88,5.28,5476753,111229776.00
2009-04-15,5.17,5.76,5.04,5.58,5548121,120119064.00
2009-04-16,5.63,5.69,5.25,5.25,4145863,87155896.00
2009-04-17,5.25,5.26,4.88,4.93,2959544,58173068.00
2009-04-20,4.85,4.96,4.77,4.89,2040116,39002592.00
2009-04-21,4.81,4.90,4.57,4.70,2020594,37795900.00
2009-04-22,4.72,4.90,4.51,4.56,2134788,39683764.00
2009-04-23,4.56,4.80,4.51,4.75,1933247,35527180.00
2009-04-24,4.72,4.72,4.55,4.57,1326692,24167902.00
2009-04-27,4.57,4.63,4.34,4.39,1297641,22806478.00
2009-04-28,4.39,4.51,4.37,4.48,1405478,24626388.00
2009-04-29,4.47,4.64,4.43,4.57,1596005,28636246.00
2009-04-30,4.59,4.67,4.51,4.52,1353004,24428822.00
2009-05-04,4.45,5.00,4.43,5.00,2814486,53619032.00
2009-05-05,5.14,5.19,4.88,4.89,2748612,53871604.00
2009-05-06,4.83,4.92,4.76,4.83,1686568,32039184.00
2009-05-07,4.87,5.05,4.54,4.97,2846145,54032880.00
2009-05-08,4.83,4.91,4.74,4.76,1435500,27138608.00
2009-05-11,4.77,4.79,4.41,4.41,1233408,22460572.00
2009-05-12,4.41,4.53,4.39,4.49,772762,13639180.00
2009-05-13,4.49,4.55,4.44,4.53,898009,15963971.00
2009-05-15,4.51,4.60,4.44,4.56,993839,17764428.00
2009-05-18,4.57,4.66,4.53,4.59,871237,15734034.00
2009-05-19,4.61,4.63,4.54,4.57,806796,14582394.00
2009-05-20,4.56,4.73,4.54,4.60,1188661,21869458.00
2009-05-21,4.55,4.55,4.35,4.35,1150071,20181486.00
2009-05-22,4.35,4.43,4.35,4.40,671193,11649304.00
2009-05-25,4.37,4.42,4.25,4.38,667919,11458138.00
2009-05-26,4.41,4.84,4.40,4.83,4381171,82329872.00
2009-05-27,4.77,4.77,4.54,4.56,2265582,41040472.00
2009-06-01,4.58,4.58,4.43,4.51,1361512,24085700.00
2009-06-02,4.51,4.55,4.39,4.46,1654101,28924290.00
2009-06-03,4.45,4.54,4.43,4.46,999445,17641862.00
2009-06-04,4.47,4.93,4.47,4.73,4949927,92650752.00
2009-06-05,4.73,4.97,4.66,4.87,4988569,94321928.00
2009-06-08,4.89,5.38,4.89,5.29,6226716,126813456.00
2009-06-09,5.24,5.37,4.79,4.95,4048455,79147664.00
2009-06-10,4.89,4.91,4.74,4.81,2225398,41812616.00
2009-06-11,4.77,4.85,4.72,4.74,1226331,22917478.00
2009-06-12,4.77,4.89,4.51,4.62,1310990,24408282.00
2009-06-15,4.56,5.01,4.53,4.90,2128396,39748292.00
2009-06-16,4.77,4.98,4.75,4.82,2000544,38194908.00
2009-06-17,4.67,4.79,4.65,4.77,1152908,21319044.00
2009-06-18,4.74,4.79,4.70,4.75,878394,16317013.00
2009-06-19,4.79,4.83,4.69,4.78,991675,18494026.00
2009-06-22,4.83,5.12,4.83,4.86,2096034,40665068.00
2009-06-23,4.86,4.86,4.75,4.79,831006,15577943.00
2009-06-24,4.82,4.82,4.75,4.78,769053,14377301.00
2009-06-25,4.81,4.99,4.75,4.84,1621905,31122434.00
2009-06-26,4.84,4.85,4.73,4.75,1091573,20382242.00
2009-06-29,4.75,4.75,4.65,4.67,1019245,18690548.00
2009-06-30,4.67,4.71,4.58,4.65,1060281,19245296.00
2009-07-01,4.65,4.68,4.61,4.66,579669,10560787.00
2009-07-02,4.66,4.79,4.66,4.67,789383,14569814.00
2009-07-03,4.69,4.78,4.67,4.70,954919,17695354.00
2009-07-06,4.71,4.76,4.60,4.63,1029216,18661702.00
2009-07-07,4.64,4.68,4.60,4.65,727681,13274999.00
2009-07-08,4.67,4.85,4.63,4.83,2049672,38265572.00
2009-07-09,4.78,4.97,4.78,4.94,2258497,43394488.00
2009-07-10,4.97,5.12,4.83,4.88,2369623,46116004.00
2009-07-13,4.87,4.97,4.81,4.93,1332772,25519890.00
2009-07-14,4.97,4.99,4.88,4.96,1567929,30342746.00
2009-07-15,4.98,5.09,4.93,5.03,1759936,34542508.00
2009-07-16,5.02,5.12,4.98,4.99,1693546,33363474.00
2009-07-17,4.99,5.25,4.95,5.19,2630572,52699956.00
2009-07-20,5.20,5.65,5.16,5.61,3678328,76849168.00
2009-07-21,5.59,5.59,5.12,5.17,2944012,60945928.00
2009-07-22,5.12,5.24,4.99,5.06,1958462,38775060.00
2009-07-23,5.06,5.16,4.99,5.07,1400092,27528496.00
2009-07-24,5.05,5.11,4.87,4.96,1201117,23413200.00
2009-07-27,5.00,5.09,4.94,5.06,1183980,23221508.00
2009-07-28,5.11,5.12,5.00,5.10,1206297,23921296.00
2009-07-29,5.12,5.37,4.71,5.09,2942270,59337640.00
2009-07-30,5.09,5.49,4.96,5.43,5171248,107442608.00
2009-07-31,5.34,5.78,5.33,5.39,5524393,118709144.00
2009-08-03,5.39,5.44,5.17,5.35,2443848,50586004.00
2009-08-04,5.38,5.38,5.18,5.25,1806085,37011988.00
2009-08-05,5.24,5.46,5.20,5.35,1454240,30312724.00
2009-08-06,5.28,5.35,5.12,5.22,1305078,26650980.00
2009-08-07,5.22,5.30,4.99,5.03,1192768,24055020.00
2009-08-10,5.07,5.18,4.99,5.17,843909,16802768.00
2009-08-11,5.25,5.33,5.12,5.29,1345082,27521310.00
2009-08-12,5.28,5.29,5.07,5.09,874679,17622198.00
2009-08-13,5.09,5.12,4.99,4.99,749057,14719306.00
2009-08-14,4.98,5.06,4.54,4.59,1020944,19234476.00
2009-08-17,4.57,4.57,4.19,4.29,987533,16952628.00
2009-08-18,4.06,4.34,4.06,4.33,455528,7610296.50
2009-08-19,4.34,4.34,3.87,3.92,658947,10508198.00
2009-08-20,3.85,4.05,3.81,4.03,866891,13515543.00
2009-08-21,3.95,4.28,3.92,4.23,1195714,19549942.00
2009-08-24,4.23,4.29,4.11,4.23,877928,14486317.00
2009-08-25,4.23,4.67,4.23,4.50,2545301,44599804.00
2009-08-26,4.35,4.58,4.33,4.56,1931939,33949560.00
2009-08-27,4.56,4.64,4.42,4.55,1581250,28116924.00
2009-08-28,4.55,4.55,4.27,4.27,942146,16163566.00
2009-08-31,4.24,4.24,3.82,3.82,1003100,15571515.00
2009-09-01,3.76,3.89,3.76,3.81,542324,8203471.50
2009-09-02,3.79,4.05,3.79,4.05,596654,9124945.00
2009-09-03,4.05,4.21,3.96,4.17,1072157,17394448.00
2009-09-04,4.06,4.21,4.06,4.21,951336,15530505.00
2009-09-07,4.17,4.29,4.15,4.18,900735,14931490.00
2009-09-08,4.12,4.62,4.12,4.59,1472924,25026668.00
2009-09-09,4.59,4.63,4.46,4.53,2773025,49729368.00
2009-09-10,4.55,4.55,4.30,4.38,1001893,17378412.00
2009-09-11,4.32,4.52,4.32,4.45,1030796,17941780.00
2009-09-14,4.47,4.58,4.41,4.54,1115373,19772866.00
2009-09-15,4.52,4.72,4.51,4.61,2009951,36544904.00
2009-09-16,4.56,4.93,4.56,4.72,1865920,34564380.00
2009-09-17,4.68,4.91,4.67,4.83,2678185,50604764.00
2009-09-18,4.85,4.87,4.39,4.51,1802815,33069582.00
2009-09-21,4.51,4.63,4.31,4.60,892944,15749529.00
2009-09-22,4.61,4.64,4.42,4.43,731955,13049728.00
2009-09-23,4.43,4.51,4.22,4.27,804985,13748821.00
2009-09-24,4.19,4.41,4.10,4.34,777432,13083838.00
2009-09-25,4.33,4.39,4.29,4.36,465275,7947215.50
2009-09-28,4.33,4.39,4.10,4.18,363312,6094859.00
2009-09-29,4.18,4.18,3.84,3.97,382051,6055241.00
2009-09-30,3.97,4.08,3.97,4.02,346804,5526309.50
2009-10-09,4.07,4.33,4.06,4.27,487065,8046939.00
2009-10-12,4.24,4.32,4.21,4.24,414100,6978875.00
2009-10-13,4.25,4.37,4.22,4.37,393001,6647630.00
2009-10-14,4.32,4.43,4.32,4.36,565029,9748085.00
2009-10-15,4.39,4.42,4.33,4.37,373492,6413248.00
2009-10-16,4.37,4.42,4.26,4.40,457249,7800674.50
2009-10-19,4.38,4.83,4.35,4.79,1560822,28179748.00
2009-10-20,4.80,4.86,4.70,4.80,3067222,57648792.00
2009-10-21,4.74,4.74,4.63,4.63,1374908,25186566.00
2009-10-22,4.63,4.85,4.51,4.78,2068448,38454612.00
2009-10-23,4.73,4.91,4.72,4.77,1568641,29485474.00
2009-10-26,4.75,4.75,4.60,4.67,750068,13725370.00
2009-10-27,4.65,4.65,4.47,4.47,786258,14001370.00
2009-10-28,4.45,4.57,4.45,4.56,548969,9760844.00
2009-10-29,4.45,4.68,4.42,4.60,891231,15997857.00
2009-10-30,4.69,4.69,4.54,4.54,849638,15370694.00
2009-11-02,4.48,4.58,4.27,4.55,825344,14484041.00
2009-11-03,4.55,4.72,4.54,4.71,1091725,19979080.00
2009-11-04,4.75,4.81,4.67,4.75,1231606,22893420.00
2009-11-05,4.80,4.82,4.72,4.77,1054728,19698216.00
2009-11-06,4.80,5.09,4.75,5.06,2481932,47373948.00
2009-11-09,5.05,5.21,4.89,5.17,4196307,82874784.00
2009-11-10,5.08,5.12,4.97,4.99,1962649,38904036.00
2009-11-11,4.94,5.05,4.87,4.92,1008234,19474928.00
2009-11-12,4.98,4.99,4.90,4.90,1027602,19830542.00
2009-11-13,4.89,4.98,4.84,4.94,783522,15045970.00
2009-11-16,5.12,5.12,4.97,5.02,1137446,22365446.00
2009-11-17,5.09,5.09,4.96,4.99,818711,15983522.00
2009-11-18,4.99,5.06,4.95,5.03,1021248,20023622.00
2009-11-19,5.05,5.16,5.01,5.12,1935700,38608772.00
2009-11-20,5.10,5.50,5.09,5.36,2844110,58465900.00
2009-11-23,5.26,5.32,5.19,5.27,2025738,41472736.00
2009-11-24,5.28,5.29,4.85,4.85,1953566,39001388.00
2009-11-25,4.80,5.02,4.78,5.01,1049578,20163270.00
2009-11-26,5.01,5.07,4.75,4.81,1250907,24085456.00
2009-11-27,4.74,4.83,4.62,4.79,954370,17679002.00
2009-11-30,4.81,5.29,4.80,5.28,1812954,35977956.00
2009-12-01,5.25,5.49,5.20,5.45,6052384,127114608.00
2009-12-02,5.45,5.45,5.30,5.42,2846309,59617268.00
2009-12-03,5.40,5.40,5.29,5.35,1371003,28563548.00
2009-12-04,5.31,5.42,5.07,5.14,1674078,34148812.00
2009-12-07,5.09,5.22,5.08,5.19,727634,14654331.00
2009-12-08,5.15,5.19,5.01,5.11,826912,16401244.00
2009-12-09,5.09,5.38,5.03,5.18,1333158,27331576.00
2009-12-10,5.17,5.22,5.09,5.18,692475,13894109.00
2009-12-11,5.25,5.25,5.10,5.10,551100,11122578.00
2009-12-14,5.10,5.22,5.08,5.21,826442,16641589.00
2009-12-15,5.22,5.35,5.20,5.29,1020364,21056926.00
2009-12-16,5.28,5.32,5.18,5.20,604591,12366538.00
2009-12-17,5.16,5.19,4.88,4.90,865474,16928258.00
2009-12-18,4.89,4.89,4.64,4.74,751731,14011184.00
2009-12-21,4.74,4.81,4.67,4.81,355379,6632921.50
2009-12-22,4.85,5.31,4.77,5.30,3050030,60392388.00
2009-12-23,5.28,5.35,5.07,5.19,3668195,74972704.00
2009-12-24,5.20,5.36,5.15,5.30,2396798,49387056.00
2009-12-25,5.28,5.56,5.21,5.41,3759096,79716960.00
2009-12-28,5.39,5.52,5.34,5.50,2220901,47067960.00
2009-12-29,5.52,5.57,5.31,5.41,1975165,41647316.00
2009-12-30,5.39,5.42,5.22,5.27,1350158,27820862.00
2009-12-31,5.27,5.42,5.20,5.39,1336200,27860818.00
2010-01-04,5.41,5.46,5.30,5.36,1262111,26343652.00
2010-01-05,5.34,5.56,5.34,5.52,2610579,55710840.00
2010-01-06,5.52,5.57,5.43,5.49,2100186,45117888.00
2010-01-07,5.49,5.65,5.27,5.31,3035616,65342056.00
2010-01-08,5.23,5.41,5.12,5.38,2180292,44972788.00
2010-01-11,5.36,5.71,5.25,5.70,2946981,63715608.00
2010-01-12,5.65,5.83,5.57,5.68,3168755,70189368.00
2010-01-13,5.56,5.95,5.53,5.86,3896486,88336760.00
2010-01-14,5.88,6.05,5.84,5.89,3306994,76234344.00
2010-01-15,5.86,6.15,5.80,5.88,2510540,58150876.00
2010-01-18,5.86,5.92,5.71,5.89,1792228,40410060.00
2010-01-19,5.90,6.05,5.85,6.05,2333289,54083828.00
2010-01-20,6.02,6.04,5.47,5.47,2214351,49385692.00
2010-01-21,5.57,5.59,5.39,5.47,1127520,24123800.00
2010-01-22,5.44,5.44,5.20,5.33,1152013,23811380.00
2010-01-25,5.22,5.41,5.22,5.33,694814,14430029.00
2010-01-26,5.33,5.44,5.01,5.09,749292,15114010.00
2010-01-27,5.09,5.20,5.01,5.11,732681,14680330.00
2010-01-28,5.10,5.19,5.10,5.18,514099,10346611.00
2010-01-29,5.14,5.33,5.10,5.16,663814,13556782.00
2010-02-01,5.11,5.20,4.75,4.81,944324,18055816.00
2010-02-02,4.85,4.98,4.82,4.84,621482,11877734.00
2010-02-03,4.84,4.95,4.65,4.93,700975,13261270.00
2010-02-04,4.86,5.06,4.84,4.98,934389,18212378.00
2010-02-05,4.80,4.89,4.73,4.82,703997,13210479.00
2010-02-08,4.82,4.87,4.76,4.84,350227,6625190.50
2010-02-09,4.83,4.91,4.78,4.83,365038,6927535.50
2010-02-10,4.90,4.92,4.83,4.92,383247,7326392.00
2010-02-11,4.92,4.99,4.90,4.97,462004,8953743.00
2010-02-12,4.96,5.01,4.91,4.97,353218,6859282.50
2010-02-22,4.96,5.01,4.94,4.98,364080,7083109.00
2010-02-23,5.38,5.38,5.04,5.13,1033620,20652518.00
2010-02-24,5.23,5.23,5.07,5.17,668093,13437701.00
2010-02-25,5.17,5.31,5.16,5.28,919171,18903436.00
2010-02-26,5.28,5.35,5.22,5.26,918491,18929508.00
2010-03-01,5.23,5.33,5.23,5.29,797886,16461981.00
2010-03-02,5.29,5.33,5.21,5.32,1030053,21170746.00
2010-03-03,5.30,5.44,5.30,5.41,1056485,22178534.00
2010-03-04,5.65,5.65,5.12,5.12,1243700,25949028.00
2010-03-05,5.12,5.17,5.04,5.10,721645,14394245.00
2010-03-08,5.11,5.18,5.11,5.17,544524,10927018.00
2010-03-09,5.29,5.29,5.12,5.22,615215,12478793.00
2010-03-10,5.23,5.24,5.10,5.14,463718,9337740.00
2010-03-11,5.28,5.31,5.12,5.31,1104294,22539766.00
2010-03-12,5.25,5.33,5.12,5.14,759522,15476445.00
2010-03-15,5.15,5.16,5.02,5.10,597527,11831324.00
2010-03-16,5.06,5.14,5.06,5.12,396113,7891965.00
2010-03-17,5.12,5.28,5.11,5.25,563084,11475031.00
2010-03-18,5.23,5.39,5.23,5.31,1026290,21244764.00
2010-03-19,5.49,5.49,5.26,5.35,847184,17622422.00
2010-03-22,5.41,5.41,5.30,5.37,769970,16063796.00
2010-03-23,5.37,5.47,5.37,5.41,930768,19651214.00
2010-03-24,5.42,5.45,5.37,5.41,719422,15164186.00
2010-03-25,5.41,5.41,5.25,5.25,771610,15989545.00
2010-03-26,5.20,5.35,5.20,5.31,469279,9700446.00
2010-03-29,5.33,5.36,5.20,5.28,740979,15200492.00
2010-03-30,5.26,5.41,5.23,5.38,772236,16120735.00
2010-03-31,5.37,5.54,5.36,5.45,1159545,24687578.00
2010-04-01,5.45,5.62,5.39,5.57,1313817,28383098.00
2010-04-02,5.57,5.59,5.49,5.56,954283,20592904.00
2010-04-06,5.57,5.74,5.55,5.69,1648100,36386912.00
2010-04-07,5.69,5.69,5.57,5.59,1004974,21947208.00
2010-04-08,5.60,5.71,5.52,5.54,1021150,22335402.00
2010-04-09,5.55,5.73,5.55,5.73,1400962,30927076.00
2010-04-12,5.86,5.86,5.69,5.76,1298645,29063164.00
2010-04-13,5.77,5.79,5.35,5.63,1412117,30772350.00
2010-04-14,5.59,5.69,5.49,5.61,785620,17071380.00
2010-04-15,5.62,5.65,5.35,5.41,852868,18255736.00
2010-04-16,5.41,5.51,5.33,5.49,657903,13945206.00
2010-04-19,5.46,5.62,5.41,5.49,1477296,31914216.00
2010-04-20,5.49,5.68,5.27,5.67,1953985,42380932.00
2010-04-21,5.60,5.85,5.59,5.81,1961332,44050308.00
2010-04-22,5.80,5.91,5.71,5.84,1586855,35898536.00
2010-04-23,5.83,5.92,5.75,5.85,1475917,33617084.00
2010-04-26,5.87,6.07,5.83,5.93,2027732,47015368.00
2010-04-27,5.87,5.99,5.60,5.76,1370488,30531558.00
2010-04-28,5.75,6.10,5.60,6.05,2238868,51660184.00
2010-04-29,6.06,6.07,5.42,5.49,2026159,46193072.00
2010-04-30,5.57,5.57,4.99,5.07,1749285,35136312.00
2010-05-04,5.09,5.22,4.99,5.15,595998,11979440.00
2010-05-05,5.09,5.28,5.01,5.27,821793,16545704.00
2010-05-06,5.22,5.25,5.01,5.04,805734,16234236.00
2010-05-07,4.87,4.99,4.75,4.75,939163,17886266.00
2010-05-10,4.75,4.83,4.46,4.62,632168,11462300.00
2010-05-11,4.69,4.83,4.61,4.63,799306,14809791.00
2010-05-13,4.64,4.77,4.46,4.77,715757,13060908.00
2010-05-14,4.76,4.81,4.68,4.70,631084,11718549.00
2010-05-17,4.59,4.66,4.34,4.35,667786,11824152.00
2010-05-18,4.36,4.52,4.29,4.44,521001,9006586.00
2010-05-19,4.58,4.58,4.44,4.50,426979,7554117.00
2010-05-20,4.45,4.55,4.27,4.32,403746,7007963.00
2010-05-21,4.19,4.36,4.11,4.36,571412,9605055.00
2010-05-24,4.37,4.60,4.37,4.57,618943,10993333.00
2010-05-25,4.57,4.60,4.48,4.52,522670,9253631.00
2010-05-26,4.61,4.61,4.51,4.55,459929,8181402.50
2010-05-27,4.53,4.67,4.48,4.66,588184,10535645.00
2010-05-28,4.76,4.84,4.66,4.79,1068000,19697226.00
2010-05-31,4.78,4.82,4.56,4.57,656822,12105646.00
2010-06-01,4.55,4.56,4.35,4.43,564336,9800594.00
2010-06-02,4.56,4.56,4.40,4.53,337865,5898952.00
2010-06-03,4.59,4.88,4.59,4.60,1272280,23528362.00
2010-06-04,4.41,4.91,4.41,4.86,2100638,39027284.00
2010-06-07,4.74,5.36,4.69,5.27,5003730,100188744.00
2010-06-08,5.17,5.26,4.89,5.01,3742443,73312928.00
2010-06-09,5.01,5.05,4.89,5.01,2281091,44092984.00
2010-06-10,4.96,5.05,4.96,4.98,1529927,29829328.00
2010-06-11,4.98,5.08,4.95,4.98,1314544,25662508.00
2010-06-17,5.03,5.06,4.83,4.84,839119,16171547.00
2010-06-18,4.83,4.85,4.45,4.45,1090212,19641606.00
2010-06-21,4.46,4.61,4.43,4.61,664879,11754995.00
2010-06-22,4.63,4.70,4.59,4.66,543494,9860862.00
2010-06-23,4.66,4.99,4.66,4.84,1758916,33488758.00
2010-06-24,4.79,4.85,4.73,4.78,805927,14984115.00
2010-06-25,4.79,4.93,4.79,4.82,911171,17205474.00
2010-06-28,4.81,4.83,4.60,4.62,652214,11977563.00
2010-06-29,4.62,4.82,4.36,4.39,1022931,18357128.00
2010-06-30,4.34,4.42,4.16,4.42,665143,11169889.00
2010-07-01,4.41,4.49,4.35,4.45,713133,12389960.00
2010-07-02,4.39,4.44,4.08,4.30,818405,13646253.00
2010-07-05,4.20,4.29,4.15,4.25,398792,6586673.50
2010-07-06,4.22,4.39,4.22,4.35,584230,9904408.00
2010-07-07,4.35,4.54,4.30,4.46,771285,13356107.00
2010-07-08,4.44,4.46,4.31,4.35,550266,9438763.00
2010-07-09,4.40,4.50,4.33,4.48,714713,12381844.00
2010-07-12,4.48,4.58,4.45,4.54,664147,11743286.00
2010-07-13,4.47,4.50,4.39,4.43,600806,10423650.00
2010-07-14,4.45,4.53,4.45,4.49,716277,12565658.00
2010-07-15,4.48,4.54,4.35,4.38,691554,12091262.00
2010-07-16,4.35,4.38,4.21,4.34,563712,9481551.00
2010-07-19,4.34,4.46,4.29,4.45,535457,9236435.00
2010-07-20,4.45,4.60,4.45,4.59,772260,13693991.00
2010-07-21,4.59,4.71,4.55,4.62,1155827,20876908.00
2010-07-22,4.59,4.65,4.55,4.65,716722,12889482.00
2010-07-23,4.64,4.65,4.56,4.63,725628,13025444.00
2010-07-26,4.62,4.69,4.62,4.67,717531,13043441.00
2010-07-27,4.69,4.77,4.66,4.68,885966,16266016.00
2010-07-28,4.65,4.78,4.64,4.76,901742,16600125.00
2010-07-29,4.77,4.79,4.70,4.77,1001073,18523794.00
2010-07-30,4.75,4.78,4.72,4.75,751797,13919396.00
2010-08-02,4.74,4.85,4.74,4.85,744638,13956405.00
2010-08-03,4.85,4.95,4.80,4.80,1002223,19023474.00
2010-08-04,4.80,4.85,4.72,4.84,745789,13929384.00
2010-08-05,4.86,4.92,4.85,4.88,916667,17431792.00
2010-08-06,4.88,4.97,4.85,4.97,1019868,19534464.00
2010-08-09,4.97,5.07,4.91,5.03,929869,18100574.00
2010-08-10,5.01,5.03,4.83,4.83,1159350,22182432.00
2010-08-11,4.80,4.97,4.78,4.97,806194,15385278.00
2010-08-12,5.01,5.41,5.00,5.20,3707793,75447656.00
2010-08-13,5.15,5.16,5.04,5.14,1716762,34035048.00
2010-08-16,5.15,5.21,5.11,5.19,1340043,26926766.00
2010-08-17,5.19,5.32,5.17,5.23,970763,19749910.00
2010-08-18,5.22,5.22,5.08,5.13,987287,19749692.00
2010-08-19,5.10,5.17,5.08,5.13,624374,12424321.00
2010-08-20,5.11,5.17,4.99,4.99,721687,14220471.00
2010-08-23,5.06,5.12,4.99,5.05,591886,11645434.00
2010-08-24,5.06,5.12,4.99,5.12,566446,11214409.00
2010-08-25,5.10,5.17,5.01,5.03,580420,11506354.00
2010-08-26,5.01,5.13,5.01,5.07,462077,9124566.00
2010-08-27,5.03,5.21,5.03,5.16,745921,14953282.00
2010-08-30,5.19,5.30,5.16,5.27,1203055,24458160.00
2010-08-31,5.20,5.35,5.20,5.31,1337600,27530376.00
2010-09-01,5.36,5.36,5.13,5.26,1332382,27028888.00
2010-09-02,5.32,5.39,5.23,5.35,1325150,27383886.00
2010-09-03,5.32,5.47,5.31,5.47,1615390,33890052.00
2010-09-06,5.59,5.62,5.37,5.41,1342245,28431858.00
2010-09-07,5.41,5.49,5.33,5.41,874619,18368152.00
2010-09-08,5.43,5.50,5.41,5.47,951511,20153838.00
2010-09-09,5.48,5.63,5.39,5.40,1555276,33178106.00
2010-09-10,5.37,5.40,5.22,5.33,1117825,23023264.00
2010-09-13,5.36,5.59,5.33,5.51,1249523,26486662.00
2010-09-14,5.51,5.65,5.47,5.54,1317752,28387280.00
2010-09-15,5.54,5.65,5.36,5.38,1098233,23436604.00
2010-09-16,5.37,5.41,5.13,5.18,960955,19535836.00
2010-09-17,5.18,5.26,5.15,5.18,483096,9780646.00
2010-09-20,5.22,5.23,5.04,5.08,498800,9941445.00
2010-09-21,5.12,5.17,5.08,5.13,224182,4459241.00
2010-09-27,5.13,5.24,5.13,5.21,450719,9105728.00
2010-09-28,5.21,5.26,5.16,5.19,372022,7520396.00
2010-09-29,5.21,5.21,5.06,5.08,568945,11308357.00
2010-09-30,5.14,5.54,5.14,5.44,1518249,31763496.00
2010-10-08,5.44,5.56,5.37,5.52,1168136,24902166.00
2010-10-11,5.50,5.54,5.41,5.47,1284584,27259564.00
2010-10-12,5.43,5.78,5.43,5.61,1709904,37432828.00
2010-10-13,5.68,5.68,5.49,5.63,1050101,22653584.00
2010-10-14,5.63,5.63,5.39,5.40,852649,18180342.00
2010-10-15,5.39,5.49,5.20,5.25,1082782,22422974.00
2010-10-18,5.17,5.27,5.09,5.20,780234,15643506.00
2010-10-19,5.22,5.47,5.22,5.46,864550,18104348.00
2010-10-20,5.37,5.55,5.36,5.47,1015252,21545170.00
2010-10-21,5.46,5.50,5.37,5.43,617101,12991185.00
2010-10-22,5.41,5.73,5.41,5.69,1735419,37758356.00
2010-10-25,5.84,6.28,5.84,6.28,3030145,72266640.00
2010-10-26,6.53,6.74,6.30,6.35,4311852,108229552.00
2010-10-27,6.29,6.53,5.95,6.11,2210471,53998736.00
2010-10-28,6.10,6.21,6.03,6.17,1194477,28309648.00
2010-10-29,6.10,6.43,6.10,6.30,1463833,35801392.00
2010-11-01,6.29,6.48,6.27,6.40,1458586,36034876.00
2010-11-02,6.39,6.39,6.17,6.17,1509801,36549456.00
2010-11-03,6.13,6.36,6.12,6.21,885711,21394520.00
2010-11-04,6.15,6.52,6.15,6.52,1247473,30634424.00
2010-11-05,6.62,6.95,6.51,6.83,2955437,77250904.00
2010-11-08,6.85,6.85,6.69,6.79,1339983,34847300.00
2010-11-09,6.79,6.96,6.71,6.82,1045920,27436506.00
2010-11-10,6.74,6.81,6.63,6.70,914821,23567224.00
2010-11-11,6.64,6.84,6.59,6.60,1004088,26053568.00
2010-11-12,6.59,6.59,5.92,5.92,2010737,48186492.00
2010-11-15,5.92,6.16,5.90,6.10,1093165,25513392.00
2010-11-16,6.10,6.30,5.83,5.86,1269691,29840982.00
2010-11-17,5.70,5.97,5.70,5.75,785810,17777722.00
2010-11-18,5.88,5.93,5.76,5.87,480757,10883017.00
2010-11-19,5.85,6.23,5.85,6.18,1242398,29207464.00
2010-11-22,6.21,6.51,6.18,6.34,1645611,40373892.00
2010-11-23,6.33,6.40,6.06,6.37,1199141,28830968.00
2010-11-24,6.31,6.57,6.27,6.54,1379833,34399336.00
2010-11-25,6.55,6.61,6.44,6.47,1100017,27691264.00
2010-11-26,6.46,6.51,6.35,6.42,610622,15173161.00
2010-11-29,6.42,6.63,6.36,6.55,767253,19276910.00
2010-11-30,6.58,6.58,5.97,6.21,1181458,28718464.00
2010-12-01,6.20,6.24,6.09,6.14,511877,12188701.00
2010-12-02,6.23,6.34,6.18,6.22,618710,14952416.00
2010-12-03,6.22,6.33,6.22,6.30,510980,12355226.00
2010-12-06,6.28,6.45,6.09,6.13,540185,13031511.00
2010-12-07,6.08,6.28,6.02,6.24,399490,9490562.00
2010-12-08,6.21,6.31,6.16,6.21,394154,9480331.00
2010-12-09,6.18,6.21,6.04,6.05,411720,9705925.00
2010-12-10,6.00,6.20,5.96,6.15,473967,11121474.00
2010-12-13,6.15,6.40,6.15,6.39,1561231,38010040.00
2010-12-14,6.42,6.63,6.38,6.48,1654528,41695744.00
2010-12-15,6.45,6.65,6.40,6.49,1361832,34415388.00
2010-12-16,6.49,6.69,6.48,6.63,1398579,35627392.00
2010-12-17,6.64,6.65,6.49,6.56,950947,24019890.00
2010-12-20,6.61,6.61,6.22,6.37,1354111,33352194.00
2010-12-21,6.39,6.47,6.35,6.46,643811,15957617.00
2010-12-22,6.51,6.51,6.35,6.36,611680,15204949.00
2010-12-23,6.36,6.42,6.21,6.26,517284,12565283.00
2010-12-24,6.21,6.21,5.92,5.98,1034371,24136900.00
2010-12-27,5.90,6.06,5.70,5.70,811558,18541238.00
2010-12-28,5.68,5.78,5.66,5.69,460498,10197127.00
2010-12-29,5.70,5.81,5.68,5.78,431241,9595233.00
2010-12-30,5.78,5.87,5.74,5.83,429543,9627778.00
2010-12-31,5.83,5.95,5.81,5.93,464294,10604980.00
2011-01-04,5.93,5.99,5.89,5.97,535397,12311386.00
2011-01-05,5.95,6.03,5.89,5.93,451963,10391750.00
2011-01-06,5.91,6.01,5.90,5.95,412967,9513284.00
2011-01-07,5.93,5.99,5.83,5.87,505709,11571787.00
2011-01-10,5.82,5.91,5.57,5.57,594377,13172429.00
2011-01-11,5.57,5.57,5.43,5.48,461207,9823586.00
2011-01-12,5.47,5.54,5.41,5.53,318537,6782931.00
2011-01-13,5.70,5.81,5.63,5.63,1316958,29206506.00
2011-01-14,5.57,5.60,5.47,5.55,568321,12181650.00
2011-01-17,5.47,5.55,5.15,5.30,466803,9717917.00
2011-01-18,5.30,5.33,5.22,5.30,243640,4995987.50
2011-01-19,5.30,5.44,5.30,5.41,360000,7514601.50
2011-01-20,5.41,5.41,5.17,5.23,400384,8210103.00
2011-01-21,5.50,5.62,5.39,5.53,1153560,24607010.00
2011-01-24,5.44,5.54,5.41,5.45,642764,13632798.00
2011-01-25,5.45,5.45,5.25,5.38,428639,8897720.00
2011-01-26,5.39,5.52,5.38,5.49,343332,7286152.50
2011-01-27,5.49,5.62,5.43,5.61,535345,11512876.00
2011-01-28,5.61,5.62,5.54,5.60,365291,7901113.50
2011-01-31,5.58,5.72,5.55,5.69,531910,11610609.00
2011-02-01,5.66,5.73,5.63,5.71,462655,10158059.00
2011-02-09,5.65,5.78,5.55,5.66,413656,9098859.00
2011-02-10,5.82,6.18,5.81,5.94,1422804,32752154.00
2011-02-11,5.95,6.05,5.89,5.96,780310,18045148.00
2011-02-14,5.93,6.11,5.93,6.06,898443,20983320.00
2011-02-15,6.06,6.29,6.01,6.11,935248,22334514.00
2011-02-16,6.27,6.45,6.27,6.35,1587275,38871296.00
2011-02-17,6.32,6.47,6.21,6.38,1029657,25400158.00
2011-02-18,6.39,6.39,6.23,6.27,764329,18536948.00
2011-02-21,6.22,6.72,6.22,6.59,1429549,36018912.00
2011-02-22,6.62,6.63,6.32,6.35,1165490,29015544.00
2011-02-23,6.29,6.46,6.29,6.39,618997,15291568.00
2011-02-24,6.37,6.53,6.35,6.48,678461,16906490.00
2011-02-25,6.48,6.60,6.39,6.42,847093,21245822.00
2011-02-28,6.42,6.49,6.30,6.48,739601,18290500.00
2011-03-01,6.48,6.48,6.35,6.36,685426,16948380.00
2011-03-02,6.35,6.39,6.25,6.26,731565,17787876.00
2011-03-03,6.30,6.35,6.19,6.25,668089,16160380.00
2011-03-04,6.25,6.33,6.21,6.33,469251,11371002.00
2011-03-07,6.33,6.42,6.32,6.36,684366,16806930.00
2011-03-08,6.38,6.47,6.30,6.47,641614,15867784.00
2011-03-09,6.43,6.48,6.35,6.44,681693,16876674.00
2011-03-10,6.44,6.56,6.39,6.51,952204,23827696.00
2011-03-11,6.48,6.53,6.40,6.40,814418,20318220.00
2011-03-14,6.30,6.32,5.95,6.11,2057602,48621116.00
2011-03-15,6.15,6.15,5.83,5.91,1397804,32323066.00
2011-03-16,5.92,6.03,5.92,5.97,872442,20148024.00
2011-03-17,5.91,6.02,5.76,5.83,901222,20519030.00
2011-03-18,5.90,5.91,5.83,5.87,531679,12084956.00
2011-03-21,5.93,5.99,5.87,5.96,543221,12493925.00
2011-03-22,5.97,5.99,5.87,5.99,477946,10987523.00
2011-03-23,5.96,6.05,5.93,6.05,546745,12699275.00
2011-03-24,6.05,6.05,5.98,6.00,576585,13396932.00
2011-03-25,6.02,6.02,5.93,5.97,632605,14595460.00
2011-03-28,5.95,5.99,5.83,5.91,873748,19908172.00
2011-03-29,5.86,5.91,5.68,5.69,558711,12593378.00
2011-03-30,5.71,5.73,5.61,5.61,473114,10367339.00
2011-03-31,5.62,5.70,5.56,5.63,280282,6119199.50
2011-04-01,5.65,5.71,5.63,5.69,317496,6969496.00
2011-04-06,5.67,5.71,5.58,5.65,433343,9465941.00
2011-04-07,5.63,5.75,5.63,5.73,266203,5889086.00
2011-04-08,5.73,5.81,5.71,5.79,307871,6878309.50
2011-04-11,5.79,5.83,5.71,5.72,377298,8399050.00
2011-04-12,5.76,5.88,5.76,5.81,594246,13417866.00
2011-04-13,5.82,6.17,5.82,6.09,1749115,40931420.00
2011-04-14,6.10,6.10,5.99,6.02,716434,16672348.00
2011-04-15,6.02,6.05,5.91,5.96,515133,11872662.00
2011-04-18,5.95,6.00,5.92,5.99,473868,10934629.00
2011-04-19,5.99,5.99,5.86,5.93,599501,13744616.00
2011-04-20,5.93,5.99,5.91,5.95,339237,7803971.00
2011-04-21,5.95,6.17,5.95,6.11,890008,20945724.00
2011-04-22,6.51,6.72,6.45,6.47,3686408,93355656.00
2011-04-25,6.47,6.92,6.47,6.74,3684459,95825872.00
2011-04-26,6.67,6.91,6.62,6.80,2655880,69144928.00
2011-04-27,6.85,6.85,6.60,6.69,1646673,42529056.00
2011-04-28,6.69,6.74,6.35,6.40,1586991,39846992.00
2011-04-29,6.43,6.82,6.39,6.79,1990897,51095652.00
2011-05-03,6.79,7.15,6.64,7.01,2817607,74430648.00
2011-05-04,6.92,7.18,6.88,6.91,2560347,69413352.00
2011-05-05,6.93,7.27,6.93,7.05,3438338,94655504.00
2011-05-06,7.00,7.78,6.81,7.78,5469833,156165216.00
2011-05-09,7.97,8.55,7.95,8.27,6482416,203863072.00
2011-05-10,8.16,8.98,8.15,8.90,5085208,164811616.00
2011-05-11,8.87,9.12,8.63,8.75,4946339,167687488.00
2011-05-13,8.72,9.09,8.52,8.86,4669795,157748784.00
2011-05-16,8.69,9.27,8.48,9.11,4182745,141205376.00
2011-05-17,8.96,9.14,8.19,8.25,3828101,127290888.00
2011-05-18,8.29,9.01,8.29,8.47,3958127,130303664.00
2011-05-19,8.35,8.67,8.14,8.63,3449710,111412104.00
2011-05-20,8.53,8.66,8.29,8.47,2412442,78373976.00
2011-05-23,8.37,8.49,7.84,8.00,2794674,86610832.00
2011-05-24,7.97,8.15,7.84,8.08,1842710,56810600.00
2011-05-25,7.96,8.07,7.31,7.61,4234460,124988168.00
2011-05-26,7.57,7.80,7.42,7.47,2793861,81827328.00
2011-05-27,7.32,7.57,6.73,6.79,3988187,72383296.00
2011-05-30,6.79,6.95,6.56,6.60,2882296,49861600.00
2011-05-31,6.61,6.97,6.54,6.88,3618459,62459356.00
2011-06-01,6.80,7.32,6.80,7.14,5931575,106993984.00
2011-06-02,6.92,6.98,6.60,6.78,4428620,76887624.00
2011-06-03,6.76,7.32,6.68,7.23,5399892,97302928.00
2011-06-07,7.16,7.32,7.08,7.30,3686417,67759088.00
2011-06-08,7.24,7.29,6.95,7.18,4787269,86592208.00
2011-06-09,7.10,7.12,6.77,6.77,3467001,61668844.00
2011-06-10,6.79,6.85,6.46,6.65,2988172,50580380.00
2011-06-13,6.56,6.74,6.52,6.72,1949438,33235712.00
2011-06-14,6.66,6.83,6.60,6.76,2733085,47197860.00
2011-06-15,6.68,6.82,6.51,6.52,2512802,42623468.00
2011-06-16,6.42,6.46,6.17,6.17,2841320,45856776.00
2011-06-17,6.19,6.32,6.12,6.14,1753058,28032028.00
2011-06-20,6.14,6.20,6.01,6.19,1463939,22871276.00
2011-06-21,6.21,6.34,6.09,6.32,1907066,30493766.00
2011-06-22,6.32,6.55,6.20,6.47,3129768,51429356.00
2011-06-23,6.39,6.59,6.30,6.54,2346304,38864672.00
2011-06-24,6.50,6.80,6.46,6.68,3762923,63894664.00
2011-06-27,6.67,6.89,6.62,6.77,3845284,66691136.00
2011-06-28,6.80,7.11,6.73,7.04,4611127,82269712.00
2011-06-29,6.99,7.36,6.90,6.91,6438117,117858360.00
2011-06-30,6.83,7.16,6.78,7.05,3369685,60196944.00
2011-07-01,7.00,7.11,6.99,7.04,2418607,43533380.00
2011-07-04,7.07,7.21,7.07,7.20,2332994,42740012.00
2011-07-05,7.19,7.35,7.14,7.24,2272069,42086492.00
2011-07-06,7.18,7.31,7.10,7.30,2247407,41364592.00
2011-07-07,7.36,7.98,7.36,7.48,6693283,130276016.00
2011-07-08,7.52,7.56,7.37,7.50,2395283,45499356.00
2011-07-11,7.44,7.62,7.38,7.56,2088998,40326160.00
2011-07-12,7.44,7.58,7.34,7.35,2539375,48387720.00
2011-07-13,7.34,7.56,7.34,7.52,2470568,46960844.00
2011-07-14,7.53,7.68,7.49,7.56,2232403,43108536.00
2011-07-15,7.52,7.72,7.52,7.66,2577302,50274340.00
2011-07-18,7.71,7.83,7.64,7.72,2687610,53126968.00
2011-07-19,7.68,7.82,7.42,7.45,2711040,52237896.00
2011-07-20,7.62,7.66,7.40,7.49,1956209,37657728.00
2011-07-21,7.50,7.50,7.26,7.27,1769837,33186432.00
2011-07-22,7.35,7.42,7.21,7.25,1606303,30030418.00
2011-07-25,7.12,7.21,6.73,6.75,2164447,38277808.00
2011-07-26,6.77,6.84,6.66,6.80,975529,16849692.00
2011-07-27,6.84,6.98,6.72,6.93,1410343,24845486.00
2011-07-28,6.88,7.15,6.71,7.13,2884489,51069204.00
2011-07-29,7.12,7.22,6.92,6.95,2074034,37502376.00
2011-08-01,6.87,7.11,6.87,7.04,1014978,18242004.00
2011-08-02,7.04,7.04,6.68,6.84,1661925,28837526.00
2011-08-03,6.68,6.90,6.68,6.82,931846,16265664.00
2011-08-04,6.85,6.97,6.79,6.88,916495,16121205.00
2011-08-05,6.64,6.72,6.52,6.60,1387734,23629718.00
2011-08-08,6.52,6.56,6.11,6.18,2240098,36096844.00
2011-08-09,6.00,6.29,5.81,6.19,1711597,26623850.00
2011-08-10,6.31,6.56,6.31,6.45,2595213,42808184.00
2011-08-11,6.24,6.75,6.24,6.70,2790084,47126516.00
2011-08-12,6.80,6.99,6.73,6.88,2860529,50467932.00
2011-08-15,6.88,7.02,6.84,6.91,2186819,38742116.00
2011-08-16,6.92,7.03,6.83,6.99,2302931,40961904.00
2011-08-17,6.98,7.03,6.90,6.98,1397317,24898366.00
2011-08-18,6.97,7.02,6.70,6.71,1637038,28813560.00
2011-08-19,6.53,6.82,6.53,6.82,1606492,27570344.00
2011-08-22,6.82,7.00,6.82,6.90,1212446,21450682.00
2011-08-23,6.90,7.29,6.88,7.28,3369979,61646076.00
2011-08-24,7.39,7.39,7.13,7.16,2543119,47200324.00
2011-08-25,7.19,7.40,7.19,7.38,2656919,49654000.00
2011-08-26,7.37,7.44,7.26,7.37,1438352,27039050.00
2011-08-29,7.32,7.45,7.28,7.30,1671308,31487654.00
2011-08-30,7.36,7.40,7.08,7.10,1772463,32711306.00
2011-08-31,7.10,7.17,6.92,7.05,1130077,20262194.00
2011-09-01,7.10,7.24,7.01,7.08,1361292,24838870.00
2011-09-02,7.04,7.10,6.84,6.97,840414,14911567.00
2011-09-05,6.85,6.92,6.75,6.76,953979,16662142.00
2011-09-06,6.72,6.83,6.72,6.78,793663,13758581.00
2011-09-07,6.84,6.99,6.76,6.98,892851,15760163.00
2011-09-08,7.01,7.17,7.00,7.01,1333364,24181686.00
2011-09-09,7.01,7.12,6.96,7.01,674344,12138398.00
2011-09-13,6.92,6.92,6.75,6.80,715384,12442099.00
2011-09-14,6.87,6.88,6.50,6.78,959320,16374904.00
2011-09-15,6.78,6.82,6.70,6.71,588243,10195235.00
2011-09-16,6.78,6.82,6.70,6.71,520722,9020954.00
2011-09-19,6.70,6.70,6.48,6.48,708530,11916751.00
2011-09-20,6.43,6.63,6.43,6.58,472752,7950809.50
2011-09-21,6.64,6.90,6.63,6.88,1011129,17597842.00
2011-09-22,6.85,6.92,6.68,6.73,1182821,20503228.00
2011-09-23,6.59,6.72,6.52,6.70,567848,9645900.00
2011-09-26,6.69,6.77,6.52,6.52,854437,14519141.00
2011-09-27,6.63,6.68,6.46,6.64,767673,12920367.00
2011-09-28,6.68,6.70,6.24,6.38,673967,11291422.00
2011-09-29,6.34,6.34,6.14,6.17,782848,12499030.00
2011-09-30,6.17,6.26,6.05,6.23,428507,6782965.50
2011-10-10,6.23,6.29,6.19,6.26,362878,5810965.50
2011-10-11,6.43,6.48,6.12,6.18,558641,8997593.00
2011-10-12,6.17,6.43,6.04,6.42,801098,12995611.00
2011-10-13,6.39,6.66,6.39,6.62,960289,16175977.00
2011-10-14,6.59,6.60,6.52,6.59,408943,6865161.50
2011-10-17,6.68,6.78,6.62,6.70,813901,13975374.00
2011-10-18,6.64,6.94,6.62,6.73,2000381,34918760.00
2011-10-19,6.73,6.80,6.58,6.70,734365,12619135.00
2011-10-20,6.59,6.61,6.38,6.52,1148041,19111488.00
2011-10-21,6.52,6.59,6.40,6.40,497449,8254436.50
2011-10-24,6.33,6.56,6.20,6.54,740619,12135672.00
2011-10-25,6.55,6.84,6.47,6.83,1280907,21999518.00
2011-10-26,6.81,7.11,6.79,7.04,2957024,52900896.00
2011-10-27,7.05,7.22,6.97,7.12,2465092,44792252.00
2011-10-28,7.16,7.22,7.08,7.17,1684746,30804822.00
2011-10-31,7.30,7.42,7.16,7.39,2122402,39679540.00
2011-11-01,7.30,7.44,7.22,7.44,2542588,47703496.00
2011-11-02,7.32,8.20,7.26,8.20,7011428,139671232.00
2011-11-03,8.68,9.04,8.68,9.04,17827214,407302816.00
2011-11-04,8.91,9.11,8.52,8.65,11703769,260901952.00
2011-11-07,8.48,8.65,8.44,8.58,4455003,97116528.00
2011-11-08,8.58,8.60,8.22,8.26,5143203,109630984.00
2011-11-09,8.31,8.55,8.24,8.52,5398364,115996224.00
2011-11-10,8.38,8.76,8.25,8.27,6556866,142159392.00
2011-11-11,8.30,8.36,8.04,8.28,4026181,84122152.00
2011-11-14,8.42,8.59,8.33,8.48,4359500,93971664.00
2011-11-15,8.48,8.70,8.41,8.52,4081941,88761688.00
2011-11-16,8.59,8.59,8.07,8.18,3511104,74046928.00
2011-11-17,8.14,8.48,8.12,8.14,3508085,73924912.00
2011-11-18,8.02,8.02,7.65,7.74,4377505,87382224.00
2011-11-21,7.68,7.88,7.59,7.74,1808585,35684048.00
2011-11-22,7.65,7.88,7.65,7.79,1982737,39359528.00
2011-11-23,7.82,7.97,7.76,7.80,2287034,45795544.00
2011-11-24,7.72,7.91,7.60,7.77,2275813,45063808.00
2011-11-25,7.78,7.82,7.65,7.69,2030114,40042712.00
2011-11-28,7.70,7.77,7.65,7.68,1487824,29262424.00
2011-11-29,7.75,7.82,7.70,7.82,2337489,46332680.00
2011-11-30,7.82,7.82,7.04,7.16,3655916,68576656.00
2011-12-01,7.39,7.43,7.16,7.24,2747380,51405084.00
2011-12-02,7.18,7.20,6.84,6.92,1659132,29804378.00
2011-12-05,6.90,6.92,6.72,6.86,1744169,30358620.00
2011-12-06,6.86,7.16,6.84,7.04,1761684,31634336.00
2011-12-07,7.00,7.15,6.97,7.08,1097439,19810200.00
2011-12-08,6.96,7.20,6.73,7.10,2624884,46815632.00
2011-12-09,6.95,7.25,6.85,6.99,2401801,43591940.00
2011-12-12,7.04,7.06,6.80,6.92,1284347,22584292.00
2011-12-13,6.84,6.87,6.52,6.66,1567379,26627532.00
2011-12-14,6.64,6.74,6.54,6.64,1078362,18330470.00
2011-12-15,6.58,6.75,6.52,6.66,1315697,22387302.00
2011-12-16,6.66,6.99,6.60,6.95,1754180,30430330.00
2011-12-19,6.88,7.27,6.76,7.16,2711686,48298660.00
2011-12-20,7.12,7.27,7.01,7.12,1684907,30700072.00
2011-12-21,7.15,7.19,6.80,6.87,1639456,29470520.00
2011-12-22,6.76,6.93,6.60,6.92,1500517,25905216.00
2011-12-23,6.84,7.03,6.80,6.97,1179621,20950388.00
2011-12-26,6.97,7.07,6.84,6.84,1235784,22078224.00
2011-12-27,6.74,6.74,6.50,6.54,1291354,21756306.00
2011-12-28,6.50,6.63,6.33,6.55,1371373,22766908.00
2011-12-29,6.56,6.66,6.48,6.57,718991,12121520.00
2011-12-30,6.62,6.71,6.59,6.66,828499,14109132.00
2012-01-04,6.67,6.72,6.23,6.34,1287668,21401186.00
2012-01-05,6.24,6.28,5.74,5.84,1299526,20221676.00
2012-01-06,5.84,6.01,5.70,5.98,745126,11174525.00
2012-01-10,6.13,6.43,6.13,6.37,1711636,27709840.00
2012-01-11,6.28,7.02,6.28,7.02,7568778,134503232.00
2012-01-12,6.84,7.03,6.71,6.89,5641817,98693232.00
2012-01-13,6.78,6.89,6.38,6.41,3105704,52645180.00
2012-01-16,6.24,6.54,6.12,6.15,1837177,29649762.00
2012-01-17,6.19,6.78,6.06,6.64,2746235,45231768.00
2012-01-18,6.68,6.79,6.33,6.36,2749757,46554620.00
2012-01-19,6.38,6.50,6.10,6.39,3281068,53252816.00
2012-01-20,6.39,6.54,6.30,6.40,2349704,38799444.00
2012-01-30,6.44,6.51,6.24,6.38,1600263,26384416.00
2012-01-31,6.32,6.43,6.29,6.36,908671,14768701.00
2012-02-01,6.36,6.50,6.29,6.32,1312917,21555270.00
2012-02-02,6.36,6.48,6.28,6.48,1379166,22636480.00
2012-02-03,6.46,6.66,6.40,6.63,2257487,37927220.00
2012-02-06,6.60,6.68,6.53,6.65,1803796,30552118.00
2012-02-07,6.60,6.68,6.43,6.48,1604712,26937714.00
2012-02-08,6.47,6.66,6.40,6.66,1529696,25768482.00
2012-02-09,6.70,6.83,6.61,6.78,2646267,45672976.00
2012-02-10,6.76,6.81,6.66,6.78,1967513,33920720.00
2012-02-13,6.75,6.96,6.68,6.86,2939118,51368724.00
2012-02-14,6.94,6.98,6.78,6.83,1595050,28059816.00
2012-02-15,6.82,7.05,6.80,6.94,2628370,46653196.00
2012-02-16,6.96,7.12,6.84,6.92,2707572,48344744.00
2012-02-17,6.92,6.95,6.72,6.76,1946581,33876612.00
2012-02-20,6.88,6.98,6.77,6.77,2140416,37705488.00
2012-02-21,6.80,6.96,6.69,6.96,2384466,41870932.00
2012-02-22,6.96,7.23,6.94,7.18,3766852,68574952.00
2012-02-23,7.18,7.33,7.07,7.12,3409822,62596800.00
2012-02-24,7.17,7.32,7.12,7.23,2806812,51778512.00
2012-02-27,7.24,7.38,7.16,7.24,3895609,72352384.00
2012-02-28,7.20,7.31,7.04,7.14,3147390,57866732.00
2012-02-29,7.14,7.14,6.90,6.92,2107712,37770788.00
2012-03-01,6.96,7.10,6.85,7.00,1333571,23873436.00
2012-03-02,6.96,7.16,6.96,7.13,1307367,23686920.00
2012-03-05,7.13,7.16,7.00,7.03,1811000,32750642.00
2012-03-06,7.03,7.03,6.79,6.82,1898250,33322978.00
2012-03-07,6.74,6.93,6.69,6.72,1362382,23718844.00
2012-03-08,6.76,6.88,6.74,6.84,1496653,26146008.00
2012-03-09,6.87,7.11,6.85,7.10,2702136,48250580.00
2012-03-12,7.12,7.19,7.05,7.17,2587341,47063472.00
2012-03-13,7.19,7.22,7.08,7.19,2029635,37049684.00
2012-03-14,7.20,7.25,6.64,6.71,3705574,66501508.00
2012-03-15,6.71,6.75,6.47,6.53,2307002,38935764.00
2012-03-16,6.62,6.74,6.56,6.64,1907320,32406570.00
2012-03-19,6.65,6.75,6.57,6.70,1385557,23649826.00
2012-03-20,6.68,6.82,6.68,6.72,2256686,39042636.00
2012-03-21,6.66,6.76,6.44,6.57,1652392,27933014.00
2012-03-22,6.56,6.69,6.52,6.60,939360,15881449.00
2012-03-23,6.62,6.62,6.44,6.46,1157098,19266112.00
2012-03-26,6.46,6.49,6.26,6.34,1481094,24109376.00
2012-03-27,6.44,6.44,6.29,6.34,770888,12596469.00
2012-03-28,6.27,6.34,6.12,6.16,1032336,16432467.00
2012-03-29,6.14,6.20,5.98,6.04,834175,13030404.00
2012-03-30,6.06,6.11,5.96,6.08,829493,12836164.00
2012-04-05,6.09,6.33,6.08,6.32,1189809,19091712.00
2012-04-06,6.32,6.67,6.29,6.54,2367485,39778984.00
2012-04-09,6.44,6.54,6.36,6.38,699153,11595433.00
2012-04-10,6.35,6.50,6.18,6.44,678503,10984008.00
2012-04-11,6.33,6.47,6.28,6.44,504826,8282055.00
2012-04-12,6.47,6.59,6.44,6.59,1045211,17529884.00
2012-04-13,6.56,6.66,6.50,6.58,1012823,17098004.00
2012-04-16,6.52,6.56,6.44,6.49,699609,11655370.00
2012-04-17,6.46,6.56,6.39,6.40,800524,13285169.00
2012-04-18,6.40,6.54,6.32,6.52,1171066,19400622.00
2012-04-19,6.52,6.58,6.49,6.54,990115,16568733.00
2012-04-20,6.54,6.64,6.51,6.62,1300535,21931192.00
2012-04-23,6.56,6.71,6.49,6.49,1660770,28138164.00
2012-04-24,6.44,6.51,6.21,6.33,1252843,20269538.00
2012-04-25,6.34,6.40,6.30,6.37,670621,10923469.00
2012-04-26,6.37,6.45,6.20,6.30,1627591,26229402.00
2012-04-27,6.26,6.30,6.20,6.27,600787,9624412.00
2012-05-02,6.35,6.40,6.29,6.40,887513,14480120.00
2012-05-03,6.40,6.54,6.37,6.54,1375024,22829438.00
2012-05-04,6.72,6.87,6.58,6.59,2590295,44497640.00
2012-05-07,6.52,6.76,6.48,6.72,2342583,39770180.00
2012-05-08,6.70,6.76,6.68,6.71,1356874,23349034.00
2012-05-09,6.66,6.84,6.56,6.78,2331379,40069496.00
2012-05-10,6.76,6.82,6.66,6.69,1279223,22037110.00
2012-05-11,6.69,6.75,6.52,6.54,1470039,24964474.00
2012-05-15,6.50,6.50,6.28,6.38,1194457,19489474.00
2012-05-16,6.31,6.36,6.20,6.20,1624171,26064626.00
2012-05-17,6.20,6.34,6.16,6.33,1086714,17449060.00
2012-05-18,6.28,6.28,6.15,6.18,932149,14842287.00
2012-05-21,6.20,6.28,6.16,6.22,552050,8812290.00
2012-05-22,6.27,6.34,6.27,6.31,589008,9507117.00
2012-05-23,6.32,6.37,6.21,6.27,756615,12138161.00
2012-05-24,6.20,6.68,6.18,6.42,2225571,36355624.00
2012-05-25,6.36,6.40,6.24,6.27,997070,16034063.00
2012-05-28,6.28,6.35,6.12,6.30,711378,11267964.00
2012-05-29,6.30,6.43,6.30,6.40,1282365,20864406.00
2012-05-30,6.68,6.84,6.56,6.63,4344486,73810640.00
2012-05-31,6.64,6.88,6.60,6.72,4037407,69277176.00
2012-06-01,6.72,6.80,6.58,6.60,2220103,37632656.00
2012-06-04,6.48,6.50,6.24,6.24,1798737,29196548.00
2012-06-05,6.24,6.32,6.17,6.28,1137510,18128226.00
2012-06-06,6.29,6.39,6.17,6.26,1164077,18642686.00
2012-06-07,6.32,6.36,6.24,6.27,744051,11942584.00
2012-06-08,6.32,6.34,6.24,6.26,660725,10584845.00
2012-06-11,6.31,6.44,6.25,6.41,975862,15799888.00
2012-06-12,6.35,6.39,6.31,6.32,689519,11148812.00
2012-06-13,6.34,6.42,6.32,6.42,683676,11106660.00
2012-06-14,6.42,6.47,6.36,6.39,1123280,18341744.00
2012-06-15,6.40,6.52,6.36,6.49,1414642,23299634.00
2012-06-18,6.50,6.55,6.46,6.54,1070385,17726406.00
2012-06-19,6.52,6.52,6.41,6.44,753558,12368123.00
2012-06-20,6.45,6.67,6.43,6.56,2652689,44349432.00
2012-06-21,6.50,6.51,6.28,6.37,1492205,24242552.00
2012-06-25,6.35,6.39,6.21,6.26,797651,12822491.00
2012-06-26,6.24,6.31,6.18,6.28,506307,8064720.00
2012-06-27,6.28,6.34,6.26,6.27,558060,8971727.00
2012-06-28,6.29,6.31,6.19,6.19,699997,11148629.00
2012-06-29,6.15,6.30,6.12,6.28,375920,5972532.00
2012-07-02,6.32,6.38,6.30,6.36,539209,8721439.00
2012-07-03,6.36,6.49,6.34,6.44,1161798,19065266.00
2012-07-04,6.46,6.49,6.40,6.44,1160764,19081494.00
2012-07-05,6.45,6.45,6.35,6.35,983063,16015069.00
2012-07-06,6.36,6.46,6.30,6.44,1041959,16926492.00
2012-07-09,6.38,6.42,6.30,6.32,723773,11749533.00
2012-07-10,6.29,6.32,6.23,6.30,308022,4930099.50
2012-07-11,6.24,6.34,6.24,6.30,315956,5074444.00
2012-07-12,6.30,6.47,6.22,6.44,937035,15198841.00
2012-07-13,6.42,6.64,6.36,6.54,1989747,33168678.00
2012-07-16,6.52,6.53,6.24,6.24,1316668,21353770.00
2012-07-17,6.24,6.30,6.20,6.29,507917,8094189.00
2012-07-18,6.28,6.32,6.20,6.31,407169,6493117.50
2012-07-19,6.30,6.46,6.26,6.40,875812,14271116.00
2012-07-20,6.43,6.48,6.20,6.22,1129019,18132418.00
2012-07-23,6.22,6.26,6.16,6.18,620759,9839245.00
2012-07-24,6.15,6.26,6.15,6.24,442342,7015664.50
2012-07-25,6.20,6.27,6.19,6.22,389292,6188708.50
2012-07-26,6.20,6.25,6.16,6.16,535345,8454601.00
2012-07-27,6.18,6.22,5.89,5.92,1366867,20853366.00
2012-07-30,5.92,5.96,5.64,5.64,1380123,20292090.00
2012-07-31,5.65,5.72,5.56,5.66,418789,6023938.50
2012-08-01,5.70,5.79,5.66,5.71,506452,7403743.50
2012-08-02,5.76,5.95,5.70,5.77,1099123,16310125.00
2012-08-03,5.73,5.84,5.72,5.82,597957,8802872.00
2012-08-06,5.81,5.95,5.78,5.92,785095,11783041.00
2012-08-07,5.92,5.95,5.88,5.94,584694,8824070.00
2012-08-08,5.94,5.95,5.84,5.88,490452,7359048.50
2012-08-09,5.86,5.95,5.84,5.95,509915,7679857.50
2012-08-10,5.96,6.00,5.88,5.91,491557,7454061.50
2012-08-13,5.89,5.89,5.74,5.74,437003,6478129.00
2012-08-14,5.74,5.80,5.64,5.79,450698,6571234.50
2012-08-15,5.79,5.79,5.68,5.69,474360,6933855.00
2012-08-16,5.70,5.72,5.65,5.67,217875,3163241.00
2012-08-17,5.67,5.71,5.65,5.69,245167,3551907.75
2012-08-20,5.66,5.71,5.59,5.70,367130,5279778.00
2012-08-21,5.70,5.86,5.70,5.83,877304,12982758.00
2012-08-22,5.82,5.84,5.76,5.78,347858,5146157.00
2012-08-23,5.80,5.88,5.74,5.86,514305,7634592.00
2012-08-24,5.84,5.86,5.65,5.67,453654,6650864.00
2012-08-27,5.66,5.66,5.48,5.51,464739,6559116.00
2012-08-28,5.51,5.57,5.48,5.53,297556,4200088.50
2012-08-29,5.53,5.64,5.46,5.57,520763,7425279.50
2012-08-30,5.57,5.79,5.44,5.63,956161,13777128.00
2012-08-31,5.55,5.64,5.55,5.61,531166,7581808.50
2012-09-03,5.62,5.68,5.57,5.67,545519,7857775.50
2012-09-04,5.67,5.68,5.58,5.58,507693,7323166.00
2012-09-05,5.58,5.70,5.53,5.68,524071,7548519.50
2012-09-06,5.69,5.75,5.65,5.72,504670,7346640.50
2012-09-07,5.78,5.92,5.74,5.87,1222961,18243836.00
2012-09-10,5.87,5.90,5.82,5.86,841630,12583310.00
2012-09-11,5.84,5.85,5.74,5.77,830801,12228294.00
2012-09-12,5.79,5.84,5.74,5.80,1361930,20127874.00
2012-09-13,5.81,5.81,5.47,5.49,4528442,64305208.00
2012-09-14,5.50,5.50,5.30,5.38,3324430,45658428.00
2012-09-17,5.34,5.34,5.04,5.07,2971484,39434176.00
2012-09-18,5.08,5.21,4.99,5.20,2417153,31490708.00
2012-09-19,5.16,5.26,5.12,5.20,1794546,23920992.00
2012-09-20,5.17,5.17,4.98,5.02,1298775,16782092.00
2012-09-21,5.07,5.25,5.03,5.12,1760517,23248196.00
2012-09-24,5.12,5.21,5.04,5.21,1234507,16254644.00
2012-09-25,5.24,5.42,5.24,5.34,2767841,37876764.00
2012-09-26,5.34,5.38,5.21,5.22,913580,12298797.00
2012-09-27,5.20,5.29,5.06,5.24,1249780,16574443.00
2012-09-28,5.19,5.23,5.12,5.20,1127464,14918376.00
2012-10-08,5.19,5.27,5.18,5.27,1045849,13995268.00
2012-10-09,5.27,5.38,5.23,5.36,1200531,16368767.00
2012-10-10,5.35,5.41,5.28,5.40,925558,12607692.00
2012-10-11,5.45,5.45,5.28,5.28,882698,12121855.00
2012-10-12,5.27,5.34,5.16,5.20,725134,9690561.00
2012-10-15,5.18,5.22,5.05,5.09,905559,11814790.00
2012-10-16,5.08,5.16,5.08,5.12,378828,4968973.50
2012-10-17,5.10,5.18,5.10,5.15,508843,6697332.50
2012-10-18,5.18,5.22,5.14,5.20,705448,9360462.00
2012-10-19,5.19,5.39,5.16,5.27,1788045,24087662.00
2012-10-22,5.22,5.22,5.12,5.18,1628941,21476920.00
2012-10-23,5.16,5.18,5.10,5.11,922509,12132241.00
2012-10-24,5.09,5.14,5.06,5.10,448935,5854076.50
2012-10-25,5.09,5.14,5.08,5.09,605778,7904478.00
2012-10-26,5.09,5.09,4.83,4.84,1286836,16219023.00
2012-10-29,4.80,4.89,4.79,4.85,308533,3839471.25
2012-10-30,4.88,4.88,4.82,4.84,387232,4810657.00
2012-10-31,4.84,4.85,4.80,4.84,363264,4492672.50
2012-11-01,4.84,5.00,4.83,4.94,1134282,14309910.00
2012-11-02,4.92,4.96,4.88,4.93,670761,8435517.00
2012-11-05,4.90,4.94,4.88,4.90,249668,3135197.50
2012-11-06,4.95,4.95,4.82,4.86,325700,4048832.75
2012-11-07,4.83,4.92,4.83,4.91,462726,5798126.00
2012-11-08,4.88,4.98,4.83,4.91,1092824,13762678.00
2012-11-09,4.88,4.91,4.83,4.83,588956,7340362.50
2012-11-12,4.83,4.90,4.83,4.89,302209,3765976.75
2012-11-13,4.89,4.97,4.80,4.86,931081,11696194.00
2012-11-14,4.84,4.86,4.66,4.70,993407,12035032.00
2012-11-15,4.66,4.68,4.48,4.68,662619,7796085.00
2012-11-16,4.60,4.62,4.39,4.58,1019333,11776818.00
2012-11-19,4.48,4.63,4.43,4.59,470026,5482695.50
2012-11-20,4.60,4.67,4.56,4.60,541826,6419595.50
2012-11-21,4.58,4.62,4.41,4.56,1696046,19482168.00
2012-11-22,4.51,4.57,4.42,4.57,682212,7836662.00
2012-11-23,4.50,4.64,4.46,4.51,1451914,17009916.00
2012-11-26,4.51,4.52,4.40,4.40,736506,8401985.00
2012-11-27,4.40,4.40,4.02,4.06,2216687,23827768.00
2012-11-28,4.00,4.04,3.84,3.88,1467560,14756765.00
2012-11-29,3.88,3.92,3.78,3.80,758397,7548139.00
2012-11-30,3.86,3.92,3.80,3.90,782611,7789536.00
2012-12-03,3.88,3.92,3.72,3.78,1307526,12864363.00
2012-12-04,3.75,3.86,3.68,3.82,1025023,9934657.00
2012-12-05,3.79,4.00,3.76,3.95,1491418,15121169.00
2012-12-06,3.93,4.02,3.92,3.95,837207,8541777.00
2012-12-07,3.89,4.02,3.84,4.02,2302302,23389764.00
2012-12-10,4.00,4.12,3.96,4.08,2637374,27495602.00
2012-12-11,4.10,4.20,4.05,4.09,2191550,23212240.00
2012-12-12,4.07,4.11,3.96,4.06,1026656,10692460.00
2012-12-13,4.06,4.07,3.98,4.02,1116447,11543659.00
2012-12-14,4.00,4.18,4.00,4.18,1771370,18818524.00
2012-12-17,4.18,4.25,4.12,4.20,1968900,21152640.00
2012-12-18,4.18,4.23,4.13,4.15,1295618,13941077.00
2012-12-19,4.13,4.19,4.13,4.18,1042464,11169898.00
2012-12-20,4.16,4.22,4.15,4.21,776184,8363611.00
2012-12-21,4.22,4.26,4.15,4.21,1172331,12689457.00
2012-12-24,4.21,4.41,4.20,4.36,2648968,29469930.00
2012-12-25,4.36,4.63,4.35,4.51,2987551,34287552.00
2012-12-26,4.50,4.68,4.49,4.65,1525450,17967762.00
2012-12-27,4.68,4.79,4.53,4.54,1800066,21459584.00
2012-12-28,4.54,4.60,4.44,4.60,1525159,17685086.00
2012-12-31,4.60,4.63,4.54,4.59,696840,8184900.50
2013-01-04,4.62,4.65,4.54,4.58,736791,8667597.00
2013-01-07,4.58,4.74,4.48,4.74,1870228,22234338.00
2013-01-08,4.76,5.00,4.66,4.89,3215925,39845892.00
2013-01-09,4.85,4.97,4.82,4.90,2679719,33663276.00
2013-01-10,4.87,5.04,4.87,4.93,1409203,17838308.00
2013-01-11,4.91,4.97,4.76,4.78,1472097,18362158.00
2013-01-14,4.76,4.91,4.72,4.89,2546248,31534076.00
2013-01-15,4.89,5.06,4.86,5.00,2253142,28567972.00
2013-01-16,4.99,5.04,4.87,4.92,2026906,25603522.00
2013-01-17,4.92,4.94,4.81,4.83,1080120,13495736.00
2013-01-18,4.86,4.90,4.79,4.87,1828077,22607514.00
2013-01-21,4.88,4.88,4.83,4.86,1245565,15497785.00
2013-01-22,4.87,4.98,4.81,4.83,1638777,20596554.00
2013-01-23,4.82,4.96,4.78,4.92,1655695,20711348.00
2013-01-24,4.90,5.34,4.88,5.16,8229003,108852496.00
2013-01-25,5.10,5.47,4.64,5.36,8176015,105917976.00
2013-01-28,5.36,5.36,5.06,5.24,6503961,86608120.00
2013-01-29,5.21,5.24,5.13,5.18,3123784,41363768.00
2013-01-30,5.16,5.22,5.08,5.10,2493138,32802402.00
2013-01-31,5.06,5.08,5.00,5.06,1857868,23918924.00
2013-02-01,5.02,5.08,4.98,5.05,1935618,24899368.00
2013-02-04,5.03,5.08,4.96,4.96,1575920,20178088.00
2013-02-05,4.88,5.00,4.88,4.98,1143519,14475779.00
2013-02-06,4.98,5.18,4.96,5.05,2204899,28784374.00
2013-02-07,5.04,5.04,4.92,4.99,1384742,17641802.00
2013-02-08,5.01,5.07,4.97,5.05,1324009,17076482.00
2013-02-18,5.09,5.21,5.02,5.20,2498521,32852294.00
2013-02-19,5.73,5.73,5.69,5.73,11788469,172339648.00
2013-02-20,5.71,5.71,5.47,5.54,11941703,170183904.00
2013-02-21,5.44,5.50,5.26,5.30,6496965,89415464.00
2013-02-22,5.26,5.36,5.23,5.24,3686510,49897624.00
2013-02-25,5.22,5.34,5.21,5.32,3038261,41064604.00
2013-02-26,5.28,5.41,5.24,5.24,3733419,50765672.00
2013-02-27,5.24,5.36,5.20,5.35,3135367,42385972.00
2013-02-28,5.33,5.37,5.25,5.34,3944158,53539192.00
2013-03-01,5.34,5.43,5.31,5.42,3842375,52791560.00
2013-03-04,5.41,5.41,4.89,4.92,4485023,58932272.00
2013-03-05,4.92,5.10,4.92,5.06,2540057,32829646.00
2013-03-06,5.08,5.22,5.07,5.16,3430820,45151104.00
2013-03-07,5.14,5.17,4.95,5.01,3013313,39039072.00
2013-03-08,5.00,5.05,4.94,4.96,1417080,18119336.00
2013-03-11,4.96,5.07,4.96,5.02,1477574,19013358.00
2013-03-12,5.02,5.05,4.73,4.81,2117797,26458584.00
2013-03-13,4.81,4.81,4.71,4.75,984023,11969166.00
2013-03-14,4.76,4.80,4.73,4.74,677889,8269488.00
2013-03-15,4.73,4.85,4.69,4.74,1224778,14974508.00
2013-03-18,4.74,4.84,4.74,4.81,1624360,19951834.00
2013-03-19,4.82,4.82,4.68,4.78,1071264,13013405.00
2013-03-20,4.86,5.02,4.86,5.01,3035345,38486372.00
2013-03-21,5.02,5.06,4.91,5.04,2647360,33939468.00
2013-03-22,5.03,5.03,4.95,4.99,1192079,15245369.00
2013-03-25,5.01,5.02,4.92,4.98,874919,11131479.00
2013-03-26,4.96,4.96,4.81,4.86,1313194,16346804.00
2013-03-27,4.86,4.94,4.84,4.90,1180260,14788190.00
2013-03-28,4.88,4.88,4.69,4.70,1211732,14723850.00
2013-03-29,4.72,4.83,4.70,4.74,773430,9447529.00
2013-04-01,4.72,4.77,4.70,4.74,612816,7436024.50
2013-04-02,4.72,4.80,4.61,4.61,1093394,13164493.00
2013-04-03,4.67,4.67,4.45,4.46,933188,10774631.00
2013-04-08,4.45,4.53,4.33,4.52,681682,7740255.00
2013-04-09,4.52,4.59,4.50,4.56,643229,7505102.50
2013-04-10,4.52,4.52,4.37,4.43,1007006,11506506.00
2013-04-11,4.44,4.48,4.37,4.38,699859,7951862.00
2013-04-12,4.32,4.35,4.26,4.29,997861,11045092.00
2013-04-15,4.28,4.28,4.15,4.18,676592,7287824.00
2013-04-16,4.15,4.25,4.08,4.24,739683,7934277.50
2013-04-17,4.22,4.29,4.21,4.28,736105,8036317.50
2013-04-18,4.25,4.32,4.24,4.31,747882,8252434.50
2013-04-19,4.28,4.42,4.28,4.37,989717,11115110.00
2013-04-22,4.33,4.40,4.33,4.40,794452,8922551.00
2013-04-23,4.36,4.36,4.12,4.12,1657058,17776862.00
2013-04-24,4.12,4.27,4.08,4.20,1285255,13806276.00
2013-04-25,4.18,4.18,4.03,4.03,1388459,14657942.00
2013-04-26,4.05,4.06,3.91,3.93,791715,8115809.50
2013-05-02,3.94,3.97,3.89,3.94,520760,5275923.50
2013-05-03,3.96,4.05,3.92,4.02,876680,9049147.00
2013-05-06,4.02,4.15,4.02,4.14,1272780,13462388.00
2013-05-07,4.13,4.18,4.09,4.13,857054,9095254.00
2013-05-08,4.15,4.22,4.12,4.22,1272475,13680472.00
2013-05-09,4.17,4.21,4.10,4.21,1775114,18985890.00
2013-05-10,4.22,4.27,4.14,4.16,2066294,22207234.00
2013-05-13,4.20,4.26,4.09,4.26,2858988,30779872.00
2013-05-14,4.24,4.24,4.13,4.17,1177924,12671642.00
2013-05-15,4.16,4.26,4.16,4.26,1822189,19767514.00
2013-05-16,4.28,4.39,4.27,4.30,3258759,36233180.00
2013-05-17,4.32,4.38,4.28,4.35,1961097,21837492.00
2013-05-20,4.36,4.52,4.36,4.51,3106949,35699204.00
2013-05-21,4.52,4.82,4.52,4.76,4774607,57439044.00
2013-05-22,4.75,4.79,4.56,4.60,3315292,39662640.00
2013-05-23,4.64,4.88,4.61,4.76,3854532,46736800.00
2013-05-24,4.76,5.09,4.76,4.98,4590893,57781868.00
2013-05-27,4.98,5.09,4.88,5.02,3464499,43572760.00
2013-05-28,4.99,4.99,4.75,4.80,3030563,37258016.00
2013-05-29,4.80,4.92,4.80,4.88,1770197,21884948.00
2013-05-30,4.88,4.90,4.78,4.88,2363513,29002686.00
2013-05-31,4.87,4.92,4.82,4.82,2041479,25215720.00
2013-06-03,4.82,4.82,4.61,4.63,2240375,26746304.00
2013-06-04,4.63,4.66,4.46,4.49,1678772,19420928.00
2013-06-05,4.49,4.56,4.42,4.54,1114590,12821614.00
2013-06-06,4.50,4.58,4.48,4.56,1058667,12198110.00
2013-06-07,4.56,4.65,4.44,4.45,1374160,15881331.00
2013-06-13,4.40,4.40,4.16,4.24,1071604,11568381.00
2013-06-14,4.24,4.35,4.23,4.32,980631,10715356.00
2013-06-17,4.32,4.35,4.22,4.27,1087611,11868936.00
2013-06-18,4.28,4.34,4.20,4.31,975017,10619265.00
2013-06-19,4.28,4.33,4.16,4.31,955488,10351158.00
2013-06-20,4.28,4.38,4.21,4.22,1527302,16839512.00
2013-06-21,4.16,4.16,3.96,4.12,1151236,11924534.00
2013-06-24,4.10,4.10,3.77,3.79,1313236,13146092.00
2013-06-25,3.72,3.87,3.49,3.81,1421153,13372081.00
2013-06-26,3.84,3.93,3.77,3.92,1426294,14070857.00
2013-06-27,3.92,4.00,3.76,3.80,1244331,12391214.00
2013-06-28,3.78,3.86,3.72,3.81,654147,6364208.00
2013-07-01,3.80,3.92,3.76,3.92,652211,6398648.50
2013-07-02,3.90,4.00,3.86,3.98,1276306,12830440.00
2013-07-03,3.93,4.00,3.82,3.98,1355164,13536927.00
2013-07-04,4.04,4.39,4.04,4.39,3998568,43713508.00
2013-07-05,4.49,4.55,4.27,4.28,6467441,72707952.00
2013-07-08,4.12,4.12,3.92,3.92,2925855,30032804.00
2013-07-09,3.89,4.04,3.87,4.00,1590106,16008355.00
2013-07-10,3.99,4.12,3.92,4.10,2316843,23760746.00
2013-07-11,4.14,4.26,4.08,4.18,2272157,24126374.00
2013-07-12,4.11,4.31,4.10,4.20,2534863,27365376.00
2013-07-15,4.17,4.38,4.17,4.36,2653100,29127126.00
2013-07-16,4.38,4.49,4.31,4.43,3053103,34161680.00
2013-07-17,4.48,4.48,4.31,4.32,2255481,25134646.00
2013-07-18,4.31,4.76,4.21,4.76,6242923,73305656.00
2013-07-19,4.84,5.24,4.82,4.94,15583420,198405920.00
2013-07-22,4.81,5.29,4.81,5.27,11301342,146679248.00
2013-07-23,5.12,5.28,5.08,5.24,10048526,131717824.00
2013-07-24,5.14,5.36,5.04,5.28,8775746,116336128.00
2013-07-25,5.21,5.31,4.82,4.88,6633441,84311576.00
2013-07-26,4.80,5.38,4.80,5.38,8687224,113267840.00
2013-07-29,5.42,5.56,5.11,5.20,8399871,113177824.00
2013-07-30,5.22,5.26,4.80,4.93,5728481,72669616.00
2013-07-31,4.92,5.43,4.92,5.43,5064842,68155224.00
2013-08-01,5.98,5.98,5.88,5.98,6596226,99865912.00
2013-08-02,6.59,6.59,6.59,6.59,1955801,32603202.00
2013-08-05,7.04,7.16,6.68,6.86,25106813,438348320.00
2013-08-06,6.74,6.92,6.66,6.90,17364300,299449472.00
2013-08-07,6.78,6.84,6.29,6.43,16805733,275367520.00
2013-08-08,6.32,6.48,6.26,6.36,10072935,162585872.00
2013-08-09,6.30,6.42,5.98,6.13,10461372,163653424.00
2013-08-12,6.08,6.18,5.88,6.10,9194473,140320224.00
2013-08-13,6.10,6.23,6.01,6.13,8712903,135490128.00
2013-08-14,6.04,6.38,5.89,6.19,14911169,232633664.00
2013-08-15,6.06,6.36,6.01,6.36,14350557,226156176.00
2013-08-16,6.22,6.67,5.88,5.89,17146374,276552288.00
2013-08-19,5.72,6.10,5.53,6.02,10952048,162423968.00
2013-08-20,5.94,6.42,5.89,6.25,11853573,186277920.00
2013-08-21,6.15,6.80,6.10,6.57,14384711,236618208.00
2013-08-22,6.50,6.79,6.34,6.40,12855290,212378064.00
2013-08-23,6.36,6.44,5.91,6.10,9706781,152021232.00
2013-08-26,6.11,6.38,6.11,6.26,6611084,104780072.00
2013-08-27,6.28,6.58,6.00,6.51,12140586,194084432.00
2013-08-28,6.40,6.66,6.18,6.24,11291064,183856240.00
2013-08-29,6.15,6.26,6.00,6.19,5439916,84564336.00
2013-08-30,6.19,6.19,5.56,5.58,8711781,128919536.00
2013-09-02,5.51,5.72,5.48,5.66,3081429,43959724.00
2013-09-03,5.69,5.96,5.61,5.88,4488614,66109220.00
2013-09-04,5.88,5.88,5.66,5.70,3833367,55708440.00
2013-09-05,5.70,5.90,5.62,5.75,3914308,57357264.00
2013-09-06,5.72,6.00,5.67,5.98,7319808,109056184.00
2013-09-09,6.06,6.09,5.88,5.91,5698265,85687904.00
2013-09-10,5.92,6.03,5.79,5.86,4978886,74263768.00
2013-09-11,5.84,5.84,5.52,5.60,5077392,72128624.00
2013-09-12,5.60,5.68,5.57,5.63,2494589,35513292.00
2013-09-13,5.61,5.80,5.53,5.74,4141912,59960536.00
2013-09-16,5.68,5.82,5.54,5.68,2902009,41906332.00
2013-09-17,5.68,5.76,5.56,5.56,2647027,37928280.00
2013-09-18,5.57,5.63,5.46,5.58,2253998,31667564.00
2013-09-23,5.59,5.83,5.59,5.81,3955214,57407584.00
2013-09-24,5.84,5.96,5.76,5.82,4852523,71849056.00
2013-09-25,5.82,5.82,5.61,5.62,3201422,46254828.00
2013-09-26,5.62,5.77,5.60,5.63,2535464,36628692.00
2013-09-27,5.64,5.77,5.64,5.72,2226384,32260608.00
2013-09-30,5.89,5.95,5.78,5.82,3814773,56649588.00
2013-10-08,5.80,6.32,5.79,6.27,9613793,149262672.00
2013-10-09,6.18,6.35,6.10,6.21,7622459,120156320.00
2013-10-10,6.16,6.30,5.97,5.98,5573886,86751008.00
2013-10-11,6.00,6.15,5.93,6.07,4176327,63557084.00
2013-10-14,6.10,6.22,5.99,6.16,4803765,74491704.00
2013-10-15,6.12,6.12,5.95,5.98,3650901,55502484.00
2013-10-16,5.95,5.96,5.52,5.52,4344211,62122824.00
2013-10-17,5.56,5.65,5.45,5.45,2260339,31818204.00
2013-10-18,5.49,5.72,5.49,5.66,2769820,39396080.00
2013-10-21,5.62,5.90,5.58,5.80,4894634,71568752.00
2013-10-22,5.79,5.84,5.54,5.64,3626414,52403016.00
2013-10-23,5.64,5.76,5.46,5.54,2524529,35852556.00
2013-10-24,5.52,5.78,5.48,5.74,3786170,54684192.00
2013-10-25,5.74,5.82,5.50,5.72,3731769,53997984.00
2013-10-28,5.72,6.01,5.72,5.92,5377669,80652880.00
2013-10-29,5.92,6.03,5.63,5.88,4437199,66143356.00
2013-10-30,5.90,6.13,5.90,6.12,4460021,68547680.00
2013-10-31,6.06,6.26,6.06,6.24,5048507,79078296.00
2014-01-16,6.87,6.87,6.87,6.87,276983,4813964.50
2014-01-17,7.57,7.57,7.57,7.57,420444,8038889.50
2014-01-20,8.33,8.33,8.33,8.33,458891,9650478.00
2014-01-21,9.17,9.17,9.17,9.17,426982,9876094.00
2014-01-22,10.10,10.10,10.10,10.10,684143,17404598.00
2014-01-23,11.11,11.11,11.11,11.11,845438,23655356.00
2014-01-24,12.23,12.23,12.23,12.23,8140479,250563936.00
2014-01-27,13.45,13.46,12.85,13.46,18873402,637632128.00
2014-02-13,14.82,14.82,14.82,14.82,449620,16748345.00
2014-02-14,15.52,16.04,13.78,14.59,20167541,756416256.00
2014-02-17,14.92,16.06,14.72,16.06,9987541,392936512.00
2014-02-18,16.36,17.68,16.19,16.36,14827528,631449920.00
2014-02-19,16.16,17.22,16.14,16.88,9914962,415068832.00
2014-02-20,16.96,18.57,16.96,18.57,6793892,309728160.00
2014-02-21,19.32,20.40,18.82,19.60,10652173,523851520.00
2014-02-24,19.56,21.01,19.54,20.20,8196258,418846464.00
2014-02-25,20.12,20.12,18.17,18.17,10725309,509597920.00
2014-02-26,18.01,20.00,17.80,20.00,9954860,474179904.00
2014-02-27,20.41,21.96,19.20,20.91,10457501,536271232.00
2014-02-28,20.52,22.66,20.50,21.62,7976081,432428384.00
2014-03-03,21.12,21.52,19.59,19.90,8709756,443171616.00
2014-03-04,19.84,20.61,19.00,19.66,5801777,289147296.00
2014-03-05,20.03,20.40,19.21,19.83,5252496,261605232.00
2014-03-06,20.12,20.58,18.94,19.32,6976229,342750752.00
2014-03-07,19.08,19.92,18.52,18.72,6225394,298113568.00
2014-03-10,18.76,19.62,18.52,18.84,4864959,232959680.00
2014-03-11,18.96,19.11,16.95,17.12,7021824,313479392.00
2014-03-12,16.84,17.03,15.40,16.17,8628547,351826496.00
2014-03-13,15.96,17.36,15.79,16.94,5857794,243461968.00
2014-03-14,16.67,17.20,16.28,16.58,4023199,168301264.00
2014-03-17,16.36,17.28,16.16,17.16,3398414,143308800.00
2014-03-18,17.18,18.14,17.00,17.24,4581183,200983408.00
2014-03-26,16.56,17.14,15.98,16.80,3606766,150941888.00
2014-03-27,16.36,16.70,15.11,15.11,5810383,227932928.00
2014-03-28,14.76,14.95,13.76,14.14,6088877,219543648.00
2014-03-31,13.94,14.36,13.57,14.20,3275414,115119976.00
2014-04-01,14.09,14.59,14.00,14.44,2445905,87879152.00
2014-04-02,14.36,14.48,13.90,14.10,2922247,103242240.00
2014-04-03,14.10,14.70,14.01,14.36,3057935,110515240.00
2014-04-04,14.36,14.52,14.08,14.48,2155920,77462912.00
2014-04-08,13.96,14.32,13.80,14.26,2347377,82696424.00
2014-04-09,14.17,15.11,14.17,14.88,4280546,157629440.00
2014-04-10,14.84,15.74,14.81,15.28,4856878,185632448.00
2014-04-11,15.16,15.26,14.76,15.05,2782660,104616208.00
2014-04-14,14.76,15.12,14.64,14.84,2115694,78567656.00
2014-04-15,14.64,15.22,14.64,14.77,1859376,69568936.00
2014-04-16,14.64,14.91,14.60,14.73,1348288,49884928.00
2014-04-17,14.76,15.08,14.62,14.91,1676473,62710972.00
2014-04-18,14.76,15.07,14.68,15.05,1365293,51150924.00
2014-04-21,14.81,15.16,14.72,14.72,1648013,61644300.00
2014-04-22,14.63,14.74,14.20,14.42,1791675,65009688.00
2014-04-23,14.28,14.84,14.28,14.79,1805157,66177044.00
2014-04-24,14.78,14.96,14.36,14.43,1357612,49656476.00
2014-04-25,14.40,14.63,14.08,14.24,1284242,46243160.00
2014-04-28,13.98,14.27,13.16,13.18,1879044,63869448.00
2014-04-29,12.88,13.72,12.88,13.60,1328882,44631872.00
2014-04-30,13.60,14.10,13.53,14.02,1345834,46770840.00
2014-05-05,14.08,14.40,13.88,14.31,1282371,45554896.00
2014-05-06,14.24,14.94,14.24,14.76,2061998,76053256.00
2014-05-07,14.76,14.98,14.51,14.66,1754749,64841872.00
2014-05-14,14.56,15.22,14.06,14.76,2577687,95492656.00
2014-05-15,14.64,14.81,13.39,13.74,2247853,79096072.00
2014-05-16,13.48,13.74,13.37,13.67,1082154,36791612.00
2014-05-19,13.64,13.77,13.39,13.52,725183,24729452.00
2014-05-20,13.60,14.28,13.60,13.86,1107801,38848616.00
2014-05-21,13.67,14.65,13.67,14.62,1330875,47170592.00
2014-05-22,14.40,14.56,14.12,14.20,1456156,52546016.00
2014-05-23,13.86,15.09,13.83,14.94,3015629,109815816.00
2014-05-26,14.76,14.94,14.54,14.87,2102370,77681128.00
2014-05-27,14.77,15.02,14.64,14.64,1654477,61500576.00
2014-05-28,14.67,15.33,14.38,15.19,3588185,135692624.00
2014-05-29,15.19,15.28,14.60,14.74,2269226,84922760.00
2014-05-30,14.60,14.96,14.56,14.62,1513640,55896112.00
2014-06-03,14.64,14.84,14.08,14.24,1584780,57038488.00
2014-06-04,14.17,14.26,13.94,14.04,1351922,47633388.00
2014-06-17,15.44,15.44,15.44,15.44,136992,5302960.50
2014-06-18,16.76,16.99,16.59,16.99,4272554,180786352.00
2014-06-19,17.77,18.33,16.24,16.75,9204050,401464992.00
2014-06-20,16.53,18.43,16.42,18.43,6679105,298731328.00
2014-06-23,19.09,19.92,18.43,19.29,8720293,418206112.00
2014-06-24,19.22,19.62,18.66,19.40,5542860,266370800.00
2014-06-25,19.20,19.20,18.14,18.28,4995579,232282992.00
2014-06-26,18.18,19.07,18.17,18.51,4348294,203672272.00
2014-06-27,18.36,20.33,18.01,19.56,5992730,286969152.00
2014-06-30,19.62,19.62,18.88,19.10,3392264,163529840.00
2014-07-01,18.96,19.24,18.70,18.76,2713967,128601848.00
2014-07-02,18.65,19.08,17.90,18.32,3299662,152057872.00
2014-07-03,18.24,18.52,18.08,18.15,1933519,88455792.00
2014-07-04,18.15,18.71,18.08,18.33,1971742,91065192.00
2014-07-07,18.36,18.54,17.56,17.69,3184496,142581136.00
2014-07-08,17.88,18.12,17.66,17.94,1573436,70706392.00
2014-07-09,17.78,17.93,17.16,17.18,2300210,100933520.00
2014-07-10,17.16,17.66,17.01,17.62,1528359,67006904.00
2014-07-11,17.40,17.61,17.08,17.25,1314066,56735056.00
2014-07-14,17.36,17.40,16.94,17.40,974889,42001348.00
2014-07-15,17.33,17.47,16.96,17.06,849419,36421400.00
2014-07-16,17.00,17.11,16.32,16.32,1415452,58953212.00
2014-07-17,16.20,16.48,15.79,16.15,983398,39577268.00
2014-07-18,16.12,16.29,15.86,16.07,940279,37890992.00
2014-07-21,16.24,16.24,15.97,16.22,662503,26828490.00
2014-07-22,16.22,17.12,16.17,17.04,1494672,63239760.00
2014-07-23,16.92,17.35,16.66,16.69,985360,41963276.00
2014-07-24,16.70,16.83,16.18,16.18,1001893,41030144.00
2014-07-25,16.33,17.27,16.08,17.00,1217591,51142904.00
2014-07-28,17.15,17.20,16.57,17.20,1291439,54721344.00
2014-07-29,17.56,18.60,17.48,18.03,2649836,120830824.00
2014-07-30,17.96,18.32,17.28,18.06,2463838,109179360.00
2014-07-31,17.96,18.04,17.62,17.71,1224444,54541180.00
2014-08-01,17.56,17.91,17.14,17.20,1360561,59646964.00
2014-08-04,17.29,17.48,17.16,17.22,938664,40589224.00
2014-08-05,17.23,17.75,17.16,17.42,1079225,47191216.00
2014-08-06,17.36,17.57,17.32,17.54,1042184,45588480.00
2014-08-07,17.54,17.87,17.43,17.50,1099129,48641864.00
2014-08-08,17.64,17.78,17.52,17.62,696004,30692400.00
2014-08-11,17.96,18.55,17.75,18.28,2149263,98076296.00
2014-08-12,18.15,18.24,17.63,17.72,1974842,88385168.00
2014-08-13,17.69,17.88,17.16,17.37,1758723,77103136.00
2014-08-14,17.34,17.43,17.15,17.19,1826805,78791584.00
2014-08-15,17.16,17.56,17.00,17.40,1115119,48403768.00
2014-08-18,17.40,17.95,17.27,17.79,1483876,65448192.00
2014-08-19,17.75,18.54,17.70,18.02,2258472,102761584.00
2014-08-20,17.94,17.94,17.44,17.48,1658613,73055976.00
2014-08-21,17.48,17.65,17.16,17.63,849816,37241008.00
2014-08-22,17.64,18.29,17.48,18.00,1512699,68040448.00
2014-08-25,18.28,18.28,17.82,18.10,1431122,64649284.00
2014-08-26,17.96,18.04,17.36,17.54,1624032,71845168.00
2014-08-27,17.16,17.73,17.16,17.41,1118174,49013184.00
2014-08-28,17.48,17.49,17.21,17.26,679567,29510730.00
2014-08-29,17.14,17.43,17.13,17.34,553967,24009530.00
2014-09-01,17.32,17.68,17.28,17.60,817796,35954288.00
2014-09-02,17.64,17.94,17.44,17.72,1694192,75422600.00
2014-09-03,17.75,18.28,17.72,18.12,2488711,112625264.00
2014-09-04,18.10,18.31,17.92,18.16,1566620,70990008.00
2014-09-05,18.34,18.34,17.74,17.88,1334383,59947516.00
2014-09-09,17.76,17.93,17.56,17.62,1200171,53066440.00
2014-09-10,17.58,17.80,17.58,17.75,1116048,49587984.00
2014-09-11,17.76,18.18,17.66,17.88,1648679,74317352.00
2014-09-12,17.88,17.96,17.36,17.52,2481215,109222352.00
2014-09-15,17.52,17.69,17.52,17.60,998837,44034812.00
2014-09-16,17.68,17.76,17.17,17.26,2005314,87196384.00
2014-09-17,17.24,17.27,16.96,17.24,1755153,75373408.00
2014-09-18,17.29,17.40,17.20,17.35,755695,32772158.00
2014-09-19,17.33,17.96,17.12,17.68,2348819,102827656.00
2014-09-22,17.56,17.63,17.16,17.32,1313596,56888800.00
2014-09-23,17.19,17.40,17.16,17.32,740541,32003550.00
2014-09-24,17.32,17.36,17.11,17.28,1906299,82239376.00
2014-09-25,17.28,17.38,17.20,17.28,1400199,60664828.00
2014-09-26,17.24,17.32,16.95,17.13,1121039,48031408.00
2014-09-29,17.13,17.27,17.03,17.12,875289,37630912.00
2014-09-30,17.17,17.68,17.16,17.55,1967447,86299904.00
2014-10-08,17.48,17.67,17.38,17.61,1535679,67584520.00
2014-10-09,17.63,17.64,17.36,17.39,1593957,69810640.00
2014-10-10,17.60,19.14,17.60,18.83,9421499,444979520.00
2014-10-13,18.36,18.36,17.70,17.82,5305054,238143776.00
2014-10-14,17.80,17.90,17.50,17.56,2260517,100189016.00
2014-10-15,17.48,17.63,17.11,17.44,2047916,88740680.00
2014-10-16,17.27,17.36,17.10,17.19,1329557,57364080.00
2014-10-17,17.14,17.44,17.05,17.22,1060676,45692956.00
2014-10-20,17.16,17.39,17.16,17.32,739845,32036796.00
2014-10-21,17.40,17.40,17.19,17.23,800847,34609016.00
2014-10-22,17.16,17.31,17.12,17.24,803152,34598780.00
2014-10-23,17.20,17.32,16.45,17.20,1100396,47138560.00
2014-10-24,17.20,17.28,17.02,17.16,886195,37979384.00
2014-10-27,17.12,17.20,16.80,17.16,659901,28229360.00
2014-10-28,17.23,17.37,17.12,17.35,1392293,60283524.00
2014-10-29,17.48,17.64,17.24,17.56,2204525,96667520.00
2014-10-30,17.88,18.43,17.40,17.41,3278816,147059984.00
2014-10-31,17.34,17.43,17.14,17.20,1534467,66212464.00
2014-11-03,17.17,17.55,17.16,17.35,1094870,47609608.00
2014-11-04,17.40,17.51,17.32,17.48,860506,37589980.00
2014-11-05,17.47,17.63,17.26,17.53,810766,35430412.00
2014-11-06,17.54,18.04,17.54,17.72,1507216,67209960.00
2014-11-07,17.64,17.84,17.46,17.46,1225405,54227580.00
2014-11-10,17.54,17.88,17.48,17.66,1141503,50620380.00
2014-11-11,17.54,17.66,17.16,17.21,1628050,70674072.00
2014-11-12,17.17,17.86,17.10,17.78,2152186,94692032.00
2014-11-13,17.84,18.04,17.63,17.96,2079985,93323456.00
2014-11-14,17.96,18.07,17.49,17.61,1784996,79666872.00
2014-11-17,17.60,17.70,17.30,17.56,1118419,49009824.00
2014-11-18,17.44,17.62,17.40,17.58,676381,29674194.00
2014-11-19,17.58,18.42,17.58,18.06,3408594,154435200.00
2014-11-20,17.91,17.96,17.62,17.72,1474411,65591024.00
2014-11-21,17.61,17.94,17.61,17.76,1241375,55297952.00
2014-11-24,17.77,17.92,17.53,17.80,1440544,63842396.00
2014-11-25,17.80,18.19,17.68,18.16,2407681,108676112.00
2014-11-26,18.26,19.84,18.26,19.12,4945572,238566736.00
2014-11-27,19.74,19.80,18.80,19.50,4105225,199100640.00
2014-11-28,19.16,21.16,19.16,20.16,5175455,260718416.00
2014-12-01,20.36,20.76,19.76,20.34,3573416,180834208.00
2014-12-02,20.12,20.94,19.84,20.12,3621919,184112576.00
2014-12-03,19.89,20.14,19.32,19.54,2989127,147103824.00
2014-12-04,19.68,20.09,19.41,19.60,2600726,128387576.00
2014-12-05,19.40,19.54,18.56,18.80,2923847,138305360.00
2014-12-08,18.81,18.81,18.18,18.24,2433502,112135144.00
2014-12-09,17.92,18.20,17.71,17.77,1965142,88140080.00
2014-12-10,17.80,18.19,17.64,18.06,1593675,72026488.00
2014-12-11,17.96,18.46,17.88,18.29,1257688,57546556.00
2014-12-12,18.14,18.44,18.14,18.35,1085268,49666380.00
2014-12-15,18.32,19.12,18.16,19.10,1854912,87436496.00
2014-12-16,19.28,19.30,18.59,18.63,1337295,63251592.00
2014-12-17,18.63,18.63,17.92,18.25,1492594,67964112.00
2014-12-18,18.09,18.16,17.80,18.08,1045705,47192468.00
2014-12-19,18.04,18.24,17.37,17.42,1756768,77854112.00
2014-12-22,17.28,17.28,16.04,16.36,1958766,81821152.00
2014-12-23,16.20,16.82,16.20,16.44,988530,40865208.00
2014-12-24,16.75,17.24,16.60,17.12,1145162,48660624.00
2014-12-25,17.19,17.67,17.12,17.32,1062958,46237760.00
2014-12-26,17.39,17.68,16.98,17.48,1104228,47829136.00
2014-12-29,17.48,17.48,16.80,16.85,966653,41207028.00
2014-12-30,16.84,17.17,16.72,17.07,673568,28611202.00
2014-12-31,17.04,17.24,16.84,17.05,568866,24267916.00
2015-01-05,17.12,17.69,16.96,17.48,1145237,49730264.00
2015-01-06,17.46,18.22,17.22,18.08,1492915,66553280.00
2015-01-07,18.08,18.43,17.68,18.43,1360943,61464848.00
2015-01-08,18.44,18.44,17.97,18.00,1026158,46655800.00
2015-01-09,17.82,18.23,17.79,17.94,1050691,47462712.00
2015-01-12,17.77,17.94,17.49,17.62,1203908,53474944.00
2015-01-13,17.56,18.81,17.37,18.40,2404762,110008096.00
2015-01-14,18.30,18.45,17.92,17.94,1240697,56530800.00
2015-01-15,17.96,18.16,17.76,17.88,799733,35949960.00
2015-01-16,17.88,18.55,17.78,18.38,1762883,80963944.00
2015-01-19,18.22,19.39,17.96,18.44,3562239,168179184.00
2015-01-20,18.24,19.32,18.22,19.24,3617496,172750208.00
2015-01-21,19.23,19.49,18.88,19.40,3331808,160854720.00
2015-01-22,19.40,19.52,19.04,19.08,2536539,122078728.00
2015-01-23,19.08,19.18,18.63,18.75,2034408,95841440.00
2015-01-26,19.02,19.61,18.89,19.61,2740177,133175344.00
2015-02-13,21.57,21.57,21.57,21.57,57362,3099268.75
2015-02-16,23.73,23.73,23.73,23.73,73273,4354614.50
2015-02-17,26.11,26.11,26.11,26.11,239046,15626437.00
2015-02-25,28.72,28.72,28.72,28.72,2177725,156600208.00
2015-02-26,30.16,31.60,30.08,31.60,17769243,1377025664.00
2015-02-27,32.30,32.32,30.76,31.58,13366287,1058986624.00
2015-03-02,31.24,34.18,31.24,33.08,11049388,901172096.00
2015-03-03,32.63,33.15,32.08,32.14,6108871,496777376.00
2015-03-04,32.65,35.35,32.20,35.35,11191443,967435648.00
2015-03-05,35.16,35.55,33.60,33.77,5994866,515124544.00
2015-03-06,34.19,34.96,32.00,33.56,5574855,464306720.00
2015-03-09,33.20,35.76,32.77,34.48,5827559,505263104.00
2015-03-10,36.16,37.93,36.08,37.93,3996925,375909952.00
2015-03-11,39.51,41.35,38.31,39.16,8089158,799685824.00
2015-03-12,38.67,39.79,36.96,38.66,5426094,522567232.00
2015-03-13,39.64,42.50,38.67,40.96,7608591,770989952.00
2015-03-16,41.55,45.06,41.11,45.06,7048673,766027136.00
2015-03-17,48.30,49.57,45.51,49.57,43863564,2090203392.00
2015-03-18,48.00,49.99,47.00,49.00,34712867,1696797952.00
2015-03-19,48.00,53.90,47.10,53.90,42076469,2122759552.00
2015-03-20,53.00,58.85,52.21,56.68,43519471,2476513536.00
2015-03-23,57.60,62.35,55.50,62.35,35047845,2081131008.00
2015-03-24,62.35,68.59,62.35,68.59,36889434,2451559936.00
2015-03-25,71.11,75.45,71.11,75.45,24215432,1799542784.00
2015-03-26,76.52,82.77,67.92,69.40,50428658,3791884544.00
2015-03-27,66.00,69.00,63.97,66.98,32406197,2147376384.00
2015-03-30,65.50,65.50,60.36,60.90,34914705,2173360896.00
2015-03-31,60.95,65.00,60.95,63.30,30930860,1962543872.00
2015-04-01,63.00,64.49,61.56,63.94,22436660,1419961088.00
2015-04-02,63.02,64.80,62.11,63.52,25059288,1590862080.00
2015-04-03,62.50,62.52,61.00,61.94,21429342,1322674304.00
2015-04-07,61.90,64.65,61.00,63.43,23283140,1469831936.00
2015-04-08,63.40,63.41,58.03,61.46,26857159,1639625472.00
2015-04-09,61.00,67.61,58.95,67.61,40301118,2570740224.00
2015-04-10,67.00,67.00,64.00,65.05,27865315,1822053376.00
2015-04-13,64.10,64.48,62.10,62.99,18370774,1159909248.00
2015-04-14,62.95,62.95,60.54,60.61,16758641,1026802432.00
2015-04-15,59.10,59.50,54.55,54.56,18107852,1036018880.00
2015-04-16,53.22,56.90,51.40,54.03,18565162,1002199872.00
2015-04-17,54.57,55.97,53.71,53.87,13296503,726174016.00
2015-04-20,53.80,53.80,50.85,50.86,15545682,808601024.00
2015-04-21,50.68,55.90,50.67,55.75,19929800,1081240448.00
2015-04-22,55.05,59.17,55.03,57.07,19881800,1141674496.00
2015-04-23,57.08,57.39,55.07,55.97,14573576,816591104.00
2015-04-24,55.00,55.83,53.71,54.82,12507877,685034496.00
2015-04-27,55.82,57.99,55.50,56.71,16444795,933743040.00
2015-04-28,56.29,56.30,52.50,53.14,14087317,758824192.00
2015-04-29,52.50,55.46,52.00,54.59,11742910,637772032.00
2015-04-30,54.57,58.98,54.53,56.45,22041939,1256763776.00
2015-05-04,55.80,55.80,52.10,53.69,12010068,645072320.00
2015-05-05,53.85,53.85,52.00,52.30,8451381,446226240.00
2015-05-06,52.42,55.25,52.42,53.05,11147333,600553600.00
2015-05-07,52.00,52.77,51.00,51.28,7910950,410317536.00
2015-05-08,52.21,56.41,52.21,56.41,29136954,1619969152.00
2015-05-11,58.65,62.05,57.02,62.05,37077264,2218886912.00
2015-05-12,62.47,63.86,59.00,60.81,34604793,2116798208.00
2015-05-13,58.60,61.15,56.55,59.09,23388379,1376787584.00
2015-05-14,58.70,58.70,53.99,55.53,35963618,2003110528.00
2015-05-15,54.75,58.24,53.36,56.60,22888284,1281289216.00
2015-05-18,55.79,58.89,55.15,58.45,23050853,1331591040.00
2015-05-19,58.10,64.30,58.10,64.30,42533349,2665856512.00
2015-05-20,69.00,70.73,67.60,70.73,51056122,3582187776.00
2015-05-21,70.00,77.10,66.78,74.10,54304578,3889242368.00
2015-05-22,73.77,73.77,69.30,69.60,35543813,2520740352.00
2015-05-25,62.64,62.64,62.64,62.64,13939900,873195328.00
2015-05-26,61.00,65.50,61.00,63.99,38764745,2467391744.00
2015-05-27,63.99,65.49,61.10,61.87,27323250,1710674944.00
2015-05-28,61.40,67.70,60.28,64.00,36473005,2315782656.00
2015-05-29,62.29,66.30,57.60,62.87,25253154,1591264128.00
2015-06-01,62.70,68.47,62.50,67.87,31442364,2074869120.00
2015-06-02,67.00,72.20,65.20,70.17,33020327,2253053696.00
2015-06-03,70.20,70.80,65.00,67.14,24255013,1645165824.00
2015-06-04,67.15,69.90,61.00,64.81,20910945,1375522688.00
2015-06-05,65.70,66.68,62.18,63.58,20228283,1306291328.00
2015-06-08,62.20,64.00,60.01,61.32,18983055,1165872512.00
2015-06-09,61.40,63.34,61.40,62.08,13297188,829443072.00
2015-06-10,62.28,63.80,60.60,63.08,14533004,910300992.00
2015-06-11,62.52,63.78,61.78,62.32,12973060,812693504.00
2015-06-12,62.22,63.60,61.00,62.96,16204075,1007345216.00
2015-06-15,63.00,63.34,57.45,57.52,19397263,1160655360.00
2015-06-16,56.00,56.01,51.83,52.00,16300439,870457600.00
2015-06-17,52.00,55.99,51.75,55.65,14116807,760096576.00
2015-06-18,55.90,55.90,51.80,51.92,11291068,604873856.00
2015-06-19,50.80,52.63,47.20,47.99,10873496,549367680.00
2015-06-23,48.40,50.20,44.01,47.70,12128099,571838464.00
2015-06-24,49.17,49.50,47.00,48.78,12514416,607972864.00
2015-06-25,48.92,50.50,46.37,47.47,13386679,657832832.00
2015-06-26,45.10,46.49,42.72,42.72,8808612,385376288.00
2015-06-29,43.79,43.98,38.45,38.45,5710751,224765968.00
2015-06-30,34.61,42.00,34.61,41.56,19240827,722626176.00
2015-07-01,41.40,42.20,37.40,37.40,18838381,753315584.00
2015-07-02,38.00,39.00,33.66,33.67,18144218,652489728.00
2015-07-03,31.50,35.00,30.30,30.30,16514304,519803424.00
2015-07-06,33.33,33.33,27.36,29.70,20586779,624735488.00
2015-07-07,28.00,28.80,26.73,26.73,8324144,226228880.00
2015-07-10,29.40,29.40,29.40,29.40,5467745,160751696.00
2015-07-13,32.34,32.34,32.34,32.34,804781,26026618.00
2015-07-14,35.57,35.57,35.57,35.57,1746396,62119304.00
2015-07-15,37.95,37.95,32.01,32.01,23446830,792605312.00
2015-07-16,31.50,34.00,28.86,32.97,19655932,629603200.00
2015-07-17,33.20,36.25,32.90,35.85,22400404,778945152.00
2015-07-20,37.18,38.85,36.00,37.89,26278474,981968384.00
2015-07-21,36.70,38.58,36.11,37.63,19299095,722889024.00
2015-07-22,37.55,39.88,37.08,39.01,23064164,891160832.00
2015-07-23,38.81,40.86,37.90,40.34,22329741,876969600.00
2015-07-24,40.20,41.01,37.30,37.80,24642391,976386240.00
2015-07-27,36.50,38.18,34.02,34.02,18771414,681446528.00
2015-07-28,32.30,34.49,30.65,32.69,20795541,670198272.00
2015-07-29,33.15,34.98,32.03,34.75,13108530,435058112.00
2015-07-30,34.73,35.58,32.00,32.68,13610821,468800224.00
2015-07-31,32.02,33.52,32.02,33.49,12199870,402882944.00
2015-08-03,32.80,34.26,31.98,34.26,12898730,427291296.00
2015-08-04,34.64,37.56,34.24,37.53,14983783,535571936.00
2015-08-05,36.80,37.59,35.42,35.56,13949220,508864032.00
2015-08-06,34.75,35.50,34.21,34.52,8359478,290302496.00
2015-08-07,34.92,36.79,34.82,36.27,12460371,449232352.00
2015-08-10,37.00,38.25,36.03,38.00,18134604,677075136.00
2015-08-11,37.99,38.00,37.10,37.41,16026278,601984640.00
2015-08-12,36.90,37.82,36.06,36.15,10899660,402598240.00
2015-08-13,36.01,37.01,35.63,37.01,9190913,335052640.00
2015-08-14,37.50,37.87,36.81,36.91,12367265,461596160.00
2015-08-17,36.80,36.80,35.50,36.21,9564133,344432960.00
2015-08-18,36.20,37.25,32.59,32.59,14941751,530587424.00
2015-08-19,31.24,33.89,29.50,33.42,11487691,363825952.00
2015-08-20,33.00,35.15,32.02,32.99,10468517,350321184.00
2015-08-21,32.50,33.99,30.66,31.00,9323286,303769536.00
2015-08-24,29.60,29.60,27.90,27.90,5819442,164148544.00
2015-08-25,25.11,25.87,25.11,25.11,5984376,150873920.00
2015-08-26,24.80,25.63,22.60,22.60,11963697,286839360.00
2015-08-27,22.96,23.70,20.85,23.05,9847479,222657968.00
2015-08-28,24.20,25.36,23.71,25.36,4750230,118495952.00
2015-08-31,27.90,27.90,26.05,26.10,23441120,640527808.00
2015-09-01,24.59,24.83,23.49,23.49,14069692,334626656.00
2015-09-02,21.18,24.50,21.16,23.91,14364824,328205760.00
2015-09-07,24.03,25.50,24.03,24.85,12106313,301902336.00
2015-09-08,24.05,26.17,22.37,26.06,11829026,291262496.00
2015-09-09,26.32,28.30,25.81,27.80,17455090,474561120.00
2015-09-10,26.80,27.38,26.00,26.22,10327286,276816448.00
2015-09-11,26.12,28.00,26.10,27.55,14139410,385065216.00
2015-09-14,28.09,28.09,24.80,24.80,12817675,335493120.00
2015-09-15,23.90,24.81,22.51,22.80,8049637,190233744.00
2015-09-16,23.15,25.08,23.15,25.08,9730719,235124544.00
2015-09-17,25.58,27.08,25.08,25.29,14907562,390149792.00
2015-09-22,27.86,27.86,27.86,27.86,0,0.00
数据来源:通达信
