002401 中海科技 日线 前复权
      日期	    开盘	    最高	    最低	    收盘	    成交量	    成交额
2010-05-06,6.55,7.86,6.55,7.78,9178748,374418016.00
2010-05-07,7.02,8.23,7.02,8.12,7113690,309413888.00
2010-05-10,7.82,7.94,7.30,7.30,3357778,144618768.00
2010-05-11,7.10,7.23,6.58,6.79,3558207,140915424.00
2010-05-12,6.59,6.67,6.10,6.10,2533420,91897640.00
2010-05-13,5.95,6.18,5.76,6.11,2158334,75078080.00
2010-05-14,6.01,6.55,5.89,6.28,2809932,101606120.00
2010-05-17,6.04,6.54,6.02,6.04,2540087,92833880.00
2010-05-18,6.02,6.21,5.78,6.21,2172296,76131672.00
2010-05-19,6.19,6.79,6.14,6.54,3076428,116889696.00
2010-05-20,6.43,6.65,6.30,6.36,1892951,70870000.00
2010-05-21,6.18,6.95,6.02,6.84,2578470,98747256.00
2010-05-24,6.89,7.40,6.78,7.27,3481913,143162944.00
2010-05-25,7.14,7.21,6.86,7.04,2390539,97783432.00
2010-05-26,7.04,7.13,6.66,6.72,1787538,71673016.00
2010-05-27,6.74,7.16,6.67,7.16,1963611,79531000.00
2010-05-28,7.29,7.29,6.90,7.01,1820213,74229648.00
2010-05-31,6.91,7.14,6.72,6.72,1586716,64122652.00
2010-06-01,6.65,6.72,6.30,6.46,1561626,58805984.00
2010-06-02,6.41,6.69,6.34,6.65,1044141,39561396.00
2010-06-03,6.64,6.77,6.44,6.44,1461497,56063416.00
2010-06-04,6.37,6.55,6.30,6.50,983628,36721596.00
2010-06-07,6.35,6.74,6.34,6.68,1512826,57830704.00
2010-06-08,6.64,6.95,6.60,6.83,1742683,68508464.00
2010-06-09,6.88,7.00,6.76,6.87,1549085,61717048.00
2010-06-10,6.81,7.07,6.81,6.96,1245787,50237652.00
2010-06-11,6.97,7.14,6.93,7.07,1604947,65493364.00
2010-06-17,7.11,7.11,6.59,6.66,1458375,58100684.00
2010-06-18,6.65,6.70,6.27,6.30,1170057,43904664.00
2010-06-21,6.22,6.58,6.21,6.54,740058,27628284.00
2010-06-22,6.54,6.62,6.47,6.53,607235,23098062.00
2010-06-23,6.46,6.74,6.41,6.74,1113290,42859148.00
2010-06-24,6.72,6.75,6.63,6.71,588412,22817550.00
2010-06-25,6.67,6.72,6.39,6.56,612790,23361550.00
2010-06-28,6.50,6.54,6.30,6.34,487183,18114070.00
2010-06-29,6.36,6.40,5.93,5.98,719364,25614010.00
2010-06-30,5.88,6.11,5.82,6.05,573476,20003966.00
2010-07-01,6.04,6.10,5.85,5.88,584160,20248938.00
2010-07-02,5.85,6.02,5.50,5.89,858156,28860314.00
2010-07-05,5.71,5.87,5.64,5.78,449529,15007218.00
2010-07-06,5.73,5.98,5.72,5.91,534778,18330540.00
2010-07-07,5.93,5.99,5.83,5.93,467623,16036340.00
2010-07-09,5.93,6.21,5.91,6.15,922569,32672372.00
2010-07-12,6.10,6.27,6.07,6.17,552536,19842102.00
2010-07-13,6.11,6.12,5.90,6.10,704020,24601704.00
2010-07-14,6.08,6.17,6.00,6.02,573372,20252548.00
2010-07-15,6.00,6.07,5.84,5.84,354242,12309969.00
2010-07-16,5.73,5.88,5.73,5.86,320918,10823526.00
2010-07-19,5.80,6.12,5.78,6.10,532053,18513372.00
2010-07-20,6.08,6.26,6.08,6.23,807517,29058842.00
2010-07-21,6.24,6.30,6.18,6.23,603962,21900284.00
2010-07-22,6.21,6.37,6.15,6.35,621138,22574864.00
2010-07-23,6.34,6.40,6.23,6.36,604592,22189120.00
2010-07-26,6.34,6.34,6.18,6.30,689883,25092212.00
2010-07-27,6.30,6.40,6.27,6.31,639740,23541838.00
2010-07-28,6.29,6.42,6.27,6.40,598484,22109986.00
2010-07-29,6.38,6.47,6.34,6.46,660171,24573896.00
2010-07-30,6.45,6.48,6.36,6.47,534648,19928026.00
2010-08-02,6.43,6.59,6.37,6.57,1086423,40912092.00
2010-08-03,6.56,6.58,6.37,6.37,681751,25607800.00
2010-08-04,6.32,6.48,6.32,6.48,606531,22510730.00
2010-08-05,6.46,6.57,6.39,6.51,719355,27117178.00
2010-08-06,6.37,6.81,6.34,6.81,2180293,82877904.00
2010-08-09,6.81,6.90,6.73,6.87,1296081,51088816.00
2010-08-10,6.83,6.86,6.64,6.69,1025466,39981488.00
2010-08-11,6.65,6.83,6.58,6.83,741481,28842334.00
2010-08-12,6.72,6.86,6.66,6.76,697267,27397406.00
2010-08-13,6.70,6.92,6.70,6.92,1523047,60002780.00
2010-08-16,6.90,7.00,6.86,7.00,1285378,51802032.00
2010-08-17,6.99,7.04,6.90,7.02,762676,30805522.00
2010-08-18,7.01,7.01,6.85,6.93,641462,25709566.00
2010-08-19,6.82,6.86,6.61,6.72,1764415,68685312.00
2010-08-20,6.69,6.71,6.47,6.51,1138195,43337740.00
2010-08-23,6.57,6.60,6.51,6.59,651473,24789344.00
2010-08-24,6.58,6.67,6.50,6.63,499903,19178280.00
2010-08-25,6.60,6.68,6.45,6.53,716951,27345154.00
2010-08-26,6.51,6.63,6.48,6.63,556011,21111322.00
2010-08-27,6.60,6.79,6.53,6.79,730442,28255294.00
2010-08-30,6.78,6.93,6.74,6.88,906819,36090064.00
2010-08-31,6.87,6.90,6.71,6.85,870789,34315752.00
2010-09-01,6.90,6.90,6.51,6.58,914358,35511300.00
2010-09-02,6.61,6.75,6.55,6.68,784039,30208432.00
2010-09-03,6.72,6.92,6.65,6.83,1233234,48657512.00
2010-09-06,6.82,6.89,6.61,6.63,858581,33392510.00
2010-09-07,6.64,6.68,6.58,6.67,496185,19090614.00
2010-09-08,6.65,6.72,6.59,6.72,521857,20157010.00
2010-09-09,6.69,6.82,6.60,6.69,857067,33444366.00
2010-09-10,6.68,6.78,6.53,6.74,688791,26572794.00
2010-09-13,6.76,6.99,6.76,6.89,1362263,54410068.00
2010-09-14,6.83,6.90,6.76,6.79,798749,31537206.00
2010-09-15,6.78,6.85,6.51,6.56,869067,33670376.00
2010-09-16,6.55,6.58,6.28,6.32,725404,27032576.00
2010-09-17,6.37,6.37,6.23,6.32,383666,14042594.00
2010-09-20,6.30,6.32,6.20,6.20,398550,14484789.00
2010-09-21,6.23,6.26,6.16,6.24,405300,14620427.00
2010-09-27,6.25,6.33,6.21,6.32,276398,10088813.00
2010-09-28,6.32,6.33,6.23,6.32,272536,9951935.00
2010-09-29,6.32,6.32,6.19,6.21,212052,7701749.00
2010-09-30,6.16,6.27,6.14,6.27,203398,7355271.50
2010-10-08,6.26,6.42,6.26,6.39,434631,16058339.00
2010-10-11,6.39,6.43,6.33,6.36,497267,18394404.00
2010-10-12,6.37,6.46,6.36,6.43,346830,12919406.00
2010-10-13,6.42,6.44,6.25,6.44,542561,20031994.00
2010-10-14,6.41,6.43,6.29,6.36,421448,15570817.00
2010-10-15,6.33,6.42,6.23,6.24,383202,14062372.00
2010-10-18,6.21,6.21,5.90,6.04,521286,18287404.00
2010-10-19,6.03,6.37,6.03,6.36,503861,18246698.00
2010-10-20,6.27,6.43,6.24,6.39,463521,17118486.00
2010-10-21,6.44,6.46,6.34,6.37,333133,12358575.00
2010-10-22,6.41,6.48,6.37,6.43,494497,18481796.00
2010-10-25,6.43,6.72,6.43,6.62,905300,34890712.00
2010-10-26,6.62,6.66,6.51,6.58,520558,19868846.00
2010-10-27,6.54,6.69,6.51,6.53,528695,20245344.00
2010-10-28,6.54,6.99,6.50,6.96,2221628,87541480.00
2010-10-29,7.09,7.66,6.99,7.48,2950456,124382344.00
2010-11-01,7.37,7.65,7.28,7.47,2114661,91708832.00
2010-11-02,7.47,7.56,7.34,7.34,1259888,54089200.00
2010-11-03,7.26,7.44,6.90,7.04,1164569,48800492.00
2010-11-04,7.02,7.16,6.95,7.14,698062,28671104.00
2010-11-05,7.18,7.30,7.09,7.25,758431,31740430.00
2010-11-08,7.27,7.50,7.27,7.46,1104437,47381576.00
2010-11-09,7.43,7.76,7.42,7.63,1101388,48169772.00
2010-11-10,7.66,7.86,7.63,7.78,1784191,80398648.00
2010-11-11,7.77,7.81,7.57,7.57,1314704,58714592.00
2010-11-12,7.52,7.60,7.01,7.03,1473190,61982960.00
2010-11-15,7.07,7.74,7.00,7.74,2021199,87666632.00
2010-11-16,7.74,8.13,7.47,7.76,2337637,106258208.00
2010-11-17,7.67,8.04,7.51,7.58,1758480,79548248.00
2010-11-18,7.59,8.28,7.53,8.21,2031565,93373024.00
2010-11-19,8.21,8.63,8.11,8.49,2044130,99405304.00
2010-11-22,8.40,8.70,8.31,8.43,1961766,96375720.00
2010-11-23,8.35,8.53,8.16,8.48,1354933,65336376.00
2010-11-24,8.40,8.86,8.31,8.81,1392831,68963952.00
2010-11-25,8.78,8.83,8.44,8.49,1174397,58479240.00
2010-11-26,8.42,8.74,8.36,8.60,897149,44362812.00
2010-11-29,8.51,8.74,8.48,8.65,760175,37909844.00
2010-11-30,8.64,8.65,7.96,8.26,1265681,60475368.00
2010-12-01,8.26,8.30,8.10,8.18,443620,21081080.00
2010-12-02,8.25,8.35,8.19,8.26,629871,30144906.00
2010-12-03,8.26,8.30,7.97,8.14,588470,27558070.00
2010-12-06,8.17,8.19,7.78,7.86,610976,27943520.00
2010-12-07,7.86,8.11,7.83,8.10,528547,24477144.00
2010-12-08,8.13,8.23,8.00,8.05,468010,21997560.00
2010-12-09,8.04,8.21,7.95,8.07,470438,22084410.00
2010-12-10,8.04,8.81,8.00,8.52,1114876,54375884.00
2010-12-13,8.52,8.74,8.43,8.65,1015589,50571268.00
2010-12-14,8.65,9.10,8.65,8.86,1302041,67001288.00
2010-12-15,8.78,8.95,8.74,8.81,784007,39936640.00
2010-12-16,8.83,9.09,8.76,8.79,738211,38050940.00
2010-12-17,8.84,8.93,8.71,8.88,496157,25233886.00
2010-12-20,8.90,9.17,8.53,9.00,867800,44339948.00
2010-12-21,8.92,9.00,8.83,8.93,461981,23816230.00
2010-12-22,8.93,8.93,8.59,8.61,663993,33497258.00
2010-12-23,8.57,8.69,8.39,8.42,482277,23839854.00
2010-12-24,8.36,8.37,8.07,8.19,627298,29738376.00
2010-12-27,8.21,8.39,7.95,8.00,413336,19529078.00
2010-12-28,7.95,8.09,7.87,7.96,324971,15004508.00
2010-12-29,7.99,8.21,7.97,8.19,321463,15117367.00
2010-12-30,8.13,8.29,8.13,8.19,261206,12399096.00
2010-12-31,8.23,8.44,8.20,8.40,346969,16772367.00
2011-01-04,8.57,9.25,8.57,9.25,1461009,76637448.00
2011-01-05,9.25,9.43,9.12,9.38,1180649,62986140.00
2011-01-06,9.38,9.38,9.12,9.12,667615,35553228.00
2011-01-07,9.07,9.09,8.74,8.80,913127,47082624.00
2011-01-10,8.77,9.08,8.71,8.71,612968,31429736.00
2011-01-11,8.66,8.66,8.31,8.48,724611,35354676.00
2011-01-12,8.50,8.74,8.46,8.70,689447,34408532.00
2011-01-13,8.81,8.89,8.66,8.70,437838,22130162.00
2011-01-14,8.60,8.60,8.29,8.30,593267,28734762.00
2011-01-17,8.22,8.33,7.89,8.02,424770,19946198.00
2011-01-18,7.99,8.13,7.97,8.11,238912,11131110.00
2011-01-19,8.11,8.43,8.11,8.40,374115,17963228.00
2011-01-20,8.40,8.89,8.31,8.44,842043,41909288.00
2011-01-21,8.40,8.89,8.37,8.89,779469,39155276.00
2011-01-24,8.93,9.00,8.30,8.30,717506,35765092.00
2011-01-25,8.13,8.21,7.71,7.80,722808,33142520.00
2011-01-26,7.79,8.13,7.79,8.07,306713,14218614.00
2011-01-27,7.95,8.19,7.93,8.11,461021,21473486.00
2011-01-28,8.11,8.38,8.10,8.37,362203,17258420.00
2011-02-01,8.49,8.67,8.44,8.51,553902,27357852.00
2011-02-09,8.44,8.74,8.39,8.55,572697,28516806.00
2011-02-10,8.64,8.81,8.56,8.80,615984,31064886.00
2011-02-11,8.79,8.91,8.74,8.83,526055,26753114.00
2011-02-14,8.84,8.95,8.71,8.91,654673,33450194.00
2011-02-15,8.93,9.82,8.84,9.66,2301656,126779440.00
2011-02-16,9.60,9.86,9.45,9.85,1308417,73165824.00
2011-02-17,9.92,9.97,9.64,9.79,1103100,62114844.00
2011-02-18,9.74,10.29,9.27,9.32,1919175,109116288.00
2011-02-22,8.46,8.74,8.37,8.37,4575611,224631952.00
2011-02-23,8.18,8.46,8.01,8.44,2774468,131183144.00
2011-02-24,8.30,8.40,8.20,8.23,1422831,68114600.00
2011-02-25,8.22,8.23,8.02,8.12,1261517,59174948.00
2011-02-28,8.11,8.30,8.04,8.27,1092095,51775180.00
2011-03-01,8.27,8.46,8.27,8.33,1083135,52166460.00
2011-03-02,8.33,8.33,8.04,8.16,761809,35879868.00
2011-03-03,8.20,8.21,7.98,7.99,887821,41399724.00
2011-03-04,7.95,8.09,7.93,8.03,438712,20333152.00
2011-03-07,8.00,8.21,8.00,8.14,663719,31262650.00
2011-03-08,8.21,8.21,8.10,8.16,615956,29045238.00
2011-03-09,8.16,8.20,8.04,8.09,603893,28278668.00
2011-03-10,8.13,8.25,8.11,8.15,950208,45062752.00
2011-03-11,8.19,8.19,8.00,8.04,746900,34870176.00
2011-03-14,8.04,8.07,7.88,7.95,669042,30692788.00
2011-03-15,7.93,7.93,7.69,7.73,839749,37769372.00
2011-03-16,7.76,7.85,7.75,7.81,513693,23174378.00
2011-03-17,7.80,7.80,7.58,7.59,782713,34624484.00
2011-03-18,7.62,7.71,7.60,7.64,299035,13237368.00
2011-03-21,7.64,7.72,7.64,7.68,322890,14340516.00
2011-03-22,7.71,7.71,7.60,7.64,271959,12023474.00
2011-03-23,7.65,7.73,7.64,7.72,378042,16854160.00
2011-03-24,7.75,7.83,7.73,7.79,454512,20513266.00
2011-03-25,7.78,7.82,7.73,7.76,361684,16261120.00
2011-03-28,7.77,7.82,7.45,7.48,943283,41391216.00
2011-03-29,7.43,7.47,7.13,7.15,669708,28052750.00
2011-03-30,7.15,7.15,6.99,7.00,339666,13885621.00
2011-03-31,7.00,7.10,7.00,7.10,252156,10308275.00
2011-04-01,7.10,7.11,7.01,7.09,235937,9663879.00
2011-04-06,7.08,7.09,6.88,6.91,333043,13419502.00
2011-04-07,6.91,7.02,6.86,7.01,221492,8933170.00
2011-04-08,7.01,7.15,6.98,7.15,266239,10983483.00
2011-04-11,7.21,7.29,7.10,7.10,377979,15808884.00
2011-04-12,7.10,7.31,7.10,7.19,227163,9506388.00
2011-04-13,7.19,7.23,7.11,7.22,170065,7081427.00
2011-04-14,7.21,7.21,7.13,7.16,146120,6068217.50
2011-04-15,7.12,7.19,6.98,7.02,270175,11011164.00
2011-04-18,6.94,6.98,6.86,6.88,423143,16926014.00
2011-04-19,6.87,6.87,6.69,6.72,437445,17122814.00
2011-04-20,6.76,6.80,6.71,6.78,212346,8333813.00
2011-04-21,6.85,6.88,6.79,6.80,214550,8487132.00
2011-04-22,6.81,6.86,6.79,6.83,190178,7518601.00
2011-04-25,6.81,6.81,6.57,6.58,430499,16542264.00
2011-04-26,6.60,6.60,6.36,6.41,358921,13400360.00
2011-04-27,6.42,6.48,6.24,6.37,205738,7598926.50
2011-04-28,6.37,6.40,6.23,6.24,219897,8077938.00
2011-04-29,6.22,6.32,6.21,6.28,118015,4297766.50
2011-05-03,6.28,6.51,6.28,6.50,282302,10547037.00
2011-05-04,6.48,6.48,6.11,6.14,354210,12949251.00
2011-05-05,6.13,6.25,6.08,6.13,181536,6485234.00
2011-05-06,6.13,6.13,5.85,6.07,442236,15328248.00
2011-05-09,6.07,6.20,6.03,6.13,244564,8716376.00
2011-05-10,6.20,6.20,6.10,6.17,189791,6761756.50
2011-05-11,6.18,6.20,6.10,6.17,159116,5682469.00
2011-05-12,6.06,6.15,6.01,6.01,207396,7330587.50
2011-05-13,6.03,6.12,6.03,6.11,179589,6340033.50
2011-05-16,6.11,6.27,6.06,6.24,284992,10291518.00
2011-05-17,6.25,6.37,6.13,6.35,429985,15611949.00
2011-05-18,6.32,6.37,6.27,6.30,277179,10138388.00
2011-05-19,6.30,6.36,6.25,6.25,246669,9027551.00
2011-05-23,6.23,6.23,5.96,6.01,267955,9414473.00
2011-05-24,5.99,6.08,5.93,6.04,227990,7939602.50
2011-05-25,6.04,6.04,5.89,5.91,166351,5747011.00
2011-05-26,5.92,5.96,5.85,5.85,145207,4971340.00
2011-05-27,5.86,5.87,5.65,5.65,212516,7116076.50
2011-05-30,5.67,5.72,5.61,5.62,144703,4768852.50
2011-05-31,5.62,5.78,5.62,5.77,152104,5052004.50
2011-06-01,5.78,5.83,5.71,5.83,119162,4006314.00
2011-06-02,5.79,5.79,5.64,5.71,118884,3942623.00
2011-06-03,5.76,5.82,5.67,5.79,114244,3848082.00
2011-06-07,5.81,5.90,5.79,5.84,132667,4519215.00
2011-06-08,5.84,5.84,5.74,5.81,109066,3674428.00
2011-06-09,5.81,5.88,5.79,5.79,128691,4360120.50
2011-06-10,5.79,5.90,5.74,5.88,209820,7097241.00
2011-06-13,5.83,5.83,5.76,5.80,112822,3797698.75
2011-06-14,5.77,5.86,5.77,5.84,132898,4516066.50
2011-06-15,5.82,5.89,5.82,5.82,121834,4144896.75
2011-06-16,5.81,5.83,5.67,5.67,196898,6558160.50
2011-06-17,5.62,5.75,5.61,5.61,132567,4371510.50
2011-06-20,5.64,5.68,5.48,5.50,126736,4112169.75
2011-06-21,5.50,5.59,5.50,5.57,100198,3233155.00
2011-06-22,5.57,5.65,5.53,5.59,83781,2724330.75
2011-06-23,5.59,5.75,5.51,5.73,263671,8723060.00
2011-06-24,5.74,5.93,5.73,5.91,420401,14274525.00
2011-06-27,5.85,6.02,5.85,5.97,303684,10502129.00
2011-06-28,5.95,5.97,5.89,5.90,193888,6694568.50
2011-06-29,5.93,6.11,5.88,5.95,238158,8316545.50
2011-06-30,5.94,6.07,5.94,6.07,298661,10472568.00
2011-07-01,6.08,6.09,5.99,6.01,290620,10155541.00
2011-07-04,6.07,6.09,6.00,6.09,399874,14065518.00
2011-07-05,6.09,6.13,6.06,6.13,323249,11455214.00
2011-07-06,6.14,6.46,6.09,6.43,790044,28837780.00
2011-07-07,6.40,6.51,6.34,6.34,681617,25428336.00
2011-07-08,6.31,6.37,6.31,6.34,276331,10154619.00
2011-07-11,6.35,6.35,6.24,6.30,201382,7361333.50
2011-07-12,6.28,6.28,6.13,6.15,347596,12493059.00
2011-07-13,6.14,6.27,6.13,6.27,328990,11887137.00
2011-07-14,6.39,6.86,6.39,6.71,1135417,44077156.00
2011-07-15,6.58,6.72,6.57,6.62,473664,18252424.00
2011-07-18,6.60,6.73,6.59,6.65,371796,14368455.00
2011-07-19,6.64,6.65,6.44,6.50,317282,12033556.00
2011-07-20,6.52,6.60,6.39,6.46,260504,9795228.00
2011-07-21,6.46,6.47,6.37,6.37,208058,7729773.50
2011-07-22,6.37,6.58,6.37,6.48,356011,13439366.00
2011-07-25,6.48,6.55,6.34,6.35,491053,18345314.00
2011-07-26,6.34,6.40,6.30,6.39,203756,7517087.00
2011-07-27,6.37,6.69,6.37,6.59,466860,17811542.00
2011-07-28,6.48,6.72,6.46,6.67,615880,23763728.00
2011-08-01,6.69,6.69,6.46,6.58,350916,13399008.00
2011-08-02,6.57,6.58,6.27,6.41,359653,13361753.00
2011-08-03,6.30,6.52,6.30,6.42,197400,7390089.00
2011-08-04,6.43,6.48,6.37,6.37,163893,6103705.00
2011-08-05,6.23,6.28,6.16,6.26,291590,10549067.00
2011-08-08,6.17,6.25,5.83,5.93,295856,10351854.00
2011-08-09,5.71,5.92,5.65,5.84,280824,9456413.00
2011-08-10,5.99,6.04,5.90,5.93,203275,7060217.00
2011-08-11,5.86,6.03,5.80,6.03,186807,6457415.00
2011-08-12,6.04,6.26,6.04,6.18,270938,9740282.00
2011-08-15,6.23,6.30,6.14,6.30,299839,10904731.00
2011-08-16,6.31,6.52,6.31,6.36,390327,14558953.00
2011-08-17,6.38,6.44,6.34,6.37,322803,11994744.00
2011-08-18,6.34,6.53,6.18,6.44,502446,18464778.00
2011-08-19,7.09,7.09,6.67,6.81,2466757,97153552.00
2011-08-22,6.79,6.92,6.64,6.72,1296216,50676992.00
2011-08-23,6.80,6.83,6.66,6.78,833986,32546814.00
2011-08-24,6.85,7.07,6.80,6.98,1676053,67613504.00
2011-08-25,7.00,7.06,6.84,6.97,1102786,44101496.00
2011-08-26,6.91,6.99,6.81,6.87,896063,35713352.00
2011-08-29,6.85,6.85,6.71,6.72,636860,24958844.00
2011-08-30,6.74,6.79,6.53,6.56,732196,28303152.00
2011-08-31,6.57,6.59,6.51,6.58,384227,14616853.00
2011-09-01,6.60,6.61,6.49,6.54,342692,13035493.00
2011-09-02,6.55,6.59,6.50,6.55,280314,10662827.00
2011-09-05,6.54,6.54,6.31,6.32,399407,14778064.00
2011-09-06,6.27,6.37,6.20,6.27,232895,8478043.00
2011-09-07,6.34,6.51,6.30,6.44,263323,9777134.00
2011-09-08,6.48,6.49,6.36,6.36,173074,6464503.00
2011-09-09,6.39,6.45,6.33,6.36,159599,5902079.00
2011-09-13,6.22,6.30,6.20,6.25,183023,6620703.00
2011-09-14,6.30,6.30,6.14,6.26,157279,5683759.50
2011-09-15,6.26,6.31,6.23,6.26,139168,5078759.00
2011-09-19,6.18,6.22,6.02,6.06,223965,7925192.50
2011-09-20,6.02,6.16,6.02,6.07,117791,4155592.50
2011-09-21,6.13,6.30,6.07,6.29,205621,7431056.50
2011-09-22,6.27,6.54,6.23,6.36,741559,27726272.00
2011-09-23,6.23,6.40,6.14,6.37,204537,7466273.00
2011-09-26,6.43,6.43,6.18,6.27,191952,7041002.50
2011-09-27,6.30,6.35,6.11,6.17,253937,9137404.00
2011-09-28,6.20,6.25,5.92,5.95,386149,13547107.00
2011-09-29,5.84,5.85,5.64,5.71,398828,6641372.00
2011-09-30,5.70,5.79,5.36,5.71,226477,3734674.75
2011-10-10,5.70,5.76,5.43,5.43,404094,6599837.00
2011-10-11,5.54,5.60,5.25,5.32,489213,7717548.50
2011-10-12,5.26,5.49,5.26,5.47,441621,6992404.00
2011-10-13,5.51,5.76,5.47,5.74,688401,11240146.00
2011-10-14,5.74,5.74,5.51,5.65,372024,6060760.00
2011-10-17,5.82,5.82,5.60,5.76,436922,7285736.00
2011-10-18,5.69,6.11,5.58,5.91,1435596,24558232.00
2011-10-19,5.88,5.91,5.61,5.80,858233,14444847.00
2011-10-20,5.80,5.80,5.39,5.46,487132,7832061.50
2011-10-21,5.43,5.55,5.14,5.14,368138,5686305.50
2011-10-24,5.14,5.24,4.97,5.19,415208,6208341.00
2011-10-25,5.20,5.40,5.00,5.32,512516,7922413.50
2011-10-26,5.26,5.47,5.25,5.39,598456,9396974.00
2011-10-27,5.43,5.60,5.14,5.51,804136,12821103.00
2011-10-28,5.57,5.66,5.50,5.60,670423,10865827.00
2011-10-31,5.60,5.78,5.52,5.74,1045789,17267768.00
2011-11-01,5.67,5.81,5.62,5.78,845749,14060993.00
2011-11-02,5.64,6.04,5.64,5.97,1507748,25844228.00
2011-11-03,6.08,6.50,6.08,6.20,2501570,45601460.00
2011-11-04,6.29,6.41,6.09,6.20,2110973,38395520.00
2011-11-07,6.21,6.21,6.06,6.15,1022163,18153990.00
2011-11-08,6.09,6.19,5.99,6.00,741355,13125641.00
2011-11-09,6.00,6.18,5.94,6.15,679634,11989297.00
2011-11-10,6.06,6.12,5.96,6.02,783518,13733158.00
2011-11-11,5.97,6.06,5.84,5.89,607979,10460680.00
2011-11-14,5.93,6.09,5.92,6.09,732664,12820768.00
2011-11-15,6.13,6.68,6.13,6.45,3169933,59297828.00
2011-11-16,6.43,6.43,6.16,6.17,1711345,31088642.00
2011-11-17,6.23,6.27,6.06,6.17,912589,16365883.00
2011-11-18,6.17,6.17,5.87,5.87,751475,13147758.00
2011-11-21,5.88,5.95,5.78,5.90,629111,10687439.00
2011-11-22,5.88,5.90,5.77,5.84,392444,6649708.50
2011-11-23,5.91,5.92,5.79,5.81,402524,6848932.50
2011-11-24,5.78,5.87,5.64,5.80,375215,6290732.50
2011-11-25,5.78,5.85,5.72,5.79,362348,6098619.50
2011-11-28,5.78,5.84,5.74,5.77,281432,4732005.50
2011-11-29,5.85,5.95,5.75,5.92,765234,13029575.00
2011-11-30,5.91,5.92,5.32,5.40,1174731,19015862.00
2011-12-01,5.53,5.67,5.45,5.45,727153,11756979.00
2011-12-02,5.45,5.49,5.25,5.29,430318,6694192.00
2011-12-05,5.29,5.29,4.93,4.98,645819,9512554.00
2011-12-06,4.98,5.07,4.96,5.04,394532,5751366.50
2011-12-07,5.04,5.09,4.96,5.05,233664,3441214.25
2011-12-08,5.07,5.12,4.91,5.05,355667,5218787.50
2011-12-09,4.97,5.09,4.95,5.04,216029,3176180.25
2011-12-12,4.97,5.07,4.97,5.04,155166,2268946.00
2011-12-13,4.97,5.00,4.83,4.83,299975,4285910.50
2011-12-14,4.79,4.89,4.76,4.77,175921,2474382.50
2011-12-15,4.74,4.78,4.44,4.44,439006,5892267.50
2011-12-19,4.53,4.90,4.49,4.90,1541592,21574452.00
2011-12-20,5.19,5.40,5.18,5.40,1529991,23747578.00
2011-12-21,5.68,5.92,5.46,5.52,6136572,101244512.00
2011-12-22,5.38,5.61,5.11,5.51,4343847,67400528.00
2011-12-23,5.41,5.81,5.29,5.74,5644034,91252392.00
2011-12-26,5.65,5.90,5.49,5.49,4400055,72890728.00
2011-12-27,5.34,5.52,5.18,5.28,2847104,44033424.00
2011-12-28,5.15,5.40,4.90,5.36,3202689,47575212.00
2011-12-29,5.25,5.84,5.22,5.59,4613007,74233064.00
2011-12-30,5.50,5.72,5.43,5.54,3502312,56669548.00
2012-01-04,5.57,5.60,5.10,5.10,2448446,38347960.00
2012-01-05,5.06,5.07,4.58,4.63,2533301,35428920.00
2012-01-06,4.63,4.85,4.51,4.80,1689632,23258598.00
2012-01-09,4.81,5.12,4.66,5.11,2183850,31437090.00
2012-01-10,5.07,5.44,5.04,5.32,2862440,43820936.00
2012-01-11,5.32,5.55,5.22,5.44,3060459,48332000.00
2012-01-12,5.32,5.50,5.30,5.34,1917674,30165804.00
2012-01-13,5.36,5.43,4.80,4.90,2441663,35965080.00
2012-01-16,4.79,4.99,4.62,4.62,1236281,17394370.00
2012-01-17,4.72,5.09,4.69,5.09,2625658,38571112.00
2012-01-18,5.18,5.36,5.08,5.11,3282105,49971200.00
2012-01-19,5.00,5.26,4.73,5.25,2396203,35093316.00
2012-01-20,5.13,5.24,5.09,5.14,1142471,17187870.00
2012-01-30,5.13,5.24,5.03,5.15,918942,13778971.00
2012-01-31,5.15,5.19,4.90,4.99,994263,14464394.00
2012-02-01,5.03,5.32,5.00,5.18,1790496,27035968.00
2012-02-02,5.18,5.28,5.10,5.26,1258281,19047598.00
2012-02-03,5.29,5.34,5.19,5.31,1565456,24116978.00
2012-02-06,5.30,5.80,5.22,5.59,3589808,57738080.00
2012-02-07,5.58,5.58,5.40,5.43,1807268,28746468.00
2012-02-08,5.41,5.59,5.36,5.56,1533583,24548060.00
2012-02-09,5.60,5.93,5.59,5.71,3304436,55322296.00
2012-02-10,5.71,5.77,5.60,5.70,1798135,29670412.00
2012-02-13,5.68,5.79,5.61,5.72,1561034,25916818.00
2012-02-14,5.76,5.90,5.70,5.80,1954342,33073260.00
2012-02-15,5.83,5.90,5.70,5.84,1745848,29455606.00
2012-02-16,5.87,5.88,5.69,5.76,1694922,28511450.00
2012-02-17,5.74,5.83,5.63,5.63,1330424,21992452.00
2012-02-20,5.73,6.20,5.68,6.19,4847708,84131296.00
2012-02-21,6.08,6.18,5.92,6.18,3773108,66555396.00
2012-02-22,6.13,6.37,6.09,6.27,3191635,58171852.00
2012-02-23,6.27,6.37,6.09,6.17,2702904,48798236.00
2012-02-24,6.48,6.78,6.41,6.60,6715467,128573080.00
2012-02-27,6.51,6.67,6.44,6.53,4082147,77559112.00
2012-02-28,6.48,6.60,6.44,6.47,2558491,48248216.00
2012-02-29,6.47,6.53,6.20,6.26,2227111,40854968.00
2012-03-01,6.20,6.33,6.17,6.31,1217917,22217622.00
2012-03-02,6.27,6.37,6.27,6.35,1418718,26082906.00
2012-03-05,6.34,6.39,6.31,6.34,1559770,28737302.00
2012-03-06,6.32,6.32,6.21,6.22,1298014,23508452.00
2012-03-07,6.20,6.54,6.16,6.35,2954331,54999952.00
2012-03-08,6.34,6.42,6.29,6.40,1793086,33129430.00
2012-03-09,6.40,6.46,6.34,6.46,1716693,31931456.00
2012-03-12,6.51,6.61,6.45,6.54,2076136,39280796.00
2012-03-13,6.54,6.75,6.48,6.74,3806329,73335136.00
2012-03-14,6.74,6.76,6.30,6.41,4263121,81540248.00
2012-03-15,6.37,6.44,6.14,6.23,2450714,44713056.00
2012-03-16,6.21,6.36,6.20,6.32,1155428,21085988.00
2012-03-19,6.31,6.53,6.30,6.51,1343440,25070166.00
2012-03-20,6.48,6.50,6.23,6.26,1322630,24397334.00
2012-03-21,6.30,6.36,6.20,6.33,1084181,19785950.00
2012-03-22,6.31,6.40,6.23,6.34,714923,13115353.00
2012-03-23,6.29,6.33,6.06,6.16,1102722,19817584.00
2012-03-26,6.10,6.16,5.99,6.04,641520,11271244.00
2012-03-27,6.06,6.23,6.02,6.07,424563,7531799.50
2012-03-28,6.02,6.03,5.76,5.78,811911,13821744.00
2012-03-29,5.74,5.74,5.44,5.44,784862,12773977.00
2012-03-30,5.46,5.53,5.32,5.38,498629,7856155.50
2012-04-05,5.38,5.64,5.37,5.59,525755,8469921.00
2012-04-06,5.60,5.69,5.56,5.63,523517,8590313.00
2012-04-09,5.58,5.63,5.50,5.53,329357,5328418.50
2012-04-10,5.46,5.60,5.36,5.59,508396,8111513.00
2012-04-11,5.48,5.73,5.48,5.69,619025,10180570.00
2012-04-12,5.69,5.83,5.67,5.80,732221,12270373.00
2012-04-13,5.80,5.91,5.78,5.80,809671,13724574.00
2012-04-16,5.77,5.83,5.71,5.73,419267,7018208.00
2012-04-17,5.73,5.83,5.65,5.67,603973,10106800.00
2012-04-18,5.67,5.79,5.67,5.78,602745,10113178.00
2012-04-19,5.77,5.89,5.76,5.85,849554,14392274.00
2012-04-20,5.85,5.92,5.77,5.91,808733,13707435.00
2012-04-23,5.85,5.97,5.67,5.72,1046161,17673070.00
2012-04-24,5.68,5.77,5.40,5.59,712612,11514094.00
2012-04-25,5.60,5.60,5.45,5.54,692109,11086308.00
2012-04-26,5.55,5.60,5.45,5.48,589640,9445590.00
2012-04-27,5.48,5.55,5.44,5.50,395321,6337738.00
2012-05-02,5.53,5.65,5.53,5.60,479867,7788316.50
2012-05-03,5.57,5.64,5.56,5.63,534886,8711764.00
2012-05-04,5.65,5.91,5.64,5.86,1091686,18376590.00
2012-05-07,5.85,5.88,5.71,5.88,973471,16448739.00
2012-05-08,5.88,5.88,5.78,5.84,815707,13839794.00
2012-05-09,5.81,5.93,5.76,5.87,1192528,20299836.00
2012-05-10,5.85,5.91,5.74,5.84,836613,14204595.00
2012-05-11,5.85,5.98,5.84,5.88,1073813,18481774.00
2012-05-14,5.87,5.90,5.76,5.83,590747,10002965.00
2012-05-15,5.74,5.80,5.72,5.79,430844,7202947.50
2012-05-16,5.75,5.80,5.61,5.61,516403,8574918.00
2012-05-17,5.59,5.69,5.57,5.65,541674,8890542.00
2012-05-18,5.55,5.65,5.52,5.53,444575,7211179.00
2012-05-21,5.53,5.63,5.51,5.56,383621,6212264.00
2012-05-22,5.60,5.64,5.56,5.64,405145,6606065.00
2012-05-23,5.63,5.64,5.46,5.54,450608,7266889.00
2012-05-24,5.51,5.61,5.51,5.56,387484,6259444.00
2012-05-25,5.57,5.58,5.43,5.51,344979,5528931.50
2012-05-29,5.57,5.69,5.57,5.66,781660,12821950.00
2012-05-30,5.66,5.66,5.60,5.65,460590,7547493.50
2012-05-31,5.64,5.82,5.61,5.72,768162,12820933.00
2012-06-01,5.78,5.78,5.66,5.72,422711,7022341.00
2012-06-04,5.64,5.64,5.43,5.45,653397,10503196.00
2012-06-05,5.43,5.49,5.36,5.38,391555,6169800.50
2012-06-06,5.41,5.46,5.31,5.38,378107,5926319.00
2012-06-07,5.46,5.47,5.36,5.38,314350,4944715.00
2012-06-08,5.45,5.45,5.36,5.41,231761,3646313.25
2012-06-11,5.44,5.50,5.37,5.50,284699,4512152.00
2012-06-12,5.49,5.49,5.39,5.45,215610,3414495.75
2012-06-13,5.49,5.53,5.42,5.53,325114,5207526.00
2012-06-14,5.55,5.55,5.49,5.52,302950,4864188.50
2012-06-15,5.57,5.59,5.44,5.52,349182,5589043.50
2012-06-18,5.55,5.60,5.52,5.60,411414,6673476.00
2012-06-19,5.53,5.59,5.53,5.58,395523,6398052.00
2012-06-20,5.60,5.65,5.54,5.62,491391,8029216.00
2012-06-21,5.57,5.61,5.48,5.52,442012,7108397.00
2012-06-25,5.50,5.56,5.37,5.39,363515,5738169.50
2012-06-26,5.38,5.38,5.24,5.37,285360,4406427.50
2012-06-27,5.33,5.43,5.33,5.36,326826,5134682.50
2012-06-28,5.37,5.38,5.14,5.21,474404,7243165.50
2012-06-29,5.14,5.31,5.14,5.30,313693,4791285.00
2012-07-03,5.39,5.52,5.32,5.46,1076844,17099964.00
2012-07-04,5.46,5.49,5.40,5.45,577734,9164592.00
2012-07-05,5.38,5.43,5.33,5.39,339597,5302222.50
2012-07-06,5.39,5.39,5.19,5.39,732352,11294987.00
2012-07-09,5.37,5.39,5.23,5.24,379196,5885782.50
2012-07-10,5.16,5.26,5.13,5.21,390051,5897327.50
2012-07-11,5.21,5.21,5.11,5.17,502980,7560809.00
2012-07-12,5.17,5.24,5.09,5.23,440731,6658750.50
2012-07-13,5.36,5.55,5.32,5.53,2010661,31990850.00
2012-07-16,5.53,5.65,5.37,5.38,1521049,24403702.00
2012-07-17,5.39,5.44,5.33,5.43,644120,10126355.00
2012-07-18,5.42,5.43,5.24,5.38,695278,10766676.00
2012-07-19,5.32,5.53,5.32,5.47,1313161,20857962.00
2012-07-20,5.38,5.40,5.25,5.30,1298392,10526428.00
2012-07-23,5.19,5.24,4.85,4.95,1861474,14176077.00
2012-07-24,4.93,5.05,4.90,4.98,970773,7369989.50
2012-07-25,4.98,4.98,4.87,4.92,782665,5881989.50
2012-07-26,4.93,4.94,4.82,4.82,758645,5643576.50
2012-07-27,4.88,4.89,4.76,4.80,564402,4139018.25
2012-07-30,4.77,4.85,4.68,4.74,486237,3514179.75
2012-07-31,4.68,4.70,4.58,4.60,553184,3909961.00
2012-08-01,4.60,4.72,4.60,4.64,615948,4384716.50
2012-08-02,4.64,4.74,4.62,4.66,836137,5965728.50
2012-08-03,4.68,4.77,4.67,4.76,787816,5682058.00
2012-08-06,4.76,4.90,4.74,4.88,1182939,8710200.00
2012-08-07,4.84,4.98,4.84,4.92,1086469,8137570.50
2012-08-08,4.93,4.96,4.85,4.90,909778,6803746.50
2012-08-09,4.94,5.00,4.84,4.97,1773715,13307707.00
2012-08-10,4.96,5.07,4.93,5.01,1530827,11703189.00
2012-08-13,5.02,5.02,4.89,4.92,894112,6715923.00
2012-08-14,4.96,5.10,4.89,5.05,1137787,8679657.00
2012-08-15,5.01,5.02,4.84,4.85,1127918,8475008.00
2012-08-16,4.84,4.96,4.82,4.90,678140,5059167.00
2012-08-17,4.88,4.93,4.77,4.90,848923,6291245.50
2012-08-20,4.83,4.97,4.79,4.92,831275,6196293.50
2012-08-21,4.88,5.32,4.86,5.19,4012458,31512370.00
2012-08-22,5.12,5.17,5.06,5.14,1947321,15152254.00
2012-08-23,5.12,5.21,5.04,5.19,1796764,14027265.00
2012-08-24,5.12,5.22,5.02,5.04,1376562,10711782.00
2012-08-27,4.97,4.98,4.78,4.79,1202946,8896751.00
2012-08-28,4.78,4.90,4.78,4.87,649779,4793320.50
2012-08-29,4.80,5.09,4.79,4.98,1548041,11738717.00
2012-08-30,4.94,5.00,4.66,4.86,1226042,9108893.00
2012-08-31,4.82,4.90,4.81,4.86,401878,2973659.50
2012-09-03,4.86,5.02,4.82,4.98,1220452,9209327.00
2012-09-04,5.01,5.48,4.98,5.48,7225030,59324740.00
2012-09-05,5.78,6.04,5.78,6.04,13826589,124307032.00
2012-09-06,6.38,6.66,6.18,6.66,27490023,272343552.00
2012-09-07,6.78,7.33,6.78,7.33,25673892,276693184.00
2012-09-10,7.58,8.07,7.46,8.07,19630881,231876592.00
2012-09-11,8.35,8.85,8.26,8.56,35462637,457688704.00
2012-09-12,8.53,9.18,8.37,8.68,34129597,449958048.00
2012-09-13,8.50,8.75,8.36,8.38,21811653,281017760.00
2012-09-14,8.35,8.54,8.06,8.28,26082018,327785280.00
2012-09-17,8.22,8.44,8.08,8.24,14867852,185506496.00
2012-09-18,8.24,8.65,7.87,8.07,26370762,329498688.00
2012-09-19,8.05,8.28,7.85,7.98,19029834,232358416.00
2012-09-20,7.86,8.10,7.72,8.07,17692671,213145552.00
2012-09-21,8.07,8.10,7.26,7.36,25012637,284451840.00
2012-09-24,7.24,7.54,7.19,7.46,14023669,157575424.00
2012-09-25,7.31,7.52,7.21,7.42,12900675,144706672.00
2012-09-26,7.38,7.50,7.08,7.15,12122863,133449848.00
2012-09-27,7.15,7.48,7.11,7.27,13472329,149166432.00
2012-09-28,7.12,7.32,7.09,7.22,10793816,117795824.00
2012-10-08,7.26,7.45,7.16,7.36,14470679,160668592.00
2012-10-09,7.36,8.11,7.31,8.11,35062899,418945440.00
2012-10-10,7.92,8.93,7.89,8.93,34650045,442329984.00
2012-10-11,9.17,9.38,8.24,8.48,35004429,463871424.00
2012-10-12,8.28,8.65,7.73,7.87,22626768,277911904.00
2012-10-15,7.80,7.82,7.47,7.61,14137570,163068480.00
2012-10-16,7.60,7.73,7.46,7.56,10661282,122874848.00
2012-10-17,7.64,7.64,7.20,7.38,13223877,147818208.00
2012-10-18,7.38,7.60,7.32,7.57,13529469,153354480.00
2012-10-19,7.54,7.77,7.36,7.36,12119172,138932016.00
2012-10-22,7.25,7.25,7.00,7.19,9344207,100821256.00
2012-10-23,7.16,7.40,7.16,7.32,8074630,89213488.00
2012-10-24,7.25,7.37,7.18,7.30,5573483,61486740.00
2012-10-25,7.34,7.34,6.60,6.64,10683481,111966448.00
2012-10-26,6.62,6.74,6.46,6.64,7044855,70689600.00
2012-10-29,6.58,6.64,6.47,6.58,4240153,42136912.00
2012-10-30,6.59,6.70,6.55,6.65,4428298,44593808.00
2012-10-31,6.63,6.63,6.36,6.52,5664764,55651880.00
2012-11-01,6.52,6.82,6.48,6.74,7761529,79165144.00
2012-11-02,6.72,6.80,6.56,6.67,5308434,53665144.00
2012-11-05,6.63,6.63,6.42,6.51,5466044,53925000.00
2012-11-06,6.51,6.53,6.26,6.49,4944458,48153348.00
2012-11-07,6.44,7.14,6.44,6.92,15583107,161580160.00
2012-11-08,6.76,6.77,6.22,6.22,10269921,101031344.00
2012-11-09,6.08,6.14,5.95,5.98,6187103,56527876.00
2012-11-12,5.96,6.09,5.96,6.02,2977950,27276664.00
2012-11-13,6.02,6.04,5.77,5.81,4375088,39093132.00
2012-11-14,5.81,5.98,5.76,5.92,3606843,32333036.00
2012-11-15,5.91,6.30,5.84,5.98,6996054,64794220.00
2012-11-16,5.84,5.92,5.65,5.86,3882625,34153960.00
2012-11-19,5.86,6.08,5.80,6.08,5481240,49776448.00
2012-11-20,6.02,6.10,5.87,5.94,3720492,33846744.00
2012-11-21,5.96,6.28,5.94,6.15,7657466,71264600.00
2012-11-22,6.12,6.12,5.94,6.02,3810177,34814192.00
2012-11-23,6.01,6.06,5.85,5.97,3626457,32904298.00
2012-11-26,5.93,5.96,5.70,5.75,3532948,31274756.00
2012-11-27,5.80,5.88,5.50,5.52,3267086,27999524.00
2012-11-28,5.42,5.63,5.42,5.56,2866744,24150930.00
2012-11-29,5.56,5.58,5.29,5.34,3102999,25583076.00
2012-11-30,5.28,5.49,5.22,5.47,3425456,28193560.00
2012-12-03,5.44,5.52,5.29,5.32,2808759,23161150.00
2012-12-04,5.32,5.86,5.27,5.86,9436557,81844376.00
2012-12-05,6.17,6.40,6.00,6.13,18327863,171864128.00
2012-12-06,6.45,6.74,6.06,6.10,16357239,155792368.00
2012-12-07,6.08,6.31,5.86,6.20,16163244,149876160.00
2012-12-10,6.18,6.82,6.18,6.82,15323591,153091200.00
2012-12-11,7.05,7.48,6.86,6.94,29248365,319018784.00
2012-12-12,6.66,6.92,6.62,6.86,13909804,142359344.00
2012-12-13,6.83,7.06,6.60,6.61,11656385,120695248.00
2012-12-14,6.49,7.04,6.46,6.82,15283613,158275408.00
2012-12-17,6.84,7.23,6.76,6.87,11629617,122423632.00
2012-12-18,6.93,6.98,6.69,6.78,10489226,108444320.00
2012-12-19,6.72,7.47,6.68,7.47,26725301,295777952.00
2012-12-20,7.35,7.50,7.18,7.38,20072249,223414976.00
2012-12-21,7.30,7.51,7.19,7.38,13535463,150726528.00
2012-12-24,7.25,7.55,7.20,7.28,12303629,137100832.00
2012-12-25,7.23,7.55,7.23,7.46,15497304,174253472.00
2012-12-26,7.45,7.72,7.34,7.60,15071719,172435952.00
2012-12-27,7.55,7.65,7.27,7.28,11164350,125153216.00
2012-12-28,7.24,7.35,6.98,7.19,8522664,92373488.00
2012-12-31,7.19,7.40,7.09,7.29,7003705,77273336.00
2013-01-04,7.42,7.42,7.06,7.38,9932934,109878536.00
2013-01-07,7.31,7.70,7.20,7.68,16933487,193005056.00
2013-01-08,7.62,7.72,7.47,7.57,12793307,147124384.00
2013-01-09,7.58,7.66,7.45,7.53,9410724,107608976.00
2013-01-10,7.55,7.63,7.37,7.47,8067712,91774392.00
2013-01-11,7.50,8.22,7.39,7.60,19960417,235641520.00
2013-01-14,7.42,7.95,7.40,7.83,16920882,197346112.00
2013-01-15,7.84,8.52,7.74,8.20,16918419,208366480.00
2013-01-16,8.15,8.43,7.86,8.10,12716942,156448016.00
2013-01-17,7.98,8.14,7.74,7.77,8008992,95720800.00
2013-01-18,7.76,8.04,7.76,7.88,5575816,66712344.00
2013-01-21,7.92,7.98,7.80,7.88,5459849,65205648.00
2013-01-22,7.82,7.90,7.40,7.45,7557151,87391696.00
2013-01-23,7.45,7.56,7.26,7.46,5610336,63099148.00
2013-01-24,7.46,7.55,6.95,7.05,6992466,77232752.00
2013-01-25,7.02,7.14,6.99,7.09,3009396,32254834.00
2013-01-28,7.12,7.46,7.10,7.45,5697081,63134920.00
2013-01-29,7.45,7.71,7.35,7.68,6679406,76080440.00
2013-01-30,7.83,7.91,7.65,7.73,10711066,126617976.00
2013-01-31,7.62,7.65,7.37,7.40,5747530,65018432.00
2013-02-01,7.38,7.50,7.20,7.45,3222253,36211996.00
2013-02-04,7.52,7.52,7.13,7.20,3747404,41349036.00
2013-02-05,7.16,7.42,7.04,7.31,2714899,30050148.00
2013-02-06,7.31,7.56,7.31,7.49,3891402,43952656.00
2013-02-07,7.52,7.54,7.36,7.37,2396475,26916608.00
2013-02-08,7.36,7.46,7.36,7.41,2741321,30880258.00
2013-02-18,7.44,7.77,7.44,7.65,6225128,71939784.00
2013-02-19,7.72,7.90,7.55,7.84,9548310,112197304.00
2013-02-20,7.82,7.92,7.74,7.86,7144854,84950624.00
2013-02-21,7.82,7.86,7.61,7.61,6094687,71427112.00
2013-02-22,7.61,7.88,7.56,7.78,4918847,57748772.00
2013-02-25,7.78,8.12,7.74,8.12,9182090,111290768.00
2013-02-26,8.08,8.58,8.00,8.22,15190657,191804576.00
2013-02-27,8.13,8.25,7.97,8.20,7917692,97499976.00
2013-02-28,8.16,8.17,7.98,8.06,6994573,85484488.00
2013-03-01,8.08,8.42,8.07,8.32,7871341,98285800.00
2013-03-04,8.25,8.30,7.78,7.89,6084888,74258088.00
2013-03-05,8.03,8.69,8.02,8.69,12528210,161269312.00
2013-03-06,8.90,9.35,8.80,8.88,24824450,340090592.00
2013-03-07,8.76,8.99,8.48,8.68,10122799,134252736.00
2013-03-08,8.62,8.62,8.27,8.28,7298015,93068568.00
2013-03-11,8.28,8.51,8.18,8.46,4714293,59844080.00
2013-03-12,8.42,8.42,7.68,7.98,8932752,108205080.00
2013-03-13,7.82,7.92,7.61,7.78,4330844,50639496.00
2013-03-14,7.68,7.89,7.66,7.79,2725665,32255874.00
2013-03-15,7.72,7.87,7.45,7.73,4005508,46776180.00
2013-03-18,7.67,7.68,7.42,7.50,2843218,32579878.00
2013-03-19,7.48,7.68,7.45,7.68,3012524,34646464.00
2013-03-20,7.64,8.25,7.58,8.05,6134041,73981016.00
2013-03-21,8.02,8.15,7.98,8.07,4076815,49917828.00
2013-03-22,8.10,8.10,7.89,7.96,3161367,38271308.00
2013-03-25,7.96,8.03,7.80,7.85,2511470,30062406.00
2013-03-26,7.62,7.84,7.62,7.79,2161345,25357964.00
2013-03-27,7.77,7.98,7.75,7.88,2113133,25239466.00
2013-03-28,8.14,8.38,7.99,8.08,9673008,119892928.00
2013-03-29,7.91,7.99,7.73,7.82,4190547,49686676.00
2013-04-01,7.82,7.82,7.59,7.64,3084234,35856100.00
2013-04-02,7.64,7.84,7.41,7.45,3230171,37112684.00
2013-04-03,7.46,7.51,7.26,7.48,2080602,23365236.00
2013-04-08,7.30,7.44,7.06,7.44,2580005,28397568.00
2013-04-09,7.44,7.68,7.39,7.56,3365814,38421352.00
2013-04-10,7.56,7.56,7.34,7.47,1813564,20487028.00
2013-04-11,7.52,7.72,7.39,7.47,2322056,26543388.00
2013-04-12,7.47,7.54,7.38,7.38,1542631,17458750.00
2013-04-15,7.32,7.43,7.02,7.10,2258831,24642344.00
2013-04-16,7.02,7.20,6.85,7.15,2096045,22504968.00
2013-04-17,7.21,7.28,6.92,7.25,2065066,22368860.00
2013-04-18,7.17,7.30,7.10,7.22,1641755,17927344.00
2013-04-19,7.26,7.50,7.20,7.45,3578664,40143784.00
2013-04-22,7.39,7.83,7.36,7.72,5066301,58670132.00
2013-04-23,7.62,7.76,7.46,7.48,3588164,41423600.00
2013-04-24,7.48,7.88,7.39,7.87,5440033,63447520.00
2013-04-25,7.78,7.86,7.62,7.62,4382733,51394672.00
2013-04-26,7.52,7.64,7.26,7.46,3526555,39655740.00
2013-05-02,7.46,7.49,7.25,7.40,1710961,19122580.00
2013-05-03,7.44,7.65,7.39,7.51,4154571,47304328.00
2013-05-06,7.44,7.82,7.37,7.82,5991132,69497128.00
2013-05-07,7.74,7.78,7.61,7.76,3833022,44778312.00
2013-05-08,7.75,7.89,7.66,7.80,3739396,44073076.00
2013-05-09,7.85,8.21,7.74,8.11,10279025,124414024.00
2013-05-10,8.04,8.32,7.99,8.24,9167017,113724928.00
2013-05-13,8.19,8.24,7.97,8.14,5310496,64874324.00
2013-05-14,8.05,8.08,7.91,8.04,3479997,42163824.00
2013-05-15,8.13,8.39,8.13,8.22,5888068,73473768.00
2013-05-16,8.18,8.25,7.99,8.18,6106320,75167120.00
2013-05-17,8.37,8.37,8.13,8.24,5265834,65498040.00
2013-05-20,8.35,8.58,8.25,8.52,8882613,113805784.00
2013-05-21,8.47,8.71,8.37,8.66,7493683,97030168.00
2013-05-22,8.62,8.64,8.29,8.36,5589791,71492968.00
2013-05-23,8.28,8.45,8.13,8.16,4889826,61404344.00
2013-05-24,8.18,8.44,8.18,8.43,5861911,74163800.00
2013-05-27,8.44,8.65,8.38,8.63,6232796,80629224.00
2013-05-28,8.62,8.68,8.28,8.35,5467996,69589696.00
2013-05-29,8.36,8.40,8.22,8.36,4671950,58770848.00
2013-05-30,8.30,8.50,8.30,8.42,4318347,54925928.00
2013-05-31,8.44,8.44,8.16,8.24,4977005,62495180.00
2013-06-03,8.29,8.32,8.12,8.22,3109024,38653664.00
2013-06-04,8.18,8.31,7.98,8.10,4493293,55169200.00
2013-06-05,8.10,8.22,8.06,8.12,4630665,57177572.00
2013-06-06,8.10,8.10,7.80,7.87,4352905,52222248.00
2013-06-07,7.87,8.01,7.38,7.54,3627050,42124148.00
2013-06-13,7.46,7.46,6.78,6.88,6325297,65782188.00
2013-06-14,6.86,7.02,6.82,6.98,3419121,36055968.00
2013-06-17,6.98,7.06,6.86,6.90,2697020,28495280.00
2013-06-18,6.94,7.02,6.84,6.97,1971981,20753946.00
2013-06-19,7.09,7.24,7.00,7.22,5261016,57015724.00
2013-06-20,7.54,7.92,7.40,7.42,9825744,113572840.00
2013-06-21,6.98,7.69,6.72,7.62,6053763,66951968.00
2013-06-24,7.56,7.58,6.93,7.05,4982937,55295732.00
2013-06-25,6.98,7.22,6.34,7.12,5189953,53674768.00
2013-06-26,7.02,7.40,6.93,7.36,5535984,60638880.00
2013-06-27,7.37,7.40,7.01,7.02,4515333,49396712.00
2013-06-28,6.90,7.04,6.62,6.72,3242134,33521058.00
2013-07-01,6.68,6.88,6.68,6.87,2121793,21826142.00
2013-07-02,6.87,7.06,6.78,7.02,2777260,29390802.00
2013-07-03,6.94,7.08,6.78,7.02,2781315,29329780.00
2013-07-04,7.02,7.18,6.88,7.09,3375648,36211020.00
2013-07-05,7.05,7.17,6.92,6.92,2738774,29323812.00
2013-07-08,6.78,6.78,6.36,6.37,3542268,35093840.00
2013-07-09,6.36,6.50,6.24,6.38,1539247,14858397.00
2013-07-10,6.40,6.56,6.32,6.55,2004124,19683104.00
2013-07-11,6.58,6.85,6.54,6.78,3208871,32626314.00
2013-07-12,6.80,6.90,6.65,6.66,2780181,28602948.00
2013-07-15,6.68,7.00,6.66,6.93,3528539,36899168.00
2013-07-16,6.95,7.05,6.85,7.00,3602550,38054308.00
2013-07-17,7.00,7.13,6.92,6.96,3810404,40567924.00
2013-07-18,6.92,7.12,6.74,7.04,3551619,37468364.00
2013-07-19,6.98,7.76,6.92,7.20,7694264,85618768.00
2013-07-22,7.19,7.54,7.10,7.44,4485947,50005924.00
2013-07-23,7.48,7.80,7.42,7.71,7751116,89316744.00
2013-07-24,7.68,7.87,7.51,7.78,6983063,81329848.00
2013-07-25,7.76,7.88,7.52,7.54,5479179,63454516.00
2013-07-26,7.42,7.72,7.34,7.64,4037135,46231020.00
2013-07-29,7.74,8.40,7.74,8.22,21159082,265073616.00
2013-07-30,8.10,8.15,7.54,7.68,13598191,159523888.00
2013-07-31,7.68,7.79,7.42,7.48,8629287,98331368.00
2013-08-01,7.46,7.94,7.46,7.90,8631202,100516192.00
2013-08-02,7.95,8.68,7.87,8.34,17290389,217614784.00
2013-08-05,8.25,8.74,8.25,8.51,12769873,164645360.00
2013-08-06,8.46,8.66,8.38,8.52,9378035,120173640.00
2013-08-07,8.52,8.54,8.16,8.23,7523740,94594680.00
2013-08-08,8.29,8.58,8.09,8.58,10257475,129104696.00
2013-08-09,8.50,8.61,8.19,8.38,8334569,105662384.00
2013-08-12,8.34,8.38,8.05,8.21,6099892,75528216.00
2013-08-13,8.20,8.38,8.18,8.28,5421660,67752632.00
2013-08-14,8.27,8.27,7.96,8.10,6866861,83992336.00
2013-08-15,8.12,8.19,8.02,8.03,3438901,42126488.00
2013-08-16,7.94,8.23,7.82,7.88,5451758,65934828.00
2013-08-19,7.76,8.16,7.72,8.15,4565545,55213872.00
2013-08-20,8.16,8.38,8.07,8.21,5125486,63526360.00
2013-08-21,8.21,8.94,8.18,8.66,14941490,194655776.00
2013-08-22,8.68,8.68,8.47,8.58,5951834,76988232.00
2013-08-23,8.57,8.68,8.29,8.65,7070263,91116712.00
2013-08-26,8.70,8.91,8.60,8.76,7837653,103544744.00
2013-08-27,8.68,8.88,8.49,8.85,7207418,94209488.00
2013-08-28,8.66,9.18,8.53,8.70,9755942,130700120.00
2013-08-29,8.67,8.73,8.44,8.52,4941333,63878388.00
2013-08-30,8.52,8.62,7.88,7.95,7174521,89314888.00
2013-09-02,7.92,8.14,7.91,8.06,3148408,38165204.00
2013-09-03,8.06,8.24,7.98,8.18,2577344,31704774.00
2013-09-04,8.15,8.26,8.05,8.19,2622838,32320016.00
2013-09-05,8.20,8.34,8.06,8.30,3431015,42546608.00
2013-09-06,8.30,8.90,8.23,8.80,9142223,118586568.00
2013-09-09,9.38,9.68,9.01,9.06,17942701,251836912.00
2013-09-10,9.32,9.97,9.32,9.97,24626962,363034144.00
2013-09-11,9.95,9.95,9.24,9.37,17827937,255561792.00
2013-09-12,9.28,9.54,9.02,9.11,11422463,159668768.00
2013-09-13,9.02,9.36,8.94,9.24,7412318,102939128.00
2013-09-16,9.08,9.33,9.02,9.26,5016971,69499384.00
2013-09-17,9.21,9.25,8.80,8.80,6206464,84014640.00
2013-09-18,8.76,9.26,8.74,9.26,4981997,67619304.00
2013-09-23,9.42,9.72,9.26,9.56,8407103,120283608.00
2013-09-24,9.46,9.78,9.37,9.62,7245567,105262600.00
2013-09-25,9.54,9.87,9.28,9.35,7385880,106851552.00
2013-09-26,9.28,9.32,8.98,9.03,4990793,68798728.00
2013-09-27,9.11,9.60,9.07,9.49,5371494,75905168.00
2013-09-30,9.52,9.64,9.34,9.41,4209346,59795964.00
2013-10-08,9.40,9.68,9.26,9.64,6708931,96358864.00
2013-10-09,9.67,9.84,9.52,9.82,6558131,95758784.00
2013-10-10,9.78,9.84,9.49,9.54,5475269,79619680.00
2013-10-11,9.59,9.78,9.37,9.62,5059829,73094632.00
2013-10-14,9.50,10.08,9.43,10.01,9117468,134128368.00
2013-10-15,9.95,10.03,9.70,9.81,6590655,98037712.00
2013-10-16,9.80,9.80,9.22,9.34,5192119,73952160.00
2013-10-17,9.32,9.52,9.12,9.33,3598286,50687620.00
2013-10-18,9.31,9.72,9.24,9.37,4080405,58436908.00
2013-10-21,9.42,9.82,9.37,9.68,6047769,88014536.00
2013-10-22,9.81,10.15,9.69,9.79,11290947,169351664.00
2013-10-23,9.78,9.98,9.36,9.45,7048362,102754296.00
2013-10-24,9.35,9.51,8.92,9.05,5262938,72704456.00
2013-10-25,9.08,9.20,8.90,8.97,2271604,30854784.00
2013-10-28,8.97,9.04,8.57,8.81,3094026,40945940.00
2013-10-29,8.76,8.91,7.96,8.32,3065338,38942768.00
2013-10-30,8.39,8.52,8.30,8.49,1558074,19860518.00
2013-10-31,8.49,8.53,8.29,8.50,1650252,20936008.00
2013-11-01,8.54,8.68,8.32,8.63,1728582,22251818.00
2013-11-04,8.62,8.86,8.62,8.72,1878455,24786786.00
2013-11-05,8.70,8.74,8.50,8.66,2034060,26449194.00
2013-11-06,8.61,8.82,8.61,8.70,2161304,28553002.00
2013-11-07,8.63,8.69,8.42,8.45,1822317,23393400.00
2013-11-08,8.42,8.42,8.00,8.16,1873060,23314194.00
2013-11-11,8.30,8.30,8.06,8.20,884415,10927226.00
2013-11-12,8.05,8.32,8.05,8.25,964684,11974676.00
2013-11-13,8.24,8.35,8.12,8.26,1137051,14117056.00
2013-11-14,8.19,8.43,8.08,8.39,1262148,15782515.00
2013-11-15,8.38,8.68,8.38,8.48,2292449,29671280.00
2013-11-18,8.54,8.81,8.50,8.68,1877440,24658874.00
2013-11-19,8.80,8.80,8.64,8.72,1660408,21857512.00
2013-11-20,8.72,8.80,8.66,8.72,1542701,20288588.00
2013-11-21,8.72,8.74,8.56,8.63,1746920,22845324.00
2013-11-22,8.65,8.71,8.50,8.54,1513467,19675312.00
2013-11-25,8.52,8.64,8.50,8.52,1020933,13215895.00
2013-11-26,8.52,8.84,8.49,8.76,2577178,33770836.00
2013-11-27,8.78,8.85,8.72,8.78,1820546,24104542.00
2013-11-28,8.75,8.86,8.74,8.75,2285443,30316628.00
2013-11-29,8.75,8.90,8.75,8.84,2607687,34788076.00
2013-12-02,8.62,8.62,7.96,7.96,4564331,56590236.00
2013-12-03,7.95,7.95,7.62,7.88,2992447,35235944.00
2013-12-04,7.85,8.52,7.85,8.34,5033813,62267872.00
2013-12-05,8.26,8.34,8.08,8.16,3172456,39275076.00
2013-12-06,8.14,8.22,8.08,8.10,1558472,19110358.00
2013-12-09,8.11,8.23,8.11,8.20,1522276,18790740.00
2013-12-10,8.19,8.32,8.16,8.16,1716486,21340270.00
2013-12-11,8.16,8.16,7.88,7.96,2216386,26749444.00
2013-12-12,8.06,8.24,7.96,8.08,1676700,20561144.00
2013-12-13,8.02,8.28,7.97,8.19,1762408,21834212.00
2013-12-16,8.12,8.26,7.97,8.13,1157917,14231342.00
2013-12-17,8.15,8.28,8.14,8.21,1657271,20560524.00
2013-12-18,8.28,8.28,8.12,8.13,1125908,13892596.00
2013-12-19,8.13,8.19,8.00,8.01,1112363,13581205.00
2013-12-20,8.01,8.05,7.82,7.94,1225980,14676070.00
2013-12-23,7.95,8.12,7.78,8.03,1029069,12429258.00
2013-12-24,8.10,8.21,8.04,8.10,1072663,13171317.00
2013-12-25,8.16,8.24,8.09,8.24,1369885,16943268.00
2013-12-26,8.23,8.28,8.08,8.12,1146809,14143780.00
2013-12-27,8.12,8.30,8.07,8.30,2058669,25608934.00
2013-12-30,8.30,8.38,8.25,8.33,1669465,20950434.00
2013-12-31,8.29,8.32,8.19,8.31,1165081,14504290.00
2014-01-02,8.44,8.44,8.30,8.39,1741476,21969860.00
2014-01-03,8.36,8.72,8.32,8.67,4488753,58148660.00
2014-01-06,8.57,8.64,8.28,8.35,2783841,35551976.00
2014-01-07,8.26,8.63,8.25,8.60,2340426,30076146.00
2014-01-08,8.64,8.72,8.52,8.62,3014305,39274756.00
2014-01-09,8.71,8.72,8.38,8.43,2581805,33446704.00
2014-01-10,8.44,8.55,8.28,8.28,1475979,18675328.00
2014-01-13,8.28,8.30,7.82,7.90,2343961,28297274.00
2014-01-14,7.88,8.02,7.88,8.00,1827414,21929106.00
2014-01-15,8.00,8.14,7.96,8.14,2096860,25541724.00
2014-01-16,8.14,8.20,8.04,8.07,1630409,19919184.00
2014-01-17,8.07,8.48,7.88,8.28,3711357,46202452.00
2014-01-20,8.15,8.28,8.05,8.08,2116520,25956656.00
2014-01-21,8.08,8.34,8.06,8.33,1981710,24569668.00
2014-01-22,8.34,8.60,8.28,8.54,3613942,46298532.00
2014-01-23,8.50,8.85,8.48,8.72,4780254,62745876.00
2014-01-24,8.70,8.91,8.66,8.78,3643390,48234288.00
2014-01-27,8.70,8.88,8.60,8.68,3856408,50789516.00
2014-01-28,8.62,8.81,8.50,8.81,2815634,36703400.00
2014-01-29,8.84,9.12,8.79,9.04,4431459,59932064.00
2014-01-30,9.04,9.12,8.90,8.94,2678168,36355212.00
2014-02-07,9.01,9.22,8.80,9.16,3914966,53482776.00
2014-02-10,9.16,9.34,9.08,9.28,5309128,73944952.00
2014-02-11,9.42,9.42,9.00,9.26,5673805,78666984.00
2014-02-12,9.28,9.28,9.09,9.20,5164048,71316744.00
2014-02-13,9.18,9.18,8.76,8.80,5877017,79656472.00
2014-02-14,8.82,8.98,8.79,8.97,4209439,56531096.00
2014-02-17,9.02,9.28,9.00,9.26,5763067,79797008.00
2014-02-18,9.20,9.62,9.17,9.44,9156256,130426656.00
2014-02-19,9.37,9.52,9.24,9.33,5192497,73335128.00
2014-02-20,9.32,9.40,9.00,9.09,4415420,60960684.00
2014-02-21,9.09,9.70,9.07,9.48,9080219,129078248.00
2014-02-24,9.50,9.82,9.38,9.80,9822537,142508016.00
2014-02-25,9.81,9.82,9.07,9.35,11496803,164820352.00
2014-02-26,9.27,9.27,8.90,9.16,4559955,62403600.00
2014-02-27,9.15,9.70,9.12,9.29,8094405,115235504.00
2014-02-28,9.26,9.58,8.98,9.58,6109648,85732192.00
2014-03-03,9.61,9.92,9.48,9.84,8267440,121126768.00
2014-03-04,9.74,10.15,9.62,10.14,10283329,154373472.00
2014-03-05,10.14,10.28,9.88,9.97,7331153,111355400.00
2014-03-06,9.89,10.04,9.66,10.04,5094380,75775832.00
2014-03-07,10.04,10.04,9.60,9.64,5475610,80555512.00
2014-03-10,9.61,9.62,9.10,9.20,4388833,61558740.00
2014-03-11,9.20,9.34,8.79,9.30,2625578,36476224.00
2014-03-12,9.20,9.28,8.79,9.02,3086497,41847176.00
2014-03-13,9.02,9.28,8.90,9.19,2544096,34908648.00
2014-03-14,9.12,9.16,8.94,9.00,1682199,22948114.00
2014-03-17,9.10,9.39,9.04,9.34,2416212,33725740.00
2014-03-18,9.34,9.66,9.34,9.49,4217109,60482184.00
2014-03-19,9.48,9.48,9.01,9.24,3426317,47702488.00
2014-03-20,9.14,9.33,8.95,8.95,3078638,42628288.00
2014-03-21,8.94,9.34,8.75,9.28,3361721,45993036.00
2014-03-24,9.28,9.32,9.14,9.24,2352855,32793256.00
2014-03-25,9.24,9.31,9.10,9.25,1709354,23723740.00
2014-03-26,9.24,9.32,9.18,9.24,2355522,32824234.00
2014-03-27,9.22,9.27,8.99,9.02,1747116,24032174.00
2014-03-28,9.10,9.24,8.70,8.73,2658985,36021472.00
2014-03-31,8.73,8.82,8.44,8.52,2001799,25836646.00
2014-04-01,8.52,8.72,8.48,8.69,1295781,16821620.00
2014-04-02,8.68,8.70,8.48,8.56,1169441,15106998.00
2014-04-03,8.54,8.68,8.52,8.55,922300,11963906.00
2014-04-04,8.49,8.74,8.48,8.66,988138,12892298.00
2014-04-08,8.55,8.80,8.55,8.77,1200724,15800044.00
2014-04-09,8.77,8.92,8.74,8.85,1342786,17944064.00
2014-04-10,8.82,8.94,8.77,8.80,1451449,19393442.00
2014-04-11,8.74,8.75,8.58,8.68,1305443,17082982.00
2014-04-14,8.69,8.88,8.62,8.86,1513947,20095734.00
2014-04-15,8.88,8.91,8.82,8.84,1316206,17611180.00
2014-04-16,8.87,9.24,8.87,9.14,4113002,56660224.00
2014-04-17,9.15,9.26,9.14,9.16,1909293,26463938.00
2014-04-18,9.11,9.36,9.09,9.28,2131259,29834848.00
2014-04-21,9.15,9.25,8.89,8.89,2549062,34842124.00
2014-04-22,8.86,8.98,8.64,8.76,1741968,23187340.00
2014-04-23,8.70,8.87,8.69,8.85,930806,12358057.00
2014-04-24,8.88,9.40,8.72,9.12,3600876,49679732.00
2014-04-25,9.00,9.13,8.72,8.72,2087986,28115372.00
2014-04-28,8.70,8.71,8.33,8.36,1882915,24060596.00
2014-04-29,8.42,8.59,8.36,8.58,1064594,13668611.00
2014-04-30,8.56,8.72,8.50,8.71,966875,12599227.00
2014-05-05,8.71,8.73,8.58,8.73,778449,10173678.00
2014-05-06,8.72,9.05,8.67,8.96,2179014,29163548.00
2014-05-07,8.96,8.96,8.76,8.87,1202436,16101072.00
2014-05-08,8.92,9.09,8.82,8.84,1804762,24441948.00
2014-05-09,8.69,8.85,8.37,8.49,2652700,22702426.00
2014-05-12,8.54,8.90,8.44,8.85,2740572,23929572.00
2014-05-13,8.80,8.98,8.75,8.94,1772272,15801599.00
2014-05-14,8.94,9.44,8.81,9.24,5029117,46569404.00
2014-05-15,9.05,9.35,8.95,9.06,4298351,39409944.00
2014-05-16,9.03,9.15,8.64,8.68,4365502,38741664.00
2014-05-19,8.65,8.90,8.55,8.75,1940986,17054986.00
2014-05-20,8.83,9.04,8.77,8.91,2532011,22703368.00
2014-05-21,8.88,8.93,8.73,8.90,2072409,18374836.00
2014-05-22,8.90,9.04,8.79,8.82,2661795,23950410.00
2014-05-23,8.82,9.15,8.78,9.15,3542601,32102896.00
2014-05-26,9.14,9.31,9.08,9.25,3156022,29209996.00
2014-05-27,9.23,9.24,9.08,9.15,2782220,25569136.00
2014-05-28,9.15,9.45,9.13,9.39,6172816,58169292.00
2014-05-29,9.45,9.75,9.32,9.36,8992713,86229160.00
2014-05-30,9.13,9.66,9.13,9.63,6403415,60912544.00
2014-06-03,9.62,9.70,9.50,9.50,4473157,43106236.00
2014-06-04,9.45,9.66,9.36,9.54,3624406,34596304.00
2014-06-05,9.47,9.62,9.41,9.60,3482701,33401196.00
2014-06-06,9.58,9.83,9.40,9.47,4864220,47048672.00
2014-06-09,9.45,9.54,9.24,9.30,3570491,33652828.00
2014-06-10,9.54,10.24,9.45,10.24,10234104,102557248.00
2014-06-11,10.95,11.27,10.58,10.90,45569117,505001568.00
2014-06-12,10.74,10.89,10.61,10.77,26523399,285974816.00
2014-06-13,10.70,11.02,10.66,10.79,20865525,226589792.00
2014-06-16,10.71,10.73,10.45,10.62,14013358,148988288.00
2014-06-17,10.56,10.80,10.48,10.64,10200045,109278736.00
2014-06-18,10.64,10.64,10.27,10.50,9314248,97744920.00
2014-06-19,10.43,10.63,9.45,9.48,15559282,155770128.00
2014-06-20,9.33,9.64,9.27,9.62,9637386,92095472.00
2014-06-23,9.59,9.83,9.56,9.67,7029716,68618432.00
2014-06-24,9.68,9.79,9.60,9.70,6237994,60857276.00
2014-06-25,9.70,9.70,9.40,9.57,4495966,43022528.00
2014-06-26,9.53,9.94,9.53,9.85,7143218,70352832.00
2014-06-27,9.77,10.11,9.77,10.06,7317183,73538344.00
2014-06-30,10.06,10.23,9.96,10.16,6752436,68616712.00
2014-07-01,10.23,10.44,10.15,10.41,7766654,80795656.00
2014-07-02,10.44,10.52,10.21,10.40,7539936,78505248.00
2014-07-03,10.35,10.50,10.28,10.37,5352724,55857944.00
2014-07-04,10.37,10.49,10.23,10.41,5331188,55379268.00
2014-07-07,10.42,10.44,10.27,10.32,2991706,31063146.00
2014-07-08,10.32,10.51,10.31,10.51,5204145,54604436.00
2014-07-09,10.67,11.57,10.51,10.97,19949442,223446512.00
2014-07-10,10.98,11.80,10.84,11.45,19119613,218973504.00
2014-07-11,11.45,12.60,11.12,12.60,11719850,140060944.00
2014-07-14,13.83,13.83,12.95,13.30,39358827,528216224.00
2014-07-15,13.20,14.25,13.06,13.41,25583239,349192288.00
2014-07-16,13.05,14.21,13.05,13.39,25285297,346092000.00
2014-07-17,13.12,13.49,12.65,13.18,16892851,221203856.00
2014-07-18,12.94,13.34,12.77,12.98,8720694,114246208.00
2014-07-21,12.76,13.03,12.07,12.15,12646185,158641360.00
2014-07-22,12.17,12.37,12.03,12.20,11088647,135930992.00
2014-07-23,12.18,12.22,11.65,11.90,11835136,141290528.00
2014-07-24,11.90,11.94,11.35,11.48,11298584,131454176.00
2014-07-25,11.61,11.68,11.45,11.58,7669883,89268000.00
2014-07-28,11.65,12.11,11.56,12.10,14594118,173664416.00
2014-07-29,12.35,12.80,12.14,12.72,16626109,208604928.00
2014-07-30,12.85,12.85,12.33,12.60,9316571,117461336.00
2014-07-31,12.59,12.84,12.37,12.55,9350410,117785456.00
2014-08-01,12.56,12.57,12.05,12.07,7821601,96605664.00
2014-08-04,12.07,13.28,12.07,13.28,15231923,197364944.00
2014-08-05,13.74,14.61,13.48,14.25,24039323,338422432.00
2014-08-06,14.03,14.53,13.68,14.12,13803665,194827872.00
2014-08-07,14.05,14.40,13.81,14.19,9724614,138072256.00
2014-08-08,14.45,15.42,14.31,14.45,17262290,255649920.00
2014-08-11,14.52,15.10,14.51,14.74,11505524,170519824.00
2014-08-12,14.28,14.72,14.13,14.42,10195435,146828912.00
2014-08-13,14.42,14.42,13.87,14.25,8674622,123167240.00
2014-08-14,14.20,15.45,14.20,14.93,17021375,256757632.00
2014-08-15,14.60,15.05,14.40,14.84,10655163,157451040.00
2014-08-18,14.85,16.33,14.73,16.05,25616719,409264288.00
2014-08-19,15.62,15.94,15.25,15.66,18088239,282752832.00
2014-08-20,15.57,16.59,15.47,16.05,17369636,282882016.00
2014-08-21,16.13,16.21,15.45,15.80,9690956,153338592.00
2014-08-22,15.76,15.88,15.42,15.80,6567629,103178648.00
2014-08-25,15.72,16.10,14.97,15.14,9043834,139031856.00
2014-08-26,15.25,15.25,14.55,14.85,6415834,95123352.00
2014-08-27,14.85,15.34,14.75,15.23,5886579,89337568.00
2014-08-28,15.15,15.60,14.93,15.14,4450545,67992872.00
2014-08-29,15.14,15.29,13.62,15.13,5880742,86748096.00
2014-09-01,15.03,15.85,14.83,15.85,7831128,121600504.00
2014-09-02,15.86,15.95,15.66,15.95,7248499,115161896.00
2014-09-03,15.96,16.63,15.94,15.94,9335110,152684224.00
2014-09-04,15.85,16.14,15.67,15.92,5061934,80436968.00
2014-09-05,15.89,16.29,15.63,16.23,6239274,100069944.00
2014-09-09,16.44,16.58,15.90,16.45,6800273,111358640.00
2014-09-10,16.31,17.51,16.18,17.20,9451437,161867168.00
2014-09-11,17.25,17.93,16.81,17.15,10718101,184281184.00
2014-09-12,17.15,17.45,16.77,17.25,4974133,84908224.00
2014-09-15,17.23,18.64,17.22,18.40,11118606,200522368.00
2014-09-16,18.17,19.28,17.85,18.00,10653679,197666192.00
2014-09-17,18.15,18.40,16.96,17.68,7464502,131450128.00
2014-09-18,17.45,19.43,17.25,19.19,8967333,166731072.00
2014-09-19,19.33,20.13,18.84,19.43,9821170,191553792.00
2014-09-22,19.35,21.38,19.14,21.38,16531518,344265568.00
2014-09-23,21.55,23.52,21.45,23.52,15890925,361235072.00
2014-09-24,24.00,25.16,22.95,23.94,25835770,623267968.00
2014-09-25,23.99,24.94,23.46,24.05,18271216,442061120.00
2014-09-26,23.75,23.93,22.57,23.51,12867919,299707392.00
2014-09-29,23.87,23.95,23.08,23.50,8108459,190218352.00
2014-09-30,23.57,23.65,22.59,22.76,8500945,194812672.00
2014-10-08,22.77,23.85,22.33,23.85,10333386,239711968.00
2014-10-09,23.65,23.93,22.65,22.89,9752982,225394928.00
2014-10-10,22.65,22.65,21.45,21.93,14733496,322343168.00
2014-10-13,21.57,21.85,21.10,21.82,10967232,236298544.00
2014-10-14,21.68,22.44,21.66,22.34,11522190,255962144.00
2014-10-15,22.15,22.46,21.33,21.63,9952812,215541104.00
2014-10-16,21.37,22.29,21.35,21.47,5825291,127515584.00
2014-10-17,21.44,21.59,20.05,20.25,11279590,231108896.00
2014-10-20,20.45,20.82,20.15,20.53,6573723,135279264.00
2014-10-21,20.75,22.50,20.47,21.91,13601320,294886592.00
2014-10-22,21.66,22.13,21.39,21.62,6486031,141122592.00
2014-10-23,21.84,22.30,20.95,21.67,6157009,133830008.00
2014-10-24,21.95,21.95,20.26,20.30,5364772,114038168.00
2014-10-27,19.95,21.35,18.89,21.02,5538610,113138336.00
2014-10-28,20.64,21.55,20.64,21.49,5403787,114957440.00
2014-10-29,21.83,22.73,21.65,22.01,13822023,305355392.00
2014-10-30,21.82,22.65,21.17,21.41,11312272,247858192.00
2014-10-31,21.49,21.75,20.55,20.75,6641746,139764000.00
2014-11-03,20.61,21.04,20.23,20.82,5914879,122530256.00
2014-11-04,20.73,20.81,20.04,20.17,4596264,94066536.00
2014-11-05,20.33,20.81,20.06,20.55,3394151,70064536.00
2014-11-06,20.48,20.80,20.28,20.80,3365834,69396640.00
2014-11-07,20.81,20.93,20.03,20.05,5809020,118645888.00
2014-11-10,19.96,20.40,19.75,19.87,5461320,109218776.00
2014-11-11,19.83,19.87,18.04,18.25,8655862,164286240.00
2014-11-12,18.32,19.12,18.25,18.83,5592293,105481648.00
2014-11-13,18.94,19.08,18.20,18.31,5294732,98083720.00
2014-11-14,18.19,19.31,18.14,18.93,6753165,127693880.00
2014-11-17,18.93,19.44,18.66,19.15,5144264,98759168.00
2014-11-18,19.17,19.33,18.94,19.05,2364411,45191856.00
2014-11-19,19.05,20.83,18.55,20.76,11953188,238549984.00
2014-11-20,20.37,20.84,20.13,20.21,7282019,149218944.00
2014-11-21,20.21,20.90,20.21,20.56,6474028,134315088.00
2014-11-24,20.75,20.83,20.25,20.60,4065345,83903344.00
2014-11-25,20.58,21.55,20.40,21.47,8565400,181552576.00
2014-11-26,21.29,21.55,20.82,21.22,5041958,106962392.00
2014-11-27,21.06,21.25,20.05,20.55,11487754,235999312.00
2014-11-28,20.45,20.47,20.10,20.27,6055887,122964120.00
2014-12-01,20.26,20.58,19.54,19.93,6735515,134946736.00
2014-12-02,19.95,20.30,19.85,19.98,4611430,92905760.00
2014-12-03,20.00,20.05,19.07,19.62,7315115,142411168.00
2014-12-04,19.55,19.90,19.40,19.72,5989212,118336432.00
2014-12-05,19.48,19.69,18.55,18.95,6282574,120032712.00
2014-12-08,17.53,18.65,17.53,18.09,11137938,201200624.00
2014-12-09,18.32,18.87,17.87,17.95,9884609,184141872.00
2014-12-10,17.95,18.77,17.95,18.65,5140690,95083272.00
2014-12-11,18.54,18.93,18.36,18.57,4863059,90653336.00
2014-12-12,18.60,18.90,18.35,18.90,4991559,93350472.00
2014-12-15,19.14,19.50,18.90,19.45,7495314,144704912.00
2014-12-16,19.45,19.60,18.85,18.91,5645800,108176312.00
2014-12-17,19.03,19.03,18.30,18.32,4713473,87248048.00
2014-12-18,18.32,18.61,17.95,18.25,4401314,80680912.00
2014-12-19,18.03,18.23,17.36,17.65,5540558,98416904.00
2014-12-22,17.65,17.65,15.88,15.88,6129224,100516920.00
2014-12-23,15.80,15.82,15.00,15.23,6507872,99771560.00
2014-12-24,15.32,15.90,15.32,15.90,4529213,71329672.00
2014-12-25,15.94,16.39,15.76,16.19,3636605,58571344.00
2014-12-26,16.15,16.21,15.59,15.83,4259470,67370840.00
2014-12-29,15.77,15.77,14.84,15.00,6602703,100017592.00
2014-12-30,14.90,15.24,13.97,14.15,7439412,107744888.00
2014-12-31,14.24,14.64,13.95,14.53,4961783,71788424.00
2015-01-05,14.68,15.14,14.48,14.96,5142328,76446312.00
2015-01-06,14.95,15.72,14.76,15.69,6817051,104765392.00
2015-01-07,15.69,15.69,15.02,15.49,6109399,94026168.00
2015-01-08,15.30,15.82,15.29,15.51,5231016,81987272.00
2015-01-09,15.55,16.05,15.45,15.51,7273409,115014632.00
2015-01-12,15.41,15.41,15.10,15.25,3274204,50051556.00
2015-01-13,15.24,16.78,15.15,16.78,9724920,158121040.00
2015-01-14,17.45,17.45,16.53,16.60,12802261,217837584.00
2015-01-15,16.47,16.88,16.22,16.39,6598372,108982880.00
2015-01-16,16.40,17.54,16.17,17.27,10894841,185561376.00
2015-01-19,16.75,17.92,16.45,16.95,11140765,192325280.00
2015-01-20,16.95,17.90,16.95,17.81,12053645,212287056.00
2015-01-21,17.80,18.32,17.49,18.04,11183894,201478528.00
2015-01-22,18.05,18.12,17.68,17.92,6476881,116113808.00
2015-01-23,17.78,17.82,17.26,17.30,7282262,127562624.00
2015-01-26,17.16,17.80,17.14,17.50,5119489,90099528.00
2015-01-27,17.49,19.26,17.34,19.26,14162833,258965360.00
2015-01-28,19.26,19.72,18.86,18.91,19096263,370811264.00
2015-01-29,18.57,19.31,18.45,18.94,7427393,140967968.00
2015-01-30,18.90,19.10,18.03,18.04,7639254,141305440.00
2015-02-02,17.72,18.55,17.50,17.92,4749167,86091112.00
2015-02-03,18.00,19.17,18.00,18.83,9272382,173823664.00
2015-02-04,18.94,19.16,18.65,18.87,8169667,154961616.00
2015-02-05,18.95,20.30,18.62,19.46,16647958,327822016.00
2015-02-06,19.35,19.70,18.75,18.85,10219646,196933760.00
2015-02-09,18.65,19.31,17.75,17.79,9175332,169145376.00
2015-02-10,17.79,18.57,17.17,18.45,7009554,125862696.00
2015-02-11,18.35,19.07,18.27,18.68,7245321,136455008.00
2015-02-12,18.68,19.00,18.55,18.78,5744940,108004440.00
2015-02-13,18.80,19.19,18.60,18.78,9977232,188904832.00
2015-02-16,18.80,19.97,18.71,19.46,9927785,192587360.00
2015-02-17,19.47,19.61,19.13,19.33,8722684,169313088.00
2015-02-25,19.45,20.13,19.44,19.97,11787385,235151968.00
2015-02-26,19.84,20.53,19.55,20.53,14106085,284117824.00
2015-02-27,20.45,21.15,20.25,20.81,14086828,292402912.00
2015-03-02,20.93,21.00,20.39,20.71,11964398,247200112.00
2015-03-03,20.72,20.72,19.94,19.96,10580127,214844464.00
2015-03-04,19.92,20.48,19.83,20.42,7406358,150416640.00
2015-03-05,20.30,20.80,19.96,20.65,10406875,213489056.00
2015-03-06,20.67,20.78,19.55,19.67,8949699,179842976.00
2015-03-09,19.45,20.05,19.28,19.74,5082455,100765264.00
2015-03-10,19.90,20.37,19.69,20.28,6492399,130913280.00
2015-03-11,20.35,20.35,19.77,19.82,5686414,113744312.00
2015-03-12,19.73,19.99,19.28,19.33,5894015,115560168.00
2015-03-13,19.45,19.71,19.21,19.71,6480506,126587208.00
2015-03-16,19.94,21.22,19.93,21.01,19107682,397195264.00
2015-03-17,21.22,23.12,20.76,23.12,29465645,641902976.00
2015-03-18,23.05,23.45,22.47,22.94,20708353,474644480.00
2015-03-19,22.82,22.83,22.17,22.63,13356619,301931648.00
2015-03-20,22.90,23.33,22.66,22.85,17237891,396486176.00
2015-03-23,22.95,23.60,22.26,23.59,19746584,458324672.00
2015-03-24,23.68,23.85,22.26,23.12,19192096,444849280.00
2015-03-25,23.12,24.83,22.46,24.27,21835853,518537408.00
2015-03-26,23.77,24.20,22.68,23.03,17153695,399961312.00
2015-03-27,22.80,23.24,22.51,22.80,9083626,207888736.00
2015-03-30,22.95,23.01,21.93,22.30,13111878,294772288.00
2015-03-31,22.15,22.85,22.02,22.40,9761196,220533232.00
2015-04-01,22.47,23.08,22.38,22.89,9796699,223429328.00
2015-04-02,23.36,24.45,23.35,23.88,14835440,354906048.00
2015-04-03,24.19,25.18,23.96,24.75,18799346,464114688.00
2015-04-07,24.58,25.00,24.24,24.67,13096777,322555104.00
2015-04-08,24.75,24.90,22.55,23.71,15225240,363595296.00
2015-04-09,23.55,23.57,21.85,22.75,10617157,240582832.00
2015-04-10,22.53,23.49,22.42,23.15,7770917,180459168.00
2015-04-13,23.21,23.60,22.95,23.19,10260245,239418624.00
2015-04-14,23.18,23.19,22.18,22.55,9612085,219018016.00
2015-04-15,22.45,22.45,20.95,21.09,11878085,256685776.00
2015-04-16,20.80,21.84,20.60,21.34,7155905,153157008.00
2015-04-17,21.53,22.54,21.53,22.42,11511446,256679840.00
2015-04-20,21.95,22.75,21.55,21.85,10732280,236598592.00
2015-04-21,21.80,22.63,21.79,22.50,8709400,195124112.00
2015-04-22,22.50,23.10,22.33,23.08,11758500,268056560.00
2015-04-23,23.10,23.22,22.50,22.76,9933887,226762624.00
2015-04-24,22.33,22.81,22.00,22.19,9401563,211058272.00
2015-04-27,22.25,23.20,22.24,22.65,12076483,275868576.00
2015-04-28,23.16,23.67,22.55,22.99,14901722,344248800.00
2015-04-29,23.00,24.25,22.66,24.10,19066656,449645472.00
2015-04-30,24.24,24.63,23.07,23.25,14213175,339128864.00
2015-05-04,23.15,24.05,22.50,23.75,10641633,248929440.00
2015-05-05,23.90,24.13,22.45,22.51,10638226,248657872.00
2015-05-06,22.15,23.00,21.85,21.94,7685496,173021520.00
2015-05-07,21.85,21.94,20.92,20.97,5946891,127597480.00
2015-05-08,21.25,22.38,21.25,22.23,8968453,196274416.00
2015-05-11,22.45,23.75,22.20,23.55,13205622,307263616.00
2015-05-12,23.56,25.91,23.21,25.91,21749276,537523328.00
2015-05-13,25.90,27.95,25.53,26.31,32194126,858184320.00
2015-05-14,26.20,27.65,25.92,26.50,19771547,527368000.00
2015-05-15,26.60,26.78,25.25,25.89,13954811,363125472.00
2015-05-18,25.68,27.95,25.45,27.30,18605263,503181568.00
2015-05-19,27.45,27.84,26.25,27.25,14186120,382432608.00
2015-05-20,27.46,29.45,27.35,27.37,17273282,491173120.00
2015-05-21,27.43,28.93,27.09,28.44,17094761,482880896.00
2015-05-22,28.88,29.15,27.70,28.12,16346492,461617728.00
2015-05-25,27.70,30.94,26.75,30.94,26512279,766881792.00
2015-05-26,30.33,32.00,30.07,30.86,25303110,785996736.00
2015-05-27,31.15,33.95,30.28,33.95,26988589,874947840.00
2015-05-28,33.95,34.20,30.55,30.55,23436616,757895424.00
2015-05-29,29.45,32.45,27.66,31.58,16040247,480053024.00
2015-06-01,31.17,34.57,30.97,34.55,18717649,617002048.00
2015-06-02,34.44,37.72,33.45,37.42,17911788,630686336.00
2015-06-03,36.94,37.05,34.94,35.40,20447447,732933120.00
2015-06-04,35.65,36.70,32.45,35.43,16319680,569313472.00
2015-06-05,35.55,36.22,34.35,34.77,15540786,548976832.00
2015-06-08,34.55,34.55,31.94,32.82,17431370,579878720.00
2015-06-09,32.21,33.39,32.21,33.00,8158654,268982592.00
2015-06-10,32.75,34.45,32.45,33.78,10536825,353559040.00
2015-06-11,33.58,34.55,33.25,33.66,10385048,352358912.00
2015-06-12,33.67,34.35,33.46,33.67,9760083,331300192.00
2015-06-15,33.68,33.78,30.95,31.93,12042029,392166976.00
2015-06-16,31.44,31.44,29.20,29.93,9028739,275218816.00
2015-06-17,29.95,31.24,29.41,30.97,7302019,221808576.00
2015-06-18,31.10,31.90,30.09,30.17,7905295,246504944.00
2015-06-19,30.18,31.05,27.83,27.95,7210168,214832240.00
2015-06-23,27.97,29.25,25.95,29.10,8226415,232320544.00
2015-06-24,29.75,29.93,28.80,29.55,6548258,193518624.00
2015-06-25,29.63,30.41,26.97,28.67,7090418,209456656.00
2015-06-26,27.77,28.25,25.80,25.80,7688616,204816864.00
2015-06-29,26.61,26.63,23.22,23.22,8389713,201294224.00
2015-06-30,21.43,24.75,20.89,24.10,10063271,228587744.00
2015-07-01,23.94,24.74,21.69,21.94,7564714,178887120.00
2015-07-02,21.64,22.05,19.74,19.74,7410367,151337456.00
2015-07-03,17.76,19.73,17.76,17.76,8993267,163217840.00
2015-07-06,19.50,19.50,15.98,15.98,9985858,172728336.00
2015-07-07,14.38,14.90,14.38,14.38,2916799,41972668.00
2015-07-08,12.94,13.20,12.94,12.94,22667850,293950688.00
2015-07-09,12.50,14.23,11.88,14.23,11480831,159298256.00
2015-07-10,15.48,15.65,14.90,15.65,3645558,56346300.00
2015-07-13,17.22,17.22,16.00,17.22,10321670,176873424.00
2015-07-14,17.99,18.94,17.50,18.94,22740889,422061760.00
2015-07-15,18.20,18.73,17.05,17.05,11786085,206481632.00
2015-07-16,15.40,17.96,15.35,17.25,13266496,222713216.00
2015-07-17,17.20,18.96,17.15,18.77,12174750,220902336.00
2015-07-20,18.90,20.34,18.70,19.55,13918235,270858592.00
2015-07-21,19.40,20.40,18.75,19.87,12569691,247903712.00
2015-07-22,19.70,20.64,19.60,20.22,14154573,285190496.00
2015-07-23,20.45,21.44,19.64,20.96,13349615,274206880.00
2015-07-24,20.90,21.70,20.00,20.28,14696224,308329888.00
2015-07-27,19.38,20.48,18.25,18.25,10737698,209055808.00
2015-07-28,16.43,18.37,16.43,16.43,11154447,187939824.00
2015-07-29,17.00,18.07,16.43,18.07,9849954,168540352.00
2015-07-30,18.10,19.28,17.66,17.87,11833962,221102608.00
2015-07-31,17.07,18.16,16.90,17.38,7516472,131822736.00
2015-08-03,17.01,17.18,15.64,15.64,9092670,146171680.00
2015-08-04,15.90,17.20,15.72,17.18,8563002,141593936.00
2015-08-05,17.34,17.89,16.89,17.13,9428111,163695696.00
2015-08-06,16.59,17.45,16.38,17.15,6619868,112910064.00
2015-08-07,17.36,18.87,17.36,18.87,13052236,240127040.00
2015-09-22,18.87,18.87,18.87,18.87,0,0.00
数据来源:通达信
