002747 埃斯顿 日线 前复权
      日期	    开盘	    最高	    最低	    收盘	    成交量	    成交额
2015-03-20,8.06,9.69,8.06,9.69,28100,273946.00
2015-03-23,10.67,10.67,10.67,10.67,3900,42003.00
2015-03-24,11.75,11.75,11.75,11.75,7100,84135.00
2015-03-25,12.94,12.94,12.94,12.94,4800,62592.00
2015-03-26,14.24,14.24,14.24,14.24,15250,218685.00
2015-03-27,15.67,15.67,15.67,15.67,60857,959714.88
2015-03-30,17.25,17.25,17.25,17.25,73250,1270887.50
2015-03-31,18.99,18.99,18.99,18.99,64350,1228441.50
2015-04-01,20.90,20.90,20.90,20.90,64200,1348200.00
2015-04-02,23.00,23.00,23.00,23.00,69000,1593900.00
2015-04-03,25.31,25.31,25.31,25.31,145550,3698425.50
2015-04-07,27.85,27.85,27.85,27.85,154916,4329902.00
2015-04-08,30.65,30.65,30.65,30.65,142600,4384950.00
2015-04-09,33.73,33.73,33.73,33.73,201299,6809945.00
2015-04-10,37.11,37.11,37.11,37.11,303190,11281700.00
2015-04-13,40.83,40.83,40.83,40.83,209350,8568696.00
2015-04-14,44.92,44.92,44.92,44.92,250370,11271657.00
2015-04-15,49.42,49.42,49.42,49.42,475306,23537154.00
2015-04-16,54.37,54.37,54.37,54.37,6984955,380470496.00
2015-04-17,59.20,59.82,57.91,59.82,5909141,351222208.00
2015-04-20,65.81,65.81,64.90,65.81,2972416,195701456.00
2015-04-21,72.40,72.40,62.40,65.08,15430800,1025160256.00
2015-04-22,68.90,71.60,66.50,71.60,11597400,813180672.00
2015-04-23,69.90,71.47,67.90,70.50,9185479,640087040.00
2015-04-24,67.90,70.23,63.44,67.37,7665696,518305248.00
2015-04-27,67.20,70.50,67.20,68.55,6445392,445791296.00
2015-04-28,67.26,67.94,63.60,64.64,5150176,336760352.00
2015-04-29,64.80,71.11,64.10,71.11,6368930,445254400.00
2015-04-30,73.88,75.90,70.32,70.32,7680931,561672576.00
2015-05-04,69.90,77.36,69.88,73.40,6642019,494855424.00
2015-05-05,72.10,79.80,70.91,74.44,6399560,483417472.00
2015-05-06,72.98,80.90,72.41,77.97,7449814,573892416.00
2015-05-07,77.70,85.69,76.70,80.69,6458611,530255648.00
2015-05-08,78.00,88.77,77.90,88.77,6431698,538230976.00
2015-05-11,88.07,97.66,88.07,97.66,6002981,564715904.00
2015-05-12,99.09,103.23,93.90,96.88,7662436,756139008.00
2015-05-13,92.90,96.25,91.90,93.30,6049315,567210624.00
2015-05-14,92.90,99.82,91.92,94.90,5179761,501931488.00
2015-05-15,92.90,92.90,86.60,90.92,4498146,407247264.00
2015-05-18,91.40,100.02,91.40,100.02,6073140,591180160.00
2015-05-19,105.86,105.86,96.40,100.55,5630935,572963136.00
2015-05-20,100.70,107.67,97.78,99.67,5404435,557696704.00
2015-05-21,97.19,103.40,95.69,97.79,4729355,467202688.00
2015-05-22,101.00,102.34,95.70,97.75,4527253,447360640.00
2015-05-25,93.90,97.99,91.80,97.44,4126999,393023680.00
2015-05-26,99.75,107.19,98.41,107.19,5467501,570472320.00
2015-05-27,109.90,117.92,103.45,117.92,5995751,670659712.00
2015-05-28,121.40,129.72,106.90,111.90,8214316,1004553280.00
2015-05-29,106.90,118.75,100.70,113.50,8181815,885245632.00
2015-06-01,111.90,117.56,104.90,112.85,5341596,597867904.00
2015-06-02,109.80,123.20,108.70,120.50,5179172,603283840.00
2015-06-03,120.90,123.69,111.50,112.90,4127725,482413184.00
2015-06-04,110.00,110.00,101.61,102.50,4086563,428404768.00
2015-06-05,103.95,105.00,95.00,99.34,3808758,386298368.00
2015-06-08,99.34,99.50,89.50,90.82,4015823,377176352.00
2015-06-09,91.50,94.82,87.50,94.50,3303443,303738048.00
2015-06-10,93.13,102.40,92.02,99.70,3745346,366357248.00
2015-06-11,99.20,99.98,96.71,98.65,2582422,254492432.00
2015-06-12,98.90,100.94,95.66,95.96,2480510,240830048.00
2015-06-15,95.00,95.70,86.36,86.36,3712423,331908992.00
2015-06-16,82.88,88.81,80.65,87.11,2403535,203921216.00
2015-06-17,87.07,88.80,82.80,87.25,1778250,154264960.00
2015-06-18,87.88,90.90,82.01,82.51,1702757,148411056.00
2015-06-19,78.10,82.00,74.26,74.26,2470754,191938000.00
2015-06-23,74.28,80.81,70.56,80.81,2355336,177999296.00
2015-06-24,80.00,83.34,77.45,81.20,2424870,195570160.00
2015-06-25,82.01,82.99,76.02,77.50,1689566,136220624.00
2015-06-26,75.00,75.00,69.75,69.75,1681253,120236840.00
2015-06-29,70.78,73.00,62.78,62.78,2190295,142411808.00
2015-06-30,60.00,65.90,56.50,64.77,2859143,172612320.00
2015-07-01,62.79,67.80,58.29,58.61,3505634,223414880.00
2015-07-02,56.20,58.61,52.75,52.75,3018261,162071040.00
2015-07-03,49.00,52.95,47.48,47.48,2606271,126476040.00
2015-07-06,52.23,52.23,42.73,42.73,4106260,191112592.00
2015-07-07,39.50,39.50,38.46,38.46,1427064,55167224.00
2015-07-13,42.31,42.31,42.31,42.31,1416719,59941380.00
2015-07-14,46.54,46.54,46.54,46.54,41750,1943045.00
2015-07-15,51.19,51.19,46.00,47.40,7470941,368509888.00
2015-07-16,45.88,50.95,42.66,49.10,4501103,213044128.00
2015-07-17,49.15,54.01,49.15,54.01,4317312,224384640.00
2015-07-20,55.42,58.90,53.25,56.20,4695353,265610912.00
2015-07-21,54.00,61.78,54.00,61.00,4262118,251289472.00
2015-07-22,61.71,64.20,59.60,62.60,3996154,246202304.00
2015-07-23,63.00,68.75,62.60,67.63,3663492,240051568.00
2015-07-29,60.87,65.87,60.87,64.76,6827509,424196224.00
2015-07-30,62.05,63.78,58.28,58.28,4750005,289850848.00
2015-07-31,54.00,58.25,52.45,53.12,4289323,234803328.00
2015-08-03,49.59,51.44,47.81,47.99,3076643,149851232.00
2015-08-04,48.50,52.70,48.01,52.38,3422866,172884096.00
2015-08-05,52.03,55.00,50.05,51.39,3187206,168367232.00
2015-08-06,48.80,51.70,48.71,50.22,2223615,111846264.00
2015-08-07,50.50,55.24,50.50,55.24,3687348,197458256.00
2015-08-10,56.11,60.76,56.11,60.76,3039466,179263872.00
2015-08-11,61.00,63.49,58.51,59.20,4259281,259863760.00
2015-08-12,57.13,62.50,57.00,59.34,3428471,205971120.00
2015-08-13,59.30,60.50,57.00,59.54,2682768,157402944.00
2015-08-14,60.80,60.98,59.00,59.13,2165097,129277680.00
2015-08-17,59.00,59.00,56.08,57.61,1824490,104940336.00
2015-08-18,57.21,62.80,54.01,54.80,3991058,236982336.00
2015-08-19,52.90,58.50,50.08,58.00,3204861,172004000.00
2015-08-20,56.65,57.32,53.70,53.70,2049049,114003032.00
2015-08-21,52.00,53.69,48.36,48.54,2081133,106261416.00
2015-08-24,45.13,46.21,43.69,43.69,1643799,72455032.00
2015-08-25,39.33,42.00,39.32,39.32,1988831,79130904.00
2015-08-26,39.73,42.00,37.50,38.20,2873608,114362736.00
2015-08-27,39.98,40.50,36.71,39.50,2320504,90637648.00
2015-08-28,40.41,43.45,39.70,43.45,3148072,129770616.00
2015-08-31,43.51,43.51,40.70,41.00,2116725,88821136.00
2015-09-01,39.01,40.00,36.90,36.90,1827247,68868792.00
2015-09-02,34.00,38.65,33.90,34.00,2021938,71930776.00
2015-09-07,35.15,36.66,34.50,35.35,1566630,55748620.00
2015-09-08,35.00,38.80,34.64,38.60,1920385,70430656.00
2015-09-09,39.71,41.95,39.01,41.90,2938970,119626760.00
2015-09-10,40.79,41.48,39.91,40.05,1815344,74088456.00
2015-09-11,40.08,41.67,40.05,40.55,1611412,65678196.00
2015-09-14,40.50,41.28,36.50,36.50,1685469,64080628.00
2015-09-15,34.00,36.10,32.85,32.87,1787463,60681344.00
2015-09-16,33.50,36.16,33.00,36.16,1864410,64335316.00
2015-09-17,36.30,38.58,35.11,35.80,2641683,97099776.00
2015-09-22,40.00,40.00,40.00,40.00,0,0.00
数据来源:通达信
