002405 四维图新 日线 前复权
      日期	    开盘	    最高	    最低	    收盘	    成交量	    成交额
2010-05-18,14.69,17.71,14.69,16.29,32953039,937773504.00
2010-05-19,16.83,17.90,16.02,17.08,21756457,652349888.00
2010-05-20,16.39,16.66,15.67,16.11,14223668,406531872.00
2010-05-21,16.11,17.76,16.08,17.76,13541060,409284544.00
2010-05-24,18.67,19.57,18.39,19.57,12578002,420888672.00
2010-05-25,19.43,20.98,19.03,20.36,17949569,627325632.00
2010-05-26,19.71,20.19,19.15,19.41,9333999,323803104.00
2010-05-27,19.41,21.28,19.41,20.53,11278658,404632352.00
2010-05-28,20.47,21.51,19.63,20.95,11516666,413053824.00
2010-05-31,20.65,21.75,20.36,20.47,8268146,305839360.00
2010-06-01,20.27,20.45,19.04,19.70,7909207,273993824.00
2010-06-02,19.55,21.12,19.15,20.84,9617959,342047264.00
2010-06-03,20.65,20.98,20.07,20.18,7820707,281653728.00
2010-06-04,19.84,19.97,19.26,19.78,6401419,221063904.00
2010-06-07,19.20,20.66,19.14,20.29,7122441,250059248.00
2010-06-08,20.29,20.97,20.04,20.76,6611704,239012080.00
2010-06-09,20.88,21.69,20.37,20.56,7881373,291551168.00
2010-06-10,20.57,22.49,20.47,22.05,8914034,336158240.00
2010-06-11,21.80,22.63,21.63,22.02,7606158,295811424.00
2010-06-17,22.08,22.88,20.83,20.96,7028057,269069536.00
2010-06-18,20.65,21.23,19.70,20.03,5162514,185313712.00
2010-06-21,19.92,21.25,19.92,21.05,4794092,174724176.00
2010-06-22,20.97,21.34,20.68,20.76,3264081,120086016.00
2010-06-23,20.41,21.83,20.34,21.57,5066106,188580000.00
2010-06-24,21.34,22.04,21.05,21.28,3434031,129744608.00
2010-06-25,21.03,21.61,20.48,20.73,3216707,118195400.00
2010-06-28,20.53,21.01,19.32,19.72,5458272,192158592.00
2010-06-29,19.56,19.85,18.27,18.74,5402374,179000848.00
2010-06-30,18.61,19.03,18.45,18.84,2919022,96676792.00
2010-07-01,18.84,18.99,17.87,18.15,3312030,106749024.00
2010-07-02,17.93,18.66,17.29,18.52,3660901,115800752.00
2010-07-05,18.20,19.06,18.03,18.82,3146609,103676488.00
2010-07-06,18.68,19.37,18.60,18.97,2950244,98740048.00
2010-07-07,18.91,19.00,18.52,18.85,2414970,79717088.00
2010-07-08,19.00,19.08,18.35,18.48,2298382,75311888.00
2010-07-09,18.45,19.30,18.23,19.02,3652602,121112000.00
2010-07-12,18.90,19.12,18.74,19.03,2566995,85540272.00
2010-07-13,18.77,18.89,18.16,18.74,1844228,60296712.00
2010-07-14,18.79,19.37,18.53,18.74,3151994,105009216.00
2010-07-15,18.81,19.19,18.56,18.67,2549329,84665608.00
2010-07-16,18.39,18.90,18.10,18.39,2091385,67810216.00
2010-07-19,18.20,18.75,18.18,18.62,1564162,50913524.00
2010-07-20,18.62,19.63,18.56,19.41,5184217,173697200.00
2010-07-21,19.12,19.54,19.08,19.15,3155809,107013616.00
2010-07-22,19.15,19.59,19.03,19.56,2811375,95861168.00
2010-07-23,19.60,19.66,19.18,19.37,2395270,81703000.00
2010-07-26,19.32,19.48,19.14,19.43,1724943,58656764.00
2010-07-27,19.40,19.40,19.13,19.20,1906911,64484620.00
2010-07-28,19.08,19.46,18.86,19.41,2791201,94606184.00
2010-07-29,19.41,20.47,19.33,20.22,5157302,182286304.00
2010-07-30,20.07,20.25,19.69,19.94,2446782,85717608.00
2010-08-02,19.96,20.70,19.89,20.62,3611548,129744496.00
2010-08-03,20.64,20.70,20.07,20.07,2374165,84935328.00
2010-08-04,20.07,20.15,19.58,20.11,2039062,71212856.00
2010-08-05,20.29,20.62,19.88,19.95,2290026,81490984.00
2010-08-06,19.89,20.21,19.49,20.17,2275125,79571608.00
2010-08-09,20.18,20.64,20.10,20.55,2774485,99421288.00
2010-08-10,20.48,20.53,19.61,19.61,2408183,84856248.00
2010-08-11,19.54,19.83,19.31,19.62,1642560,56380344.00
2010-08-12,19.40,19.72,19.16,19.16,1692502,57702088.00
2010-08-13,19.17,19.49,19.14,19.40,1014988,34554288.00
2010-08-17,19.72,20.59,19.72,20.47,6155807,220054304.00
2010-08-18,20.22,21.65,20.09,21.15,10309387,377567712.00
2010-08-19,21.05,21.20,20.62,20.79,4181485,153628720.00
2010-08-20,20.82,21.43,20.53,20.80,3925185,144649280.00
2010-08-23,20.77,21.98,20.30,21.68,5054864,189513200.00
2010-08-24,21.57,22.38,21.21,21.95,4343042,167543536.00
2010-08-25,21.83,21.91,21.39,21.57,2918687,110622688.00
2010-08-26,21.69,22.61,21.57,22.04,3502272,136070704.00
2010-08-27,21.92,22.45,21.58,21.97,3214013,124103600.00
2010-08-30,22.02,22.54,21.63,22.47,3592338,140582608.00
2010-08-31,22.34,24.70,22.08,24.05,6527568,264444144.00
2010-09-01,23.83,24.26,22.74,23.34,5201642,214636240.00
2010-09-02,23.48,24.63,23.18,24.25,3889111,164060512.00
2010-09-03,25.17,25.71,23.72,24.19,4875533,211532944.00
2010-09-06,24.03,24.52,23.06,23.41,3611870,148944688.00
2010-09-07,23.25,23.86,23.14,23.63,2000157,82652648.00
2010-09-08,23.54,24.14,23.49,23.92,2000082,83530224.00
2010-09-09,23.81,24.70,23.66,23.89,3032636,128410104.00
2010-09-10,23.87,24.15,22.79,23.55,2885939,118608472.00
2010-09-13,23.35,23.79,23.15,23.59,1918912,79075384.00
2010-09-14,23.59,24.32,23.51,23.82,1849769,77634992.00
2010-09-15,23.82,25.26,23.67,24.70,4529223,194527424.00
2010-09-16,24.52,24.86,23.35,23.35,3396882,142286256.00
2010-09-17,23.48,23.66,22.26,22.46,2923746,116394008.00
2010-09-20,22.54,22.59,21.43,21.50,2367172,90839368.00
2010-09-21,21.74,22.05,21.57,21.62,1073620,40944708.00
2010-09-27,21.91,22.38,21.03,22.23,1985593,76230640.00
2010-09-28,22.06,22.78,21.92,22.31,1632927,64290616.00
2010-09-29,22.33,22.48,21.46,21.47,1494797,57241492.00
2010-09-30,21.51,21.82,21.16,21.59,1691495,63919824.00
2010-10-08,21.71,22.09,21.52,21.91,2170654,83453680.00
2010-10-11,21.94,22.09,21.23,21.30,3268413,123208072.00
2010-10-12,21.73,22.78,21.64,22.00,3942100,153800624.00
2010-10-13,22.04,22.53,21.81,22.43,2904738,113421920.00
2010-10-14,22.79,23.36,22.20,22.67,5261214,210766928.00
2010-10-15,22.53,22.96,21.92,22.04,3077678,120509872.00
2010-10-18,22.09,22.21,19.84,20.01,5357237,191543264.00
2010-10-19,20.06,21.23,20.06,21.05,2646541,96750856.00
2010-10-20,20.65,21.68,20.59,21.24,2438901,91269920.00
2010-10-21,21.60,21.85,21.33,21.64,2068384,78426712.00
2010-10-22,21.80,22.72,21.80,22.33,2983494,117389544.00
2010-10-25,22.60,23.24,22.60,23.05,2806018,113277632.00
2010-10-26,23.22,23.22,22.38,22.64,2588780,102594968.00
2010-10-27,22.78,23.16,22.15,22.33,2039166,81139776.00
2010-10-28,22.47,23.59,22.21,23.58,3133469,125841712.00
2010-10-29,23.61,24.58,23.54,23.89,4021510,170280112.00
2010-11-01,24.78,26.31,24.70,26.31,1581878,72091824.00
2010-11-02,27.81,28.69,26.37,26.37,9746559,471736032.00
2010-11-03,26.32,28.05,26.20,26.72,4703693,222563920.00
2010-11-04,26.32,27.98,25.80,27.53,3261941,154321504.00
2010-11-05,27.62,27.88,27.16,27.43,2158770,103576200.00
2010-11-08,27.45,30.00,27.45,29.64,4857615,245518400.00
2010-11-09,29.15,29.44,28.46,28.82,2565560,129062864.00
2010-11-10,28.52,29.52,27.94,28.47,2529060,126257624.00
2010-11-11,28.14,29.74,28.00,28.09,2859931,144207968.00
2010-11-12,27.53,28.00,25.68,25.80,4010917,187355568.00
2010-11-15,25.94,28.27,25.92,27.90,3093578,146941392.00
2010-11-16,27.90,29.08,26.26,26.84,2919470,141435952.00
2010-11-17,26.84,27.59,25.45,25.80,3195296,149260240.00
2010-11-18,26.26,26.64,25.68,26.51,1577497,72720960.00
2010-11-19,26.67,28.60,26.67,28.37,4358125,214086864.00
2010-11-22,28.62,31.15,28.60,29.96,4861937,256642048.00
2010-11-23,29.69,30.36,29.23,30.28,3054980,159671152.00
2010-11-24,29.99,31.09,29.73,30.80,2623415,139951536.00
2010-11-25,30.60,31.12,29.33,29.60,2848981,149463760.00
2010-11-26,29.34,30.24,29.08,29.69,1442577,75262816.00
2010-11-29,30.04,30.31,29.32,29.73,1500501,77960152.00
2010-11-30,29.73,29.96,27.42,28.46,2476614,123042888.00
2010-12-01,28.29,28.31,27.68,27.84,1208783,59052600.00
2010-12-02,28.46,29.43,28.46,28.84,1795545,90936208.00
2010-12-03,28.79,29.00,27.70,27.96,1288339,63228332.00
2010-12-06,27.93,28.05,26.55,26.75,1945163,92160312.00
2010-12-07,26.56,27.87,26.44,27.74,1313035,62804108.00
2010-12-08,27.71,28.58,27.70,28.11,1651773,81605568.00
2010-12-09,28.11,28.29,27.12,27.20,1052999,50633632.00
2010-12-10,27.55,29.96,27.55,29.95,3710125,189243296.00
2010-12-13,30.25,30.89,29.73,30.54,3033671,161395376.00
2010-12-14,30.77,32.56,30.36,30.83,3031425,165849216.00
2010-12-15,30.84,31.46,30.34,30.95,1903106,102919336.00
2010-12-16,30.48,32.61,30.44,31.46,2526835,140977184.00
2010-12-17,31.46,33.14,30.72,32.54,2942069,164778624.00
2010-12-20,32.34,33.37,30.91,32.77,3022633,170689312.00
2010-12-21,32.77,32.80,31.58,31.73,2579296,144937712.00
2010-12-22,31.73,32.34,31.13,31.65,1572808,87271536.00
2010-12-23,31.40,31.75,30.44,30.51,1422844,76960920.00
2010-12-24,30.31,30.51,28.97,29.95,1785360,92610144.00
2010-12-27,29.95,31.06,29.27,29.96,1759002,93616568.00
2010-12-28,29.96,29.96,28.39,28.58,1412389,71574432.00
2010-12-29,28.58,29.85,28.18,29.44,1644173,84158424.00
2010-12-30,29.44,30.59,29.27,30.02,1372069,71807808.00
2010-12-31,30.00,31.46,30.00,31.16,1657470,89351984.00
2011-01-04,31.73,31.82,30.61,31.24,1425914,77993328.00
2011-01-05,31.18,31.38,30.66,30.75,1261856,68064304.00
2011-01-06,30.77,31.01,30.18,30.40,1002350,53499652.00
2011-01-07,30.43,30.63,29.27,29.49,1759573,91940808.00
2011-01-10,29.39,29.41,28.44,28.58,1642406,82677792.00
2011-01-11,28.55,28.56,27.41,27.76,1568969,76257008.00
2011-01-12,28.03,28.64,27.65,28.63,1459965,71851120.00
2011-01-13,29.43,29.73,28.29,28.30,1684651,85324968.00
2011-01-14,28.08,28.08,26.98,27.23,1328795,63628024.00
2011-01-18,25.77,26.80,25.65,26.50,1108885,50881932.00
2011-01-19,26.90,27.35,26.61,27.29,861742,40675104.00
2011-01-20,27.29,27.48,25.67,25.69,1368181,63100380.00
2011-01-21,25.41,26.17,25.39,25.58,1124543,50826704.00
2011-01-24,25.86,26.14,23.95,24.19,1381326,60004600.00
2011-01-25,24.19,24.41,23.15,23.37,1658957,68502184.00
2011-01-26,23.60,24.40,23.48,24.06,930975,39339032.00
2011-01-27,23.95,24.81,23.48,24.52,787476,33601644.00
2011-01-28,24.52,25.27,24.47,24.76,980496,42781264.00
2011-01-31,24.87,25.10,24.44,24.95,674238,29353298.00
2011-02-01,25.10,25.48,24.85,25.09,697657,30789810.00
2011-02-09,24.77,25.31,24.63,24.87,701107,30628998.00
2011-02-10,24.87,25.86,24.87,25.74,1186551,53058132.00
2011-02-11,25.80,26.04,25.57,25.81,899804,40774344.00
2011-02-14,26.03,26.47,25.83,26.31,901065,41436056.00
2011-02-15,26.31,26.83,25.68,25.74,1463187,67372400.00
2011-02-16,25.68,26.32,25.54,26.21,1342268,61038844.00
2011-02-17,26.27,26.98,26.27,26.98,1647504,76944880.00
2011-02-18,27.01,27.34,26.44,26.68,1175956,55378844.00
2011-02-21,26.35,27.74,26.26,27.59,1779916,84877456.00
2011-02-22,27.82,28.04,27.19,27.22,1996704,96414256.00
2011-02-23,27.12,27.74,26.84,27.74,1646783,79173760.00
2011-02-24,27.76,28.85,27.41,27.94,2029871,99996856.00
2011-02-25,28.53,28.74,27.71,28.22,1317244,64751772.00
2011-02-28,28.00,28.00,27.23,27.39,1783615,85627584.00
2011-03-01,27.65,27.76,26.65,27.01,1494799,71098816.00
2011-03-02,26.71,26.71,26.24,26.54,1738240,80460888.00
2011-03-03,26.53,26.95,26.28,26.30,1176481,54842024.00
2011-03-04,26.30,26.81,26.10,26.81,927061,42878848.00
2011-03-07,26.81,27.11,26.67,26.79,1270788,59814372.00
2011-03-08,26.88,26.98,26.57,26.67,941119,44019904.00
2011-03-09,26.84,27.07,26.69,27.06,1317558,62032624.00
2011-03-10,27.07,27.09,26.34,26.43,1756187,81469352.00
2011-03-11,26.37,26.37,25.54,25.57,2294883,103665240.00
2011-03-14,25.36,26.35,25.22,26.08,1195643,54300048.00
2011-03-15,26.08,26.26,24.70,25.49,1512809,67089068.00
2011-03-16,25.52,25.66,25.29,25.60,923924,41214412.00
2011-03-17,25.39,25.55,24.86,25.03,835969,36949444.00
2011-03-18,25.07,25.40,24.81,24.93,1312215,57485780.00
2011-03-21,24.79,25.37,24.79,24.93,931847,40963380.00
2011-03-22,25.22,25.36,24.85,24.93,946871,41568608.00
2011-03-23,24.87,24.99,24.41,24.90,1273057,55111592.00
2011-03-24,24.93,25.33,24.65,25.30,1419503,62651536.00
2011-03-25,25.28,25.35,24.70,24.98,1223034,53586052.00
2011-03-28,24.99,25.03,23.95,24.05,2100184,89492768.00
2011-03-30,22.85,23.48,22.79,22.96,1851929,74883408.00
2011-03-31,22.97,23.47,22.97,23.01,719251,29275596.00
2011-04-01,23.02,23.42,22.85,23.12,659412,26642216.00
2011-04-06,23.05,23.05,21.86,22.04,1721954,67192112.00
2011-04-07,22.05,22.50,21.86,22.27,1746300,67942184.00
2011-04-08,22.27,22.79,22.01,22.79,1087703,42950244.00
2011-04-11,23.07,23.88,22.87,22.96,1417238,57868876.00
2011-04-12,22.96,23.36,22.79,22.96,708423,28676472.00
2011-04-13,22.97,23.19,22.75,23.12,1044577,41921496.00
2011-04-14,23.20,23.36,22.89,22.97,846873,34385140.00
2011-04-15,22.98,23.11,22.68,23.09,1020849,41053260.00
2011-04-18,22.99,23.96,22.42,23.73,1815486,61454024.00
2011-04-19,23.34,23.57,23.03,23.48,995287,33783916.00
2011-04-20,23.62,23.93,23.48,23.80,896728,30923550.00
2011-04-21,23.89,23.95,23.49,23.71,698443,24126550.00
2011-04-22,23.71,23.71,23.14,23.20,651921,22180916.00
2011-04-25,23.22,23.34,22.27,22.28,1046457,34407900.00
2011-04-26,22.32,22.54,21.95,22.07,602864,19503782.00
2011-04-27,22.19,22.39,21.24,21.39,999679,31465262.00
2011-04-28,21.36,21.60,20.55,20.58,1006352,30595678.00
2011-04-29,20.59,21.05,20.55,20.93,637316,19309252.00
2011-05-03,20.91,21.12,20.56,20.98,832466,25401294.00
2011-05-04,20.94,21.09,20.51,20.55,929348,28202746.00
2011-05-05,20.55,20.88,20.37,20.68,444227,13390931.00
2011-05-06,20.53,22.30,20.40,22.21,2306494,72573944.00
2011-05-09,22.22,22.43,21.98,22.14,1096538,35426432.00
2011-05-10,22.23,23.10,22.17,22.43,1706860,56360500.00
2011-05-11,22.36,22.71,22.20,22.39,840367,27510384.00
2011-05-12,22.23,22.57,21.60,21.63,903781,29018130.00
2011-05-13,21.53,21.83,21.40,21.75,613302,19321038.00
2011-05-16,21.74,22.57,21.67,22.33,1712775,55579672.00
2011-05-17,22.26,22.26,20.63,21.00,2312223,71166424.00
2011-05-18,20.73,21.25,20.66,21.00,764303,23349588.00
2011-05-19,21.08,21.79,21.08,21.14,575396,17961660.00
2011-05-20,20.84,21.12,20.84,21.03,566005,17289742.00
2011-05-23,21.03,21.15,20.49,20.69,953575,28874960.00
2011-05-24,20.68,20.81,19.60,20.53,953889,28090816.00
2011-05-25,20.48,20.48,19.94,20.04,649023,19058182.00
2011-05-26,20.05,20.20,19.80,19.85,551685,16097714.00
2011-05-27,19.86,20.42,19.59,20.11,919133,26898288.00
2011-05-30,19.87,20.11,19.43,19.66,893512,25789838.00
2011-05-31,19.38,19.85,19.38,19.85,732906,21014578.00
2011-06-01,19.89,20.20,19.61,20.16,953270,27942194.00
2011-06-02,19.87,20.42,19.73,20.28,1049187,30648918.00
2011-06-03,20.27,20.69,20.25,20.57,721237,21596630.00
2011-06-07,20.35,20.71,20.35,20.57,563224,16904412.00
2011-06-08,20.63,20.82,20.18,20.74,657474,19741210.00
2011-06-09,20.56,20.59,20.24,20.28,448872,13356902.00
2011-06-10,20.04,22.09,19.87,20.76,1263328,38205408.00
2011-06-13,20.50,20.94,19.93,20.85,1180229,35609128.00
2011-06-14,20.85,21.35,20.70,21.13,808563,24926834.00
2011-06-15,21.12,21.28,20.98,21.16,811679,25101546.00
2011-06-16,20.82,21.06,20.43,20.54,702819,21368768.00
2011-06-17,20.46,20.84,20.46,20.56,743301,22419090.00
2011-06-20,20.56,20.56,20.23,20.28,507815,15098362.00
2011-06-21,20.41,20.46,20.05,20.37,605784,17885468.00
2011-06-22,20.42,20.48,19.87,19.96,1005360,29492772.00
2011-06-23,19.93,20.66,19.70,20.62,1191949,35050460.00
2011-06-24,20.43,21.39,20.37,21.11,2287121,70088072.00
2011-06-27,21.14,21.71,21.12,21.57,2514564,78211072.00
2011-06-28,21.52,21.60,21.17,21.55,1885898,58695820.00
2011-06-29,21.55,21.95,20.98,21.14,2263815,70640376.00
2011-06-30,21.17,21.55,21.00,21.36,1848882,57576108.00
2011-07-01,21.68,22.16,21.62,21.65,2998100,95300616.00
2011-07-05,22.05,22.36,21.62,21.89,4520892,144690592.00
2011-07-06,21.87,21.88,21.45,21.71,2229758,70328792.00
2011-07-07,21.74,22.50,21.47,22.33,5249195,168864528.00
2011-07-08,22.23,22.85,22.07,22.53,3677142,120422752.00
2011-07-11,22.46,22.46,21.96,22.28,2323656,75175216.00
2011-07-12,21.91,22.05,21.66,21.84,1622701,51735376.00
2011-07-13,21.78,22.43,21.78,22.23,1397420,45072332.00
2011-07-14,22.25,22.71,22.09,22.64,2326229,76185792.00
2011-07-15,22.64,23.00,22.47,23.00,1967849,65164536.00
2011-07-18,22.93,23.23,22.45,22.48,2948034,98157192.00
2011-07-19,22.33,22.40,21.89,21.98,1865159,59949284.00
2011-07-20,22.03,22.25,21.60,22.02,1319760,42239600.00
2011-07-21,22.01,22.21,21.63,21.64,1274755,40686852.00
2011-07-22,21.67,22.48,21.67,22.48,2558244,83044112.00
2011-07-25,22.21,22.37,21.04,21.13,3253436,102243368.00
2011-07-26,21.13,21.28,20.56,20.77,1652630,50065852.00
2011-07-27,20.57,21.37,20.55,21.14,1771493,54376048.00
2011-07-28,20.82,21.03,20.64,20.91,791616,24085138.00
2011-07-29,20.91,21.05,20.18,20.28,1731473,51614572.00
2011-08-01,20.25,20.56,20.25,20.43,1131803,33710416.00
2011-08-02,20.41,20.41,20.00,20.35,838582,24638350.00
2011-08-03,20.29,21.05,19.96,20.89,1363800,41200680.00
2011-08-04,21.02,21.21,20.70,21.06,1219206,37230588.00
2011-08-05,20.42,20.84,20.21,20.56,1362145,40883268.00
2011-08-08,20.52,20.56,18.68,19.01,2250304,64188760.00
2011-08-09,18.48,19.00,17.78,18.82,2119490,57286444.00
2011-08-10,19.16,19.38,18.72,18.82,3258028,90361792.00
2011-08-11,18.34,18.86,18.14,18.85,2329311,63302728.00
2011-08-12,19.20,19.75,19.07,19.59,3673361,104079112.00
2011-08-15,19.65,19.78,19.39,19.68,1572686,45054516.00
2011-08-16,19.71,19.83,19.19,19.26,1589438,45071836.00
2011-08-17,19.19,19.35,19.01,19.14,791392,22150432.00
2011-08-18,19.14,19.21,18.71,18.71,1130986,31172254.00
2011-08-19,18.16,18.64,18.07,18.49,1158901,31099728.00
2011-08-22,18.55,18.64,18.18,18.27,1164490,31254294.00
2011-08-23,18.27,18.59,18.24,18.59,1041976,28055322.00
2011-08-24,18.79,20.40,18.75,19.90,6134907,176624480.00
2011-08-25,19.71,20.25,19.53,20.19,3113864,90280640.00
2011-08-26,20.87,20.91,19.77,20.44,5585157,165724896.00
2011-08-29,20.04,20.25,19.93,20.10,2271643,66632012.00
2011-08-30,20.26,20.34,19.63,19.64,1744915,51142736.00
2011-08-31,19.67,19.87,19.21,19.87,1766785,50267084.00
2011-09-01,19.80,20.37,19.45,19.59,1138335,32813670.00
2011-09-02,19.45,19.59,18.97,19.48,1016798,28569468.00
2011-09-05,19.31,19.31,18.82,18.86,754454,21008274.00
2011-09-06,18.62,19.30,18.43,18.55,1211778,33046200.00
2011-09-07,18.72,19.09,18.53,19.00,969596,26684670.00
2011-09-08,19.09,19.28,18.73,18.74,983176,27309920.00
2011-09-09,18.86,19.14,18.32,18.34,852991,23198688.00
2011-09-13,18.08,18.08,17.44,17.59,2427889,63006928.00
2011-09-14,17.57,17.77,17.42,17.77,1001925,25810960.00
2011-09-15,17.78,18.20,17.78,18.20,1250234,32935272.00
2011-09-16,18.51,18.51,18.07,18.08,765508,20413252.00
2011-09-19,18.00,18.00,17.58,17.92,544445,14090689.00
2011-09-20,17.57,18.16,17.40,17.89,673265,17477016.00
2011-09-21,17.79,18.52,17.64,18.41,1069476,28431668.00
2011-09-22,18.31,18.31,17.70,17.93,877398,23077380.00
2011-09-23,17.43,17.73,17.28,17.40,1092419,27918836.00
2011-09-26,17.30,17.53,16.93,16.95,883804,22257334.00
2011-09-27,17.09,17.25,16.46,16.82,1109006,27247326.00
2011-09-28,16.95,16.98,16.25,16.33,934774,22663032.00
2011-09-29,16.32,16.39,15.64,16.14,1308295,30892974.00
2011-09-30,15.96,16.28,15.72,15.93,655530,15299556.00
2011-10-10,15.98,16.25,15.95,16.12,913930,21592780.00
2011-10-12,16.10,16.66,15.82,16.63,1862620,44795776.00
2011-10-13,16.64,16.99,16.48,16.84,2222411,54524600.00
2011-10-14,16.74,16.84,16.25,16.50,1231040,29685646.00
2011-10-17,16.40,17.06,16.40,16.95,2057792,50931748.00
2011-10-18,16.98,16.98,16.46,16.54,1162343,28466292.00
2011-10-19,16.64,16.91,16.47,16.87,1021932,25011896.00
2011-10-20,16.83,16.87,15.70,16.05,1155179,27167988.00
2011-10-21,15.91,16.10,15.56,15.56,723047,16731723.00
2011-10-24,15.46,15.96,15.27,15.60,932176,21321210.00
2011-10-25,15.91,17.19,15.85,16.87,5107914,123122960.00
2011-10-26,16.61,17.71,16.47,17.47,6115661,154510560.00
2011-10-27,17.43,17.60,17.11,17.47,2450787,62294976.00
2011-10-28,17.58,17.72,16.84,16.95,11176359,278987104.00
2011-10-31,16.94,18.03,16.75,17.47,7606604,192352256.00
2011-11-01,17.28,17.32,16.91,17.00,12003263,300804992.00
2011-11-02,16.61,18.18,16.50,18.18,12297070,312555776.00
2011-11-03,18.41,19.16,18.26,18.30,12932108,352808384.00
2011-11-04,18.40,18.62,18.11,18.28,5427107,145156480.00
2011-11-07,18.28,18.51,17.85,18.48,4815395,128677056.00
2011-11-08,18.44,18.45,17.96,18.02,3509210,93368312.00
2011-11-09,18.09,18.39,17.81,18.39,5990469,158436208.00
2011-11-10,18.12,18.71,17.92,18.17,11616723,311651264.00
2011-11-11,18.12,18.12,17.51,17.53,8917094,231128208.00
2011-11-14,18.04,18.36,17.84,18.28,7955154,210546480.00
2011-11-15,18.25,18.96,18.23,18.78,7952540,216880864.00
2011-11-16,18.87,19.35,18.55,18.64,11589612,321395584.00
2011-11-17,18.72,19.07,18.34,18.87,5479726,150384768.00
2011-11-18,18.72,18.86,17.92,17.94,4885690,130567344.00
2011-11-21,17.96,18.23,17.38,17.77,3581562,93014096.00
2011-11-22,17.49,17.84,17.40,17.78,2288070,59016748.00
2011-11-23,17.75,18.12,17.75,17.85,1875125,49246776.00
2011-11-24,17.59,17.75,17.24,17.40,2217416,56613788.00
2011-11-25,17.59,17.99,17.37,17.42,2789917,72207432.00
2011-11-28,17.16,17.17,16.33,16.39,7453712,181033216.00
2011-11-29,16.57,16.60,16.18,16.37,6051095,145238832.00
2011-11-30,16.36,16.37,15.63,16.25,5238315,122365472.00
2011-12-01,16.39,16.66,15.86,15.86,8791859,210762592.00
2011-12-02,16.21,16.21,14.73,15.00,6409751,142989120.00
2011-12-05,15.04,15.06,13.96,14.10,4725377,98674224.00
2011-12-06,13.96,14.34,13.83,14.28,2830228,58713388.00
2011-12-07,14.21,14.39,14.02,14.12,1780247,37053908.00
2011-12-08,14.17,14.43,13.68,14.14,3601211,74516080.00
2011-12-09,13.89,14.13,13.86,14.07,1890747,38822444.00
2011-12-12,14.06,14.14,13.69,13.87,2008477,41067368.00
2011-12-13,13.83,13.83,12.92,12.92,4272701,83142800.00
2011-12-14,12.94,13.10,12.82,12.93,3741210,71198752.00
2011-12-15,12.76,13.10,12.65,12.82,3594569,68217344.00
2011-12-16,12.92,13.32,12.84,13.30,3921315,75268768.00
2011-12-19,13.23,13.96,13.00,13.85,4701314,93817280.00
2011-12-20,13.82,14.21,13.57,13.61,3361282,68591544.00
2011-12-21,13.75,13.75,12.71,12.82,4423260,86008136.00
2011-12-22,12.62,12.95,12.04,12.85,4959595,90516720.00
2011-12-23,12.65,13.16,12.65,13.07,3106708,59212028.00
2011-12-26,13.16,13.32,12.84,12.87,2052046,39504388.00
2011-12-27,12.82,13.27,12.66,12.85,2696982,51504388.00
2011-12-28,12.55,13.26,12.55,13.03,3091089,58965264.00
2011-12-29,12.80,13.35,12.79,13.23,3163413,61239352.00
2011-12-30,13.23,13.95,13.23,13.67,4288482,86211960.00
2012-01-04,13.73,13.89,13.32,13.41,2564557,51396564.00
2012-01-05,13.33,13.53,12.23,12.41,2870339,54377456.00
2012-01-06,12.28,12.70,12.09,12.63,1654159,30115340.00
2012-01-09,12.65,13.12,12.42,13.10,2166107,40892412.00
2012-01-10,13.09,13.69,13.09,13.65,3056963,60478564.00
2012-01-11,13.62,14.23,13.51,13.75,3669907,74971536.00
2012-01-12,13.50,14.03,13.49,13.93,4177692,85174224.00
2012-01-13,13.86,13.96,13.20,13.21,2696116,53348972.00
2012-01-16,13.16,13.16,12.23,12.28,2271592,42105060.00
2012-01-17,12.26,13.02,12.07,12.99,3372119,62412220.00
2012-01-18,13.09,13.14,12.46,12.50,2747181,51622752.00
2012-01-19,12.37,12.69,12.23,12.50,2604652,47778504.00
2012-01-20,12.62,12.80,12.42,12.78,2251263,41889092.00
2012-01-30,13.09,13.39,12.92,13.06,3474526,67314728.00
2012-01-31,12.92,13.09,12.64,12.83,2668806,50264260.00
2012-02-01,12.82,13.10,12.71,12.78,2744267,52012320.00
2012-02-02,12.85,12.98,12.69,12.96,1991015,37578900.00
2012-02-03,12.96,13.50,12.93,13.39,4459209,86859016.00
2012-02-06,13.39,13.73,13.32,13.49,4166559,82558336.00
2012-02-07,13.34,13.46,12.96,13.07,3514148,67985864.00
2012-02-08,13.06,13.68,13.06,13.68,4394509,86680168.00
2012-02-09,13.62,13.86,13.53,13.71,4534876,91507888.00
2012-02-10,13.72,14.15,13.49,14.05,6545214,133425304.00
2012-02-13,13.84,14.54,13.81,14.29,8284627,173154480.00
2012-02-14,14.27,14.52,14.12,14.33,4872669,102061512.00
2012-02-15,14.30,14.62,14.21,14.39,5486444,115759920.00
2012-02-16,14.37,14.60,13.96,14.14,5100486,106815296.00
2012-02-17,14.30,14.48,13.95,14.30,4038311,84214488.00
2012-02-20,14.52,14.82,14.38,14.48,6531165,140073872.00
2012-02-21,14.37,15.63,14.16,15.57,11137346,242742176.00
2012-02-22,15.46,16.28,15.32,15.82,13881173,320509568.00
2012-02-23,15.75,16.16,15.46,15.70,7461726,171795552.00
2012-02-24,15.62,16.74,15.47,16.67,10786088,255053360.00
2012-02-27,16.67,16.98,16.48,16.53,9533573,233353968.00
2012-02-28,16.43,16.43,16.07,16.25,5843139,138998096.00
2012-02-29,16.25,16.32,15.42,15.48,7523464,174942656.00
2012-03-01,15.37,15.93,15.34,15.55,6316520,145554752.00
2012-03-02,15.66,15.89,15.62,15.78,4108927,94643640.00
2012-03-05,15.87,16.16,15.85,15.90,4576625,107254264.00
2012-03-06,15.91,16.03,15.32,15.42,5930114,135028560.00
2012-03-07,15.35,15.87,15.20,15.53,3818416,87083704.00
2012-03-08,15.54,15.60,15.11,15.26,12174014,271800192.00
2012-03-09,15.25,15.59,15.00,15.58,12043382,268675168.00
2012-03-12,15.53,15.85,15.47,15.80,8396253,192553104.00
2012-03-13,15.80,15.80,15.59,15.69,6133902,140825632.00
2012-03-14,15.79,16.46,15.16,15.43,14964738,348345600.00
2012-03-15,15.21,15.51,15.01,15.11,6271565,140050304.00
2012-03-16,15.14,15.37,15.03,15.31,7331900,163702976.00
2012-03-19,15.31,15.62,15.24,15.46,5554157,125573368.00
2012-03-20,15.39,15.39,14.38,14.39,10516593,228112592.00
2012-03-21,14.49,14.56,13.80,13.89,8146752,168510384.00
2012-03-22,13.97,14.00,13.41,13.57,8231159,165082080.00
2012-03-23,13.55,13.71,13.33,13.39,5345148,106019712.00
2012-03-26,13.44,13.53,12.94,13.06,6372788,123538696.00
2012-03-27,13.16,13.34,12.79,12.98,5846588,112487552.00
2012-03-28,12.91,13.12,12.83,12.91,6269593,119383008.00
2012-03-30,12.57,12.84,12.47,12.64,5791066,107410928.00
2012-04-05,12.64,13.02,12.56,12.96,4941921,93156360.00
2012-04-06,12.96,13.02,12.77,12.84,3985914,75479968.00
2012-04-09,12.81,12.81,12.48,12.48,3838569,71204104.00
2012-04-10,12.30,12.46,12.03,12.45,5260559,94823160.00
2012-04-11,12.30,12.45,12.12,12.21,5922342,106823800.00
2012-04-12,12.32,13.02,12.18,12.89,11562969,212594560.00
2012-04-13,12.82,13.11,12.70,12.94,8540896,161721648.00
2012-04-16,12.88,13.00,12.73,12.90,5386094,101888352.00
2012-04-17,12.93,13.23,12.75,12.86,7573107,144411312.00
2012-04-18,12.96,12.96,12.35,12.74,13622956,208848912.00
2012-04-19,12.68,12.74,12.49,12.59,6787680,103696624.00
2012-04-20,12.50,13.14,12.39,13.14,12168268,189467136.00
2012-04-23,13.01,13.11,12.59,12.66,7380294,115193176.00
2012-04-24,12.44,12.66,11.66,12.22,11562571,170169200.00
2012-04-25,12.09,12.10,11.74,12.03,6863625,99495328.00
2012-04-26,12.04,12.74,11.84,12.37,9020156,135305680.00
2012-04-27,12.38,12.44,12.06,12.08,4596951,68111160.00
2012-05-02,12.43,12.50,12.11,12.16,4777918,71044096.00
2012-05-03,12.11,12.48,12.03,12.34,4783766,71334200.00
2012-05-04,12.36,12.71,12.29,12.63,8892658,135571728.00
2012-05-07,12.55,12.87,12.51,12.84,8542579,132103776.00
2012-05-08,12.92,12.93,12.59,12.70,9899315,152996000.00
2012-05-09,12.61,12.61,12.05,12.07,11117276,166355968.00
2012-05-10,12.08,12.23,12.03,12.09,6759889,99596032.00
2012-05-11,12.10,12.17,11.84,11.85,6052134,88319128.00
2012-05-14,11.97,12.00,11.77,11.81,4482588,64795592.00
2012-05-15,11.73,11.86,11.61,11.83,4088205,58111028.00
2012-05-16,11.83,12.10,11.77,11.95,5939029,86497472.00
2012-05-17,11.92,12.18,11.85,12.04,5623641,82271168.00
2012-05-18,11.94,12.04,11.68,11.84,5441199,78076136.00
2012-05-21,11.79,11.85,11.64,11.74,2804615,40045508.00
2012-05-22,11.79,11.91,11.77,11.86,3391124,48835112.00
2012-05-23,11.86,11.88,11.64,11.72,3194182,45613588.00
2012-05-24,11.68,11.83,11.66,11.79,3531224,50359296.00
2012-05-25,11.76,11.80,11.44,11.50,3856491,54641952.00
2012-05-28,11.38,11.64,10.94,11.57,7450975,102405152.00
2012-05-29,11.59,11.80,11.56,11.74,5026646,71615816.00
2012-05-30,11.73,11.94,11.64,11.82,4570203,65713232.00
2012-05-31,11.78,12.23,11.74,12.08,9824899,144392688.00
2012-06-01,12.06,12.17,11.82,11.93,5340424,77630192.00
2012-06-04,11.63,11.73,11.33,11.34,5205082,73148008.00
2012-06-05,11.28,11.46,11.23,11.29,3336565,46001200.00
2012-06-06,11.64,12.42,11.64,11.73,12688131,184269200.00
2012-06-07,11.85,11.93,11.34,11.45,10982122,155135296.00
2012-06-08,11.55,11.55,11.14,11.20,7185616,98589704.00
2012-06-11,11.25,11.60,11.25,11.49,7028206,98065112.00
2012-06-12,11.41,11.46,11.24,11.24,5714130,78608000.00
2012-06-13,11.18,11.58,11.03,11.58,10201847,140796224.00
2012-06-14,11.58,11.68,11.40,11.43,8755613,122915232.00
2012-06-15,11.34,11.56,11.31,11.48,6828625,94926696.00
2012-06-18,11.53,11.84,11.45,11.84,11780915,167007504.00
2012-06-19,11.84,11.84,11.54,11.59,10595685,150502896.00
2012-06-20,11.76,12.59,11.76,12.18,28424060,420823360.00
2012-06-21,12.05,12.34,11.88,12.16,18801223,276307168.00
2012-06-25,11.94,11.99,11.05,11.14,20642008,287763936.00
2012-06-26,10.80,10.81,10.35,10.51,16957223,219140256.00
2012-06-27,10.47,10.55,9.99,10.04,21619662,268567456.00
2012-06-28,9.89,10.01,9.48,9.51,16213238,193560576.00
2012-06-29,9.45,9.82,9.38,9.79,13798944,161179712.00
2012-07-02,9.64,10.08,9.59,9.97,19567669,236312224.00
2012-07-03,9.94,10.30,9.91,10.19,17459714,216116288.00
2012-07-04,10.18,10.40,10.10,10.39,16511420,206974848.00
2012-07-05,10.28,10.28,9.62,9.74,13060035,156991760.00
2012-07-06,9.83,10.10,9.39,10.05,13413614,159424480.00
2012-07-09,9.85,10.76,9.80,10.26,18730500,235501744.00
2012-07-10,10.15,10.56,10.03,10.05,10888873,136783296.00
2012-07-11,10.07,10.46,9.91,10.38,9516296,118846944.00
2012-07-12,10.26,10.55,10.15,10.41,9866256,124920392.00
2012-07-13,10.35,10.44,9.92,10.05,9228870,114308704.00
2012-07-16,10.07,10.08,9.54,9.58,7762890,91753864.00
2012-07-17,9.52,9.85,9.51,9.79,5519846,65331136.00
2012-07-18,9.72,9.88,9.59,9.88,4932751,58380324.00
2012-07-19,9.84,10.17,9.76,9.95,7411620,90434200.00
2012-07-20,10.03,10.30,9.84,10.22,9021444,110985392.00
2012-07-23,10.39,10.64,10.24,10.30,12614416,160306256.00
2012-07-24,10.09,10.64,10.05,10.56,11758574,149149184.00
2012-07-25,10.45,10.89,10.41,10.58,12926353,168507104.00
2012-07-26,10.59,10.74,10.28,10.31,7165111,91542288.00
2012-07-27,10.26,10.56,10.24,10.44,7365188,93488440.00
2012-07-30,10.43,10.49,10.03,10.04,5220429,65214060.00
2012-07-31,10.09,10.11,9.46,9.59,9963431,117288320.00
2012-08-01,9.53,9.89,9.52,9.76,4917210,58473896.00
2012-08-02,9.80,9.88,9.64,9.75,2997653,35629412.00
2012-08-03,9.82,10.08,9.74,10.05,4514752,54577636.00
2012-08-06,10.00,10.48,9.93,10.43,8888038,111835456.00
2012-08-07,10.40,10.66,10.30,10.56,9962044,127620496.00
2012-08-08,10.55,10.90,10.55,10.68,12504418,163393120.00
2012-08-09,10.61,10.89,10.53,10.79,9743822,127611632.00
2012-08-10,10.69,11.24,10.69,10.92,13931319,186604224.00
2012-08-13,10.84,10.84,10.47,10.48,8157331,105741080.00
2012-08-14,10.51,11.24,10.39,11.23,15655724,205487360.00
2012-08-15,11.18,11.18,10.83,10.88,10327052,138372944.00
2012-08-16,10.86,11.24,10.82,10.95,9779572,131802808.00
2012-08-17,10.88,11.02,10.71,10.87,5079595,67215136.00
2012-08-20,10.78,11.01,10.64,11.01,4933363,65000652.00
2012-08-21,11.01,11.66,10.89,11.54,15202673,210521056.00
2012-08-22,11.44,11.64,11.24,11.41,7296651,101423120.00
2012-08-23,11.45,11.98,11.39,11.79,13312945,190692448.00
2012-08-24,11.74,12.28,11.69,11.75,14436247,210544944.00
2012-08-27,11.65,11.95,11.32,11.77,10134991,143312464.00
2012-08-28,11.57,11.89,11.41,11.68,5996390,85290392.00
2012-08-29,11.66,12.14,11.54,11.80,7458691,107892672.00
2012-08-30,11.79,11.99,11.19,11.79,8727979,122866536.00
2012-08-31,11.68,11.71,11.40,11.43,5026696,70385416.00
2012-09-03,11.34,11.89,11.28,11.84,6102719,86857608.00
2012-09-04,11.84,12.24,11.75,11.97,10161715,148668288.00
2012-09-05,11.95,12.39,11.84,12.12,8436299,124677000.00
2012-09-06,11.95,12.30,11.87,12.03,5803095,84907880.00
2012-09-07,12.22,12.51,12.04,12.39,12090107,180749376.00
2012-09-10,12.38,12.68,12.26,12.56,10304588,156389296.00
2012-09-11,12.51,12.74,12.29,12.45,8753636,133230408.00
2012-09-12,12.51,12.70,12.19,12.38,7314671,110020792.00
2012-09-13,12.36,12.58,12.14,12.26,8808788,132130352.00
2012-09-14,12.34,12.40,11.95,11.99,8506593,125316736.00
2012-09-17,11.97,12.15,11.59,11.60,8040321,115180936.00
2012-09-18,11.56,11.81,11.49,11.81,4437468,62972988.00
2012-09-19,11.94,12.30,11.84,11.89,10341099,151891552.00
2012-09-20,11.88,11.88,11.08,11.14,9285154,128275840.00
2012-09-21,11.09,11.24,10.89,11.16,5538919,74803536.00
2012-09-24,11.04,11.54,10.95,11.40,4500571,61827880.00
2012-09-25,11.41,11.41,10.92,10.97,5435395,73369368.00
2012-09-26,10.89,11.01,10.09,10.18,9461311,121307232.00
2012-09-27,10.19,10.58,10.03,10.31,6090804,76653640.00
2012-09-28,10.23,10.55,10.16,10.52,4768527,60309592.00
2012-10-08,10.54,10.70,10.29,10.35,4883728,61921584.00
2012-10-09,10.34,10.98,10.29,10.88,9039012,118015000.00
2012-10-10,10.87,11.05,10.73,11.05,4852764,64624252.00
2012-10-11,11.06,11.08,10.80,10.86,4044068,53716296.00
2012-10-12,10.95,11.01,10.54,10.67,3606657,47145528.00
2012-10-15,10.67,10.67,9.93,10.53,8945026,111329320.00
2012-10-16,10.37,10.53,10.19,10.25,5521308,69438016.00
2012-10-17,10.26,10.39,10.09,10.35,4627011,57769744.00
2012-10-18,10.34,10.60,10.30,10.59,5162783,65994792.00
2012-10-19,10.59,10.64,10.48,10.59,3804593,48906620.00
2012-10-22,10.52,10.83,10.33,10.76,4709759,61002692.00
2012-10-23,10.68,10.86,10.56,10.56,3867462,50322708.00
2012-10-24,10.47,10.55,10.24,10.29,4345520,54874492.00
2012-10-25,10.28,10.48,10.26,10.31,3341573,42165756.00
2012-10-26,10.16,10.16,9.26,9.26,15989794,184201712.00
2012-10-29,9.04,9.05,8.69,8.83,9940748,106654192.00
2012-10-30,8.82,8.92,8.77,8.81,4465114,48153524.00
2012-10-31,8.81,8.90,8.64,8.86,4269281,45796880.00
2012-11-01,8.84,9.04,8.82,8.96,5671033,62000432.00
2012-11-02,8.97,9.05,8.85,8.94,3260302,35597768.00
2012-11-05,8.98,9.22,8.91,9.12,6082932,67272768.00
2012-11-06,9.14,9.15,8.82,8.98,4405887,48196232.00
2012-11-07,8.99,8.99,8.86,8.90,2233356,24290876.00
2012-11-08,8.83,8.83,8.46,8.46,4817035,50754128.00
2012-11-09,8.45,8.49,8.24,8.31,4456844,45593992.00
2012-11-12,8.30,8.42,8.29,8.39,3060252,31260654.00
2012-11-13,8.40,8.56,8.24,8.39,5268928,54381492.00
2012-11-14,8.39,8.59,8.39,8.53,3754665,39041008.00
2012-11-15,8.49,8.57,8.36,8.41,2974068,30758950.00
2012-11-16,8.41,8.42,8.22,8.41,3134454,31948180.00
2012-11-19,8.44,8.45,8.28,8.39,2737622,27946594.00
2012-11-20,8.42,8.47,8.26,8.27,4033412,41178268.00
2012-11-21,8.26,8.34,7.99,8.29,5120484,51273472.00
2012-11-22,8.23,8.33,8.05,8.29,4194346,41935744.00
2012-11-23,8.24,8.30,8.14,8.25,3286317,33102752.00
2012-11-26,8.25,8.45,8.22,8.29,4774229,48669400.00
2012-11-27,8.18,8.30,7.96,7.98,5054775,50216516.00
2012-11-28,7.93,7.93,7.46,7.51,4645966,43345204.00
2012-11-29,7.52,7.61,7.37,7.39,2704575,24789544.00
2012-11-30,7.40,7.50,7.34,7.46,2814602,25595172.00
2012-12-03,7.48,7.50,7.02,7.09,3713427,33063630.00
2012-12-04,7.05,7.37,7.01,7.30,3761539,33046164.00
2012-12-05,7.30,7.65,7.24,7.57,5780567,53230464.00
2012-12-06,7.59,7.91,7.54,7.64,5382779,50755312.00
2012-12-07,7.64,7.85,7.53,7.83,6412889,60779508.00
2012-12-10,7.86,8.01,7.76,7.99,6843722,66108904.00
2012-12-11,7.93,8.17,7.80,8.07,7829535,76736576.00
2012-12-12,8.01,8.19,7.94,8.06,5765621,56790208.00
2012-12-13,8.00,8.08,7.76,7.77,4307631,41458424.00
2012-12-14,7.74,8.12,7.72,8.07,12844020,125277768.00
2012-12-17,8.04,8.48,8.04,8.29,16201469,164337712.00
2012-12-18,8.26,8.40,8.12,8.17,16593774,167446272.00
2012-12-19,8.14,8.26,8.02,8.18,8530361,85087576.00
2012-12-20,8.14,8.41,8.06,8.40,17870598,180809888.00
2012-12-21,8.43,8.47,8.19,8.29,10703324,108630688.00
2012-12-24,8.19,8.40,8.15,8.36,10277164,104283888.00
2012-12-25,8.31,8.64,8.17,8.58,18731508,193455328.00
2012-12-26,8.55,8.89,8.51,8.84,18031069,191661120.00
2012-12-27,8.99,9.08,8.68,8.71,19079615,206876448.00
2012-12-28,8.76,9.59,8.71,9.59,25144352,282477920.00
2012-12-31,9.84,10.20,9.59,9.62,32611938,392840800.00
2013-01-04,9.67,9.77,9.13,9.22,21270836,241503472.00
2013-01-07,9.22,9.79,9.02,9.51,19052071,220110272.00
2013-01-08,9.43,10.34,9.41,9.96,25313877,307244384.00
2013-01-09,10.09,10.38,9.63,9.71,25869932,313023040.00
2013-01-10,9.71,10.26,9.50,10.12,25525723,310080096.00
2013-01-11,10.13,10.67,10.01,10.45,41023666,519903008.00
2013-01-14,10.19,11.49,10.18,11.47,37018532,483741088.00
2013-01-15,11.52,12.29,11.10,11.17,43589553,615440768.00
2013-01-16,11.18,11.42,10.89,11.38,28088860,381487584.00
2013-01-17,11.33,11.33,10.41,10.44,25818116,336679904.00
2013-01-18,10.38,10.74,10.38,10.51,15771070,203534112.00
2013-01-21,10.53,10.55,10.22,10.32,16384658,206315328.00
2013-01-22,10.35,10.63,10.05,10.17,14068776,177918224.00
2013-01-23,10.09,10.49,10.01,10.48,13924837,175264000.00
2013-01-24,10.49,10.86,10.24,10.32,21749142,278995296.00
2013-01-25,10.24,10.46,10.17,10.22,9557250,119941200.00
2013-01-28,10.34,10.49,10.25,10.48,14594318,184710752.00
2013-01-29,10.48,10.55,10.32,10.40,14151186,179617760.00
2013-01-30,10.38,10.89,10.30,10.67,22575323,292283968.00
2013-01-31,10.64,10.67,10.17,10.19,20092365,253268192.00
2013-02-01,10.20,10.29,10.10,10.22,11036078,137080016.00
2013-02-04,10.22,10.39,9.69,9.72,16901104,204861168.00
2013-02-05,9.64,9.88,9.54,9.79,8243687,97402752.00
2013-02-06,9.76,10.02,9.76,9.94,7393360,89215232.00
2013-02-07,9.94,10.13,9.83,10.09,7719861,93999168.00
2013-02-08,10.03,10.25,10.03,10.14,8463231,104579456.00
2013-02-18,10.28,10.39,10.05,10.24,10401155,129660048.00
2013-02-19,10.24,10.25,9.87,9.93,8649945,105453256.00
2013-02-20,9.91,10.08,9.89,10.03,8298188,101121904.00
2013-02-21,9.98,9.98,9.61,9.68,9109500,108541504.00
2013-02-22,9.67,9.96,9.61,9.81,7590035,90892072.00
2013-02-25,9.84,9.94,9.74,9.82,4564682,54706348.00
2013-02-26,9.74,9.99,9.70,9.79,7574144,90789472.00
2013-02-27,9.82,10.09,9.74,10.09,11743119,142151968.00
2013-02-28,10.19,10.25,9.99,10.20,12760928,157420992.00
2013-03-01,10.21,10.54,10.13,10.50,18361918,233111168.00
2013-03-04,10.47,10.79,10.29,10.44,23463302,301283648.00
2013-03-05,10.44,10.89,10.37,10.85,27964325,365636512.00
2013-03-06,11.01,11.89,10.77,11.46,41840355,573879616.00
2013-03-07,11.26,11.76,11.09,11.09,27376098,378368864.00
2013-03-08,11.17,11.24,10.63,10.67,17481158,231324272.00
2013-03-11,10.76,10.96,10.61,10.74,9209766,121059416.00
2013-03-12,10.74,10.89,10.17,10.37,14533702,185573616.00
2013-03-13,10.33,10.41,10.04,10.21,8632379,107315152.00
2013-03-14,10.30,10.69,10.30,10.46,10920771,139902944.00
2013-03-15,10.45,10.74,10.22,10.48,14277778,182814992.00
2013-03-18,10.49,10.55,10.24,10.24,6951261,88003888.00
2013-03-19,10.18,10.42,10.16,10.38,6627998,83273680.00
2013-03-20,10.42,10.98,10.36,10.96,14302870,186368832.00
2013-03-21,10.93,11.05,10.85,11.02,14543317,193912896.00
2013-03-22,11.02,11.27,10.89,11.11,13989391,189308496.00
2013-03-25,11.09,11.18,10.80,10.82,9525530,127127240.00
2013-03-26,10.75,11.39,10.69,11.34,19377454,261668336.00
2013-03-27,11.30,11.56,11.09,11.26,17474529,241416800.00
2013-03-28,11.14,11.14,10.80,10.89,12309327,164327456.00
2013-03-29,10.99,11.40,10.91,11.22,14865079,203165904.00
2013-04-01,11.22,11.75,11.20,11.70,21947520,308578080.00
2013-04-02,11.65,11.74,11.15,11.24,18348213,254964560.00
2013-04-03,11.19,11.64,11.18,11.40,13242583,183860272.00
2013-04-08,11.09,11.91,10.94,11.88,22285999,316227936.00
2013-04-09,11.80,11.92,11.64,11.82,15832672,226682688.00
2013-04-10,11.83,12.13,11.66,11.67,18237358,263841568.00
2013-04-11,11.64,11.78,11.20,11.25,16761296,233122304.00
2013-04-12,11.21,11.48,11.08,11.24,9392551,129405824.00
2013-04-15,11.24,11.34,10.89,10.93,9206152,123684104.00
2013-04-16,10.84,11.19,10.80,11.16,6701861,89949440.00
2013-04-17,11.16,11.29,11.01,11.19,7501402,101992248.00
2013-04-18,11.09,11.46,11.01,11.43,8836873,121411072.00
2013-04-19,11.43,11.65,11.41,11.49,12025914,168769744.00
2013-04-22,11.34,11.62,11.22,11.45,10864576,150421552.00
2013-04-23,11.62,11.64,10.82,10.85,15078260,171440800.00
2013-04-24,10.89,11.35,10.72,11.20,12934026,143682768.00
2013-04-25,11.10,11.27,10.72,10.77,11364727,126167328.00
2013-04-26,10.50,10.60,9.68,9.68,25481145,254015904.00
2013-05-02,9.49,9.57,9.22,9.38,12647096,119822800.00
2013-05-03,9.37,9.67,9.37,9.44,13171072,126839872.00
2013-05-06,9.49,9.98,9.49,9.91,16744537,164655376.00
2013-05-07,9.90,10.18,9.81,10.10,14587601,147637984.00
2013-05-08,10.15,10.32,10.00,10.10,14569838,149762864.00
2013-05-09,10.13,10.90,10.07,10.80,24118458,256349584.00
2013-05-10,10.87,11.89,10.70,11.70,42886979,496067328.00
2013-05-13,12.10,12.31,11.70,12.22,48253107,586030144.00
2013-05-14,12.20,12.20,11.60,11.71,26686474,318347552.00
2013-05-15,11.71,12.06,11.60,11.89,24101267,288200416.00
2013-05-16,11.89,13.08,11.78,12.38,45690605,576537984.00
2013-05-17,12.33,12.72,12.15,12.40,30991503,389053664.00
2013-05-20,12.49,13.65,12.49,13.65,46853380,625997952.00
2013-05-21,13.68,14.20,13.43,13.78,48428485,676057536.00
2013-05-22,13.82,14.06,13.29,13.50,29068297,398664992.00
2013-05-23,13.32,14.40,13.32,13.69,39241487,553646592.00
2013-05-24,13.78,14.29,13.40,14.00,28873112,404369568.00
2013-05-27,13.91,14.18,13.55,13.65,23313690,325295520.00
2013-05-28,13.72,13.81,12.70,12.90,35161434,463965952.00
2013-05-29,12.90,13.20,12.82,13.11,19574908,257587056.00
2013-05-30,13.00,13.35,12.90,13.12,17995050,238383104.00
2013-05-31,13.14,13.49,12.81,13.22,25424894,337332416.00
2013-06-03,13.56,14.28,13.28,13.97,39744579,554709888.00
2013-06-04,13.80,13.90,13.06,13.17,26583380,359605984.00
2013-06-05,13.20,13.40,12.88,13.14,14051573,185605216.00
2013-06-06,13.18,14.10,13.17,13.52,29311021,403700000.00
2013-06-07,13.47,13.68,12.72,12.85,24197456,317676128.00
2013-06-13,12.75,13.79,11.90,13.42,31350813,410449824.00
2013-06-14,13.27,14.77,13.15,14.77,67798595,976763840.00
2013-06-17,14.90,15.18,14.50,14.97,54685253,815167360.00
2013-06-18,14.97,14.97,14.34,14.74,34127260,503534560.00
2013-06-19,14.70,15.26,14.30,14.99,43953848,657776000.00
2013-06-20,14.69,15.66,14.13,14.35,49008589,743011328.00
2013-06-21,13.87,14.40,13.00,14.19,31604448,439078592.00
2013-06-24,14.10,14.50,13.24,13.77,36548690,515848896.00
2013-06-25,13.32,14.09,12.38,13.83,48927412,653185088.00
2013-06-26,13.74,15.02,13.41,14.96,55716015,809608064.00
2013-06-27,15.00,15.09,14.32,14.60,42192485,627568256.00
2013-06-28,14.32,14.72,13.70,13.88,41635208,594139328.00
2013-07-01,12.92,13.81,12.60,13.65,45014866,598814080.00
2013-07-02,13.47,14.11,13.41,13.87,31039258,431857024.00
2013-07-03,13.70,14.92,13.45,14.74,48650369,699767296.00
2013-07-04,14.48,14.82,14.23,14.33,38094625,555473408.00
2013-07-05,14.30,15.18,14.02,14.82,53487641,791829568.00
2013-07-08,14.48,14.78,13.78,13.78,35315997,507330496.00
2013-07-09,13.62,14.88,13.20,14.81,45619618,644710656.00
2013-07-10,14.54,15.18,14.49,14.91,53463690,802382720.00
2013-07-11,14.80,16.20,14.57,15.68,70061510,1093927680.00
2013-07-12,15.70,16.74,15.60,16.10,63145902,1029448384.00
2013-07-15,16.25,17.08,15.98,16.65,43529056,722050816.00
2013-07-16,16.60,17.28,16.32,16.87,44353461,752540352.00
2013-07-17,16.91,17.15,15.96,16.03,44837405,742718272.00
2013-07-18,15.87,17.28,15.80,17.06,47550066,800794240.00
2013-07-19,17.09,18.15,16.79,16.79,58053196,1025698112.00
2013-07-22,16.90,18.28,16.90,17.89,43603028,774874624.00
2013-07-23,17.95,18.28,17.45,18.03,39512365,712099968.00
2013-07-24,17.85,19.26,17.80,19.03,39755654,746593536.00
2013-07-25,18.87,19.10,17.40,17.87,41260512,756245888.00
2013-07-26,17.67,18.40,16.90,17.75,30965556,552121920.00
2013-07-29,17.56,18.15,17.00,17.10,23837642,420867392.00
2013-07-30,17.05,17.44,15.88,16.03,40146916,661331136.00
2013-07-31,16.15,16.68,15.80,16.24,21114859,346112768.00
2013-08-01,16.23,17.14,16.07,17.09,24005237,405521376.00
2013-08-02,17.21,17.70,16.76,16.85,26589982,460848096.00
2013-08-05,16.80,17.69,16.65,17.63,28212006,492712512.00
2013-08-06,17.98,18.28,17.70,17.99,39307813,711155840.00
2013-08-07,18.19,18.19,16.73,17.00,38253625,668470464.00
2013-08-08,16.88,17.00,16.38,16.77,21802877,365924192.00
2013-08-09,16.75,16.93,15.83,16.03,31740612,519283808.00
2013-08-12,16.07,16.34,15.40,16.18,29135853,466404480.00
2013-08-13,16.09,16.90,16.00,16.64,25638336,426501856.00
2013-08-14,16.60,17.03,16.33,16.91,28267174,476498528.00
2013-08-15,16.93,17.00,16.51,16.58,16834071,282759168.00
2013-08-16,16.35,17.11,15.95,16.15,25176735,419272480.00
2013-08-19,15.90,16.62,15.70,16.55,17540543,287441504.00
2013-08-20,16.58,16.94,16.39,16.88,26559456,445668544.00
2013-08-21,16.90,17.04,16.60,16.80,16622035,280852192.00
2013-08-22,16.79,17.40,16.65,17.30,36068899,620158208.00
2013-08-23,17.38,17.45,16.67,16.98,32524156,559490304.00
2013-08-26,17.08,17.63,17.07,17.50,29974908,524034784.00
2013-08-27,17.49,17.56,17.00,17.28,20617102,358122304.00
2013-08-28,17.10,17.75,16.70,17.10,39482082,687771712.00
2013-08-29,16.76,16.77,15.41,15.41,61215071,986479744.00
2013-08-30,14.90,14.90,13.86,13.86,85998660,1221558656.00
2013-09-02,13.50,13.98,13.32,13.54,46054974,630379392.00
2013-09-03,13.83,14.57,13.56,14.28,50076718,712396352.00
2013-09-04,14.20,14.64,13.93,13.98,37309228,534428192.00
2013-09-05,13.96,14.24,13.87,14.08,23463206,333117792.00
2013-09-06,14.20,14.32,13.95,14.12,23093357,328696896.00
2013-09-09,14.17,14.40,14.05,14.17,26872068,383539616.00
2013-09-10,14.38,14.42,14.03,14.06,24281721,346391296.00
2013-09-11,14.05,14.05,12.90,13.40,43536768,582393856.00
2013-09-12,13.28,13.48,13.03,13.09,22710142,302711744.00
2013-09-13,13.09,13.47,12.99,13.38,22253422,297529856.00
2013-09-16,13.41,13.45,13.20,13.23,15670929,209854528.00
2013-09-17,13.21,13.36,12.83,13.32,20959271,278045952.00
2013-09-18,13.32,13.95,13.25,13.91,33913258,468302720.00
2013-09-23,14.00,14.25,13.74,14.12,26500833,373752736.00
2013-09-24,14.13,14.32,13.88,14.08,20473596,290330912.00
2013-09-25,14.13,14.68,14.05,14.11,34670591,499587776.00
2013-09-26,13.93,14.12,13.43,13.60,20662687,286761408.00
2013-09-27,13.60,13.62,13.15,13.16,17404710,234140432.00
2013-09-30,13.18,13.37,13.18,13.23,8988804,120301144.00
2013-10-08,13.24,13.99,13.24,13.88,21027258,290257376.00
2013-10-09,13.90,14.35,13.81,14.21,25810367,368022240.00
2013-10-10,14.37,14.48,13.87,13.93,24879412,354143168.00
2013-10-11,14.00,14.18,13.77,13.89,15814841,222332368.00
2013-10-14,13.90,13.91,13.54,13.63,17655119,242879776.00
2013-10-15,13.54,13.84,13.54,13.82,12635203,174778592.00
2013-10-16,13.81,13.81,13.04,13.11,17853125,239064576.00
2013-10-17,13.11,13.35,13.11,13.18,9983368,132915992.00
2013-10-18,13.39,13.62,13.31,13.42,11517288,156345328.00
2013-10-21,13.45,13.83,13.20,13.79,18448604,252203920.00
2013-10-22,13.80,13.81,13.32,13.41,14291188,194646096.00
2013-10-23,13.38,13.44,12.91,12.96,12627035,166762896.00
2013-10-24,12.97,13.07,12.85,12.93,7575394,98971648.00
2013-10-25,12.93,13.02,12.08,12.23,15591078,194897232.00
2013-10-28,11.88,12.15,11.78,11.80,12577709,150980224.00
2013-10-29,11.79,11.98,10.72,11.23,15210256,173240928.00
2013-10-30,11.16,11.40,11.05,11.35,11219943,127328328.00
2013-10-31,11.36,11.88,10.95,11.74,18908092,217599648.00
2013-11-01,11.50,11.69,11.39,11.43,11419992,132550456.00
2013-11-04,11.51,11.55,11.37,11.42,6279097,72609840.00
2013-11-05,11.40,11.55,11.08,11.50,10106584,115195040.00
2013-11-06,11.49,11.70,11.37,11.37,11970354,139330736.00
2013-11-07,11.29,11.31,10.80,10.82,14133955,157371920.00
2013-11-08,10.73,11.03,10.68,10.77,7104256,77771488.00
2013-11-11,10.86,11.20,10.78,11.01,9148699,101813232.00
2013-11-12,11.11,11.20,10.97,11.06,6144262,68724320.00
2013-11-13,11.16,11.29,11.06,11.16,13722725,154624928.00
2013-11-14,11.18,11.68,10.87,11.58,24081594,276170240.00
2013-11-15,11.58,12.26,11.51,11.91,31958286,385015872.00
2013-11-18,11.99,12.45,11.86,12.17,24009203,294657856.00
2013-11-19,12.10,12.65,12.00,12.41,21221852,265267568.00
2013-11-20,12.29,12.70,12.15,12.49,20784096,260999968.00
2013-11-21,12.40,12.40,12.06,12.10,18405974,226223888.00
2013-11-22,12.10,12.33,12.00,12.01,11464941,140455888.00
2013-11-25,12.16,12.44,12.13,12.14,15140286,187557296.00
2013-11-26,12.13,12.24,11.88,12.16,14559761,177184752.00
2013-11-27,12.12,12.90,12.10,12.80,36181979,458838496.00
2013-11-28,12.90,13.01,12.64,12.71,24418422,314646528.00
2013-11-29,12.73,13.08,12.62,12.99,23714420,308742176.00
2013-12-02,12.63,12.68,11.68,11.73,29414796,361225152.00
2013-12-03,11.57,12.07,11.35,12.00,11046329,131894808.00
2013-12-04,12.00,12.60,11.92,12.29,15463800,192248512.00
2013-12-05,12.36,12.49,12.23,12.23,8397928,104385536.00
2013-12-06,12.25,12.32,11.88,11.96,10420715,126452496.00
2013-12-09,12.04,12.19,11.90,12.01,7805650,94563752.00
2013-12-10,12.01,12.09,11.90,11.94,7615124,91844656.00
2013-12-11,11.95,12.08,11.80,11.89,10144147,122184552.00
2013-12-12,11.91,12.10,11.84,12.06,10255815,124348256.00
2013-12-13,12.00,12.06,11.90,11.90,9416771,113577184.00
2013-12-16,11.86,11.96,11.31,11.35,14576395,170415040.00
2013-12-17,11.35,11.56,11.21,11.45,9036710,104071616.00
2013-12-18,11.45,11.62,11.30,11.30,7958086,91758144.00
2013-12-19,11.40,11.45,11.07,11.07,8434592,96107288.00
2013-12-20,11.06,11.23,10.90,10.98,7980941,88837728.00
2013-12-23,11.08,11.15,10.80,11.03,6357160,70465752.00
2013-12-24,11.08,11.39,11.03,11.27,8543814,96940032.00
2013-12-25,11.31,11.75,11.24,11.70,12808111,149410224.00
2013-12-26,11.67,11.77,11.44,11.47,9293312,108578856.00
2013-12-27,11.51,11.99,11.50,11.88,13787254,164471104.00
2013-12-30,12.08,12.12,11.86,12.01,12153266,146945920.00
2013-12-31,12.01,12.22,11.90,12.15,12518721,153218016.00
2014-01-02,12.09,12.35,12.00,12.30,13806612,170033392.00
2014-01-03,12.30,12.78,12.00,12.60,25053225,313831712.00
2014-01-06,12.67,12.73,12.03,12.06,19128404,240136512.00
2014-01-07,11.90,12.31,11.81,12.27,10951753,134091736.00
2014-01-08,12.22,12.68,12.16,12.64,18710528,237087856.00
2014-01-09,12.63,13.16,12.56,12.88,30504585,395626336.00
2014-01-10,12.70,12.80,12.40,12.53,15492491,196888912.00
2014-01-13,12.61,12.68,12.06,12.08,12795239,159027968.00
2014-01-14,12.06,12.90,12.01,12.90,19185184,243356000.00
2014-01-15,12.95,13.15,12.76,13.08,23083083,301453024.00
2014-01-16,13.10,13.22,12.75,12.80,17056441,223520352.00
2014-01-17,12.89,13.55,12.82,13.13,32552257,435571776.00
2014-01-20,13.08,13.48,12.78,13.25,21881037,290863456.00
2014-01-21,13.20,13.47,13.13,13.36,16590779,222276672.00
2014-01-22,13.34,13.76,13.26,13.73,25254326,345560544.00
2014-01-23,13.68,14.29,13.56,13.93,32054450,451072032.00
2014-01-24,13.90,14.40,13.81,14.25,29078205,417580832.00
2014-01-27,14.24,14.58,14.05,14.09,21616550,310458464.00
2014-01-28,14.38,14.59,13.91,14.30,22406241,322025696.00
2014-01-29,14.37,15.40,14.20,15.30,44310493,664157632.00
2014-01-30,15.28,15.60,15.00,15.14,24609516,378307456.00
2014-02-07,15.16,15.67,14.96,15.43,21051686,325923520.00
2014-02-10,15.55,16.63,15.54,16.53,37794981,609205312.00
2014-02-11,17.55,18.19,16.26,16.28,75035349,1290450944.00
2014-02-12,16.10,16.29,15.43,15.77,42642635,678098048.00
2014-02-13,15.69,16.33,15.57,15.82,33374589,534560480.00
2014-02-14,15.76,15.95,14.91,15.56,30154585,468434112.00
2014-02-17,15.62,16.68,15.47,16.54,44256261,723627008.00
2014-02-18,16.95,17.86,16.68,17.44,55897606,977860480.00
2014-02-19,17.17,17.41,16.82,16.97,32292750,553309952.00
2014-02-20,16.85,17.64,16.85,17.11,28263584,490272192.00
2014-02-21,17.02,17.40,16.58,17.09,18023627,309108704.00
2014-02-24,16.80,17.01,16.10,16.20,25896310,427703296.00
2014-02-25,16.20,16.74,14.96,15.38,28514683,459852640.00
2014-02-26,15.40,15.90,14.92,15.66,18654371,291264864.00
2014-02-27,15.65,16.36,15.31,15.33,22694941,364251904.00
2014-05-22,16.87,16.87,16.55,16.87,34466443,582731776.00
2014-05-23,16.95,18.34,16.88,18.06,77299882,1369941632.00
2014-05-26,17.80,18.25,17.46,17.86,42710916,763244096.00
2014-05-27,17.75,18.53,17.57,17.66,39601101,716556352.00
2014-05-28,17.60,18.43,17.60,18.25,37294357,677360128.00
2014-05-29,18.15,18.17,17.57,17.65,24689180,441717536.00
2014-05-30,17.65,17.78,17.15,17.61,22274326,389433024.00
2014-06-03,17.55,18.01,17.35,17.53,24178340,428653728.00
2014-06-04,17.32,17.50,16.91,16.92,19537923,334911840.00
2014-06-05,16.91,17.22,16.79,17.13,13363063,228726032.00
2014-06-06,17.16,17.43,16.68,16.74,16760302,286582240.00
2014-06-09,16.57,16.57,15.76,15.83,27400938,444470912.00
2014-06-10,15.83,16.39,15.75,16.30,18712582,301976544.00
2014-06-11,16.13,16.37,15.95,16.26,12344636,200441376.00
2014-06-12,16.26,16.83,16.13,16.74,20214341,335916128.00
2014-06-13,16.59,16.91,16.53,16.61,13877973,232388832.00
2014-06-16,16.57,17.09,16.57,16.89,15658661,265480352.00
2014-06-17,16.91,16.99,16.07,16.14,19706267,325319456.00
2014-06-18,16.25,16.43,15.93,16.01,12128371,196711520.00
2014-06-19,15.97,16.10,15.34,15.35,13337139,209733360.00
2014-06-20,15.35,15.67,15.29,15.55,9307126,144524368.00
2014-06-23,15.57,15.91,15.43,15.67,10007821,157778848.00
2014-06-24,15.67,16.11,15.66,16.03,12615845,202573696.00
2014-06-25,16.04,16.04,15.58,15.80,8287756,130734616.00
2014-06-26,15.79,16.30,15.73,16.14,12236740,197437088.00
2014-06-27,16.09,16.27,15.98,16.12,9383054,151913696.00
2014-06-30,16.14,16.76,16.10,16.57,16856312,279261120.00
2014-07-01,16.64,16.72,16.38,16.61,10507284,174642448.00
2014-07-02,16.70,17.52,16.63,17.18,25798577,444648448.00
2014-07-03,17.03,17.42,16.78,17.15,14797032,254373920.00
2014-07-04,17.13,17.33,16.65,16.71,14355528,243706256.00
2014-07-07,16.81,17.21,16.49,16.98,17816858,302712096.00
2014-07-08,16.95,17.70,16.87,17.50,27448263,478790848.00
2014-07-09,17.37,18.14,17.18,17.33,32085660,569329984.00
2014-07-10,17.25,17.47,16.84,16.84,17251228,296469344.00
2014-07-11,16.71,17.20,16.70,17.04,9452040,161032928.00
2014-07-14,16.87,17.17,16.71,17.13,10636798,180836000.00
2014-07-15,17.13,17.45,16.57,16.73,13699911,232507648.00
2014-07-16,16.60,16.87,15.94,16.01,16014959,261981440.00
2014-07-17,15.97,16.24,15.65,15.74,9386007,149775232.00
2014-07-18,15.76,16.00,15.69,15.80,8646551,137474208.00
2014-07-21,15.85,16.31,15.65,16.18,10674679,171475136.00
2014-07-22,16.07,16.32,16.05,16.15,8274326,134218752.00
2014-07-23,16.14,16.19,15.73,15.75,9997136,159681024.00
2014-07-24,15.85,16.37,15.33,16.36,19843761,316236448.00
2014-07-25,16.25,16.25,15.91,16.08,11121106,179405888.00
2014-07-28,16.06,16.45,15.93,16.34,19102400,310763648.00
2014-07-29,16.26,16.93,16.26,16.78,20619307,344376992.00
2014-07-30,16.87,17.12,16.65,16.84,18483030,313421120.00
2014-07-31,16.87,17.22,16.69,16.99,13760821,234520720.00
2014-08-01,16.97,17.15,16.45,16.45,14811327,249417696.00
2014-08-04,16.45,16.68,16.43,16.64,9484162,157805920.00
2014-08-05,16.65,16.93,16.46,16.69,11143410,186705936.00
2014-08-06,16.84,17.41,16.70,17.13,23357427,400615872.00
2014-08-07,17.05,17.33,16.70,16.71,16865343,287664000.00
2014-08-08,16.74,16.94,16.70,16.76,9997134,168531984.00
2014-08-11,16.82,17.39,16.82,17.34,18431942,316369024.00
2014-08-12,17.35,17.35,17.11,17.27,14953543,258399952.00
2014-08-13,17.23,17.32,16.75,17.10,13751993,234799760.00
2014-08-14,17.08,17.61,17.01,17.25,24012740,419191744.00
2014-08-15,17.34,17.90,17.34,17.72,22914552,406157248.00
2014-08-18,17.78,18.10,17.70,18.03,22239410,400320000.00
2014-08-19,18.03,18.05,17.66,17.80,18064267,322244992.00
2014-08-20,17.81,18.26,17.56,17.65,25826652,465532960.00
2014-08-21,17.65,17.77,17.34,17.59,16087521,283362688.00
2014-08-22,17.71,19.35,17.71,19.35,62466795,1178946048.00
2014-08-25,19.37,20.25,19.25,19.40,71479173,1414966400.00
2014-08-26,19.40,19.80,18.81,19.08,34642327,671370816.00
2014-08-27,19.13,20.74,19.13,20.39,49075362,992062656.00
2014-08-28,20.08,20.32,19.75,20.10,25336085,508212640.00
2014-08-29,20.11,20.52,19.84,20.01,21358851,430842112.00
2014-09-01,20.14,21.04,20.12,20.21,29164298,598412160.00
2014-09-02,20.24,20.97,20.04,20.76,35105340,725083968.00
2014-09-03,20.80,20.93,20.37,20.70,27705194,573335168.00
2014-09-04,20.55,22.15,20.47,21.57,40095155,858205184.00
2014-09-05,21.55,22.02,21.28,21.44,23741836,512408896.00
2014-09-09,21.61,22.35,21.37,21.78,27134348,595199616.00
2014-09-10,21.53,21.91,21.45,21.54,20010641,434028960.00
2014-09-11,21.49,21.50,20.53,20.70,35681662,753078464.00
2014-09-12,20.80,21.80,20.73,21.77,34163401,725511808.00
2014-09-15,21.65,22.95,21.54,22.66,38812714,868730624.00
2014-09-16,22.68,23.44,21.90,22.04,40729365,928222080.00
2014-09-17,22.17,22.75,21.73,22.29,33111839,738245440.00
2014-09-18,22.45,22.82,22.15,22.31,23607304,532078016.00
2014-09-19,22.33,22.44,21.74,22.07,25716592,567890880.00
2014-09-22,21.95,22.00,21.18,21.35,17220278,370305088.00
2014-09-23,21.27,21.92,21.25,21.70,16513760,358297408.00
2014-09-24,21.64,22.24,21.43,22.00,18301737,401608736.00
2014-09-25,22.28,24.20,22.28,23.41,51807959,1212489344.00
2014-09-26,23.20,23.74,22.86,23.27,21763590,507815136.00
2014-09-29,23.30,24.15,23.27,23.55,23186265,551126144.00
2014-09-30,23.85,25.61,23.46,24.91,40446459,987249920.00
2014-10-08,24.96,26.23,24.71,25.37,29577840,755808192.00
2014-10-09,25.46,26.93,25.45,25.85,41069222,1072551872.00
2014-10-10,25.90,25.93,25.18,25.27,26225102,669468096.00
2014-10-13,24.90,24.93,24.19,24.74,22637606,557790144.00
2014-10-14,24.73,25.24,24.26,24.63,17936230,446525984.00
2014-10-15,24.55,24.92,23.63,24.75,21816922,531688288.00
2014-10-16,24.45,24.63,23.56,23.69,25177076,605717888.00
2014-10-17,23.62,23.92,22.63,23.08,18512860,430967584.00
2014-10-20,23.15,24.27,23.15,23.99,16840061,402557440.00
2014-10-21,23.95,24.42,23.45,23.57,14422296,346180128.00
2014-10-22,23.75,24.07,22.95,23.19,14711347,347613152.00
2014-10-23,22.90,23.30,21.80,22.04,27774537,621249792.00
2014-10-24,22.13,22.44,21.95,22.10,10661535,237224400.00
2014-10-27,21.95,22.69,21.45,22.45,12183428,273340160.00
2014-10-28,22.75,23.64,22.74,23.62,20557164,481379520.00
2014-10-29,23.90,24.07,23.42,23.59,21033883,499329600.00
2014-10-30,23.85,24.36,23.56,23.74,18226369,436755104.00
2014-10-31,23.71,23.90,22.49,23.12,24424523,563660736.00
2014-11-03,23.01,23.75,22.65,23.74,19218339,447646272.00
2014-11-04,23.68,23.83,23.07,23.20,12259294,288406976.00
2014-11-05,22.99,23.40,22.76,22.78,10451518,241331904.00
2014-11-06,22.82,23.04,22.46,22.87,11220628,255544128.00
2014-11-07,22.87,23.28,22.37,22.44,13117738,300384192.00
2014-11-10,22.48,22.71,22.21,22.35,9660895,216639584.00
2014-11-11,22.36,22.65,21.25,21.63,18295229,401364416.00
2014-11-12,21.46,22.45,21.40,22.29,10875028,239373952.00
2014-11-13,22.10,22.28,21.02,21.07,14040282,302595264.00
2014-11-14,20.84,21.23,20.60,20.63,12215608,255797200.00
2014-11-17,20.68,21.43,20.68,21.17,9458246,200816352.00
2014-11-18,21.14,21.77,21.09,21.58,10564187,228355168.00
2014-11-19,21.64,22.75,21.52,22.45,18230335,406436192.00
2014-11-20,22.59,23.05,22.18,22.69,17293633,392414176.00
2014-11-21,22.69,23.35,22.69,22.76,15368135,354404544.00
2014-11-24,23.01,23.23,22.38,22.76,14555921,331544448.00
2014-11-25,22.95,23.83,22.90,23.66,23182397,547784576.00
2014-11-26,23.63,23.80,23.22,23.31,17205029,405039680.00
2014-11-27,23.49,24.05,23.05,23.27,19050778,450443680.00
2014-11-28,23.37,23.75,22.85,23.55,18025216,422046688.00
2014-12-01,23.25,23.43,21.86,22.20,20740784,470027584.00
2014-12-02,21.96,23.01,21.95,22.66,15967273,363329536.00
2014-12-03,22.55,23.14,21.88,23.13,23346522,521680352.00
2014-12-04,23.10,23.73,23.00,23.53,24827464,584051264.00
2014-12-05,23.63,25.59,21.95,24.46,41923183,1003028096.00
2014-12-08,24.43,25.31,23.85,24.64,41059782,1021064576.00
2014-12-09,24.08,24.45,22.17,22.17,40799934,945684096.00
2014-12-10,21.94,22.67,21.05,22.38,21566460,477464928.00
2014-12-11,22.25,23.12,21.86,22.90,17132595,389706304.00
2014-12-12,22.89,23.23,22.40,22.71,12020589,274213056.00
2014-12-15,22.40,23.24,21.86,23.20,14766958,338633344.00
2014-12-16,23.20,23.35,22.69,22.94,13378529,307593216.00
2014-12-17,23.05,23.05,22.18,22.35,13255458,300086080.00
2014-12-18,22.27,23.15,22.13,22.44,13453297,305925280.00
2014-12-19,22.30,22.33,21.42,21.55,16519013,359841952.00
2014-12-22,21.25,21.25,19.39,19.39,20123012,400557696.00
2014-12-23,19.00,19.72,17.96,18.34,24952427,471638496.00
2014-12-24,18.61,19.09,18.38,18.87,13678780,257096880.00
2014-12-30,18.78,20.44,18.13,19.28,23799033,464684704.00
2014-12-31,19.54,20.01,19.03,19.48,13150278,258201824.00
2015-01-05,19.47,19.47,18.50,18.98,16364834,310985152.00
2015-01-06,18.98,19.93,18.74,19.81,20300799,394796512.00
2015-01-07,19.73,19.82,19.48,19.76,10671764,210103856.00
2015-01-08,19.71,20.07,19.65,19.75,9405148,187117872.00
2015-01-09,19.83,20.31,19.53,19.55,11714251,234916304.00
2015-01-12,19.23,19.97,19.07,19.60,7108697,140133088.00
2015-01-13,19.80,21.13,19.68,21.09,26015438,537633728.00
2015-01-14,21.13,21.45,20.75,21.17,17510190,370658400.00
2015-01-15,21.22,21.60,20.65,20.78,12569621,263943808.00
2015-01-16,20.70,21.60,20.65,21.23,12877947,273143424.00
2015-01-19,20.71,22.55,20.55,21.49,34024905,742620864.00
2015-01-20,21.65,22.95,21.65,22.88,33279384,754375680.00
2015-01-21,22.77,23.55,22.60,22.74,26100237,602180672.00
2015-01-22,22.78,23.77,22.78,23.44,24508288,573379456.00
2015-01-23,23.31,23.59,22.61,22.80,18555936,428263648.00
2015-01-26,22.84,23.88,22.81,23.56,20199544,476538496.00
2015-01-27,23.84,24.30,23.05,23.84,19468323,461721152.00
2015-01-28,23.94,24.32,23.45,23.45,19843047,475289504.00
2015-01-29,23.09,24.09,22.95,23.75,18333116,434528832.00
2015-01-30,23.83,24.20,23.11,23.12,15795674,375657344.00
2015-02-02,22.75,23.73,22.53,23.18,12646052,295315424.00
2015-02-03,23.45,24.74,23.24,24.53,29720636,722029120.00
2015-02-04,24.75,26.75,24.55,26.00,41721666,1082001280.00
2015-02-05,25.92,27.65,25.51,26.12,41679196,1115436928.00
2015-02-06,25.76,27.25,24.84,25.04,32842261,857428288.00
2015-02-09,25.10,25.35,24.46,24.70,13359406,333345152.00
2015-02-10,24.70,25.32,23.55,25.26,17433298,428187072.00
2015-02-11,25.11,26.98,25.01,26.55,22378584,589282432.00
2015-02-12,26.54,26.94,26.04,26.14,12979680,343794048.00
2015-02-13,26.45,27.25,26.11,26.20,21227886,565638336.00
2015-02-16,26.70,28.83,26.70,28.83,36226516,1021496960.00
2015-02-17,29.96,30.30,28.26,29.26,35784264,1056520192.00
2015-02-25,29.38,29.89,27.53,28.10,24243268,692803136.00
2015-02-26,28.00,28.44,27.37,27.96,15864254,441496320.00
2015-02-27,28.15,29.54,27.95,28.95,23630407,683555392.00
2015-03-02,28.85,30.83,27.81,30.08,29662968,874123136.00
2015-03-03,29.79,31.04,29.20,29.33,27708037,834863744.00
2015-03-04,29.18,30.44,29.18,29.95,16033487,479100992.00
2015-03-05,29.95,30.09,28.83,29.19,16328124,479194144.00
2015-03-06,29.19,29.70,27.61,27.74,18891235,536310528.00
2015-03-09,27.54,28.42,26.97,28.04,11987592,334370912.00
2015-03-10,27.97,29.14,27.80,28.82,13998363,404602688.00
2015-03-11,28.90,29.23,27.95,28.16,10041119,285377536.00
2015-03-12,28.24,28.57,26.55,27.72,16833395,463306624.00
2015-03-13,27.75,28.91,27.72,28.45,15603091,444512864.00
2015-03-16,28.84,31.30,28.75,31.30,35723033,1103798400.00
2015-03-17,31.75,33.17,31.65,32.69,40609541,1319031424.00
2015-03-18,32.25,33.00,31.60,32.34,20366699,661719040.00
2015-03-19,32.50,33.93,32.28,32.80,21880017,723787392.00
2015-03-20,32.83,35.75,32.82,34.80,26255870,906125376.00
2015-03-23,34.83,38.29,34.82,38.29,28909047,1083370496.00
2015-03-24,38.85,41.95,36.93,41.95,41105268,1633588864.00
2015-03-25,42.79,43.55,40.83,41.38,34668389,1462240128.00
2015-03-26,40.95,42.65,38.07,39.04,34918000,1400733184.00
2015-03-27,38.94,40.13,37.15,39.42,25019339,967755072.00
2015-03-30,39.91,40.10,37.10,38.42,36369605,1382256768.00
2015-03-31,38.90,42.11,37.85,40.75,37271932,1475329792.00
2015-04-01,40.41,42.39,39.93,41.55,28162746,1162465408.00
2015-04-02,42.45,42.75,40.24,40.74,24586210,1015301760.00
2015-04-03,40.44,42.53,39.62,41.65,30641896,1274615424.00
2015-04-07,41.71,43.26,40.67,41.49,27939519,1168669824.00
2015-04-08,41.49,41.70,38.16,38.55,33584994,1320884992.00
2015-04-09,38.10,38.75,34.69,37.87,41229976,1503495680.00
2015-04-10,37.25,38.34,36.48,37.80,27399732,1028526656.00
2015-04-13,37.75,38.00,36.94,37.35,25160901,942822848.00
2015-04-14,37.15,37.25,35.96,36.33,25694110,940284928.00
2015-04-15,36.33,36.83,35.32,35.32,29065503,1047850368.00
2015-04-16,35.20,36.69,34.26,36.41,21670251,781862784.00
2015-04-17,36.67,37.63,35.61,36.77,34100875,1245179392.00
2015-04-20,36.31,36.34,34.55,34.84,33621495,1195188480.00
2015-04-21,34.93,36.68,34.91,36.28,28853800,1041058688.00
2015-04-22,36.65,38.10,36.65,37.70,31823600,1199689472.00
2015-04-23,37.93,39.82,37.83,39.27,40620202,1576567296.00
2015-04-24,38.95,38.95,37.45,38.30,25981116,994243584.00
2015-04-27,41.04,42.14,39.95,40.28,52275392,2155134976.00
2015-04-28,40.45,41.10,37.36,37.85,29616113,1151896448.00
2015-04-29,36.95,38.45,35.95,37.42,25762404,966795264.00
2015-04-30,37.32,39.06,37.30,37.50,24719275,949722688.00
2015-05-04,37.36,39.63,36.26,38.53,23463422,897584384.00
2015-05-05,38.55,39.45,36.88,38.08,23157114,880395008.00
2015-05-06,38.21,39.51,37.45,38.50,26468358,1026987008.00
2015-05-07,38.14,41.20,37.76,39.93,33748949,1347017984.00
2015-05-08,40.33,43.93,39.95,43.93,46917943,2002876672.00
2015-05-11,43.96,48.33,43.91,48.33,46636646,2202174976.00
2015-05-12,48.59,48.95,46.04,48.15,40686322,1937129344.00
2015-05-13,47.71,52.97,46.95,51.64,45323272,2343739136.00
2015-05-14,51.00,54.30,50.56,52.01,35795745,1867619328.00
2015-05-15,51.01,53.90,48.00,52.36,25861754,1320205440.00
2015-05-18,52.36,57.60,50.90,57.60,36937464,2026123008.00
2015-05-19,59.83,60.98,57.70,58.45,30508173,1802068096.00
2015-05-20,58.85,64.30,58.81,64.30,22999379,1450769408.00
2015-05-21,67.51,70.68,64.00,70.00,32227565,2182684416.00
2015-06-23,63.00,63.00,63.00,63.00,1564500,98563504.00
2015-06-24,56.70,56.70,56.70,56.70,1523200,86365440.00
2015-06-25,52.22,54.90,51.03,51.03,60083294,3125479168.00
2015-06-26,46.40,46.94,45.93,45.93,10036800,462722016.00
2015-06-29,41.34,41.34,41.34,41.34,6698200,276903584.00
2015-06-30,37.21,45.47,37.21,43.80,69134247,2727114496.00
2015-07-01,42.00,44.56,39.42,39.42,46668033,1966718720.00
2015-07-02,36.50,38.90,35.48,35.48,38097991,1365297152.00
2015-07-03,31.96,36.43,31.93,31.93,48519017,1603011840.00
2015-07-06,33.50,34.60,28.74,28.74,59478504,1775730176.00
2015-07-07,26.25,27.83,25.87,25.87,24356496,635121536.00
2015-07-08,23.28,26.80,23.28,25.31,164116830,3921531648.00
2015-07-09,23.00,27.84,23.00,27.84,63199125,1656162048.00
2015-07-10,29.00,30.62,28.10,30.62,23267503,697380864.00
2015-07-13,33.00,33.68,31.60,33.68,44955620,1488550400.00
2015-07-14,34.00,37.05,33.65,36.98,65430508,2362299904.00
2015-07-15,35.30,36.20,33.28,33.28,25833050,880574080.00
2015-07-16,31.50,34.96,29.95,32.49,42332703,1376486656.00
2015-07-17,33.00,35.74,32.60,35.49,38946290,1347555072.00
2015-07-20,34.96,39.00,34.50,37.15,41720235,1532598144.00
2015-07-21,36.00,38.00,35.40,37.06,29921421,1108888448.00
2015-07-22,37.08,39.86,37.08,38.90,40102847,1545332480.00
2015-07-23,39.27,40.90,37.68,40.09,38358739,1509700352.00
2015-07-24,40.30,44.10,39.55,42.19,49055383,2078486656.00
2015-07-27,41.13,46.37,37.97,37.97,69297903,2942597888.00
2015-07-28,35.05,39.99,34.77,37.35,53583212,1994989952.00
2015-07-29,38.40,41.00,33.63,40.92,51817245,1909300096.00
2015-07-30,40.50,43.28,39.30,39.57,59292118,2479007744.00
2015-07-31,38.30,39.48,35.69,36.40,37010877,1396459648.00
2015-08-03,35.00,35.87,32.76,32.76,27100774,906319360.00
2015-08-04,32.60,36.04,30.60,36.04,48981470,1655582976.00
2015-08-05,35.38,36.39,33.50,34.14,41873041,1478254592.00
2015-08-06,32.50,34.46,32.20,32.84,25187200,841823552.00
2015-08-07,33.59,35.02,33.33,34.44,30555518,1048263296.00
2015-08-10,35.02,37.88,35.00,37.88,37005782,1359653120.00
2015-08-11,38.46,39.68,37.10,38.04,45466949,1751149312.00
2015-08-12,37.34,39.96,37.13,38.20,34437330,1336527360.00
2015-08-13,38.18,42.00,36.31,41.38,40954179,1580786816.00
2015-08-14,41.14,41.98,40.17,40.67,38935946,1596148608.00
2015-08-17,40.01,42.81,39.85,41.59,36706796,1524078720.00
2015-08-18,41.80,42.25,37.43,37.43,39558713,1564139904.00
2015-08-19,35.20,38.87,33.70,37.73,37124911,1335597696.00
2015-08-20,37.81,39.75,36.05,36.53,35621480,1370460416.00
2015-08-21,35.11,36.47,32.91,32.91,31886459,1101486208.00
2015-08-24,30.28,31.58,29.62,29.62,13667107,407762688.00
2015-08-25,26.66,27.38,26.66,26.66,16678637,445674304.00
2015-08-26,26.66,27.55,23.99,23.99,42152995,1060087872.00
2015-08-27,24.60,25.25,21.60,24.00,41736987,988386240.00
2015-08-28,24.99,26.40,24.20,26.40,42040605,1066961664.00
2015-08-31,26.87,27.35,25.90,25.95,39238232,1044186496.00
2015-09-01,25.03,25.30,23.36,23.36,27175629,646180096.00
2015-09-02,21.11,24.26,21.02,21.02,36833256,810217984.00
2015-09-07,21.50,22.99,21.31,21.82,29264734,648753600.00
2015-09-08,21.46,24.00,21.36,23.95,28801411,655336192.00
2015-09-09,24.70,26.08,24.28,25.85,37696917,956821440.00
2015-09-10,25.40,26.55,25.00,25.25,27198307,701620480.00
2015-09-11,25.03,26.30,25.03,25.90,22340014,577561088.00
2015-09-14,26.48,26.56,23.31,23.31,25337231,621310016.00
2015-09-15,21.62,22.49,20.98,20.98,31923592,681910464.00
2015-09-16,21.02,23.08,20.51,23.08,34128374,748263104.00
2015-09-17,23.43,24.50,22.60,22.60,41416828,978409344.00
2015-09-22,25.47,25.47,25.47,25.47,0,0.00
数据来源:通达信
