002276 万马股份 日线 前复权
      日期	    开盘	    最高	    最低	    收盘	    成交量	    成交额
2009-07-10,6.02,7.27,6.02,6.97,34203389,842364928.00
2009-07-13,6.25,7.48,6.25,6.83,21450817,541252544.00
2009-07-14,6.62,6.80,6.49,6.54,13638520,335155264.00
2009-07-15,6.50,7.22,6.50,7.22,16149022,425669984.00
2009-07-16,7.46,7.51,6.99,7.39,19507526,527886624.00
2009-07-20,7.27,7.30,6.85,7.15,9979435,263789264.00
2009-07-21,7.15,7.15,6.66,6.77,11425598,290514816.00
2009-07-22,6.74,7.10,6.73,6.88,8331133,214730784.00
2009-07-23,6.79,6.84,6.60,6.73,5652336,141083776.00
2009-07-24,6.71,6.93,6.44,6.56,6456284,160361152.00
2009-07-27,6.55,7.03,6.45,6.83,9787483,245634176.00
2009-07-28,6.66,6.76,6.54,6.67,5986320,147916880.00
2009-07-29,6.59,7.36,6.59,7.36,19434019,511261952.00
2009-07-30,7.26,8.10,7.18,7.78,20290158,582247808.00
2009-08-04,7.64,8.27,7.43,7.66,11937544,347279488.00
2009-08-05,7.49,7.99,7.33,7.71,9446454,265803776.00
2009-08-06,7.62,7.63,7.28,7.29,6129581,168980736.00
2009-08-07,7.27,7.68,7.20,7.38,7203629,199673888.00
2009-08-10,7.43,7.54,6.99,7.05,5947443,159833328.00
2009-08-11,7.06,7.06,6.77,6.91,4745293,121898504.00
2009-08-12,6.81,7.04,6.57,6.63,5445512,138282304.00
2009-08-13,6.68,6.79,6.42,6.71,4278752,105496688.00
2009-08-14,6.66,6.71,6.43,6.48,3685754,90195872.00
2009-08-17,6.29,6.84,6.27,6.67,6924513,171248912.00
2009-08-18,6.56,7.35,6.51,7.19,9226661,240310192.00
2009-08-19,7.06,7.34,6.82,7.03,8179610,215414432.00
2009-08-20,6.96,7.63,6.91,7.52,9859991,271102720.00
2009-08-24,7.36,7.77,7.13,7.58,8431653,231459120.00
2009-08-25,7.57,7.57,6.80,6.96,7016959,185196432.00
2009-08-26,6.95,7.20,6.86,7.01,4683203,122949408.00
2009-08-27,7.00,7.03,6.79,6.90,4089677,105032336.00
2009-08-28,6.87,7.12,6.82,6.83,3800446,98655944.00
2009-08-31,6.71,6.71,6.29,6.41,4053403,97816272.00
2009-09-01,6.39,7.03,6.39,6.90,6278249,157869232.00
2009-09-02,6.79,7.01,6.74,6.91,4035361,103003200.00
2009-09-03,6.85,7.17,6.78,7.11,5147197,135008256.00
2009-09-04,7.05,7.25,7.01,7.07,5078897,134073032.00
2009-09-07,7.07,7.32,7.03,7.08,5555779,147754608.00
2009-09-08,7.06,7.06,6.74,7.01,4603738,118347232.00
2009-09-09,7.01,7.55,6.84,7.36,8283114,221308544.00
2009-09-10,7.25,7.48,7.18,7.19,6379794,173306624.00
2009-09-11,7.10,7.64,7.05,7.41,7329604,201561680.00
2009-09-14,7.41,7.68,7.35,7.49,6127775,170659184.00
2009-09-15,7.35,7.48,7.26,7.29,5184092,141507840.00
2009-09-16,7.27,8.04,7.22,8.04,11110092,316300096.00
2009-09-17,8.04,8.33,7.87,7.93,10145987,303406336.00
2009-09-18,7.82,8.38,7.74,7.82,8955488,268976480.00
2009-09-21,7.71,7.87,7.23,7.55,6254409,173683936.00
2009-09-22,7.48,7.76,7.34,7.37,4122152,115399480.00
2009-09-23,7.32,7.62,7.30,7.43,3754594,103819720.00
2009-09-24,7.29,7.52,6.88,7.08,4549361,121486832.00
2009-09-28,7.04,7.19,6.68,6.76,3190215,82483720.00
2009-09-29,6.79,7.13,6.63,6.99,4038018,103748568.00
2009-09-30,6.98,7.13,6.96,6.96,2912390,76252264.00
2009-10-09,7.10,7.35,7.02,7.29,3547145,94985072.00
2009-10-12,6.99,7.28,6.96,7.07,8803284,231061456.00
2009-10-13,7.00,7.18,6.85,7.16,5659934,148145536.00
2009-10-14,7.21,7.38,7.14,7.18,6557418,176695664.00
2009-10-15,7.19,7.40,7.19,7.27,4825081,130716688.00
2009-10-16,7.30,7.35,7.02,7.11,4641362,123080920.00
2009-10-19,7.11,7.29,7.11,7.27,4349457,116783592.00
2009-10-20,7.29,7.54,7.29,7.52,6421030,177273024.00
2009-10-21,7.51,7.58,7.36,7.36,5266962,145863536.00
2009-10-22,7.29,7.68,7.27,7.60,7684621,214387696.00
2009-10-23,7.63,7.73,7.52,7.66,7726375,219025520.00
2009-10-26,7.57,7.65,7.41,7.49,4245698,117979704.00
2009-10-27,7.44,7.47,7.07,7.07,5756496,153825440.00
2009-10-28,7.07,7.27,6.99,7.23,3352660,88870088.00
2009-10-29,7.10,7.21,7.00,7.00,2710009,71371280.00
2009-10-30,7.07,7.26,7.04,7.07,3564168,94580112.00
2009-11-02,6.92,7.21,6.85,7.18,3896310,102080960.00
2009-11-03,7.21,7.32,7.14,7.30,4160516,112084080.00
2009-11-04,7.30,7.37,7.23,7.26,3579740,96951928.00
2009-11-05,7.26,7.37,7.24,7.37,4138195,112548400.00
2009-11-06,7.43,7.45,7.29,7.33,3890398,106241096.00
2009-11-09,7.30,7.41,7.25,7.34,2982203,81203152.00
2009-11-10,7.36,7.44,7.29,7.37,4195619,114786752.00
2009-11-11,7.38,7.41,7.22,7.25,3345828,90526944.00
2009-11-12,7.25,7.31,7.13,7.15,3793066,101775824.00
2009-11-13,7.13,7.25,7.10,7.23,2979832,79490552.00
2009-11-16,7.28,7.51,7.28,7.45,5634674,155192336.00
2009-11-17,7.48,7.55,7.36,7.54,5639945,156522416.00
2009-11-18,7.57,7.59,7.39,7.47,4017153,111635376.00
2009-11-19,7.46,7.79,7.45,7.67,7762406,221350672.00
2009-11-20,7.66,7.83,7.66,7.66,6678278,191390912.00
2009-11-23,7.66,7.78,7.56,7.77,5487629,155566288.00
2009-11-24,7.80,7.82,7.12,7.22,6105621,171565920.00
2009-11-25,7.24,7.54,7.16,7.53,4478343,122851480.00
2009-11-26,7.51,7.60,7.18,7.23,4606148,126413176.00
2009-11-27,7.19,7.92,7.13,7.75,12124531,342591808.00
2009-11-30,7.70,8.10,7.70,7.99,11217610,329350336.00
2009-12-01,7.93,8.77,7.83,8.55,12264033,372469408.00
2009-12-02,8.53,8.71,8.35,8.44,10481947,330987168.00
2009-12-03,8.46,9.00,8.43,8.71,10481334,339307904.00
2009-12-04,8.60,8.74,7.93,8.13,9833292,302051008.00
2009-12-07,8.18,8.41,8.10,8.29,4191382,127967480.00
2009-12-08,8.27,8.27,7.95,8.10,4287340,128402040.00
2009-12-09,7.99,8.23,7.99,8.12,3222296,96922760.00
2009-12-10,8.11,8.38,8.02,8.36,4177090,127315656.00
2009-12-11,8.33,8.40,8.09,8.10,3515764,107076032.00
2009-12-14,8.10,8.10,7.72,7.90,3998974,116726200.00
2009-12-15,7.91,8.03,7.85,7.95,2334821,68734760.00
2009-12-16,7.92,8.01,7.78,7.80,2324694,67799184.00
2009-12-17,7.77,7.88,7.60,7.63,2690772,76640632.00
2009-12-18,7.60,7.81,7.57,7.67,3152627,90005800.00
2009-12-21,7.68,7.91,7.68,7.84,2139317,61922520.00
2009-12-22,7.86,7.88,7.49,7.49,2599874,73588648.00
2009-12-23,7.49,7.66,7.48,7.63,1821879,51172756.00
2009-12-24,7.59,7.82,7.55,7.80,2734297,78575320.00
2009-12-25,7.80,7.88,7.74,7.76,2143392,61995648.00
2009-12-28,7.74,7.90,7.73,7.83,1824301,52927596.00
2009-12-29,7.79,8.07,7.74,8.03,3873870,113928344.00
2009-12-30,7.96,8.03,7.82,7.88,2651237,77677432.00
2009-12-31,7.88,8.09,7.88,8.02,2572958,76378360.00
2010-01-04,8.06,8.14,7.98,7.99,2226640,66362312.00
2010-01-05,7.99,8.07,7.85,8.06,2407165,71105296.00
2010-01-06,8.10,8.13,7.89,7.89,2704563,80098872.00
2010-01-07,7.83,7.90,7.61,7.67,3182847,91212448.00
2010-01-08,7.70,7.78,7.66,7.78,1695621,48508660.00
2010-01-11,7.71,7.91,7.64,7.89,2790398,80265928.00
2010-01-12,7.88,8.07,7.84,8.01,3546826,105046664.00
2010-01-13,7.88,8.00,7.77,7.79,2436107,70958368.00
2010-01-14,7.82,8.38,7.82,8.31,6713455,203034496.00
2010-01-15,8.36,8.37,8.11,8.21,3641358,110608584.00
2010-01-18,8.21,8.32,8.12,8.23,2499025,75988384.00
2010-01-19,8.23,8.28,8.05,8.08,2837621,85494360.00
2010-01-20,8.13,8.16,7.71,7.76,3284923,96442296.00
2010-01-21,7.76,7.91,7.74,7.86,2022280,58657508.00
2010-01-22,7.79,7.89,7.53,7.61,2562302,73031120.00
2010-01-25,7.54,7.76,7.54,7.56,1220569,34587856.00
2010-01-26,7.54,7.65,7.13,7.32,2343429,64214440.00
2010-01-27,7.27,7.35,7.14,7.18,1463734,39444000.00
2010-01-28,7.26,7.32,7.02,7.10,1670210,44477200.00
2010-01-29,7.11,7.24,7.09,7.11,1608276,42719560.00
2010-02-01,7.00,7.07,6.58,6.68,2721893,68118688.00
2010-02-02,6.68,6.85,6.60,6.64,1558185,39096408.00
2010-02-03,6.68,6.75,6.33,6.75,1904724,46638816.00
2010-02-04,6.71,6.80,6.58,6.73,1575551,39489796.00
2010-02-05,6.57,6.65,6.46,6.49,1558833,38033616.00
2010-02-08,6.49,6.76,6.44,6.66,1279313,31726124.00
2010-02-09,6.60,6.73,6.60,6.69,748287,18606972.00
2010-02-10,6.73,6.77,6.68,6.75,746061,18674166.00
2010-02-11,6.75,6.86,6.72,6.74,1054661,26658024.00
2010-02-12,6.82,6.82,6.74,6.80,791234,19982002.00
2010-02-22,6.82,6.87,6.71,6.81,1005752,25394716.00
2010-02-23,6.81,6.81,6.54,6.68,1275837,31503830.00
2010-02-24,6.60,6.83,6.59,6.83,1289916,32453598.00
2010-02-25,6.83,7.01,6.83,6.99,1905208,49316884.00
2010-02-26,6.99,7.04,6.90,6.98,1450854,37582224.00
2010-03-01,6.98,7.18,6.98,7.12,2345319,62065176.00
2010-03-02,7.13,7.38,7.10,7.37,4006500,108190384.00
2010-03-03,7.41,8.09,7.35,7.99,8439374,243780144.00
2010-03-04,8.27,8.46,8.00,8.14,16266025,495129600.00
2010-03-05,8.21,8.23,7.99,8.11,5165021,154948640.00
2010-03-08,8.10,8.30,8.00,8.13,4959014,149802496.00
2010-03-09,8.07,8.15,7.92,7.93,3711874,110020616.00
2010-03-10,7.91,8.04,7.85,7.98,2378590,70028592.00
2010-03-11,7.96,8.34,7.91,8.28,5059802,152813792.00
2010-03-12,8.29,8.45,8.09,8.10,5720222,175320768.00
2010-03-15,8.02,8.15,7.88,7.96,2886082,85660896.00
2010-03-16,7.95,8.02,7.79,7.85,2087841,61092148.00
2010-03-17,7.84,8.09,7.84,8.09,2246103,66644732.00
2010-03-18,8.08,8.15,7.97,8.01,2226537,66324488.00
2010-03-19,8.03,8.16,8.00,8.14,2089772,62723832.00
2010-03-22,8.16,8.21,8.05,8.15,1827002,54892668.00
2010-03-23,8.11,8.37,8.09,8.27,3628763,110833840.00
2010-03-24,8.24,8.86,8.23,8.61,7578314,241055808.00
2010-03-26,8.41,8.57,8.21,8.43,3769460,117029848.00
2010-03-29,8.41,8.41,8.12,8.24,3439438,104692616.00
2010-03-30,8.43,8.82,8.43,8.44,5936154,189090304.00
2010-03-31,8.46,9.21,8.32,9.11,8405764,275998976.00
2010-04-01,9.11,9.35,9.01,9.18,7219001,244732896.00
2010-04-02,9.15,9.91,9.08,9.76,9076393,317665280.00
2010-04-06,9.77,10.01,9.55,9.78,10922101,393584608.00
2010-04-07,9.84,10.61,9.71,10.18,29056050,537984896.00
2010-04-08,10.11,10.17,9.80,9.82,18794345,343577280.00
2010-04-09,9.81,10.11,9.79,9.93,13860516,253300288.00
2010-04-12,10.03,10.33,9.84,10.33,16288637,300249088.00
2010-04-13,10.35,10.62,9.66,9.89,21279896,395978112.00
2010-04-14,9.90,10.07,9.66,9.96,7840986,142554224.00
2010-04-15,9.98,9.98,9.74,9.83,7003033,126550160.00
2010-04-16,9.83,9.93,9.67,9.87,4414983,79484736.00
2010-04-20,9.31,9.52,8.87,9.27,8277516,140602624.00
2010-04-21,9.27,9.54,9.27,9.46,5113160,88580088.00
2010-04-22,9.46,9.46,9.14,9.19,6171464,105082976.00
2010-04-23,9.13,9.18,8.92,8.93,6331832,105097192.00
2010-04-26,8.96,9.23,8.88,9.06,3813235,63622548.00
2010-04-27,8.96,9.06,8.14,8.52,5732319,90859344.00
2010-04-28,8.40,8.62,8.16,8.37,2926416,45400892.00
2010-04-29,8.37,8.56,8.18,8.19,2760002,42660284.00
2010-04-30,8.14,8.27,7.57,7.79,3810248,55177336.00
2010-05-04,7.63,7.88,7.47,7.73,2087418,29745616.00
2010-05-05,7.70,8.52,7.58,8.52,4742023,70955984.00
2010-05-06,8.66,8.97,8.46,8.56,9211806,147948960.00
2010-05-07,8.24,8.68,8.13,8.46,3630054,56677916.00
2010-05-10,8.53,8.67,8.13,8.34,2886255,44720608.00
2010-05-11,8.49,8.60,7.84,7.88,3103406,47209600.00
2010-05-12,7.85,7.96,7.52,7.63,2738293,38807980.00
2010-05-13,7.64,7.93,7.48,7.91,2942341,41894220.00
2010-05-14,7.88,8.03,7.74,7.90,2598985,37991712.00
2010-05-17,7.80,7.80,7.35,7.35,2755100,38624088.00
2010-05-18,7.28,7.41,6.68,7.17,3507837,45746360.00
2010-05-19,7.10,7.33,6.96,7.18,2541891,33775536.00
2010-05-20,7.14,7.23,6.77,6.80,3011507,38992888.00
2010-05-21,6.68,7.10,6.46,7.07,3564535,44862816.00
2010-05-24,7.10,7.43,7.10,7.37,3980413,53973472.00
2010-05-25,7.37,7.37,7.13,7.17,3142850,42014252.00
2010-05-26,7.02,7.26,7.02,7.18,1971738,26170974.00
2010-05-27,7.03,7.34,6.96,7.27,3584370,47776844.00
2010-05-28,7.36,7.54,7.28,7.50,5258397,72323152.00
2010-05-31,7.48,7.48,7.16,7.16,3273441,44464592.00
2010-06-01,7.06,7.13,6.74,6.88,2807813,35892032.00
2010-06-02,6.83,7.08,6.79,7.07,2420355,31386374.00
2010-06-03,7.07,7.16,6.96,6.97,2323192,30454622.00
2010-06-04,6.85,7.11,6.82,7.04,2026629,26056048.00
2010-06-07,6.86,7.74,6.82,7.58,6801117,92055848.00
2010-06-08,7.57,8.12,7.49,7.91,10407356,149643808.00
2010-06-09,7.94,8.04,7.74,7.91,6188590,89496536.00
2010-06-10,7.89,8.11,7.80,7.96,5910221,87134592.00
2010-06-11,7.96,8.11,7.73,7.78,4674013,68340040.00
2010-06-17,7.84,7.93,7.71,7.74,3067681,44267084.00
2010-06-18,7.63,7.74,7.07,7.14,4027498,55087988.00
2010-06-21,7.13,7.39,7.02,7.32,2407173,32223454.00
2010-06-22,7.28,7.57,7.26,7.43,2412103,33394182.00
2010-06-23,7.41,7.79,7.33,7.74,4189751,58689532.00
2010-06-24,7.77,7.77,7.60,7.63,3673381,52056848.00
2010-06-25,7.57,7.57,7.36,7.45,2107153,29063370.00
2010-06-28,7.35,7.71,7.29,7.57,2936963,41022676.00
2010-06-29,7.53,7.61,7.00,7.02,3531359,46969112.00
2010-06-30,6.95,6.95,6.71,6.77,2102131,26540252.00
2010-07-01,6.74,6.88,6.47,6.58,2400910,29678616.00
2010-07-02,6.58,6.88,6.41,6.87,3044329,37564760.00
2010-07-05,6.77,6.79,6.54,6.69,1840812,22863586.00
2010-07-06,6.68,6.93,6.68,6.86,1981872,25115048.00
2010-07-07,6.86,6.86,6.67,6.78,2681771,33578284.00
2010-07-08,6.76,6.84,6.57,6.61,2698164,33350520.00
2010-07-09,6.57,6.79,6.47,6.72,4033429,49883752.00
2010-07-12,6.72,7.18,6.72,7.12,5510988,71071400.00
2010-07-13,7.10,7.10,6.83,6.88,3639124,46793520.00
2010-07-14,6.91,7.05,6.86,6.91,2614250,33637504.00
2010-07-15,6.91,6.97,6.66,6.71,2390419,30259870.00
2010-07-16,6.66,6.78,6.51,6.72,2016690,24827590.00
2010-07-19,6.68,6.92,6.56,6.86,1856952,23370010.00
2010-07-20,6.88,7.16,6.86,7.10,4203009,54897264.00
2010-07-21,7.18,7.27,7.07,7.13,4469910,59283124.00
2010-07-22,7.06,7.22,7.02,7.22,3481654,46072176.00
2010-07-23,7.24,7.57,7.12,7.52,6316854,85673488.00
2010-07-26,7.46,7.56,7.33,7.47,5289509,72996904.00
2010-07-27,7.48,7.84,7.39,7.70,8264202,116908832.00
2010-07-28,7.66,7.85,7.58,7.77,7241504,103651040.00
2010-07-29,7.74,7.79,7.58,7.66,5788566,82189600.00
2010-07-30,7.66,7.76,7.51,7.54,4384821,61701500.00
2010-08-02,7.55,7.73,7.53,7.71,3975399,56263648.00
2010-08-03,7.74,7.97,7.72,7.72,8360232,121071240.00
2010-08-04,7.66,7.73,7.43,7.61,4909904,68713128.00
2010-08-05,7.63,8.04,7.63,7.91,9921485,144554880.00
2010-08-06,7.89,8.11,7.84,8.09,8485871,125485616.00
2010-08-09,8.09,8.17,7.97,8.09,6221127,92635936.00
2010-08-10,8.09,8.12,7.57,7.60,6860251,99711152.00
2010-08-11,7.57,7.80,7.55,7.76,3425917,48739124.00
2010-08-12,7.63,7.79,7.57,7.61,2783080,39439620.00
2010-08-13,7.58,7.78,7.58,7.77,2837222,40410140.00
2010-08-16,7.77,8.01,7.74,7.95,4973261,72797152.00
2010-08-17,8.01,8.02,7.88,7.97,4456459,65453900.00
2010-08-18,7.97,8.11,7.86,8.10,5809170,85538664.00
2010-08-19,8.10,8.12,7.97,8.02,5583767,82974872.00
2010-08-20,7.96,7.97,7.63,7.67,4477224,64455900.00
2010-08-23,7.68,7.78,7.68,7.68,2235857,31873862.00
2010-08-24,7.70,7.83,7.61,7.77,2393060,34229912.00
2010-08-25,7.79,7.79,7.57,7.58,2607262,36919996.00
2010-08-26,7.59,7.65,7.52,7.56,2370717,33178538.00
2010-08-27,7.57,7.63,7.48,7.60,1687663,23649332.00
2010-08-30,7.60,7.82,7.60,7.82,3596139,51527308.00
2010-08-31,7.78,7.93,7.72,7.90,4274133,61823896.00
2010-09-01,7.92,7.96,7.63,7.67,3794137,54516532.00
2010-09-02,7.74,7.84,7.69,7.79,3254716,46757236.00
2010-09-03,7.84,7.97,7.74,7.92,5558853,80987360.00
2010-09-06,7.95,8.11,7.81,7.86,4961340,72654488.00
2010-09-07,7.85,8.33,7.84,8.28,11042715,165391280.00
2010-09-08,8.23,8.23,8.07,8.18,6777819,101984976.00
2010-09-09,8.21,8.22,7.91,7.93,6176908,91646424.00
2010-09-10,7.93,7.97,7.69,7.78,4912565,70800984.00
2010-09-13,7.78,7.96,7.74,7.91,3646234,53124444.00
2010-09-15,7.91,7.91,7.72,7.73,2972212,42659956.00
2010-09-16,7.71,7.82,7.51,7.61,2946359,41597068.00
2010-09-17,7.61,7.68,7.51,7.52,1944291,27257872.00
2010-09-20,7.53,7.78,7.53,7.73,3182766,45427144.00
2010-09-21,7.74,7.77,7.54,7.59,1599611,22479468.00
2010-09-27,7.59,7.73,7.59,7.73,1788487,25354452.00
2010-09-28,7.73,7.74,7.57,7.62,1954842,27571500.00
2010-09-29,7.79,7.79,7.57,7.61,1728522,24443210.00
2010-09-30,7.57,7.63,7.47,7.60,2001630,27922758.00
2010-10-08,7.66,7.87,7.63,7.81,3692058,52997924.00
2010-10-11,7.82,8.01,7.79,7.93,5807468,84999584.00
2010-10-12,7.95,8.14,7.86,8.09,6722690,100003048.00
2010-10-13,8.10,8.24,7.96,8.06,5905333,88178632.00
2010-10-14,8.07,8.16,7.85,7.96,5953487,87927456.00
2010-10-15,7.96,8.04,7.85,7.98,4694992,68976064.00
2010-10-18,7.98,8.79,7.96,8.79,19498754,304632480.00
2010-10-22,9.31,9.61,8.89,8.99,22041321,373560512.00
2010-10-25,8.99,9.31,8.96,9.13,11897901,199243424.00
2010-10-26,9.16,9.22,8.96,9.04,7814187,130144744.00
2010-10-27,9.06,9.71,9.06,9.42,16108968,280520640.00
2010-10-28,9.24,9.38,9.07,9.23,7433694,125916336.00
2010-10-29,9.23,9.67,9.23,9.29,7597267,131638120.00
2010-11-01,9.26,9.51,9.13,9.41,8074564,138026992.00
2010-11-02,9.44,9.45,9.14,9.18,7931905,135187968.00
2010-11-03,9.18,9.24,8.69,8.73,6936860,114136880.00
2010-11-04,8.68,8.86,8.66,8.84,4067237,65988804.00
2010-11-05,8.84,9.04,8.84,8.93,4807918,79225488.00
2010-11-09,9.24,9.79,9.14,9.46,11681465,203935888.00
2010-11-10,9.46,9.46,9.18,9.31,5781785,98952360.00
2010-11-11,9.22,9.52,9.16,9.17,7437369,128198688.00
2010-11-12,9.14,9.14,8.28,8.36,8047494,129414712.00
2010-11-15,8.27,8.57,8.26,8.53,3879308,60255560.00
2010-11-16,8.46,8.68,8.23,8.27,4412570,68835808.00
2010-11-17,8.24,8.47,8.18,8.23,2965864,45471236.00
2010-11-18,8.29,8.46,8.21,8.37,2105081,32365408.00
2010-11-19,8.41,8.51,8.24,8.51,3223376,49862752.00
2010-11-22,8.46,8.78,8.38,8.69,4618078,73428648.00
2010-11-23,8.67,8.67,8.27,8.44,2939740,45583356.00
2010-11-24,8.44,8.77,8.43,8.75,4124876,65838708.00
2010-11-25,8.77,8.82,8.63,8.74,3774651,60638524.00
2010-11-26,8.77,8.77,8.46,8.55,2929005,46345428.00
2010-11-29,8.42,8.55,8.29,8.46,2831719,43969680.00
2010-11-30,8.44,8.54,7.95,8.10,3498070,52994824.00
2010-12-01,8.11,8.20,8.07,8.08,1666972,24981112.00
2010-12-02,8.18,8.67,8.13,8.57,6154421,96320208.00
2010-12-03,8.51,9.07,8.34,8.85,10087324,163616992.00
2010-12-06,8.77,8.84,8.42,8.52,3996135,63377932.00
2010-12-07,8.53,8.57,8.27,8.49,2526052,39160040.00
2010-12-08,8.50,8.71,8.41,8.67,3908858,61774736.00
2010-12-09,8.69,8.93,8.69,8.74,7931300,129070504.00
2010-12-10,8.77,8.85,8.53,8.79,4219757,67479896.00
2010-12-13,8.90,8.98,8.78,8.91,7041914,115460168.00
2010-12-14,8.96,9.07,8.83,9.07,8313066,137451376.00
2010-12-15,9.09,9.14,8.85,8.86,6492968,107237376.00
2010-12-16,8.85,8.94,8.75,8.79,3550965,57769080.00
2010-12-17,8.74,8.85,8.71,8.84,2332119,37758148.00
2010-12-20,8.81,8.91,8.29,8.54,4426941,70108496.00
2010-12-21,8.62,8.73,8.54,8.66,2980392,47458144.00
2010-12-22,8.59,8.68,8.47,8.50,2558585,40352108.00
2010-12-23,8.49,8.54,8.29,8.31,2829548,43662484.00
2010-12-24,8.30,8.31,8.07,8.21,2186082,32991026.00
2010-12-27,8.20,8.32,8.13,8.21,2042833,31022292.00
2010-12-28,8.21,8.30,8.04,8.04,1831634,27459502.00
2010-12-29,8.07,8.16,7.97,8.14,1335715,19910266.00
2010-12-30,8.18,8.31,8.14,8.18,1740953,26371182.00
2010-12-31,8.25,8.32,8.16,8.26,1662039,25291030.00
2011-01-04,8.30,8.41,8.28,8.34,1673551,25747078.00
2011-01-05,8.31,8.49,8.29,8.33,1857004,28732782.00
2011-01-06,8.41,8.56,8.33,8.46,3379847,52713660.00
2011-01-07,8.40,8.47,8.34,8.37,1835827,28374984.00
2011-01-10,8.37,8.37,8.08,8.08,1837762,27845952.00
2011-01-11,8.07,8.13,7.91,7.97,1560336,23083354.00
2011-01-12,7.99,8.07,7.90,7.99,1132025,16654441.00
2011-01-13,8.02,8.07,7.96,7.99,894650,13225375.00
2011-01-14,7.99,8.02,7.72,7.72,1570999,22628120.00
2011-01-17,7.60,7.68,7.21,7.25,1628074,22353350.00
2011-01-18,7.23,7.32,7.22,7.30,892614,12004938.00
2011-01-19,7.35,7.43,7.27,7.43,984922,13441755.00
2011-01-20,7.42,7.42,6.99,6.99,1709195,22719770.00
2011-01-21,7.02,7.21,6.99,7.03,1119003,14664555.00
2011-01-24,7.04,7.16,7.04,7.07,886376,11647919.00
2011-01-25,7.07,7.13,6.99,7.06,578645,7547546.00
2011-01-26,7.06,7.17,7.06,7.16,816640,10804272.00
2011-01-27,7.17,7.27,7.12,7.24,1257316,16798772.00
2011-01-28,7.27,7.35,7.21,7.31,985500,13273819.00
2011-01-31,7.31,7.37,7.27,7.34,967625,13117954.00
2011-02-01,7.36,7.38,7.21,7.29,931662,12550025.00
2011-02-09,7.23,7.31,7.22,7.23,819173,10999498.00
2011-02-10,7.23,7.41,7.19,7.39,1375763,18688852.00
2011-02-11,7.39,7.50,7.35,7.48,1467179,20197910.00
2011-02-14,7.48,7.67,7.42,7.61,2070508,28939424.00
2011-02-15,7.57,7.67,7.50,7.58,2099962,29507070.00
2011-02-16,7.58,7.72,7.54,7.72,1815895,25743932.00
2011-02-17,7.72,7.78,7.64,7.77,2074452,29610956.00
2011-02-18,7.76,7.76,7.60,7.61,2034877,28760436.00
2011-02-21,7.50,7.72,7.50,7.71,1888001,26734490.00
2011-02-22,7.75,7.76,7.52,7.52,2101211,29517130.00
2011-02-23,7.52,8.10,7.48,8.01,3607336,52084408.00
2011-02-24,7.91,8.02,7.84,7.91,2942594,43074040.00
2011-02-25,7.91,7.99,7.85,7.86,1888158,27603084.00
2011-02-28,7.87,7.96,7.86,7.91,1339999,19573052.00
2011-03-01,7.91,8.07,7.85,7.94,1968315,28933406.00
2011-03-02,7.93,7.93,7.72,7.82,1519920,21893578.00
2011-03-03,7.83,7.97,7.71,7.72,1816168,26290098.00
2011-03-04,7.72,7.80,7.65,7.77,1226283,17484218.00
2011-03-07,7.75,8.12,7.75,8.01,3753973,55201448.00
2011-03-08,7.99,7.99,7.87,7.94,1836095,26876442.00
2011-03-09,7.95,8.10,7.95,8.04,2374321,35180068.00
2011-03-10,7.97,8.07,7.94,7.98,2440043,36081008.00
2011-03-11,7.97,8.57,7.95,8.26,6954498,106298320.00
2011-03-14,8.19,8.38,8.18,8.26,3553829,54270272.00
2011-03-15,8.26,8.32,7.91,8.17,3649264,54566180.00
2011-03-16,8.14,8.24,8.11,8.20,2165981,32649364.00
2011-03-17,8.16,8.45,8.07,8.40,5643869,86885520.00
2011-03-18,8.48,8.66,8.41,8.43,3948198,61894996.00
2011-03-21,8.43,8.56,8.35,8.43,3194638,49734892.00
2011-03-22,8.44,8.64,8.41,8.62,4482581,70717504.00
2011-03-23,8.62,8.67,8.49,8.64,3519409,55676032.00
2011-03-24,8.61,8.63,8.44,8.46,3115165,48756772.00
2011-03-25,8.46,8.57,8.42,8.45,2746340,42880020.00
2011-03-28,8.46,8.62,8.34,8.60,4307759,67374480.00
2011-03-29,8.60,8.60,8.35,8.42,2552666,39807728.00
2011-03-30,8.41,8.53,8.24,8.25,3072915,47560572.00
2011-03-31,8.22,8.29,8.12,8.27,3066619,46288412.00
2011-04-01,8.25,8.44,8.22,8.38,1832974,28274978.00
2011-04-06,8.38,8.38,8.13,8.15,2086676,31610866.00
2011-04-07,8.13,8.18,8.02,8.16,1837796,27402638.00
2011-04-08,8.12,8.22,8.11,8.21,1469763,22145174.00
2011-04-11,8.16,8.38,8.16,8.21,2060002,31499246.00
2011-04-12,8.22,8.32,8.12,8.19,1813109,27377242.00
2011-04-13,8.19,8.56,8.19,8.48,3381295,52504616.00
2011-04-14,8.48,8.50,8.30,8.35,1513016,23367146.00
2011-04-15,8.35,8.58,8.30,8.54,3406947,53297424.00
2011-04-18,8.53,8.66,8.49,8.64,3355172,53152924.00
2011-04-19,8.61,8.67,8.45,8.45,2545178,40140456.00
2011-04-20,8.45,8.57,8.39,8.47,1651648,25726166.00
2011-04-21,8.47,8.47,8.29,8.31,2486833,38287292.00
2011-04-22,8.25,8.31,8.02,8.04,2876653,43170768.00
2011-04-25,8.04,8.23,8.04,8.08,1387322,20742628.00
2011-04-26,8.05,8.12,7.58,7.73,1756765,25298068.00
2011-04-27,7.71,7.84,7.55,7.66,1285834,18274456.00
2011-04-28,7.64,7.71,7.36,7.40,1322662,18407976.00
2011-04-29,7.42,7.56,7.42,7.54,692461,9615055.00
2011-05-03,7.56,7.79,7.47,7.70,1135865,16081790.00
2011-05-04,7.70,7.72,7.57,7.60,875601,12355852.00
2011-05-05,7.57,7.69,7.55,7.66,537401,7602798.00
2011-05-06,7.61,7.73,7.57,7.59,1278331,18046200.00
2011-05-09,7.59,7.64,7.46,7.47,1210392,16865792.00
2011-05-10,7.48,7.55,7.47,7.52,727718,10111829.00
2011-05-11,7.49,7.68,7.49,7.64,1022870,14395912.00
2011-05-12,7.63,7.73,7.51,7.64,1278587,17981014.00
2011-05-13,7.64,7.72,7.60,7.70,875879,12382011.00
2011-05-16,7.71,7.76,7.66,7.71,968295,13821679.00
2011-05-18,7.72,7.75,7.61,7.68,1271496,17996664.00
2011-05-19,7.64,7.69,7.52,7.53,1071482,15065085.00
2011-05-20,7.54,7.62,7.42,7.46,731700,10115213.00
2011-05-23,7.47,7.57,7.21,7.21,1186105,16013288.00
2011-05-24,7.22,7.38,7.17,7.24,1437708,19276188.00
2011-05-25,7.24,7.34,7.04,7.29,1012659,13498075.00
2011-05-26,7.24,7.30,7.09,7.30,905252,12089018.00
2011-05-27,7.23,7.26,7.08,7.13,753284,9972613.00
2011-05-30,7.16,7.16,6.87,7.02,1135220,14688100.00
2011-05-31,7.04,7.18,6.97,7.17,1677367,21917646.00
2011-06-01,7.05,7.17,7.05,7.17,946163,12435066.00
2011-06-02,7.04,7.13,6.97,7.06,690077,9001873.00
2011-06-03,7.10,7.21,7.02,7.16,834761,11049242.00
2011-06-07,7.14,7.21,7.13,7.21,606807,8058188.50
2011-06-08,7.21,7.34,7.06,7.31,1159166,15511098.00
2011-07-01,7.06,7.29,7.00,7.18,4767168,63001064.00
2011-07-04,7.17,7.43,7.08,7.41,4340100,58032352.00
2011-07-05,7.37,7.42,7.29,7.39,2533975,34454748.00
2011-07-06,7.39,7.51,7.31,7.42,2511747,34491948.00
2011-07-07,7.42,7.48,7.33,7.36,2379019,32581224.00
2011-07-08,7.32,7.41,7.32,7.35,1347843,18335812.00
2011-07-11,7.38,7.38,7.26,7.31,1105941,14952329.00
2011-07-12,7.31,7.68,7.31,7.38,3081055,42649376.00
2011-07-13,7.36,7.52,7.29,7.47,2077192,28488438.00
2011-07-14,7.47,7.56,7.29,7.49,1938163,26776076.00
2011-07-15,7.46,7.56,7.44,7.53,1823494,25334498.00
2011-07-18,7.54,7.63,7.49,7.60,1989984,27849578.00
2011-07-19,7.60,7.66,7.49,7.49,1501848,20979162.00
2011-07-20,7.52,7.62,7.47,7.56,1543220,21549000.00
2011-07-21,7.56,7.58,7.41,7.41,1143586,15806499.00
2011-07-22,7.42,7.52,7.28,7.31,1127055,15416653.00
2011-07-25,7.34,7.34,6.93,6.95,1682169,22049164.00
2011-07-26,6.95,7.12,6.94,7.08,1290553,16845296.00
2011-07-27,7.06,7.24,6.99,7.16,854592,11306556.00
2011-07-28,7.08,7.26,7.01,7.17,1144337,15108457.00
2011-07-29,7.13,7.18,7.06,7.08,619647,8147620.50
2011-08-01,7.08,7.21,6.99,7.11,689954,9100296.00
2011-08-02,7.10,7.10,6.99,7.07,740348,9641870.00
2011-08-03,7.02,7.19,6.99,7.12,965964,12695003.00
2011-08-04,7.16,7.27,7.13,7.19,1170122,15627554.00
2011-08-05,7.02,7.11,6.83,7.06,849951,11055220.00
2011-08-08,7.02,7.70,6.87,7.22,5384575,72301328.00
2011-08-09,6.92,7.58,6.48,7.38,5718789,76922688.00
2011-08-10,8.02,8.02,7.56,7.62,13775522,197333904.00
2011-08-11,7.41,7.89,7.36,7.82,9246834,132892440.00
2011-08-12,7.96,8.12,7.76,7.79,9572613,139923488.00
2011-08-15,7.80,8.02,7.67,7.86,7144101,103317176.00
2011-08-16,7.89,7.93,7.71,7.73,4007789,57680532.00
2011-08-17,7.68,7.94,7.63,7.85,5273972,76114064.00
2011-08-18,7.79,7.79,7.59,7.67,3807239,53948468.00
2011-08-19,7.41,7.56,7.40,7.56,3408598,47099560.00
2011-08-22,7.52,7.66,7.42,7.51,2339453,32503982.00
2011-08-23,7.55,7.61,7.48,7.58,2132558,29722114.00
2011-08-24,7.66,7.89,7.57,7.82,6761259,97117056.00
2011-08-25,7.93,7.93,7.69,7.83,3672210,52857176.00
2011-08-26,7.75,7.84,7.72,7.81,1729157,24814006.00
2011-08-29,7.72,7.89,7.71,7.78,2951763,42628880.00
2011-08-30,7.71,7.84,7.58,7.62,3136782,44685448.00
2011-08-31,7.49,8.04,7.49,7.98,8291022,120800368.00
2011-09-01,7.93,8.10,7.85,8.06,6908181,101981656.00
2011-09-02,8.10,8.27,7.93,8.10,5856442,87280808.00
2011-09-05,8.02,8.07,7.71,7.89,4454777,65151752.00
2011-09-06,7.77,7.82,7.60,7.70,2429053,34596300.00
2011-09-07,7.88,8.04,7.76,7.98,3539557,51670440.00
2011-09-08,7.97,8.06,7.77,7.87,3158123,46001180.00
2011-09-09,7.87,7.95,7.74,7.83,1938502,28061492.00
2011-09-13,7.77,7.77,7.58,7.59,1844075,26000760.00
2011-09-14,7.64,7.96,7.64,7.81,1653741,23751972.00
2011-09-15,7.85,7.88,7.73,7.85,3105715,44803768.00
2011-09-16,7.87,7.93,7.60,7.64,3001888,42998856.00
2011-09-19,7.60,7.60,7.13,7.13,2985384,39991692.00
2011-09-20,7.13,7.26,6.92,6.98,2598234,33825008.00
2011-09-21,7.02,7.22,7.01,7.14,2370193,31188388.00
2011-09-22,7.13,7.21,7.06,7.09,1755894,23190416.00
2011-09-23,7.04,7.04,6.86,6.94,1384731,17752258.00
2011-09-26,6.97,7.01,6.74,6.76,1025317,13065648.00
2011-09-27,6.87,6.87,6.47,6.59,1981902,24274306.00
2011-09-28,6.60,6.65,6.29,6.29,1915512,23015562.00
2011-09-29,6.30,6.38,6.02,6.04,1576084,18125108.00
2011-09-30,6.10,6.10,5.91,5.98,1109394,12353056.00
2011-10-10,6.07,6.16,6.02,6.11,718309,8135454.50
2011-10-11,6.18,6.31,6.05,6.23,1597375,18434622.00
2011-10-12,6.21,6.41,6.07,6.39,1671099,19550936.00
2011-10-13,6.38,6.49,6.33,6.41,1726013,20555060.00
2011-10-14,6.38,6.56,6.24,6.39,1465513,17320290.00
2011-10-17,6.52,6.54,6.28,6.37,1390850,16490790.00
2011-10-18,6.34,6.37,5.98,6.16,1259293,14504931.00
2011-10-19,6.18,6.34,5.99,6.32,1616522,18541852.00
2011-10-20,6.44,6.59,6.18,6.34,3072717,36493032.00
2011-10-21,6.39,6.46,5.91,6.18,1664376,18940050.00
2011-10-24,6.12,6.15,5.92,6.09,1894905,21279330.00
2011-10-25,6.13,6.18,5.97,6.14,2742575,31152704.00
2011-10-26,6.21,6.51,6.12,6.41,5160029,60338280.00
2011-10-27,6.41,6.47,6.24,6.26,5065798,59688040.00
2011-10-28,6.41,6.41,6.24,6.35,3179403,37308864.00
2011-10-31,6.37,6.43,6.31,6.41,3161393,37390416.00
2011-11-01,6.34,6.42,6.30,6.40,2740905,32426098.00
2011-11-02,6.29,6.49,6.16,6.49,4771520,56474196.00
2011-11-04,6.58,6.71,6.48,6.64,6278159,76805152.00
2011-11-07,6.68,6.82,6.58,6.63,5055660,62667864.00
2011-11-08,6.61,6.63,6.43,6.43,3064687,37036304.00
2011-11-09,6.42,6.49,6.37,6.46,2467768,29488084.00
2011-11-10,6.38,6.43,6.34,6.34,2041132,24168670.00
2011-11-11,6.34,6.42,6.25,6.27,1701090,19927344.00
2011-11-14,6.32,6.92,6.32,6.92,13595193,172303984.00
2011-11-15,7.02,7.12,6.77,6.88,12804619,164341008.00
2011-11-16,6.78,7.00,6.72,6.75,7623953,96809736.00
2011-11-17,6.68,7.02,6.65,6.78,7164583,90820816.00
2011-11-18,6.72,6.87,6.64,6.74,4944678,62134592.00
2011-11-21,6.78,7.03,6.71,6.98,6988971,89418464.00
2011-11-22,6.86,7.12,6.77,6.95,8252330,106585984.00
2011-11-23,6.95,7.04,6.66,6.68,5283854,67309792.00
2011-11-24,6.63,6.64,6.36,6.46,4266300,51257860.00
2011-11-25,6.48,6.51,6.36,6.39,2639425,31533330.00
2011-11-28,6.43,6.44,6.18,6.33,2488121,29091058.00
2011-11-29,6.38,6.56,6.29,6.46,3688039,44108664.00
2011-11-30,6.43,6.46,5.79,5.96,4621150,51821988.00
2011-12-01,6.17,6.17,6.01,6.02,3627951,41020856.00
2011-12-02,5.92,6.00,5.73,5.99,2965179,32250070.00
2011-12-05,5.84,5.85,5.37,5.51,4177420,42817124.00
2011-12-06,5.41,5.43,5.27,5.38,2333494,23318732.00
2011-12-07,5.37,5.43,5.21,5.37,2673765,26627580.00
2011-12-08,5.33,5.42,5.17,5.32,2035182,20233630.00
2011-12-09,5.27,5.41,5.19,5.29,1952158,19427080.00
2011-12-12,5.27,5.34,5.21,5.22,1174196,11548367.00
2011-12-13,5.19,5.19,4.85,4.87,2140166,19840804.00
2011-12-14,4.87,4.92,4.79,4.80,1187927,10855270.00
2011-12-15,4.79,4.80,4.54,4.57,2130802,18597734.00
2011-12-16,4.51,4.73,4.51,4.73,1982105,17399100.00
2011-12-19,4.70,4.71,4.52,4.71,1858596,16123129.00
2011-12-20,4.67,4.75,4.64,4.72,1871157,16554376.00
2011-12-21,4.75,4.78,4.52,4.63,1598617,14075771.00
2011-12-22,4.54,4.66,4.28,4.66,1971695,16572674.00
2011-12-23,4.57,4.71,4.49,4.68,1583761,13812040.00
2011-12-26,4.67,4.69,4.60,4.62,1053887,9201682.00
2011-12-27,4.59,4.62,4.38,4.57,1689307,14279225.00
2011-12-28,4.46,4.58,4.43,4.55,1737460,14818348.00
2011-12-29,4.52,4.54,4.44,4.49,1050159,8892688.00
2011-12-30,4.51,4.57,4.48,4.54,1017013,8673474.00
2012-01-04,4.57,4.59,4.38,4.49,1151180,9738534.00
2012-01-05,4.41,4.46,4.27,4.42,1928919,15873256.00
2012-01-06,4.32,4.45,4.30,4.45,1789395,14821388.00
2012-01-09,4.45,4.71,4.38,4.64,3743176,31997258.00
2012-01-10,4.62,4.80,4.60,4.79,3960342,35036244.00
2012-01-11,4.84,4.95,4.81,4.85,4977107,45547976.00
2012-01-12,4.81,4.91,4.77,4.77,2975713,26971776.00
2012-01-13,4.71,4.77,4.53,4.62,2407167,20970074.00
2012-01-16,4.57,4.57,4.39,4.46,1372317,11551338.00
2012-01-17,4.40,4.67,4.40,4.66,2608791,22387612.00
2012-01-18,4.62,4.69,4.47,4.55,1997700,17225018.00
2012-01-19,4.50,4.67,4.47,4.58,1944579,16742786.00
2012-01-20,4.59,4.64,4.53,4.61,1455424,12574174.00
2012-01-30,4.64,4.66,4.53,4.57,1237042,10663909.00
2012-01-31,4.51,4.58,4.44,4.54,1381923,11715133.00
2012-02-01,4.52,4.60,4.46,4.49,1118125,9507351.00
2012-02-03,4.61,4.77,4.56,4.74,3927018,34464076.00
2012-02-06,4.72,4.77,4.65,4.74,2918502,25826808.00
2012-02-07,4.76,4.76,4.64,4.67,1894379,16655393.00
2012-02-08,4.65,4.83,4.64,4.81,2665303,23814796.00
2012-02-09,4.80,4.90,4.80,4.81,2841083,25816226.00
2012-02-10,4.80,4.90,4.77,4.86,2803956,25499744.00
2012-02-13,4.79,5.04,4.79,4.97,3850931,35651268.00
2012-02-14,4.94,5.04,4.89,4.92,1996741,18459948.00
2012-02-15,4.91,5.16,4.89,5.07,3592516,33771448.00
2012-02-16,5.03,5.09,4.98,5.06,2036592,19216044.00
2012-02-17,5.07,5.12,4.96,5.11,2811584,26680150.00
2012-02-20,5.18,5.61,5.10,5.37,7465570,74864752.00
2012-02-21,5.35,5.52,5.31,5.48,4984790,50496696.00
2012-02-22,5.49,5.56,5.41,5.53,4502746,46149488.00
2012-02-23,5.53,5.61,5.44,5.46,3633869,37476304.00
2012-02-24,5.49,5.59,5.41,5.59,4121426,42315816.00
2012-02-27,6.17,6.17,6.17,6.17,5615622,64411184.00
2012-02-28,6.34,6.57,6.29,6.35,18335773,218333568.00
2012-02-29,6.19,6.26,5.96,5.98,8686421,98110904.00
2012-03-01,5.98,6.12,5.89,6.02,4083236,45748380.00
2012-03-02,5.99,6.17,5.99,6.12,3472292,39486248.00
2012-03-05,6.12,6.28,6.05,6.19,5443555,62281360.00
2012-03-06,6.14,6.22,6.07,6.12,2679447,30607894.00
2012-03-07,6.08,6.24,6.02,6.16,3584410,41091680.00
2012-03-08,6.16,6.27,6.12,6.23,3222547,37175140.00
2012-03-09,6.24,6.34,6.18,6.33,3680627,42845560.00
2012-03-12,6.33,6.43,6.28,6.37,3384577,39796776.00
2012-03-13,6.38,6.56,6.32,6.56,4916530,59034772.00
2012-03-14,6.57,7.24,6.55,6.78,14605134,186641248.00
2012-03-15,6.64,7.07,6.60,6.90,9452262,119974312.00
2012-03-16,6.82,7.22,6.79,7.16,7924229,102393632.00
2012-03-19,7.20,7.51,7.12,7.34,9896725,134172160.00
2012-03-21,7.24,7.32,6.79,7.24,7680508,101264800.00
2012-03-22,7.64,7.98,7.58,7.98,26030821,380466304.00
2012-03-23,7.91,8.07,7.19,7.55,18173369,258092960.00
2012-03-26,7.43,7.81,7.13,7.68,10734078,148224176.00
2012-03-27,7.68,7.74,6.89,6.90,15394754,204878512.00
2012-03-28,6.73,7.08,6.54,6.55,16516596,114355584.00
2012-03-29,6.47,6.65,5.95,6.07,21214912,135221200.00
2012-03-30,6.13,6.24,5.70,5.84,19273646,118794408.00
2012-04-05,5.84,6.03,5.71,6.02,16963818,102105184.00
2012-04-06,5.96,6.09,5.88,6.08,15659868,96396568.00
2012-04-09,6.03,6.43,5.86,6.25,18529856,117367632.00
2012-04-10,6.14,6.26,5.90,6.21,11999843,74862176.00
2012-04-11,6.06,6.85,5.99,6.63,29342039,195219072.00
2012-04-12,6.47,6.64,6.40,6.59,20728317,138130752.00
2012-04-13,6.51,6.58,6.42,6.45,10383572,68850440.00
2012-04-16,6.34,6.38,6.12,6.22,10267389,65702796.00
2012-04-17,6.20,6.42,6.11,6.25,9247317,59187968.00
2012-04-18,6.25,6.50,6.12,6.39,13769700,88753456.00
2012-04-19,6.45,6.72,6.45,6.60,17262406,116116264.00
2012-04-20,6.50,6.71,6.46,6.63,14539321,98444536.00
2012-04-23,6.55,6.70,6.43,6.45,10873471,72630736.00
2012-04-24,6.42,6.49,6.07,6.25,8683598,55635368.00
2012-04-25,6.24,6.36,6.11,6.27,5513684,35326188.00
2012-04-26,6.28,6.85,6.28,6.60,14902951,101137688.00
2012-04-27,6.65,6.80,6.48,6.66,9086014,61795044.00
2012-05-02,6.68,6.79,6.68,6.75,9631712,66284792.00
2012-05-03,6.75,6.75,6.61,6.69,5339646,36359700.00
2012-05-04,6.68,7.03,6.64,6.91,11321682,79366312.00
2012-05-07,6.91,7.03,6.81,6.92,8928527,63434412.00
2012-06-08,7.55,7.55,6.22,6.45,25209981,175340288.00
2012-06-11,6.19,6.53,5.99,6.36,10993144,70071288.00
2012-06-12,6.15,6.23,6.08,6.10,6210282,39076424.00
2012-06-13,6.07,6.20,6.07,6.12,4895978,30683124.00
2012-06-14,6.07,6.25,6.03,6.14,6757080,42490332.00
2012-06-15,6.10,6.25,6.06,6.19,5215106,32962682.00
2012-06-18,6.24,6.25,6.11,6.15,3143833,19806112.00
2012-06-19,6.15,6.21,6.08,6.15,6164374,38854728.00
2012-06-20,6.11,6.23,6.08,6.11,4494217,28255114.00
2012-06-21,6.09,6.10,5.85,5.95,4033729,24556232.00
2012-06-25,5.92,5.92,5.47,5.52,5122703,29839182.00
2012-06-26,5.45,5.52,5.28,5.38,3929709,21774162.00
2012-06-27,5.37,5.41,5.15,5.33,3863676,21098620.00
2012-06-28,5.32,5.32,5.15,5.15,2513433,13543741.00
2012-06-29,5.16,5.26,4.96,5.25,3075701,16156344.00
2012-07-02,5.26,5.33,5.10,5.13,4086469,21799894.00
2012-07-03,5.14,5.19,5.07,5.13,2802736,14816490.00
2012-07-04,5.08,5.13,4.95,5.00,3879533,20054670.00
2012-07-05,4.97,4.98,4.81,4.97,4511170,22709250.00
2012-07-06,5.14,5.48,5.11,5.48,16078988,88904208.00
2012-07-09,5.48,5.57,5.28,5.30,11229199,62226900.00
2012-07-10,5.20,5.29,5.03,5.17,5855455,30871642.00
2012-07-11,5.21,5.70,5.18,5.70,8696838,50125736.00
2012-07-12,5.89,5.94,5.57,5.80,18491768,109461576.00
2012-07-13,5.73,5.83,5.60,5.76,8419330,49589012.00
2012-07-16,5.72,5.76,5.43,5.50,8316677,47498400.00
2012-07-17,5.45,5.67,5.39,5.63,5871982,33550792.00
2012-07-18,5.53,5.72,5.51,5.70,5674562,32713160.00
2012-07-19,5.67,5.78,5.60,5.69,6123007,35703688.00
2012-07-20,5.63,5.91,5.63,5.74,8187758,48662508.00
2012-07-23,5.65,5.74,5.43,5.54,3933894,22407558.00
2012-07-24,5.50,5.58,5.43,5.47,3260176,18410242.00
2012-07-25,5.48,5.59,5.43,5.44,2637364,14954159.00
2012-07-26,5.45,5.61,5.40,5.60,5136944,29193244.00
2012-07-27,5.60,5.68,5.49,5.53,3000210,17142034.00
2012-07-30,5.49,5.54,5.00,5.10,5390176,29003636.00
2012-07-31,5.12,5.12,4.90,5.02,1907846,9844784.00
2012-08-01,4.99,5.16,4.96,5.10,2090903,10985280.00
2012-08-02,5.10,5.15,5.00,5.13,2542324,13340204.00
2012-08-03,5.24,5.61,5.24,5.39,5651187,31531430.00
2012-08-06,5.38,5.49,5.30,5.49,3996899,22285060.00
2012-08-07,5.50,6.04,5.50,5.77,8546686,51183668.00
2012-08-08,5.71,6.04,5.55,5.84,8104458,48159484.00
2012-08-09,5.76,5.92,5.70,5.83,5393520,32182588.00
2012-08-10,5.82,5.87,5.66,5.68,3898338,22970194.00
2012-08-13,5.65,5.88,5.56,5.78,5332026,31481572.00
2012-08-14,5.68,5.88,5.60,5.88,4818214,28601918.00
2012-08-15,5.88,5.99,5.76,5.83,5238955,31549944.00
2012-08-16,5.78,5.91,5.63,5.69,3632280,21548126.00
2012-08-17,5.72,5.77,5.58,5.70,1996343,11640937.00
2012-08-20,5.65,5.81,5.62,5.75,2039700,11971618.00
2012-08-21,5.79,5.88,5.72,5.78,2794702,16620829.00
2012-08-22,5.77,5.81,5.61,5.64,3391919,19779008.00
2012-08-23,5.60,5.72,5.56,5.63,2392174,13834387.00
2012-08-24,5.67,5.67,5.36,5.39,4153467,23355766.00
2012-08-27,5.39,5.48,5.26,5.45,2497541,13782029.00
2012-08-28,5.42,5.52,5.37,5.44,1439932,8049940.00
2012-08-29,5.41,5.44,5.31,5.31,1988251,10953299.00
2012-08-30,5.27,5.34,5.02,5.19,3223062,17187448.00
2012-08-31,5.19,5.27,5.19,5.23,1029767,5536739.50
2012-09-03,5.23,5.37,5.20,5.35,1462578,7997885.00
2012-09-04,5.35,5.38,5.23,5.23,1219948,6652178.00
2012-09-05,5.25,5.35,5.20,5.32,1281574,6989732.00
2012-09-06,5.29,5.45,5.27,5.45,1998380,11096442.00
2012-09-07,5.50,5.72,5.46,5.66,4245873,24496588.00
2012-09-10,5.66,5.80,5.60,5.70,3639148,21333874.00
2012-09-11,5.68,5.70,5.60,5.70,2631671,15289218.00
2012-09-12,5.72,5.75,5.62,5.71,2601687,15208344.00
2012-09-13,5.71,5.80,5.68,5.73,3749349,22123344.00
2012-09-21,5.75,6.15,5.35,5.81,15781238,96215760.00
2012-09-24,5.60,5.73,5.21,5.51,7206886,40359700.00
2012-09-25,5.44,5.44,5.25,5.34,4056032,22285980.00
2012-09-26,5.30,5.40,5.17,5.18,2752990,14947677.00
2012-09-27,5.17,5.32,5.12,5.27,3082187,16598632.00
2012-09-28,5.28,5.33,5.20,5.32,2735884,14817596.00
2012-10-08,5.35,5.45,5.33,5.37,2545410,14045216.00
2012-10-09,5.37,5.55,5.37,5.53,3768071,21115164.00
2012-10-10,5.50,5.63,5.47,5.62,3251834,18560540.00
2012-10-11,5.60,5.63,5.52,5.52,2938147,16803920.00
2012-10-12,5.54,5.62,5.42,5.47,2367692,13397988.00
2012-10-15,5.53,5.78,5.50,5.72,6147497,35750504.00
2012-10-16,5.69,5.75,5.62,5.67,3890921,22730974.00
2012-10-17,5.73,5.74,5.42,5.56,4565991,25998846.00
2012-10-18,5.56,5.63,5.51,5.59,5480657,31320034.00
2012-10-19,5.56,5.57,5.44,5.51,4669527,26314274.00
2012-10-22,5.50,5.50,5.35,5.43,6060464,33677316.00
2012-10-23,5.43,5.58,5.41,5.50,4925370,27800344.00
2012-10-24,5.50,5.57,5.43,5.46,4578164,25923438.00
2012-10-25,5.47,5.52,5.37,5.41,3351982,18717442.00
2012-10-26,5.41,5.41,5.25,5.25,2544472,13958364.00
2012-10-29,5.25,5.40,5.22,5.34,2237780,12189201.00
2012-10-30,5.34,5.44,5.34,5.41,2135584,11848326.00
2012-10-31,5.41,5.43,5.30,5.38,1720102,9478991.00
2012-11-01,5.38,5.47,5.34,5.43,3108287,17316360.00
2012-11-02,5.43,5.48,5.38,5.43,2084476,11612132.00
2012-11-05,5.43,5.55,5.39,5.51,4207810,23701554.00
2012-11-06,5.53,5.56,5.39,5.51,3242989,18200856.00
2012-11-07,5.50,5.60,5.47,5.54,4063728,23138174.00
2012-11-08,5.48,5.48,5.22,5.23,2879938,15896739.00
2012-11-09,5.24,5.31,5.15,5.27,1911550,10328054.00
2012-11-12,5.28,5.35,5.22,5.26,1740520,9431136.00
2012-11-13,5.30,5.30,5.08,5.10,2351437,12528627.00
2012-11-14,5.11,5.15,5.01,5.13,1874850,9799732.00
2012-11-15,5.08,5.13,4.98,4.99,1559218,8122910.50
2012-11-16,4.99,5.03,4.90,4.97,1599734,8161049.50
2012-11-19,5.02,5.02,4.89,4.97,1758570,8960995.00
2012-11-20,5.03,5.04,4.91,4.92,1371209,7011326.50
2012-11-21,4.92,4.99,4.77,4.98,2604874,13113783.00
2012-11-22,4.97,4.97,4.81,4.88,1985084,9983592.00
2012-11-23,4.90,4.97,4.89,4.93,1625337,8263011.50
2012-11-26,4.93,4.95,4.83,4.85,1298152,6523293.00
2012-11-27,4.85,4.88,4.59,4.60,2309960,11219137.00
2012-11-28,4.60,4.64,4.40,4.42,1883671,8736236.00
2012-11-29,4.40,4.49,4.40,4.45,1809201,8309871.50
2012-11-30,4.43,4.52,4.42,4.50,1344413,6218556.50
2012-12-03,4.46,4.53,4.30,4.31,1673728,7656990.00
2012-12-04,4.31,4.33,4.02,4.30,3421464,14663698.00
2012-12-05,4.25,4.45,4.22,4.43,5074684,23065822.00
2012-12-06,4.42,4.45,4.32,4.36,2637854,11915834.00
2012-12-07,4.35,4.46,4.34,4.46,3946263,18027372.00
2012-12-10,4.45,4.61,4.45,4.61,5274337,24841632.00
2012-12-11,4.57,4.61,4.52,4.54,3411848,16061000.00
2012-12-12,4.54,4.66,4.50,4.58,3240872,15320102.00
2012-12-13,4.54,4.57,4.34,4.37,3881154,17828362.00
2012-12-14,4.38,4.59,4.38,4.56,5327586,24883536.00
2012-12-17,4.56,4.78,4.55,4.77,7510425,36347724.00
2012-12-18,4.77,4.81,4.66,4.68,4739737,23135448.00
2012-12-19,4.66,4.78,4.66,4.71,3007733,14640873.00
2012-12-20,4.71,4.75,4.61,4.75,4155053,20104714.00
2012-12-21,4.76,5.23,4.75,4.90,10794628,55900764.00
2012-12-24,4.84,4.92,4.76,4.84,3731777,18627620.00
2012-12-25,4.84,5.01,4.81,4.95,4944411,25212146.00
2012-12-26,4.95,5.00,4.91,4.99,5425521,27696798.00
2012-12-27,4.99,5.05,4.94,4.94,4679057,24074944.00
2012-12-28,4.93,5.00,4.93,4.97,2724555,13936523.00
2012-12-31,5.01,5.09,4.97,5.00,3717130,19157392.00
2013-01-04,5.10,5.14,4.94,5.03,4501046,23281614.00
2013-01-07,5.03,5.08,4.98,5.07,4428454,22960946.00
2013-01-08,5.07,5.29,5.01,5.23,9110154,48496972.00
2013-01-09,5.18,5.28,5.10,5.17,5745623,30689242.00
2013-01-10,5.15,5.25,5.14,5.19,4395363,23455396.00
2013-01-11,5.19,5.20,4.97,4.99,5339084,27941366.00
2013-01-14,5.02,5.24,4.99,5.21,7542619,39706588.00
2013-01-15,5.23,5.46,5.19,5.33,12010606,65712416.00
2013-01-16,5.31,5.42,5.25,5.31,7613105,41646960.00
2013-01-17,5.31,5.33,5.18,5.21,5846554,31521056.00
2013-01-18,5.21,5.30,5.20,5.28,5483503,29644364.00
2013-01-21,5.31,5.34,5.25,5.30,5613231,30590904.00
2013-01-22,5.30,5.31,5.15,5.16,4578139,24585082.00
2013-01-23,5.16,5.21,5.08,5.14,3518524,18594316.00
2013-01-24,5.14,5.21,4.98,5.03,5214945,27460056.00
2013-01-25,5.03,5.08,5.00,5.01,2279874,11794307.00
2013-01-28,5.00,5.15,4.95,5.15,4872520,25476696.00
2013-01-29,5.16,5.24,5.12,5.20,4047807,21616300.00
2013-01-30,5.20,5.24,5.12,5.17,3509655,18667672.00
2013-01-31,5.17,5.28,5.14,5.23,4622801,24846570.00
2013-02-01,5.21,5.28,5.19,5.26,4315502,23303658.00
2013-02-04,5.29,5.30,5.20,5.22,3981451,21449824.00
2013-02-05,5.22,5.35,5.20,5.32,5248611,28544482.00
2013-02-06,5.32,5.34,5.26,5.29,2981166,16255880.00
2013-02-07,5.15,5.29,5.15,5.26,2792008,15050693.00
2013-02-08,5.27,5.35,5.26,5.34,3625440,19784230.00
2013-02-18,5.37,5.38,5.26,5.31,3587300,19607630.00
2013-02-19,5.27,5.33,5.19,5.23,3825989,20638700.00
2013-02-20,5.24,5.35,5.21,5.35,3928758,21387850.00
2013-02-21,5.33,5.38,5.23,5.26,5188977,28261232.00
2013-02-22,5.25,5.32,5.23,5.30,2976318,16164305.00
2013-02-25,5.29,5.64,5.27,5.52,12074464,68059104.00
2013-02-26,5.52,5.57,5.35,5.42,7220178,40475104.00
2013-02-27,5.47,5.50,5.26,5.30,6490089,35686600.00
2013-02-28,5.34,5.45,5.29,5.43,5991690,33278168.00
2013-03-01,5.39,5.44,5.31,5.39,5406633,29792976.00
2013-03-04,5.41,5.42,5.17,5.19,7889994,43034880.00
2013-03-05,5.18,5.31,5.18,5.29,4203954,22678854.00
2013-03-06,5.31,5.40,5.30,5.38,5677223,31226274.00
2013-03-07,5.41,5.54,5.34,5.44,10713872,59870888.00
2013-03-08,5.43,5.53,5.41,5.42,7823023,43940384.00
2013-03-11,5.54,5.60,5.44,5.51,10397980,58890820.00
2013-03-12,5.53,5.59,5.26,5.33,7056393,39262672.00
2013-03-13,5.32,5.32,5.15,5.20,4095333,21936408.00
2013-03-14,5.17,5.44,5.17,5.30,4214327,22968776.00
2013-03-15,5.25,5.39,5.25,5.27,4072273,22304818.00
2013-03-20,5.32,5.33,5.02,5.30,9923881,52865584.00
2013-03-21,5.25,5.31,5.22,5.31,5918528,32053948.00
2013-03-22,5.31,5.31,5.17,5.20,5479402,29369852.00
2013-03-25,5.23,5.30,5.21,5.26,4746050,25713426.00
2013-03-26,5.27,5.27,5.09,5.15,3418089,18184982.00
2013-03-27,5.16,5.19,5.10,5.13,2857831,15123236.00
2013-03-28,5.10,5.10,4.90,4.90,4103050,21016370.00
2013-03-29,4.91,4.97,4.88,4.91,3030756,15203492.00
2013-04-01,4.94,4.96,4.90,4.92,2014983,10128484.00
2013-04-02,4.95,4.99,4.92,4.96,2901310,14684771.00
2013-04-03,4.96,4.98,4.86,4.88,2144815,10731540.00
2013-04-08,4.80,4.85,4.69,4.85,2677014,12977482.00
2013-04-09,4.85,4.92,4.83,4.90,1928559,9623895.00
2013-04-10,4.88,4.93,4.83,4.90,1920796,9566559.00
2013-04-11,4.94,4.94,4.83,4.84,2017364,10052593.00
2013-04-12,4.86,4.88,4.81,4.82,1276931,6312721.50
2013-04-15,4.77,4.79,4.71,4.73,1366394,6602811.00
2013-04-16,4.68,4.76,4.58,4.76,2251438,10721549.00
2013-04-17,4.70,4.79,4.70,4.78,1419979,6883654.50
2013-04-18,4.75,4.87,4.72,4.86,2163560,10569787.00
2013-04-19,4.86,4.98,4.83,4.98,8029671,40005144.00
2013-04-22,4.90,4.98,4.88,4.95,4160514,20933928.00
2013-04-23,4.93,4.96,4.78,4.80,2676878,13231225.00
2013-04-24,4.81,4.86,4.75,4.84,4673702,22896766.00
2013-04-25,4.86,4.86,4.70,4.72,3310475,16162850.00
2013-04-26,4.72,4.75,4.58,4.58,2907063,13784214.00
2013-05-02,4.58,4.58,4.49,4.53,1869634,8676815.00
2013-05-03,4.54,4.66,4.53,4.64,3128038,14755469.00
2013-05-06,4.67,4.72,4.63,4.70,1760024,8417418.00
2013-05-07,4.70,4.72,4.66,4.68,1944572,9304747.00
2013-05-08,4.70,4.94,4.69,4.90,6309759,31036064.00
2013-05-09,4.88,4.88,4.75,4.82,4282668,21025324.00
2013-05-10,4.80,4.88,4.77,4.83,2264142,11151557.00
2013-05-13,4.83,4.85,4.75,4.81,2597060,12681581.00
2013-05-14,4.83,4.83,4.63,4.71,3029653,14590942.00
2013-05-15,4.72,4.78,4.69,4.76,2357990,11422968.00
2013-05-16,4.80,5.20,4.80,5.03,13245910,68282048.00
2013-05-17,4.99,5.05,4.94,5.04,6595188,33617384.00
2013-05-20,5.02,5.15,5.00,5.06,6226536,32389380.00
2013-05-21,5.06,5.20,5.06,5.20,7648381,40160060.00
2013-05-22,5.16,5.25,5.11,5.15,5568819,29330364.00
2013-05-23,5.13,5.19,4.97,5.00,10167592,52369112.00
2013-05-24,5.00,5.08,4.99,5.07,4880682,25050602.00
2013-05-27,5.04,5.18,5.04,5.18,6154442,32266626.00
2013-05-28,5.16,5.18,5.07,5.16,4691708,24500466.00
2013-05-29,5.16,5.35,5.10,5.25,9703224,51560436.00
2013-05-30,5.20,5.37,5.17,5.31,11565843,62563408.00
2013-05-31,5.37,5.55,5.27,5.28,10059768,55214128.00
2013-06-03,5.26,5.32,5.18,5.20,5798857,30971060.00
2013-06-04,5.25,5.25,5.08,5.10,4106489,21490252.00
2013-06-05,5.13,5.19,5.10,5.16,3215674,16855720.00
2013-06-06,5.12,5.14,5.00,5.04,2836022,14694954.00
2013-06-07,5.04,5.08,4.89,5.01,3223439,16358945.00
2013-06-13,4.90,4.97,4.76,4.83,2698851,13374490.00
2013-06-14,4.83,4.91,4.81,4.91,2534430,12613091.00
2013-06-17,4.92,4.95,4.80,4.85,2089479,10376400.00
2013-06-18,4.89,4.90,4.79,4.83,2114134,10433581.00
2013-06-19,4.84,4.84,4.58,4.71,4898951,23429006.00
2013-06-20,4.67,4.67,4.55,4.55,2679477,12590055.00
2013-06-21,4.52,4.57,4.35,4.57,2853037,13036203.00
2013-06-24,4.55,4.55,4.21,4.35,2986114,13427960.00
2013-06-25,4.32,4.38,3.92,4.28,3746011,16006079.00
2013-06-26,4.30,4.40,4.24,4.36,2515059,11131827.00
2013-06-27,4.36,4.43,4.21,4.21,2935731,13025847.00
2013-06-28,4.19,4.29,4.06,4.22,2781638,11982003.00
2013-07-01,4.23,4.31,4.19,4.30,1993543,8699601.00
2013-07-02,4.30,4.50,4.26,4.38,3258972,14631795.00
2013-07-03,4.38,4.38,4.25,4.32,1789321,7884920.00
2013-07-04,4.30,4.50,4.24,4.39,2786461,12488984.00
2013-07-05,4.39,4.49,4.38,4.40,2769567,12525746.00
2013-07-08,4.34,4.34,4.18,4.18,2283756,9955540.00
2013-07-09,4.20,4.25,4.13,4.24,1433125,6167031.50
2013-07-10,4.21,4.35,4.21,4.35,1889314,8304128.00
2013-07-11,4.31,4.53,4.31,4.44,4091970,18592092.00
2013-07-12,4.41,4.45,4.34,4.35,2729515,12274740.00
2013-07-15,4.37,4.46,4.37,4.44,2679838,12117692.00
2013-07-16,4.45,4.76,4.35,4.61,7093109,33301644.00
2013-07-17,4.55,4.60,4.47,4.48,3505941,16249063.00
2013-07-18,4.46,4.49,4.40,4.40,2698998,12222810.00
2013-07-19,4.41,4.46,4.30,4.32,2920388,13119806.00
2013-07-22,4.33,4.37,4.24,4.35,2914394,12840263.00
2013-07-23,4.38,4.66,4.35,4.66,4478037,20525452.00
2013-07-24,4.64,4.72,4.51,4.70,6531654,30725154.00
2013-07-25,4.76,4.79,4.52,4.56,5347276,25522324.00
2013-07-26,4.60,4.69,4.49,4.62,3401214,15954702.00
2013-07-29,4.65,4.67,4.50,4.50,2365120,11049351.00
2013-07-30,4.50,4.54,4.38,4.46,3252469,14811196.00
2013-07-31,4.47,4.51,4.40,4.47,2626319,11973486.00
2013-08-01,4.46,4.61,4.45,4.60,3924977,18248828.00
2013-08-02,4.65,4.65,4.51,4.51,4009914,18721432.00
2013-08-05,4.55,4.57,4.47,4.57,3032721,14015269.00
2013-08-06,4.56,4.63,4.53,4.60,3263630,15310747.00
2013-08-07,4.60,4.62,4.50,4.51,3577113,16667871.00
2013-08-08,4.50,4.57,4.48,4.53,2444062,11293825.00
2013-08-09,4.54,4.64,4.53,4.61,4361326,20479506.00
2013-08-12,4.61,4.73,4.59,4.71,5561451,26607996.00
2013-08-13,4.70,4.97,4.68,4.84,9440925,46494892.00
2013-08-14,4.80,4.97,4.78,4.91,12342807,61609480.00
2013-08-15,4.84,4.88,4.72,4.73,8282502,40731416.00
2013-08-16,4.69,4.80,4.55,4.57,6898584,32750966.00
2013-08-19,4.52,4.64,4.50,4.61,2972441,13923419.00
2013-08-20,4.61,4.67,4.53,4.59,3512970,16516991.00
2013-08-21,4.59,4.63,4.54,4.63,2826626,13259542.00
2013-08-22,4.62,4.69,4.58,4.65,3343653,15883181.00
2013-08-23,4.66,4.69,4.49,4.59,3412913,16047251.00
2013-08-26,4.59,4.66,4.54,4.65,3878045,18301124.00
2013-08-27,4.66,4.68,4.60,4.67,4116374,19524090.00
2013-08-28,4.62,4.67,4.55,4.63,4491530,21133982.00
2013-08-29,4.64,4.64,4.57,4.58,2851903,13421852.00
2013-08-30,4.58,4.60,4.48,4.49,4736673,22006480.00
2013-09-02,4.52,4.55,4.45,4.54,3186002,14669730.00
2013-09-03,4.55,4.61,4.52,4.61,3371089,15766454.00
2013-09-04,4.61,4.63,4.55,4.59,2746289,12865216.00
2013-09-05,4.60,4.60,4.53,4.55,2845487,13261648.00
2013-09-06,4.55,4.58,4.52,4.56,3044363,14171982.00
2013-09-09,4.57,4.63,4.56,4.62,5522752,25969484.00
2013-09-10,4.63,4.67,4.56,4.66,5137793,24327220.00
2013-09-11,4.67,4.75,4.63,4.70,7074704,33932240.00
2013-09-12,4.75,4.83,4.71,4.71,7449586,36204928.00
2013-09-13,4.73,4.76,4.65,4.70,4860817,23313892.00
2013-09-16,4.69,4.73,4.62,4.65,3301773,15735495.00
2013-09-17,4.65,4.67,4.59,4.59,2910126,13775550.00
2013-09-18,4.60,4.66,4.57,4.61,2117162,9963321.00
2013-09-23,4.63,4.74,4.63,4.73,3911064,18765064.00
2013-09-24,4.71,4.74,4.66,4.72,3641035,17458558.00
2013-09-25,4.71,4.72,4.64,4.65,3408363,16276272.00
2013-09-26,4.64,4.68,4.54,4.54,2969706,13959936.00
2013-09-27,4.55,4.61,4.52,4.54,1984752,9248976.00
2013-09-30,4.53,4.59,4.52,4.56,2111668,9803249.00
2013-10-08,4.54,4.90,4.48,4.76,9407052,45463208.00
2013-10-09,4.71,4.75,4.67,4.73,5484778,26345446.00
2013-10-10,4.71,4.73,4.66,4.67,4107033,19681660.00
2013-10-11,4.67,4.75,4.67,4.71,4587905,22075756.00
2013-10-14,4.71,4.84,4.71,4.82,7389439,36082596.00
2013-10-15,4.82,4.83,4.73,4.75,4553206,22122264.00
2013-10-16,4.76,4.76,4.63,4.67,3356535,16043557.00
2013-10-17,4.69,4.74,4.67,4.70,3358891,16139815.00
2013-10-18,4.70,4.77,4.68,4.77,4307616,20908446.00
2013-10-21,4.77,4.82,4.71,4.81,5827823,28468736.00
2013-10-22,4.80,4.87,4.76,4.87,7602918,37502880.00
2013-10-23,4.92,5.37,4.88,5.07,26530146,138932112.00
2013-10-24,5.00,5.24,4.98,5.06,12134084,63367576.00
2013-10-25,5.01,5.15,4.91,4.97,8973770,45665168.00
2013-10-28,4.99,5.02,4.74,4.82,6153023,30334292.00
2013-10-29,4.85,4.85,4.40,4.56,8489307,40237096.00
2013-10-30,4.51,4.62,4.47,4.60,4074152,19000848.00
2013-10-31,4.58,4.59,4.50,4.55,3347360,15510532.00
2013-11-01,4.55,4.56,4.49,4.51,3142899,14515770.00
2013-11-04,4.53,4.56,4.51,4.55,2287619,10595385.00
2013-11-05,4.55,4.60,4.43,4.58,3353985,15511364.00
2013-11-06,4.57,4.67,4.54,4.54,4107895,19354580.00
2013-11-07,4.48,4.51,4.39,4.40,5650443,25604276.00
2013-11-08,4.38,4.39,4.26,4.27,4489239,19824162.00
2013-11-11,4.28,4.33,4.21,4.32,2783220,12195470.00
2013-11-12,4.29,4.39,4.29,4.38,2477050,11019164.00
2013-11-13,4.38,4.38,4.30,4.31,1583215,7006229.00
2013-11-14,4.32,4.33,4.22,4.33,1818085,7950003.50
2013-11-15,4.32,4.43,4.32,4.40,2454924,11035012.00
2013-11-18,4.42,4.53,4.39,4.49,3852619,17659450.00
2013-11-19,4.49,4.59,4.48,4.54,4348182,20194124.00
2013-11-20,4.50,4.68,4.50,4.67,5418273,25584116.00
2013-11-21,4.66,4.66,4.53,4.60,2950335,13813631.00
2013-11-22,4.60,4.60,4.54,4.57,1735494,8097956.00
2013-11-25,4.57,4.62,4.55,4.57,1874065,8790710.00
2013-11-26,4.67,4.80,4.62,4.64,6663553,32104116.00
2013-11-27,4.57,4.68,4.55,4.61,3376349,15894546.00
2013-11-28,4.61,4.69,4.61,4.63,2889648,13755313.00
2013-11-29,4.63,4.74,4.63,4.71,3669709,17605638.00
2013-12-02,4.63,4.63,4.38,4.41,5098240,23365188.00
2013-12-03,4.40,4.54,4.40,4.53,2265743,10373468.00
2013-12-04,4.53,4.61,4.49,4.54,3550007,16584695.00
2013-12-05,4.53,4.66,4.52,4.65,4138322,19464266.00
2013-12-06,4.65,4.67,4.59,4.63,2362784,11149132.00
2013-12-09,4.65,4.70,4.62,4.67,3600097,17157682.00
2013-12-10,4.65,4.69,4.63,4.69,2980235,14185650.00
2013-12-11,4.71,4.72,4.63,4.68,5225443,24964114.00
2013-12-12,4.67,4.88,4.67,4.79,6928089,33729040.00
2013-12-13,4.77,4.96,4.74,4.85,11730147,58364836.00
2013-12-16,4.82,4.89,4.78,4.87,10764433,53218716.00
2013-12-17,4.83,4.83,4.70,4.71,8820930,43091928.00
2013-12-18,4.67,4.71,4.61,4.62,3605118,17131764.00
2013-12-19,4.65,4.69,4.62,4.65,2496819,11870128.00
2013-12-20,4.65,4.65,4.50,4.51,2670459,12413890.00
2013-12-23,4.50,4.53,4.39,4.44,2797006,12720120.00
2013-12-24,4.46,4.52,4.44,4.49,1633861,7479926.50
2013-12-25,4.50,4.55,4.45,4.55,2234586,10302575.00
2013-12-26,4.55,4.61,4.52,4.52,2767654,12897415.00
2013-12-27,4.51,4.59,4.49,4.58,1937480,9007504.00
2013-12-30,4.58,4.63,4.56,4.61,1797993,8454742.00
2013-12-31,4.59,4.62,4.53,4.59,1541541,7218536.50
2014-01-02,4.60,4.63,4.55,4.62,2067946,9706599.00
2014-01-03,4.62,4.62,4.52,4.53,1835565,8533206.00
2014-01-06,4.52,4.52,4.41,4.42,2005826,9114489.00
2014-01-07,4.41,4.48,4.41,4.46,1342089,6108263.50
2014-01-08,4.48,4.49,4.42,4.43,1847171,8408333.00
2014-01-09,4.46,4.46,4.21,4.29,2527091,11280853.00
2014-01-10,4.27,4.47,4.21,4.34,2872261,12800632.00
2014-01-13,4.32,4.43,4.30,4.37,2193435,9792083.00
2014-01-14,4.34,4.41,4.32,4.39,1567338,6998279.00
2014-01-15,4.37,4.41,4.35,4.38,1416414,6339342.00
2014-01-16,4.37,4.43,4.35,4.39,1560207,7010330.50
2014-01-17,4.38,4.39,4.31,4.33,1409434,6253003.50
2014-01-20,4.31,4.35,4.28,4.30,1012594,4475517.00
2014-01-21,4.31,4.37,4.31,4.36,1205338,5364450.50
2014-01-22,4.38,4.51,4.36,4.48,3023532,13757777.00
2014-01-23,4.47,4.56,4.46,4.51,2629919,12117492.00
2014-01-24,4.48,4.60,4.48,4.56,2898787,13482214.00
2014-01-27,4.53,4.69,4.52,4.63,3663526,17269046.00
2014-01-28,4.62,4.70,4.57,4.60,2086871,9855687.00
2014-01-29,4.59,4.68,4.58,4.67,2651503,12572838.00
2014-01-30,4.67,4.75,4.65,4.72,3577862,17248170.00
2014-02-07,4.71,4.75,4.66,4.73,2929736,14045812.00
2014-02-10,4.73,4.94,4.72,4.85,8534431,42066360.00
2014-02-11,4.88,4.90,4.76,4.79,5516025,27046282.00
2014-02-12,4.79,4.98,4.78,4.97,8525312,42877116.00
2014-02-13,5.00,5.40,4.99,5.16,21054185,112193312.00
2014-02-14,5.18,5.69,5.08,5.69,32878167,183187504.00
2014-02-17,5.90,6.14,5.71,5.90,44977433,269069344.00
2014-02-18,5.88,6.03,5.76,5.97,29878419,178620464.00
2014-02-19,5.88,5.99,5.70,5.77,21185702,125168960.00
2014-02-20,5.73,5.83,5.42,5.55,18360256,103910712.00
2014-02-21,5.54,5.65,5.47,5.57,9617832,54506196.00
2014-02-24,5.55,5.73,5.47,5.63,10361466,59400716.00
2014-02-25,5.63,6.07,5.63,5.65,25630236,152133872.00
2014-02-26,5.65,5.97,5.65,5.87,20166760,120015376.00
2014-02-27,5.95,6.40,5.82,6.08,29884626,185942768.00
2014-02-28,5.94,6.25,5.79,6.10,24905832,152844848.00
2014-03-03,6.22,6.39,6.10,6.24,17617121,111292680.00
2014-03-04,6.19,6.38,6.11,6.31,16317390,103735632.00
2014-03-05,6.31,6.87,6.31,6.69,20748744,140204432.00
2014-03-06,6.69,6.99,6.64,6.77,18709797,128659904.00
2014-03-07,6.75,7.46,6.72,7.44,37878765,275820800.00
2014-03-17,6.69,7.40,6.69,7.20,38952909,271860352.00
2014-03-18,7.00,7.18,6.82,6.90,22385864,158125440.00
2014-03-19,6.90,7.07,6.71,7.00,17869954,125448304.00
2014-03-20,6.92,7.09,6.30,6.34,21177778,144859408.00
2014-03-21,6.33,6.40,5.94,6.31,19131462,120778192.00
2014-03-24,6.29,6.48,6.11,6.35,12101059,77600944.00
2014-03-25,6.31,6.53,6.24,6.30,11620004,75453248.00
2014-03-26,6.30,6.65,6.26,6.58,10865340,71469072.00
2014-03-27,6.53,6.57,6.30,6.43,8972092,58388176.00
2014-03-28,6.37,6.41,5.90,5.95,12605370,77575608.00
2014-03-31,5.98,6.02,5.73,5.83,5392903,32138462.00
2014-04-01,5.78,6.06,5.77,6.02,4415177,26822766.00
2014-04-02,6.02,6.13,5.90,5.97,3800609,23194650.00
2014-04-03,5.97,6.05,5.95,5.99,2608985,15914224.00
2014-04-04,6.00,6.09,5.94,6.04,3464102,21126034.00
2014-04-08,5.98,6.09,5.95,6.08,3843109,23642506.00
2014-04-09,6.09,6.24,6.01,6.23,7420351,46476720.00
2014-04-10,6.21,6.35,6.15,6.19,5466316,34764076.00
2014-04-11,6.19,6.26,5.90,5.96,6426425,39484264.00
2014-04-14,5.93,6.57,5.91,6.57,14982192,96651560.00
2014-04-15,6.83,6.83,6.54,6.63,15039232,101760384.00
2014-04-16,6.59,7.10,6.41,6.79,20194032,139873568.00
2014-04-17,6.79,7.05,6.71,6.87,14615019,102309544.00
2014-04-18,6.91,7.14,6.72,7.03,16076093,113440736.00
2014-04-21,6.99,7.15,6.50,6.64,14121661,97668104.00
2014-04-22,6.72,7.10,6.68,6.77,17334824,120658528.00
2014-04-23,6.70,6.79,6.45,6.56,11748559,78619336.00
2014-04-24,6.59,6.64,6.38,6.46,6179031,40783728.00
2014-04-25,6.44,6.47,6.23,6.30,8732458,55916208.00
2014-04-28,6.29,6.29,5.96,6.02,7616187,47062092.00
2014-04-29,6.02,6.19,6.01,6.17,4191792,26110756.00
2014-04-30,6.18,6.33,6.10,6.29,3863235,24591442.00
2014-05-05,6.33,6.65,6.24,6.62,5574484,36552648.00
2014-05-06,6.60,6.72,6.54,6.57,6336144,42597660.00
2014-05-07,6.58,6.63,6.44,6.48,4563646,30270414.00
2014-05-08,6.48,6.72,6.35,6.53,5963972,39862480.00
2014-05-09,6.46,6.56,6.30,6.46,4364121,28509020.00
2014-05-12,6.50,6.68,6.47,6.66,5017194,33550142.00
2014-05-13,6.70,6.73,6.48,6.53,4214834,28176242.00
2014-05-14,6.54,6.89,6.54,6.69,8851579,60612972.00
2014-05-15,6.67,6.73,6.46,6.49,5812846,38677124.00
2014-05-16,6.48,6.49,6.34,6.44,2922196,19021232.00
2014-05-19,6.44,6.54,6.38,6.44,1963100,12851718.00
2014-05-20,6.46,6.63,6.46,6.55,4161724,27656820.00
2014-05-21,6.54,6.63,6.38,6.62,4025517,26788980.00
2014-05-22,6.60,6.77,6.54,6.54,5137463,34688680.00
2014-05-23,6.52,6.78,6.47,6.70,10214422,69391360.00
2014-05-26,6.73,7.03,6.71,6.77,9463690,65530780.00
2014-05-27,6.78,7.06,6.72,7.01,16071488,113126792.00
2014-05-28,7.05,7.25,7.01,7.14,17437844,126076048.00
2014-05-29,7.08,7.25,6.94,6.97,11161072,79655376.00
2014-05-30,6.95,6.96,6.68,6.86,8684517,60180544.00
2014-06-03,6.88,7.00,6.80,6.90,5220552,36589752.00
2014-06-04,6.92,6.94,6.62,6.75,4820548,32973000.00
2014-06-05,6.70,6.93,6.70,6.90,4620533,32146434.00
2014-06-06,6.92,7.01,6.75,6.96,5757064,39820160.00
2014-06-09,6.99,7.03,6.83,6.83,4634382,32410346.00
2014-06-10,6.86,6.90,6.70,6.83,4762840,32599726.00
2014-06-11,6.80,6.88,6.71,6.86,3674242,25242862.00
2014-06-12,6.85,6.85,6.57,6.60,8104700,54545200.00
2014-06-13,6.59,6.80,6.54,6.74,5211147,35212348.00
2014-06-16,6.75,6.80,6.68,6.71,4062013,27616618.00
2014-06-17,6.68,6.76,6.53,6.55,5908761,39589736.00
2014-06-18,6.57,6.70,6.57,6.60,5055523,33809776.00
2014-06-19,6.57,6.70,5.94,6.05,15371364,95976704.00
2014-06-20,6.00,6.10,5.68,5.91,9085773,54052204.00
2014-06-23,5.89,6.06,5.88,6.01,3877053,23446682.00
2014-06-24,6.06,6.06,5.75,5.85,8430813,49748684.00
2014-06-25,5.84,5.84,5.71,5.75,3218285,18701716.00
2014-06-26,5.75,5.88,5.74,5.85,4015326,23648140.00
2014-06-27,5.88,6.29,5.83,6.24,10424264,64222216.00
2014-06-30,6.18,6.32,6.13,6.26,7754899,48796060.00
2014-07-01,6.34,6.36,6.15,6.35,5754995,36553632.00
2014-07-02,6.38,6.38,6.27,6.34,3693941,23479538.00
2014-07-03,6.34,6.55,6.26,6.43,6254694,40256528.00
2014-07-04,6.45,6.55,6.42,6.54,7552242,49362692.00
2014-07-07,6.54,6.69,6.48,6.56,6627304,44131840.00
2014-07-08,6.55,6.71,6.39,6.64,7343164,48687508.00
2014-07-09,6.81,7.31,6.81,7.31,53402931,390717600.00
2014-07-10,7.33,7.93,7.27,7.50,75029283,570030848.00
2014-07-11,7.44,7.55,7.20,7.24,36306102,266704832.00
2014-07-14,7.39,7.83,7.38,7.51,55388387,423791072.00
2014-07-15,7.45,7.95,7.39,7.53,49598156,379638208.00
2014-07-16,7.45,7.46,7.17,7.22,20022978,147010960.00
2014-07-17,7.26,7.83,7.21,7.49,27518147,208941808.00
2014-07-18,7.29,7.75,7.18,7.50,25824775,194470000.00
2014-07-21,7.42,8.07,7.36,7.48,58578434,458832928.00
2014-07-22,7.57,7.99,7.41,7.93,43980800,343882848.00
2014-07-23,7.91,8.17,7.77,7.95,36808948,294897696.00
2014-07-24,7.95,8.06,7.58,7.66,23800563,185818064.00
2014-07-25,7.66,7.73,7.48,7.58,12249476,93361712.00
2014-07-28,7.60,7.72,7.53,7.67,15061953,115898408.00
2014-07-29,7.67,7.98,7.56,7.85,20174798,158485088.00
2014-07-30,7.80,7.93,7.72,7.86,12667154,99981224.00
2014-07-31,7.87,8.65,7.85,8.65,54067436,462335136.00
2014-08-01,8.62,8.63,8.25,8.33,37838750,320688544.00
2014-08-04,8.30,8.69,8.30,8.53,19614879,168358960.00
2014-08-05,8.55,8.65,8.40,8.63,12817096,109765376.00
2014-08-06,8.66,8.88,8.53,8.71,16167180,141412448.00
2014-08-07,8.76,8.82,8.33,8.40,17005002,145742352.00
2014-08-08,8.45,8.51,8.30,8.35,11293291,95200152.00
2014-08-11,8.37,8.64,8.35,8.52,11273552,96471408.00
2014-08-12,8.53,8.65,8.50,8.57,9692508,83486064.00
2014-08-13,8.58,8.62,8.20,8.32,12607113,106027064.00
2014-08-14,8.33,8.43,8.20,8.22,8345815,69872208.00
2014-08-15,8.27,8.37,8.17,8.37,8608771,71800976.00
2014-08-18,8.37,8.53,8.37,8.38,9328253,79229336.00
2014-08-19,8.43,8.62,8.27,8.52,13311037,113346248.00
2014-08-20,8.55,8.77,8.46,8.67,19344017,168279936.00
2014-08-21,8.85,9.05,8.60,8.75,23570646,209564576.00
2014-08-22,8.77,8.77,8.38,8.52,18774489,160496048.00
2014-08-25,8.50,8.52,8.21,8.22,14860157,123986184.00
2014-08-26,8.20,8.20,7.90,7.97,19436577,156584528.00
2014-08-27,8.13,8.35,7.95,8.03,18409035,150895392.00
2014-08-28,8.04,8.04,7.78,7.94,9897122,78659496.00
2014-08-29,7.92,8.09,7.85,8.08,7513496,60491108.00
2014-09-01,8.13,8.17,8.01,8.11,10470995,85058456.00
2014-09-02,8.13,8.39,8.10,8.36,16558293,137151600.00
2014-09-03,8.35,8.44,8.19,8.30,13280555,110894184.00
2014-09-04,8.24,8.36,8.22,8.32,10053789,83966496.00
2014-09-05,8.35,8.40,8.20,8.35,10729196,89394640.00
2014-09-09,8.35,8.54,8.27,8.53,15193351,128634160.00
2014-09-10,8.47,8.65,8.41,8.51,11563557,99115776.00
2014-09-11,8.51,8.57,8.30,8.35,13203668,111980752.00
2014-09-12,8.32,8.40,8.26,8.37,12205635,102387808.00
2014-09-15,8.38,9.21,8.36,9.21,54876351,494445856.00
2014-09-16,9.20,9.50,8.81,9.04,78831225,724587584.00
2014-09-17,9.03,9.18,8.77,9.05,39931047,362030560.00
2014-09-18,9.02,9.02,8.69,8.79,22505422,199473232.00
2014-09-19,8.81,9.17,8.74,8.94,31040059,280658912.00
2014-09-22,8.95,9.05,8.76,8.88,19337033,173265168.00
2014-09-23,8.80,9.03,8.80,8.91,15210915,136380512.00
2014-09-24,8.90,9.09,8.83,9.06,18147040,163759792.00
2014-09-25,9.09,9.16,8.95,9.01,23668868,215605824.00
2014-09-26,8.98,9.39,8.85,9.14,31410498,288168064.00
2014-09-29,9.23,9.37,9.00,9.02,27612515,253199648.00
2014-09-30,9.00,9.23,9.00,9.15,19912051,182206512.00
2014-10-08,9.14,9.20,9.04,9.15,18807235,172348544.00
2014-10-09,9.21,9.53,9.20,9.40,44613511,420799104.00
2014-10-10,9.34,9.43,9.15,9.17,22584699,210578368.00
2014-10-13,9.13,9.13,8.79,8.87,22167061,198336224.00
2014-10-14,8.83,8.96,8.76,8.89,15436022,137640496.00
2014-10-15,8.88,8.93,8.62,8.66,20256013,177832560.00
2014-10-16,8.63,8.77,8.53,8.62,13562929,118445184.00
2014-10-17,8.62,8.71,8.35,8.50,10187460,87170680.00
2014-10-20,8.55,8.73,8.46,8.70,9089194,79221048.00
2014-10-21,8.70,8.70,8.50,8.50,9100938,78594960.00
2014-10-22,8.55,8.59,8.10,8.10,18432107,153114592.00
2014-10-23,8.08,8.27,8.03,8.14,11182256,91892752.00
2014-10-24,8.14,8.31,8.05,8.29,7070853,58503140.00
2014-10-27,8.33,8.38,8.19,8.35,6391294,53542604.00
2014-10-28,8.37,8.61,8.35,8.56,11827688,101125152.00
2014-10-29,8.64,8.81,8.57,8.72,19277593,168833024.00
2014-10-30,8.85,8.95,8.65,8.67,18536399,164355200.00
2014-10-31,8.70,8.79,8.44,8.54,17563965,151782528.00
2014-11-03,8.50,8.85,8.50,8.71,12488867,109790624.00
2014-11-04,8.73,8.74,8.53,8.57,9446232,81942976.00
2014-11-05,8.48,8.63,8.48,8.61,6033522,51900508.00
2014-11-06,8.61,8.82,8.61,8.78,11813791,103728776.00
2014-11-07,8.80,8.82,8.54,8.57,11026413,96163880.00
2014-11-10,8.57,8.70,8.41,8.69,10592629,90947952.00
2014-11-11,8.66,9.10,8.64,8.88,42481244,380269056.00
2014-11-12,8.94,9.34,8.89,9.26,39395818,363381984.00
2014-11-13,9.20,9.27,8.99,9.11,21249462,195230032.00
2014-11-14,9.08,9.25,8.99,9.20,19218692,176402112.00
2014-11-17,9.41,9.50,9.02,9.05,21748337,201470272.00
2014-11-18,9.01,9.05,8.75,8.81,16649584,148081920.00
2014-11-19,8.81,9.07,8.81,8.89,15357812,138281136.00
2014-11-20,8.83,9.05,8.78,8.86,11628380,104444056.00
2014-11-21,8.82,8.92,8.80,8.91,7169533,63981912.00
2014-11-24,8.96,9.04,8.82,9.02,18601879,166975824.00
2014-11-25,9.02,9.28,8.96,9.20,21265796,194224288.00
2014-11-26,9.40,9.63,9.15,9.19,29432570,276796416.00
2014-11-27,9.16,9.30,9.03,9.16,23983623,220238784.00
2014-11-28,9.17,9.25,9.07,9.25,17717944,163274784.00
2014-12-01,9.24,9.42,9.21,9.29,18462143,172279008.00
2014-12-02,9.28,9.37,9.20,9.29,19884528,185780544.00
2014-12-03,9.29,9.37,9.04,9.35,23572651,218167904.00
2014-12-04,9.35,9.55,9.29,9.47,29651549,280907680.00
2014-12-05,9.50,9.50,8.90,9.04,24392269,225599936.00
2014-12-08,9.03,9.03,8.77,8.83,18865064,168018288.00
2014-12-09,8.64,8.75,8.34,8.35,21443630,185003456.00
2014-12-10,8.30,8.60,8.03,8.59,16578863,140006160.00
2014-12-11,8.62,8.85,8.55,8.85,16294391,143083856.00
2014-12-12,8.85,8.90,8.70,8.83,10045053,88893928.00
2014-12-15,8.75,8.92,8.68,8.89,11670811,103408352.00
2014-12-16,8.88,8.89,8.68,8.74,12156087,107039280.00
2014-12-17,8.70,8.79,8.48,8.51,11514427,99338776.00
2014-12-18,8.54,8.58,8.34,8.35,13563379,114859024.00
2014-12-19,8.30,8.61,8.29,8.51,11522909,97759688.00
2014-12-22,8.50,8.50,7.73,7.79,14570249,118381200.00
2014-12-23,7.81,7.99,7.64,7.69,10534368,82498232.00
2014-12-24,7.65,8.30,7.65,8.30,18417145,148893776.00
2014-12-25,8.30,8.70,8.16,8.42,12954919,110873256.00
2014-12-26,8.43,8.59,8.20,8.27,13512244,113406264.00
2014-12-29,8.25,8.36,8.02,8.07,9860531,80565104.00
2014-12-30,8.10,8.17,7.96,7.99,5242324,42414376.00
2014-12-31,8.01,8.20,7.98,8.18,7801046,63651196.00
2015-01-05,8.21,8.42,8.18,8.33,9030343,75653800.00
2015-01-06,8.33,8.57,8.27,8.54,10296539,87895112.00
2015-01-07,8.50,8.61,8.43,8.55,7853118,67374160.00
2015-01-08,8.55,8.66,8.47,8.63,10819009,93642088.00
2015-01-09,8.72,8.80,8.43,8.45,12008218,103793768.00
2015-01-12,8.50,8.84,8.47,8.72,16523945,144440544.00
2015-01-13,8.80,8.80,8.60,8.76,10571555,92413120.00
2015-01-14,8.77,8.81,8.64,8.67,7671424,67332600.00
2015-01-15,8.68,8.99,8.68,8.93,15790546,140968624.00
2015-01-16,8.97,9.43,8.97,9.30,35175292,326622624.00
2015-01-19,9.15,9.47,8.68,9.03,27803761,255630896.00
2015-01-20,9.10,9.34,9.04,9.19,15154888,140100720.00
2015-01-21,9.23,9.31,9.11,9.22,17924467,166156896.00
2015-01-22,9.20,9.20,8.93,9.05,23825804,216293248.00
2015-01-23,9.02,9.03,8.73,8.90,20959579,186497344.00
2015-01-26,8.90,9.18,8.90,9.12,18370031,167612000.00
2015-01-27,9.13,9.26,8.96,9.12,13309415,121931608.00
2015-01-28,9.12,9.25,9.03,9.13,11659146,107265088.00
2015-01-29,9.05,9.16,8.96,9.07,9808544,89437944.00
2015-01-30,9.07,9.20,8.99,9.01,8482349,77414800.00
2015-02-02,9.02,9.12,8.96,9.01,7894147,71810608.00
2015-02-03,9.04,9.21,9.03,9.15,10667039,97967624.00
2015-02-04,9.16,9.30,9.07,9.30,17224821,159300624.00
2015-02-05,9.35,9.40,9.11,9.12,14551650,135186528.00
2015-02-06,9.06,9.16,8.72,8.75,12981584,116994464.00
2015-02-09,8.66,9.01,8.66,8.85,5898845,52398176.00
2015-02-10,8.84,8.95,8.75,8.85,4778561,42470804.00
2015-02-11,8.75,9.15,8.75,9.09,7432866,67107348.00
2015-02-12,9.12,9.21,9.04,9.14,8603169,79052864.00
2015-02-13,9.16,9.25,9.13,9.20,10820068,99893184.00
2015-02-16,9.25,9.70,9.23,9.63,27814796,265176016.00
2015-02-17,9.65,10.26,9.63,9.95,35024566,353758464.00
2015-02-25,9.89,10.26,9.86,10.12,21662740,219930016.00
2015-02-26,10.12,10.30,9.96,10.07,16866018,170909296.00
2015-02-27,10.10,10.15,9.82,9.86,24369927,243648144.00
2015-03-02,9.93,10.25,9.93,10.13,22418565,228199504.00
2015-03-03,10.13,10.51,10.00,10.10,30668229,315738240.00
2015-03-04,10.14,10.25,10.07,10.16,16619869,169456704.00
2015-03-05,10.52,10.83,10.35,10.69,35223078,375239840.00
2015-03-12,10.70,10.95,10.01,10.55,55296881,577632064.00
2015-03-13,10.55,10.59,10.25,10.42,20236416,211237520.00
2015-03-16,10.37,10.53,10.26,10.44,30563865,320380256.00
2015-03-17,10.44,10.59,10.33,10.48,31858195,334512064.00
2015-03-18,10.47,10.89,10.37,10.82,32506236,346711488.00
2015-03-19,10.82,10.93,10.45,10.61,26523641,283889248.00
2015-03-20,10.63,11.30,10.61,11.03,33346838,367532544.00
2015-03-23,11.03,11.23,10.92,11.12,25723557,285776192.00
2015-03-24,11.13,11.24,10.45,10.87,33308324,363848576.00
2015-03-25,10.85,11.28,10.63,11.01,31631786,350079136.00
2015-03-26,10.98,11.00,10.58,10.75,22654724,245284384.00
2015-03-27,10.75,10.98,10.70,10.78,16425294,178855312.00
2015-03-30,10.75,11.33,10.73,11.14,36430517,406428448.00
2015-03-31,11.11,11.65,10.95,11.60,40211539,454698080.00
2015-04-01,11.67,12.77,11.67,12.77,55864743,702002944.00
2015-04-02,13.33,14.05,12.98,14.05,104852734,1458956672.00
2015-04-03,13.86,14.44,13.63,14.17,91075347,1278228992.00
2015-04-07,14.03,14.33,13.87,14.25,56035218,792042432.00
2015-04-08,14.30,15.44,14.30,15.07,82029174,1228385536.00
2015-04-09,14.94,14.94,13.58,13.95,56278154,793293504.00
2015-04-10,14.00,14.39,13.75,14.10,36268686,514842720.00
2015-04-13,14.22,15.52,14.22,15.52,58011322,892138560.00
2015-04-14,15.88,17.08,15.75,16.39,82351424,1371646592.00
2015-04-15,16.55,16.76,15.45,15.67,56863635,921454336.00
2015-04-16,15.55,17.24,14.97,16.75,65122502,1074737664.00
2015-04-17,17.14,17.21,16.36,16.79,59568430,998046464.00
2015-04-20,16.68,16.68,15.75,15.85,49097897,796693056.00
2015-04-21,15.78,16.94,15.58,16.77,38087700,628949568.00
2015-04-22,17.05,17.59,16.70,16.96,50717600,871939648.00
2015-04-23,16.97,17.30,16.41,16.80,43441377,734701056.00
2015-04-24,16.40,16.72,16.05,16.30,32894718,538902400.00
2015-04-27,16.32,17.03,16.32,16.39,35086625,583830400.00
2015-04-28,16.35,16.95,15.84,16.76,45170648,739689088.00
2015-04-29,16.94,18.21,16.66,17.27,81540404,1416660224.00
2015-04-30,17.26,17.95,16.95,17.72,48187796,852581056.00
2015-05-04,17.92,19.50,17.85,19.36,60170000,1146412160.00
2015-05-05,19.04,19.47,18.46,19.05,52167287,987060736.00
2015-05-06,19.45,20.81,19.31,19.79,42295705,850956416.00
2015-05-07,19.75,20.75,18.55,20.45,50230658,1008111296.00
2015-05-08,20.83,22.50,20.56,22.50,39802707,866710592.00
2015-05-11,23.55,24.76,22.72,24.76,59008112,1423725440.00
2015-05-12,25.52,27.24,25.25,27.24,52713950,1407721856.00
2015-05-13,27.05,29.94,26.05,27.47,72050828,2013713152.00
2015-05-14,26.95,30.22,26.68,30.22,71930190,2131296128.00
2015-05-15,30.31,31.50,27.95,29.93,42187022,1249966336.00
2015-05-18,29.93,32.70,29.53,31.35,36704642,1153656192.00
2015-05-19,31.34,32.27,29.57,31.23,41292168,1259526272.00
2015-05-20,31.23,34.03,30.46,33.65,31702097,1039707904.00
2015-05-21,33.65,34.65,32.45,33.96,27251801,923565440.00
2015-05-22,34.00,37.36,33.65,37.35,32919464,1171743488.00
2015-05-25,37.35,41.09,35.60,41.09,32511139,1292244352.00
2015-05-26,42.51,43.05,40.32,40.65,42426708,1774293504.00
2015-05-27,40.65,41.83,38.45,40.77,34737203,1384932352.00
2015-05-28,40.07,40.15,36.69,36.69,54555720,2069885312.00
2015-05-29,34.95,37.94,33.16,36.65,38556800,1387845504.00
2015-06-01,36.66,38.15,36.62,37.34,32717817,1220113536.00
2015-06-02,37.95,38.23,36.73,37.60,28477090,1063758016.00
2015-06-03,38.55,41.37,38.45,41.37,49495840,2017910528.00
2015-06-04,43.40,44.70,37.95,43.32,45395090,1951722496.00
2015-06-05,44.38,45.25,40.95,43.84,42192037,1827891968.00
2015-06-08,43.05,44.63,42.53,42.84,20971195,910447168.00
2015-06-09,43.30,43.95,39.88,39.95,29532664,1214611968.00
2015-06-10,39.96,41.60,38.36,40.35,20349473,822256320.00
2015-06-11,41.00,41.80,39.64,40.38,26223957,1062908032.00
2015-06-12,41.53,41.54,39.79,40.80,24848722,1008953728.00
2015-06-15,40.45,42.07,39.55,40.83,24295351,996167232.00
2015-06-16,40.95,41.45,39.45,39.80,15619234,632087168.00
2015-06-17,39.91,40.29,36.95,39.93,17757205,688025472.00
2015-06-18,39.95,43.79,39.15,41.70,33811570,1418715520.00
2015-06-19,40.95,42.15,38.85,40.15,17375409,706672000.00
2015-06-23,40.15,41.44,36.13,39.85,18106288,696646848.00
2015-06-24,39.80,41.06,39.14,41.01,26333174,1061755008.00
2015-06-25,41.45,44.95,40.55,41.80,41422394,1769625728.00
2015-06-26,39.95,40.94,37.62,37.62,33694926,1310156672.00
2015-06-29,39.65,39.65,33.85,34.15,37387566,1305390720.00
2015-07-20,30.74,34.00,30.74,30.74,57314188,1787975424.00
2015-08-18,32.83,32.83,27.74,29.70,72505767,2174708992.00
2015-08-19,28.74,29.98,26.73,29.00,59504525,1656021632.00
2015-08-20,28.71,28.71,26.10,26.10,41601019,1144480896.00
2015-08-21,23.66,25.28,23.49,23.49,39053200,928479936.00
2015-08-24,21.14,21.14,21.14,21.14,2820400,59623256.00
2015-08-25,19.03,19.03,19.03,19.03,891100,16957632.00
2015-08-26,17.13,19.39,17.13,17.13,80456655,1407463808.00
2015-08-27,15.70,17.36,15.42,16.23,88504354,1434029696.00
2015-08-28,17.00,17.85,16.41,17.85,80831789,1405518080.00
2015-08-31,17.85,19.64,17.70,18.30,83985399,1559041408.00
2015-09-01,17.77,17.78,16.47,16.47,47056168,784304960.00
2015-09-02,14.82,16.89,14.82,14.86,75054435,1137502208.00
2015-09-07,15.20,15.90,14.66,14.92,44753958,687418688.00
2015-09-08,14.95,15.99,13.70,15.55,48301782,712991424.00
2015-09-09,15.99,17.11,15.75,17.11,68963016,1137872000.00
2015-09-10,17.12,18.49,16.80,17.58,76633773,1355067392.00
2015-09-11,17.16,18.20,16.91,17.94,58833701,1029077312.00
2015-09-14,18.08,18.20,16.15,16.15,44070467,750920192.00
2015-09-15,15.50,15.52,14.54,14.54,37556174,555139968.00
2015-09-16,14.58,15.99,13.72,15.99,59600749,887581248.00
2015-09-17,15.79,16.87,14.62,14.84,67271761,1081158912.00
2015-09-22,16.91,16.91,16.91,16.91,0,0.00
数据来源:通达信
