002295 精艺股份 日线 前复权
      日期	    开盘	    最高	    最低	    收盘	    成交量	    成交额
2009-09-29,10.48,12.60,10.48,11.68,21143054,373816000.00
2009-09-30,11.15,12.15,10.95,11.28,12539798,219522816.00
2009-10-09,11.48,12.35,11.02,12.04,11916754,214922960.00
2009-10-12,11.75,12.26,11.44,11.78,8421937,151183056.00
2009-10-13,11.67,11.73,11.28,11.60,6013017,105433032.00
2009-10-14,11.61,12.25,11.53,11.87,8022200,145746240.00
2009-10-15,11.91,11.99,11.66,11.74,4763187,85574488.00
2009-10-16,11.75,11.93,11.49,11.75,4283877,76570048.00
2009-10-19,11.79,12.86,11.75,12.41,8278463,155695920.00
2009-10-20,12.48,13.21,12.35,13.15,8730540,169194864.00
2009-10-21,12.95,13.54,12.75,12.89,7108649,141508784.00
2009-10-22,12.82,13.91,12.75,13.68,7607319,156115568.00
2009-10-23,13.65,14.15,13.45,13.99,7161961,149787584.00
2009-10-26,13.94,13.94,13.47,13.61,4325889,89797568.00
2009-10-27,13.45,13.46,12.72,12.75,5249709,103612032.00
2009-10-28,12.60,13.41,12.52,13.34,4131711,81348824.00
2009-10-29,12.99,13.28,12.68,12.71,3083844,60741076.00
2009-10-30,12.98,13.27,12.54,12.61,4616418,90615408.00
2009-11-02,12.15,12.73,11.95,12.67,3467137,65477384.00
2009-11-03,12.61,12.95,12.56,12.83,2719097,53026964.00
2009-11-04,12.83,13.11,12.75,12.84,2879233,56539380.00
2009-11-05,12.84,12.93,12.70,12.87,1941999,37964084.00
2009-11-06,12.90,13.23,12.88,13.08,3605735,71627768.00
2009-11-09,13.12,13.32,12.96,13.31,3140656,62947224.00
2009-11-11,13.15,13.16,12.81,12.87,2764428,54229236.00
2009-11-12,12.88,13.03,12.68,12.73,2254204,44134584.00
2009-11-13,12.69,12.94,12.64,12.93,1852424,36067516.00
2009-11-16,12.99,13.43,12.99,13.23,3828744,76985016.00
2009-11-17,13.27,13.50,13.06,13.50,4633471,93851728.00
2009-11-18,13.55,13.58,13.25,13.49,4206466,85860456.00
2009-11-19,13.49,14.08,13.40,14.03,6074554,126821056.00
2009-11-20,13.93,14.36,13.72,14.31,5261731,112529824.00
2009-11-23,14.41,15.05,14.20,14.88,4153763,92782216.00
2009-11-24,14.88,15.28,13.81,13.89,7158432,159832032.00
2009-11-25,13.81,14.61,13.55,14.25,5489629,118797752.00
2009-11-26,14.26,14.91,14.08,14.17,5910486,129191648.00
2009-11-27,13.88,14.66,13.70,14.55,5243238,114201056.00
2009-11-30,14.64,15.80,14.54,15.54,5027412,116183464.00
2009-12-01,15.41,16.01,15.15,15.64,5530285,130209600.00
2009-12-02,15.75,16.14,15.60,16.05,4193327,101163808.00
2009-12-03,16.04,16.95,15.75,16.35,4953924,123658296.00
2009-12-04,16.18,16.68,14.81,15.48,4457496,107460336.00
2009-12-07,15.48,16.21,15.48,16.08,2350970,56817704.00
2009-12-08,16.11,16.59,16.08,16.39,2736881,67969760.00
2009-12-09,16.27,16.61,15.88,16.28,2327712,57578076.00
2009-12-10,16.29,16.48,15.88,16.03,1884477,46030764.00
2009-12-11,15.81,16.18,15.50,15.72,2287261,54871152.00
2009-12-14,15.53,15.89,15.34,15.89,1564884,37304564.00
2009-12-15,15.71,16.18,15.68,16.13,1570390,38257140.00
2009-12-16,16.05,16.48,15.82,16.38,2722884,67084084.00
2009-12-17,16.16,16.38,15.58,15.74,1587753,38304364.00
2009-12-18,15.48,16.00,15.01,16.00,1895838,44933100.00
2009-12-21,15.75,15.88,15.48,15.82,809990,19268236.00
2009-12-22,15.73,16.35,15.59,16.25,3651283,89246888.00
2009-12-23,16.24,16.71,16.05,16.69,5237267,130762480.00
2009-12-24,16.68,16.95,16.35,16.79,5911057,149788544.00
2009-12-25,16.75,16.85,16.03,16.15,5841436,145758176.00
2009-12-29,16.08,16.11,15.55,15.73,7429838,177065120.00
2009-12-30,15.71,15.81,15.21,15.47,4010486,94240240.00
2009-12-31,15.55,15.87,15.36,15.81,4170441,98893520.00
2010-01-04,15.81,15.88,15.53,15.61,2747436,65326312.00
2010-01-05,15.61,15.89,15.58,15.75,3883383,92892760.00
2010-01-06,15.75,15.85,15.41,15.42,3966933,93837552.00
2010-01-07,15.35,15.75,15.35,15.67,3895405,92241472.00
2010-01-08,15.61,15.69,14.94,15.58,2767602,64080060.00
2010-01-11,15.48,15.59,15.09,15.12,3256586,75102040.00
2010-01-12,15.23,15.58,14.99,15.54,4132440,96297712.00
2010-01-13,15.17,15.46,14.99,15.00,2777448,63945344.00
2010-01-14,15.15,15.33,14.81,15.27,2320933,53493652.00
2010-01-15,15.31,15.65,15.19,15.65,2940126,68947584.00
2010-01-18,15.66,15.81,15.48,15.77,2893772,68708240.00
2010-01-19,15.80,15.81,15.43,15.48,2038380,48125872.00
2010-01-20,15.47,15.50,14.15,14.33,2864753,64422576.00
2010-01-21,14.33,14.60,14.21,14.45,1636644,35824732.00
2010-01-22,14.22,14.27,13.53,13.78,2240199,46996300.00
2010-01-25,13.61,13.77,13.15,13.33,1256085,25831142.00
2010-01-26,13.33,13.47,12.65,12.73,1430734,28233272.00
2010-01-27,12.61,12.99,12.48,12.98,1717724,33284568.00
2010-01-28,12.92,13.37,12.78,13.28,2341997,46875804.00
2010-01-29,13.15,13.38,13.06,13.07,1454064,29184142.00
2010-02-01,13.05,13.05,12.15,12.15,1478179,28013772.00
2010-02-02,12.21,12.51,12.11,12.11,952617,17852430.00
2010-02-03,12.28,13.35,11.15,13.28,3663568,68723408.00
2010-02-04,13.01,13.33,12.66,13.04,3645780,72651040.00
2010-02-05,12.61,12.71,12.18,12.31,1592268,30252838.00
2010-02-08,12.28,12.52,12.28,12.41,557970,10548697.00
2010-02-09,12.41,12.65,12.40,12.51,544618,10366626.00
2010-02-10,12.69,12.83,12.49,12.75,880957,16973452.00
2010-02-11,12.73,12.80,12.61,12.69,802345,15517268.00
2010-02-12,12.80,13.00,12.67,13.00,850737,16588304.00
2010-02-22,12.87,13.00,12.85,12.85,850705,16711497.00
2010-02-23,12.84,12.84,12.37,12.55,805325,15334880.00
2010-02-24,12.54,12.96,12.28,12.93,1429901,27805458.00
2010-02-25,12.99,13.23,12.95,13.16,1676658,33408850.00
2010-02-26,13.26,13.45,13.16,13.25,1749523,35393736.00
2010-03-01,13.58,13.91,13.43,13.49,2288029,47377592.00
2010-03-02,13.49,13.50,13.22,13.30,1525219,30795536.00
2010-03-03,13.37,13.45,13.25,13.38,1325066,26922860.00
2010-03-04,13.41,13.62,12.81,12.83,1812471,36629132.00
2010-03-05,12.83,12.99,12.68,12.75,1140999,22249482.00
2010-03-08,12.81,13.11,12.75,13.05,893878,17647044.00
2010-03-09,13.05,13.08,12.75,12.95,917002,18019144.00
2010-03-10,12.89,13.07,12.76,12.85,830820,16314719.00
2010-03-11,12.88,13.01,12.73,12.90,789602,15444705.00
2010-03-12,12.90,13.21,12.80,13.07,1582822,31460986.00
2010-03-15,13.08,13.78,13.08,13.50,3654443,74710008.00
2010-03-16,13.08,13.08,12.56,12.75,3615780,70142672.00
2010-03-17,12.71,12.88,12.49,12.88,2302731,44510864.00
2010-03-18,12.82,12.93,12.69,12.72,1746107,34048356.00
2010-03-19,12.72,12.92,12.69,12.89,1683940,32889338.00
2010-03-22,12.98,12.98,12.75,12.81,1248807,24331376.00
2010-03-23,12.81,12.88,12.61,12.69,1212034,23453938.00
2010-03-24,12.70,12.87,12.65,12.84,1842017,35731568.00
2010-03-25,12.81,13.31,12.72,13.15,4264992,84680352.00
2010-03-26,13.09,13.45,13.02,13.35,3369697,68207984.00
2010-03-29,13.35,13.47,13.06,13.28,2335176,46933744.00
2010-03-30,13.28,13.41,13.17,13.38,2074322,42007596.00
2010-03-31,13.40,13.59,13.40,13.45,3008777,61714860.00
2010-04-01,13.49,13.95,13.49,13.61,3845251,80245784.00
2010-04-02,13.63,13.95,13.53,13.63,2459106,51285012.00
2010-04-06,13.63,13.83,13.53,13.83,2353852,48881968.00
2010-04-07,13.83,14.44,13.68,14.42,4764235,102968896.00
2010-04-08,14.42,14.44,14.01,14.03,3171578,68527208.00
2010-04-12,14.17,14.48,14.07,14.29,2846157,61701108.00
2010-04-13,14.21,14.36,13.23,13.55,3377532,70427952.00
2010-04-14,13.51,13.71,13.48,13.62,1477228,30554852.00
2010-04-15,13.61,13.68,13.15,13.20,2047530,41603284.00
2010-04-16,13.15,13.26,13.01,13.13,1686780,33714420.00
2010-04-19,13.11,13.21,12.55,12.57,1657564,32728084.00
2010-04-20,12.40,12.74,12.40,12.69,1410207,26991694.00
2010-04-21,12.69,13.05,12.65,13.01,1254897,24623396.00
2010-04-22,13.03,13.26,12.85,13.15,1790452,35665980.00
2010-04-23,13.29,13.61,13.23,13.40,2355679,48128096.00
2010-04-26,13.35,13.57,13.29,13.30,1210786,24718010.00
2010-04-27,13.25,13.27,12.49,12.76,1500045,29212172.00
2010-04-28,12.63,12.87,12.48,12.69,1057467,20431990.00
2010-04-29,12.81,13.01,12.65,12.66,1214421,23651614.00
2010-04-30,12.58,12.73,11.81,12.05,1261531,23534494.00
2010-05-04,11.64,12.25,11.64,12.08,621013,11394993.00
2010-05-05,12.08,12.45,11.99,12.43,909912,16915740.00
2010-05-06,12.39,12.60,12.03,12.05,1034230,19415162.00
2010-05-07,11.96,12.17,11.75,11.87,943879,17192414.00
2010-05-10,11.79,12.07,11.48,11.65,849863,15199004.00
2010-05-11,11.88,11.99,11.35,11.41,906900,16113850.00
2010-05-12,11.35,11.46,11.01,11.11,1143110,19527364.00
2010-05-13,11.20,11.27,10.62,11.23,1386586,23259070.00
2010-05-14,11.07,11.33,10.95,11.22,1015774,17290758.00
2010-05-17,11.10,11.12,10.28,10.28,909098,14893134.00
2010-05-18,10.28,10.82,10.10,10.67,1379185,22063326.00
2010-05-19,10.61,10.80,10.51,10.67,1041464,16975212.00
2010-05-20,10.58,10.97,10.55,10.88,1725095,28511896.00
2010-05-24,11.01,11.43,10.95,11.37,2194638,37642364.00
2010-05-25,11.25,11.32,11.13,11.24,1558194,26656882.00
2010-05-26,11.15,11.32,11.10,11.17,904126,15463237.00
2010-05-27,11.17,11.46,10.87,11.42,1905675,32673342.00
2010-05-28,11.51,11.53,11.27,11.31,1367644,23713970.00
2010-05-31,11.31,11.35,10.95,10.95,866248,14755397.00
2010-06-01,10.93,10.99,10.56,10.67,828116,13578626.00
2010-06-02,10.62,10.85,10.49,10.83,580233,9463843.00
2010-06-03,10.84,11.15,10.84,10.91,1047300,17619176.00
2010-06-04,10.91,11.16,10.82,11.13,603419,10016584.00
2010-06-07,10.91,11.39,10.82,11.33,1272559,21466868.00
2010-06-08,11.30,11.45,11.24,11.43,1164956,20032302.00
2010-06-09,11.31,11.63,11.31,11.57,1661654,28826430.00
2010-06-10,11.47,11.67,11.43,11.53,1351020,23614578.00
2010-06-11,11.58,11.60,11.41,11.52,1171447,20409388.00
2010-06-17,11.54,11.61,11.25,11.26,947879,16377507.00
2010-06-18,11.23,11.23,10.65,10.75,1142161,18896090.00
2010-06-21,10.76,11.08,10.67,11.07,718456,11913294.00
2010-06-22,11.07,11.17,11.03,11.10,556250,9352807.00
2010-06-23,11.07,11.19,10.97,11.05,638890,10694080.00
2010-06-24,11.08,11.19,11.02,11.16,688189,11580951.00
2010-06-25,11.11,11.16,10.85,10.97,553941,9245395.00
2010-06-28,10.91,11.01,10.87,10.93,459793,7618775.50
2010-06-29,10.93,11.05,10.43,10.43,877797,14146350.00
2010-06-30,10.37,10.48,10.27,10.35,644850,10091118.00
2010-07-01,10.37,10.43,10.25,10.29,462136,7231960.50
2010-07-02,10.37,10.53,10.04,10.43,1113602,17421782.00
2010-07-06,10.43,10.69,10.31,10.69,1140358,18257780.00
2010-07-07,10.72,10.73,10.54,10.69,709318,11440698.00
2010-07-08,10.69,10.95,10.65,10.82,1229860,20076234.00
2010-07-09,10.83,11.15,10.71,11.10,1390721,23081060.00
2010-07-12,11.07,11.27,10.99,11.15,1191144,20134872.00
2010-07-13,11.07,11.10,10.78,10.85,986058,16314867.00
2010-07-14,10.85,11.20,10.85,11.13,878673,14707102.00
2010-07-15,11.07,11.21,10.78,10.82,698790,11676607.00
2010-07-16,10.78,10.84,10.57,10.80,774725,12536897.00
2010-07-19,10.67,11.10,10.63,11.09,935544,15488346.00
2010-07-20,11.10,11.50,11.07,11.40,1724351,29547394.00
2010-07-21,11.48,11.50,11.31,11.33,1276244,22003292.00
2010-07-22,11.35,12.00,11.29,11.89,2752831,48764088.00
2010-07-23,11.85,11.87,11.55,11.76,1999135,35324068.00
2010-07-26,11.76,11.82,11.55,11.81,1788562,31665766.00
2010-07-27,11.63,11.66,11.50,11.54,1992228,34847488.00
2010-07-28,11.47,11.77,11.47,11.73,1682029,29740070.00
2010-07-29,11.73,11.86,11.67,11.82,1827999,32525932.00
2010-07-30,11.81,12.05,11.71,12.03,2415354,43548016.00
2010-08-02,12.02,12.15,11.87,12.05,2010428,36536288.00
2010-08-03,12.05,12.08,11.70,11.70,2158073,38771604.00
2010-08-04,11.59,11.71,11.41,11.67,1737179,30364706.00
2010-08-05,11.67,11.76,11.59,11.71,1112933,19676218.00
2010-08-06,11.69,11.90,11.53,11.90,1504725,26726656.00
2010-08-09,11.93,12.35,11.91,12.33,2712413,49838160.00
2010-08-10,12.33,12.35,11.76,11.76,2018718,36675256.00
2010-08-11,11.76,11.99,11.65,11.99,1162846,20862724.00
2010-08-12,11.82,12.01,11.71,11.73,1037066,18570920.00
2010-08-13,11.66,11.87,11.51,11.85,1384043,24496154.00
2010-08-16,11.80,12.05,11.74,12.01,1264129,22866420.00
2010-08-17,12.00,12.14,11.91,12.05,1581662,28741034.00
2010-08-18,12.09,12.21,11.94,12.16,1885480,34466420.00
2010-08-19,12.16,12.43,12.01,12.32,3038223,56405528.00
2010-08-20,12.23,12.23,11.88,11.91,1661230,30249038.00
2010-08-23,11.90,11.99,11.71,11.77,1064771,19064212.00
2010-08-24,11.77,12.00,11.70,11.90,1036806,18613078.00
2010-08-25,11.83,11.90,11.45,11.47,1134678,19997374.00
2010-08-26,11.56,11.63,11.46,11.58,711573,12427030.00
2010-08-27,11.55,11.75,11.51,11.73,775840,13688433.00
2010-08-30,11.76,12.03,11.73,11.99,1363994,24577174.00
2010-08-31,12.03,12.13,11.91,12.10,1761679,32026518.00
2010-09-01,12.17,12.17,11.67,11.78,1623517,29312074.00
2010-09-02,11.94,12.15,11.83,12.15,2024083,36829988.00
2010-09-03,12.15,12.33,12.05,12.27,2762878,51130772.00
2010-09-06,12.32,12.42,12.10,12.17,2047560,37835376.00
2010-09-07,12.23,12.23,11.97,12.12,1173653,21430944.00
2010-09-09,12.29,12.40,12.03,12.06,2341182,43213288.00
2010-09-10,11.99,12.13,11.74,11.93,1553364,27924954.00
2010-09-13,11.83,12.21,11.83,12.17,1386827,25347520.00
2010-09-14,12.22,12.42,12.09,12.31,2626381,48760124.00
2010-09-15,12.33,12.63,12.04,12.11,3251361,60969212.00
2010-09-16,11.97,12.23,11.63,11.81,1720629,31041036.00
2010-09-17,11.79,11.90,11.68,11.69,1182365,21015968.00
2010-09-20,11.71,11.75,11.24,11.29,1104085,19125724.00
2010-09-21,11.31,11.43,11.11,11.16,788014,13398328.00
2010-09-27,11.22,11.49,11.22,11.49,673377,11608478.00
2010-09-28,11.40,11.43,11.17,11.20,1015344,17337932.00
2010-09-29,11.20,11.61,11.17,11.23,971045,16755543.00
2010-09-30,11.25,11.40,11.20,11.40,740704,12715708.00
2010-10-08,11.53,12.09,11.53,11.95,1930093,34770040.00
2010-10-11,11.92,12.57,11.92,12.17,3767657,70232832.00
2010-10-12,12.13,12.90,12.03,12.69,4320604,81970864.00
2010-10-13,12.67,12.67,12.25,12.43,2674603,50150512.00
2010-10-14,12.47,12.57,11.97,12.27,2781530,51609820.00
2010-10-15,12.17,12.57,11.99,12.46,3277894,61281336.00
2010-10-18,12.45,12.46,11.95,12.17,2506064,46068176.00
2010-10-19,12.21,12.95,12.17,12.85,4176385,80224664.00
2010-10-20,12.57,12.80,12.23,12.59,3337311,63382320.00
2010-10-21,12.64,13.20,12.64,13.09,4482086,87804000.00
2010-10-22,12.95,13.22,12.79,12.91,3148817,61655432.00
2010-10-25,12.90,13.55,12.65,13.41,4690921,92878720.00
2010-10-26,13.27,13.30,12.99,13.10,2807055,55640644.00
2010-10-27,13.07,13.10,12.67,12.67,2499922,48556284.00
2010-10-28,12.65,12.81,12.43,12.60,1818696,34680072.00
2010-10-29,12.55,12.93,12.51,12.84,1821556,35087692.00
2010-11-01,12.84,13.29,12.84,13.16,2842638,56438848.00
2010-11-02,13.29,14.09,13.29,13.40,5599990,115156952.00
2010-11-03,13.42,13.57,12.73,12.77,2718582,53836588.00
2010-11-04,12.87,13.03,12.71,12.95,1918608,37406532.00
2010-11-05,13.18,13.49,12.99,13.09,2350675,46778812.00
2010-11-08,12.97,13.23,12.85,13.23,2077747,41062136.00
2010-11-09,13.23,13.46,13.09,13.38,2578281,51837224.00
2010-11-10,13.39,13.54,13.23,13.41,2429436,49122688.00
2010-11-11,13.35,13.71,13.17,13.17,3656316,74602000.00
2010-11-12,13.16,13.16,11.92,11.93,3396168,64133868.00
2010-11-15,11.89,12.23,11.89,12.19,1464280,26738536.00
2010-11-16,12.30,12.33,11.75,11.77,1905537,34783504.00
2010-11-17,11.57,11.93,11.57,11.63,817847,14552157.00
2010-11-18,11.67,12.02,11.67,11.99,758632,13638158.00
2010-11-19,12.02,12.13,11.77,12.13,1193856,21666788.00
2010-11-22,12.04,12.33,11.97,12.17,1295791,23875066.00
2010-11-23,12.21,12.21,11.76,12.01,1051339,18966636.00
2010-11-24,11.90,12.37,11.80,12.37,1298549,23875210.00
2010-11-25,12.38,12.59,12.32,12.51,2082576,39332692.00
2010-11-26,12.43,12.46,12.23,12.29,975727,18170124.00
2010-11-29,12.17,12.35,12.05,12.31,828708,15284289.00
2010-11-30,12.29,12.33,11.67,11.91,1146790,20727768.00
2010-12-01,11.91,12.05,11.85,11.96,675551,12217767.00
2010-12-02,12.03,12.22,11.98,12.04,812806,14900573.00
2010-12-03,12.04,12.15,11.84,11.99,843041,15252016.00
2010-12-06,12.04,12.16,11.77,11.93,618995,11206416.00
2010-12-07,11.83,12.07,11.63,12.01,689885,12359535.00
2010-12-08,12.07,12.07,11.87,11.93,556979,10088372.00
2010-12-09,11.95,11.95,11.64,11.69,618834,11013135.00
2010-12-10,11.60,11.81,11.37,11.75,594304,10462194.00
2010-12-13,11.77,12.06,11.76,12.03,1009043,18260664.00
2010-12-14,12.10,12.13,11.98,12.09,780074,14246269.00
2010-12-15,12.13,12.19,11.95,12.03,944159,17281824.00
2010-12-16,11.96,12.15,11.96,12.05,703763,12866117.00
2010-12-17,12.11,12.32,12.07,12.23,1235016,22802806.00
2010-12-20,12.25,12.35,11.80,12.12,1178979,21641014.00
2010-12-21,12.27,12.32,12.11,12.31,1057445,19600202.00
2010-12-22,12.43,12.75,12.37,12.44,2451077,46642532.00
2010-12-24,12.10,12.23,11.77,11.89,1147806,20744858.00
2010-12-27,11.92,12.03,11.57,11.57,1018767,18251820.00
2010-12-28,11.55,11.55,11.19,11.23,837085,14360051.00
2010-12-29,11.31,11.46,11.19,11.46,368027,6334209.00
2010-12-30,11.47,11.62,11.31,11.57,825518,14271110.00
2010-12-31,11.63,12.02,11.57,11.95,1057018,18929228.00
2011-01-04,11.96,12.14,11.82,12.05,1006904,18286932.00
2011-01-05,11.87,12.01,11.80,11.96,686950,12392355.00
2011-01-06,11.96,12.08,11.90,12.01,762407,13813406.00
2011-01-07,11.97,12.19,11.90,12.07,1134214,20730044.00
2011-01-10,12.07,12.07,11.57,11.57,957114,17010160.00
2011-01-11,11.54,11.69,11.37,11.56,628251,10927691.00
2011-01-12,11.46,11.70,11.37,11.53,526743,9176923.00
2011-01-13,11.55,11.57,11.41,11.45,427518,7413383.50
2011-01-14,11.43,11.43,11.17,11.19,660028,11230272.00
2011-01-17,11.16,11.16,10.83,10.94,619310,10299719.00
2011-01-18,10.89,11.07,10.89,11.03,209650,3486201.75
2011-01-19,10.97,11.42,10.90,11.37,735831,12467200.00
2011-01-20,11.27,11.50,11.05,11.08,1004575,17170058.00
2011-01-21,11.03,11.69,10.83,11.50,1084661,18445182.00
2011-01-24,11.43,12.01,11.30,11.95,2566550,45749100.00
2011-01-25,11.83,12.08,11.53,11.98,1661776,29834980.00
2011-01-26,11.83,11.92,11.76,11.87,731487,13111756.00
2011-01-27,11.67,11.95,11.63,11.87,1167740,20856768.00
2011-01-31,11.87,11.97,11.69,11.93,1097926,19644074.00
2011-02-01,11.85,12.10,11.79,12.09,1597912,28984534.00
2011-02-09,11.98,12.23,11.78,11.90,984952,17828208.00
2011-02-10,11.90,12.13,11.69,12.13,1733265,31363412.00
2011-02-11,12.08,12.36,11.93,12.36,2935921,53816212.00
2011-02-14,12.37,12.59,12.27,12.49,3689784,69376040.00
2011-02-15,12.56,12.63,12.27,12.29,2479737,46662612.00
2011-02-16,12.24,12.56,12.14,12.49,2074659,38868932.00
2011-02-17,12.49,12.54,12.02,12.27,2329769,43068992.00
2011-02-18,12.27,12.29,12.07,12.09,1199904,22042994.00
2011-02-21,12.05,12.38,12.03,12.32,1526247,28264318.00
2011-02-22,12.33,12.47,11.93,11.97,2055730,37930896.00
2011-02-23,11.83,12.15,11.83,12.05,1130039,20483662.00
2011-02-24,11.99,12.20,11.83,11.95,1803609,32663328.00
2011-02-25,11.97,12.04,11.82,12.04,1022452,18464264.00
2011-02-28,12.03,12.14,11.90,12.11,1948074,35542636.00
2011-03-01,12.12,12.33,12.07,12.29,2188107,40391900.00
2011-03-02,12.23,12.26,11.90,12.07,1339650,24514396.00
2011-03-03,12.03,12.13,11.73,11.73,1389910,25087776.00
2011-03-04,11.89,11.89,11.57,11.89,1105263,19631040.00
2011-03-07,11.89,12.14,11.89,12.14,1368954,24931898.00
2011-03-08,12.13,12.30,12.05,12.19,1656791,30557816.00
2011-03-09,12.21,12.50,12.19,12.40,2499061,46671028.00
2011-03-10,12.39,12.39,12.17,12.31,1645517,30500770.00
2011-03-11,12.29,12.91,12.22,12.65,4736317,90820024.00
2011-03-14,12.60,13.07,12.49,12.98,3150541,61279812.00
2011-03-15,12.91,12.93,12.31,12.59,2503373,47537380.00
2011-03-16,12.60,12.85,12.50,12.77,2330764,44733056.00
2011-03-17,12.70,12.70,12.27,12.43,1679120,31675066.00
2011-03-18,12.55,12.63,12.39,12.45,1126938,21263922.00
2011-03-21,12.45,12.76,12.43,12.75,1720372,32852804.00
2011-03-22,12.75,13.03,12.65,12.89,2602664,50681768.00
2011-03-23,12.78,12.87,12.60,12.67,3839852,73644560.00
2011-03-24,12.70,12.76,12.45,12.57,2393001,45457292.00
2011-03-25,12.49,12.63,12.34,12.43,2807841,52913536.00
2011-03-28,12.47,12.62,12.27,12.27,2977348,56191176.00
2011-03-29,12.47,13.50,12.47,13.12,7424281,145851264.00
2011-03-30,13.00,13.00,12.55,12.78,3479909,67307288.00
2011-03-31,12.70,13.37,12.57,13.14,5824894,115197144.00
2011-04-01,13.05,13.63,12.99,13.30,5439420,110010888.00
2011-04-06,13.21,13.35,12.87,13.23,3287645,65129592.00
2011-04-07,13.17,13.19,12.95,13.07,2449195,48360760.00
2011-04-08,13.07,13.56,13.03,13.47,3947651,80040488.00
2011-04-11,13.49,13.60,13.27,13.33,3442382,69727736.00
2011-04-12,13.33,13.41,12.97,13.03,2377134,47256860.00
2011-04-13,13.03,13.11,12.70,13.09,2016539,39352140.00
2011-04-14,13.07,13.09,12.80,12.85,1617488,31518986.00
2011-04-15,12.85,13.07,12.79,12.93,1456267,28486204.00
2011-04-19,12.80,12.90,12.37,12.44,2042169,38802224.00
2011-04-20,12.55,12.69,12.27,12.63,1094250,20846472.00
2011-04-21,12.63,12.83,12.60,12.72,996730,19177140.00
2011-04-22,12.73,12.76,12.44,12.44,1279017,24283622.00
2011-04-25,12.40,12.51,12.05,12.11,1266359,23486786.00
2011-04-26,12.20,12.20,11.90,11.99,856168,15577683.00
2011-04-27,12.13,12.13,11.83,11.95,709756,12883354.00
2011-04-28,12.19,12.19,11.36,11.67,937971,16857296.00
2011-04-29,11.69,12.05,11.65,11.98,748633,13431142.00
2011-05-03,11.97,12.02,11.83,12.02,716426,12910804.00
2011-05-04,12.00,12.00,11.53,11.55,942511,16713914.00
2011-05-05,11.56,11.67,11.49,11.59,501495,8788754.00
2011-05-06,11.57,11.77,11.35,11.75,951257,16613364.00
2011-05-09,11.77,11.97,11.75,11.86,811065,14582806.00
2011-05-10,11.84,12.03,11.81,12.00,608088,10994130.00
2011-05-11,12.03,12.30,12.01,12.07,794493,14588771.00
2011-05-12,12.05,12.05,11.23,11.86,840050,15050657.00
2011-05-13,11.89,11.89,11.63,11.84,745029,13274438.00
2011-05-16,11.84,12.00,11.75,11.94,1035281,12333908.00
2011-05-17,11.98,12.27,11.70,12.11,1400613,16921844.00
2011-05-18,12.07,12.18,11.85,11.98,1220625,14651577.00
2011-05-19,12.01,12.19,11.85,11.86,860870,10322634.00
2011-05-20,11.88,12.02,11.80,11.97,815844,9740116.00
2011-05-23,12.04,12.20,11.59,11.62,2000934,23949456.00
2011-05-24,11.50,11.50,10.65,11.15,2433248,26847500.00
2011-05-25,11.05,11.14,10.68,10.76,1124269,12229373.00
2011-05-26,10.87,10.94,10.44,10.46,1294576,13832470.00
2011-05-27,10.62,10.62,10.25,10.27,1012157,10527298.00
2011-05-31,10.27,10.53,10.05,10.49,1223625,12635404.00
2011-06-01,10.45,10.67,10.30,10.56,1014612,10648738.00
2011-06-02,10.47,10.47,10.00,10.16,1546161,15719947.00
2011-06-03,10.16,10.64,10.16,10.53,1781331,18681084.00
2011-06-07,10.45,10.66,10.36,10.56,1409325,14893717.00
2011-06-08,10.58,10.97,10.45,10.93,3259312,35006396.00
2011-06-09,10.81,11.07,10.62,10.66,2408345,26151534.00
2011-06-10,10.66,10.75,10.31,10.68,1526327,15974200.00
2011-06-13,10.50,10.68,10.35,10.61,956748,10052579.00
2011-06-14,10.57,10.89,10.57,10.80,1317263,14223386.00
2011-06-15,10.93,11.10,10.70,10.75,1537130,16738871.00
2011-06-16,10.78,10.78,10.39,10.50,1153090,12103612.00
2011-06-17,10.50,10.56,10.10,10.12,1114348,11502268.00
2011-06-20,10.12,10.12,9.86,9.94,827244,8220529.00
2011-06-21,9.91,10.10,9.87,10.07,1690952,16887920.00
2011-06-22,10.08,10.08,9.79,9.88,1734275,17178368.00
2011-06-23,9.80,10.19,9.67,10.11,3622299,35988432.00
2011-06-24,10.00,10.48,9.95,10.35,3741733,38363176.00
2011-06-27,10.35,10.63,10.35,10.61,4585581,48207956.00
2011-06-28,10.66,11.22,10.55,10.89,6108327,66855416.00
2011-06-29,10.91,11.17,10.80,10.92,4409482,48322456.00
2011-06-30,10.84,11.04,10.76,10.93,3263818,35719880.00
2011-07-01,10.96,11.06,10.85,10.90,2874929,31510868.00
2011-07-04,11.10,11.38,10.95,11.38,4744417,53261452.00
2011-07-05,11.52,11.52,11.23,11.31,3414137,38739036.00
2011-07-06,11.28,11.39,11.15,11.39,2962691,33465240.00
2011-07-07,11.38,11.60,11.29,11.32,3152253,36086564.00
2011-07-08,11.38,11.44,10.98,11.07,2386935,26545296.00
2011-07-11,10.95,11.19,10.95,11.09,1502775,16655523.00
2011-07-12,11.04,11.04,10.76,10.79,2012482,21918770.00
2011-07-13,10.79,11.20,10.79,11.20,2215938,24517558.00
2011-07-14,11.25,11.95,11.25,11.62,5374779,62457024.00
2011-07-15,11.62,11.94,11.46,11.90,5196204,61346020.00
2011-07-18,11.85,11.90,11.59,11.72,3451755,40504056.00
2011-07-19,11.69,11.69,11.48,11.58,1899638,21954674.00
2011-07-20,11.60,11.94,11.60,11.87,3515555,41573436.00
2011-07-21,11.90,11.90,11.46,11.51,2094141,24313586.00
2011-07-22,11.51,11.66,11.39,11.41,2063634,23734310.00
2011-07-25,11.31,11.35,10.65,10.69,2440866,26908818.00
2011-07-26,10.60,10.87,10.52,10.83,1180655,12658250.00
2011-07-27,10.83,11.25,10.73,11.16,1393474,15345392.00
2011-07-28,11.14,11.14,10.81,10.97,1262144,13833244.00
2011-07-29,10.97,11.06,10.78,10.86,1037382,11293963.00
2011-08-01,10.86,11.13,10.66,10.98,925399,10162342.00
2011-08-02,11.00,11.00,10.64,10.85,1101963,11836141.00
2011-08-03,10.70,10.99,10.65,10.87,933214,10150644.00
2011-08-04,10.90,11.37,10.88,11.32,2807009,31346638.00
2011-08-05,10.98,11.28,10.90,11.20,2214976,24603412.00
2011-08-08,11.04,11.10,10.28,10.37,2196580,23290782.00
2011-08-09,10.10,10.52,9.70,10.52,2356797,23949226.00
2011-08-10,10.69,11.00,10.59,11.00,2805464,30372416.00
2011-08-11,10.97,11.68,10.71,11.45,4302425,48653464.00
2011-08-12,11.45,11.54,11.34,11.41,2623112,30011324.00
2011-08-15,11.51,11.64,11.31,11.55,2204064,25350772.00
2011-08-16,11.55,11.60,11.36,11.46,1793609,20597286.00
2011-08-17,11.46,11.86,11.29,11.70,3401307,39426300.00
2011-08-18,11.62,12.21,11.53,12.13,9540372,113021320.00
2011-08-19,11.90,12.74,11.43,11.54,10172828,121930248.00
2011-08-22,11.33,11.50,10.92,10.92,4831510,53919224.00
2011-08-23,10.89,10.99,10.62,10.97,3757332,40616444.00
2011-08-24,11.04,11.09,10.78,10.83,3669129,40134716.00
2011-08-25,10.93,11.11,10.72,11.07,3238765,35418504.00
2011-08-26,10.98,11.11,10.91,11.06,2459393,27129136.00
2011-08-29,10.99,11.01,10.80,10.82,2044701,22188480.00
2011-08-30,10.89,10.98,10.71,10.71,2208373,23960666.00
2011-08-31,10.75,10.87,10.59,10.83,1567562,16880124.00
2011-09-01,10.89,10.92,10.65,10.75,1009411,10882264.00
2011-09-02,10.76,10.78,10.50,10.55,1156064,12240666.00
2011-09-05,10.45,10.48,10.15,10.22,1463159,15034348.00
2011-09-06,10.19,10.23,10.03,10.19,863134,8745372.00
2011-09-07,10.25,10.45,10.22,10.41,1127536,11695773.00
2011-09-08,10.42,10.83,10.41,10.65,2966630,31635714.00
2011-09-09,10.60,10.78,10.56,10.77,1371377,14654065.00
2011-09-13,10.51,10.74,10.51,10.59,981146,10435593.00
2011-09-14,10.55,10.94,10.54,10.94,2650439,28621318.00
2011-09-15,10.96,11.26,10.96,11.15,3267416,36382244.00
2011-09-16,11.13,11.29,11.05,11.20,2677139,29952100.00
2011-09-19,11.19,11.19,11.01,11.06,1876466,20860534.00
2011-09-20,11.00,11.45,10.74,11.33,6144007,68697312.00
2011-09-21,11.39,12.06,11.21,11.77,10666962,123590128.00
2011-09-22,11.60,11.85,11.28,11.48,5005847,57575288.00
2011-09-23,11.49,11.69,11.16,11.61,8184580,93631856.00
2011-09-26,11.67,11.70,11.32,11.50,8229468,94354568.00
2011-09-27,11.66,11.77,11.18,11.71,8343758,96135712.00
2011-09-28,11.88,12.20,11.60,11.80,12261062,146190384.00
2011-09-29,11.79,11.79,11.21,11.41,8320184,95532568.00
2011-09-30,11.61,11.98,11.41,11.64,11747332,137421440.00
2011-10-10,11.64,12.06,11.60,11.80,8972802,105406816.00
2011-10-11,12.07,12.07,11.35,11.78,7921109,92846624.00
2011-10-12,11.60,12.70,11.41,12.26,9517733,114682880.00
2011-10-13,12.10,12.64,12.00,12.59,9147631,113091232.00
2011-10-14,12.65,12.65,12.23,12.43,4290407,53077152.00
2011-10-17,12.40,13.36,12.20,12.89,15891457,201238560.00
2011-10-18,12.61,12.93,12.43,12.57,11052846,140175104.00
2011-10-19,12.79,13.13,12.16,12.75,12629964,159697904.00
2011-10-20,12.85,13.33,12.62,12.83,15168645,196032992.00
2011-10-21,13.10,13.10,12.00,12.15,11402067,142947104.00
2011-10-24,12.20,12.28,11.39,12.21,11969721,143217712.00
2011-10-25,12.18,13.20,11.80,12.95,17545321,217601488.00
2011-10-26,12.75,13.10,12.60,12.89,13500388,173656416.00
2011-10-27,12.95,13.10,12.61,12.89,13848271,179042048.00
2011-10-28,13.30,14.15,13.12,13.50,20924727,283766016.00
2011-10-31,13.47,13.90,12.97,13.72,21796122,297033920.00
2011-11-01,13.91,14.20,13.13,13.14,20931724,283345024.00
2011-11-02,12.97,13.04,12.22,12.97,12530662,158087104.00
2011-11-03,12.81,13.16,12.70,12.70,10852189,139807552.00
2011-11-04,12.52,12.80,12.44,12.56,6912402,86930136.00
2011-11-07,12.44,12.68,12.35,12.62,5042031,63211644.00
2011-11-08,12.61,12.61,12.07,12.08,5629740,69652256.00
2011-11-10,12.09,12.35,12.00,12.09,6075215,73770632.00
2011-11-11,12.09,12.19,11.81,11.89,3691051,44232380.00
2011-11-14,12.05,12.24,11.93,12.20,4737100,57369956.00
2011-11-15,12.20,12.33,12.08,12.17,3958027,48192120.00
2011-11-16,12.25,12.26,11.65,11.65,4308919,51333104.00
2011-11-17,11.69,12.12,11.38,12.11,7140300,83943872.00
2011-11-18,11.96,12.23,11.80,11.87,5972741,71833960.00
2011-11-21,11.85,11.87,11.40,11.60,3045813,35165684.00
2011-11-22,11.40,11.50,10.95,11.14,3519385,39446128.00
2011-11-23,11.14,11.25,11.07,11.13,1631986,18221762.00
2011-11-24,11.03,11.03,10.70,10.81,2901809,31424868.00
2011-11-25,10.80,10.96,10.65,10.72,2039128,22011622.00
2011-11-28,10.80,11.32,10.64,11.24,4046446,44415068.00
2011-11-29,11.25,11.30,11.10,11.25,3056144,34222448.00
2011-11-30,11.20,11.20,10.19,10.33,3351521,35912892.00
2011-12-01,10.70,10.79,10.46,10.49,2893709,30780104.00
2011-12-02,10.48,10.48,10.00,10.06,2162719,22018516.00
2011-12-05,10.06,10.15,9.75,9.80,1629511,16139280.00
2011-12-06,9.78,9.93,9.60,9.83,1713664,16717851.00
2011-12-07,9.76,10.18,9.70,10.06,2250153,22431692.00
2011-12-08,10.00,10.09,9.68,9.92,1861692,18441280.00
2011-12-09,9.80,9.98,9.72,9.80,922050,9081145.00
2011-12-12,9.81,9.85,9.44,9.47,1198708,11546559.00
2011-12-13,9.43,9.43,8.71,8.98,2390298,21425030.00
2011-12-14,8.79,9.01,8.45,8.48,1664822,14522181.00
2011-12-15,8.47,8.47,7.80,7.82,3066143,24776752.00
2011-12-16,7.86,8.18,7.83,8.12,2029710,16173248.00
2011-12-19,8.01,8.12,7.81,8.05,1768423,14057947.00
2011-12-20,8.00,8.21,8.00,8.10,2199611,17888948.00
2011-12-21,8.19,8.27,7.61,7.61,1934966,15461593.00
2011-12-22,7.50,7.57,7.09,7.38,2307478,16852330.00
2011-12-23,7.30,7.59,7.27,7.46,1641223,12241706.00
2011-12-26,7.45,7.54,7.28,7.29,1235656,9182553.00
2011-12-27,7.25,7.34,7.06,7.12,1551886,11135440.00
2011-12-28,7.01,7.26,6.91,7.23,1787742,12629020.00
2011-12-29,7.20,7.40,7.13,7.40,2046048,14926550.00
2011-12-30,7.41,7.94,7.39,7.76,3078108,23660246.00
2012-01-04,7.80,7.88,7.29,7.29,2031738,15443582.00
2012-01-05,7.20,7.37,6.98,7.12,1652594,11794577.00
2012-01-06,7.13,7.49,6.98,7.47,1771543,12795284.00
2012-01-09,7.43,7.83,7.35,7.78,2736021,20980580.00
2012-01-10,7.75,8.15,7.66,8.07,4490240,35575888.00
2012-01-11,7.96,8.49,7.80,8.22,4951058,40286116.00
2012-01-12,8.15,8.84,8.00,8.67,7471684,63476540.00
2012-01-13,8.55,8.75,8.22,8.30,4580334,38687260.00
2012-01-16,8.16,8.16,7.68,7.70,2669326,21156892.00
2012-01-17,7.65,8.47,7.65,8.47,4097857,33486564.00
2012-01-18,8.70,8.86,8.18,8.26,5206845,44571880.00
2012-01-19,8.29,8.38,8.05,8.20,2693715,22109958.00
2012-01-20,8.26,8.29,7.88,7.98,4127603,33044256.00
2012-01-30,8.01,8.15,7.90,8.07,2852895,22959446.00
2012-01-31,8.07,8.09,7.82,7.96,1809302,14323913.00
2012-02-01,7.96,7.96,7.64,7.75,2383845,18627674.00
2012-02-02,7.68,8.52,7.68,8.52,4939117,39997152.00
2012-02-03,8.35,8.62,8.29,8.44,5381650,45368424.00
2012-02-06,8.44,8.55,8.25,8.49,5369746,45143520.00
2012-02-07,8.41,8.46,8.20,8.36,3641805,30262604.00
2012-02-08,8.32,9.18,8.24,8.92,9573960,83735440.00
2012-02-09,8.80,9.08,8.72,8.83,6821592,60485668.00
2012-02-10,8.80,8.93,8.71,8.79,3410125,30018352.00
2012-02-13,8.70,9.02,8.55,8.92,4063144,35968244.00
2012-02-14,8.91,9.03,8.80,9.01,4012962,35878284.00
2012-02-15,8.90,9.26,8.90,9.10,5244737,47892940.00
2012-02-16,9.00,9.20,8.82,9.11,4884074,44097192.00
2012-02-17,9.09,9.15,8.86,9.01,2993653,26886040.00
2012-02-20,9.19,9.19,8.87,8.99,3763220,33971072.00
2012-02-21,8.95,9.03,8.70,9.02,3360614,29845750.00
2012-02-22,9.05,9.16,8.95,9.11,8190331,73980768.00
2012-02-23,9.10,9.18,8.96,9.09,6624726,60223104.00
2012-02-24,9.10,9.14,9.00,9.12,5252656,47761728.00
2012-02-27,9.11,9.54,9.10,9.13,7846376,73034536.00
2012-02-28,9.00,9.06,8.81,8.90,5127169,45745636.00
2012-02-29,8.85,9.00,8.71,8.75,3378040,29921000.00
2012-03-01,8.66,8.85,8.66,8.76,2180009,19148312.00
2012-03-02,8.78,9.05,8.78,9.00,3207317,28657166.00
2012-03-05,9.05,9.08,8.92,8.95,2697162,24253406.00
2012-03-06,8.91,9.14,8.91,9.14,5061537,45785480.00
2012-03-07,9.08,9.17,8.85,8.96,3451357,31199436.00
2012-03-08,8.96,9.15,8.95,9.04,3241556,29343636.00
2012-03-09,9.12,9.14,8.97,9.10,3940865,35706668.00
2012-03-12,9.20,9.30,9.10,9.14,4740042,43423524.00
2012-03-13,9.15,9.29,9.10,9.29,5063389,46642732.00
2012-03-14,9.34,9.38,8.39,8.63,7645740,69390304.00
2012-03-15,8.50,8.64,8.02,8.43,4568091,38089160.00
2012-03-16,8.40,8.55,8.33,8.52,3333783,28163352.00
2012-03-19,8.52,8.63,8.35,8.63,2948873,25015352.00
2012-03-20,8.58,8.63,8.31,8.38,4151265,35180068.00
2012-03-22,8.40,8.48,8.16,8.30,3172792,26220954.00
2012-03-23,8.22,8.22,7.96,8.01,2716766,21944562.00
2012-03-26,8.00,8.09,7.88,7.91,1574957,12526299.00
2012-03-27,7.98,8.05,7.90,7.93,1347980,10747563.00
2012-03-28,7.97,7.97,7.38,7.40,2387115,18184472.00
2012-03-29,7.38,7.39,7.00,7.20,1649403,11856666.00
2012-03-30,7.15,7.29,7.05,7.16,1677254,11992887.00
2012-04-05,7.17,7.36,7.11,7.33,1486236,10822705.00
2012-04-06,7.33,7.50,7.28,7.43,1579240,11657512.00
2012-04-09,7.40,7.40,7.23,7.26,1118617,8180913.00
2012-04-10,7.23,7.34,7.03,7.33,1425006,10259837.00
2012-04-11,7.21,7.38,7.18,7.37,1243458,9090996.00
2012-04-12,7.38,7.62,7.38,7.58,2158161,16224136.00
2012-04-13,7.58,7.73,7.54,7.66,2275600,17392144.00
2012-04-16,7.61,8.43,7.53,8.43,10630546,88068144.00
2012-04-17,8.43,8.49,8.06,8.08,6005055,49510988.00
2012-04-18,8.06,8.42,8.03,8.39,6251548,51464228.00
2012-04-19,8.30,8.59,8.23,8.52,5280730,44417080.00
2012-04-20,8.56,9.07,8.42,9.07,12382091,108925944.00
2012-04-23,9.50,9.75,8.62,9.03,14035977,127861944.00
2012-04-24,8.60,9.15,8.44,8.87,16471096,144245664.00
2012-04-25,8.68,8.99,8.38,8.68,10765317,92765560.00
2012-04-26,8.75,8.86,8.47,8.64,7407834,63992740.00
2012-04-27,8.64,8.72,8.30,8.65,6826147,57961632.00
2012-05-02,8.67,8.87,8.55,8.73,12398609,107682744.00
2012-05-03,8.50,8.65,8.34,8.50,7154614,60862692.00
2012-05-04,8.49,8.53,8.32,8.42,3510376,29567532.00
2012-05-07,8.33,8.50,8.29,8.44,2744369,23093136.00
2012-05-08,8.43,8.70,8.42,8.66,5585894,47875712.00
2012-05-09,8.60,8.60,8.38,8.43,3047273,25834868.00
2012-05-10,8.40,8.47,8.21,8.26,2825181,23546440.00
2012-05-11,8.26,8.34,8.00,8.08,2585370,21187020.00
2012-05-14,8.16,8.25,8.01,8.07,1905908,15517717.00
2012-05-15,7.99,7.99,7.72,7.90,2259048,17698302.00
2012-05-16,7.87,7.97,7.76,7.77,1817081,14321783.00
2012-05-17,7.76,7.94,7.76,7.92,1677434,13200122.00
2012-05-18,7.88,7.92,7.72,7.73,1509685,11803007.00
2012-05-21,7.77,7.84,7.60,7.81,1532755,11866115.00
2012-05-22,7.83,7.96,7.83,7.92,1532617,12106776.00
2012-05-23,7.96,8.08,7.90,8.03,2178081,17424322.00
2012-05-24,8.03,8.03,7.90,7.92,1499839,11931660.00
2012-05-25,7.81,7.90,7.64,7.64,1637707,12693162.00
2012-05-28,7.64,7.75,7.34,7.71,1723814,13059312.00
2012-05-29,7.71,8.04,7.69,7.94,2719802,21501646.00
2012-05-30,7.90,8.02,7.86,7.94,1587299,12633184.00
2012-05-31,7.89,8.00,7.74,7.92,1820981,14333755.00
2012-06-01,7.92,8.12,7.92,8.04,2241038,17976232.00
2012-06-04,7.93,7.95,7.61,7.61,1691822,13160999.00
2012-06-05,7.59,7.69,7.55,7.59,962232,7335115.50
2012-06-06,7.66,7.71,7.42,7.54,1282706,9736782.00
2012-06-07,7.58,7.66,7.42,7.42,1176338,8853353.00
2012-06-08,7.50,7.60,7.38,7.39,942172,7045126.00
2012-06-11,7.49,7.57,7.30,7.56,899646,6728827.50
2012-06-12,7.50,7.58,7.43,7.52,614086,4604720.00
2012-06-13,7.55,7.67,7.50,7.64,973548,7401577.50
2012-06-14,7.65,7.72,7.56,7.58,1233806,9432963.00
2012-06-15,7.67,7.75,7.57,7.68,1364951,10476905.00
2012-06-18,7.75,7.82,7.66,7.72,972689,7527875.50
2012-06-19,7.72,7.74,7.58,7.63,1033681,7886051.50
2012-06-20,7.68,7.68,7.58,7.59,760131,5789902.50
2012-06-21,7.52,7.53,7.35,7.40,971050,7215803.00
2012-06-25,7.38,7.44,7.09,7.12,1086942,7909482.00
2012-06-26,7.08,7.25,7.05,7.19,719538,5158129.00
2012-06-28,7.26,7.26,7.00,7.01,967496,6870663.00
2012-06-29,7.00,7.21,6.96,7.19,1109272,7888194.00
2012-07-02,7.25,7.30,7.18,7.19,940536,6798779.00
2012-07-03,7.21,7.32,7.16,7.17,955369,6906577.00
2012-07-04,7.19,7.26,7.14,7.23,751311,5415811.00
2012-07-05,7.14,7.19,7.02,7.04,805472,5710459.50
2012-07-06,7.08,7.24,7.01,7.18,1015870,7222753.50
2012-07-09,7.15,7.21,7.03,7.04,973536,6938232.00
2012-07-10,7.04,7.08,6.81,6.81,1252290,8671480.00
2012-07-11,6.81,6.90,6.75,6.88,623936,4258909.00
2012-07-12,6.86,7.22,6.75,7.05,1422474,9974591.00
2012-07-13,7.00,7.12,6.92,6.99,695593,4876974.50
2012-07-16,6.98,7.00,6.53,6.58,1060094,7167405.00
2012-07-17,6.62,6.73,6.58,6.68,511107,3403546.75
2012-07-18,6.68,6.74,6.60,6.72,921968,6146795.00
2012-07-19,6.77,6.92,6.67,6.83,1358909,9270047.00
2012-07-20,6.77,6.87,6.77,6.85,814510,5548157.50
2012-07-23,6.80,6.80,6.60,6.69,1001667,6714125.00
2012-07-24,6.62,6.81,6.62,6.72,787245,5289579.00
2012-07-25,6.67,6.77,6.65,6.69,743252,4982153.50
2012-07-26,6.66,6.92,6.66,6.70,1008638,6832925.00
2012-07-27,6.75,6.82,6.68,6.75,709320,4777916.50
2012-07-30,6.71,6.80,6.50,6.52,750344,4976785.50
2012-07-31,6.48,6.53,6.16,6.23,874927,5514222.00
2012-08-01,6.23,6.37,6.18,6.30,681298,4298763.00
2012-08-02,6.26,6.30,6.16,6.25,582972,3639557.50
2012-08-03,6.32,6.46,6.24,6.42,1000076,6380300.50
2012-08-06,6.39,6.60,6.35,6.58,1163792,7599611.50
2012-08-07,6.60,6.68,6.54,6.65,1108714,7350288.50
2012-08-08,6.65,6.79,6.58,6.70,1550489,10396874.00
2012-08-09,6.67,6.74,6.61,6.74,1123695,7520555.50
2012-08-10,6.72,6.76,6.62,6.69,812158,5433013.50
2012-08-13,6.70,6.73,6.47,6.50,766208,5078732.00
2012-08-14,6.49,6.60,6.41,6.59,713131,4628204.50
2012-08-15,6.62,6.62,6.45,6.47,525034,3419568.25
2012-08-16,6.47,6.53,6.41,6.43,393035,2539524.50
2012-08-17,6.41,6.49,6.40,6.48,467657,3014209.00
2012-08-20,6.44,6.46,6.33,6.44,408307,2609174.50
2012-08-21,6.44,6.59,6.41,6.56,761763,4984424.00
2012-08-22,6.61,6.65,6.53,6.55,719870,4740771.00
2012-08-23,6.62,6.77,6.56,6.73,1215212,8144651.50
2012-08-24,6.70,6.74,6.44,6.50,954688,6255480.00
2012-08-27,6.46,6.46,6.23,6.23,793884,5003877.00
2012-08-28,6.19,6.37,6.17,6.26,667607,4169050.50
2012-08-29,6.26,6.31,6.14,6.25,630875,3926728.25
2012-08-30,6.21,6.26,6.01,6.11,834761,5125531.00
2012-08-31,6.10,6.72,6.06,6.65,3269574,21570444.00
2012-09-03,6.53,6.67,6.42,6.64,2744086,18031914.00
2012-09-04,6.62,6.64,6.44,6.44,1880623,12282988.00
2012-09-05,6.40,6.51,6.26,6.32,1660655,10561737.00
2012-09-06,6.31,6.44,6.31,6.43,1382209,8837043.00
2012-09-07,6.45,6.79,6.44,6.66,3318120,22082532.00
2012-09-10,6.69,7.33,6.62,7.33,7940397,56481580.00
2012-09-11,7.65,7.65,7.07,7.15,9024796,65509324.00
2012-09-12,7.16,7.87,7.16,7.87,21185285,165326160.00
2012-09-13,7.70,7.89,7.56,7.77,14301279,110159840.00
2012-09-14,8.08,8.29,7.52,7.60,13293883,105340984.00
2012-09-17,7.46,7.49,7.10,7.18,7501041,54615804.00
2012-09-18,7.10,7.14,6.92,7.06,4797873,33682076.00
2012-09-19,7.08,7.39,7.05,7.37,6186941,44697308.00
2012-09-20,7.30,7.32,6.96,6.96,3908169,27826128.00
2012-09-21,6.90,7.22,6.90,6.97,3610175,25470306.00
2012-09-24,6.85,7.28,6.60,7.21,4953663,34447812.00
2012-09-25,7.14,7.17,6.92,7.01,2522723,17808080.00
2012-09-26,6.95,7.06,6.69,6.70,2016631,13765446.00
2012-09-27,6.67,6.99,6.36,6.70,5110347,33859916.00
2012-09-28,6.59,6.83,6.50,6.72,3614543,24258482.00
2012-10-08,6.70,6.91,6.67,6.75,3103950,20998676.00
2012-10-09,6.77,7.04,6.70,7.01,4017540,27827350.00
2012-10-10,7.00,7.23,6.91,7.15,4753107,33443268.00
2012-10-11,7.11,7.13,6.84,6.85,4478345,31298074.00
2012-10-12,6.82,6.99,6.78,6.89,2301723,15899126.00
2012-10-15,6.85,6.89,6.59,6.68,2159948,14444403.00
2012-10-16,6.71,6.80,6.52,6.73,1785689,11958841.00
2012-10-17,6.81,6.81,6.67,6.74,1507833,10182334.00
2012-10-18,6.72,6.92,6.70,6.91,2737542,18713840.00
2012-10-19,6.89,7.05,6.81,6.91,2921779,20214358.00
2012-10-22,6.86,6.87,6.71,6.85,1985551,13476559.00
2012-10-23,6.85,6.88,6.70,6.70,1840850,12498772.00
2012-10-24,6.61,6.72,6.60,6.65,1279620,8517871.00
2012-10-25,6.65,6.76,6.57,6.57,1451209,9659163.00
2012-10-26,6.54,6.59,6.33,6.34,1586774,10198355.00
2012-10-29,6.30,6.41,6.28,6.33,680714,4313282.00
2012-10-30,6.37,6.43,6.33,6.37,755069,4809052.00
2012-10-31,6.33,6.45,6.33,6.45,1007800,6424886.00
2012-11-01,6.45,6.64,6.43,6.60,1884167,12310382.00
2012-11-02,6.56,6.63,6.48,6.57,1145555,7496242.50
2012-11-05,6.51,6.60,6.51,6.55,881155,5774225.50
2012-11-06,6.51,6.52,6.32,6.42,1081932,6938824.00
2012-11-07,6.42,6.72,6.33,6.51,2437824,16045125.00
2012-11-08,6.42,6.42,6.22,6.22,2317805,14620267.00
2012-11-09,6.25,6.28,6.16,6.20,550957,3429637.25
2012-11-12,6.21,6.36,6.20,6.29,685143,4307661.00
2012-11-13,6.23,6.29,6.15,6.18,720035,4471426.00
2012-11-14,6.21,6.38,6.16,6.27,873270,5469763.00
2012-11-15,6.24,6.24,6.12,6.12,815349,5034506.00
2012-11-16,6.12,6.13,6.05,6.13,678826,4125463.25
2012-11-19,6.10,6.20,6.05,6.18,587657,3592335.75
2012-11-20,6.19,6.23,6.12,6.13,576648,3562201.75
2012-11-21,6.10,6.25,6.05,6.24,994959,6145281.00
2012-11-22,6.24,6.24,6.11,6.17,688913,4249624.50
2012-11-23,6.20,6.26,6.15,6.23,777944,4830900.00
2012-11-26,6.20,6.33,6.17,6.17,972192,6070528.50
2012-11-27,6.15,6.15,5.75,5.76,1408339,8346948.00
2012-11-28,5.61,5.76,5.58,5.66,798710,4512435.00
2012-11-29,5.66,5.70,5.47,5.49,610125,3423305.50
2012-11-30,5.47,5.56,5.43,5.50,956495,5249714.50
2012-12-03,5.50,5.54,5.35,5.36,822561,4476912.50
2012-12-04,5.36,5.44,5.16,5.43,952740,5030555.50
2012-12-05,5.39,5.69,5.37,5.63,1965879,10944895.00
2012-12-06,5.63,5.66,5.52,5.56,1017967,5670522.50
2012-12-07,5.56,5.74,5.51,5.70,1639239,9272901.00
2012-12-10,5.74,5.87,5.66,5.83,1671967,9649110.00
2012-12-11,5.79,6.16,5.72,5.89,3109310,18384518.00
2012-12-12,5.79,5.87,5.74,5.84,1509792,8763070.00
2012-12-13,5.84,5.84,5.65,5.67,1088989,6241069.50
2012-12-14,5.64,6.11,5.62,5.96,3357867,19847270.00
2012-12-17,5.96,6.18,5.91,6.01,2482685,15025785.00
2012-12-18,5.92,6.11,5.92,6.01,1943288,11695188.00
2012-12-19,6.00,6.10,5.95,6.04,1277965,7714136.00
2012-12-20,6.09,6.11,5.89,6.05,1908113,11465712.00
2012-12-21,5.99,6.11,5.87,5.92,2135398,12787890.00
2012-12-24,5.90,5.97,5.88,5.90,1157996,6850342.50
2012-12-25,5.92,6.15,5.85,6.09,2660079,16064561.00
2012-12-26,6.09,6.33,6.05,6.30,3450386,21324810.00
2012-12-27,6.30,6.36,6.11,6.12,2298990,14263257.00
2012-12-28,6.12,6.25,6.09,6.22,2133022,13181171.00
2012-12-31,6.23,6.27,6.13,6.20,1737796,10801945.00
2013-01-04,6.25,6.35,6.15,6.22,2364041,14785144.00
2013-01-07,6.20,6.23,6.12,6.23,1633833,10087590.00
2013-01-08,6.21,6.31,6.12,6.31,2562880,16018919.00
2013-01-09,6.30,6.35,6.20,6.28,2749900,17282698.00
2013-01-10,6.29,6.38,6.27,6.37,3317094,20990762.00
2013-01-11,6.40,6.41,6.16,6.16,2514709,15835049.00
2013-01-14,6.12,6.38,6.12,6.36,2336014,14652644.00
2013-01-15,6.38,6.53,6.35,6.49,3380413,21831848.00
2013-01-16,6.50,6.68,6.42,6.55,4709707,30872022.00
2013-01-17,6.55,6.55,6.36,6.39,2357315,15145868.00
2013-01-18,6.40,6.54,6.37,6.49,2320648,14992215.00
2013-01-21,6.47,6.60,6.41,6.56,2998010,19618204.00
2013-01-22,6.54,6.65,6.42,6.56,4222528,27738950.00
2013-01-23,6.57,6.57,6.31,6.42,4378859,28058108.00
2013-01-24,6.38,6.40,6.02,6.09,4751980,29684544.00
2013-01-25,6.06,6.17,6.06,6.07,1684823,10286807.00
2013-01-28,6.07,6.20,6.07,6.19,1471754,9058772.00
2013-01-29,6.19,6.47,6.16,6.45,4665444,29519534.00
2013-01-30,6.44,6.54,6.32,6.37,4940667,31790100.00
2013-01-31,6.32,6.52,6.32,6.48,4254251,27508050.00
2013-02-01,6.47,6.47,6.34,6.41,2175542,13908866.00
2013-02-04,6.42,6.53,6.23,6.44,3194177,20435750.00
2013-02-05,6.37,6.57,6.30,6.54,3882396,25242502.00
2013-02-06,6.56,6.62,6.48,6.50,3012014,19670900.00
2013-02-07,6.50,6.53,6.43,6.51,1590576,10307457.00
2013-02-08,6.49,6.55,6.49,6.52,2296837,14971000.00
2013-02-18,6.53,6.55,6.47,6.55,2028810,13240631.00
2013-02-19,6.54,6.55,6.34,6.35,2708983,17383176.00
2013-02-20,6.37,6.52,6.32,6.49,1916320,12306899.00
2013-02-21,6.43,6.45,6.26,6.34,2271133,14439741.00
2013-02-22,6.35,6.51,6.30,6.46,2815516,18131476.00
2013-02-25,6.42,6.58,6.35,6.52,3028083,19615652.00
2013-02-26,6.50,6.55,6.38,6.40,2163916,14029294.00
2013-02-27,6.31,6.41,6.22,6.29,2229826,14050675.00
2013-02-28,6.28,6.47,6.24,6.45,2373734,15121459.00
2013-03-01,6.40,6.51,6.38,6.49,2274830,14686868.00
2013-03-04,6.48,6.48,6.27,6.28,1937876,12333646.00
2013-03-05,6.32,6.52,6.29,6.52,2499790,16075862.00
2013-03-06,6.51,6.66,6.48,6.60,4181112,27558188.00
2013-03-07,6.55,6.79,6.50,6.75,6124321,41119592.00
2013-03-08,6.71,6.83,6.60,6.68,4016432,26926736.00
2013-03-11,6.66,6.66,6.52,6.58,1803615,11892914.00
2013-03-12,6.59,6.64,6.20,6.32,3324189,21175606.00
2013-03-13,6.32,6.46,6.24,6.35,1794880,11389919.00
2013-03-14,6.39,6.39,6.16,6.20,1991403,12486701.00
2013-03-15,6.25,6.69,6.20,6.43,4595659,29767806.00
2013-03-18,6.40,6.40,6.10,6.12,3691235,22944308.00
2013-03-19,6.08,6.17,6.05,6.13,1298756,7934420.00
2013-03-20,6.15,6.26,6.14,6.24,1314742,8158763.00
2013-03-21,6.24,6.33,6.22,6.30,2002416,12601983.00
2013-03-22,6.33,6.37,6.24,6.34,2287847,14428507.00
2013-03-25,6.34,6.42,6.30,6.34,1831412,11671920.00
2013-03-26,6.28,6.34,6.22,6.30,1554176,9768662.00
2013-03-27,6.32,6.54,6.28,6.53,3095399,19807202.00
2013-03-28,6.46,6.47,6.26,6.30,1709225,10864535.00
2013-03-29,6.23,6.36,6.16,6.28,2906719,18146806.00
2013-04-01,6.24,6.28,6.16,6.25,987851,6140620.00
2013-04-02,6.25,6.27,6.11,6.18,1266030,7834120.50
2013-04-03,6.17,6.25,6.09,6.18,849399,5224300.50
2013-04-08,6.15,6.15,5.89,6.12,1243320,7446496.00
2013-04-09,6.10,6.18,6.04,6.14,563852,3453447.75
2013-04-10,6.15,6.19,6.06,6.15,789071,4838853.00
2013-04-11,6.14,6.15,6.06,6.14,650061,3971117.00
2013-04-12,6.13,6.18,6.00,6.18,944839,5774874.00
2013-04-15,6.08,6.15,6.06,6.09,540427,3287393.00
2013-04-16,6.00,6.24,6.00,6.24,1634317,10067059.00
2013-04-17,6.19,6.40,6.18,6.36,2022518,12730573.00
2013-04-18,6.28,6.44,6.20,6.27,1562649,9838796.00
2013-04-19,6.25,6.40,6.23,6.39,2254836,14212037.00
2013-04-22,6.30,6.32,6.23,6.27,1080826,6782407.50
2013-04-23,6.22,6.25,6.07,6.11,938075,5745888.50
2013-04-24,6.12,6.24,6.07,6.22,903229,5559386.50
2013-04-25,6.19,6.23,6.08,6.13,968024,5946942.00
2013-04-26,6.09,6.15,5.88,5.97,1344314,8060964.00
2013-05-02,5.90,5.97,5.88,5.88,619279,3665851.50
2013-05-03,5.90,5.97,5.87,5.96,1501609,8879856.00
2013-05-06,5.99,6.05,5.93,5.97,1807856,10778083.00
2013-05-07,5.96,6.02,5.91,5.94,1335295,7956505.50
2013-05-08,5.95,5.98,5.84,5.90,2094701,12372320.00
2013-05-09,5.91,5.92,5.72,5.74,2895025,16792830.00
2013-05-10,5.71,5.80,5.71,5.79,1419868,8174561.00
2013-05-13,5.79,5.83,5.77,5.83,946938,5494202.50
2013-05-14,5.82,5.83,5.69,5.76,867825,4992465.50
2013-05-15,5.74,5.82,5.74,5.81,850731,4920439.50
2013-05-16,5.81,5.96,5.78,5.89,1919366,11265820.00
2013-05-17,5.91,5.94,5.84,5.92,2009511,11844513.00
2013-05-20,5.94,5.99,5.90,5.98,2087755,12439919.00
2013-05-21,5.98,6.03,5.94,6.02,1880573,11277413.00
2013-05-22,6.03,6.09,5.98,5.99,1634289,9839530.00
2013-05-23,5.98,6.01,5.90,5.93,1302959,7768087.00
2013-05-24,5.91,6.01,5.91,6.01,1018246,6090038.00
2013-05-27,6.03,6.08,5.98,6.02,1086252,6548704.50
2013-05-28,6.05,6.07,5.93,6.04,1842654,11079421.00
2013-05-29,6.04,6.45,6.00,6.29,6109540,37882012.00
2013-05-30,6.21,6.50,6.19,6.48,10627533,67866696.00
2013-05-31,6.35,6.43,6.31,6.33,4779092,30377242.00
2013-06-03,6.31,6.35,6.15,6.15,2768534,17212066.00
2013-06-04,6.17,6.25,6.10,6.11,1905219,11702133.00
2013-06-05,6.12,6.18,6.06,6.16,1230777,7522507.00
2013-06-06,6.16,6.16,5.94,5.95,1470371,8884391.00
2013-06-07,5.96,6.02,5.80,5.83,1612660,9498156.00
2013-06-13,5.76,5.80,5.50,5.53,1358170,7579346.00
2013-06-14,5.53,5.63,5.53,5.61,942549,5261173.50
2013-07-03,5.25,5.45,5.10,5.43,3649020,19255258.00
2013-07-04,5.25,5.47,5.20,5.38,2468997,13225438.00
2013-07-05,5.33,5.42,5.26,5.33,1509768,8066052.50
2013-07-08,5.25,5.28,5.11,5.12,1310544,6781252.50
2013-07-09,5.10,5.18,5.00,5.15,437429,2246036.25
2013-07-10,5.13,5.29,5.13,5.27,916794,4779666.00
2013-07-11,5.28,5.44,5.24,5.38,1649907,8847312.00
2013-07-12,5.33,5.41,5.28,5.30,1325895,7061817.50
2013-07-15,5.30,5.38,5.27,5.35,1106145,5890827.00
2013-07-16,5.35,5.42,5.34,5.41,1465964,7910416.00
2013-07-17,5.41,5.60,5.37,5.50,2386182,13019986.00
2013-07-18,5.47,5.72,5.40,5.62,4095463,22865764.00
2013-07-19,5.54,5.69,5.41,5.41,2649529,14692910.00
2013-07-22,5.32,5.42,5.23,5.34,1751649,9257613.00
2013-07-23,5.30,5.45,5.26,5.45,1273140,6887962.00
2013-07-24,5.45,5.55,5.39,5.50,1960029,10701721.00
2013-07-25,5.49,5.55,5.42,5.43,946639,5170036.00
2013-07-26,5.38,5.46,5.34,5.40,814565,4399737.00
2013-07-29,5.36,5.38,5.31,5.33,599033,3199340.00
2013-07-30,5.34,5.37,5.20,5.30,543282,2872347.75
2013-07-31,5.32,5.39,5.31,5.34,390487,2092133.13
2013-08-01,5.33,5.50,5.33,5.50,716200,3898119.75
2013-08-02,5.50,5.57,5.41,5.49,849969,4688637.50
2013-08-05,5.45,5.57,5.45,5.55,800814,4425782.00
2013-08-06,5.48,5.61,5.48,5.58,1074111,5960447.00
2013-08-07,5.56,5.71,5.50,5.61,1656339,9295121.00
2013-08-08,5.60,5.67,5.52,5.56,853589,4777563.00
2013-08-09,5.59,5.74,5.59,5.69,1664490,9424343.00
2013-08-12,5.69,5.95,5.63,5.85,3028234,17626382.00
2013-08-13,5.90,5.93,5.74,5.85,2066178,12075031.00
2013-08-14,5.99,5.99,5.76,5.85,1502360,8785673.00
2013-08-15,5.85,5.99,5.77,5.83,1883059,11044790.00
2013-08-16,5.75,5.93,5.74,5.76,1633304,9500366.00
2013-08-19,5.74,5.87,5.73,5.85,1476054,8601248.00
2013-08-20,5.87,5.87,5.77,5.78,1179160,6859176.00
2013-08-21,5.73,5.80,5.72,5.80,1599107,9215586.00
2013-08-22,5.80,5.88,5.75,5.80,977270,5655220.00
2013-08-23,5.86,5.94,5.66,5.76,1958682,11386318.00
2013-08-26,5.74,5.85,5.74,5.82,1395751,8092898.00
2013-08-27,5.80,5.87,5.78,5.83,2393546,13941587.00
2013-08-28,5.80,5.84,5.73,5.78,1893757,10944368.00
2013-08-29,5.77,5.81,5.68,5.68,1632992,9364108.00
2013-08-30,5.69,5.74,5.57,5.58,1622023,9192126.00
2013-09-02,5.57,5.66,5.55,5.66,1691696,9487330.00
2013-09-03,5.63,5.75,5.63,5.74,2118493,12092416.00
2013-09-04,5.73,5.73,5.64,5.69,1744373,9920500.00
2013-09-05,5.68,5.82,5.67,5.75,1796683,10317637.00
2013-09-06,5.75,5.81,5.70,5.79,1365320,7878307.00
2013-09-09,5.83,5.84,5.76,5.82,1536794,8931071.00
2013-09-10,5.80,5.87,5.79,5.84,1752343,10205055.00
2013-09-11,5.84,5.96,5.81,5.87,2102494,12364956.00
2013-09-12,5.86,5.97,5.83,5.88,1493500,8848026.00
2013-09-13,5.93,5.93,5.82,5.88,851533,4985985.00
2013-09-16,5.88,5.93,5.85,5.89,966004,5703705.00
2013-09-17,5.88,5.88,5.77,5.77,898300,5238132.00
2013-09-18,5.75,5.87,5.75,5.86,759217,4423528.00
2013-09-23,5.88,5.94,5.82,5.93,1334318,7850089.00
2013-09-24,5.89,5.94,5.83,5.88,876099,5140068.00
2013-09-25,5.87,5.95,5.82,5.93,1482715,8749551.00
2013-09-26,5.92,5.92,5.82,5.82,989499,5810652.50
2013-09-27,5.82,6.14,5.78,6.02,2996241,17948586.00
2013-09-30,6.04,6.08,5.96,6.04,1389332,8383339.00
2013-10-08,5.98,6.08,5.95,6.01,1216711,7302274.00
2013-10-09,6.01,6.28,6.01,6.24,2219787,13701313.00
2013-10-10,6.24,6.26,6.10,6.15,2503317,15407988.00
2013-10-11,6.20,6.20,6.12,6.16,942354,5801152.00
2013-10-14,6.15,6.36,6.12,6.28,2007701,12584295.00
2013-10-15,6.28,6.32,6.10,6.18,2132402,13275974.00
2013-10-16,6.19,6.19,6.00,6.02,1451733,8788694.00
2013-10-17,6.06,6.14,6.04,6.09,872318,5305810.50
2013-10-18,6.10,6.24,6.04,6.16,696673,4276837.00
2013-10-21,6.16,6.23,6.10,6.21,1182960,7331453.50
2013-10-22,6.23,6.23,6.07,6.13,1215199,7494598.50
2013-10-23,6.16,6.18,5.84,5.90,1947787,11629379.00
2013-10-24,5.90,5.96,5.80,5.82,823382,4839520.00
2013-10-25,5.85,5.90,5.74,5.85,823621,4798053.50
2013-10-28,5.92,5.92,5.66,5.68,1068392,6128146.00
2013-10-29,5.62,5.80,5.34,5.50,1406036,7796782.00
2013-10-30,5.50,5.72,5.46,5.71,1347705,7531880.50
2013-10-31,5.68,5.88,5.50,5.75,997961,5688626.00
2013-11-01,5.76,5.76,5.62,5.66,587626,3336327.00
2013-11-04,5.66,5.79,5.65,5.74,605795,3466314.75
2013-11-05,5.71,5.82,5.69,5.80,727612,4199493.50
2013-11-06,5.78,6.00,5.76,5.80,1005600,5915100.50
2013-11-07,5.72,5.81,5.64,5.66,879500,5000718.00
2013-11-08,5.66,5.76,5.57,5.62,692577,3909778.50
2013-11-11,5.65,5.69,5.56,5.69,367562,2072009.75
2013-11-12,5.65,5.75,5.65,5.75,640677,3657064.50
2013-11-13,5.70,5.75,5.62,5.65,432618,2454036.75
2013-11-14,5.60,5.77,5.56,5.68,750054,4238985.00
2013-11-15,5.68,5.80,5.66,5.76,1141370,6566564.50
2013-11-18,5.77,5.86,5.72,5.86,1589385,9221233.00
2013-11-19,5.87,5.87,5.77,5.77,1572889,9146178.00
2013-11-20,5.82,5.95,5.81,5.91,1546917,9072226.00
2013-11-21,5.88,5.91,5.83,5.85,870537,5100289.50
2013-11-22,5.85,6.05,5.83,5.96,2219189,13193398.00
2013-11-25,5.94,5.97,5.88,5.88,1092055,6462633.50
2013-11-26,5.88,5.95,5.88,5.94,631124,3730906.25
2013-11-27,5.91,6.53,5.91,6.53,15994784,103141416.00
2013-11-28,6.51,6.75,6.41,6.53,13388095,87184144.00
2013-11-29,6.43,6.51,6.32,6.40,5393942,34601636.00
2013-12-02,6.23,6.31,5.94,6.04,5814824,35483164.00
2013-12-03,6.03,6.16,5.92,6.14,3304395,20126536.00
2013-12-04,6.11,6.58,6.05,6.30,10898595,68410192.00
2013-12-05,6.25,6.70,6.25,6.35,8340341,53819940.00
2013-12-06,6.16,6.33,6.05,6.20,4754489,29293632.00
2013-12-09,6.20,6.25,6.15,6.24,2869418,17810076.00
2013-12-10,6.25,6.29,6.14,6.17,2214483,13721192.00
2013-12-11,6.13,6.22,6.05,6.09,2433799,14931733.00
2013-12-12,6.10,6.21,6.01,6.18,3203420,19565328.00
2013-12-13,6.13,6.18,6.08,6.12,1766157,10829031.00
2013-12-16,6.14,6.18,6.03,6.03,1756526,10677197.00
2013-12-17,6.02,6.11,6.02,6.08,1165184,7071056.00
2013-12-18,6.08,6.15,6.04,6.07,1154784,7024861.50
2013-12-19,6.07,6.35,6.05,6.21,4825885,30024028.00
2013-12-20,6.14,6.16,5.92,5.94,3200258,19249368.00
2013-12-23,5.94,5.94,5.69,5.75,1649522,9545308.00
2013-12-24,5.75,5.83,5.69,5.76,1339702,7741622.50
2013-12-25,5.83,6.15,5.78,6.08,3036297,18018168.00
2013-12-26,6.01,6.03,5.82,5.83,1603505,9507630.00
2013-12-27,5.83,5.98,5.82,5.93,1674301,9910244.00
2014-01-20,5.43,5.61,5.34,5.34,4690066,25370556.00
2014-01-21,5.35,5.43,5.30,5.40,1991162,10697771.00
2014-01-22,5.41,5.52,5.35,5.51,2140531,11669528.00
2014-01-23,5.51,5.67,5.44,5.52,2281391,12622633.00
2014-01-24,5.51,5.60,5.45,5.60,2582870,14328844.00
2014-01-27,5.58,5.62,5.54,5.54,1519052,8469453.00
2014-01-28,5.53,5.61,5.53,5.57,1340671,7466408.50
2014-01-29,5.58,5.61,5.55,5.60,1114325,6219667.50
2014-01-30,5.56,5.63,5.56,5.60,834169,4670480.00
2014-02-07,5.60,5.69,5.54,5.68,1290036,7283001.00
2014-02-10,5.68,5.88,5.68,5.82,3601868,20846260.00
2014-02-11,5.84,5.95,5.80,5.87,2762572,16203538.00
2014-02-12,5.85,6.01,5.81,5.99,3623172,21522632.00
2014-02-13,5.97,6.10,5.90,5.94,2389091,14328004.00
2014-02-14,5.91,6.25,5.91,6.09,5199531,31695038.00
2014-02-17,6.06,6.17,6.06,6.09,4317375,26336216.00
2014-02-18,6.08,6.18,6.04,6.13,3295315,20172746.00
2014-02-19,6.11,6.35,6.11,6.25,6145915,38276792.00
2014-02-20,6.24,6.24,6.03,6.09,3571021,21853826.00
2014-02-21,6.10,6.17,6.05,6.13,2247985,13707826.00
2014-02-24,6.11,6.25,6.09,6.23,3403783,21049518.00
2014-02-25,6.22,6.60,6.00,6.10,4935518,30430972.00
2014-02-26,6.04,6.15,6.01,6.10,2764298,16825448.00
2014-02-27,6.10,6.34,6.04,6.23,6742711,41767376.00
2014-02-28,6.18,6.23,6.05,6.18,3020978,18557006.00
2014-03-03,6.15,6.33,6.12,6.29,3828228,23806512.00
2014-03-04,6.24,6.44,6.19,6.38,4220528,26688392.00
2014-03-05,6.37,6.47,6.32,6.41,3600475,23029372.00
2014-03-06,6.41,6.47,6.31,6.38,2368710,15123381.00
2014-03-07,6.39,6.45,6.21,6.30,3855647,24445632.00
2014-03-10,6.27,6.32,6.17,6.20,1966242,12273306.00
2014-03-11,6.19,6.29,6.10,6.18,2288306,14160847.00
2014-03-12,6.17,6.25,6.13,6.25,1713395,10609448.00
2014-03-13,6.24,6.45,6.20,6.45,3093707,19727224.00
2014-03-14,6.43,6.55,6.34,6.42,2719571,17489700.00
2014-03-17,6.42,6.54,6.31,6.50,3319627,21364258.00
2014-03-18,6.50,6.72,6.42,6.64,5531164,36591912.00
2014-03-19,6.60,6.74,6.52,6.69,4970657,33102992.00
2014-03-20,6.69,6.77,6.48,6.50,3237652,21490116.00
2014-03-21,6.52,7.10,6.50,6.97,7391836,50663128.00
2014-03-24,6.90,7.16,6.83,7.11,8322662,58830640.00
2014-03-25,7.03,7.14,6.95,7.06,3126997,21936102.00
2014-03-26,7.05,7.05,6.86,6.99,3370799,23410182.00
2014-03-27,6.96,7.21,6.90,7.09,5048212,35671352.00
2014-03-28,7.00,7.20,6.85,6.91,3398947,23715286.00
2014-03-31,6.86,6.97,6.74,6.88,2835096,19410302.00
2014-04-01,6.86,6.99,6.78,6.87,3162257,21797010.00
2014-04-02,6.85,6.89,6.76,6.78,1585144,10800155.00
2014-04-03,6.76,7.25,6.76,7.20,5917215,42098920.00
2014-04-04,7.13,7.56,7.09,7.29,5733816,42088976.00
2014-04-08,7.27,7.47,7.18,7.36,4973827,36590544.00
2014-04-09,7.27,7.49,7.27,7.40,3020980,22234502.00
2014-04-10,7.42,7.95,7.34,7.81,7857762,60248592.00
2014-04-11,7.82,8.58,7.67,8.12,14058493,115076840.00
2014-04-14,8.10,8.19,7.80,8.04,8501797,67754704.00
2014-04-15,7.93,8.60,7.92,8.40,12551478,104145912.00
2014-04-16,8.22,9.14,8.09,9.00,17485460,152779488.00
2014-04-17,8.91,9.04,8.71,8.83,10780872,95316944.00
2014-04-18,8.70,8.80,8.28,8.33,15594127,132831144.00
2014-04-21,8.26,8.52,8.10,8.28,9354030,77734408.00
2014-04-22,8.25,8.36,7.82,7.99,8412904,67354736.00
2014-04-23,7.99,8.23,7.86,8.00,5485807,44242588.00
2014-04-24,8.04,8.16,7.83,8.02,3830786,30828518.00
2014-04-25,7.98,8.06,7.87,7.95,3576004,28433894.00
2014-04-28,7.85,7.85,7.29,7.61,5166419,39164620.00
2014-04-29,7.51,7.69,7.47,7.67,2390916,18193644.00
2014-04-30,7.65,8.18,7.60,8.14,4281038,34222596.00
2014-05-05,8.00,8.27,7.97,8.21,4479608,36607608.00
2014-05-06,8.23,8.36,8.00,8.23,3809416,31261516.00
2014-05-07,8.19,8.19,7.81,7.83,4372007,34759376.00
2014-05-08,7.81,7.95,7.63,7.65,3487790,27054256.00
2014-05-09,7.66,8.40,7.66,8.34,8415094,68324880.00
2014-05-12,8.25,8.54,8.15,8.42,8505231,71425912.00
2014-05-13,8.32,8.33,7.95,8.05,7120278,57913672.00
2014-05-14,7.97,8.32,7.97,8.11,4872493,39933420.00
2014-05-15,8.01,8.12,7.82,7.95,3692311,29261308.00
2014-05-16,7.92,7.98,7.80,7.97,2215161,17453650.00
2014-05-19,7.90,7.94,7.63,7.73,2561637,19801874.00
2014-05-20,7.75,7.85,7.57,7.63,1885020,14415853.00
2014-05-21,7.62,7.78,7.41,7.78,3061121,23274518.00
2014-05-22,7.79,7.84,7.63,7.63,1754434,13546068.00
2014-05-23,7.65,7.83,7.65,7.69,1602069,12378420.00
2014-05-26,7.67,7.79,7.53,7.72,2435263,18634058.00
2014-05-27,7.71,7.97,7.68,7.90,2916561,22756690.00
2014-05-28,7.90,7.99,7.79,7.89,2111682,16667220.00
2014-05-29,7.84,7.93,7.51,7.60,2996465,23094506.00
2014-05-30,7.61,7.73,7.60,7.66,1600430,12281217.00
2014-06-10,7.65,7.66,7.26,7.57,4173318,31096178.00
2014-06-11,7.49,7.55,7.32,7.40,2268118,16753985.00
2014-06-12,7.32,7.53,7.32,7.52,2813252,20997134.00
2014-06-13,7.50,7.61,7.45,7.51,3066358,23078104.00
2014-06-16,7.51,7.76,7.45,7.66,3290216,25009874.00
2014-06-17,7.61,7.77,7.61,7.68,2038658,15693991.00
2014-06-18,7.68,8.04,7.55,8.03,4217096,33173066.00
2014-06-19,8.01,8.17,7.69,7.88,3781844,30030706.00
2014-06-20,7.89,8.34,7.73,8.20,4171943,33722468.00
2014-06-23,8.20,8.35,8.13,8.18,2924523,24092624.00
2014-06-24,8.18,8.30,8.11,8.28,2559171,21014278.00
2014-06-25,8.28,8.32,8.09,8.11,1846685,15069871.00
2014-06-26,8.10,8.17,8.01,8.11,2262890,18306658.00
2014-06-27,8.11,8.20,7.97,8.13,3124158,25290492.00
2014-06-30,8.13,8.33,8.02,8.26,2686579,22087640.00
2014-07-01,8.22,8.35,8.18,8.27,1985926,16393922.00
2014-07-02,8.21,8.31,8.18,8.30,2499731,20637958.00
2014-07-03,8.39,8.45,8.25,8.26,2441949,20346538.00
2014-07-04,8.29,8.38,8.22,8.30,2115489,17570418.00
2014-07-07,8.32,8.37,8.16,8.34,4258879,35365480.00
2014-07-08,8.34,8.47,8.26,8.40,3947690,33061426.00
2014-07-09,8.38,8.47,8.23,8.29,3457306,28788166.00
2014-07-10,8.20,8.33,8.05,8.08,2502511,20449290.00
2014-07-11,8.19,8.23,8.06,8.23,1799038,14654164.00
2014-07-14,8.24,8.40,8.20,8.38,2767117,23015348.00
2014-07-15,8.44,8.45,8.26,8.45,2615422,21866252.00
2014-07-16,8.45,8.48,8.28,8.29,1924400,16083391.00
2014-07-17,8.26,8.38,8.25,8.32,740443,6140318.00
2014-07-18,8.31,8.70,8.26,8.60,3837658,32757450.00
2014-07-21,8.62,9.05,8.55,8.84,4868948,43161460.00
2014-07-22,8.78,8.90,8.67,8.83,2183659,19193234.00
2014-07-23,8.86,9.05,8.54,8.65,4838255,42889864.00
2014-07-24,8.69,8.70,8.00,8.28,3918463,32601542.00
2014-07-25,8.32,8.36,8.13,8.33,1516490,12553538.00
2014-07-28,8.30,8.41,8.22,8.32,2642525,22002566.00
2014-07-29,8.36,8.41,8.28,8.41,3195000,26639900.00
2014-07-30,8.42,8.70,8.41,8.46,3046657,26017654.00
2014-07-31,8.42,8.53,8.35,8.49,2079517,17573042.00
2014-08-01,8.44,8.50,8.31,8.31,2229617,18682264.00
2014-08-04,8.35,8.51,8.29,8.51,1891905,15928288.00
2014-08-05,8.53,8.63,8.48,8.62,2020485,17279974.00
2014-08-06,8.63,8.64,8.50,8.60,1501780,12869313.00
2014-08-07,8.60,8.63,8.35,8.37,1988734,16848934.00
2014-08-08,8.37,8.46,8.33,8.38,1575387,13192829.00
2014-08-11,8.41,8.64,8.30,8.64,2857581,24291852.00
2014-08-12,8.64,8.87,8.56,8.84,4606936,40340132.00
2014-08-13,8.80,8.84,8.65,8.69,2641897,23015020.00
2014-08-14,8.69,8.73,8.58,8.58,2871351,24788504.00
2014-08-15,8.53,8.73,8.53,8.65,1547333,13390165.00
2014-08-18,8.73,8.80,8.65,8.72,1354472,11799878.00
2014-08-19,8.68,8.98,8.63,8.93,3133001,27594950.00
2014-08-20,8.91,9.02,8.81,8.86,2973386,26552396.00
2014-08-21,8.83,9.10,8.70,8.85,3322625,29500348.00
2014-08-22,8.84,9.00,8.77,9.00,2603498,23173238.00
2014-08-25,9.00,9.60,9.00,9.41,8493702,79604488.00
2014-08-26,9.34,9.34,8.85,8.85,5619693,51058972.00
2014-08-27,8.85,8.97,8.71,8.85,2036447,18047266.00
2014-08-28,8.97,9.25,8.76,9.22,3368978,30513618.00
2014-08-29,9.25,9.27,9.13,9.21,1932709,17795412.00
2014-09-01,9.18,9.39,9.16,9.17,3311802,30621856.00
2014-09-02,9.19,9.70,9.16,9.50,4965849,47057556.00
2014-09-03,9.48,9.65,9.46,9.58,4394590,41930912.00
2014-09-04,9.56,9.69,9.43,9.53,3781958,36040120.00
2014-09-05,9.52,9.58,9.30,9.45,6174385,58450460.00
2014-09-09,9.44,9.45,9.33,9.41,3757825,35273776.00
2014-09-10,9.41,9.60,9.35,9.50,3594664,34095436.00
2014-09-11,9.55,9.63,9.30,9.37,5459500,51708552.00
2014-09-12,9.30,9.48,9.30,9.47,2643401,24892252.00
2014-09-15,9.44,9.63,9.37,9.59,3967444,37875448.00
2014-09-16,9.62,9.70,9.03,9.11,5981777,56001588.00
2014-09-17,9.12,9.29,8.78,8.97,4309336,38666168.00
2014-09-18,8.97,9.16,8.75,9.13,2542972,23003830.00
2014-09-19,9.19,9.19,9.05,9.17,2071037,18885720.00
2014-09-22,9.15,9.22,9.07,9.13,2132117,19467062.00
2014-09-23,9.12,9.33,9.08,9.31,3084678,28481452.00
2014-09-24,9.31,9.49,9.25,9.42,2694302,25350382.00
2014-09-25,9.44,9.49,9.25,9.30,2760992,25969150.00
2014-09-26,9.39,9.46,9.20,9.45,3925214,36576252.00
2014-09-29,9.45,9.88,9.40,9.72,6065223,58705308.00
2014-09-30,9.87,10.58,9.73,10.43,11399722,115652536.00
2014-10-08,10.35,10.95,10.35,10.59,7784306,82684712.00
2014-10-09,10.78,11.12,10.52,10.75,7052299,75960376.00
2014-10-10,10.75,10.89,10.41,10.43,5012031,52779012.00
2014-10-13,10.42,10.42,10.01,10.30,3579948,36438696.00
2014-10-14,10.24,10.64,10.20,10.46,4161391,43634044.00
2014-10-15,10.45,10.50,10.08,10.46,3090640,31826744.00
2014-10-16,10.36,10.49,10.10,10.30,2853909,29560892.00
2014-10-17,10.22,10.36,9.99,10.23,3925437,39898100.00
2014-10-20,10.33,10.40,10.16,10.31,2766405,28403334.00
2014-10-21,10.30,10.55,10.17,10.30,2701444,27890056.00
2014-10-22,10.30,10.36,10.16,10.21,1652101,16906518.00
2014-10-23,10.16,10.19,9.53,9.60,3824000,37717224.00
2014-10-24,9.59,9.78,9.51,9.70,1467351,14215671.00
2014-10-27,9.52,9.90,9.48,9.80,1960947,18770654.00
2014-10-28,9.78,10.50,9.73,10.35,5916926,60597328.00
2014-10-29,10.34,10.45,10.23,10.36,4060726,41974136.00
2014-10-30,10.41,10.52,10.20,10.40,2777397,28866424.00
2014-10-31,10.43,10.45,10.24,10.41,2420450,24999760.00
2014-11-03,10.35,10.47,10.23,10.26,3093734,31939356.00
2014-11-04,10.23,10.23,9.88,9.90,4055798,40572952.00
2014-11-05,9.88,9.96,9.72,9.95,1778527,17501148.00
2014-11-06,9.95,10.03,9.80,9.95,2027670,20033598.00
2014-11-07,9.94,10.07,9.83,9.96,3074056,30595322.00
2014-11-10,9.96,10.05,9.85,9.96,2140275,21294328.00
2014-11-11,9.93,10.02,9.60,9.69,2582191,25214678.00
2014-11-12,9.67,9.90,9.55,9.87,1170972,11374041.00
2014-11-13,9.80,9.91,9.62,9.79,1697953,16511803.00
2014-11-14,9.78,9.91,9.61,9.88,1887892,18505994.00
2014-11-17,9.90,10.02,9.70,10.00,1546215,15374815.00
2014-11-18,10.00,10.03,9.75,9.90,2958800,29158738.00
2014-11-19,9.81,9.95,9.80,9.94,1176112,11614473.00
2014-11-20,10.17,10.83,10.11,10.28,7158227,74262400.00
2014-11-21,10.15,10.37,10.05,10.13,4315935,43805152.00
2014-11-24,10.18,10.22,10.01,10.16,3726095,37666268.00
2014-11-25,10.15,10.50,10.10,10.49,6478584,67147544.00
2014-11-26,10.50,10.59,10.32,10.34,2927398,30463804.00
2014-11-27,10.33,10.42,10.08,10.30,3273217,33434262.00
2014-11-28,10.30,10.46,10.22,10.37,3105485,32163342.00
2014-12-01,10.37,10.37,9.98,10.02,3354401,33809636.00
2014-12-02,10.02,10.28,9.97,10.07,2890226,29290962.00
2014-12-03,10.06,10.45,9.83,10.21,5845928,59488360.00
2014-12-04,10.18,10.41,10.15,10.31,5996135,61471948.00
2014-12-05,10.32,10.32,9.60,9.78,5470499,54346316.00
2014-12-08,9.63,9.98,9.58,9.65,4855632,47116844.00
2014-12-09,9.60,9.60,9.06,9.08,7701010,71186768.00
2014-12-10,9.05,9.42,8.97,9.37,2404406,22225586.00
2014-12-11,9.33,9.53,9.28,9.51,2823929,26660014.00
2014-12-12,9.50,9.62,9.41,9.61,1723774,16468616.00
2014-12-15,9.56,10.16,9.53,10.04,4890000,48884080.00
2014-12-16,10.04,10.16,9.89,9.89,3142617,31525398.00
2014-12-17,9.90,10.13,9.63,9.71,2753260,26991316.00
2014-12-18,9.63,9.69,9.48,9.57,2472382,23650396.00
2014-12-19,9.56,9.92,9.13,9.88,4933573,46737476.00
2014-12-22,9.81,9.81,9.29,9.29,2233258,21156388.00
2014-12-23,9.28,9.28,8.36,8.99,1786745,16051025.00
2014-12-24,8.71,9.33,8.71,9.09,2179615,19870376.00
2014-12-25,9.70,9.77,9.16,9.27,4867957,46048364.00
2014-12-26,9.28,9.41,9.17,9.24,2901785,26800788.00
2014-12-29,9.24,9.24,8.60,9.24,2205280,19677018.00
2014-12-30,9.18,9.29,8.90,9.19,1741430,15850272.00
2014-12-31,9.11,9.25,9.11,9.20,1362761,12499101.00
2015-01-05,9.18,9.39,9.13,9.26,1740905,16200255.00
2015-01-06,9.20,9.28,9.14,9.20,1500489,13805302.00
2015-01-07,9.20,9.42,9.20,9.40,1932592,17944166.00
2015-01-08,9.40,9.45,9.29,9.29,1169756,10919526.00
2015-01-09,9.30,9.36,9.21,9.21,1161701,10789065.00
2015-01-12,9.17,9.19,8.92,9.10,1520036,13734842.00
2015-01-13,9.10,9.25,9.00,9.18,1130338,10310000.00
2015-01-14,9.20,9.26,9.06,9.14,1569342,14416472.00
2015-01-15,9.14,9.25,9.07,9.14,1032750,9469316.00
2015-01-16,9.22,9.28,9.10,9.23,1933068,17701330.00
2015-01-19,9.24,10.15,9.11,9.68,9730666,96198296.00
2015-01-20,9.70,10.15,9.50,10.05,5717066,56383732.00
2015-01-21,10.05,10.14,9.88,10.06,4000995,39998144.00
2015-01-22,10.06,10.81,9.92,10.59,8682001,90719744.00
2015-01-23,10.61,10.69,10.25,10.41,6132430,63988400.00
2015-01-26,10.31,10.75,10.26,10.73,5486720,58275728.00
2015-01-27,10.75,10.81,10.38,10.80,5574718,59174272.00
2015-01-28,10.80,10.89,10.54,10.66,2498762,26655784.00
2015-01-29,10.66,10.66,10.38,10.51,1843049,19315906.00
2015-01-30,10.50,11.00,10.39,10.90,4658162,49941160.00
2015-02-02,10.78,11.19,10.45,10.54,3674136,39157484.00
2015-02-03,10.58,10.73,10.45,10.48,1847468,19509104.00
2015-02-04,10.48,10.55,10.36,10.44,1445168,15084277.00
2015-02-05,10.44,10.55,10.41,10.54,2504771,26295554.00
2015-02-06,10.50,10.54,9.98,10.20,2086071,21392148.00
2015-02-09,10.15,10.35,10.10,10.11,2585307,26426970.00
2015-02-10,10.02,10.21,9.87,10.06,2664848,26713834.00
2015-02-11,10.06,10.50,10.05,10.38,2227437,23125186.00
2015-02-12,10.37,10.59,10.27,10.55,3337824,34860744.00
2015-02-13,10.55,10.73,10.46,10.55,2175459,23095794.00
2015-02-16,10.51,10.95,10.50,10.62,3411684,36731092.00
2015-02-17,10.61,10.84,10.46,10.83,2746794,29280232.00
2015-02-25,10.84,11.68,10.71,11.47,5943709,66777504.00
2015-02-26,11.44,11.86,11.32,11.49,4640535,53879652.00
2015-02-27,11.43,11.59,11.38,11.52,2425780,27849632.00
2015-03-02,11.52,11.80,11.37,11.45,3322259,38114292.00
2015-03-03,11.40,11.57,11.00,11.37,4425414,49956128.00
2015-03-04,11.20,11.42,11.18,11.33,2424349,27429238.00
2015-03-05,11.23,11.57,11.23,11.45,3971805,45580124.00
2015-03-06,11.44,12.05,11.38,11.68,4754344,55983508.00
2015-03-09,11.62,12.30,11.58,12.20,4400490,53196084.00
2015-03-10,12.20,12.64,12.06,12.14,5940214,73401704.00
2015-03-11,12.09,12.86,12.00,12.61,5346188,66687216.00
2015-03-12,12.50,12.75,12.18,12.32,3206829,39843420.00
2015-03-13,12.31,12.57,12.10,12.25,3181145,39108268.00
2015-03-16,12.20,12.76,12.16,12.50,3555599,44328316.00
2015-03-17,12.50,12.60,12.22,12.35,5110786,63028272.00
2015-03-18,12.35,12.39,12.12,12.35,5397444,66200708.00
2015-03-19,12.32,12.59,12.12,12.28,5163492,63675296.00
2015-03-20,12.27,12.84,12.22,12.78,6731564,84190216.00
2015-03-23,12.82,13.20,12.82,12.98,5631477,73446976.00
2015-03-24,13.00,13.00,12.18,12.70,5222307,66176888.00
2015-03-25,12.69,12.96,12.40,12.78,4473158,56810424.00
2015-03-26,12.73,12.81,12.42,12.60,3984048,50241952.00
2015-03-27,12.60,13.03,12.54,12.99,4718010,60740388.00
2015-03-30,13.03,13.05,12.76,12.88,4036950,51981560.00
2015-03-31,12.88,12.99,12.61,12.67,3865031,49264492.00
2015-04-01,12.66,12.96,12.58,12.91,4391578,55981440.00
2015-04-02,13.00,13.73,12.82,13.57,8640162,115060288.00
2015-04-03,13.47,14.15,13.27,13.84,7040417,96637000.00
2015-04-07,13.84,14.10,13.60,13.96,5671264,79006680.00
2015-04-08,13.95,14.57,13.82,14.30,6550676,93505496.00
2015-04-09,14.35,14.60,13.61,14.30,9332820,131273152.00
2015-04-10,14.30,15.66,14.02,15.60,10063983,151294336.00
2015-04-13,15.62,15.79,15.15,15.74,7851996,121797720.00
2015-04-14,15.90,15.90,15.09,15.17,8293737,127389816.00
2015-04-15,15.17,15.20,14.25,14.27,5587248,81487192.00
2015-04-16,14.41,15.00,13.75,14.25,7540232,108515288.00
2015-04-17,14.27,14.64,13.98,14.34,9018129,129480672.00
2015-04-20,14.29,15.01,13.85,14.21,9190323,132585440.00
2015-04-21,14.20,15.63,14.10,15.63,11834100,178406512.00
2015-04-22,15.70,17.10,15.63,16.66,10894400,178609360.00
2015-04-23,16.66,17.10,16.28,16.55,7925886,131772976.00
2015-04-24,16.35,17.10,15.89,16.91,7316874,121664656.00
2015-04-27,16.93,17.18,16.16,16.39,8483814,140719760.00
2015-04-28,16.39,16.60,15.53,16.00,6944224,111051792.00
2015-04-29,15.80,17.37,15.77,17.34,9659824,163780560.00
2015-04-30,17.20,18.50,17.03,17.61,8330957,149288368.00
2015-05-04,17.60,18.00,17.31,17.41,5397734,95282216.00
2015-05-05,17.10,17.50,16.23,16.45,4812223,80764208.00
2015-05-06,16.45,17.29,16.40,16.56,6878977,115615224.00
2015-05-07,16.60,17.15,16.00,16.90,5938784,98347248.00
2015-05-08,16.99,18.59,16.99,18.59,12643428,229644832.00
2015-05-11,18.70,19.97,18.70,19.77,13602827,263605376.00
2015-05-12,19.76,21.20,19.30,20.28,10282378,206501712.00
2015-05-13,20.24,21.04,19.72,20.27,7126725,144875696.00
2015-05-14,20.30,21.07,19.95,20.60,7982030,163631216.00
2015-05-15,20.60,21.08,20.31,20.67,7416292,153765648.00
2015-05-18,20.80,22.74,20.80,22.69,10237495,228569280.00
2015-05-19,22.80,24.50,22.60,24.14,8695969,205961008.00
2015-05-20,24.26,25.50,23.50,25.45,7890844,195285536.00
2015-05-21,25.55,27.26,24.70,25.47,6577665,170751968.00
2015-05-22,25.47,26.10,24.16,24.99,9705310,241235376.00
2015-05-25,24.60,27.49,23.90,27.49,6551633,172705664.00
2015-05-26,28.52,30.24,28.52,29.76,13416575,394962432.00
2015-05-27,29.56,29.63,27.80,28.50,14178944,406137792.00
2015-05-28,28.35,28.35,25.65,25.65,22522399,596238784.00
2015-05-29,24.65,25.61,23.09,25.33,13847306,338937920.00
2015-06-01,25.30,26.99,25.30,26.70,13189312,348900448.00
2015-06-02,27.00,27.59,25.75,27.40,11735563,313301984.00
2015-06-03,27.38,29.60,26.51,28.80,12588866,358013216.00
2015-06-04,28.70,28.70,26.07,27.80,9828071,270735744.00
2015-06-05,28.45,28.68,27.45,27.80,11625917,324710816.00
2015-06-08,27.80,30.58,26.58,30.58,19977125,580662656.00
2015-06-09,30.57,30.99,29.30,30.16,10937250,331640480.00
2015-06-10,29.60,32.68,29.08,31.26,10574010,323481952.00
2015-06-11,31.59,32.65,30.88,32.39,9236123,297078240.00
2015-06-12,32.40,32.83,31.53,31.76,7435693,238286816.00
2015-06-15,31.21,31.50,29.83,30.08,8160442,248364944.00
2015-06-16,29.62,29.62,28.00,28.64,6359017,184112144.00
2015-06-17,29.63,29.63,26.58,29.35,9170841,258109776.00
2015-06-18,29.20,30.70,28.10,28.83,8390544,246203408.00
2015-06-19,28.18,29.45,26.20,26.35,6570760,182906624.00
2015-06-23,26.37,27.40,23.87,25.81,5969358,154121168.00
2015-06-24,26.50,26.65,25.18,26.29,6526356,169829328.00
2015-06-25,26.01,26.39,24.01,24.48,5631254,144585712.00
2015-06-26,23.85,23.85,22.03,22.03,7060079,158026256.00
2015-06-29,22.60,22.91,19.83,19.83,7485671,152112240.00
2015-06-30,19.70,20.65,17.85,20.19,12319393,234473280.00
2015-07-01,20.10,22.21,19.21,20.80,20624831,444914048.00
2015-09-01,18.72,18.72,18.72,18.72,71500,1338480.00
2015-09-02,16.85,16.85,16.85,16.85,127900,2155115.00
2015-09-07,15.17,15.17,15.17,15.17,817200,12396924.00
2015-09-08,13.65,13.65,13.65,13.65,719600,9822540.00
2015-09-09,12.50,15.02,12.50,15.02,41843333,562980224.00
2015-09-10,14.01,14.60,13.62,13.70,28698511,407126464.00
2015-09-11,13.46,14.13,13.35,13.45,13559415,185305808.00
2015-09-14,13.45,14.10,12.11,12.11,21317380,281856320.00
2015-09-15,11.30,11.60,10.90,10.90,12435784,138060544.00
2015-09-16,10.86,11.99,10.55,11.92,16971839,190525936.00
2015-09-17,11.70,11.90,10.74,10.75,17018294,195466688.00
2015-09-22,11.70,11.70,11.70,11.70,0,0.00
数据来源:通达信
