002683 宏大爆破 日线 前复权
      日期	    开盘	    最高	    最低	    收盘	    成交量	    成交额
2012-06-12,5.80,6.07,5.68,6.07,33977928,528346624.00
2012-06-13,5.93,6.22,5.85,6.08,22070289,351255872.00
2012-06-14,6.03,6.47,5.97,6.32,21625094,352217600.00
2012-06-15,6.34,6.42,6.22,6.38,13760706,228749072.00
2012-06-18,6.41,6.59,6.38,6.48,11572234,196658240.00
2012-06-19,6.43,6.49,6.29,6.39,8645261,144940496.00
2012-06-20,6.38,6.66,6.32,6.52,10048715,171247056.00
2012-06-21,6.44,6.47,6.18,6.36,8798203,145972832.00
2012-06-25,6.10,6.17,5.78,5.81,9994745,157401696.00
2012-06-26,5.78,6.05,5.70,5.92,8920579,138958896.00
2012-06-27,5.87,6.10,5.79,5.89,8953730,140722432.00
2012-06-28,5.91,6.14,5.83,5.95,7802105,123639552.00
2012-06-29,5.87,6.19,5.84,6.18,7873808,125761408.00
2012-07-02,6.15,6.26,6.03,6.24,7571073,122685184.00
2012-07-03,6.19,6.89,6.16,6.71,12619503,216743328.00
2012-07-04,6.67,6.74,6.46,6.48,8952276,154507280.00
2012-07-05,6.48,6.73,6.43,6.52,9377489,162298160.00
2012-07-06,6.47,6.50,6.12,6.40,10281378,170723840.00
2012-07-09,6.27,6.53,6.24,6.35,6332161,106707832.00
2012-07-10,6.28,6.39,6.06,6.10,5366252,87247520.00
2012-07-11,6.07,6.24,5.86,5.93,4860291,77274792.00
2012-07-12,5.87,6.14,5.87,6.12,4241134,67493032.00
2012-07-13,6.06,6.14,5.94,5.98,4060248,64634064.00
2012-07-16,5.99,6.15,5.71,6.08,5656010,88209224.00
2012-07-17,6.00,6.41,5.98,6.28,6532413,106858032.00
2012-07-18,6.23,6.49,6.16,6.47,6376769,106429256.00
2012-07-19,6.59,6.71,6.37,6.38,9916238,170135264.00
2012-07-20,6.32,6.58,6.30,6.41,5950165,100501856.00
2012-07-23,6.35,6.38,6.08,6.14,4346817,70805904.00
2012-07-24,6.06,6.27,6.01,6.17,2962835,47890068.00
2012-07-25,6.15,6.82,6.10,6.57,14885242,257831840.00
2012-07-26,6.43,6.66,6.40,6.56,9191565,157545424.00
2012-07-27,6.55,6.72,6.34,6.38,7495034,128390840.00
2012-07-30,6.34,6.85,6.34,6.58,11067519,192628800.00
2012-07-31,6.47,6.47,5.98,5.98,9587908,154937280.00
2012-08-01,5.99,6.31,5.93,6.19,5800099,93630072.00
2012-08-02,6.13,6.30,6.05,6.27,5699356,92994016.00
2012-08-03,6.26,6.54,6.21,6.52,7748748,130222248.00
2012-08-06,6.46,6.85,6.43,6.70,12664560,220803344.00
2012-08-07,6.66,7.10,6.64,6.87,14977183,269609568.00
2012-08-08,6.79,6.85,6.65,6.80,7694720,136214992.00
2012-08-09,6.77,6.93,6.63,6.84,6757169,120175040.00
2012-08-10,6.78,7.10,6.66,6.96,9570648,172511248.00
2012-08-13,6.90,6.97,6.62,6.67,6819445,121407144.00
2012-08-14,6.65,7.21,6.57,7.07,9701907,174888288.00
2012-08-15,6.98,7.29,6.92,6.99,10333906,191396848.00
2012-08-16,6.90,7.06,6.85,6.91,4635321,84273704.00
2012-08-17,6.91,6.96,6.69,6.79,4323948,76739544.00
2012-08-20,6.73,7.03,6.71,6.99,4665977,84008144.00
2012-08-21,6.94,7.10,6.92,7.03,5564564,102082904.00
2012-08-22,7.01,7.22,6.79,6.86,7126353,131033520.00
2012-08-23,6.76,6.96,6.75,6.85,5238988,93825000.00
2012-08-24,6.79,6.81,6.47,6.50,5848101,101041456.00
2012-08-27,6.28,6.46,6.21,6.27,4344422,72343848.00
2012-08-28,6.27,6.45,6.25,6.36,3637085,60751380.00
2012-08-29,6.35,6.50,6.26,6.39,3439486,57925284.00
2012-08-30,6.39,6.52,6.05,6.16,4452894,73651392.00
2012-08-31,6.15,6.33,6.14,6.30,3035780,49800276.00
2012-09-03,6.30,6.61,6.27,6.52,4422290,74937480.00
2012-09-04,6.53,6.56,6.41,6.45,2986582,50786908.00
2012-09-05,6.44,6.58,6.41,6.46,2452262,41822880.00
2012-09-06,6.44,6.61,6.44,6.54,2261296,38807176.00
2012-09-07,6.61,6.84,6.56,6.75,6073230,107230352.00
2012-09-10,6.71,6.91,6.66,6.81,4441305,79089480.00
2012-09-11,6.77,6.85,6.66,6.69,3935099,69368616.00
2012-09-12,6.79,6.93,6.67,6.78,4992435,88937592.00
2012-09-13,6.84,6.97,6.72,6.74,4572523,81890064.00
2012-09-14,6.74,6.81,6.52,6.60,4591065,80210328.00
2012-09-17,6.59,6.66,6.47,6.49,2843451,48748408.00
2012-09-18,6.45,6.53,6.38,6.41,1830658,30991602.00
2012-09-19,6.49,6.62,6.46,6.52,2913172,49998088.00
2012-09-20,6.47,6.51,6.33,6.38,2338558,39285844.00
2012-09-21,6.37,6.47,6.24,6.38,1616440,27058090.00
2012-09-24,6.34,6.48,6.29,6.43,1777082,29915678.00
2012-09-25,6.41,6.48,6.33,6.36,1227652,20635876.00
2012-09-26,6.32,6.38,6.08,6.15,2222726,36472316.00
2012-09-27,6.16,6.32,6.13,6.24,2513519,41289836.00
2012-09-28,6.21,6.35,6.20,6.31,1641628,27111484.00
2012-10-08,6.31,6.37,6.22,6.26,1063548,17551692.00
2012-10-09,6.27,6.49,6.27,6.48,2732863,46093640.00
2012-10-10,6.43,6.50,6.39,6.48,2091138,35454632.00
2012-10-11,6.45,6.55,6.28,6.31,3200574,53834192.00
2012-10-12,6.30,6.40,6.22,6.38,2373327,39436620.00
2012-10-15,6.36,6.38,6.08,6.12,3140940,51058476.00
2012-10-16,6.15,6.21,6.07,6.10,2319838,37516948.00
2012-10-17,6.13,6.19,6.11,6.15,1381069,22338210.00
2012-10-18,6.16,6.26,6.14,6.22,2336215,38147620.00
2012-10-19,6.21,6.25,6.10,6.13,2155433,34927608.00
2012-10-22,6.10,6.10,5.91,6.02,2948700,46530124.00
2012-10-23,6.00,6.09,5.99,6.00,1665637,26479502.00
2012-10-24,5.96,6.04,5.93,6.00,1011237,15972927.00
2012-10-25,5.87,5.96,5.54,5.57,5917049,88585376.00
2012-10-26,5.57,5.59,5.34,5.46,2665185,38250432.00
2012-10-29,5.39,5.58,5.38,5.48,1582642,23006752.00
2012-10-30,5.45,5.55,5.42,5.44,855739,12449512.00
2012-10-31,5.44,5.47,5.37,5.43,842728,12091898.00
2012-11-01,5.46,5.60,5.46,5.55,1831771,26949792.00
2012-11-02,5.55,5.56,5.48,5.50,1140037,16643846.00
2012-11-05,5.49,5.53,5.37,5.41,1321954,18990132.00
2012-11-06,5.38,5.50,5.37,5.48,1648127,23813718.00
2012-11-07,5.46,5.46,5.35,5.38,1918334,27396400.00
2012-11-08,5.36,5.36,4.99,5.00,2882658,39439912.00
2012-11-09,4.98,5.05,4.96,4.99,1065701,14192205.00
2012-11-12,4.99,5.07,4.95,5.02,1167608,15599759.00
2012-11-13,5.09,5.20,5.00,5.02,1776002,24105830.00
2012-11-14,4.95,5.12,4.95,5.10,1252963,16913992.00
2012-11-15,5.05,5.09,4.90,4.90,929812,12398170.00
2012-11-16,4.94,4.94,4.74,4.76,1189954,15238700.00
2012-11-19,4.76,4.84,4.72,4.83,942425,12040966.00
2012-11-20,4.84,4.84,4.76,4.82,1102950,14155180.00
2012-11-21,4.80,4.86,4.72,4.86,1016152,13012197.00
2012-11-22,4.85,4.99,4.80,4.97,1921118,25204944.00
2012-11-23,4.96,5.03,4.90,4.96,1397550,18493822.00
2012-11-26,4.98,4.98,4.78,4.78,929130,12059623.00
2012-11-27,4.71,4.75,4.48,4.49,1263443,15480314.00
2012-11-28,4.53,4.53,4.36,4.38,890860,10577998.00
2012-11-29,4.39,4.46,4.31,4.32,756042,8898501.00
2012-11-30,4.32,4.65,4.32,4.42,1159680,13878609.00
2012-12-03,4.39,4.46,4.23,4.24,751470,8811152.00
2012-12-04,4.24,4.24,4.05,4.22,1296235,14486104.00
2012-12-05,4.26,4.61,4.25,4.50,2992515,35849432.00
2012-12-06,4.44,4.64,4.44,4.54,2200214,26913630.00
2012-12-07,4.54,4.65,4.50,4.65,2329994,28642580.00
2012-12-10,4.64,5.15,4.59,5.04,4732776,61911544.00
2012-12-11,4.96,4.99,4.86,4.90,3262272,42775152.00
2012-12-12,4.87,5.03,4.87,4.91,1670578,22019068.00
2012-12-13,4.92,5.03,4.88,4.89,1493747,19693678.00
2012-12-14,4.89,5.08,4.89,5.05,2356286,31514360.00
2012-12-17,5.05,5.26,5.00,5.26,3209528,44042364.00
2012-12-18,5.21,5.27,5.11,5.17,1808821,24959162.00
2012-12-19,5.12,5.31,5.12,5.25,1927593,26851414.00
2012-12-20,5.24,5.33,5.19,5.23,1549951,21625288.00
2012-12-21,5.24,5.43,5.13,5.33,2883916,40506836.00
2012-12-24,5.30,5.40,5.24,5.36,1794058,25297792.00
2012-12-25,5.36,5.61,5.28,5.53,3132408,45483976.00
2012-12-26,5.46,5.86,5.46,5.81,3916667,59563212.00
2012-12-27,5.76,5.85,5.64,5.65,2589637,39180656.00
2012-12-28,5.71,5.75,5.59,5.68,1838124,27560224.00
2012-12-31,5.68,5.77,5.64,5.67,1315781,19795562.00
2013-01-04,5.71,5.83,5.64,5.72,2202417,33417128.00
2013-01-07,5.73,5.86,5.69,5.77,1547778,23630100.00
2013-01-08,5.75,5.78,5.67,5.72,1878941,28391824.00
2013-01-09,5.71,5.74,5.50,5.55,2601740,38718624.00
2013-01-10,5.56,5.66,5.52,5.60,1249853,18507914.00
2013-01-11,5.63,5.67,5.56,5.60,1731054,25692350.00
2013-01-14,5.60,5.91,5.60,5.85,3092387,47461728.00
2013-01-15,5.81,6.05,5.79,5.94,2690170,41951892.00
2013-01-16,5.95,5.95,5.76,5.86,1453455,22465640.00
2013-01-17,5.88,6.34,5.82,6.10,4649526,75005856.00
2013-01-18,6.08,6.22,6.02,6.19,2009709,32421948.00
2013-01-21,6.22,6.27,6.13,6.18,1145117,18625868.00
2013-01-22,6.16,6.22,5.96,6.00,1853725,29581526.00
2013-01-23,5.97,6.18,5.96,6.12,1943096,31230360.00
2013-01-24,6.13,6.16,5.83,5.84,1888726,29672992.00
2013-01-25,5.85,6.11,5.76,6.01,2073123,32615760.00
2013-01-28,5.99,6.16,5.99,6.15,1249614,20081838.00
2013-01-29,6.10,6.26,6.08,6.16,957025,15464380.00
2013-01-30,6.16,6.50,6.14,6.45,4624205,77321704.00
2013-01-31,6.42,6.52,6.32,6.50,2947386,49944596.00
2013-02-01,6.53,7.01,6.53,6.87,5998854,107265080.00
2013-02-04,6.77,6.99,6.47,6.79,3068430,54509988.00
2013-02-05,6.83,6.88,6.66,6.87,1839544,32784766.00
2013-02-06,6.86,6.91,6.68,6.78,1149357,20410982.00
2013-02-07,6.78,6.82,6.68,6.77,1062026,18798452.00
2013-02-08,6.83,6.96,6.52,6.87,1510217,27036410.00
2013-02-18,6.91,6.93,6.81,6.87,1057476,18997438.00
2013-02-19,6.87,6.89,6.51,6.65,1803391,31543708.00
2013-02-20,6.64,6.84,6.36,6.82,1397448,24536022.00
2013-02-21,6.81,6.82,6.57,6.64,1362678,23897174.00
2013-02-22,6.65,6.72,6.59,6.70,971211,16958892.00
2013-02-25,6.66,6.76,6.61,6.70,503349,8817210.00
2013-02-26,6.61,6.71,6.55,6.58,567798,9878615.00
2013-02-27,6.58,6.69,6.27,6.35,1144148,19287252.00
2013-02-28,6.35,6.53,6.24,6.51,1115554,18830306.00
2013-03-01,6.55,6.62,6.46,6.53,1549213,26562116.00
2013-03-04,6.25,6.47,6.25,6.28,930708,15447317.00
2013-03-05,6.30,6.76,6.30,6.75,2096388,35828012.00
2013-03-06,6.74,6.85,6.69,6.76,1412381,25060820.00
2013-03-07,6.75,7.15,6.74,7.03,2825559,51838392.00
2013-03-08,6.99,7.10,6.85,6.91,1395253,25343522.00
2013-03-11,6.77,6.97,6.71,6.85,793872,14305942.00
2013-03-12,6.86,7.14,6.74,6.93,3173097,57636024.00
2013-03-13,6.81,7.06,6.80,7.02,1990053,36255244.00
2013-03-14,6.87,7.59,6.83,7.43,5152863,97918984.00
2013-03-15,7.43,7.65,7.22,7.34,2891493,55926596.00
2013-03-18,7.36,7.74,7.22,7.43,3788890,74110184.00
2013-03-19,7.44,7.74,7.32,7.59,3308317,65614620.00
2013-03-20,7.67,7.79,7.44,7.67,2188890,43637780.00
2013-03-21,7.66,7.67,7.52,7.66,1538850,30448428.00
2013-03-22,7.62,7.66,7.34,7.55,1709637,33477432.00
2013-03-25,7.60,7.92,7.45,7.86,2816105,56585152.00
2013-03-26,7.87,8.10,7.62,7.99,2677713,54838820.00
2013-03-27,7.86,8.12,7.76,7.98,1647092,34017728.00
2013-03-28,7.89,8.01,7.70,7.70,1225105,25004420.00
2013-03-29,7.70,7.75,7.50,7.67,1257467,24914500.00
2013-04-01,7.56,7.74,7.44,7.69,1025173,20204112.00
2013-04-02,7.69,7.98,7.47,7.51,1360770,27527886.00
2013-04-03,7.47,7.61,7.40,7.54,856072,16749047.00
2013-04-08,7.46,7.79,7.32,7.79,874812,17278336.00
2013-04-09,7.76,7.87,7.72,7.86,698985,14214248.00
2013-04-10,7.85,8.11,7.78,7.97,1863301,38669796.00
2013-04-11,7.97,8.07,7.83,7.98,904564,18776332.00
2013-04-12,7.92,8.09,7.90,7.98,752205,15616140.00
2013-04-15,8.06,8.06,7.60,7.62,601277,12166022.00
2013-04-16,7.56,7.72,7.43,7.63,612745,12103366.00
2013-04-17,7.62,7.69,7.38,7.43,1684337,32863410.00
2013-04-18,7.39,7.55,7.39,7.48,1310572,25621208.00
2013-04-19,7.75,7.90,7.55,7.78,3323860,67137672.00
2013-04-22,7.78,7.95,7.63,7.88,2104966,42969760.00
2013-04-23,7.87,7.99,7.66,7.73,1657019,33680696.00
2013-04-24,7.70,8.02,7.70,8.02,1935442,39882976.00
2013-04-25,8.00,8.07,7.78,7.79,1975200,40658492.00
2013-04-26,7.79,7.83,7.27,7.42,1553051,30528034.00
2013-05-02,7.48,7.54,7.28,7.33,1023926,19547040.00
2013-05-03,7.33,7.59,7.33,7.54,1139931,22012714.00
2013-05-06,7.63,8.02,7.56,7.92,2025235,40905928.00
2013-05-07,7.92,7.92,7.74,7.80,912960,18342618.00
2013-05-08,7.84,8.60,7.83,8.58,4572056,98659296.00
2013-05-09,8.39,8.81,8.32,8.68,2497613,55070672.00
2013-05-10,8.56,8.76,8.42,8.58,1437333,31642718.00
2013-05-13,8.62,9.44,8.62,9.38,4747064,111570432.00
2013-05-14,9.38,10.13,9.26,9.44,4390159,108357008.00
2013-05-15,9.30,9.92,9.30,9.84,2346314,58453980.00
2013-05-16,9.74,10.16,9.59,10.16,2005444,50785780.00
2013-05-17,10.19,11.20,10.19,11.20,4268230,118906632.00
2013-05-20,10.96,11.35,10.88,11.03,5059659,143258848.00
2013-05-21,10.89,11.09,10.84,11.00,2925529,81732592.00
2013-05-22,11.01,11.54,10.92,11.01,3196744,91319840.00
2013-05-23,10.94,10.94,10.18,10.60,1932129,52052588.00
2013-05-24,10.32,10.94,10.28,10.91,1391310,37961644.00
2013-05-27,10.88,11.22,10.76,10.86,2416706,67547280.00
2013-05-28,10.80,11.06,10.66,10.97,1455703,40451848.00
2013-05-29,10.97,11.18,10.84,10.98,1163159,32558824.00
2013-05-30,10.98,10.98,10.57,10.86,1531203,42030368.00
2013-05-31,10.87,11.16,10.67,10.99,1615832,45264176.00
2013-06-03,11.36,11.36,10.68,10.95,2183220,61433928.00
2013-06-04,10.88,10.88,10.48,10.53,1817125,49270832.00
2013-06-05,10.43,10.68,10.35,10.58,1091146,29416132.00
2013-06-06,10.52,10.64,10.41,10.54,573660,15428549.00
2013-06-07,10.24,10.64,10.23,10.41,654623,17533182.00
2013-06-13,9.60,9.68,9.35,9.35,3788140,90989848.00
2013-06-14,9.11,9.43,8.92,9.39,6736635,159841552.00
2013-06-17,9.35,9.60,9.18,9.35,3866863,93170216.00
2013-06-18,9.36,9.49,9.24,9.35,3170674,76156344.00
2013-06-19,9.28,9.47,9.01,9.46,994431,23590618.00
2013-06-20,9.39,9.50,9.18,9.25,1001175,24003362.00
2013-06-21,9.16,9.48,9.04,9.40,1745873,41792988.00
2013-06-24,9.44,9.56,9.22,9.55,4294417,103175448.00
2013-06-25,9.44,9.76,8.60,9.74,4449177,108698552.00
2013-06-26,9.75,10.16,9.63,10.12,3797005,96219424.00
2013-06-27,10.17,10.26,9.09,9.36,3327092,83933584.00
2013-06-28,9.37,9.62,9.08,9.29,2525630,60391444.00
2013-07-01,9.08,10.12,9.08,9.99,3319689,82621352.00
2013-07-02,9.91,10.16,9.82,10.14,1614543,41544632.00
2013-07-03,10.14,10.51,9.93,10.50,2698188,71231448.00
2013-07-04,10.54,10.75,10.36,10.41,1699182,45910900.00
2013-07-05,10.38,10.59,10.16,10.24,1186675,31302476.00
2013-07-08,9.77,10.48,9.76,10.08,999600,25971620.00
2013-07-09,10.04,10.17,9.96,10.12,1055649,27251754.00
2013-07-10,10.13,10.48,9.96,10.25,1158110,30103588.00
2013-07-11,10.36,10.54,10.22,10.48,1240197,33115802.00
2013-07-12,10.60,11.38,10.60,10.88,3242544,91237832.00
2013-07-15,10.66,11.11,10.66,10.88,1723169,48008576.00
2013-07-16,10.88,10.94,10.70,10.79,1075724,29657864.00
2013-07-17,10.82,10.82,10.29,10.50,1901222,51321016.00
2013-07-18,10.38,10.55,10.34,10.50,1020663,27377964.00
2013-07-19,10.54,10.61,9.56,10.21,1358124,36137896.00
2013-07-22,10.16,10.56,10.16,10.52,896096,23891378.00
2013-07-23,10.52,10.92,10.52,10.76,1294467,35586484.00
2013-07-24,10.66,10.93,10.54,10.85,1383126,37928360.00
2013-07-25,10.90,11.08,10.64,10.67,1015305,27936348.00
2013-07-26,10.60,10.91,10.24,10.84,1056843,28540758.00
2013-07-29,10.96,11.14,10.84,10.96,2469924,69497624.00
2013-07-30,10.96,11.12,10.60,11.09,1489053,41661892.00
2013-07-31,11.12,11.17,10.88,11.06,981880,27743714.00
2013-08-01,11.06,11.20,10.89,11.14,905526,25689282.00
2013-08-02,11.14,11.83,11.14,11.72,3589348,106069624.00
2013-08-05,11.78,11.99,11.48,11.80,2168447,65408768.00
2013-08-06,11.78,12.44,11.76,12.30,2583759,80320160.00
2013-08-07,12.30,12.42,11.96,12.16,1796577,55637684.00
2013-08-08,12.03,12.48,11.96,11.96,1320189,41191824.00
2013-08-09,11.95,11.95,11.36,11.54,1995319,59099216.00
2013-08-12,11.58,11.68,11.28,11.30,1439227,41872496.00
2013-08-13,11.28,11.52,11.28,11.36,1203109,34936596.00
2013-08-14,11.36,11.51,11.24,11.24,721597,20935130.00
2013-08-15,11.25,11.38,11.12,11.34,679867,19546064.00
2013-08-16,11.34,11.36,10.76,10.88,722701,20583250.00
2013-08-19,10.72,10.93,10.47,10.53,2975702,80565976.00
2013-08-20,10.64,10.64,10.20,10.26,2506125,66330296.00
2013-08-21,10.27,10.34,10.16,10.34,1352716,35548868.00
2013-08-22,10.34,10.76,10.28,10.66,1435691,38514764.00
2013-08-23,10.64,10.64,10.30,10.48,1288674,34491784.00
2013-08-26,10.41,10.62,10.34,10.60,1017246,27454306.00
2013-08-27,10.58,10.96,10.57,10.90,1078328,29693466.00
2013-08-28,10.83,11.00,10.76,10.76,1072654,29867320.00
2013-08-29,10.78,10.94,10.42,10.49,1160742,31435272.00
2013-08-30,10.47,10.64,10.08,10.15,1149707,30247344.00
2013-09-02,10.05,10.62,9.96,10.48,632630,16783758.00
2013-09-03,10.52,11.00,10.52,10.96,2344550,64896812.00
2013-09-04,11.08,11.20,10.79,11.11,2599681,73236784.00
2013-09-05,11.22,11.22,10.76,10.85,2533371,70620432.00
2013-09-06,10.87,11.12,10.84,11.04,1711398,48116024.00
2013-09-09,11.03,11.14,10.92,11.04,1437746,40552168.00
2013-09-10,11.04,11.16,10.80,10.86,1405160,39282020.00
2013-09-11,10.87,10.96,10.53,10.61,1028890,28004572.00
2013-09-12,10.35,10.90,10.24,10.62,1174293,31841960.00
2013-09-13,10.57,10.59,10.36,10.42,883091,23551818.00
2013-09-16,10.36,10.64,10.36,10.55,756553,20368016.00
2013-09-17,10.55,10.62,10.38,10.56,990783,26714504.00
2013-09-18,10.52,10.84,10.43,10.45,542532,14668848.00
2013-09-23,10.48,10.55,10.31,10.34,1082233,28672428.00
2013-09-24,10.32,10.46,10.27,10.30,2152890,56998296.00
2013-09-25,10.36,10.36,9.96,9.98,3386687,87241248.00
2013-09-26,10.10,10.10,9.71,9.97,916315,23305500.00
2013-09-27,10.00,10.43,10.00,10.36,1198818,31664112.00
2013-09-30,10.36,10.48,10.20,10.33,463510,12223203.00
2013-10-08,10.33,10.72,10.24,10.64,1409660,38137752.00
2013-10-09,10.64,10.72,10.49,10.68,500345,13544399.00
2013-10-10,10.72,10.72,10.28,10.44,1016698,27229740.00
2013-10-11,10.40,10.47,10.30,10.31,965705,25617172.00
2013-10-14,10.32,10.76,10.22,10.65,2120246,57234888.00
2013-10-15,10.65,10.74,10.50,10.57,999020,27003790.00
2013-10-16,10.58,10.72,10.32,10.32,893533,23717018.00
2013-10-17,10.36,10.64,10.27,10.54,1012805,27050238.00
2013-10-18,10.54,10.84,10.54,10.84,2914543,80147968.00
2013-10-21,10.85,11.28,10.85,11.16,2928528,83106496.00
2013-10-22,11.09,11.24,10.91,11.09,1508809,42651800.00
2013-10-23,11.09,11.09,10.36,10.72,1606806,44002580.00
2013-10-24,10.76,11.05,10.52,11.01,1710605,47381624.00
2013-11-05,11.43,12.13,11.43,11.76,8287561,249562752.00
2013-11-06,11.66,12.68,11.60,12.06,4017077,125784008.00
2013-11-07,12.06,12.34,11.88,12.08,1761152,54354448.00
2013-11-08,12.07,12.08,11.36,11.53,2010897,59519220.00
2013-11-11,11.45,11.87,11.45,11.79,1251313,37303144.00
2013-11-12,11.80,11.88,11.50,11.76,1550353,45832180.00
2013-11-13,11.64,11.83,11.16,11.80,1412828,42014076.00
2013-11-14,11.60,11.95,11.60,11.75,1169848,35070004.00
2013-11-15,11.62,12.00,11.53,11.74,1991539,59838520.00
2013-11-18,11.75,12.18,11.56,12.16,2727397,82729848.00
2013-11-19,12.08,12.29,11.96,12.04,1074516,33066994.00
2013-11-20,12.04,12.15,11.80,11.89,939597,28499876.00
2013-11-21,11.80,11.94,11.58,11.80,1018912,30436206.00
2013-11-22,11.71,11.86,11.68,11.72,388018,11637861.00
2013-11-25,11.71,12.11,11.60,11.91,1662211,50154468.00
2013-11-26,11.92,12.11,11.72,11.81,772680,23359460.00
2013-11-27,11.74,12.08,11.71,12.04,1856839,56805144.00
2013-11-28,12.16,12.48,12.02,12.22,1592101,50000488.00
2013-11-29,12.22,12.88,12.05,12.84,2734188,87477408.00
2013-12-02,12.55,12.55,11.84,12.10,2227009,69547944.00
2013-12-03,11.86,12.43,11.42,12.37,1255682,38400400.00
2013-12-04,12.36,12.56,12.08,12.25,1443509,45412656.00
2013-12-05,12.26,12.43,11.81,11.86,980441,29985416.00
2013-12-06,11.81,11.87,11.59,11.64,1035384,30885082.00
2013-12-09,11.62,11.68,11.39,11.66,952649,28173390.00
2013-12-10,11.64,11.70,11.49,11.58,703005,20794504.00
2013-12-11,11.63,11.63,11.33,11.56,668041,19490534.00
2013-12-12,11.60,11.79,11.52,11.71,564756,16816580.00
2013-12-13,11.62,11.75,11.56,11.68,363610,10821087.00
2013-12-16,11.68,11.73,11.46,11.55,316260,9330712.00
2013-12-17,11.50,11.61,11.48,11.48,333227,9813134.00
2013-12-18,11.41,11.50,11.22,11.32,675413,19626408.00
2013-12-19,11.26,11.42,11.02,11.36,735513,21163302.00
2013-12-20,11.44,11.46,11.16,11.36,368099,10584139.00
2013-12-23,11.37,11.70,11.17,11.41,452735,13308135.00
2013-12-24,11.32,11.83,11.28,11.68,921537,27522740.00
2013-12-25,11.63,11.76,11.59,11.66,890424,26507762.00
2013-12-26,11.66,12.32,11.61,12.16,1948337,59637452.00
2013-12-27,12.08,12.36,11.98,12.24,771062,23969792.00
2013-12-30,12.22,12.30,12.00,12.20,725679,22430678.00
2013-12-31,12.20,12.28,12.02,12.27,976150,30359250.00
2014-01-02,12.19,12.27,11.96,12.06,561230,17271532.00
2014-01-03,12.16,12.24,11.74,11.80,1099653,33441850.00
2014-01-06,11.80,11.85,11.55,11.62,918887,27393068.00
2014-01-07,11.72,11.86,11.58,11.80,593646,17806650.00
2014-01-08,11.84,12.32,11.84,12.06,1236516,38286568.00
2014-01-09,12.08,12.19,11.88,12.12,837086,25771566.00
2014-01-10,12.03,12.15,11.16,11.20,1624775,48208532.00
2014-01-13,11.16,11.48,10.96,11.16,1184288,33991180.00
2014-01-14,11.16,11.26,11.03,11.14,1204636,34220972.00
2014-01-15,11.16,11.50,11.16,11.50,934382,27240308.00
2014-01-16,11.56,11.60,11.36,11.56,582708,17152354.00
2014-01-17,11.50,11.61,11.16,11.40,1530878,44537108.00
2014-01-20,11.31,11.48,10.84,11.22,1178410,33449156.00
2014-01-21,11.21,11.36,11.16,11.20,721751,20713654.00
2014-01-22,11.26,11.50,11.20,11.32,1273794,36742164.00
2014-01-23,11.29,11.43,11.11,11.32,746997,21539826.00
2014-01-24,11.27,11.64,11.27,11.59,871916,25704274.00
2014-01-27,11.59,11.59,11.19,11.29,753144,21798318.00
2014-01-28,11.24,11.48,11.18,11.24,367625,10540749.00
2014-01-29,11.34,11.41,11.20,11.35,405085,11671343.00
2014-01-30,11.36,11.36,11.04,11.20,566796,16176752.00
2014-02-07,11.12,11.22,10.88,11.08,1231971,34605888.00
2014-02-10,11.08,11.36,10.98,11.28,1583806,45389104.00
2014-02-11,11.30,11.31,11.00,11.18,1145815,32569268.00
2014-02-12,11.12,11.32,11.06,11.28,1312905,37650064.00
2014-02-13,11.28,11.76,11.22,11.74,2619365,77743736.00
2014-02-14,11.78,11.91,11.51,11.62,1292199,38461668.00
2014-02-17,11.75,11.91,11.64,11.83,1538568,46170984.00
2014-02-18,11.84,12.11,11.66,11.69,1528471,46334912.00
2014-02-19,11.69,11.69,11.28,11.52,1482273,43396364.00
2014-02-20,11.48,11.54,11.33,11.43,452450,13187460.00
2014-02-21,11.34,11.55,11.32,11.44,552200,16081889.00
2014-02-24,11.42,11.44,10.96,11.04,1109309,31476392.00
2014-02-25,11.05,11.17,10.61,10.62,1099034,30700202.00
2014-02-26,10.60,10.60,10.17,10.48,1295626,34273212.00
2014-02-27,10.56,11.11,10.44,10.66,1423236,39233412.00
2014-02-28,10.64,10.68,10.28,10.54,1098978,29378056.00
2014-03-03,10.54,10.89,10.51,10.76,521775,14310949.00
2014-03-04,10.68,10.81,10.57,10.76,561601,15325953.00
2014-03-05,10.78,10.78,10.58,10.72,484966,13202007.00
2014-03-06,10.75,10.75,10.36,10.69,814115,21911158.00
2014-03-07,10.68,10.68,10.39,10.48,1334715,35672904.00
2014-03-10,10.48,10.48,9.48,9.84,1812862,46303840.00
2014-03-11,9.74,9.82,9.48,9.74,1704167,41964704.00
2014-03-12,9.68,9.72,9.55,9.72,757990,18725686.00
2014-03-13,9.58,9.98,9.58,9.96,646385,16249053.00
2014-03-14,10.22,10.22,9.88,10.10,614724,15743992.00
2014-03-17,10.10,10.26,10.02,10.26,1737321,45151448.00
2014-03-18,10.27,10.36,9.91,10.36,1390568,36226464.00
2014-03-19,10.24,10.36,9.76,10.32,848425,21961436.00
2014-03-20,10.22,10.53,10.19,10.32,1063668,28284408.00
2014-03-21,10.24,10.37,9.97,10.32,693210,18044476.00
2014-03-24,10.24,10.70,9.97,10.48,1265655,33708324.00
2014-03-25,10.40,10.67,10.16,10.31,903337,23969194.00
2014-03-26,10.26,10.42,10.16,10.36,505204,13324628.00
2014-03-27,10.36,10.51,10.10,10.37,1240779,32542342.00
2014-03-28,10.31,10.32,10.05,10.24,788365,20484694.00
2014-03-31,10.16,10.20,9.84,9.97,823459,21099102.00
2014-04-01,10.02,10.15,9.88,10.07,715518,18319342.00
2014-04-02,10.07,10.18,9.88,10.16,583529,14998445.00
2014-04-03,10.16,10.23,9.98,10.16,868232,22441578.00
2014-04-04,10.14,10.49,10.12,10.41,811861,21550084.00
2014-04-08,10.34,10.68,10.34,10.66,1038081,28007954.00
2014-04-09,10.66,10.83,10.51,10.82,865382,23701416.00
2014-04-10,10.82,10.86,10.65,10.75,506258,13894114.00
2014-04-11,10.67,10.84,10.60,10.78,434955,11946324.00
2014-04-14,10.73,10.83,10.64,10.78,330772,9069326.00
2014-04-15,10.70,10.70,10.56,10.56,381659,10354187.00
2014-04-16,10.51,10.56,10.48,10.50,344801,9276159.00
2014-04-17,10.50,10.50,10.44,10.48,246998,6612321.50
2014-04-18,10.54,10.56,10.41,10.50,521141,14013176.00
2014-04-21,10.48,10.54,10.40,10.41,414310,11085691.00
2014-04-22,10.36,10.50,10.24,10.29,241822,6385093.50
2014-04-23,10.24,10.38,10.24,10.36,239863,6346337.00
2014-04-24,10.35,10.35,10.00,10.18,910125,23564360.00
2014-04-25,10.16,10.18,9.88,10.03,1136217,29179652.00
2014-04-28,9.88,10.00,9.78,10.00,443933,11193791.00
2014-04-29,9.92,10.01,9.68,9.98,661999,16630065.00
2014-04-30,9.90,9.98,9.80,9.94,186437,4725023.50
2014-05-05,9.94,10.18,9.89,10.14,332819,8558524.00
2014-05-06,10.07,10.18,10.07,10.14,281587,7311725.00
2014-05-07,10.16,10.20,9.90,9.93,305546,7867112.50
2014-05-08,9.88,9.98,9.84,9.86,282744,7169148.00
2014-05-09,9.90,9.96,9.80,9.90,190530,4820769.00
2014-05-12,9.97,9.97,9.76,9.86,571941,14454458.00
2014-05-13,9.86,9.89,9.64,9.78,740882,18539280.00
2014-05-14,9.77,9.82,9.60,9.63,881075,21859574.00
2014-05-15,9.63,9.64,9.28,9.36,1593167,38519620.00
2014-05-16,9.36,9.41,9.28,9.39,328829,7859863.00
2014-05-19,9.39,9.43,8.84,9.38,391133,9142370.00
2014-05-20,9.28,9.37,8.46,8.61,1494767,33864824.00
2014-05-21,8.56,8.58,8.27,8.56,1777725,38023064.00
2014-05-22,8.52,8.75,8.48,8.75,1136975,24911160.00
2014-05-23,8.73,8.73,8.60,8.64,967323,21208566.00
2014-05-26,8.63,8.77,8.63,8.75,1227579,27017406.00
2014-05-27,8.76,8.95,8.69,8.92,1016125,22760834.00
2014-05-28,8.92,9.08,8.80,9.06,837449,18975964.00
2014-05-29,9.05,9.05,8.82,8.92,473997,10730201.00
2014-05-30,8.95,8.95,8.87,8.92,816630,18449332.00
2014-06-03,8.92,8.92,8.68,8.90,719998,16041445.00
2014-06-04,8.88,8.88,8.64,8.70,979305,21558788.00
2014-06-05,8.64,8.91,8.62,8.88,437039,9764100.00
2014-06-06,8.83,8.85,8.72,8.77,168514,3751168.25
2014-06-09,8.78,8.79,8.70,8.75,131179,2910733.25
2014-06-10,8.78,9.03,8.76,8.98,767488,17309760.00
2014-06-11,8.96,9.48,8.92,9.44,1785915,42023404.00
2014-06-12,9.44,9.44,9.30,9.44,394339,9367462.00
2014-06-13,9.48,9.70,9.39,9.54,806899,19493626.00
2014-06-16,9.50,9.64,9.50,9.62,576861,13990097.00
2014-06-17,9.64,9.64,9.38,9.39,260517,6253919.50
2014-06-18,9.39,9.47,9.29,9.38,192988,4589251.00
2014-06-19,9.43,9.47,9.03,9.05,552678,12913466.00
2014-06-20,9.05,9.27,9.02,9.27,210113,4872992.00
2014-06-23,9.17,9.68,9.13,9.56,613252,14784134.00
2014-06-24,9.52,9.68,9.52,9.63,327280,7975946.00
2014-06-25,9.58,9.68,9.48,9.68,391896,9534481.00
2014-06-26,9.65,9.72,9.62,9.72,335678,8223685.00
2014-06-27,9.76,9.76,9.50,9.50,614527,14866929.00
2014-06-30,9.54,9.69,9.42,9.66,503153,12225776.00
2014-07-01,9.64,9.71,9.53,9.62,241353,5890389.50
2014-07-02,9.58,9.83,9.53,9.80,718324,17706496.00
2014-07-03,9.75,9.94,9.64,9.86,630363,15704097.00
2014-07-04,9.86,9.91,9.77,9.88,255368,6368853.50
2014-07-07,9.87,10.12,9.81,10.05,967062,24439088.00
2014-07-08,10.05,10.12,9.83,10.08,344109,8722411.00
2014-07-09,10.08,10.08,9.68,9.71,475590,11927249.00
2014-07-10,9.71,9.98,9.71,9.82,273257,6826480.00
2014-07-11,9.69,10.04,9.68,9.99,286914,7222379.50
2014-07-14,9.95,10.04,9.88,10.00,226611,5725787.00
2014-07-15,10.00,10.16,9.88,10.04,440232,11191103.00
2014-07-16,9.99,10.28,9.99,10.16,660086,16993036.00
2014-07-17,10.10,10.22,9.95,9.99,513690,13054804.00
2014-07-18,10.02,10.07,9.91,9.99,144648,3651612.75
2014-07-21,10.02,10.04,9.91,10.02,195084,4930199.00
2014-07-22,10.08,10.22,10.00,10.14,488702,12499252.00
2014-07-23,10.12,10.13,9.72,9.75,895633,22271214.00
2014-07-24,9.87,10.19,9.44,9.64,1199310,29907608.00
2014-07-25,9.52,10.10,9.50,10.07,940205,23479214.00
2014-07-28,10.16,10.39,10.02,10.32,1888678,48899212.00
2014-07-29,10.32,10.42,10.12,10.18,856367,22208636.00
2014-07-30,10.19,10.19,10.10,10.16,426971,10955120.00
2014-07-31,10.19,10.36,10.00,10.32,1182859,30209274.00
2014-08-01,10.28,10.38,10.09,10.28,666464,17279158.00
2014-08-04,10.21,10.38,10.21,10.29,645102,16810938.00
2014-08-05,10.29,10.38,10.23,10.32,660034,17225980.00
2014-08-06,10.40,10.40,10.26,10.28,1296608,33812952.00
2014-08-07,10.28,10.36,10.15,10.28,785479,20401942.00
2014-08-08,10.38,11.24,10.38,10.94,2880109,78619928.00
2014-08-11,10.73,11.23,10.68,11.01,2154159,60130916.00
2014-08-12,11.04,11.18,10.94,11.05,1046470,29170152.00
2014-08-13,10.90,11.26,10.90,11.25,1242246,34943956.00
2014-08-14,11.25,11.48,11.08,11.22,2385535,68344072.00
2014-08-15,11.10,11.65,11.06,11.42,1976484,57408916.00
2014-08-18,11.44,11.57,11.25,11.54,1541412,44394972.00
2014-08-19,11.55,11.56,11.24,11.45,1713155,49097072.00
2014-08-20,11.44,11.63,11.36,11.62,1628265,47338656.00
2014-08-21,11.63,11.64,11.38,11.52,554832,16119271.00
2014-08-22,11.43,11.61,11.40,11.53,760763,22120112.00
2014-08-25,11.44,11.51,11.14,11.24,1057026,30208398.00
2014-08-26,11.12,11.80,11.12,11.24,1509088,43332124.00
2014-08-27,11.12,11.57,11.01,11.46,1536573,43771620.00
2014-08-28,11.41,11.58,11.18,11.24,651860,18745350.00
2014-08-29,11.26,11.70,11.16,11.69,1318573,38515136.00
2014-09-01,11.67,12.14,11.66,11.88,2180139,65780048.00
2014-09-02,11.96,12.13,11.90,12.11,1512120,46031420.00
2014-09-03,12.08,12.23,11.89,11.93,1289243,39027356.00
2014-09-04,11.95,12.08,11.88,11.96,888103,26881134.00
2014-09-05,11.96,12.02,11.69,11.99,972995,29127348.00
2014-09-09,12.00,12.23,11.81,12.20,1198050,36415416.00
2014-09-10,12.13,12.23,11.96,12.18,1204123,36824864.00
2014-09-11,12.20,12.68,12.20,12.39,1949732,61697892.00
2014-09-12,12.53,12.70,12.40,12.68,1552755,49360616.00
2014-09-15,12.69,12.77,12.56,12.68,2186191,69949936.00
2014-09-16,12.68,12.84,12.35,12.54,1763934,56208276.00
2014-09-17,12.56,12.79,12.49,12.66,1477389,47144568.00
2014-09-18,12.61,12.79,12.49,12.78,921794,29592558.00
2014-09-19,12.74,12.83,12.68,12.80,841139,27093758.00
2014-09-22,12.68,12.68,11.88,12.32,3015540,92445672.00
2014-09-23,12.20,12.30,11.92,12.24,1499915,45917428.00
2014-09-24,12.35,12.48,12.00,12.04,2893870,89099192.00
2014-09-25,12.02,12.26,11.66,11.88,2031240,61691896.00
2014-09-26,11.94,11.96,11.68,11.83,1730316,51496900.00
2014-09-29,11.80,12.54,11.80,12.54,3278992,102532616.00
2014-09-30,12.75,12.76,12.40,12.63,1754566,55754432.00
2014-10-08,12.80,12.95,12.70,12.76,1936689,62592036.00
2014-10-09,12.84,13.32,12.79,13.20,3136425,103724072.00
2014-10-10,13.19,13.51,13.04,13.47,3024730,102046272.00
2014-10-13,13.41,13.44,12.67,12.80,3753923,123420016.00
2014-10-14,12.80,12.96,12.64,12.73,2160504,69941360.00
2014-10-15,12.80,12.80,12.16,12.48,2662623,83215568.00
2014-10-16,12.54,12.54,12.04,12.19,2786047,85497920.00
2014-10-17,12.26,12.26,11.68,11.82,2986950,89071384.00
2014-10-20,11.82,12.07,11.20,11.88,5235505,153380528.00
2014-10-21,11.78,11.91,11.56,11.84,2093395,62609804.00
2014-10-22,11.83,11.87,11.63,11.76,1871528,55191508.00
2014-10-23,11.68,11.68,11.40,11.50,1361419,39656124.00
2014-10-24,11.40,11.93,11.40,11.93,1583898,47253564.00
2014-10-27,11.93,12.00,11.87,11.97,773476,23347074.00
2014-10-28,12.07,12.15,11.88,11.97,1920306,58086072.00
2014-10-29,11.88,12.08,11.84,12.04,2628853,79567560.00
2014-10-30,12.00,12.44,12.00,12.19,2201259,68119280.00
2014-10-31,12.26,12.28,11.94,12.28,1752099,53536456.00
2014-11-03,12.08,12.12,11.68,12.08,4082966,122240192.00
2014-11-04,11.88,12.16,11.88,11.93,1292297,39164800.00
2014-11-05,11.98,12.03,11.82,11.87,1717380,51607540.00
2014-11-06,11.84,12.08,11.80,12.00,1665700,50180064.00
2014-11-07,12.00,12.18,11.78,11.90,2345146,70625088.00
2014-11-10,11.91,12.02,11.82,11.98,2079653,62620936.00
2014-11-11,11.99,12.08,11.86,11.86,1969082,59372052.00
2014-11-12,11.98,12.64,11.88,12.38,2646079,82789784.00
2014-11-13,12.39,12.43,11.86,12.19,2896861,88697144.00
2014-11-14,12.19,12.20,11.96,12.06,1346295,40976968.00
2014-11-17,12.14,12.14,11.88,11.98,2062007,62357180.00
2014-11-18,11.94,12.08,11.91,12.08,1090361,32982366.00
2014-11-19,12.01,12.39,12.01,12.28,1750583,54078848.00
2014-11-20,12.25,12.28,12.14,12.25,1391626,42936428.00
2014-11-21,12.29,12.47,12.20,12.30,1541085,48038696.00
2014-11-24,12.43,12.47,12.12,12.20,2414236,74606376.00
2014-11-25,12.26,12.28,11.84,11.96,3148942,95313488.00
2014-11-26,11.96,12.11,11.84,11.96,1984333,59894392.00
2014-11-27,11.96,12.04,11.74,11.82,3402140,101899000.00
2014-11-28,11.82,11.82,11.44,11.56,3601353,105177032.00
2014-12-01,11.56,11.56,11.25,11.34,1876237,53653512.00
2014-12-02,11.34,11.54,11.34,11.46,1755665,50816900.00
2014-12-03,11.46,11.53,11.16,11.33,3192487,90925872.00
2014-12-04,11.34,11.49,11.27,11.49,3582717,103230736.00
2014-12-05,11.56,11.56,10.40,10.96,5576405,153769376.00
2014-12-08,11.04,11.04,10.43,10.54,5929917,158388368.00
2014-12-09,10.32,10.44,9.76,9.88,6351062,162132496.00
2014-12-10,10.00,10.46,9.88,10.41,2439701,63379948.00
2014-12-11,10.41,10.65,10.33,10.58,2185554,58082208.00
2014-12-12,10.64,10.64,10.30,10.47,1516579,40019644.00
2014-12-15,10.46,10.59,10.34,10.56,1608102,42694688.00
2014-12-16,10.51,10.67,10.43,10.46,1594454,42439596.00
2014-12-17,10.46,10.46,9.93,10.10,2556518,65576708.00
2014-12-18,10.10,10.10,9.89,9.96,1686118,42693028.00
2014-12-19,10.04,10.14,9.88,10.10,1945985,49018784.00
2014-12-22,10.06,10.06,9.59,9.71,1833575,45134704.00
2014-12-23,9.52,9.93,9.52,9.81,1027931,25381102.00
2014-12-24,9.85,10.08,9.85,10.08,2220360,56285288.00
2014-12-25,10.08,10.08,9.88,9.96,1478230,37112212.00
2014-12-26,9.98,10.03,9.89,9.96,1158895,29132578.00
2014-12-29,9.91,9.96,9.63,9.68,1824132,44763928.00
2014-12-30,9.70,9.86,9.52,9.56,1361285,33125002.00
2014-12-31,9.64,9.85,9.59,9.71,884138,21776296.00
2015-01-05,9.80,10.00,9.76,9.92,1678514,42080332.00
2015-01-06,9.92,10.06,9.77,9.95,2168163,54427624.00
2015-01-07,9.97,10.04,9.80,9.86,1508056,37927856.00
2015-01-08,9.86,9.88,9.76,9.80,1555308,38628212.00
2015-01-09,9.81,9.91,9.64,9.78,1180123,29326378.00
2015-01-12,9.76,9.80,9.60,9.66,941416,23108052.00
2015-01-13,9.75,10.12,9.52,10.11,1897193,47364668.00
2015-01-14,10.10,10.10,9.84,9.92,1278096,32130008.00
2015-01-15,9.89,9.99,9.85,9.92,857822,21530498.00
2015-01-16,9.93,10.10,9.88,10.04,1500459,37996312.00
2015-01-19,9.84,10.24,9.68,10.03,3058137,77267008.00
2015-01-20,10.03,10.36,10.03,10.34,2979128,77103312.00
2015-01-21,10.34,10.56,10.29,10.46,3065204,81031648.00
2015-01-22,10.41,10.61,10.40,10.58,2210189,58640536.00
2015-01-23,10.52,10.65,10.35,10.38,2199676,58064800.00
2015-01-26,10.38,10.54,10.24,10.49,1451108,38225068.00
2015-01-27,10.48,10.48,10.32,10.40,1492085,39241952.00
2015-01-28,10.40,10.61,10.38,10.60,1948447,51757128.00
2015-01-29,11.67,11.67,11.30,11.67,5068958,148970560.00
2015-01-30,11.88,11.88,11.12,11.16,8626231,250222080.00
2015-02-02,11.04,11.45,10.80,11.27,3525391,99732768.00
2015-02-03,11.32,11.40,11.12,11.31,2395439,68064248.00
2015-02-04,11.32,11.36,11.04,11.19,2450686,69173776.00
2015-02-05,11.24,11.26,11.01,11.02,2158060,60436780.00
2015-02-06,11.00,11.00,10.59,10.60,2195907,59510488.00
2015-02-09,10.60,10.76,10.35,10.42,1697740,45512392.00
2015-02-10,10.42,10.60,10.42,10.53,1273010,33824948.00
2015-02-11,10.54,10.68,10.54,10.61,1536480,41148208.00
2015-02-12,10.66,10.70,10.61,10.68,1919405,51739628.00
2015-02-13,10.73,11.03,10.73,11.00,2420095,66454168.00
2015-02-16,11.07,11.17,10.96,11.05,1948799,54430148.00
2015-02-17,11.06,11.08,10.94,11.01,1901512,52829636.00
2015-02-25,11.01,11.07,10.78,10.82,1504305,41395440.00
2015-02-26,10.74,10.93,10.74,10.93,1011389,27771086.00
2015-02-27,10.88,11.14,10.88,11.00,2333721,65034584.00
2015-03-02,11.01,11.30,11.01,11.27,3747865,106170176.00
2015-03-03,11.22,11.44,11.11,11.22,4063138,115673168.00
2015-03-04,11.18,11.38,11.18,11.37,2672122,76441816.00
2015-03-05,11.37,11.44,11.29,11.38,2933373,84050136.00
2015-03-06,11.42,11.44,11.12,11.17,2445253,69480352.00
2015-03-09,11.15,11.22,11.00,11.21,1416167,39804080.00
2015-03-10,11.16,11.25,11.13,11.20,2274021,64346256.00
2015-03-11,11.21,11.27,11.01,11.04,2003299,56248900.00
2015-03-12,11.02,11.14,10.90,10.99,1838587,51151592.00
2015-03-13,11.05,11.09,10.97,11.08,2267972,63209308.00
2015-03-16,11.12,11.78,11.12,11.68,7081084,206089632.00
2015-03-17,11.68,11.75,11.52,11.70,5261988,154846224.00
2015-03-18,11.71,12.26,11.64,12.14,7668571,232356608.00
2015-03-19,12.12,12.12,11.91,12.09,3762483,113894904.00
2015-03-20,12.07,12.38,12.00,12.24,4550033,140339792.00
2015-03-23,12.38,13.21,12.37,13.20,9412298,309017824.00
2015-03-24,13.37,13.68,12.52,13.68,10192672,337458144.00
2015-03-25,13.54,15.04,13.33,14.57,10622577,380207648.00
2015-03-26,14.43,14.96,13.72,13.96,9504262,343440576.00
2015-03-27,13.96,14.13,13.62,13.97,4164219,145584192.00
2015-03-30,13.97,14.21,13.76,13.82,4412112,154742560.00
2015-03-31,13.84,14.00,13.66,13.82,4666296,162449344.00
2015-04-01,13.89,14.46,13.80,14.34,6864526,246591648.00
2015-04-02,14.37,15.36,14.17,15.15,9097923,336963520.00
2015-04-03,14.92,15.54,14.72,15.45,8325089,319416480.00
2015-04-07,15.36,15.68,15.28,15.52,7511791,292535552.00
2015-04-08,15.52,15.60,15.00,15.37,7560963,290559360.00
2015-04-09,15.31,15.31,14.14,14.98,6286077,234175184.00
2015-04-10,15.07,16.47,14.88,16.26,8651144,346445728.00
2015-04-13,16.48,16.80,15.90,16.53,7357585,305356512.00
2015-04-14,16.53,16.68,15.90,16.20,5821431,238222672.00
2015-04-15,16.20,16.20,14.68,15.12,6061771,235554528.00
2015-04-16,15.08,15.94,14.75,15.68,6245724,244914320.00
2015-04-17,15.68,15.94,15.09,15.26,4642947,180389088.00
2015-04-20,15.42,15.48,14.29,14.31,7790641,290422368.00
2015-04-21,14.30,15.06,14.24,14.92,4333600,160676832.00
2015-04-22,14.92,15.24,14.84,15.15,4976200,188794432.00
2015-04-23,15.20,15.28,14.88,14.92,4567254,172639776.00
2015-04-24,14.80,15.16,14.40,15.08,4875970,181509024.00
2015-04-27,15.03,15.21,14.68,14.86,4939357,185941712.00
2015-04-28,14.86,14.96,14.15,14.16,4298979,157139888.00
2015-04-29,14.28,14.59,14.16,14.26,2601652,94193168.00
2015-04-30,14.42,14.71,14.31,14.49,2939728,107634520.00
2015-05-04,14.49,14.80,14.24,14.76,3239812,118603824.00
2015-05-05,14.60,14.68,14.08,14.14,2789195,100830536.00
2015-05-06,14.16,14.38,13.91,13.94,2375149,84680168.00
2015-05-07,13.80,14.00,13.40,13.53,2109784,72686096.00
2015-05-08,13.70,14.28,13.70,14.07,2444705,86269032.00
2015-09-22,14.07,14.07,14.07,14.07,0,0.00
数据来源:通达信
