002200 云投生态 日线 前复权
      日期	    开盘	    最高	    最低	    收盘	    成交量	    成交额
2007-12-21,22.06,27.04,22.06,25.29,11620890,502972800.00
2007-12-24,25.33,27.83,25.28,27.83,5108841,246314928.00
2007-12-25,27.34,28.42,26.72,27.30,3737946,186571280.00
2007-12-26,27.34,28.60,26.96,27.86,2501747,125921696.00
2007-12-27,27.61,29.14,27.33,28.09,2006160,102023360.00
2007-12-28,28.08,28.28,27.06,27.44,1438417,71853312.00
2008-01-02,27.11,27.58,26.00,27.06,1929759,93684320.00
2008-01-03,26.86,29.78,26.82,29.78,3046985,159866016.00
2008-01-04,29.28,30.39,28.71,29.90,2143821,114979648.00
2008-01-07,29.17,30.70,28.49,29.27,1689898,90408424.00
2008-01-08,29.28,29.83,28.36,28.83,1549854,80440072.00
2008-01-09,28.51,29.83,28.51,29.82,1201942,63954316.00
2008-01-10,30.67,32.43,29.85,30.09,2482784,139082352.00
2008-01-11,30.69,30.87,29.17,30.11,1290617,69450072.00
2008-01-14,29.61,30.09,29.33,29.72,695934,37493980.00
2008-01-15,29.73,31.83,29.72,31.33,2593007,145310944.00
2008-01-16,30.94,32.05,30.43,30.83,1485735,84492752.00
2008-01-17,30.72,32.49,30.39,31.87,1783566,102321520.00
2008-01-18,31.56,34.03,31.56,32.93,1811664,108238456.00
2008-01-21,33.28,35.32,32.53,33.72,1903910,117788752.00
2008-01-22,33.67,33.67,30.33,30.33,2196673,125014960.00
2008-01-23,30.94,31.56,27.89,30.56,2832445,153212880.00
2008-01-24,30.39,31.98,29.84,30.89,2465085,138973968.00
2008-01-25,30.69,30.69,28.89,28.97,1947110,104364248.00
2008-01-28,28.17,28.60,26.06,26.06,2049824,99108440.00
2008-01-29,25.83,26.50,24.86,26.11,944038,44285504.00
2008-01-30,26.50,27.33,25.78,26.11,1010355,48644540.00
2008-01-31,26.12,26.49,25.33,25.33,639581,29901326.00
2008-02-01,25.58,25.58,22.78,23.48,1292833,54911572.00
2008-02-04,24.28,25.30,23.83,25.28,1930161,86808616.00
2008-02-05,24.99,26.77,24.72,26.32,1412193,66357176.00
2008-02-13,26.39,26.98,25.51,26.50,721715,34530928.00
2008-02-14,26.54,27.49,26.54,26.81,755042,36892052.00
2008-02-15,26.72,29.44,26.50,28.97,1958752,100418640.00
2008-02-18,29.28,31.89,28.97,31.89,2395600,131045224.00
2008-02-19,29.54,30.28,28.68,28.93,4119079,217743008.00
2008-02-20,28.82,30.33,27.93,29.19,2448201,129829416.00
2008-02-21,29.14,29.14,28.17,28.25,1409654,72713616.00
2008-02-22,28.24,28.24,25.72,26.51,1764332,85615776.00
2008-02-25,26.50,26.50,24.84,24.95,966353,44762656.00
2008-02-26,25.52,26.83,25.32,26.31,1211649,57285888.00
2008-02-27,26.51,26.78,26.01,26.56,686201,33001760.00
2008-02-28,26.56,26.77,25.67,26.25,663758,31609774.00
2008-02-29,26.24,26.78,25.94,26.61,592646,28470294.00
2008-03-03,26.50,27.59,25.84,27.45,980822,47829404.00
2008-03-04,27.82,28.67,27.32,27.53,1134522,57454100.00
2008-03-05,27.06,27.78,26.11,26.44,813065,39315432.00
2008-03-06,26.39,27.59,25.71,26.77,877797,42270060.00
2008-03-07,26.11,26.57,25.82,25.94,491954,23237602.00
2008-03-10,25.93,25.93,24.27,24.44,644225,29059078.00
2008-03-11,23.83,25.10,23.40,24.86,955356,41349536.00
2008-03-12,25.14,25.39,23.28,23.42,746767,32884566.00
2008-03-13,23.48,24.19,23.06,23.66,611055,26267802.00
2008-03-14,23.66,24.44,23.50,24.28,439379,19101608.00
2008-03-18,21.84,23.17,21.83,21.83,725058,29069382.00
2008-03-19,21.51,23.06,20.73,21.89,1008214,40071636.00
2008-03-20,21.50,22.05,19.72,21.50,1318780,50193384.00
2008-03-21,20.92,22.61,20.42,22.33,3734473,145237936.00
2008-03-24,22.56,22.84,21.16,21.18,1696241,68127968.00
2008-03-25,20.69,21.77,20.56,21.44,1203998,46180372.00
2008-03-26,21.48,22.33,21.23,21.75,1111197,44109652.00
2008-03-27,21.50,22.61,21.04,21.94,1830875,73639984.00
2008-03-28,21.78,23.06,21.51,22.77,1975041,80950840.00
2008-03-31,22.25,23.13,21.56,21.67,1188047,47918796.00
2008-04-01,21.67,21.88,19.48,19.48,1898120,68869968.00
2008-04-02,20.00,20.11,17.56,17.67,1478678,49632812.00
2008-04-03,17.44,18.05,16.56,17.69,880998,27594540.00
2008-04-07,17.06,19.21,17.06,18.82,940705,31319834.00
2008-04-08,18.50,19.43,18.50,19.08,985626,34052404.00
2008-04-09,18.88,19.03,17.61,17.61,956609,31729280.00
2008-04-10,17.24,18.05,17.06,18.02,645251,20728956.00
2008-04-11,18.02,18.98,17.94,18.52,659935,22224866.00
2008-04-14,18.05,18.50,17.05,17.17,625128,20164740.00
2008-04-15,17.12,17.96,16.82,17.86,457096,14347914.00
2008-04-16,17.81,18.10,17.42,17.61,609845,19786954.00
2008-04-17,17.61,17.94,16.67,16.78,828729,26075124.00
2008-04-18,16.72,17.31,16.57,16.58,902959,27635144.00
2008-04-21,17.78,17.78,14.91,14.92,1273533,36814056.00
2008-04-22,14.67,15.32,13.79,15.20,1048373,27592792.00
2008-04-23,14.77,16.03,14.71,15.67,980782,27339438.00
2008-04-24,17.05,17.25,16.52,17.25,1535218,47493836.00
2008-04-25,17.31,18.42,16.81,17.68,1397537,45150392.00
2008-04-28,17.49,18.58,17.17,18.11,1099576,35767492.00
2008-04-29,18.17,18.68,17.89,18.09,910078,30245650.00
2008-04-30,18.09,18.77,18.08,18.64,1357678,45522000.00
2008-05-05,19.11,19.43,18.23,19.43,1310449,45035412.00
2008-05-06,19.33,20.10,19.00,19.56,1414601,50425056.00
2008-05-07,19.34,19.71,18.51,18.51,1384112,47553856.00
2008-05-08,18.34,18.71,17.78,18.67,1056989,34952232.00
2008-05-09,18.86,19.28,18.51,18.70,974499,33321666.00
2008-05-12,18.44,19.48,18.23,19.22,973933,33614364.00
2008-05-13,18.69,20.99,18.25,20.67,2580447,94579464.00
2008-05-14,20.64,20.72,20.00,20.50,1458652,53775056.00
2008-05-15,20.78,21.44,20.39,20.46,1444128,54958432.00
2008-05-16,20.22,20.94,20.22,20.89,883372,32919912.00
2008-05-19,20.76,20.89,20.11,20.60,385443,14307618.00
2008-05-20,20.46,20.50,19.34,19.62,1139194,41046600.00
2008-05-21,19.33,20.33,19.19,20.18,741848,26572148.00
2008-05-22,19.70,21.43,19.70,20.92,892019,33658140.00
2008-05-23,20.76,21.21,20.39,20.86,783610,29675520.00
2008-05-26,20.78,21.18,20.00,21.11,989820,36761504.00
2008-05-27,21.19,22.24,20.84,22.24,1163421,45829900.00
2008-05-28,22.37,22.61,21.61,22.50,1089504,43823368.00
2008-05-29,22.47,23.41,21.87,22.94,1415881,58845632.00
2008-05-30,22.78,24.94,22.76,24.37,1735345,76072552.00
2008-06-02,24.13,26.70,23.28,25.94,2238424,100910624.00
2008-06-03,25.94,26.39,24.56,26.04,1969959,90290768.00
2008-06-04,25.92,25.92,24.28,25.44,1206944,54851248.00
2008-06-05,25.00,25.00,23.89,24.43,892149,39564588.00
2008-06-06,24.14,24.27,22.82,23.82,1244569,52763472.00
2008-06-10,22.66,22.94,21.61,22.33,1038736,41833808.00
2008-06-11,21.89,23.88,21.84,23.58,987048,41498952.00
2008-06-12,23.44,24.96,22.96,24.72,1261065,55332408.00
2008-06-13,24.55,25.30,22.28,22.43,1051596,45417740.00
2008-06-16,22.00,23.16,20.94,22.38,949951,38078096.00
2008-06-17,21.60,23.11,21.60,22.60,459368,18757050.00
2008-06-18,22.54,24.21,22.17,23.72,716796,30225316.00
2008-06-19,23.50,24.00,21.33,21.33,1092474,44105448.00
2008-06-20,20.96,23.48,20.44,23.45,1639394,66141196.00
2008-06-23,23.15,23.85,22.50,23.31,253454,10691965.00
2008-06-24,23.31,24.83,22.78,24.62,648807,28453116.00
2008-06-25,24.56,25.99,24.33,25.08,1010152,46575584.00
2008-06-26,24.83,26.22,24.56,25.94,1078650,50426076.00
2008-06-27,25.11,25.67,23.33,23.83,909689,40112144.00
2008-06-30,23.93,24.56,22.81,24.00,639591,27468466.00
2008-07-01,24.00,24.52,23.33,23.56,353493,15213139.00
2008-07-02,23.23,24.33,22.94,23.65,469359,20230988.00
2008-07-03,23.44,24.56,22.68,24.17,819875,35462444.00
2008-07-04,23.79,24.28,22.93,23.83,581546,24762582.00
2008-07-07,23.67,24.86,23.23,24.80,650221,28832246.00
2008-07-08,24.80,25.38,23.89,25.06,763897,34001192.00
2008-07-09,24.90,26.43,24.83,26.39,1340896,63004924.00
2008-07-10,26.06,27.33,25.36,25.36,1091811,52155096.00
2008-07-11,25.15,25.56,24.07,24.39,565392,25081390.00
2008-07-14,24.17,25.09,24.07,24.68,391778,17450968.00
2008-07-15,25.00,25.55,24.54,24.71,676196,30669824.00
2008-07-16,24.34,25.72,24.28,25.34,724040,32846014.00
2008-07-17,25.49,26.48,25.49,25.83,675694,31806340.00
2008-07-18,26.20,26.27,23.68,24.72,824854,36994656.00
2008-07-21,24.73,25.17,23.72,25.17,567850,25333372.00
2008-07-22,24.72,25.34,24.62,24.72,318285,14336515.00
2008-07-23,24.77,24.95,23.61,23.89,505752,22019876.00
2008-07-25,24.11,24.54,23.61,24.21,464567,20276014.00
2008-07-28,24.28,24.43,23.79,23.89,309110,13458203.00
2008-07-29,23.90,24.06,23.64,24.06,241515,10413384.00
2008-07-30,24.06,24.74,24.06,24.33,408017,18075248.00
2008-07-31,24.52,24.67,23.57,23.58,260566,11349554.00
2008-08-01,23.58,23.58,21.88,23.12,450386,18486572.00
2008-08-04,22.68,22.68,21.22,21.99,327964,13145477.00
2008-08-05,21.43,21.98,21.43,21.56,276895,10843129.00
2008-08-06,21.38,22.00,21.38,21.43,210040,8221293.50
2008-08-07,21.43,21.71,21.28,21.44,222128,8662658.00
2008-08-08,21.68,21.68,19.83,19.99,211180,7983598.00
2008-08-11,19.94,19.94,17.98,17.98,602561,20091216.00
2008-08-12,17.61,18.16,16.52,18.11,382951,12165600.00
2008-08-13,17.98,18.97,17.23,18.56,474834,15841514.00
2008-08-14,18.39,18.82,17.89,18.28,142603,4764543.50
2008-08-15,18.16,18.33,17.96,18.00,133738,4412746.00
2008-08-18,17.98,18.03,16.91,17.17,276918,8684867.00
2008-08-19,17.18,17.52,17.05,17.41,79300,2498241.50
2008-08-20,17.12,18.93,17.06,18.75,327973,11033600.00
2008-08-21,18.44,19.16,18.24,18.49,156083,5268578.50
2008-08-22,18.25,18.65,17.49,17.96,118468,3844014.75
2008-08-25,17.94,17.99,17.50,17.71,89747,2881541.75
2008-08-26,17.61,17.61,16.08,17.08,206240,6323139.00
2008-08-27,16.63,17.06,16.57,17.06,114545,3489954.25
2008-08-28,17.16,17.36,16.57,16.58,64071,1958086.25
2008-08-29,16.59,17.16,16.58,16.88,376745,11488429.00
2008-09-01,16.58,16.78,16.15,16.25,182460,5420047.00
2008-09-02,15.96,16.13,14.84,15.33,589322,16601684.00
2008-09-03,15.27,15.27,14.39,14.50,324984,8669333.00
2008-09-04,14.39,14.83,14.32,14.68,124395,3312080.50
2008-09-05,14.39,15.06,14.28,14.72,290913,7817400.00
2008-09-08,14.72,15.86,14.35,15.46,594845,16668504.00
2008-09-09,15.46,15.77,15.17,15.38,299882,8404350.00
2008-09-10,15.28,15.44,14.56,14.97,450795,12354272.00
2008-09-11,14.56,14.94,14.56,14.67,179742,4833218.50
2008-09-12,14.64,15.38,14.64,14.95,157107,4308920.00
2008-09-16,14.95,15.69,14.95,15.18,250626,6992782.50
2008-09-17,14.88,15.53,14.88,15.11,179391,4974310.50
2008-09-18,15.04,15.06,14.06,14.99,232448,6119952.00
2008-09-19,16.23,16.51,16.11,16.51,420604,12558197.00
2008-09-22,17.49,18.10,16.12,16.55,806063,24702920.00
2008-09-23,16.39,16.39,15.17,15.17,314031,8911123.00
2008-09-24,14.84,15.26,14.31,15.12,210747,5675237.00
2008-09-25,15.17,15.78,15.03,15.45,335884,9475178.00
2008-09-26,15.51,15.51,14.83,15.27,235193,6454505.50
2008-10-06,14.89,16.38,14.89,15.99,521454,15079158.00
2008-10-07,15.73,16.08,15.39,15.59,281088,7979506.00
2008-10-08,15.32,15.94,15.19,15.63,214791,6158663.00
2008-10-09,16.09,16.09,15.40,15.49,189392,5448058.00
2008-10-10,15.33,16.03,14.84,15.74,370042,10449156.00
2008-10-13,15.77,16.61,15.70,16.11,1314693,38745068.00
2008-10-14,16.49,16.50,15.94,15.97,681155,20065782.00
2008-10-15,15.94,15.94,14.95,15.28,414159,11574561.00
2008-10-16,14.56,14.88,14.28,14.52,503999,13429411.00
2008-10-17,14.61,14.94,14.34,14.35,196544,5162874.00
2008-10-20,14.28,15.11,14.28,14.89,238808,6400568.00
2008-10-21,14.91,15.38,14.84,14.93,302187,8297502.00
2008-10-22,14.83,14.85,14.28,14.28,401889,10637439.00
2008-10-23,13.89,14.61,13.44,14.56,332231,8423593.00
2008-10-24,14.56,14.72,14.01,14.56,256250,6662896.00
2008-10-27,14.28,14.28,13.53,14.00,203543,5144921.50
2008-10-28,13.76,14.39,12.89,14.28,243177,6127279.50
2008-10-29,14.39,14.40,13.65,14.03,210018,5367264.50
2008-10-30,13.50,14.11,13.50,14.00,128594,3267865.75
2008-10-31,13.86,14.00,13.72,13.72,84800,2134117.00
2008-11-03,13.39,13.79,13.39,13.56,127518,3171738.00
2008-11-04,13.56,13.79,12.97,13.45,195635,4754540.50
2008-11-05,13.71,13.99,13.58,13.81,153656,3856705.00
2008-11-06,13.71,13.71,13.25,13.34,100159,2454419.50
2008-11-07,13.21,13.42,13.01,13.26,190389,4570884.50
2008-11-10,13.72,14.17,13.44,14.06,279723,7042170.00
2008-11-11,13.84,14.18,13.84,13.89,230365,5870906.50
2008-11-12,13.73,14.04,13.73,13.99,172500,4367255.50
2008-11-13,14.00,15.41,14.00,15.36,917198,25195930.00
2008-11-14,15.72,16.22,15.38,16.18,979561,28118882.00
2008-11-17,16.18,16.43,15.45,16.34,936053,27196858.00
2008-11-18,16.29,16.78,15.71,15.94,1032511,30332552.00
2008-11-19,15.93,16.74,14.72,16.61,696547,20523824.00
2008-11-20,16.22,16.61,15.88,15.97,364788,10738607.00
2008-11-21,15.72,15.89,15.11,15.54,333106,9454758.00
2008-11-25,15.28,15.83,14.63,14.81,283248,7838657.50
2008-11-26,14.79,14.79,14.17,14.33,316115,8273078.50
2008-11-27,15.27,15.27,14.54,14.56,364191,9866482.00
2008-11-28,14.06,14.68,14.06,14.49,208491,5474338.50
2008-12-01,14.22,14.98,14.21,14.89,265379,7093024.50
2008-12-02,14.89,15.44,14.67,15.22,300835,8294600.00
2008-12-03,15.22,16.10,15.22,16.10,531706,15284693.00
2008-12-04,16.23,16.72,15.99,16.61,1152890,34606224.00
2008-12-05,16.51,17.49,16.23,17.41,628176,19449570.00
2008-12-08,17.41,18.33,17.41,17.81,767929,25052744.00
2008-12-09,17.81,18.00,17.19,17.33,408858,12976737.00
2008-12-10,17.27,18.00,17.27,17.75,342082,11014030.00
2008-12-11,17.99,17.99,16.89,17.49,479978,15251948.00
2008-12-12,17.28,17.28,16.60,16.79,490608,14957154.00
2008-12-15,16.79,17.21,16.43,16.52,452184,13691946.00
2008-12-16,16.34,16.83,15.98,16.66,766728,22801992.00
2008-12-17,16.78,17.33,16.39,16.94,804305,24578540.00
2008-12-18,16.67,17.05,16.40,17.04,585326,17718286.00
2008-12-19,16.99,17.66,16.78,17.56,729369,23033754.00
2008-12-22,17.61,19.27,17.44,19.05,1088347,37009596.00
2008-12-23,18.73,19.06,18.39,18.56,778982,26363686.00
2008-12-24,18.19,18.44,17.61,17.81,709553,23006498.00
2008-12-25,17.89,17.91,17.06,17.67,973408,31094668.00
2008-12-26,17.67,17.83,17.35,17.70,547849,17528130.00
2008-12-29,17.71,17.73,17.07,17.72,434356,13727774.00
2008-12-30,17.61,18.33,17.53,18.00,310084,10184827.00
2008-12-31,18.04,18.32,17.78,18.05,292692,9637267.00
2009-01-05,18.17,18.86,18.06,18.86,375879,12721522.00
2009-01-06,18.87,18.93,18.34,18.72,324641,10990785.00
2009-01-07,18.61,18.99,18.46,18.72,496349,16928706.00
2009-01-08,18.53,18.53,17.92,18.53,335241,11099797.00
2009-01-09,18.24,19.22,18.24,19.11,511028,17488218.00
2009-01-12,19.09,19.44,18.91,19.28,626225,21836584.00
2009-01-13,19.27,19.27,18.06,18.17,503487,17004786.00
2009-01-14,18.17,18.53,18.17,18.51,382722,12793961.00
2009-01-15,18.44,19.22,18.33,19.00,379295,13021107.00
2009-01-16,18.82,20.89,18.38,20.89,769306,27118550.00
2009-01-19,19.64,20.17,18.88,18.97,1118483,39144824.00
2009-01-20,18.82,18.97,18.12,18.72,515082,17299592.00
2009-01-21,18.43,18.61,18.33,18.42,553935,18552800.00
2009-01-22,18.48,18.70,18.22,18.67,613165,20506572.00
2009-01-23,18.53,18.85,18.53,18.54,557060,18914612.00
2009-02-02,18.68,19.44,18.62,19.03,1265235,43842720.00
2009-02-03,19.17,19.28,18.76,19.02,1157955,39787948.00
2009-02-04,19.03,19.21,18.89,19.02,1274510,44018628.00
2009-02-05,19.01,19.77,18.87,19.29,1229624,43169116.00
2009-02-06,19.33,19.72,19.33,19.60,1418117,50261388.00
2009-02-09,20.03,20.03,19.41,19.64,1548176,55319472.00
2009-02-10,19.56,20.29,19.56,20.12,1365467,49638464.00
2009-02-11,20.04,20.21,19.67,19.77,1234967,44584896.00
2009-02-12,19.77,19.77,18.68,19.06,2304120,79677776.00
2009-02-13,19.00,19.60,18.97,19.48,1540806,53862440.00
2009-02-16,19.51,20.08,19.51,20.05,1763044,63568848.00
2009-02-17,20.11,20.13,19.06,19.17,2255187,80320208.00
2009-02-18,18.73,18.89,17.82,17.82,3733823,123930000.00
2009-02-19,18.11,18.22,17.09,17.88,4301043,136329280.00
2009-02-20,17.94,18.39,17.61,18.23,2052620,67082564.00
2009-02-23,18.11,18.83,17.95,18.73,1965139,66132120.00
2009-02-24,18.72,19.08,18.06,18.29,2204012,73940656.00
2009-02-25,18.38,18.81,18.06,18.72,1764035,59353340.00
2009-02-26,18.81,19.61,18.22,18.67,3197284,111634928.00
2009-02-27,18.66,18.66,17.31,17.35,1644782,52802160.00
2009-03-02,17.09,17.61,16.95,17.33,710594,22386704.00
2009-03-03,17.04,17.66,16.74,17.43,830840,25984078.00
2009-03-04,17.43,18.32,17.43,18.22,1165999,37872380.00
2009-03-05,18.39,18.49,17.67,18.00,1273609,41758216.00
2009-03-06,17.68,17.86,17.44,17.61,668852,21427564.00
2009-03-09,17.82,18.28,17.50,17.58,919438,29846934.00
2009-03-10,17.39,17.73,17.34,17.60,795405,25261982.00
2009-03-11,17.87,17.92,17.32,17.37,1371132,43582316.00
2009-03-12,17.39,17.39,17.06,17.22,598038,18648464.00
2009-03-13,17.33,17.72,17.30,17.42,677308,21604538.00
2009-03-16,17.35,17.89,17.32,17.86,687198,22108152.00
2009-03-17,17.99,18.25,17.72,18.14,1248811,40805380.00
2009-03-18,18.14,18.33,18.04,18.14,1399946,46199424.00
2009-03-19,18.13,18.33,18.06,18.33,1665115,54996148.00
2009-03-20,18.39,18.72,18.17,18.56,1374098,46123328.00
2009-03-23,18.71,19.16,18.56,18.83,1367781,46971588.00
2009-03-24,19.01,19.15,18.53,18.72,1078130,36584920.00
2009-03-25,18.72,20.28,18.64,19.73,4092110,146928528.00
2009-03-26,19.93,20.15,19.22,19.99,2615549,94137584.00
2009-03-27,19.94,19.94,19.21,19.33,2566175,90504592.00
2009-03-30,19.33,19.46,18.94,19.06,1224029,42611124.00
2009-03-31,18.72,19.26,18.67,19.22,895581,30851272.00
2009-04-01,19.27,19.61,19.17,19.27,1483826,52201564.00
2009-04-02,19.42,19.96,19.12,19.57,2244534,79756256.00
2009-04-03,19.78,20.81,19.56,20.24,3351292,122697808.00
2009-04-07,20.22,20.24,19.64,19.79,1973668,71278224.00
2009-04-08,19.82,19.89,19.00,19.03,1541087,54432532.00
2009-04-09,19.00,19.49,18.89,19.44,1191078,41522740.00
2009-04-10,19.56,20.09,19.39,19.99,1960668,70567448.00
2009-04-13,20.11,20.66,20.01,20.50,2138306,78636552.00
2009-04-14,20.72,22.37,20.56,21.67,3301837,128838624.00
2009-04-15,21.61,22.00,21.12,21.64,2467561,96595168.00
2009-04-16,21.47,21.86,20.89,21.49,1624642,62793636.00
2009-04-17,21.37,21.60,20.61,20.72,1428991,54268496.00
2009-04-20,20.67,21.27,20.67,21.22,960132,36779736.00
2009-04-21,20.94,21.09,20.22,20.63,1507518,56453248.00
2009-04-22,20.67,20.83,19.58,19.67,1598008,58729800.00
2009-04-23,19.56,20.16,19.53,19.87,1406649,50798752.00
2009-04-27,20.27,20.31,19.64,19.68,1338661,48272472.00
2009-04-28,19.61,20.00,19.47,19.83,791648,28440334.00
2009-04-29,19.83,20.50,19.78,20.42,1181332,43510420.00
2009-04-30,20.40,20.59,20.16,20.36,949795,35166740.00
2009-05-04,20.40,21.00,20.23,20.92,1315053,49464252.00
2009-05-05,21.00,21.21,20.67,21.11,1078541,40947924.00
2009-05-06,21.06,21.25,20.79,21.11,1173793,44801920.00
2009-05-07,21.12,21.22,20.12,20.42,2068898,77074256.00
2009-05-08,20.42,20.88,20.18,20.88,1273379,47322044.00
2009-05-11,21.39,21.49,20.13,20.17,2319441,87448728.00
2009-05-12,19.82,20.58,19.77,20.54,1115273,41009144.00
2009-05-13,20.49,20.89,20.35,20.77,1601336,59754568.00
2009-05-14,20.65,20.89,20.41,20.53,1515663,56757208.00
2009-05-15,20.53,20.53,19.89,19.99,2249796,45111064.00
2009-05-18,19.90,19.90,19.25,19.55,2593687,50334200.00
2009-05-19,19.72,19.95,19.43,19.80,2069953,40832688.00
2009-05-20,19.85,19.85,19.25,19.30,1805640,35152696.00
2009-05-21,19.21,19.22,18.72,18.76,2121389,40105332.00
2009-05-22,18.80,19.18,18.80,18.97,1386487,26385560.00
2009-05-25,18.65,18.80,18.49,18.79,1575423,29333548.00
2009-05-26,18.88,19.49,18.70,19.15,1815534,34949312.00
2009-05-27,19.72,19.98,19.28,19.38,2660324,52250512.00
2009-06-01,19.30,19.65,19.10,19.40,2359456,45639172.00
2009-06-02,19.36,20.00,19.20,19.63,2924823,57438832.00
2009-06-03,19.56,20.07,19.50,19.77,2715383,54085856.00
2009-06-04,19.78,19.81,19.13,19.38,1710505,33145010.00
2009-06-05,19.36,19.55,19.15,19.35,1385992,26748200.00
2009-06-08,19.35,19.48,19.00,19.05,1347782,25811450.00
2009-06-09,19.08,19.22,18.49,19.00,1903245,35738048.00
2009-06-10,18.90,19.30,18.68,19.28,2195224,41523352.00
2009-06-11,19.10,19.36,18.99,19.03,1169187,22365472.00
2009-06-12,19.00,19.09,18.38,18.50,1699657,31776146.00
2009-06-15,18.55,19.00,18.55,18.99,1544123,28936114.00
2009-06-16,18.80,19.16,18.68,18.77,1690474,31866000.00
2009-06-17,18.60,19.00,18.60,18.91,994791,18775376.00
2009-06-18,18.92,19.05,18.83,19.00,1481012,28057974.00
2009-06-19,19.03,19.45,18.95,19.31,2337718,45009020.00
2009-06-22,19.50,19.59,19.09,19.21,1877554,36145136.00
2009-06-23,19.08,19.10,18.71,18.90,1277859,24159308.00
2009-06-24,19.00,19.21,18.80,19.04,1674753,31859648.00
2009-06-25,19.09,19.09,18.78,18.80,2066071,39013376.00
2009-06-26,18.82,18.90,18.60,18.71,2407086,45031916.00
2009-06-29,18.71,18.91,18.68,18.78,1983663,37222324.00
2009-06-30,18.80,18.89,18.63,18.80,1487797,27913566.00
2009-07-01,18.80,18.93,18.71,18.87,1427168,26855550.00
2009-07-02,18.94,18.94,18.64,18.80,2096353,39324804.00
2009-07-03,18.75,20.68,18.72,20.68,8924557,180778000.00
2009-07-06,21.30,21.48,20.70,21.20,10471897,220844400.00
2009-07-07,21.00,21.03,20.49,20.73,4642702,96341248.00
2009-07-08,20.70,21.67,20.51,21.38,5229508,111388192.00
2009-07-09,21.40,22.35,21.40,21.63,5339917,116702704.00
2009-07-10,21.67,21.87,21.15,21.28,3298547,70531144.00
2009-07-13,21.38,21.53,21.15,21.42,2769624,59112376.00
2009-07-14,21.33,22.41,21.33,21.98,4189690,91963328.00
2009-07-15,21.96,22.89,21.71,22.78,5498360,122737000.00
2009-07-16,22.70,22.70,22.20,22.30,3595380,80478072.00
2009-07-17,22.52,22.88,22.23,22.78,3695180,83296304.00
2009-07-20,22.77,22.96,22.40,22.71,3109625,70474464.00
2009-07-21,23.10,23.60,22.28,22.33,4293275,98358256.00
2009-07-22,22.20,22.48,21.76,22.00,3995996,88238032.00
2009-07-23,22.14,22.26,21.80,22.20,2323407,51257004.00
2009-07-24,22.20,22.33,21.46,21.56,2900190,63136340.00
2009-07-27,21.62,22.06,21.55,21.83,2703424,58957684.00
2009-07-28,22.08,22.49,21.62,22.37,3211089,71425216.00
2009-07-29,22.40,22.90,20.36,21.36,4576818,100809824.00
2009-07-30,21.25,21.73,20.80,21.47,2701050,57524284.00
2009-07-31,21.55,22.19,21.37,22.19,2762992,60253888.00
2009-08-03,22.61,23.29,22.11,23.05,5745421,130821432.00
2009-08-04,23.00,25.25,22.06,24.94,12159744,284634944.00
2009-08-05,24.38,25.30,24.01,24.41,10924329,269517312.00
2009-08-06,24.25,24.25,23.13,23.30,5558479,131027496.00
2009-08-07,23.40,23.78,22.90,22.95,3864762,90268616.00
2009-08-10,23.02,23.87,23.02,23.58,3668844,86218936.00
2009-08-11,23.40,23.47,22.20,22.89,7577165,173013664.00
2009-08-12,22.80,23.08,21.50,21.62,3798190,85045640.00
2009-08-13,21.81,22.18,21.51,21.85,2302458,50199780.00
2009-08-14,21.86,21.88,21.10,21.50,2443415,52609884.00
2009-08-18,20.16,21.95,20.15,21.25,3535378,73805352.00
2009-08-19,21.16,21.75,20.37,20.70,2025938,43058168.00
2009-08-20,20.69,21.49,20.61,21.49,2034804,43018588.00
2009-08-21,21.53,22.79,21.50,22.53,4449505,99055416.00
2009-08-24,22.60,23.50,22.26,23.19,3980669,91471520.00
2009-08-25,23.00,23.15,22.38,22.92,4360435,98429384.00
2009-08-26,23.20,24.40,23.20,23.85,5584754,133841744.00
2009-08-27,24.00,24.85,23.60,23.84,5332947,128789464.00
2009-08-28,23.60,23.61,22.60,22.80,2990702,68745232.00
2009-08-31,22.51,22.60,21.80,21.98,3090270,68408136.00
2009-09-01,21.85,22.42,21.72,21.86,2398708,53011724.00
2009-09-02,21.76,22.37,21.41,22.31,1876815,41419608.00
2009-09-03,22.28,23.47,22.21,23.20,3158081,72814608.00
2009-09-04,23.20,25.00,22.95,24.50,7406956,178523168.00
2009-09-07,24.64,24.78,24.00,24.36,6476097,158071792.00
2009-09-08,24.05,25.93,23.76,25.76,9449586,238358304.00
2009-09-09,25.50,25.81,24.88,25.40,4710345,119230288.00
2009-09-10,25.33,26.00,24.70,25.32,4718067,119765584.00
2009-09-11,25.01,26.14,24.91,25.15,4663292,119242168.00
2009-09-14,25.14,26.50,25.01,25.99,5290736,137468256.00
2009-09-15,25.89,26.80,25.66,25.91,5154661,135309248.00
2009-09-16,25.60,26.03,24.99,25.15,4351902,110241880.00
2009-09-17,25.10,25.55,25.10,25.32,3339044,84687536.00
2009-09-18,25.48,26.47,25.26,25.49,4834135,124953608.00
2009-09-21,25.80,25.80,23.81,25.11,7358121,179920944.00
2009-09-22,24.90,25.18,24.50,24.65,2832970,70429664.00
2009-09-23,24.63,25.40,24.62,24.68,3514771,87832568.00
2009-09-24,24.66,25.00,24.10,24.79,2441361,60108824.00
2009-09-25,24.80,24.94,23.86,23.96,2037355,49659784.00
2009-09-28,24.19,24.35,23.47,23.54,2002109,47876428.00
2009-09-29,23.57,23.88,23.15,23.73,1817772,42634564.00
2009-09-30,23.73,24.18,23.68,23.76,1136232,27209562.00
2009-10-09,24.15,24.94,24.01,24.87,1955755,48125232.00
2009-10-13,24.60,25.19,24.50,25.16,2182676,54362876.00
2009-10-14,25.16,25.55,24.85,24.98,2576914,64833848.00
2009-10-15,25.05,25.24,24.63,24.79,1440013,35833620.00
2009-10-16,24.90,25.50,24.53,25.48,2145334,53759500.00
2009-10-19,25.89,26.00,25.52,25.80,3333315,85821904.00
2009-10-20,25.81,26.10,25.54,26.09,3602192,92952584.00
2009-10-21,26.02,26.09,25.53,25.55,2977547,76523664.00
2009-10-22,25.36,25.88,25.06,25.64,2283423,58025136.00
2009-10-23,25.60,25.98,25.20,25.60,2751747,70630504.00
2009-10-26,25.65,25.86,25.10,25.85,2713734,69283240.00
2009-10-27,25.65,26.08,25.31,25.62,2943862,75974040.00
2009-10-28,25.49,25.70,25.10,25.44,1603361,40632388.00
2009-10-29,25.16,25.72,25.03,25.43,1474319,37549412.00
2009-10-30,25.60,26.48,25.13,26.25,5401408,140441360.00
2009-11-02,25.86,27.15,25.62,27.00,4670607,124549448.00
2009-11-03,27.00,27.50,26.76,27.18,4483603,121518008.00
2009-11-04,28.00,28.85,27.50,27.70,6358377,178668656.00
2009-11-05,27.60,28.18,27.33,27.88,2821900,78527488.00
2009-11-06,27.88,28.10,27.55,27.69,3858709,107031216.00
2009-11-09,27.02,27.88,27.02,27.80,2665392,73040776.00
2009-11-10,27.99,28.03,27.61,27.61,2076412,57646832.00
2009-11-11,27.58,27.60,27.08,27.42,1880152,51299288.00
2009-11-12,27.42,27.95,27.28,27.52,2363120,65420292.00
2009-11-13,27.52,28.16,27.40,28.03,2585540,72089024.00
2009-11-16,28.40,28.88,28.20,28.84,3882130,111020936.00
2009-11-17,28.87,29.83,28.65,28.80,3688698,107361624.00
2009-11-18,28.90,29.00,28.58,28.95,2230146,64209824.00
2009-11-19,28.95,29.37,28.77,28.99,2713422,78644832.00
2009-11-20,29.05,29.25,28.75,29.01,2560646,74239624.00
2009-11-24,29.80,29.98,27.07,27.38,4393259,126689352.00
2009-11-25,27.38,28.25,26.99,28.09,4994987,136970432.00
2009-11-26,28.18,29.25,27.72,27.88,7818141,222461664.00
2009-11-27,28.00,28.72,27.50,28.14,6692342,189103872.00
2009-11-30,28.52,29.39,28.25,29.21,5823129,167730816.00
2009-12-01,28.90,29.80,28.61,29.60,5366841,157608016.00
2009-12-02,29.75,29.90,29.30,29.56,4666839,138000640.00
2009-12-03,29.50,30.45,29.38,29.83,4451101,132944568.00
2009-12-04,29.64,29.64,27.90,28.34,6184934,177386768.00
2009-12-07,28.35,28.72,28.20,28.66,2593698,73887352.00
2009-12-08,28.54,28.64,27.97,28.32,2759676,77836840.00
2009-12-09,28.17,28.17,27.81,27.99,1665898,46628696.00
2009-12-10,28.01,28.36,27.99,28.15,1665697,46769248.00
2009-12-11,28.26,28.83,28.20,28.30,2338457,66642260.00
2009-12-14,28.30,28.48,27.19,28.01,2206513,61145964.00
2009-12-15,28.02,28.19,27.36,27.52,1911397,53089240.00
2009-12-16,27.60,27.86,27.41,27.56,1660615,45866340.00
2009-12-17,27.60,27.76,26.69,26.73,1812486,49041616.00
2009-12-18,26.70,26.70,25.19,25.34,2485505,64252852.00
2009-12-21,25.28,25.92,25.28,25.44,2881150,73604040.00
2009-12-22,25.98,26.40,25.60,25.90,3113109,80976000.00
2009-12-23,25.71,26.30,25.45,26.29,1920367,49975544.00
2009-12-24,26.45,27.04,26.20,26.93,1642276,43902392.00
2009-12-25,26.90,26.99,26.48,26.82,1522037,40689224.00
2009-12-28,27.07,27.85,26.86,27.68,3220150,87948912.00
2009-12-29,27.75,27.87,27.31,27.79,2393513,66042012.00
2009-12-30,27.77,27.78,27.34,27.68,2513402,69250912.00
2009-12-31,27.75,28.69,27.53,28.69,3780389,106658024.00
2010-01-04,29.01,29.30,28.60,29.00,6653287,192647040.00
2010-01-05,28.75,29.10,28.41,28.90,2828097,81339472.00
2010-01-06,28.90,29.08,28.52,29.00,2849563,82412800.00
2010-01-07,28.98,28.98,27.81,28.13,3816806,108285840.00
2010-01-08,27.71,27.73,27.09,27.71,3033142,83147312.00
2010-01-11,27.76,28.41,27.10,28.39,3999668,110299568.00
2010-01-12,28.19,29.12,27.83,29.03,4462770,127811616.00
2010-01-13,28.60,30.55,28.45,29.32,6795769,202176336.00
2010-01-14,29.31,30.15,29.01,29.70,3894994,115707632.00
2010-01-15,29.80,30.30,29.60,30.14,2999233,90247640.00
2010-01-18,30.18,30.80,29.93,30.79,3910307,118708688.00
2010-01-19,30.74,30.82,30.22,30.73,3408996,104139672.00
2010-01-20,30.59,30.69,28.60,28.88,3533618,104124456.00
2010-01-21,28.98,29.72,28.95,29.70,2588260,76141224.00
2010-01-22,29.40,29.50,28.11,28.75,2929558,84160512.00
2010-01-25,28.65,28.86,28.35,28.69,1209933,34654828.00
2010-01-26,28.59,29.36,27.50,27.60,2944544,83825696.00
2010-01-27,27.68,28.17,27.18,27.67,2859492,79549488.00
2010-01-28,27.67,28.21,27.30,28.20,1376068,38491544.00
2010-01-29,28.11,29.36,27.82,29.16,2471246,71311384.00
2010-02-01,26.60,28.41,26.24,26.25,9189539,251539472.00
2010-02-02,26.10,26.13,25.25,25.75,10159486,260860960.00
2010-02-03,25.54,25.75,24.52,25.75,5212431,131397608.00
2010-02-04,25.50,25.95,25.30,25.74,2269800,58216164.00
2010-02-05,24.90,25.35,24.79,25.08,2438970,61013808.00
2010-02-08,25.09,25.18,24.73,24.89,2449476,60890936.00
2010-02-09,24.99,25.15,24.76,25.10,875509,21875192.00
2010-02-10,25.29,25.85,25.13,25.81,2202131,56312036.00
2010-02-11,26.20,26.20,25.40,25.50,1078853,27649842.00
2010-02-12,25.60,25.93,25.53,25.83,1194386,30835750.00
2010-02-22,25.70,25.80,25.25,25.60,1246551,31945786.00
2010-02-23,25.60,25.60,25.01,25.59,955717,24222164.00
2010-02-24,25.58,26.29,25.39,26.21,2129782,55385164.00
2010-02-25,26.28,26.45,25.98,26.18,4506363,117548680.00
2010-02-26,26.16,27.12,26.02,27.08,4065271,108430360.00
2010-03-01,26.88,28.05,26.60,27.65,4845854,132844992.00
2010-03-02,27.78,28.00,27.40,27.70,2019654,55906704.00
2010-03-03,27.70,29.06,27.58,28.55,4058328,115251928.00
2010-03-04,28.60,28.90,27.51,27.60,3107531,86461832.00
2010-03-05,27.45,27.88,27.30,27.61,1988898,54936884.00
2010-03-08,27.70,28.49,27.36,28.15,1944801,54773892.00
2010-03-09,28.12,28.26,27.66,27.82,962110,26810080.00
2010-03-10,27.82,28.10,27.61,27.95,1087062,30352674.00
2010-03-11,27.94,28.15,27.31,27.55,940682,25990050.00
2010-03-12,27.00,27.65,27.00,27.39,1238107,33802080.00
2010-03-15,27.38,27.55,26.69,26.80,1130623,30735660.00
2010-03-16,26.80,26.92,26.30,26.90,1454217,38672308.00
2010-03-17,27.07,27.55,26.57,27.50,1759892,47577028.00
2010-03-18,27.28,27.28,24.98,26.20,8995028,230997808.00
2010-03-19,25.48,25.87,25.28,25.30,6727375,171203536.00
2010-03-22,25.17,25.73,24.71,25.68,6617772,166834288.00
2010-03-23,25.41,26.16,25.38,25.64,7520925,193326448.00
2010-03-24,25.55,25.88,25.35,25.62,3338853,85788992.00
2010-03-30,23.07,24.40,23.07,23.77,14282967,338811392.00
2010-03-31,23.40,23.75,23.38,23.60,8751245,205592128.00
2010-04-01,23.57,23.97,23.40,23.82,6393967,152057552.00
2010-04-02,23.80,23.95,23.59,23.73,4424517,104903776.00
2010-04-06,23.74,24.25,23.74,24.25,6460915,155496480.00
2010-04-07,24.29,24.33,24.02,24.16,3819773,92227008.00
2010-04-08,24.11,24.13,23.71,23.81,4019775,95811776.00
2010-04-09,23.81,24.09,23.62,24.03,4274291,101811704.00
2010-04-12,24.02,24.19,23.82,23.87,4070093,97564008.00
2010-04-13,23.88,24.09,22.48,23.22,4778536,111759224.00
2010-04-14,23.22,23.38,23.00,23.38,2772026,64253992.00
2010-04-15,23.38,23.60,23.09,23.09,2725574,63433216.00
2010-04-16,23.01,23.01,22.73,22.92,2042940,46739640.00
2010-04-19,22.62,23.15,22.00,22.01,2819414,63743664.00
2010-04-20,22.05,22.38,21.67,22.27,2080923,46168376.00
2010-04-21,22.31,22.72,22.00,22.69,2713486,60599132.00
2010-04-22,22.69,24.20,22.42,23.99,9125976,217298496.00
2010-04-26,23.97,24.66,23.51,24.45,7529698,183303728.00
2010-04-27,24.45,24.50,24.00,24.43,4308735,104381032.00
2010-04-28,24.00,24.59,23.71,24.43,4261619,103499568.00
2010-04-29,24.00,24.80,24.00,24.15,3916230,95618008.00
2010-04-30,23.98,23.98,22.46,23.40,3387812,78261192.00
2010-05-04,22.81,23.34,22.39,22.66,2646213,60520848.00
2010-05-05,22.20,23.10,21.80,22.98,3246061,72727240.00
2010-05-06,22.91,23.21,22.40,22.76,2977764,67961536.00
2010-05-07,22.02,23.88,21.76,23.21,4253677,98798352.00
2010-05-10,23.26,23.89,22.72,23.33,3775414,88634232.00
2010-05-11,23.70,23.88,22.90,23.10,2599556,60722368.00
2010-05-12,23.10,23.10,21.38,21.38,2959143,65184520.00
2010-05-13,21.28,21.28,19.24,19.92,5177404,102800896.00
2010-05-14,19.68,20.28,19.50,19.85,3020393,60271900.00
2010-05-17,19.46,19.60,18.80,19.10,2224258,42440404.00
2010-05-18,19.05,19.10,18.10,18.66,2256086,41693852.00
2010-05-19,18.38,18.76,17.81,18.64,2208840,40707068.00
2010-05-20,18.25,18.79,18.12,18.51,1760986,32725364.00
2010-05-24,19.50,20.36,19.30,20.36,9432358,191362912.00
2010-05-25,20.43,21.22,20.43,20.79,6990451,145291200.00
2010-05-26,20.54,20.99,20.31,20.64,4611534,95493872.00
2010-05-27,20.64,22.65,20.48,22.25,5262151,113869568.00
2010-05-28,22.40,22.45,21.75,21.75,4494970,99352512.00
2010-05-31,21.46,23.93,21.46,22.80,9680071,225752080.00
2010-06-01,22.53,23.48,21.92,22.78,3679346,83718672.00
2010-06-02,22.50,23.10,22.05,23.00,2774923,62457784.00
2010-06-03,23.05,25.10,23.05,24.53,7873277,193619424.00
2010-06-04,24.30,25.10,24.30,24.61,3745467,92507232.00
2010-06-07,24.61,24.86,24.00,24.78,2928064,71810464.00
2010-06-08,25.12,25.14,23.85,24.05,3292254,79577432.00
2010-06-09,24.08,24.57,23.67,24.19,2390261,57632904.00
2010-06-10,24.32,25.35,24.32,25.30,4278850,107008392.00
2010-06-11,25.50,25.50,25.03,25.34,2488153,62873436.00
2010-06-17,25.29,25.30,23.00,23.85,3552479,85586328.00
2010-06-18,23.80,24.50,23.40,23.90,2918212,69607296.00
2010-06-21,23.81,24.50,23.80,24.37,2175828,52662948.00
2010-06-22,24.65,24.77,23.86,23.94,1337142,32492584.00
2010-06-23,23.69,24.18,23.50,23.96,958190,22851870.00
2010-06-24,23.86,24.15,23.30,23.45,1682292,39686904.00
2010-06-25,23.32,23.70,23.12,23.41,869496,20355586.00
2010-06-28,23.40,23.94,22.65,23.25,962479,22229492.00
2010-06-29,23.65,23.75,22.45,23.11,3421910,78169048.00
2010-06-30,22.87,23.40,22.40,23.30,2852437,64858652.00
2010-07-01,23.01,23.35,21.80,22.00,1374427,30952456.00
2010-07-02,21.82,22.20,19.80,19.88,5142662,104523312.00
2010-07-05,19.40,19.42,18.50,18.74,4082253,76889184.00
2010-07-06,18.43,19.62,18.00,19.50,6903988,129361424.00
2010-07-07,19.09,20.40,19.00,20.22,4665612,91528184.00
2010-07-08,20.21,20.79,20.01,20.49,2921042,59672448.00
2010-07-12,20.60,21.04,19.96,20.19,3231795,65553804.00
2010-07-13,19.98,19.98,19.20,19.41,2298519,44683756.00
2010-07-14,19.41,19.90,19.30,19.39,2124736,41570524.00
2010-07-15,19.39,19.39,18.88,18.92,2335580,44476128.00
2010-07-16,18.88,19.39,18.67,19.39,1815836,34657992.00
2010-07-19,19.29,19.70,19.19,19.66,2171228,42357776.00
2010-07-20,19.65,20.59,19.51,20.40,6929009,138198752.00
2010-07-21,20.12,20.58,19.95,20.22,3947267,79906728.00
2010-07-22,20.25,20.74,20.02,20.65,3572172,73156288.00
2010-07-23,20.80,20.80,20.33,20.54,2352216,48151228.00
2010-07-26,20.54,20.60,20.05,20.41,2295691,46728864.00
2010-07-27,20.40,20.65,20.21,20.53,2226773,45715480.00
2010-07-28,20.52,21.24,20.35,21.14,3569925,74535496.00
2010-07-29,21.00,21.47,21.00,21.24,2674700,56765612.00
2010-07-30,21.24,21.58,20.97,21.05,2087043,44300424.00
2010-08-02,20.50,20.97,20.22,20.94,7809356,161124960.00
2010-08-03,20.92,22.50,20.60,21.99,8972561,192861392.00
2010-08-04,21.71,22.61,21.61,22.35,6209572,137707536.00
2010-08-05,22.35,22.79,21.95,22.76,5255342,118116440.00
2010-08-06,23.30,24.20,23.02,23.68,6502477,153885760.00
2010-08-09,23.70,24.95,23.61,24.67,5988761,145824496.00
2010-08-10,24.67,24.74,23.10,23.30,4815990,114694496.00
2010-08-11,23.20,23.96,23.01,23.91,4094885,96917120.00
2010-08-12,23.60,24.80,23.50,24.11,5211762,126526312.00
2010-08-13,24.20,26.33,24.20,25.99,9776722,249250016.00
2010-08-16,25.98,28.59,25.50,27.40,10385654,285405792.00
2010-08-17,27.50,29.24,27.23,28.76,6795221,191567808.00
2010-08-19,29.01,30.00,28.51,28.60,7727542,225978848.00
2010-08-20,28.60,28.94,27.40,28.30,5508828,156054464.00
2010-08-23,28.26,28.98,28.00,28.15,2554541,72460728.00
2010-08-24,28.20,28.47,27.66,27.99,4266334,119732448.00
2010-08-25,27.84,28.44,27.60,28.15,2978206,83424424.00
2010-08-26,28.18,29.92,27.84,29.80,5964006,173186176.00
2010-08-27,29.50,30.30,29.00,29.58,4848601,144676032.00
2010-08-30,29.33,29.99,29.10,29.80,3891267,115320936.00
2010-08-31,29.70,32.78,29.59,32.78,8094043,262142176.00
2010-09-01,33.47,35.13,32.40,35.03,8729513,293586880.00
2010-09-02,34.50,36.20,34.02,34.98,6368709,224751856.00
2010-09-03,34.48,34.85,32.75,34.00,5858388,197505248.00
2010-09-06,33.65,33.65,30.90,31.32,6634737,211686608.00
2010-09-07,31.72,32.47,31.25,32.32,4378303,140463056.00
2010-09-08,32.32,32.90,31.61,32.69,2715064,88408808.00
2010-09-09,32.38,32.75,31.50,31.75,3950926,126403784.00
2010-09-10,31.61,32.18,31.56,31.96,2045520,65367976.00
2010-09-13,31.86,33.88,31.80,33.28,2479428,82968448.00
2010-09-14,33.34,33.90,33.34,33.71,2055702,69312600.00
2010-09-15,33.80,33.80,32.40,32.70,1771111,58245688.00
2010-09-16,32.22,33.30,31.45,31.88,1233885,39435600.00
2010-09-17,32.00,32.41,31.70,32.00,1660189,53215100.00
2010-09-20,32.00,33.27,31.85,33.00,2310018,75077064.00
2010-09-21,33.00,34.27,32.60,33.70,2112501,71345880.00
2010-09-27,33.48,35.00,33.48,34.67,1954898,67205552.00
2010-09-28,34.77,35.77,34.50,35.75,2514854,88945864.00
2010-09-29,35.98,36.00,34.80,35.57,1873820,65894944.00
2010-09-30,35.21,39.13,35.02,38.60,3222761,119899752.00
2010-10-08,38.62,40.00,38.60,39.65,2517242,98748896.00
2010-10-11,39.56,41.00,38.81,39.71,2403602,96011776.00
2010-10-12,39.50,40.35,38.89,39.00,3234891,127675888.00
2010-10-13,38.94,38.94,37.14,38.40,2387142,90443568.00
2010-10-14,38.26,39.80,36.93,38.36,1699819,64629496.00
2010-10-15,38.00,38.00,36.79,36.80,2432592,90351800.00
2010-10-18,36.00,36.79,34.79,35.00,1992290,70237152.00
2010-10-19,34.61,37.00,34.61,36.68,2333430,84332880.00
2010-10-20,36.00,37.90,35.80,36.66,2607666,96661432.00
2010-10-21,37.23,37.75,36.03,37.30,1686100,62459284.00
2010-10-22,36.90,37.50,36.30,37.32,2006734,74086728.00
2010-10-25,37.60,38.00,36.89,37.58,2471277,92668584.00
2010-10-26,37.45,37.45,34.80,36.13,5443632,194850624.00
2010-10-27,36.04,38.48,35.50,37.13,5044962,187460864.00
2010-10-28,37.00,37.50,36.20,37.10,3140381,115660832.00
2010-10-29,37.15,37.95,36.48,37.51,3075358,114982992.00
2010-11-01,37.51,38.75,37.00,38.75,4434619,167788752.00
2010-11-02,38.74,40.25,38.51,38.92,3090422,121859384.00
2010-11-03,38.98,39.27,37.53,38.39,2507446,96138304.00
2010-11-04,38.50,38.50,37.00,38.11,1808956,68333016.00
2010-11-05,38.89,38.99,38.00,38.24,1699354,65288420.00
2010-11-09,42.00,42.06,40.94,42.06,4634497,193686032.00
2010-11-10,43.00,44.86,42.58,44.35,6563657,289106336.00
2010-11-11,43.80,44.30,42.66,43.32,2648881,115014040.00
2010-11-12,43.20,43.20,39.33,40.00,3326671,137343760.00
2010-11-15,40.05,42.00,39.00,41.24,2494063,101266344.00
2010-11-16,40.50,42.21,38.32,39.06,3214774,128724096.00
2010-11-17,37.80,38.08,35.15,35.36,3636057,132430528.00
2010-11-18,36.14,36.65,35.30,36.00,1945361,69960200.00
2010-11-19,36.00,39.10,35.80,37.60,3814695,141597040.00
2010-11-22,37.32,39.50,37.11,37.70,6645403,255346448.00
2010-11-23,37.88,38.26,35.31,35.72,6465516,236192992.00
2010-11-24,35.51,35.68,33.91,35.60,8062624,279025728.00
2010-11-25,35.54,35.88,34.88,35.47,3611192,127696464.00
2010-11-26,35.81,37.98,35.50,37.79,6655588,245603712.00
2010-11-29,37.99,38.38,36.42,38.29,3852595,144913904.00
2010-11-30,38.30,39.38,36.38,37.35,5124113,194660064.00
2010-12-01,37.35,37.61,36.60,37.20,1998499,73939696.00
2010-12-02,37.40,39.10,37.40,38.98,4864768,187916672.00
2010-12-03,39.18,39.25,37.81,38.67,2527522,97360208.00
2010-12-06,38.80,39.15,37.40,37.74,2429415,92605344.00
2010-12-07,37.45,37.98,36.50,37.83,2810605,104579400.00
2010-12-08,37.75,37.78,37.08,37.08,1716955,64200308.00
2010-12-09,37.25,37.32,35.33,36.10,2845446,102689152.00
2010-12-10,35.53,36.48,35.53,36.10,1001027,36090456.00
2010-12-13,36.18,37.90,36.18,37.52,2753638,102709952.00
2010-12-14,37.52,39.20,37.21,39.06,2746948,106011488.00
2010-12-15,39.00,39.78,38.65,38.94,2904338,113642728.00
2010-12-16,38.93,39.80,38.61,39.56,2189522,86260096.00
2010-12-17,39.48,40.20,39.19,39.70,1921811,76342248.00
2010-12-20,39.79,39.80,37.50,38.99,2939024,113464096.00
2010-12-21,38.88,38.89,37.81,38.13,2045492,78188584.00
2010-12-23,34.32,34.32,34.32,34.32,801800,27517776.00
2010-12-24,30.89,30.89,30.89,30.89,948300,29292988.00
2010-12-27,27.80,30.00,27.80,29.19,20692407,590936448.00
2010-12-28,27.80,28.00,26.42,26.53,9773729,265745168.00
2011-01-04,28.00,29.18,27.28,29.18,14118723,399874688.00
2011-01-05,28.60,28.70,27.85,28.37,8490508,240636416.00
2011-01-06,28.00,28.29,27.16,28.06,5576435,154079472.00
2011-01-07,27.98,28.95,27.71,28.20,6288529,178210976.00
2011-01-10,28.00,28.04,26.80,26.89,3931226,107696544.00
2011-01-11,26.50,26.67,25.11,25.66,5105258,130831232.00
2011-01-12,25.65,26.26,25.50,26.22,3436278,88771224.00
2011-01-13,26.61,26.77,25.70,25.76,2833061,73750432.00
2011-01-14,25.60,25.60,24.08,24.10,5367788,131951656.00
2011-01-17,23.80,23.80,22.10,22.77,8272265,187860400.00
2011-01-18,22.57,23.37,22.46,22.85,4687314,107321496.00
2011-01-19,22.75,23.35,22.70,23.12,5628161,129937536.00
2011-01-20,23.10,23.10,21.65,21.67,6201638,138268720.00
2011-01-21,21.39,22.15,21.22,21.45,4636671,100044440.00
2011-01-24,21.60,23.20,21.60,22.26,8401664,188780416.00
2011-01-25,21.90,22.60,21.17,22.60,4958289,107795632.00
2011-01-26,22.58,23.50,22.35,22.86,6124940,140640624.00
2011-01-27,22.88,23.97,22.51,23.61,6976436,162971552.00
2011-01-28,23.62,23.80,23.03,23.40,5116993,119460080.00
2011-02-01,23.66,23.79,23.08,23.11,4722246,110033992.00
2011-02-09,23.21,24.34,23.20,23.36,5243869,124231000.00
2011-02-10,23.30,24.32,23.13,24.27,6041070,144790080.00
2011-02-11,24.53,25.28,24.37,24.95,6279385,156215232.00
2011-02-14,24.95,25.27,24.40,25.13,6334178,157448176.00
2011-02-15,25.00,25.30,24.68,25.00,6261410,156424016.00
2011-02-16,24.76,25.21,24.43,25.15,5294066,131534080.00
2011-02-17,25.16,25.99,25.00,25.88,7016437,179160512.00
2011-02-18,25.96,26.17,25.30,25.54,5495827,141015344.00
2011-02-21,25.06,25.47,25.01,25.44,4752350,119848160.00
2011-02-22,25.43,25.45,24.25,24.53,6366223,157812352.00
2011-02-23,24.32,24.60,24.12,24.34,3581867,87084088.00
2011-02-24,24.20,24.80,24.10,24.49,3552075,86980320.00
2011-02-25,24.50,26.84,24.31,26.23,10212416,261075808.00
2011-02-28,26.20,26.48,25.42,26.13,6798578,176390496.00
2011-03-01,26.13,26.84,25.85,26.24,6417904,169028608.00
2011-03-02,26.02,26.19,25.30,25.76,4249363,109170792.00
2011-03-03,25.75,26.10,25.01,25.10,3728860,94971696.00
2011-03-04,25.15,25.53,24.92,25.38,2425440,61171860.00
2011-03-07,25.58,26.18,25.35,26.04,4214838,108810944.00
2011-03-08,26.05,26.17,25.58,25.74,3135266,80694176.00
2011-03-09,25.75,26.15,25.70,25.99,3908045,101390416.00
2011-03-10,25.90,25.90,24.98,25.14,5044208,127363416.00
2011-03-14,24.60,24.84,24.32,24.55,3992648,97681592.00
2011-03-15,24.50,24.50,23.02,23.58,4199670,99390840.00
2011-03-16,23.58,24.10,23.50,23.99,2690360,63988332.00
2011-03-17,23.77,23.77,22.81,23.00,4444848,103636224.00
2011-03-21,20.70,20.70,20.70,20.70,2751300,56951912.00
2011-03-22,18.90,22.55,18.90,22.27,24618488,504043072.00
2011-03-23,20.78,22.00,20.63,21.34,15472196,330129984.00
2011-03-24,21.20,21.45,20.55,20.87,7961619,167065568.00
2011-03-25,20.72,20.80,20.25,20.49,7521981,154303824.00
2011-03-28,20.58,20.90,20.09,20.17,7917356,160876336.00
2011-03-29,20.50,20.90,20.18,20.64,7637035,157014528.00
2011-03-30,20.46,20.48,19.81,19.93,5081388,101916736.00
2011-03-31,19.90,19.90,19.18,19.42,6286457,122093432.00
2011-04-01,19.35,19.67,19.07,19.61,3874839,75156048.00
2011-04-06,19.38,19.38,19.01,19.22,4565520,87371456.00
2011-04-07,19.18,19.58,19.00,19.33,4510119,87099624.00
2011-04-11,19.25,20.78,18.91,20.23,11697946,232207776.00
2011-04-12,19.97,20.28,19.60,20.22,5898698,117934040.00
2011-04-13,20.22,20.60,20.10,20.50,6129382,124906160.00
2011-04-14,20.53,21.25,20.20,21.01,8454584,176095664.00
2011-04-15,20.83,21.18,20.59,20.96,4942668,102979528.00
2011-04-18,20.90,20.99,20.23,20.54,4215853,86586072.00
2011-04-19,20.20,21.21,20.10,20.62,5334551,110205096.00
2011-04-20,20.50,20.89,20.32,20.50,3555311,73346424.00
2011-04-21,20.50,20.62,20.15,20.23,3852228,78297272.00
2011-04-22,20.24,20.24,19.64,19.65,4042158,80236600.00
2011-04-25,19.60,20.09,19.52,19.70,2868285,56836380.00
2011-04-26,19.61,19.77,19.22,19.25,2010582,39025112.00
2011-04-27,19.28,19.47,18.93,19.05,2010790,38583152.00
2011-04-28,19.05,19.15,17.81,17.91,5092448,92437168.00
2011-05-04,17.01,17.01,17.01,17.01,362700,6169527.00
2011-05-05,16.16,16.16,16.16,16.16,153100,2474096.00
2011-05-06,15.35,15.35,15.35,15.35,368800,5661080.00
2011-05-09,14.58,14.99,14.58,14.59,17018896,249105792.00
2011-05-10,14.66,14.86,14.37,14.74,10236971,149973744.00
2011-05-11,14.51,14.70,14.41,14.49,6897661,100327840.00
2011-05-12,14.29,14.34,13.77,13.83,9235858,129319432.00
2011-05-13,13.72,13.93,13.52,13.84,6890429,94451584.00
2011-05-16,13.67,13.71,13.15,13.15,10659789,142139664.00
2011-05-17,12.99,13.13,12.72,12.91,7806467,100911880.00
2011-05-18,12.75,12.97,12.69,12.80,5154717,66129188.00
2011-05-19,12.78,13.25,12.77,13.16,8867243,116511040.00
2011-05-20,13.03,13.17,12.71,12.78,5283592,68175384.00
2011-05-23,12.72,12.75,12.14,12.14,5057982,61737816.00
2011-05-24,11.76,12.13,11.53,11.95,8615805,100822352.00
2011-05-25,11.74,11.88,11.54,11.55,4965190,58062148.00
2011-05-26,11.68,11.81,11.37,11.38,4102450,47733316.00
2011-05-27,11.26,11.67,10.91,11.50,6800346,76819792.00
2011-05-30,11.35,11.93,11.22,11.75,6869327,80390512.00
2011-05-31,11.80,12.34,11.65,12.34,7313620,87973408.00
2011-06-01,12.50,12.96,12.35,12.66,9077675,115440928.00
2011-06-02,12.49,12.50,12.03,12.04,6835073,82856224.00
2011-06-03,11.85,12.22,11.85,12.08,3832201,46380180.00
2011-06-07,12.04,12.22,12.02,12.17,2750662,33395466.00
2011-06-08,12.16,12.16,11.79,12.05,3258933,38992408.00
2011-06-09,12.01,12.05,11.50,11.53,3516085,41326076.00
2011-06-10,11.48,11.57,11.16,11.41,3614967,40914284.00
2011-06-13,11.31,11.98,11.31,11.98,3639813,43012092.00
2011-06-14,12.56,12.58,12.44,12.58,1517627,19063008.00
2011-06-15,13.21,13.21,13.21,13.21,1529828,20209028.00
2011-06-22,13.27,13.40,12.56,12.62,8389381,107670056.00
2011-06-23,12.51,13.25,12.50,13.25,3000938,39200372.00
2011-06-24,13.88,13.88,13.33,13.45,11162709,151197856.00
2011-06-27,13.49,13.82,13.10,13.57,5933735,80006952.00
2011-06-28,13.58,13.77,13.36,13.49,4685721,63660904.00
2011-06-29,13.42,13.97,13.39,13.57,4257236,58422904.00
2011-06-30,13.53,13.65,13.39,13.61,3198367,43283740.00
2011-07-01,13.50,13.98,13.50,13.62,3195873,43938676.00
2011-07-04,13.87,13.95,13.58,13.90,5203836,71696000.00
2011-07-05,13.87,13.88,13.52,13.70,5722489,78273264.00
2011-07-06,13.57,13.70,13.49,13.58,3348289,45462872.00
2011-07-07,13.53,14.26,13.53,14.26,7564821,106257224.00
2011-07-08,14.28,14.93,14.10,14.84,10542593,154318128.00
2011-07-11,14.69,14.74,14.26,14.55,4983737,72348536.00
2011-07-12,14.55,15.28,14.31,15.28,9029163,136582128.00
2011-07-13,15.31,16.04,15.30,16.04,9198771,146021232.00
2011-07-14,16.35,16.84,16.35,16.84,5317987,88845952.00
2011-07-20,16.84,16.84,16.00,16.00,6736371,109174112.00
2011-07-21,15.48,15.59,15.20,15.20,2443437,37327972.00
2011-07-22,14.51,15.96,14.51,15.96,7956519,121885960.00
2011-07-25,16.06,16.70,15.50,16.08,11438649,185185792.00
2011-07-26,15.88,16.75,15.61,16.44,6666734,109081208.00
2011-07-27,16.50,16.50,15.98,16.29,5028710,81570072.00
2011-07-28,16.16,16.25,15.48,15.76,5381420,84945792.00
2011-07-29,15.72,15.76,15.26,15.30,2389872,36957952.00
2011-08-02,15.74,16.07,15.60,16.07,6275165,100490840.00
2011-08-03,16.25,16.85,16.01,16.01,6568063,107868448.00
2011-08-04,15.81,15.95,15.42,15.86,3885111,61104108.00
2011-08-05,15.50,15.69,15.10,15.10,3423015,52627720.00
2011-08-08,14.51,14.70,14.35,14.35,3044710,43855544.00
2011-08-09,13.63,14.86,13.63,14.36,5821725,82331208.00
2011-08-10,14.38,14.73,14.22,14.25,4042326,58525232.00
2011-08-11,13.75,14.35,13.74,14.24,3838617,53949988.00
2011-08-12,14.20,14.82,14.20,14.58,4024282,58620076.00
2011-08-15,14.58,15.30,14.58,15.23,4238994,63606748.00
2011-08-16,15.25,15.36,14.67,14.78,3649833,54458600.00
2011-08-17,14.78,14.90,14.47,14.71,2008524,29526570.00
2011-08-18,14.28,14.73,14.18,14.25,2993230,43148452.00
2011-08-19,13.86,14.09,13.72,13.94,2513743,34903408.00
2011-08-22,13.65,14.24,13.63,13.79,2233318,31214198.00
2011-08-23,13.79,14.08,13.69,14.03,1935043,26938876.00
2011-08-24,14.18,14.18,13.66,13.74,2048293,28526826.00
2011-08-25,13.77,14.07,13.76,14.04,2000724,27901626.00
2011-08-26,14.09,14.18,13.94,14.18,2031120,28519318.00
2011-08-29,14.08,14.66,14.05,14.37,2483997,35798496.00
2011-08-30,14.47,14.47,14.23,14.26,1973655,28309570.00
2011-08-31,14.36,14.97,14.16,14.97,2729417,40338356.00
2011-09-01,15.30,15.72,15.20,15.72,9671597,151476704.00
2011-09-02,16.05,16.05,15.21,15.25,6332620,98192176.00
2011-09-05,15.02,16.01,14.60,16.01,6073506,94358448.00
2011-09-08,15.32,16.56,15.32,15.74,6631190,106207296.00
2011-09-09,15.60,15.87,15.06,15.08,3417986,52468676.00
2011-09-13,15.22,15.83,14.80,15.56,5786508,90369912.00
2011-09-14,15.27,15.84,15.26,15.58,3576717,55486428.00
2011-09-16,15.59,16.30,15.59,15.93,4397782,70406520.00
2011-09-19,16.01,16.73,16.01,16.73,7385586,122660432.00
2011-09-20,16.80,17.57,16.73,17.57,5725174,99358472.00
2011-09-21,18.38,18.45,16.78,17.80,12607670,222627840.00
2011-09-22,17.40,17.90,16.91,16.91,7511624,130191872.00
2011-09-23,16.33,16.62,16.06,16.06,7412301,120466904.00
2011-09-26,16.10,16.62,15.86,16.09,4787529,78130296.00
2011-09-27,16.15,16.33,15.31,15.72,4539000,71237008.00
2011-09-28,15.76,15.92,15.16,15.32,2857687,44294516.00
2011-09-29,15.30,15.30,14.55,14.55,3229341,47590888.00
2011-09-30,14.11,14.62,13.86,14.12,2530248,35917904.00
2011-10-10,13.80,14.83,13.80,14.66,3128685,45696144.00
2011-10-11,14.78,14.89,14.02,14.30,2251193,32897108.00
2011-10-12,14.32,14.98,14.31,14.85,2658665,39136528.00
2011-10-13,14.82,15.54,14.71,15.31,3201925,48442868.00
2011-10-14,15.27,15.66,15.11,15.44,2442274,37600744.00
2011-10-17,15.34,15.35,14.83,14.90,3365703,50431852.00
2011-10-18,14.55,14.79,14.16,14.16,2650264,37989680.00
2011-10-19,14.16,14.28,14.01,14.26,1491043,21123330.00
2011-10-20,14.20,14.40,13.55,13.75,2112916,29512430.00
2011-10-21,13.75,13.75,13.06,13.08,2231787,29664800.00
2011-10-24,13.10,13.30,12.50,13.20,2215201,28729932.00
2011-10-25,13.30,13.45,13.00,13.39,2159611,28664694.00
2011-10-26,13.35,13.59,13.20,13.39,2433433,32616366.00
2011-10-28,13.38,13.90,13.38,13.73,2679397,36478308.00
2011-10-31,13.64,14.20,13.63,14.03,2830931,39658640.00
2011-11-01,14.02,14.44,13.81,14.20,2871551,40572404.00
2011-11-02,14.00,14.17,13.57,14.09,2659626,36931620.00
2011-11-03,14.10,14.32,13.96,14.17,2922500,41314268.00
2011-11-04,14.35,14.43,14.12,14.20,2449078,34864024.00
2011-11-07,14.13,14.21,13.88,13.92,2023497,28362390.00
2011-11-08,13.90,14.18,13.85,13.92,1510549,21162414.00
2011-11-09,13.92,14.08,13.59,13.92,1732170,23953984.00
2011-11-10,13.75,13.82,13.55,13.60,1897406,25950584.00
2011-11-11,13.59,13.86,13.40,13.74,1483439,20202954.00
2011-11-14,13.78,13.98,13.72,13.96,1941730,26976950.00
2011-11-15,13.93,14.66,13.88,14.66,4974674,71840336.00
2011-11-18,15.39,15.39,15.39,15.39,892056,13728742.00
2011-11-21,16.00,16.00,14.62,14.62,9755926,148258000.00
2011-11-22,13.98,14.23,13.89,14.05,5476424,76505176.00
2011-11-23,14.04,14.10,13.70,13.75,2677454,37227732.00
2011-11-24,13.50,13.69,13.09,13.66,3203890,42753728.00
2011-11-25,13.50,14.34,13.50,14.34,5769913,81702832.00
2011-11-28,14.40,14.78,13.99,14.55,4129796,59466924.00
2011-11-29,14.55,14.66,14.30,14.49,2523909,36509524.00
2011-11-30,14.55,15.18,14.40,14.70,5084484,75034336.00
2011-12-01,14.80,15.31,14.61,15.15,4280739,64096912.00
2011-12-02,15.00,15.33,14.39,14.41,3858830,57446416.00
2011-12-05,14.80,14.98,14.20,14.20,2665981,38737968.00
2011-12-06,13.76,14.00,13.49,13.49,3099746,42166724.00
2011-12-07,13.52,13.58,12.82,13.06,2924905,38262260.00
2011-12-08,13.05,13.05,12.46,12.80,2450182,30998522.00
2011-12-09,12.54,12.79,12.46,12.63,1299632,16398441.00
2011-12-12,12.64,12.69,12.00,12.02,2544634,31037582.00
2011-12-13,11.74,11.83,11.42,11.42,1957300,22478076.00
2011-12-14,10.85,11.17,10.85,10.85,2601683,28457114.00
2011-12-15,10.55,10.60,10.31,10.31,2109878,21791032.00
2011-12-16,10.10,10.83,10.08,10.72,2638470,27963764.00
2011-12-19,10.71,11.19,10.59,11.14,2571672,28270514.00
2011-12-20,11.16,11.30,11.01,11.07,1885216,20999892.00
2011-12-21,11.14,11.57,11.00,11.11,2229810,25106144.00
2011-12-22,10.90,11.27,10.69,11.05,1603402,17543870.00
2011-12-23,11.00,11.25,11.00,11.15,1005119,11179518.00
2011-12-26,11.48,11.48,11.16,11.22,898387,10123487.00
2011-12-27,10.95,11.25,10.78,10.78,917997,10099272.00
2011-12-28,10.78,11.00,10.55,10.76,1177273,12651365.00
2011-12-29,10.55,10.90,10.55,10.87,825008,8912148.00
2011-12-30,10.87,11.12,10.87,11.07,807880,8901810.00
2012-01-04,11.11,11.29,10.90,10.93,1121509,12432451.00
2012-01-05,10.81,11.13,10.72,10.88,882793,9677668.00
2012-01-06,10.55,11.12,10.55,11.12,851465,9261795.00
2012-01-09,11.36,11.68,11.23,11.68,1069180,12402563.00
2012-01-10,12.16,12.26,11.79,11.94,2531145,30410010.00
2012-01-11,11.88,12.24,11.80,12.02,1288930,15485144.00
2012-01-12,11.87,12.03,11.87,11.88,841031,10039929.00
2012-01-13,11.97,12.00,11.33,11.46,1023408,11861680.00
2012-01-16,11.36,11.55,11.14,11.17,647069,7316186.00
2012-01-17,11.17,11.73,11.09,11.73,1150931,13144842.00
2012-01-18,11.66,11.85,11.20,11.23,1016858,11767676.00
2012-01-20,11.42,11.58,11.20,11.44,926520,10513046.00
2012-01-30,11.55,11.77,11.33,11.45,787758,9098644.00
2012-01-31,11.46,11.84,11.40,11.82,1155467,13512859.00
2012-02-01,11.70,12.30,11.63,11.72,1518912,18139422.00
2012-02-02,11.13,11.50,11.13,11.40,8310871,93267832.00
2012-02-03,11.21,11.44,11.17,11.32,3710736,41927536.00
2012-02-06,11.35,11.89,11.35,11.89,4534758,52969816.00
2012-02-07,11.83,12.00,11.37,11.58,4222601,49340780.00
2012-02-08,11.42,11.78,11.21,11.72,3031504,35070264.00
2012-02-09,11.62,11.86,11.52,11.72,2841064,33274530.00
2012-02-10,11.72,12.24,11.67,11.91,3934012,47149952.00
2012-02-13,11.80,12.11,11.50,12.02,2998938,35684428.00
2012-02-14,11.99,12.30,11.89,12.21,3385247,41085156.00
2012-02-15,12.19,12.69,12.12,12.60,4010385,50113536.00
2012-02-16,12.61,12.61,12.00,12.20,5344755,65653628.00
2012-02-17,12.22,12.22,11.84,11.96,2919956,35024644.00
2012-02-20,12.07,12.28,11.96,12.06,2949425,35681848.00
2012-02-21,12.00,12.12,11.75,12.07,2403346,28667424.00
2012-02-22,12.04,12.25,11.93,12.19,2708827,32850890.00
2012-02-23,12.20,12.37,12.14,12.25,2482950,30426216.00
2012-02-24,12.23,12.32,12.07,12.29,3550254,43355108.00
2012-02-27,12.33,12.90,12.28,12.90,4173051,53316552.00
2012-02-28,13.14,13.38,12.66,12.91,6677681,86625912.00
2012-02-29,12.38,12.80,12.38,12.52,2899373,36441104.00
2012-03-01,12.44,13.10,12.43,12.72,3206268,41031988.00
2012-03-02,12.79,12.81,12.54,12.77,2204341,28026168.00
2012-03-05,12.90,12.99,12.68,12.71,2019207,25760970.00
2012-03-06,12.68,13.07,12.63,12.74,2774660,35563020.00
2012-03-07,12.47,12.70,12.47,12.49,2340513,29419444.00
2012-03-08,12.49,12.68,12.49,12.57,1692282,21282966.00
2012-03-09,12.58,12.76,12.28,12.61,2182118,27287600.00
2012-03-12,12.58,12.60,12.35,12.46,2427308,30245676.00
2012-03-13,12.45,12.90,12.41,12.69,3320629,41951760.00
2012-03-14,12.67,12.92,12.06,12.06,4579492,57321760.00
2012-03-19,11.96,12.45,11.94,12.19,2229115,27079180.00
2012-03-20,12.20,12.21,11.61,11.64,2278700,26857786.00
2012-03-21,11.61,11.71,11.24,11.39,2335374,26786558.00
2012-03-22,11.31,11.53,11.23,11.38,1245828,14172492.00
2012-03-23,11.36,11.55,11.13,11.39,1848234,21004056.00
2012-03-26,11.38,11.49,11.11,11.17,1511599,16982156.00
2012-03-27,11.20,11.36,11.15,11.17,957119,10748363.00
2012-03-28,11.15,11.15,10.61,10.61,2197044,23590058.00
2012-03-29,10.31,10.38,10.08,10.08,2470217,25172728.00
2012-04-06,10.58,10.58,10.36,10.58,3725834,39285192.00
2012-04-09,10.51,11.11,10.41,11.09,5374147,58316856.00
2012-04-10,11.14,11.25,10.66,10.97,3305724,36384008.00
2012-04-11,10.86,11.02,10.74,10.94,1981294,21606302.00
2012-04-12,10.82,11.19,10.82,11.00,2102570,23156146.00
2012-04-13,10.99,11.16,10.93,11.08,1667741,18454534.00
2012-04-16,10.98,11.13,10.90,11.06,1081086,11926842.00
2012-04-17,11.00,11.38,10.90,11.12,2187780,24449898.00
2012-04-18,11.03,11.15,10.78,11.10,2086512,22991422.00
2012-04-19,11.03,11.66,11.03,11.65,4181000,47752016.00
2012-04-20,11.60,11.62,11.40,11.61,2298347,26481394.00
2012-04-23,11.50,11.79,11.10,11.24,2575316,29467882.00
2012-04-24,11.10,11.35,10.68,10.80,2983956,32595018.00
2012-04-25,10.85,11.28,10.77,10.98,2130786,23377966.00
2012-04-26,11.53,11.53,11.34,11.53,1346024,15509544.00
2012-04-27,11.82,12.05,11.65,11.70,4493557,53336548.00
2012-05-02,11.24,11.91,11.24,11.75,2785090,32325766.00
2012-05-03,11.58,12.34,11.56,12.34,3726755,44843780.00
2012-05-04,12.34,12.96,12.20,12.90,5778785,73968552.00
2012-05-14,12.48,12.73,12.26,12.26,999400,12365614.00
2012-05-15,11.65,11.65,11.65,11.65,218500,2545525.00
2012-05-16,11.07,11.59,11.07,11.40,5052468,56532008.00
2012-05-17,11.19,11.47,11.15,11.32,2233147,25266230.00
2012-05-18,11.20,11.35,11.16,11.20,1350350,15171787.00
2012-05-21,11.20,11.23,10.64,10.97,2631210,28410718.00
2012-05-22,10.99,11.17,10.93,11.03,1371005,15163544.00
2012-05-23,11.27,11.27,11.00,11.07,912977,10122988.00
2012-05-25,11.18,11.49,11.09,11.17,2061152,23245484.00
2012-05-28,11.09,11.09,10.66,11.06,1261181,13741708.00
2012-05-29,11.07,11.61,11.06,11.54,3070895,35204744.00
2012-05-30,11.41,11.52,11.26,11.42,1617834,18438746.00
2012-05-31,11.26,11.58,11.25,11.38,1131515,12906091.00
2012-06-01,11.30,11.60,11.30,11.48,1459283,16726406.00
2012-06-04,11.25,11.40,10.91,11.05,1847488,20603622.00
2012-06-05,11.15,11.35,10.95,11.00,1503165,16686879.00
2012-06-06,11.10,11.16,10.94,11.01,872804,9621891.00
2012-06-07,11.09,11.30,11.02,11.04,1313838,14634545.00
2012-06-08,11.13,11.18,10.96,11.04,1077986,11906791.00
2012-06-11,11.04,11.21,10.97,11.17,1101718,12249852.00
2012-06-12,11.10,11.48,11.08,11.34,1644476,18605184.00
2012-06-13,11.34,11.69,11.32,11.63,1891117,21859400.00
2012-06-14,11.56,11.58,11.25,11.36,2234290,25350136.00
2012-06-15,11.40,11.43,11.23,11.31,886848,10021076.00
2012-06-18,11.35,11.50,11.25,11.45,1254120,14304743.00
2012-06-19,11.41,11.41,11.28,11.31,1069551,12121994.00
2012-06-20,11.32,11.36,11.20,11.30,983002,11057901.00
2012-06-21,11.27,11.33,11.09,11.29,869527,9711121.00
2012-06-25,11.22,11.22,10.93,10.95,892529,9891023.00
2012-06-26,10.80,11.02,10.70,11.02,901829,9773789.00
2012-06-27,11.05,11.09,10.93,11.01,589089,6482240.50
2012-06-28,11.01,11.15,10.80,10.86,984513,10760200.00
2012-07-02,10.92,11.15,10.90,11.03,1159052,12780775.00
2012-07-03,11.02,11.18,11.00,11.08,919765,10180423.00
2012-07-04,11.02,11.13,10.81,10.83,1260974,13727246.00
2012-07-05,10.82,10.82,10.30,10.40,1522774,15973170.00
2012-07-06,10.45,10.60,10.29,10.51,789171,8227571.00
2012-07-09,10.50,10.50,10.25,10.27,752359,7796848.50
2012-07-10,10.24,10.38,10.10,10.31,371205,3797904.50
2012-07-11,10.25,10.37,10.13,10.31,431071,4418181.00
2012-07-12,10.25,10.58,10.25,10.49,616441,6449551.00
2012-07-13,10.41,10.68,10.41,10.60,543336,5736838.50
2012-07-16,10.60,10.65,10.30,10.34,591542,6184703.50
2012-07-17,10.30,10.47,10.20,10.45,482202,4972754.50
2012-07-18,10.30,10.50,10.23,10.37,571085,5896520.50
2012-07-19,10.32,10.89,10.32,10.89,1195234,12919759.00
2012-07-20,11.05,11.10,10.73,11.08,1721924,18775270.00
2012-07-23,10.93,11.09,10.78,10.92,717665,7867127.00
2012-07-24,10.77,11.00,10.77,10.92,405288,4397420.50
2012-07-25,10.80,11.05,10.66,10.95,799523,8736727.00
2012-07-26,10.85,10.94,10.71,10.78,621368,6710048.00
2012-07-27,10.80,10.90,10.71,10.80,396616,4280063.00
2012-07-30,10.26,10.49,10.26,10.26,1197950,12304173.00
2012-07-31,9.76,9.98,9.75,9.75,901296,8795194.00
2012-08-01,9.26,10.08,9.26,9.80,4500850,42857000.00
2012-08-02,9.60,10.02,9.60,9.79,954979,9357067.00
2012-08-03,9.70,10.18,9.70,9.97,1089565,10867024.00
2012-08-06,9.90,10.09,9.87,10.07,629505,6299526.00
2012-08-07,10.10,10.35,10.10,10.20,662026,6764736.50
2012-08-08,10.13,10.29,10.01,10.21,668138,6763737.00
2012-08-09,10.12,10.22,9.98,10.13,658004,6639479.00
2012-08-10,10.18,10.24,10.03,10.18,658109,6648319.50
2012-08-13,10.20,10.39,10.08,10.10,666275,6823152.00
2012-08-14,10.03,10.20,10.03,10.19,526276,5312118.00
2012-08-15,10.19,10.32,9.91,9.99,544225,5507383.00
2012-08-16,9.99,10.07,9.85,9.98,540369,5377472.50
2012-08-17,9.95,9.98,9.84,9.97,312973,3102535.50
2012-08-20,9.89,9.98,9.60,9.90,548066,5379735.00
2012-08-21,9.80,10.12,9.80,10.00,968193,9640399.00
2012-08-22,9.98,10.28,9.95,10.15,1502699,15171843.00
2012-08-23,10.16,10.65,10.16,10.40,1131030,11761163.00
2012-08-24,10.35,10.41,10.00,10.10,711203,7213503.00
2012-08-27,10.06,10.26,9.84,10.01,758181,7645325.00
2012-08-28,9.99,10.29,9.95,10.11,451026,4575019.50
2012-08-29,10.02,10.29,10.02,10.09,504901,5139543.00
2012-08-30,10.07,10.40,9.85,10.09,624821,6340548.00
2012-08-31,10.10,10.12,9.88,10.00,568805,5667083.50
2012-09-03,10.01,10.08,9.92,10.01,585297,5860930.50
2012-09-04,10.05,10.05,9.95,9.98,511672,5115424.00
2012-09-05,9.98,10.09,9.95,10.00,562415,5628357.00
2012-09-06,9.95,10.08,9.90,9.96,503403,5019301.00
2012-09-07,10.06,10.25,10.02,10.20,1411461,14348639.00
2012-09-10,10.20,10.40,10.16,10.37,1089743,11158403.00
2012-09-11,10.35,10.35,10.23,10.29,476247,4894013.00
2012-09-12,10.29,10.37,10.20,10.26,660922,6786236.00
2012-09-13,10.22,10.50,10.22,10.26,1217100,12617970.00
2012-09-14,10.24,10.32,10.15,10.21,648570,6642951.50
2012-09-17,10.27,10.41,10.06,10.16,932483,9563455.00
2012-09-18,10.02,10.18,10.02,10.14,396518,4010985.75
2012-09-19,10.06,10.34,10.06,10.25,818421,8374236.00
2012-09-20,10.28,10.67,10.18,10.27,1162015,12116706.00
2012-09-21,10.21,10.35,10.01,10.09,1111000,11261884.00
2012-09-24,9.80,10.13,9.80,10.06,530570,5310217.00
2012-09-25,10.06,10.22,9.99,10.06,367219,3702881.25
2012-09-26,10.07,10.07,9.78,9.78,486055,4824090.00
2012-09-27,9.79,10.27,9.79,9.89,983199,9798964.00
2012-09-28,9.88,10.09,9.87,10.03,386863,3874256.25
2012-10-08,10.10,10.24,10.04,10.10,817952,8285652.50
2012-10-09,10.06,10.27,10.00,10.23,1293966,13148750.00
2012-10-10,10.21,10.49,10.17,10.45,971795,10057864.00
2012-10-11,10.45,10.67,10.34,10.35,1584163,16644602.00
2012-10-12,10.35,10.87,10.31,10.84,3218754,34800296.00
2012-10-15,10.69,11.24,10.62,10.86,1658440,18157026.00
2012-10-16,10.72,11.05,10.72,10.90,1167760,12772096.00
2012-10-17,10.83,10.95,10.70,10.82,783216,8457272.00
2012-10-18,10.82,11.07,10.71,10.90,837713,9121017.00
2012-10-19,10.89,11.10,10.77,10.99,753870,8272533.50
2012-10-22,10.90,11.20,10.85,11.08,928282,10250192.00
2012-10-23,11.15,11.63,11.15,11.63,1375437,15854612.00
2012-10-24,11.80,12.08,11.48,11.61,3433403,40150692.00
2012-10-25,11.55,11.76,11.24,11.26,1394686,16057475.00
2012-10-26,11.33,11.39,10.72,10.95,1075576,11888540.00
2012-10-29,10.89,11.50,10.89,11.20,2513043,28337938.00
2012-10-30,11.12,11.27,11.01,11.23,792959,8844138.00
2012-10-31,11.31,11.38,11.11,11.21,746362,8387947.00
2012-11-01,11.20,11.38,11.16,11.33,1078718,12197119.00
2012-11-02,11.13,11.48,11.13,11.35,1058456,11991892.00
2012-11-05,11.35,11.92,11.30,11.78,3125790,36800072.00
2012-11-06,11.79,11.95,11.44,11.79,1416362,16519179.00
2012-11-07,11.79,11.87,11.50,11.70,837073,9756322.00
2012-11-08,11.59,11.59,11.20,11.26,1324818,15086808.00
2012-11-09,11.21,11.47,11.20,11.26,966592,10974585.00
2012-11-12,11.26,11.82,11.26,11.52,1899282,22090698.00
2012-11-13,11.51,11.87,11.48,11.50,1516526,17659356.00
2012-11-14,11.55,11.58,11.12,11.31,1005306,11381909.00
2012-11-15,11.39,11.39,11.10,11.13,621922,6969344.00
2012-11-16,11.13,11.18,10.70,10.87,1280308,13941363.00
2012-11-19,10.75,11.18,10.75,11.11,830466,9136707.00
2012-11-20,11.05,11.15,10.81,10.87,905502,9892472.00
2012-11-21,10.87,10.95,10.55,10.87,1200007,12897080.00
2012-11-22,10.72,10.97,10.70,10.83,841930,9100036.00
2012-11-23,10.81,10.94,10.74,10.89,664336,7214374.00
2012-11-26,10.89,10.89,10.47,10.50,1004064,10648311.00
2012-11-27,10.37,10.52,10.01,10.04,1223967,12449231.00
2012-11-28,10.00,10.15,9.88,10.05,709956,7133454.00
2012-11-29,10.14,10.25,10.00,10.09,726554,7359315.00
2012-11-30,10.09,10.32,10.04,10.23,562481,5745644.50
2012-12-03,10.06,10.29,9.91,10.05,642901,6490319.00
2012-12-04,10.00,10.14,9.88,10.14,756826,7563457.50
2012-12-05,10.16,10.49,10.06,10.43,963787,9980836.00
2012-12-06,10.37,10.58,10.34,10.58,881101,9196985.00
2012-12-07,10.50,10.85,10.45,10.80,1111451,11849984.00
2012-12-10,10.79,10.96,10.58,10.86,1441114,15497152.00
2012-12-11,10.74,10.86,10.60,10.62,1053102,11294798.00
2012-12-12,10.62,11.15,10.52,11.12,1779210,19440398.00
2012-12-13,11.02,11.12,10.81,10.94,880855,9666277.00
2012-12-14,10.82,11.40,10.78,11.18,1615462,17971748.00
2012-12-17,11.11,11.27,10.95,11.16,1518333,16776817.00
2012-12-18,11.15,11.15,10.84,10.90,1813565,19872714.00
2012-12-19,10.85,10.88,10.68,10.77,929171,9996956.00
2012-12-20,10.83,10.94,10.73,10.93,780664,8461735.00
2012-12-21,11.03,11.31,10.93,11.00,1684888,18616920.00
2012-12-24,11.00,11.29,10.94,11.23,1770567,19780462.00
2012-12-25,11.25,11.42,11.14,11.30,2058926,23215008.00
2012-12-26,11.28,11.34,11.14,11.31,1764584,19830186.00
2012-12-27,11.32,11.88,11.24,11.60,3279249,38313172.00
2012-12-28,11.53,11.72,11.37,11.72,1879317,21643478.00
2012-12-31,11.71,12.31,11.69,12.20,2958260,35896616.00
2013-01-04,12.23,12.30,11.76,12.02,2797101,33513910.00
2013-01-07,11.95,12.07,11.81,12.03,1314633,15721777.00
2013-01-08,11.98,12.10,11.68,11.84,2285075,27042288.00
2013-01-09,11.77,12.07,11.70,11.96,2043921,24295940.00
2013-01-10,11.86,12.50,11.82,12.45,2923891,35512140.00
2013-01-11,12.38,12.59,11.83,11.99,2810772,34403908.00
2013-01-14,11.98,12.43,11.82,12.38,3318240,40327592.00
2013-01-15,12.27,12.81,12.20,12.60,3120275,39265384.00
2013-01-16,12.58,12.59,12.22,12.41,2392707,29650540.00
2013-01-17,12.31,12.50,12.21,12.22,1722273,21245394.00
2013-01-18,12.24,12.42,12.15,12.30,1728994,21184452.00
2013-01-21,12.33,12.42,12.20,12.31,1617457,19904518.00
2013-01-22,12.35,12.53,12.20,12.35,2349409,29083706.00
2013-01-23,12.35,12.37,12.01,12.10,1996550,24304804.00
2013-01-24,12.01,12.18,11.56,11.59,2959681,35250568.00
2013-01-25,11.48,12.12,11.48,11.95,1877849,22283272.00
2013-01-28,11.90,12.08,11.87,12.05,1436702,17177952.00
2013-01-29,12.05,12.45,11.88,12.27,2348450,28761628.00
2013-01-30,12.27,12.27,11.91,12.03,2227348,26851314.00
2013-01-31,11.94,12.10,11.85,12.06,1349154,16149415.00
2013-02-01,12.06,12.13,11.89,12.00,1173965,14083725.00
2013-02-04,12.05,12.05,11.69,11.71,1946532,23015194.00
2013-02-05,11.68,11.97,11.65,11.80,1010450,11940392.00
2013-02-06,11.87,12.16,11.76,12.09,1420143,17037322.00
2013-02-07,12.03,12.55,12.00,12.53,2975242,36696444.00
2013-02-18,13.16,13.16,13.02,13.16,2886323,37979976.00
2013-02-20,12.62,13.68,12.62,13.41,6181502,82092368.00
2013-02-21,13.40,13.75,13.10,13.58,3802600,51409676.00
2013-02-22,13.62,14.26,13.51,14.20,4195838,59140544.00
2013-02-25,14.10,14.38,13.68,14.06,4222383,59434020.00
2013-02-26,14.06,14.20,13.93,13.93,2446156,34385840.00
2013-02-27,14.12,14.19,13.33,13.57,2881861,39338484.00
2013-02-28,13.62,14.25,13.62,14.13,2983776,42135596.00
2013-03-01,14.13,14.76,14.01,14.56,2972616,43075208.00
2013-03-04,14.22,15.29,14.22,14.80,5104483,76256688.00
2013-03-05,14.96,15.49,14.96,15.28,3246571,49568724.00
2013-03-06,15.44,15.44,14.89,15.11,3114339,47013800.00
2013-03-07,15.13,15.55,14.95,15.39,2649264,40412256.00
2013-03-08,15.49,15.55,15.10,15.11,1948319,29785458.00
2013-03-11,14.99,15.20,14.82,14.99,1595258,23939244.00
2013-03-12,14.99,15.09,14.24,14.32,3256076,47322980.00
2013-03-13,14.30,14.38,14.11,14.32,1582712,22552144.00
2013-03-14,14.33,14.48,14.12,14.29,1022076,14648787.00
2013-03-15,14.26,14.67,14.01,14.38,1481945,21313840.00
2013-03-18,14.12,14.45,14.03,14.06,1007900,14289306.00
2013-03-19,14.05,14.17,13.36,13.36,2546073,34651684.00
2013-03-20,13.31,13.92,13.30,13.90,1425611,19504356.00
2013-03-21,13.90,14.60,13.80,14.59,2778725,39961400.00
2013-03-22,14.59,14.78,14.40,14.68,1561963,22730536.00
2013-03-25,14.60,15.38,14.60,15.27,2222337,33468060.00
2013-03-26,15.17,15.53,14.91,15.20,1968737,29864348.00
2013-03-27,15.55,15.93,15.22,15.30,2883824,44998512.00
2013-03-28,15.22,15.65,14.71,15.09,2307284,35069700.00
2013-03-29,15.09,15.35,14.91,15.26,1331624,20149122.00
2013-04-01,14.79,15.14,14.79,14.82,1418937,21198722.00
2013-04-02,14.82,15.16,14.62,14.80,1395305,20693996.00
2013-04-03,14.73,14.93,14.19,14.43,1578303,22823060.00
2013-04-08,15.15,15.15,14.72,14.83,3346709,50117172.00
2013-04-09,14.75,14.90,14.43,14.65,1602332,23425250.00
2013-04-10,14.66,15.36,14.56,15.36,2724096,41158076.00
2013-04-11,15.48,15.67,15.20,15.37,1548150,23819586.00
2013-04-12,15.31,15.44,15.09,15.10,1233510,18729694.00
2013-04-15,14.35,14.35,14.35,14.35,340800,4890480.00
2013-04-16,13.63,13.63,13.63,13.63,445400,6070802.00
2013-04-17,13.36,14.05,13.36,13.65,3504729,48149904.00
2013-04-18,13.55,13.83,13.33,13.60,1593010,21656976.00
2013-04-19,13.77,13.96,13.63,13.95,1698671,23492950.00
2013-04-22,13.93,13.93,13.53,13.56,1592142,21763422.00
2013-04-23,13.58,13.68,12.98,13.09,2208954,29370980.00
2013-04-25,13.18,13.56,12.53,12.71,2755791,35584216.00
2013-04-26,12.52,12.78,12.07,12.07,2474674,30410094.00
2013-05-02,12.06,12.67,12.06,12.67,2104819,26137574.00
2013-05-03,12.70,12.99,12.69,12.99,1612337,20732036.00
2013-05-06,12.98,13.12,12.68,13.05,1964788,25451812.00
2013-05-07,13.13,13.13,12.80,12.91,1037569,13381296.00
2013-05-08,12.91,13.46,12.83,13.30,1631488,21483772.00
2013-05-09,13.25,13.57,13.19,13.32,1637763,21882840.00
2013-05-10,13.30,13.68,13.19,13.58,1530713,20566276.00
2013-05-13,13.32,13.88,13.32,13.66,1534201,20914630.00
2013-05-14,13.55,13.62,13.20,13.44,751654,10078153.00
2013-05-15,13.45,13.54,13.29,13.45,620624,8313094.00
2013-05-16,13.34,13.38,13.00,13.18,2060090,27100248.00
2013-05-17,13.20,13.61,13.20,13.48,1247865,16799936.00
2013-05-20,13.48,13.73,13.28,13.50,1453264,19619974.00
2013-05-21,13.49,13.70,13.24,13.69,1946418,26266952.00
2013-05-22,13.69,14.37,13.55,14.35,3731499,53025724.00
2013-05-23,14.30,14.57,14.19,14.36,1640554,23557208.00
2013-05-24,14.35,15.08,14.24,15.08,3624830,54243172.00
2013-05-27,15.33,15.55,14.86,15.07,2517959,38087540.00
2013-05-28,15.02,15.38,15.01,15.33,1385699,21006782.00
2013-05-29,15.25,15.38,15.00,15.26,1441090,21815604.00
2013-05-30,15.05,16.02,15.05,15.85,2933559,46432248.00
2013-05-31,15.93,16.56,15.85,15.96,2357191,38154264.00
2013-06-03,16.17,16.76,16.06,16.70,4205013,69708520.00
2013-06-04,16.70,16.99,16.00,16.58,2358219,39141048.00
2013-06-05,16.70,17.12,16.42,16.98,1706538,28719126.00
2013-06-06,16.81,17.09,16.16,16.41,2491291,41034796.00
2013-06-07,16.64,16.64,16.15,16.33,1580652,25828814.00
2013-06-13,16.05,16.08,15.55,15.65,3286341,51670488.00
2013-06-14,15.87,16.43,15.86,16.43,1736345,28145558.00
2013-06-17,16.51,16.95,16.51,16.91,1574469,26421476.00
2013-06-18,17.06,17.08,16.60,16.93,970556,16338183.00
2013-06-19,16.71,16.90,16.46,16.71,1063674,17720136.00
2013-06-20,16.65,17.13,16.51,16.85,2099948,35453344.00
2013-06-21,16.55,17.30,16.55,17.30,2486095,42237364.00
2013-06-24,17.30,17.99,16.44,16.44,3193611,54101320.00
2013-06-25,15.90,16.33,15.62,16.00,3887726,61356584.00
2013-06-26,16.00,16.30,15.82,16.22,1168559,18783968.00
2013-06-27,16.30,16.38,15.41,15.41,2018459,31793356.00
2013-06-28,15.01,15.30,14.77,15.05,2656219,39794444.00
2013-07-01,15.05,15.75,14.91,15.48,1152855,17542608.00
2013-07-02,15.48,16.25,15.25,16.25,1393735,21980606.00
2013-07-03,16.28,16.50,16.09,16.40,1193486,19478550.00
2013-07-04,16.32,16.77,16.16,16.42,772712,12657318.00
2013-07-05,16.44,16.58,16.24,16.24,610851,9973876.00
2013-07-08,16.00,16.00,15.43,15.46,1518310,23655812.00
2013-07-09,15.22,15.70,15.16,15.40,773960,11910423.00
2013-07-10,15.40,16.00,15.30,15.94,856853,13362133.00
2013-07-11,16.08,16.16,15.83,16.09,1248531,20003058.00
2013-07-12,15.98,16.05,15.55,15.63,880239,13980427.00
2013-07-15,15.66,16.24,15.65,16.12,1389490,22239256.00
2013-07-16,16.12,16.20,15.88,16.12,1061215,17012414.00
2013-07-17,16.05,16.27,15.75,15.86,1189968,18996634.00
2013-07-18,15.82,15.94,15.46,15.83,1313926,20657318.00
2013-07-19,15.90,15.98,15.06,15.15,1511536,23159304.00
2013-07-22,15.13,15.20,14.44,14.68,1493740,22141370.00
2013-07-23,14.96,14.96,14.68,14.74,1219032,17993704.00
2013-07-24,14.76,15.25,14.54,15.16,1507300,22282496.00
2013-07-25,15.16,15.16,14.61,14.65,1009718,14912680.00
2013-07-26,14.61,14.66,14.11,14.36,1124308,16126172.00
2013-07-29,14.20,14.30,14.05,14.11,811181,11453677.00
2013-07-30,14.15,14.31,13.74,13.90,989815,13779311.00
2013-07-31,14.00,14.15,13.91,13.97,850389,11939463.00
2013-08-01,13.85,14.39,13.85,14.35,1003483,14197943.00
2013-08-02,14.32,14.64,14.30,14.37,962333,13958490.00
2013-08-05,14.38,14.50,14.25,14.27,950728,13633757.00
2013-11-15,14.98,14.98,14.98,14.98,25762,385914.75
2013-11-18,15.73,15.73,15.73,15.73,27769,436806.38
2013-11-19,16.52,16.52,16.52,16.52,43211,713845.75
2013-11-20,17.35,17.35,16.40,16.49,9282248,157339072.00
2013-11-21,16.63,16.63,15.87,16.23,3711967,59931896.00
2013-11-22,15.66,16.10,15.66,16.00,1667799,26577634.00
2013-11-25,15.85,16.15,15.82,15.82,1305070,20828474.00
2013-11-26,15.82,15.86,15.31,15.69,1256993,19570092.00
2013-11-27,15.63,15.98,15.53,15.74,974635,15344302.00
2013-11-28,15.85,16.19,15.83,15.85,1654695,26404080.00
2013-11-29,15.90,16.02,15.79,16.00,1104002,17583884.00
2013-12-02,15.40,15.85,15.20,15.20,1995753,30576642.00
2013-12-03,14.90,15.60,14.85,15.46,1057976,16095532.00
2013-12-04,15.51,15.83,15.44,15.44,695416,10854860.00
2013-12-05,15.36,15.58,15.30,15.33,633108,9743958.00
2013-12-06,15.35,16.10,15.34,15.95,1756011,28029252.00
2013-12-09,15.73,16.00,15.68,15.88,704901,11186647.00
2013-12-10,15.79,15.99,15.68,15.73,529162,8340384.00
2013-12-11,15.46,15.81,15.46,15.53,463265,7248063.50
2013-12-12,15.60,15.70,15.41,15.57,676798,10560583.00
2013-12-13,15.45,15.68,15.28,15.39,514600,7943472.50
2013-12-16,15.55,15.74,15.35,15.45,522370,8084684.50
2013-12-17,15.37,16.06,15.35,15.66,738140,11615128.00
2013-12-18,15.87,16.23,15.81,16.20,1202345,19303022.00
2013-12-19,16.34,16.34,15.75,15.76,707367,11297133.00
2013-12-20,15.71,15.85,15.58,15.71,584176,9152834.00
2013-12-23,15.53,15.80,15.45,15.65,509178,7966216.00
2013-12-24,15.57,15.89,15.56,15.63,544226,8527111.00
2013-12-25,15.78,16.10,15.69,15.86,715910,11331892.00
2013-12-26,15.77,15.95,15.68,15.78,299348,4725806.00
2013-12-27,15.76,15.88,15.68,15.76,457929,7223873.50
2013-12-30,15.81,16.27,15.79,16.07,924996,14817262.00
2013-12-31,15.96,16.57,15.91,16.48,1215058,19770026.00
2014-01-02,16.58,16.88,16.47,16.58,1202255,20072810.00
2014-01-03,16.55,16.60,16.39,16.40,700843,11536343.00
2014-01-06,16.28,16.37,16.07,16.22,942125,15225814.00
2014-01-07,16.17,16.35,16.13,16.30,561872,9142073.00
2014-01-08,16.25,16.45,16.23,16.30,615711,10051783.00
2014-01-09,16.25,16.35,15.85,15.90,955712,15393768.00
2014-01-10,16.16,16.16,15.69,15.76,527731,8363870.00
2014-01-13,15.95,15.95,15.45,15.69,623619,9735294.00
2014-01-14,15.53,15.90,15.53,15.79,416237,6561425.00
2014-01-15,15.89,15.89,15.60,15.81,598806,9406173.00
2014-01-16,15.80,15.83,15.61,15.80,384787,6052790.50
2014-01-17,15.80,16.11,15.61,15.94,446625,7106591.00
2014-01-20,15.94,16.08,15.75,15.80,361832,5732163.50
2014-01-21,15.77,15.90,15.75,15.88,319351,5048671.50
2014-01-22,15.90,16.20,15.80,16.15,787360,12656252.00
2014-01-23,16.15,16.23,16.06,16.16,433649,6988829.00
2014-01-24,16.13,16.44,16.13,16.35,656040,10712094.00
2014-01-27,16.39,16.43,16.07,16.23,763767,12416056.00
2014-01-28,16.24,16.32,16.03,16.24,396757,6422989.50
2014-01-29,16.41,16.65,16.16,16.20,1251910,20349102.00
2014-01-30,16.18,16.34,16.17,16.20,720022,11691542.00
2014-02-07,16.19,16.25,16.01,16.21,550717,8888748.00
2014-02-10,16.21,16.38,16.09,16.26,1768895,28688966.00
2014-02-11,16.29,16.39,16.13,16.26,1442930,23446442.00
2014-02-12,16.26,16.40,16.23,16.33,2009749,32764442.00
2014-02-13,16.36,17.15,16.36,17.15,3713848,62442316.00
2014-02-14,17.60,17.63,16.93,17.29,3294782,56677736.00
2014-02-17,17.16,17.57,17.14,17.28,2951310,51152052.00
2014-02-18,17.35,17.48,16.64,17.27,3099140,52520816.00
2014-02-19,17.30,17.34,16.95,17.13,2312078,39765936.00
2014-02-20,17.15,17.38,16.77,17.26,2356104,40327056.00
2014-02-21,17.23,18.12,17.01,17.93,3978462,70906952.00
2014-02-24,17.80,18.20,17.62,17.80,3826601,68490984.00
2014-02-25,17.80,17.97,16.91,16.91,4248050,73394984.00
2014-02-26,16.66,16.66,16.06,16.39,3057349,49848256.00
2014-02-27,16.39,16.56,15.57,15.61,3246701,51997408.00
2014-02-28,15.51,16.06,15.40,15.98,1584593,25092992.00
2014-03-03,15.98,16.78,15.98,16.62,2963895,48837756.00
2014-03-05,16.98,18.20,16.63,17.23,6411571,111300912.00
2014-03-06,17.05,17.27,15.89,16.44,3189697,52502616.00
2014-03-07,16.22,16.50,15.90,15.94,2657879,42905612.00
2014-03-10,15.80,16.47,15.50,16.39,3225517,51235548.00
2014-03-11,16.29,16.50,15.96,16.26,1670929,27133470.00
2014-03-12,16.26,16.45,15.67,15.92,1737048,28012700.00
2014-03-21,16.10,16.78,16.00,16.19,4010392,66017952.00
2014-03-24,15.76,16.00,15.09,15.25,3855833,59208876.00
2014-03-25,15.27,15.47,15.09,15.21,1819487,27738216.00
2014-03-26,15.22,15.42,15.22,15.31,1679439,25737502.00
2014-03-27,15.31,15.35,15.11,15.13,1263176,19216862.00
2014-03-28,15.19,15.30,14.70,14.76,1449854,21678382.00
2014-03-31,14.78,14.80,14.30,14.57,1086202,15777422.00
2014-04-01,14.39,14.75,14.39,14.70,658655,9632899.00
2014-04-02,14.74,14.74,14.61,14.65,700723,10284386.00
2014-04-03,14.69,15.20,14.59,15.02,1260026,18854718.00
2014-04-04,15.19,15.19,14.96,15.06,545941,8224567.00
2014-04-08,15.17,15.17,14.90,15.16,712513,10719706.00
2014-04-09,15.26,15.29,15.10,15.16,846669,12866908.00
2014-04-10,15.17,15.25,15.12,15.18,655634,9955076.00
2014-04-11,15.19,15.25,14.88,14.93,936505,14034689.00
2014-04-14,14.85,14.95,14.80,14.84,949294,14130526.00
2014-04-15,15.03,15.09,14.75,14.76,760195,11274567.00
2014-04-16,14.75,14.89,14.65,14.87,693088,10257774.00
2014-04-17,14.87,15.87,14.86,15.77,1959977,29903258.00
2014-04-18,15.71,16.94,15.18,16.27,5428143,87558768.00
2014-04-21,16.00,16.13,15.50,15.70,2030005,32010616.00
2014-04-22,15.54,15.87,15.50,15.50,1033715,16173952.00
2014-04-23,15.58,15.72,15.35,15.39,1002220,15527235.00
2014-04-24,15.40,15.64,15.28,15.30,738144,11392017.00
2014-04-25,15.38,15.39,14.93,15.03,948866,14355988.00
2014-04-28,15.03,15.29,13.95,14.00,1873194,26881772.00
2014-04-29,14.13,14.37,14.00,14.37,475938,6786015.00
2014-04-30,14.39,14.68,14.25,14.65,391865,5685626.00
2014-05-05,14.65,15.00,14.52,14.84,634283,9406454.00
2014-05-06,14.85,15.10,14.75,14.85,457268,6828514.50
2014-05-07,14.86,14.86,14.29,14.37,558819,8135782.00
2014-05-08,14.39,14.66,14.30,14.42,377057,5444009.00
2014-05-09,14.42,14.50,14.20,14.37,371480,5312952.50
2014-05-12,14.39,14.71,14.35,14.71,776750,11273543.00
2014-05-13,14.80,15.07,14.70,14.73,750199,11122858.00
2014-05-14,14.56,14.76,14.55,14.64,325315,4759845.00
2014-05-15,14.60,14.76,14.17,14.20,790747,11414343.00
2014-05-16,14.02,14.31,13.71,13.80,920973,12859169.00
2014-05-19,13.84,13.85,13.31,13.57,932230,12563781.00
2014-05-20,13.75,13.79,13.49,13.50,701292,9540027.00
2014-05-21,13.38,13.67,13.36,13.63,395847,5367145.50
2014-05-22,13.63,13.94,13.60,13.60,598537,8267284.00
2014-05-23,13.60,13.79,13.60,13.73,336234,4602443.00
2014-05-26,13.69,13.93,13.69,13.79,491014,6753381.50
2014-05-27,13.79,13.82,13.52,13.59,604458,8265392.50
2014-05-28,13.64,14.74,13.30,14.67,2167297,30247972.00
2014-05-29,14.65,15.00,14.30,14.34,3256335,47793268.00
2014-05-30,14.06,14.35,13.87,13.91,1463777,20489168.00
2014-06-03,13.96,14.10,13.81,13.90,750619,10469525.00
2014-06-04,14.00,14.00,13.58,13.68,903678,12367070.00
2014-06-05,13.67,13.78,13.60,13.73,529064,7249721.50
2014-06-06,13.64,13.78,13.39,13.45,1446923,19534856.00
2014-06-09,13.16,13.39,13.08,13.24,1144958,15138475.00
2014-06-10,13.30,13.36,13.00,13.29,1226920,16172909.00
2014-06-11,13.29,13.58,13.20,13.48,1057594,14218630.00
2014-06-12,13.36,13.37,13.15,13.28,847009,11248742.00
2014-06-13,13.32,13.57,13.28,13.50,789578,10574158.00
2014-06-16,13.59,13.64,13.36,13.59,1275817,17241560.00
2014-06-17,13.53,13.55,13.30,13.31,1059428,14166202.00
2014-06-18,13.31,13.46,13.10,13.23,721120,9607117.00
2014-06-19,13.26,13.33,12.53,12.76,1124824,14649241.00
2014-06-20,12.65,12.87,12.56,12.75,1311096,16626998.00
2014-06-23,12.72,12.96,12.66,12.80,726581,9335882.00
2014-06-24,12.84,13.00,12.77,12.81,667602,8585628.00
2014-06-25,12.85,13.00,12.77,12.91,469298,6049499.00
2014-06-26,12.91,13.14,12.89,13.02,925530,12065497.00
2014-06-27,13.01,13.12,12.95,13.00,1034911,13481194.00
2014-06-30,13.00,13.03,12.88,12.95,1317002,17037780.00
2014-07-01,12.95,13.19,12.91,13.13,1291637,16889822.00
2014-07-02,13.08,13.17,13.00,13.10,841496,11018363.00
2014-07-03,13.10,13.38,13.07,13.23,1296673,17169956.00
2014-07-04,13.20,13.44,13.20,13.30,782368,10406780.00
2014-07-07,13.36,13.36,13.10,13.20,869363,11462745.00
2014-07-08,13.19,13.34,13.11,13.33,1046106,13853938.00
2014-07-09,13.33,13.37,13.16,13.16,852639,11294048.00
2014-07-10,13.30,13.64,13.20,13.53,1931953,26110822.00
2014-07-11,13.45,13.57,13.42,13.49,1169674,15785920.00
2014-07-14,13.50,13.85,13.45,13.73,1141859,15590795.00
2014-07-15,13.70,13.77,13.62,13.70,1128868,15443311.00
2014-07-16,13.70,14.23,13.65,14.10,1650560,23034486.00
2014-07-17,14.03,14.18,13.80,13.95,1499399,20926078.00
2014-07-18,13.85,14.06,13.85,14.02,1027072,14367897.00
2014-07-21,14.02,14.02,13.77,13.92,779138,10811918.00
2014-07-22,13.90,14.10,13.82,13.99,887378,12408432.00
2014-07-23,13.99,14.00,13.86,13.92,1092302,15190895.00
2014-07-24,13.92,14.08,13.92,13.96,1059031,14823194.00
2014-07-25,13.95,14.28,13.95,14.17,806783,11384628.00
2014-07-28,14.18,14.90,14.18,14.67,2199425,32049260.00
2014-07-29,14.67,14.72,14.50,14.65,1050762,15366320.00
2014-07-30,14.65,14.70,14.54,14.60,970179,14163405.00
2014-07-31,14.65,14.91,14.61,14.82,1158702,17098408.00
2014-08-01,14.85,15.28,14.67,14.68,1144275,16974434.00
2014-08-04,14.67,15.15,14.67,14.95,1929561,28944062.00
2014-08-05,15.00,15.59,14.89,15.45,4873283,74660024.00
2014-08-06,15.45,15.55,15.10,15.31,2031194,30956874.00
2014-08-07,15.24,15.35,15.09,15.25,2218683,33755692.00
2014-08-08,15.30,15.65,15.25,15.58,3326127,51399800.00
2014-08-11,15.75,16.00,15.42,15.61,1723519,26941688.00
2014-08-12,15.65,15.75,15.48,15.55,1870353,29170616.00
2014-08-13,15.59,15.65,15.18,15.35,2052528,31444894.00
2014-08-14,15.28,15.53,15.27,15.37,1157239,17808572.00
2014-08-15,15.37,15.45,15.32,15.45,1174803,18092544.00
2014-08-18,15.45,15.50,15.35,15.44,1382986,21305602.00
2014-08-19,15.44,15.69,15.40,15.62,1565891,24288704.00
2014-08-20,15.60,16.56,15.55,16.38,4639971,73753528.00
2014-08-21,16.30,16.30,15.68,15.88,5489576,87962944.00
2014-08-22,15.88,15.89,15.68,15.72,1641617,25825554.00
2014-08-25,15.75,15.90,15.68,15.74,1971381,31023154.00
2014-08-26,15.72,15.88,15.21,15.44,2706360,42073120.00
2014-08-27,15.40,15.64,15.40,15.62,1664628,25893234.00
2014-08-28,15.63,16.04,15.58,15.95,4858327,77151336.00
2014-08-29,16.00,16.00,15.69,15.77,1317503,20770312.00
2014-09-01,15.77,15.82,15.69,15.80,1817674,28646758.00
2014-09-02,15.77,15.88,15.76,15.81,3012918,47656192.00
2014-09-03,15.80,15.88,15.73,15.81,2516445,39810640.00
2014-09-04,15.78,15.95,15.77,15.81,2443166,38724504.00
2014-09-05,15.80,15.88,15.76,15.80,1968381,31109344.00
2014-09-09,15.85,16.01,15.80,15.99,2857968,45510288.00
2014-09-10,16.00,16.10,15.84,15.90,2488443,39581016.00
2014-09-11,15.89,15.96,15.73,15.95,2641850,41957228.00
2014-09-12,15.95,16.17,15.80,16.15,4948625,79392480.00
2014-09-15,16.30,17.47,16.29,17.13,10923167,184248048.00
2014-09-16,17.00,17.00,16.27,16.34,5646549,93913296.00
2014-09-17,16.30,16.62,15.97,16.51,3623907,59178328.00
2014-09-18,16.52,16.59,16.30,16.44,1871320,30704178.00
2014-09-19,16.44,16.48,16.14,16.36,2106191,34405616.00
2014-09-22,16.25,16.26,15.94,15.96,2247897,36050124.00
2014-09-23,15.97,16.11,15.84,16.04,2187080,34948188.00
2014-09-24,15.97,16.25,15.96,16.15,2984262,48066336.00
2014-09-25,16.15,16.30,16.00,16.00,2712641,43656512.00
2014-09-26,15.98,16.09,15.87,16.04,1718132,27463492.00
2014-09-29,16.08,16.38,16.04,16.26,3059400,49593856.00
2014-09-30,16.26,16.36,16.16,16.30,2278172,37017504.00
2014-10-08,16.36,16.59,16.36,16.59,4030532,66516308.00
2014-10-09,16.62,17.15,16.60,16.79,5043571,85115848.00
2014-10-10,16.75,16.82,16.53,16.79,3819140,63504916.00
2014-10-13,16.74,16.74,16.40,16.58,2271048,37596420.00
2014-10-14,16.21,16.25,15.60,15.81,8608067,136423808.00
2014-10-15,15.70,15.79,15.54,15.75,3707817,58109840.00
2014-10-16,15.67,15.77,15.59,15.68,2840599,44568540.00
2014-10-17,15.66,15.66,14.88,15.17,4359110,66020676.00
2014-10-20,15.05,15.53,15.05,15.43,2337990,35844412.00
2014-10-21,15.40,15.59,15.31,15.51,1784690,27652128.00
2014-10-22,15.50,15.57,15.13,15.15,2169200,33152032.00
2014-10-23,15.15,15.25,14.84,14.95,2105633,31638446.00
2014-10-24,14.85,15.32,14.85,15.19,1392943,21077622.00
2014-10-27,15.31,15.50,15.08,15.39,1587498,24225080.00
2014-10-28,15.42,15.84,15.42,15.72,3608362,56697004.00
2014-10-29,15.70,15.80,15.61,15.76,1668289,26247506.00
2014-10-30,15.72,15.82,15.63,15.65,1816899,28556532.00
2014-10-31,15.60,15.89,15.57,15.87,2125234,33446884.00
2014-11-03,15.89,16.36,15.76,16.25,4613852,74742008.00
2014-11-04,16.21,16.38,16.01,16.12,2115652,34138908.00
2014-11-05,16.12,16.33,16.03,16.32,2327827,37786068.00
2014-11-06,16.35,16.35,16.03,16.20,1468081,23734998.00
2014-11-07,16.21,16.26,16.08,16.12,1905440,30762576.00
2014-11-10,16.10,16.56,16.10,16.40,3973368,65129412.00
2014-11-11,16.46,16.90,15.91,16.50,5802800,95317400.00
2014-11-12,16.45,16.70,16.30,16.61,3323468,54910588.00
2014-11-13,16.54,16.95,16.54,16.67,4611396,77339264.00
2014-11-14,16.60,16.90,16.55,16.74,2729753,45729144.00
2014-11-17,16.79,16.79,16.43,16.60,2003589,33249548.00
2014-11-18,16.50,16.90,16.50,16.89,2487922,41779772.00
2014-11-19,16.89,17.14,16.80,16.96,2151041,36533292.00
2014-11-20,16.88,16.95,16.67,16.74,1641239,27503294.00
2014-11-21,16.69,16.74,16.61,16.69,1688394,28145274.00
2014-11-24,16.78,16.86,16.60,16.69,2002198,33436978.00
2014-11-25,16.69,16.75,16.60,16.70,1844275,30768688.00
2014-11-26,16.70,16.75,16.32,16.40,3428527,56513352.00
2014-11-27,16.41,16.58,16.35,16.43,2828185,46442044.00
2014-11-28,16.44,16.75,16.40,16.72,3280031,54545080.00
2014-12-01,16.66,16.77,16.31,16.60,2384424,39361648.00
2014-12-02,16.60,17.18,16.49,17.00,4078348,69091432.00
2014-12-03,17.02,17.04,16.70,16.90,2866783,48316848.00
2014-12-04,16.95,17.12,16.86,16.92,3088114,52450864.00
2014-12-05,16.95,16.95,16.00,16.04,5867029,95849432.00
2014-12-08,16.00,16.30,15.90,16.09,4007798,64646996.00
2014-12-09,16.10,16.25,15.90,15.92,3221489,51725728.00
2014-12-10,15.92,17.41,15.92,17.37,10956992,185474608.00
2014-12-11,17.44,18.12,17.08,17.18,9589767,168756880.00
2014-12-12,17.10,17.17,16.75,17.14,3961766,67004948.00
2014-12-15,17.03,17.36,16.85,17.29,3530854,60590824.00
2014-12-16,17.39,18.10,17.35,17.78,7977035,142235536.00
2014-12-17,17.65,17.65,16.99,17.17,4707185,80963240.00
2014-12-18,17.17,17.31,16.95,16.99,3487832,59662260.00
2014-12-19,16.97,17.08,16.40,16.49,3926991,65561428.00
2014-12-22,16.50,17.00,15.91,16.70,4146635,68421720.00
2014-12-23,16.50,16.80,16.36,16.58,1309945,21767674.00
2014-12-24,16.60,16.95,16.56,16.89,2194115,36815856.00
2014-12-25,16.99,17.30,16.85,17.08,2297207,39351776.00
2014-12-26,17.00,17.59,17.00,17.30,3177841,55122696.00
2014-12-29,17.25,17.83,16.90,17.73,4567036,79827656.00
2014-12-30,17.74,17.90,17.20,17.23,2184835,38038944.00
2014-12-31,17.23,18.00,17.16,17.68,3868509,68737184.00
2015-01-05,17.66,18.41,17.32,18.30,8165682,147994560.00
2015-01-06,18.20,18.44,17.96,18.40,4526750,82184920.00
2015-01-07,18.50,18.64,18.02,18.10,2836220,51824492.00
2015-01-08,17.99,18.25,17.75,18.16,2971338,53294572.00
2015-01-09,18.15,18.26,17.82,17.82,1511911,27285388.00
2015-01-12,17.51,18.09,17.51,17.98,1860390,33221514.00
2015-01-13,17.98,18.24,17.80,17.97,973523,17540026.00
2015-01-14,17.88,17.94,17.46,17.50,1609050,28371806.00
2015-01-15,17.40,17.78,17.38,17.51,935088,16411736.00
2015-01-16,17.60,17.79,17.45,17.51,1237304,21710338.00
2015-01-19,17.30,17.54,16.74,17.05,1898761,32600160.00
2015-01-20,17.05,17.34,16.87,17.26,2054310,35246820.00
2015-01-21,17.27,18.65,17.27,17.91,3965251,70805696.00
2015-01-22,18.00,18.20,17.70,18.09,2860465,51326376.00
2015-01-23,18.05,18.15,17.65,17.71,2638200,47048576.00
2015-01-26,17.71,18.14,17.61,18.10,2320577,41672196.00
2015-01-27,18.10,18.15,17.63,17.98,1986113,35523348.00
2015-01-28,17.98,18.00,17.78,17.92,1098343,19623234.00
2015-01-29,17.74,17.92,17.60,17.65,1213188,21502972.00
2015-01-30,17.80,17.97,17.63,17.93,1464191,26124724.00
2015-02-02,17.97,18.62,17.68,18.32,4559936,83507408.00
2015-02-03,18.33,18.58,17.90,18.23,3299685,59993796.00
2015-02-04,18.08,18.21,17.84,17.85,2313352,41563724.00
2015-02-05,17.87,18.20,17.68,17.74,1810878,32330790.00
2015-02-06,17.69,17.88,17.40,17.43,1479000,26072828.00
2015-02-09,17.68,17.72,17.40,17.58,1782703,31414600.00
2015-02-10,17.77,17.77,17.55,17.70,1083223,19121636.00
2015-02-11,17.70,17.77,17.30,17.38,1259376,22034488.00
2015-02-12,17.41,17.69,17.30,17.69,1806002,31492984.00
2015-02-13,17.70,18.00,17.65,17.77,1483476,26415602.00
2015-02-16,17.75,17.99,17.70,17.85,2098030,37395524.00
2015-02-17,17.85,18.09,17.82,17.96,1847962,33170870.00
2015-02-25,17.95,18.29,17.90,18.21,2012176,36529588.00
2015-02-26,18.17,18.23,17.93,18.10,1498266,27080238.00
2015-02-27,18.10,18.37,18.08,18.20,1594112,29024994.00
2015-03-02,18.50,19.48,18.30,18.96,6730828,127439000.00
2015-03-03,18.97,19.33,18.80,19.17,5582123,106460168.00
2015-03-04,19.30,19.30,18.90,18.99,3122998,59360376.00
2015-03-05,19.15,19.19,18.77,18.89,2412839,45719848.00
2015-03-06,18.89,19.09,18.52,18.61,2088845,39122472.00
2015-03-09,18.62,19.18,18.45,19.01,2306137,43552732.00
2015-03-10,18.95,19.14,18.82,19.01,2751429,52362392.00
2015-03-11,19.11,19.17,18.87,18.88,1875401,35565784.00
2015-03-12,18.89,19.50,18.75,19.39,3707288,71085504.00
2015-03-13,19.70,19.78,19.13,19.37,3466647,67417352.00
2015-03-16,19.39,19.80,19.30,19.64,3921542,76659992.00
2015-03-17,19.64,20.30,19.45,19.88,5959665,118267112.00
2015-03-18,19.90,20.19,19.70,20.03,3981063,79386024.00
2015-03-19,19.98,19.98,19.60,19.63,3861192,76165040.00
2015-03-20,19.65,20.29,19.65,20.03,3661798,73054840.00
2015-03-23,20.05,20.80,19.83,20.80,13211662,270279264.00
2015-03-24,20.82,20.83,19.91,20.50,7389227,150651264.00
2015-03-25,20.48,20.48,19.59,19.98,7461459,149042464.00
2015-03-26,19.89,20.22,19.60,19.96,4444356,88302784.00
2015-03-27,19.95,20.38,19.80,20.27,3947372,79461136.00
2015-03-30,20.09,21.17,20.09,20.72,9881859,205061344.00
2015-03-31,20.70,21.00,20.21,20.55,5169670,106178952.00
2015-04-01,20.56,21.14,20.35,20.94,5418685,112399112.00
2015-04-02,21.17,22.07,20.82,21.68,9089934,195643008.00
2015-04-03,21.65,22.45,21.39,22.42,7571748,165966256.00
2015-04-07,22.38,24.00,22.08,23.60,9616453,221424416.00
2015-04-08,23.61,24.05,22.51,23.00,9151387,214278240.00
2015-04-09,22.90,23.01,21.26,22.01,6916790,152525840.00
2015-04-10,22.03,22.80,22.03,22.43,5017403,112474288.00
2015-04-13,22.43,22.86,22.23,22.64,6331519,143347664.00
2015-04-14,22.60,23.46,22.28,22.91,7523119,171848416.00
2015-04-15,22.93,24.50,22.77,23.73,11613867,277963712.00
2015-04-16,23.69,26.00,23.28,24.96,10814582,268903008.00
2015-04-17,24.90,25.46,24.30,24.73,7565332,187365680.00
2015-04-20,25.10,26.05,25.02,25.40,11279252,289745440.00
2015-04-21,25.55,26.68,25.00,26.60,6966000,180606608.00
2015-04-22,26.90,28.50,26.62,27.31,8603100,237646304.00
2015-04-23,27.15,28.00,26.51,27.40,6864466,186739200.00
2015-04-24,26.92,28.49,26.50,27.73,7168790,197588592.00
2015-04-27,27.77,28.30,27.47,27.66,5216191,144568960.00
2015-04-28,27.47,27.88,25.62,26.00,5882267,155646176.00
2015-04-29,26.11,26.70,25.00,26.63,4548613,118891632.00
2015-04-30,27.01,27.04,26.00,26.11,5175394,136406832.00
2015-05-04,26.15,26.57,25.53,25.80,2641794,68502576.00
2015-05-05,25.84,26.00,24.78,24.96,3374421,85267624.00
2015-05-06,25.17,25.97,24.00,24.07,3612313,91084000.00
2015-05-07,24.10,24.15,22.58,22.68,5560937,128740336.00
2015-05-08,22.76,24.95,22.76,24.95,6370586,151267520.00
2015-05-11,25.42,26.78,25.20,26.40,8190202,213712176.00
2015-05-12,26.19,26.88,25.88,26.16,5464492,143244960.00
2015-05-13,26.00,26.66,25.45,26.14,4819649,125255168.00
2015-05-14,26.14,26.24,25.10,25.67,5520403,141299664.00
2015-05-15,25.70,25.94,24.65,24.78,4094335,102501088.00
2015-05-18,24.70,25.63,24.11,25.15,4404964,110443312.00
2015-05-19,25.14,25.70,24.86,25.69,4024199,102126152.00
2015-05-20,25.79,27.01,25.55,26.34,7179408,190268608.00
2015-05-21,26.49,26.90,26.03,26.58,8681244,229541280.00
2015-05-22,27.00,28.17,26.62,27.47,9748307,267110944.00
2015-05-25,27.17,28.50,26.66,28.30,10969315,304001152.00
2015-05-26,28.37,30.10,27.82,29.20,8773411,253773376.00
2015-05-27,29.02,30.33,28.03,30.08,8077812,235191248.00
2015-05-28,29.99,30.07,27.07,27.07,11057162,318766336.00
2015-07-17,24.36,24.36,24.36,24.36,478100,11646516.00
2015-07-20,21.92,23.82,21.92,23.48,45669043,1021141696.00
2015-07-21,22.00,22.35,21.13,21.13,30673874,659921536.00
2015-07-22,20.50,21.78,20.00,21.44,19663034,417610912.00
2015-07-23,21.38,21.88,20.90,21.66,18320280,391384896.00
2015-07-24,21.43,22.49,21.03,21.43,18896481,409335200.00
2015-07-27,21.00,21.79,19.29,19.29,14415000,300750528.00
2015-07-28,17.45,18.67,17.36,17.36,13420170,236565632.00
2015-07-29,17.70,18.36,16.68,18.36,11463007,200924160.00
2015-07-30,18.00,20.03,17.68,19.00,17968301,333883264.00
2015-07-31,18.35,18.80,17.22,17.51,8819790,159913552.00
2015-08-03,17.19,17.19,15.76,15.76,10290998,167422624.00
2015-08-04,15.94,16.99,15.78,16.85,9203616,151222704.00
2015-08-05,16.65,17.26,16.33,16.40,8732575,146828480.00
2015-08-06,15.95,16.60,15.80,16.40,5568515,90750688.00
2015-08-07,16.53,17.15,16.53,17.08,9190837,155378688.00
2015-08-10,17.31,18.20,17.01,18.05,12329341,217134048.00
2015-08-11,17.90,18.85,17.82,18.34,11909881,217912688.00
2015-08-12,18.00,18.31,17.60,17.65,7471010,134368784.00
2015-08-13,17.51,18.27,17.33,18.20,6868176,122307208.00
2015-08-14,18.76,19.98,18.75,19.85,17613972,339813984.00
2015-08-17,19.47,20.61,19.20,20.22,15689994,312941504.00
2015-08-18,20.60,20.60,18.20,18.20,14223290,275619680.00
2015-08-19,17.60,19.06,16.52,18.82,8971694,161474992.00
2015-08-20,18.51,19.09,18.11,18.30,6305970,117350264.00
2015-08-21,18.05,18.10,16.47,16.47,9090612,154984640.00
2015-08-24,15.48,15.82,14.82,14.82,6410968,95879432.00
2015-08-25,13.40,14.00,13.34,13.34,6915002,92755640.00
2015-08-26,13.50,13.88,12.37,12.90,10736864,142409984.00
2015-08-27,13.40,14.01,13.13,14.01,8290591,112179528.00
2015-08-28,14.90,15.27,14.22,15.15,9104384,133961584.00
2015-08-31,14.73,14.80,13.93,13.94,6683464,95747128.00
2015-09-01,13.66,13.80,12.65,12.78,5200576,68453600.00
2015-09-02,11.87,13.20,11.72,11.99,4891095,60170220.00
2015-09-07,12.11,12.70,12.11,12.37,3708857,46409944.00
2015-09-08,12.34,13.28,12.21,13.10,5963364,75449024.00
2015-09-09,13.23,13.88,13.08,13.70,6305399,85606160.00
2015-09-10,13.45,14.04,13.40,13.79,5096476,69956272.00
2015-09-11,13.70,14.08,13.65,13.90,4418750,61272288.00
2015-09-14,14.16,14.50,12.51,12.51,7125945,94940888.00
2015-09-15,12.10,12.55,11.50,11.59,4411630,52935488.00
2015-09-16,11.85,12.75,11.80,12.72,7277780,89759960.00
2015-09-17,12.71,13.60,12.40,12.72,7946041,103898136.00
2015-09-22,13.40,13.40,13.40,13.40,0,0.00
数据来源:通达信
