002618 丹邦科技 日线 前复权
      日期	    开盘	    最高	    最低	    收盘	    成交量	    成交额
2011-09-20,16.62,18.33,16.37,17.45,29014251,498309952.00
2011-09-21,16.85,18.73,16.53,17.76,21554319,380941024.00
2011-09-22,17.25,17.80,16.92,16.92,13734235,240159552.00
2011-09-23,16.30,16.30,15.56,16.17,8935867,143970656.00
2011-09-26,16.01,17.80,16.01,16.76,10970205,187795120.00
2011-09-27,17.43,17.60,16.75,17.19,11161415,193281600.00
2011-09-28,17.10,17.40,15.85,15.93,9847773,165080368.00
2011-09-29,15.55,15.55,14.65,14.80,6666096,101009104.00
2011-09-30,14.95,15.14,14.17,14.31,3663910,53787376.00
2011-10-10,14.52,14.82,14.21,14.49,3669390,53749636.00
2011-10-11,14.95,15.19,14.35,14.54,4548164,68119128.00
2011-10-12,14.35,15.12,13.80,15.01,5156355,76252496.00
2011-10-13,15.00,15.42,14.78,15.38,5952812,91093320.00
2011-10-14,15.25,15.27,14.70,14.92,3704756,55960488.00
2011-10-17,14.95,16.43,14.73,16.43,9728779,154952096.00
2011-10-18,16.35,17.23,16.19,16.61,13378625,225151680.00
2011-10-19,16.62,16.63,15.81,16.25,8196123,133841456.00
2011-10-20,16.05,16.05,15.35,15.73,5319926,83852312.00
2011-10-21,15.75,16.19,15.55,15.96,7241386,116580920.00
2011-10-24,15.40,15.82,14.35,15.55,7706883,115355168.00
2011-10-25,15.15,17.04,15.05,16.48,10039006,164811632.00
2011-10-26,16.22,17.35,16.06,17.04,11275018,190637984.00
2011-10-27,17.13,17.54,16.68,17.18,9433322,162368128.00
2011-10-28,17.36,17.67,16.88,17.66,9727869,169602832.00
2011-10-31,17.68,18.34,17.25,17.75,9387092,168357264.00
2011-11-01,17.35,17.55,16.87,17.20,6882997,119541040.00
2011-11-02,17.05,18.94,16.94,18.94,12693193,230936512.00
2011-11-03,19.42,20.14,18.51,18.55,17531769,342570080.00
2011-11-04,18.61,19.33,18.25,18.68,7741328,146825696.00
2011-11-07,18.33,18.85,17.85,18.34,4137998,76917328.00
2011-11-08,18.43,19.12,18.26,18.52,5817877,109710464.00
2011-11-09,18.51,18.75,17.65,18.73,6470716,119015968.00
2011-11-10,18.34,18.94,18.15,18.38,5411373,101029016.00
2011-11-11,18.44,18.73,17.70,17.83,3968139,72896432.00
2011-11-14,18.01,18.73,17.91,18.73,5581289,103410568.00
2011-11-15,18.62,18.95,18.53,18.81,4430154,83594064.00
2011-11-16,18.73,18.73,17.75,17.89,4475057,81997768.00
2011-11-17,17.86,18.08,17.35,17.47,3670847,65507576.00
2011-11-21,17.10,17.27,16.79,17.15,3174816,54537820.00
2011-11-22,17.05,17.33,16.68,17.08,1991668,34280880.00
2011-11-23,16.95,17.34,16.65,16.65,2158319,36961532.00
2011-11-24,16.35,16.54,15.85,16.23,2647395,43360464.00
2011-11-25,16.20,16.38,15.85,15.87,1838701,29897030.00
2011-11-28,15.88,16.05,15.60,16.01,1627416,26052624.00
2011-11-29,16.20,16.44,16.01,16.35,1631622,26766554.00
2011-11-30,16.37,16.37,14.86,14.95,2735039,42611884.00
2011-12-01,15.49,15.70,15.11,15.11,2420094,37581936.00
2011-12-02,15.05,15.15,14.55,14.57,1599332,23778686.00
2011-12-05,14.45,15.45,13.98,15.21,3543777,53412764.00
2011-12-06,15.01,15.56,14.90,15.36,3122540,48432588.00
2011-12-07,15.42,15.54,15.05,15.48,1954101,30184064.00
2011-12-08,15.42,15.64,14.85,15.21,2213311,34090228.00
2011-12-09,14.87,15.63,14.87,15.21,1707778,26387618.00
2011-12-12,15.05,15.35,14.49,14.50,1609153,24142178.00
2011-12-13,14.35,14.75,14.15,14.60,1838700,26932438.00
2011-12-14,14.57,14.85,14.20,14.27,1497808,22098812.00
2011-12-15,13.85,13.98,13.26,13.26,2271997,31170708.00
2011-12-16,13.35,13.78,13.01,13.75,1967485,26576598.00
2011-12-19,13.63,13.94,13.27,13.91,2117695,29150034.00
2011-12-20,13.95,14.03,13.23,13.30,4751498,65423232.00
2011-12-21,13.43,13.53,12.86,12.92,3530360,47275980.00
2011-12-22,12.65,12.71,11.94,12.42,2401865,29959226.00
2011-12-23,12.36,12.73,12.29,12.45,1623100,20533862.00
2011-12-26,12.50,12.60,12.11,12.11,1367259,17131450.00
2011-12-27,11.96,12.03,11.35,11.35,1505194,17840060.00
2011-12-28,11.36,11.66,11.07,11.65,1657954,19152076.00
2011-12-29,11.47,11.84,11.44,11.55,1545984,18268042.00
2011-12-30,11.67,11.81,11.53,11.76,1641045,19444978.00
2012-01-04,11.85,11.93,10.95,11.00,2018952,23422134.00
2012-01-06,10.30,10.85,10.13,10.71,2265864,23907678.00
2012-01-09,10.71,11.16,10.40,11.15,2380893,26324550.00
2012-01-10,11.06,11.67,11.05,11.54,3221002,37111044.00
2012-01-11,11.52,11.81,11.41,11.52,2467635,28998542.00
2012-01-12,11.45,11.70,11.35,11.60,2622215,30601622.00
2012-01-13,11.60,11.63,10.67,10.71,2483636,27957564.00
2012-01-16,10.51,10.65,9.93,9.97,1540626,16023689.00
2012-01-17,9.95,10.71,9.94,10.67,2093036,22033120.00
2012-01-18,10.59,11.01,10.33,10.34,2473998,26853370.00
2012-01-19,10.24,10.70,10.05,10.54,1652403,17511988.00
2012-01-20,10.55,10.85,10.54,10.71,1549018,16827840.00
2012-01-30,10.71,10.97,10.55,10.68,1601602,17450700.00
2012-01-31,10.60,10.70,10.31,10.49,1254299,13281576.00
2012-02-01,10.49,10.77,10.37,10.53,1378056,14797609.00
2012-02-02,10.64,10.87,10.56,10.86,1735476,18913204.00
2012-02-03,10.81,11.42,10.79,11.31,4758793,53879252.00
2012-02-06,11.30,12.22,11.30,11.85,6203523,73801952.00
2012-02-07,11.74,11.97,11.49,11.58,3347088,39666224.00
2012-02-08,11.65,12.30,11.52,12.21,4516173,55040272.00
2012-02-09,12.07,12.52,11.98,12.04,3854234,47597248.00
2012-02-10,12.03,12.28,11.94,12.14,2452872,30049094.00
2012-02-13,12.03,12.44,11.83,12.25,2803463,34603428.00
2012-02-14,12.23,12.37,12.04,12.25,2223810,27443012.00
2012-02-15,12.25,12.50,12.07,12.40,2740124,34188728.00
2012-02-16,12.40,12.71,12.02,12.29,2907943,36322812.00
2012-02-17,12.26,12.40,11.97,12.10,2074878,25458620.00
2012-02-20,12.30,12.37,12.10,12.11,2149909,26659938.00
2012-02-21,12.05,12.45,11.91,12.40,3274369,40357776.00
2012-02-22,12.35,13.05,12.30,13.00,5603611,71955784.00
2012-02-23,13.15,13.58,12.86,13.08,6017127,80334576.00
2012-02-24,13.03,13.20,12.93,13.06,3000007,39618680.00
2012-02-27,13.07,13.53,13.05,13.09,3535114,47220408.00
2012-02-28,12.98,13.65,12.90,13.57,5041195,68050056.00
2012-02-29,13.42,13.55,13.07,13.12,3123562,41776244.00
2012-03-01,13.10,13.50,12.96,13.28,2355109,31680292.00
2012-03-02,13.21,13.54,13.21,13.49,2672876,36209032.00
2012-03-05,13.52,13.83,13.43,13.63,3541013,48853648.00
2012-03-06,13.53,13.60,13.09,13.20,2874399,38531012.00
2012-03-07,12.93,13.39,12.93,13.06,2215974,29499484.00
2012-03-08,13.10,13.29,13.07,13.15,1935650,25788394.00
2012-03-09,13.20,13.60,13.14,13.55,3732294,50546412.00
2012-03-12,13.65,13.71,13.46,13.70,3203085,44048844.00
2012-03-13,13.71,13.95,13.60,13.90,3853424,53739324.00
2012-03-14,14.00,14.07,13.25,13.93,7153318,99676104.00
2012-03-15,13.82,15.18,13.51,14.63,11576234,168182272.00
2012-03-16,14.35,15.30,14.30,15.15,8781505,130838616.00
2012-03-19,15.04,16.62,14.68,15.97,8651396,134967424.00
2012-03-20,15.75,16.35,15.43,15.97,7144623,114106432.00
2012-03-21,15.95,17.34,15.51,17.04,12300481,206188208.00
2012-03-22,16.85,17.22,16.38,16.66,8659736,146527824.00
2012-03-23,16.56,16.76,15.76,16.75,8218588,135018720.00
2012-03-26,16.65,17.05,15.17,15.76,8739925,144390400.00
2012-03-27,15.76,16.34,15.45,16.04,7574815,122028912.00
2012-03-28,16.04,16.35,15.10,15.54,7051055,113230232.00
2012-03-29,15.36,15.45,13.97,15.06,5710080,84236352.00
2012-03-30,14.90,15.65,14.37,14.86,5202758,80001944.00
2012-04-05,14.74,15.80,14.55,15.58,4470521,68707000.00
2012-04-06,15.46,16.18,15.40,15.92,4432328,70753792.00
2012-04-09,15.87,16.95,15.56,16.32,7234390,119444632.00
2012-04-10,15.85,16.80,15.31,16.73,6848605,110464856.00
2012-04-11,16.45,17.32,16.24,17.08,9833781,168815152.00
2012-04-12,17.27,17.83,16.75,17.03,9016892,156923104.00
2012-04-13,17.02,18.32,16.88,17.85,11096269,198557760.00
2012-04-16,17.73,18.18,17.25,17.52,6637087,118086320.00
2012-04-17,17.72,17.94,16.71,17.35,7271348,127471264.00
2012-04-18,17.35,17.58,16.72,16.73,7860940,135460496.00
2012-04-19,16.55,16.79,15.65,15.72,8947803,144547264.00
2012-04-20,15.74,15.97,15.73,15.94,5169781,82690104.00
2012-04-23,15.85,15.89,14.45,15.06,4974545,76428816.00
2012-04-24,15.03,15.46,14.50,15.42,3669643,56331244.00
2012-04-25,15.25,15.42,14.82,15.13,4073452,61841444.00
2012-04-26,15.13,15.13,14.55,14.72,2731514,40961020.00
2012-04-27,14.65,14.65,13.97,14.55,2918884,42308228.00
2012-05-02,14.75,14.99,14.55,14.80,2528746,37887616.00
2012-05-04,14.87,15.95,14.87,15.81,5479229,85978184.00
2012-05-07,15.75,15.96,15.55,15.71,3029028,48144692.00
2012-05-08,15.63,15.77,15.35,15.50,2622319,41199760.00
2012-05-09,15.37,15.50,14.70,14.70,2985826,45108460.00
2012-05-10,14.61,14.83,14.36,14.54,2076530,30535188.00
2012-05-11,14.54,14.85,14.47,14.48,1335475,19791526.00
2012-05-14,14.55,14.75,14.45,14.46,1329846,19609536.00
2012-05-15,14.45,14.45,13.85,14.11,1757037,24939708.00
2012-05-16,14.07,14.07,13.40,13.50,1995104,27687092.00
2012-05-17,13.51,13.72,13.26,13.60,1363244,18690030.00
2012-05-18,13.45,13.65,13.31,13.48,1018388,13917851.00
2012-05-21,13.48,14.01,13.48,13.76,1902763,26552890.00
2012-05-22,13.77,14.01,13.63,13.80,1385318,19265164.00
2012-05-23,13.74,13.74,13.23,13.25,1884714,25646292.00
2012-05-24,13.15,13.35,13.03,13.04,1003846,13370363.00
2012-05-25,12.97,13.15,12.86,12.90,935656,12302838.00
2012-05-28,12.86,13.04,12.35,13.02,1415331,18142560.00
2012-05-29,13.02,13.33,12.88,13.32,1659832,22058490.00
2012-05-30,13.29,13.31,13.08,13.21,1099120,14671192.00
2012-05-31,13.23,14.51,13.22,14.02,4132541,58398260.00
2012-06-01,13.76,14.02,13.62,13.74,1887211,26365838.00
2012-06-04,13.35,13.43,12.60,12.74,2008508,26442736.00
2012-06-05,12.74,12.99,12.61,12.81,1019206,13191181.00
2012-06-07,12.96,13.11,12.56,12.56,1069382,13902690.00
2012-06-08,12.75,12.80,12.38,12.43,880543,11220628.00
2012-06-11,12.44,12.83,12.25,12.75,1232493,15823053.00
2012-06-12,12.73,12.82,12.62,12.76,597989,7705290.00
2012-06-13,12.80,13.15,12.73,13.13,1092555,14347026.00
2012-06-14,13.21,13.24,12.90,12.90,874101,11584649.00
2012-06-15,13.00,13.25,12.92,13.13,1276495,16897470.00
2012-06-18,13.18,13.38,13.18,13.31,1009453,13571105.00
2012-06-19,13.34,13.41,13.18,13.22,840071,11215289.00
2012-06-20,13.11,13.35,13.01,13.02,583392,7746791.00
2012-06-21,13.00,13.09,12.59,12.66,694760,8976928.00
2012-06-25,12.66,12.87,12.39,12.48,852449,10809062.00
2012-06-26,12.39,12.59,12.31,12.37,819982,10302259.00
2012-06-27,12.39,12.69,12.35,12.41,829930,10487536.00
2012-06-28,12.55,12.57,11.97,11.97,735201,9081545.00
2012-06-29,11.97,12.18,11.79,12.13,487240,5906176.50
2012-07-02,12.22,12.49,12.11,12.46,1335822,16492523.00
2012-07-03,12.34,12.58,12.31,12.37,936256,11746334.00
2012-07-04,12.44,12.44,12.16,12.27,618052,7624554.50
2012-07-05,12.24,12.24,11.71,11.78,805796,9684853.00
2012-07-06,11.94,12.07,11.69,12.04,510977,6132539.00
2012-07-09,11.98,12.05,11.28,11.28,934972,10925205.00
2012-07-10,11.19,11.40,10.97,11.04,603152,6749593.00
2012-07-11,10.98,11.09,10.84,11.08,414144,4603847.00
2012-07-12,11.04,11.37,10.91,11.26,684609,7760189.00
2012-07-13,11.19,11.37,11.06,11.06,1030889,11708059.00
2012-07-16,11.06,11.07,10.03,10.13,1300014,13678834.00
2012-07-17,10.06,10.36,9.99,10.30,486392,5021418.50
2012-07-18,10.33,10.78,10.29,10.74,1389851,14915745.00
2012-07-19,10.68,10.95,10.54,10.79,998973,10901416.00
2012-07-20,10.83,10.83,10.49,10.61,660532,7084661.00
2012-07-23,10.50,10.68,10.42,10.51,389832,4150271.25
2012-07-24,10.45,10.94,10.36,10.81,860151,9354225.00
2012-07-25,10.78,11.34,10.72,11.05,1517810,17035524.00
2012-07-26,11.07,11.18,10.89,10.92,706935,7846152.50
2012-07-27,10.84,11.06,10.80,10.90,465064,5132834.00
2012-07-30,10.89,11.04,10.40,10.43,553340,5941008.00
2012-07-31,10.32,10.55,10.27,10.47,414870,4372579.00
2012-08-01,10.57,10.74,10.41,10.63,496600,5332630.00
2012-08-02,10.66,10.66,10.42,10.46,379699,4034666.50
2012-08-03,10.42,10.89,10.41,10.89,675630,7283489.50
2012-08-06,10.78,11.99,10.78,11.65,2592800,30422530.00
2012-08-07,11.59,11.76,11.41,11.71,1130681,13261601.00
2012-08-08,11.76,11.76,11.36,11.58,1036171,12050625.00
2012-08-09,11.58,11.76,11.41,11.73,1002408,11825999.00
2012-08-10,11.64,12.03,11.62,11.89,1389792,16669244.00
2012-08-13,11.86,12.06,11.49,11.51,1074210,12762066.00
2012-08-14,11.47,11.63,11.20,11.59,890897,10266204.00
2012-08-15,11.59,11.62,11.34,11.57,451984,5249519.00
2012-08-16,11.49,11.55,11.16,11.18,567501,6508662.50
2012-08-17,11.16,11.36,11.11,11.31,321647,3641736.75
2012-08-20,11.31,11.38,10.99,11.29,455950,5125640.00
2012-08-21,11.28,11.82,11.23,11.78,1124668,13200150.00
2012-08-22,11.82,12.36,11.71,12.03,2135376,25935826.00
2012-08-23,11.99,12.57,11.90,12.47,2714541,33802532.00
2012-08-24,12.49,12.65,12.04,12.19,1807611,22438710.00
2012-08-27,12.10,12.18,11.85,11.95,998295,12063393.00
2012-08-28,12.07,12.37,11.84,12.29,1183738,14524338.00
2012-08-29,12.34,12.65,12.19,12.29,1703725,21415200.00
2012-08-30,12.19,12.36,11.69,11.98,2086745,25130900.00
2012-08-31,11.79,12.09,11.77,11.94,810789,9736160.00
2012-09-03,11.94,12.41,11.81,12.39,1221279,15040020.00
2012-09-04,12.44,12.55,12.13,12.17,1296160,16146801.00
2012-09-05,12.15,12.87,12.00,12.80,2874751,36376356.00
2012-09-06,12.89,13.12,12.60,12.91,2296420,29730292.00
2012-09-07,13.03,14.01,12.99,13.91,4413137,60140288.00
2012-09-10,13.87,14.87,13.75,14.39,4524648,66148712.00
2012-09-11,14.40,14.55,13.99,14.37,2417043,34845292.00
2012-09-12,14.44,14.51,13.96,14.14,2166026,30839368.00
2012-09-13,14.13,14.13,13.40,13.51,2708851,37298388.00
2012-09-14,13.47,13.83,13.31,13.59,2186592,29821948.00
2012-09-17,13.48,13.57,12.95,12.96,1509469,20136260.00
2012-09-18,12.72,13.07,12.52,12.94,1619030,20873156.00
2012-09-19,12.79,13.04,12.64,12.67,1097216,14115643.00
2012-09-20,12.60,12.69,12.19,12.20,1165217,14624034.00
2012-09-21,12.20,12.31,12.01,12.21,723152,8887630.00
2012-09-24,12.03,12.46,11.85,12.38,926935,11355989.00
2012-09-25,12.38,12.54,12.27,12.27,603000,7546596.50
2012-09-26,12.19,12.38,11.59,11.61,618410,7432701.50
2012-09-27,11.55,12.11,11.53,11.90,662448,7896398.00
2012-09-28,11.89,12.26,11.75,12.19,477416,5840719.50
2012-10-08,12.21,12.51,12.21,12.26,461037,5740525.00
2012-10-09,12.39,12.76,12.31,12.69,614752,7840413.00
2012-10-10,12.64,13.03,12.54,12.99,902125,11757782.00
2012-10-11,13.07,13.07,12.55,12.58,1746121,22454690.00
2012-10-12,12.71,12.74,11.99,12.34,924301,11567694.00
2012-10-15,12.33,12.53,11.84,12.10,705660,8628916.00
2012-10-16,12.00,12.23,11.99,12.16,656064,8036709.50
2012-10-17,12.16,12.28,12.09,12.19,485686,5969094.00
2012-10-18,12.18,12.42,12.09,12.41,728739,9019791.00
2012-10-19,12.34,12.55,12.30,12.54,494209,6197858.50
2012-10-22,12.25,12.59,12.25,12.57,335743,4225372.50
2012-10-23,12.57,12.61,12.12,12.15,662888,8250162.00
2012-10-24,12.10,12.21,11.92,12.05,322889,3924024.50
2012-10-25,12.01,12.15,11.97,11.99,380400,4623014.00
2012-10-26,11.90,12.09,11.53,11.59,864813,10275235.00
2012-10-29,11.58,11.81,10.79,11.24,664942,7626000.00
2012-10-30,11.44,12.38,11.44,12.09,1909961,22780252.00
2012-10-31,11.77,11.87,11.14,11.62,2590248,30002242.00
2012-11-01,11.54,11.54,11.14,11.35,3731838,42381404.00
2012-11-02,11.28,11.34,11.17,11.27,1464076,16639383.00
2012-11-05,11.30,11.33,11.09,11.13,1128707,12757442.00
2012-11-06,11.14,11.21,10.86,10.98,813959,9015984.00
2012-11-07,10.99,11.10,10.94,11.04,493866,5499123.00
2012-11-08,10.92,10.99,10.77,10.78,496390,5453918.00
2012-11-09,10.65,10.80,10.51,10.55,609917,6546145.00
2012-11-12,10.55,10.68,10.52,10.60,511127,5476156.50
2012-11-13,10.69,11.36,10.49,10.95,1929343,21408318.00
2012-11-14,10.80,11.23,10.60,11.22,1691447,18667608.00
2012-11-15,11.16,11.17,10.91,10.96,1242249,13846671.00
2012-11-16,10.89,11.09,10.82,11.08,672362,7457291.00
2012-11-19,11.07,11.38,10.99,11.35,1470743,16651764.00
2012-11-20,11.35,11.42,10.95,11.03,920453,10371060.00
2012-11-21,10.99,11.53,10.95,11.45,1888731,21549828.00
2012-11-22,11.44,11.49,11.23,11.29,887688,10164422.00
2012-11-23,11.30,11.49,11.13,11.24,1010491,11544914.00
2012-11-26,11.25,11.33,11.07,11.10,670499,7580154.00
2012-11-27,10.97,11.08,10.39,10.62,942875,10211820.00
2012-11-28,10.42,10.74,10.42,10.63,371088,3974188.00
2012-11-29,10.54,10.76,10.44,10.51,481499,5158855.00
2012-11-30,10.49,10.67,10.46,10.52,575929,6144864.00
2012-12-03,10.49,10.63,10.04,10.09,583471,6192382.50
2012-12-04,10.09,10.22,9.27,9.74,1517583,14834015.00
2012-12-05,9.53,10.19,9.53,10.02,2118489,21360870.00
2012-12-06,9.89,9.97,9.57,9.64,2215074,21832296.00
2012-12-07,9.60,10.05,9.54,10.05,1834429,18288126.00
2012-12-10,10.08,10.47,9.97,10.42,1937767,20105990.00
2012-12-11,10.43,10.61,10.23,10.45,1571647,16509140.00
2012-12-12,10.36,10.47,10.19,10.45,1061175,11082324.00
2012-12-13,10.39,10.42,10.17,10.19,681875,7084843.50
2012-12-14,10.11,10.69,10.11,10.59,1528793,16227243.00
2012-12-17,10.69,10.69,10.49,10.56,1278703,13649156.00
2012-12-18,10.63,10.63,10.41,10.47,848145,9034098.00
2012-12-19,10.44,10.69,10.41,10.69,1834722,19548230.00
2012-12-20,10.60,10.85,10.60,10.74,1730043,18748248.00
2012-12-21,10.67,11.04,10.59,10.92,2633589,28794208.00
2012-12-24,10.81,11.91,10.81,11.64,3939784,45390264.00
2012-12-25,11.74,12.77,11.61,12.46,5308214,65778528.00
2012-12-26,12.20,12.55,12.11,12.45,6044815,74903264.00
2012-12-27,12.36,12.36,11.75,11.81,6777564,81804552.00
2012-12-28,11.70,12.06,11.69,11.99,2520046,30274036.00
2012-12-31,11.99,12.39,11.93,12.26,3941429,48282672.00
2013-01-04,12.27,12.46,11.89,12.02,2394972,29057928.00
2013-01-07,12.01,12.68,11.82,12.59,2910803,35792300.00
2013-01-08,12.58,13.36,12.42,13.27,5834021,76589752.00
2013-01-09,13.35,13.35,12.71,13.00,4046447,52851204.00
2013-01-10,13.13,13.47,12.89,13.25,3702076,48847036.00
2013-01-11,13.12,13.34,12.79,12.93,3909710,51533336.00
2013-01-14,12.92,13.37,12.74,13.16,4149751,54972688.00
2013-01-15,13.16,13.86,13.02,13.64,5744831,77798768.00
2013-01-16,13.57,13.89,13.37,13.50,3891252,53282280.00
2013-01-17,13.80,14.68,13.70,13.91,5333010,76030056.00
2013-01-21,13.89,15.31,13.67,15.31,8186385,121053360.00
2013-01-22,14.89,15.68,14.68,14.79,5729356,87018032.00
2013-01-23,14.54,14.64,13.89,14.35,3611659,51775212.00
2013-01-24,14.35,14.78,13.64,13.88,3234962,46367556.00
2013-01-25,14.19,14.19,13.50,13.65,2292889,31657366.00
2013-01-28,13.65,13.99,13.56,13.93,1962414,27262810.00
2013-01-29,13.94,14.09,13.79,14.06,2037602,28671320.00
2013-01-30,14.06,14.12,13.19,13.54,3645387,49848648.00
2013-01-31,13.54,13.68,13.08,13.43,2321158,31128942.00
2013-02-01,13.34,13.85,13.25,13.81,2358678,32442392.00
2013-02-04,13.88,13.88,13.38,13.39,1524544,20762654.00
2013-02-05,13.21,13.57,13.21,13.47,915968,12378436.00
2013-02-06,13.51,14.57,13.50,14.34,2700686,38497448.00
2013-02-07,14.35,14.44,13.90,14.19,1430223,20313242.00
2013-02-08,14.13,15.09,14.10,15.08,3616484,54117448.00
2013-02-18,15.08,15.19,14.56,14.77,3161395,46815580.00
2013-02-19,14.63,15.33,14.63,15.00,2969144,44832820.00
2013-02-20,15.04,15.56,14.62,15.38,2493289,38004896.00
2013-02-21,15.29,15.30,14.39,14.58,2107291,31306528.00
2013-02-22,14.66,15.41,14.64,15.14,3962643,60351448.00
2013-02-25,14.89,15.68,14.89,15.35,4283718,66372108.00
2013-02-26,15.45,16.24,15.34,16.06,4938027,78910488.00
2013-02-27,15.89,16.84,15.44,15.78,8678782,140421536.00
2013-02-28,15.70,16.22,15.43,15.84,4611568,73439000.00
2013-03-01,15.82,16.44,15.50,16.35,3192940,51579924.00
2013-03-04,16.17,16.28,15.70,16.09,2081180,33405016.00
2013-03-05,16.18,16.83,15.94,16.83,2925674,48874564.00
2013-03-06,16.74,16.74,15.71,15.96,6368600,103616216.00
2013-03-07,15.89,16.05,15.14,15.98,4981209,77971272.00
2013-03-08,15.72,15.97,15.38,15.41,3571875,56446612.00
2013-03-11,15.19,15.53,14.39,14.44,4643822,69464288.00
2013-03-12,14.58,14.59,13.85,14.13,2798095,40052116.00
2013-03-13,14.09,14.18,13.90,14.17,1299832,18378348.00
2013-03-14,14.15,14.36,14.04,14.17,797364,11446880.00
2013-03-15,14.24,14.43,13.70,14.39,2034129,29184172.00
2013-03-18,14.29,14.65,14.19,14.40,1504395,21952484.00
2013-03-19,14.31,14.51,13.92,14.33,799553,11397909.00
2013-03-20,14.34,14.73,14.17,14.69,1137047,16661505.00
2013-03-21,14.62,15.47,14.60,15.34,2544736,38592228.00
2013-03-22,15.57,15.57,15.07,15.12,1561221,23958418.00
2013-03-25,15.05,15.19,14.71,14.92,1088824,16285193.00
2013-03-26,14.89,14.95,14.60,14.71,867530,12850589.00
2013-03-27,14.68,15.02,14.57,14.81,716399,10723382.00
2013-03-28,14.71,14.71,14.07,14.39,1184334,17098358.00
2013-03-29,14.47,14.60,14.15,14.50,723695,10459181.00
2013-04-01,14.41,14.49,14.21,14.27,1103724,15924740.00
2013-04-02,14.27,14.57,13.99,14.12,1685324,24300470.00
2013-04-03,14.12,14.25,13.12,13.59,1709658,23447356.00
2013-04-08,13.28,13.74,12.91,13.69,558266,7593337.00
2013-04-09,13.54,13.67,13.47,13.55,1182623,16191206.00
2013-04-10,13.53,13.59,12.91,13.11,1776694,23455218.00
2013-04-11,13.12,13.79,12.90,13.69,3091461,41842420.00
2013-04-12,13.64,14.96,13.52,14.45,4654475,66907140.00
2013-04-15,14.24,14.62,14.09,14.62,2196889,31849872.00
2013-04-16,14.57,14.64,14.31,14.42,1639963,23924040.00
2013-04-17,14.69,15.39,14.57,15.13,3392633,51625968.00
2013-04-18,14.91,15.17,14.73,15.13,2047628,30828334.00
2013-04-19,15.09,15.28,14.92,15.19,2361852,35961644.00
2013-04-22,15.01,15.08,14.80,15.02,1651629,24838870.00
2013-04-23,15.04,15.04,13.79,13.79,2301838,33243320.00
2013-04-24,13.74,14.86,13.72,14.68,2534910,36870984.00
2013-04-25,14.68,15.13,14.29,14.44,2081726,30863854.00
2013-04-26,14.44,14.61,13.84,13.89,2649513,37547852.00
2013-05-02,13.69,14.24,13.60,14.09,1322217,18713352.00
2013-05-03,14.27,14.99,14.17,14.73,4032805,59792608.00
2013-05-06,14.72,16.21,14.57,16.21,6825335,108988312.00
2013-05-07,16.28,16.85,15.97,16.65,6537928,108590352.00
2013-05-08,16.42,16.64,16.12,16.53,4923510,80861416.00
2013-05-09,16.26,17.88,16.26,17.63,8599690,147765856.00
2013-05-10,17.34,17.77,16.94,17.38,4996506,87092888.00
2013-05-13,17.09,18.85,17.09,18.32,5867570,107690832.00
2013-05-14,18.09,18.79,17.89,18.34,4134836,76374920.00
2013-05-15,18.19,19.17,17.99,18.89,5665835,106288048.00
2013-05-16,19.04,20.79,18.89,19.88,10023521,203287712.00
2013-05-17,20.03,21.88,19.60,21.67,12079029,254555008.00
2013-05-20,21.74,22.08,20.99,21.84,8973034,194463920.00
2013-05-21,21.69,21.96,21.04,21.71,7106831,153659056.00
2013-05-22,21.72,22.69,20.39,20.87,8940399,192303296.00
2013-05-23,20.32,21.38,20.17,21.02,5216831,109342688.00
2013-05-24,20.67,21.37,20.52,21.31,4157628,87672896.00
2013-05-27,21.32,21.44,20.67,20.95,3987177,84024768.00
2013-05-28,20.84,21.17,19.92,20.55,4331171,88797792.00
2013-05-29,20.56,22.62,20.03,22.53,10473620,226169760.00
2013-05-30,22.39,23.43,21.87,22.59,8889986,203394336.00
2013-05-31,22.50,24.49,22.50,23.61,5751387,136146576.00
2013-06-03,23.60,24.07,22.60,23.14,3702486,87018760.00
2013-06-04,22.89,22.89,21.77,22.59,4304972,96551960.00
2013-06-05,22.19,24.49,21.92,23.33,5588982,131774712.00
2013-06-06,23.21,23.68,22.64,22.69,2879798,66819044.00
2013-06-07,22.35,23.27,21.07,22.39,4110077,90827328.00
2013-06-13,21.89,24.47,21.44,23.79,4543685,106037384.00
2013-06-14,23.83,26.18,23.39,26.18,6422105,163011312.00
2013-06-17,26.04,27.20,25.29,25.52,7215205,190210848.00
2013-06-18,25.44,26.69,24.87,26.60,5125549,132699888.00
2013-06-19,26.38,26.78,25.78,25.89,3852247,101404224.00
2013-06-20,25.56,25.89,24.47,24.87,3351814,84369744.00
2013-06-21,24.36,24.79,22.46,23.99,5734851,137053568.00
2013-06-24,24.00,24.06,21.59,21.69,3425843,78518144.00
2013-06-25,21.39,22.67,19.77,22.44,6092605,132459416.00
2013-06-26,21.95,23.77,21.95,23.46,6142184,142463280.00
2013-06-27,23.70,24.12,22.59,22.99,6509589,154088944.00
2013-06-28,22.52,23.12,20.68,21.09,6445431,140413600.00
2013-07-01,20.92,22.34,20.78,22.34,3326216,72547144.00
2013-07-02,22.37,23.99,22.10,23.62,6081886,142409824.00
2013-07-03,23.45,23.92,22.61,23.62,5391309,126306568.00
2013-07-04,23.51,23.57,22.73,22.93,4264806,99331032.00
2013-07-05,22.98,23.15,21.31,21.80,3570958,80088256.00
2013-07-08,21.40,21.62,20.62,20.99,2819843,59966876.00
2013-07-09,20.86,21.35,19.92,21.35,2713743,56107696.00
2013-07-10,21.22,22.32,21.22,22.01,3015336,66315500.00
2013-07-11,21.83,22.55,21.58,22.05,2260174,50209008.00
2013-07-12,21.77,23.38,21.77,22.93,4298201,98186936.00
2013-07-15,23.33,25.23,22.84,25.23,6022591,147862288.00
2013-07-16,25.23,27.52,25.03,26.60,6549399,173632656.00
2013-07-17,26.72,27.72,25.77,26.17,4300644,115377648.00
2013-07-18,25.95,27.87,25.37,27.87,4838422,129851952.00
2013-07-19,27.62,29.52,27.12,28.77,5312522,150305136.00
2013-07-22,28.25,30.12,28.25,29.34,4891141,143501760.00
2013-07-23,28.92,32.28,28.82,32.28,5524227,170037312.00
2013-07-24,32.21,35.10,31.92,34.72,5412891,183753840.00
2013-07-25,34.22,34.83,32.42,33.42,5519096,184657120.00
2013-07-26,32.87,36.77,32.73,36.77,5881934,208484000.00
2013-07-29,36.87,38.24,33.13,33.77,7442846,263793520.00
2013-07-30,33.45,34.25,30.42,31.62,9638426,309133984.00
2013-07-31,31.30,33.48,31.30,31.95,5112599,166534816.00
2013-08-01,31.31,34.61,31.30,34.40,6132639,202126096.00
2013-08-02,34.12,36.20,33.52,35.04,4716608,165244064.00
2013-08-05,35.05,35.88,33.81,35.64,3777363,132091936.00
2013-08-06,35.02,37.31,35.00,36.93,3436619,125279528.00
2013-08-07,36.72,36.72,33.82,34.22,5322177,187218992.00
2013-08-08,34.38,35.01,33.12,34.62,3646788,124329600.00
2013-08-09,34.59,34.65,32.54,33.30,3288606,109904824.00
2013-08-12,33.30,33.57,30.92,32.62,3755096,121318600.00
2013-08-13,32.63,34.51,32.61,33.67,3037978,102248496.00
2013-08-14,33.87,35.18,33.82,34.86,2937081,101534176.00
2013-08-15,34.94,35.88,34.51,34.88,2173086,76414120.00
2013-08-16,34.39,37.92,33.88,35.24,4954395,179275536.00
2013-08-19,34.92,38.77,34.92,38.77,6878625,261801232.00
2013-08-20,38.93,40.45,38.43,39.90,3831274,150966080.00
2013-08-21,39.22,40.00,37.92,39.62,3887138,151246352.00
2013-08-22,39.41,43.59,38.92,43.58,5103422,217280224.00
2013-08-23,42.92,44.58,42.61,42.92,4534855,197932080.00
2013-08-26,42.92,43.72,41.92,43.62,2404719,104024552.00
2013-08-27,43.63,45.80,42.22,42.92,2903436,127487024.00
2013-08-28,42.89,42.91,41.43,42.42,2638515,111223384.00
2013-08-29,42.00,43.10,41.92,42.66,1630577,69502504.00
2013-08-30,42.55,43.90,38.39,40.53,3478495,143538352.00
2013-09-02,40.38,41.90,38.94,40.22,2691266,108322984.00
2013-09-03,40.62,40.92,39.07,40.12,2288289,91343536.00
2013-09-04,40.01,43.88,39.52,43.85,4279046,181018704.00
2013-09-05,43.71,43.82,41.92,42.90,2781096,118999232.00
2013-09-06,41.92,43.87,41.33,41.82,3125980,131770504.00
2013-09-09,42.02,42.30,40.22,41.19,2428937,99360072.00
2013-09-10,41.19,42.30,40.44,41.42,2887651,119413144.00
2013-09-11,41.42,41.42,37.32,38.60,3098974,121777712.00
2013-09-12,37.94,39.74,37.94,39.32,1698968,66190272.00
2013-09-13,39.30,40.77,38.56,40.31,1357673,54092964.00
2013-09-16,40.32,40.72,38.82,39.25,1599758,63394692.00
2013-09-17,39.41,39.41,37.42,37.72,2240749,85416888.00
2013-09-18,37.71,38.66,37.40,37.82,1143361,43391352.00
2013-09-23,37.92,38.22,36.97,37.92,3299729,124390256.00
2013-09-24,38.25,38.92,36.92,36.95,2944354,110681360.00
2013-09-25,36.62,38.42,35.08,38.37,4827755,178540352.00
2013-09-26,38.61,40.62,38.00,39.19,5042727,198869824.00
2013-09-27,39.51,41.42,38.92,40.92,3536451,143426976.00
2013-09-30,40.79,41.72,39.52,40.58,1921134,77787864.00
2013-10-08,40.58,41.70,39.44,41.18,2043696,83205440.00
2013-10-09,40.62,41.39,39.72,40.62,2354891,95860048.00
2013-10-10,40.54,40.96,37.38,37.42,4121600,160495104.00
2013-10-11,37.62,38.80,37.59,37.68,2103097,79842376.00
2013-10-14,37.72,38.48,35.92,36.92,2679468,100685128.00
2013-10-15,36.92,37.40,36.02,37.38,2041685,74969560.00
2013-10-16,37.47,37.60,35.54,35.92,2248336,81696168.00
2013-10-17,36.00,36.60,35.57,35.57,1170601,42245316.00
2013-10-18,35.21,35.88,33.72,33.87,3311896,114515152.00
2013-10-21,33.92,35.07,33.82,35.00,2485091,85929256.00
2013-10-22,35.26,36.92,34.65,36.07,2609267,94509896.00
2013-10-23,36.07,36.07,32.52,33.06,2122658,72260928.00
2013-10-24,33.08,33.37,31.10,31.91,2070645,66509360.00
2013-10-25,31.65,32.27,30.72,32.20,1603427,50724972.00
2013-10-28,32.12,32.91,31.43,32.48,1087015,35161892.00
2013-10-29,32.48,32.80,29.94,31.22,1230177,38511236.00
2013-10-30,31.67,31.92,31.16,31.87,925617,29373262.00
2013-10-31,31.87,31.92,28.68,28.68,3673603,107894968.00
2013-11-01,28.16,28.61,26.93,27.82,1390861,38710360.00
2013-11-04,27.93,28.42,27.42,28.00,874294,24609670.00
2013-11-05,28.03,28.82,27.52,28.79,1128796,32077964.00
2013-11-06,28.72,30.12,28.42,29.25,1690903,49926856.00
2013-11-07,29.25,29.25,28.37,28.62,1057617,30461934.00
2013-11-08,29.02,30.42,27.92,30.01,2680630,80108640.00
2013-11-11,29.92,31.20,29.58,30.95,1596807,48820820.00
2013-11-12,30.62,31.70,29.92,30.81,1842745,57185868.00
2013-11-13,30.50,31.39,30.10,31.04,1964333,60766992.00
2013-11-14,31.10,32.62,31.00,32.47,2076325,66275900.00
2013-11-15,32.59,33.90,31.99,33.09,2671723,88225264.00
2013-11-18,33.12,34.11,32.96,33.87,2032335,68526848.00
2013-11-19,33.80,34.27,32.96,33.68,1437621,48529652.00
2013-11-20,33.42,33.92,32.94,33.80,1193750,40075300.00
2013-11-21,33.67,33.74,31.94,32.39,1645831,53916628.00
2013-11-22,32.35,32.88,31.52,31.83,1158389,37241876.00
2013-11-25,31.46,32.19,31.22,32.07,1493788,47263760.00
2013-11-26,32.02,35.29,31.80,35.29,7361126,256626688.00
2013-11-27,35.27,36.35,34.78,35.22,7916622,281494016.00
2013-11-28,34.92,36.91,34.60,34.81,6612562,235977392.00
2013-11-29,34.52,35.63,33.92,35.62,5998182,210392416.00
2013-12-02,33.42,34.91,32.05,32.47,3970968,133280960.00
2013-12-03,31.92,32.30,29.32,32.06,2394359,74524880.00
2013-12-04,31.93,32.63,31.49,31.72,1983190,63534700.00
2013-12-05,31.40,32.09,29.12,29.67,3515216,106589632.00
2013-12-06,29.71,30.08,29.22,29.65,2106675,62589460.00
2013-12-09,29.65,31.37,29.65,31.27,1897936,58129624.00
2013-12-10,31.12,31.84,30.19,31.30,1968140,61191880.00
2013-12-11,31.15,32.17,30.64,32.15,2026468,63639084.00
2013-12-12,32.25,33.82,32.25,33.38,3381463,112898912.00
2013-12-13,32.97,34.41,32.94,33.92,2898507,98741624.00
2013-12-16,33.92,34.70,33.27,33.67,2156360,73008432.00
2013-12-17,33.21,34.32,32.18,34.32,1879783,62982420.00
2013-12-18,34.31,34.63,33.43,34.28,1267712,43449008.00
2013-12-19,33.92,34.37,33.53,33.90,1371774,46735784.00
2013-12-20,33.64,33.90,32.85,33.81,1113599,37286132.00
2013-12-23,33.62,34.22,32.92,34.06,1067141,36200696.00
2013-12-24,34.30,35.80,34.04,34.99,2364300,83100912.00
2013-12-25,34.80,37.22,34.71,36.82,3216920,116769616.00
2013-12-26,36.70,36.80,35.39,35.94,2027706,73171968.00
2013-12-27,35.86,36.78,35.45,36.70,1827550,66727752.00
2013-12-30,36.70,36.70,35.70,36.18,1682045,60732940.00
2013-12-31,36.18,39.61,35.60,36.91,4470483,165538768.00
2014-01-02,36.71,37.22,35.92,37.17,1737990,64143740.00
2014-01-03,36.74,37.47,36.74,37.07,1740927,64567952.00
2014-01-06,36.57,37.22,35.12,35.92,1276741,45943240.00
2014-01-07,35.50,36.11,35.00,35.77,1079658,38540112.00
2014-01-08,35.62,36.71,35.49,36.32,1580719,57432596.00
2014-01-09,36.53,36.72,35.68,35.68,1629095,58930008.00
2014-01-10,35.37,35.42,34.18,34.58,1234226,43200312.00
2014-01-13,34.03,34.91,33.53,34.22,876010,29931600.00
2014-01-14,34.22,35.17,33.87,35.12,726339,25143284.00
2014-01-15,35.72,36.27,35.23,35.81,1057144,37951732.00
2014-01-16,35.91,36.41,34.57,34.70,1714550,60661856.00
2014-01-17,34.68,34.68,33.49,33.49,867809,29548452.00
2014-01-20,33.47,34.02,32.62,33.49,781042,26092238.00
2014-01-21,33.50,34.22,32.92,34.15,728890,24614898.00
2014-01-22,34.22,35.59,33.70,35.39,1712118,59058808.00
2014-01-23,35.22,36.02,34.60,35.82,2276774,80698704.00
2014-01-24,35.92,37.71,35.42,37.27,3141932,116410368.00
2014-01-27,37.25,40.88,36.64,39.25,4167483,161963888.00
2014-01-28,39.33,39.77,37.92,38.22,1565748,60432332.00
2014-01-29,38.27,39.02,37.84,38.26,1187137,45789856.00
2014-01-30,38.26,38.92,37.92,38.90,915136,35246868.00
2014-02-07,38.82,39.79,37.92,39.32,1561406,60528740.00
2014-02-10,39.95,42.12,39.95,41.02,3770069,156301680.00
2014-02-11,41.02,42.02,39.83,41.18,1634132,66879448.00
2014-02-12,41.12,41.50,39.87,40.37,1903677,77572272.00
2014-02-13,39.92,40.24,37.92,37.94,1809393,70210832.00
2014-02-14,37.95,38.56,37.85,38.10,1210282,46236460.00
2014-02-17,38.39,39.00,37.82,38.57,1946386,74625016.00
2014-02-18,38.42,40.32,38.22,39.58,2191281,86377240.00
2014-02-19,39.81,39.81,38.65,38.80,926362,36131136.00
2014-02-20,38.49,39.12,37.83,37.83,1321001,50539668.00
2014-02-21,37.77,38.02,37.22,37.92,714703,26862448.00
2014-02-24,37.87,39.91,37.84,39.91,1867035,73056632.00
2014-02-25,39.92,42.02,38.02,39.52,3753133,151151552.00
2014-02-26,38.12,40.47,37.93,39.80,1459870,56791952.00
2014-02-27,39.80,41.24,38.92,39.23,1766814,71338760.00
2014-02-28,38.92,39.62,37.12,38.16,1268830,48406448.00
2014-03-03,38.12,38.91,37.00,38.20,862490,32927564.00
2014-03-04,37.42,38.44,36.92,36.96,1155790,43333508.00
2014-03-05,36.92,37.86,36.67,36.71,705051,26124014.00
2014-03-06,36.70,36.92,35.46,36.88,901513,32737144.00
2014-03-07,37.12,37.76,36.88,37.17,480874,17983016.00
2014-03-10,37.02,37.02,34.92,35.10,608978,21922480.00
2014-03-11,34.80,36.07,34.77,34.84,558708,19693160.00
2014-03-12,34.97,35.37,34.12,35.27,578861,20202082.00
2014-03-13,35.27,35.57,34.94,35.19,416687,14710425.00
2014-03-14,34.92,36.01,34.87,35.74,521044,18460976.00
2014-03-17,35.87,36.26,35.68,36.17,460286,16564177.00
2014-03-18,36.22,36.27,35.33,35.73,658203,23507238.00
2014-03-19,35.23,35.70,34.88,34.95,395954,13971663.00
2014-03-20,34.97,35.71,34.22,34.22,455148,15988562.00
2014-03-21,33.92,34.80,33.42,34.47,422330,14417804.00
2014-03-24,34.42,34.89,34.04,34.37,372638,12796072.00
2014-03-25,34.06,34.55,33.82,33.90,430825,14703656.00
2014-03-26,34.22,35.12,33.52,34.95,901579,31224800.00
2014-03-27,34.72,34.95,34.03,34.10,562125,19398522.00
2014-03-28,33.92,33.92,30.68,30.68,2180259,67766928.00
2014-03-31,30.07,30.07,27.60,28.22,2402608,67713256.00
2014-04-01,28.12,28.72,27.62,28.34,1472680,41911784.00
2014-04-02,28.34,29.52,28.34,29.39,1504177,43945540.00
2014-04-03,29.39,29.61,28.74,29.51,802413,23411974.00
2014-04-04,29.40,29.69,29.07,29.67,610793,17994166.00
2014-04-08,29.51,29.95,28.72,29.81,1196084,35109724.00
2014-04-09,29.72,30.11,29.44,29.74,573043,17172200.00
2014-04-10,29.73,29.85,28.96,29.41,846904,24984924.00
2014-04-11,29.22,29.37,28.22,29.22,984360,28441388.00
2014-04-14,29.42,30.22,29.42,29.92,1079184,32399912.00
2014-04-15,30.12,30.12,29.14,29.39,634928,18793628.00
2014-04-16,29.28,29.52,28.72,29.50,583323,17054810.00
2014-04-17,29.57,29.69,28.77,29.69,787939,23288116.00
2014-04-18,29.70,29.82,28.67,29.78,680386,20034446.00
2014-04-21,29.67,29.67,28.92,28.94,714348,20880982.00
2014-04-22,28.98,28.98,27.28,28.04,955420,26889690.00
2014-04-23,28.04,28.89,28.04,28.87,1019241,29023136.00
2014-04-24,28.63,28.82,28.23,28.40,443724,12696414.00
2014-04-25,28.43,28.71,27.50,28.70,702694,19715972.00
2014-04-28,28.27,28.72,26.58,28.72,915518,25513304.00
2014-04-29,27.92,28.38,27.75,28.20,535785,15110516.00
2014-04-30,28.09,28.70,27.19,28.42,1042760,29390542.00
2014-05-05,28.20,28.42,27.67,28.41,898801,25342364.00
2014-05-06,28.22,29.32,28.22,29.30,1766131,51364652.00
2014-05-07,29.30,29.30,28.77,28.77,977782,28418076.00
2014-05-08,28.58,29.21,28.58,28.67,623010,18032362.00
2014-05-09,28.65,28.82,27.93,28.11,1225025,34781412.00
2014-05-12,28.42,28.62,27.92,28.26,915338,25864912.00
2014-05-13,28.22,28.58,28.05,28.34,476993,13532687.00
2014-05-14,28.10,28.42,28.10,28.24,266645,7569759.00
2014-05-15,28.25,28.39,27.67,27.68,423317,11884156.00
2014-05-16,27.62,27.86,27.06,27.51,619778,17034964.00
2014-05-19,27.72,27.72,26.73,27.02,430108,11708370.00
2014-05-20,27.42,28.05,27.22,27.50,394857,10921854.00
2014-05-21,27.57,27.80,27.17,27.58,525907,14477131.00
2014-05-22,27.52,27.75,27.38,27.42,379330,10493740.00
2014-05-23,27.30,28.20,27.23,28.20,547161,15157157.00
2014-05-26,27.83,28.72,27.72,28.65,1204756,34216308.00
2014-05-27,28.52,29.24,28.27,29.22,1657548,47826124.00
2014-05-28,29.24,29.62,28.62,29.49,1348644,39377224.00
2014-05-29,29.31,29.52,28.97,29.29,811143,23715636.00
2014-05-30,29.20,29.62,28.79,29.50,830990,24405796.00
2014-06-03,29.46,29.51,28.59,28.97,932745,27169314.00
2014-06-04,28.90,28.95,28.44,28.90,354801,10199795.00
2014-06-05,28.88,29.12,28.65,28.96,619574,17972200.00
2014-06-06,28.96,29.18,28.74,28.92,411684,11947702.00
2014-06-09,28.75,29.09,28.47,28.90,451276,13065774.00
2014-06-10,28.62,29.21,28.23,29.13,849049,24679894.00
2014-06-11,29.18,29.21,28.72,29.20,861943,25045962.00
2014-06-12,29.42,29.50,29.03,29.30,498273,14604918.00
2014-06-13,29.23,32.24,29.15,31.50,3007577,92938176.00
2014-06-16,31.20,31.44,30.70,31.32,1422846,44238932.00
2014-06-17,31.01,31.20,30.40,30.62,1043266,32132808.00
2014-06-18,30.77,31.20,30.44,31.02,687883,21295542.00
2014-06-19,31.20,31.20,29.10,29.60,828742,24984084.00
2014-06-20,29.71,29.92,28.94,29.72,660944,19537478.00
2014-06-23,29.80,32.69,29.60,30.88,1811340,57373116.00
2014-06-24,31.03,31.72,30.60,31.50,1330429,41649612.00
2014-06-25,31.49,32.47,31.11,32.30,1480999,47689840.00
2014-06-26,32.32,32.75,31.99,32.47,1176484,38068220.00
2014-06-27,32.55,32.81,31.98,32.59,959922,31186880.00
2014-06-30,32.59,33.92,31.18,31.54,3364251,108855048.00
2014-07-01,31.54,31.54,30.65,31.15,1305832,40462032.00
2014-07-02,31.34,31.38,30.81,31.24,785102,24405512.00
2014-07-03,31.24,32.15,31.03,31.91,1043339,33097822.00
2014-07-04,31.91,32.12,31.26,31.73,724751,22959964.00
2014-07-07,31.79,31.79,31.26,31.37,349010,10988035.00
2014-07-08,31.31,31.64,31.10,31.63,550460,17318702.00
2014-07-09,31.31,31.93,31.06,31.06,604746,19077104.00
2014-07-10,30.96,31.21,30.48,30.63,362742,11187402.00
2014-07-11,30.63,30.85,29.95,30.16,684257,20805866.00
2014-07-14,30.16,30.91,30.10,30.83,648383,19768812.00
2014-07-15,30.82,30.83,30.25,30.53,404996,12377638.00
2014-07-16,30.53,30.66,30.02,30.54,386815,11743342.00
2014-07-17,30.53,30.56,30.24,30.53,236254,7183720.00
2014-07-18,30.44,30.93,30.33,30.55,413310,12639692.00
2014-07-21,30.35,30.69,30.13,30.17,268200,8135359.50
2014-07-22,30.16,30.44,29.80,30.05,827770,24892764.00
2014-07-23,30.06,30.35,28.97,29.14,656495,19470678.00
2014-07-24,28.95,28.95,27.47,28.05,877346,24695102.00
2014-07-25,28.14,28.34,27.96,28.18,524770,14787254.00
2014-07-28,28.33,28.45,27.80,28.16,1125805,31731250.00
2014-07-29,28.25,28.92,28.24,28.86,1252433,36011412.00
2014-07-30,28.85,29.21,28.50,29.13,950086,27478746.00
2014-07-31,29.15,29.23,28.82,28.95,721341,20949594.00
2014-08-01,29.00,29.46,28.56,28.72,788864,22893676.00
2014-08-04,28.92,29.65,28.42,29.26,2434026,70592696.00
2014-08-05,29.94,29.94,28.65,29.28,1450005,42461800.00
2014-08-06,29.15,29.23,28.65,29.08,832699,24117490.00
2014-08-07,29.03,29.63,28.75,29.25,1397519,40979868.00
2014-08-08,29.15,31.55,29.15,31.08,4172893,128231264.00
2014-08-11,31.08,31.78,30.78,31.55,2135383,67303984.00
2014-08-12,31.54,33.13,31.54,32.57,2626261,85512688.00
2014-08-13,32.91,32.94,31.83,32.65,1541999,49836296.00
2014-08-14,31.99,32.75,31.97,32.19,930777,30176078.00
2014-08-15,32.25,32.91,32.07,32.75,975986,31753546.00
2014-08-18,32.65,32.80,32.35,32.64,1498973,48806036.00
2014-08-19,32.47,32.91,32.47,32.74,1167153,38216500.00
2014-08-20,32.60,33.90,32.45,33.69,1467624,48719528.00
2014-08-21,33.65,33.91,32.85,33.85,1009415,33936364.00
2014-08-22,33.51,33.83,33.15,33.75,638280,21388746.00
2014-08-25,33.69,34.13,33.35,33.50,640778,21698632.00
2014-08-26,33.35,33.62,32.20,32.51,903424,29677966.00
2014-08-27,32.51,32.79,32.03,32.57,441049,14427034.00
2014-08-28,32.82,32.82,31.97,32.73,829289,26849608.00
2014-08-29,32.75,35.15,32.70,34.95,2335072,79911840.00
2014-09-01,34.95,35.83,34.65,34.94,1994629,70684912.00
2014-09-02,35.05,35.34,34.67,35.11,1124206,39425168.00
2014-09-03,35.11,35.62,34.85,35.02,993558,34963596.00
2014-09-04,35.74,35.75,34.63,34.95,1413412,49674360.00
2014-09-05,34.78,36.95,34.65,36.22,2300008,82599576.00
2014-09-09,36.55,38.15,36.00,37.95,1876879,70326608.00
2014-09-10,37.55,38.20,37.55,37.75,2126862,80738752.00
2014-09-11,37.95,38.13,36.65,36.95,2127110,79434136.00
2014-09-12,36.77,37.35,36.05,37.00,1406380,51398540.00
2014-09-15,36.92,37.89,36.45,37.40,842565,31491622.00
2014-09-16,37.25,37.28,35.45,35.49,1040550,37730280.00
2014-09-17,35.43,35.90,34.62,35.05,912383,32081134.00
2014-09-18,34.91,36.02,34.45,35.14,869607,30960162.00
2014-09-19,35.45,36.94,35.33,36.94,1331709,48437968.00
2014-09-22,36.93,37.48,36.55,36.90,751304,27860974.00
2014-09-23,36.77,38.61,36.70,38.03,2004731,76265200.00
2014-09-24,37.75,38.21,37.37,37.75,1086728,41096524.00
2014-09-25,37.75,38.45,37.55,37.62,696311,26357488.00
2014-09-26,37.82,38.16,37.41,37.68,842177,31914596.00
2014-09-29,37.63,37.65,36.05,36.05,1859113,68514824.00
2014-09-30,36.35,36.53,35.53,36.05,1321419,47451148.00
2014-10-08,36.15,37.05,36.06,36.60,809144,29588552.00
2014-10-09,36.60,36.88,35.73,36.62,884045,32138590.00
2014-10-10,36.25,36.78,36.12,36.31,805752,29389918.00
2014-10-13,35.97,36.51,34.56,34.70,1765385,62236360.00
2014-10-14,34.77,35.04,33.25,33.25,2500631,84840208.00
2014-10-15,33.42,33.94,33.10,33.87,2577245,86592568.00
2014-10-16,33.65,34.25,33.45,33.91,1546452,52355980.00
2014-10-17,33.51,34.04,32.93,33.75,1598546,53495080.00
2014-10-20,33.75,33.77,32.31,33.77,3066909,102264144.00
2014-10-21,33.65,33.75,32.93,33.45,2352511,78527048.00
2014-10-22,33.12,33.53,32.60,32.95,1429921,47365588.00
2014-10-23,32.45,32.69,31.20,31.30,1684001,53589988.00
2014-10-24,31.26,31.46,30.75,30.75,1142339,35704112.00
2014-10-27,30.70,31.22,29.95,31.05,1227323,38022996.00
2014-10-28,31.08,32.20,30.87,32.03,2683237,84325080.00
2014-10-29,32.00,32.57,31.83,32.40,2826390,91386376.00
2014-10-30,32.90,33.64,32.41,32.75,3300143,109406920.00
2014-10-31,32.76,33.17,32.25,32.45,1569725,51371128.00
2014-11-03,32.25,33.43,31.95,33.31,2469925,81351512.00
2014-11-04,33.32,34.46,33.32,34.25,3486835,119460928.00
2014-11-05,34.35,34.93,34.00,34.50,2045224,70876576.00
2014-11-06,34.43,34.78,34.08,34.49,1596731,54992676.00
2014-11-07,34.45,34.56,33.35,33.63,1881524,64275384.00
2014-11-10,33.55,34.15,33.12,34.10,2447704,82562040.00
2014-11-11,34.06,34.06,32.18,33.34,2118499,70220984.00
2014-11-12,32.85,33.98,32.85,33.95,1582914,53446652.00
2014-11-13,34.00,34.12,33.18,33.78,837062,28031758.00
2014-11-14,33.33,33.75,32.12,32.54,1320802,43249160.00
2014-11-17,32.07,32.92,32.06,32.75,864888,28252894.00
2014-11-18,32.65,32.89,32.11,32.80,1097167,35657224.00
2014-11-19,32.65,32.81,32.33,32.45,736261,23984376.00
2014-11-20,32.45,32.50,31.67,31.95,1275923,40958064.00
2014-11-21,31.86,32.50,31.76,32.05,1330110,42750964.00
2014-11-24,32.40,32.44,31.05,31.40,2428938,76343040.00
2014-11-25,31.75,31.75,31.05,31.69,2966838,93124088.00
2014-11-26,31.77,33.92,31.72,33.60,3685101,121586568.00
2014-11-27,33.60,34.15,33.20,33.82,2665426,89997864.00
2014-11-28,34.11,34.11,33.13,33.64,1909370,63890824.00
2014-12-01,33.47,34.28,33.11,33.51,2414726,81363984.00
2014-12-02,33.51,34.62,33.32,34.07,3200513,109431856.00
2014-12-03,34.08,34.45,33.45,33.83,4286716,144962800.00
2014-12-04,33.83,33.83,33.18,33.36,3463426,115933856.00
2014-12-05,33.35,33.35,31.34,31.75,3582211,114880120.00
2014-12-08,31.71,32.42,30.70,30.75,3549880,111392984.00
2014-12-09,30.75,30.93,28.35,28.58,4183829,123495664.00
2014-12-10,28.45,29.66,28.45,29.45,2092544,60903692.00
2014-12-11,29.25,29.91,28.97,29.77,2025438,59702252.00
2014-12-12,29.55,30.44,29.55,30.15,1443488,43374528.00
2014-12-15,30.11,30.65,30.10,30.53,1956063,59580800.00
2014-12-16,30.50,30.75,30.06,30.28,1162036,35236268.00
2014-12-17,30.13,30.13,28.85,29.36,2750261,80988296.00
2014-12-18,29.33,29.70,29.05,29.33,1203194,35300368.00
2014-12-19,29.11,29.26,28.43,28.86,2413657,69505880.00
2014-12-22,29.09,29.09,25.97,25.97,3407308,90196224.00
2014-12-23,25.99,26.40,24.46,24.50,4088921,102777200.00
2014-12-24,24.70,25.42,24.65,25.40,3212448,80536992.00
2014-12-25,25.41,26.20,25.35,25.81,2861848,74290336.00
2014-12-26,25.61,26.12,25.32,25.99,2197436,56592736.00
2014-12-29,25.95,26.10,25.02,25.80,3149890,80185232.00
2014-12-30,25.44,25.68,24.40,25.33,3450386,86803640.00
2014-12-31,25.25,26.16,24.65,26.05,4080069,103719528.00
2015-01-05,25.49,25.93,25.40,25.68,1823102,46803352.00
2015-01-06,25.68,26.54,25.16,26.46,3478690,89985568.00
2015-01-07,26.39,26.67,25.99,26.56,2752857,72602424.00
2015-01-08,26.60,27.31,26.30,26.33,2768231,74297672.00
2015-01-09,26.17,26.73,26.01,26.10,2283391,60195844.00
2015-01-12,25.96,26.10,25.16,25.38,1560319,40084308.00
2015-01-13,25.45,26.13,25.30,25.89,2117503,54771088.00
2015-01-14,25.93,26.37,25.75,25.98,1715718,44910500.00
2015-01-15,26.01,26.50,25.93,26.20,1399669,36718604.00
2015-01-16,26.18,27.32,26.07,26.98,2996849,80272208.00
2015-01-19,26.61,29.05,26.36,28.00,5805002,163755216.00
2015-01-20,27.95,29.75,27.95,29.55,5559644,162084992.00
2015-01-21,29.61,30.20,29.13,29.75,4369251,130115160.00
2015-01-22,29.50,29.80,28.96,29.53,2949064,86810000.00
2015-01-23,29.55,29.73,29.05,29.23,2211258,65069268.00
2015-01-26,29.05,29.90,29.05,29.37,2552638,75302464.00
2015-01-27,29.50,29.52,28.55,28.94,2709344,78428264.00
2015-01-28,28.83,30.92,28.65,30.80,5453725,164181344.00
2015-01-29,30.45,30.95,30.15,30.62,2270346,69629512.00
2015-01-30,30.52,30.81,29.82,30.15,2055896,61994492.00
2015-02-02,29.75,30.35,29.00,29.34,1575627,46754068.00
2015-02-03,29.55,30.45,29.38,29.95,2209703,66414924.00
2015-02-04,29.95,30.50,29.42,29.47,1856441,55666100.00
2015-02-05,29.47,29.81,28.75,29.15,2266231,66314316.00
2015-02-06,29.12,29.31,28.31,28.49,1341083,38641052.00
2015-02-09,28.35,28.89,28.07,28.69,1141608,32755874.00
2015-02-10,28.69,29.44,28.28,29.35,1300188,37863016.00
2015-02-11,29.26,29.71,28.95,29.08,1402711,41202564.00
2015-02-12,29.34,31.07,29.11,30.93,3184830,96204520.00
2015-02-13,31.32,31.32,30.75,31.15,3202477,99559448.00
2015-02-16,31.15,32.17,30.85,32.05,2348222,74306936.00
2015-02-17,32.21,32.23,31.65,32.16,1655078,52979416.00
2015-02-25,32.26,33.15,32.15,32.19,2343020,76712808.00
2015-02-26,32.23,33.04,31.65,32.55,2710196,87776952.00
2015-02-27,33.45,33.93,32.75,33.31,5641167,188946784.00
2015-03-02,33.34,33.82,32.64,33.76,3719942,124275128.00
2015-03-03,33.74,33.74,32.78,32.78,2715525,90605400.00
2015-03-04,31.55,32.45,30.97,32.34,6288158,200054288.00
2015-03-05,32.07,35.58,32.07,35.58,8682117,301309728.00
2015-03-06,36.30,36.90,34.28,34.35,4778244,169769200.00
2015-03-09,34.85,36.52,32.45,36.33,4889301,171392976.00
2015-03-10,36.02,36.52,35.13,35.35,5527515,197881264.00
2015-03-11,35.25,35.70,34.36,34.77,3148591,110358472.00
2015-03-12,34.73,35.13,33.45,33.69,2720324,93097416.00
2015-03-13,33.97,34.20,33.57,33.57,3169988,107334600.00
2015-03-16,33.83,34.99,33.83,34.51,4402886,151274704.00
2015-03-17,34.54,36.17,34.43,34.47,9341410,328820224.00
2015-03-18,34.61,36.40,34.47,35.95,8170872,290071264.00
2015-03-19,35.95,36.27,35.55,36.17,3641448,131143856.00
2015-03-20,36.40,38.50,36.40,37.77,6823719,257119008.00
2015-03-23,37.96,38.43,37.20,37.30,6174251,232993424.00
2015-03-24,37.35,37.90,35.70,37.12,5725969,211026272.00
2015-03-25,36.75,39.25,36.22,38.90,7988203,301997504.00
2015-03-26,38.55,39.55,37.00,37.94,6401446,245857424.00
2015-03-27,38.43,38.70,37.48,38.45,3584940,136791408.00
2015-03-30,38.45,39.77,38.23,39.74,5827158,228609728.00
2015-03-31,39.67,40.10,38.85,39.45,3359924,132913024.00
2015-04-01,39.45,40.15,38.85,39.93,4223327,167431872.00
2015-04-02,39.95,40.55,38.84,39.34,5888276,231405536.00
2015-04-03,38.95,40.11,37.95,40.00,6612226,261811376.00
2015-04-07,40.01,41.19,39.08,40.96,6542709,261533520.00
2015-04-08,40.36,40.83,38.58,38.95,6534646,257883184.00
2015-04-09,38.58,38.94,36.63,37.60,5824801,219926832.00
2015-04-10,37.58,39.45,37.58,38.85,5303795,205312768.00
2015-04-13,38.95,40.75,38.95,40.02,4951666,198244352.00
2015-04-14,40.05,40.32,39.45,39.60,3746136,148904688.00
2015-04-15,39.53,39.53,37.75,37.85,3384579,130585344.00
2015-04-16,37.40,38.95,36.45,38.05,3398705,128886888.00
2015-04-17,38.35,39.12,37.30,37.32,4124069,156371472.00
2015-04-20,37.32,41.06,36.75,41.06,12119462,484575552.00
2015-04-21,41.45,44.53,41.05,43.24,9868900,422360640.00
2015-04-22,43.20,47.43,42.83,46.34,8410500,379305440.00
2015-04-23,44.45,45.17,43.16,44.41,10360256,457060928.00
2015-04-24,43.55,46.72,43.20,46.52,7255560,325176320.00
2015-04-27,46.45,48.51,46.06,46.60,6173763,290481344.00
2015-04-28,45.24,46.25,42.60,43.63,7750064,343168480.00
2015-04-29,43.12,44.60,43.12,44.19,3595579,158387712.00
2015-04-30,44.25,45.27,43.75,43.77,3569582,158292640.00
2015-05-04,43.65,44.05,42.65,42.86,3560995,153623488.00
2015-05-05,42.98,44.33,41.81,42.58,3794467,163945216.00
2015-05-06,42.90,43.62,41.85,42.30,3802258,163307616.00
2015-05-07,42.30,42.44,40.03,40.24,3561920,146671760.00
2015-05-08,40.93,41.95,40.75,41.86,3890714,160729184.00
2015-05-11,41.85,44.21,41.75,44.14,5475880,237572736.00
2015-05-12,44.39,46.75,43.24,45.70,7801523,352581216.00
2015-05-13,45.00,47.66,44.58,46.50,7129002,333252384.00
2015-05-14,46.46,48.60,45.65,45.72,5992533,281119488.00
2015-05-15,45.23,47.85,45.23,46.09,5372986,251327392.00
2015-05-18,46.09,48.75,45.45,47.75,8265024,392878368.00
2015-05-19,48.05,48.05,46.80,47.77,7368604,347917760.00
2015-05-20,47.78,52.31,47.46,49.65,6909522,346136224.00
2015-05-21,49.05,51.23,49.05,51.21,5353809,269076512.00
2015-05-22,52.28,54.20,50.15,51.55,6947326,362171840.00
2015-05-25,50.40,55.19,50.13,54.11,8721648,461795040.00
2015-05-26,54.95,57.95,54.79,55.80,7671089,432668384.00
2015-05-27,55.15,57.53,54.96,55.25,5523810,307833376.00
2015-05-28,55.10,55.65,49.72,49.95,8341199,439896384.00
2015-05-29,50.25,52.20,47.64,50.83,6072286,304720480.00
2015-06-01,50.46,54.14,50.46,53.95,4916911,258536816.00
2015-06-02,53.95,56.90,53.24,56.65,6176670,342296576.00
2015-06-03,56.65,56.91,53.31,54.64,4984040,274242304.00
2015-06-04,54.64,54.64,49.45,52.94,6187122,322864352.00
2015-06-05,53.10,54.40,52.76,53.32,5216808,279776864.00
2015-06-08,48.95,52.55,48.95,50.77,8566267,430606208.00
2015-06-09,50.12,52.53,49.69,50.68,3500399,179168864.00
2015-06-10,50.65,53.90,49.98,53.31,5896194,312344896.00
2015-06-11,52.74,58.65,52.54,58.65,10941689,617627072.00
2015-06-12,59.75,59.75,57.53,58.35,5505588,322976384.00
2015-06-15,58.25,58.93,56.13,56.80,5518123,315657248.00
2015-06-16,56.85,60.25,56.46,60.25,11789276,690373120.00
2015-06-17,59.95,60.75,57.14,60.09,7173408,427488576.00
2015-06-18,60.05,62.84,57.75,58.19,5631731,341309344.00
2015-06-19,56.93,58.22,52.37,53.05,4810347,265133488.00
2015-06-23,53.05,54.60,48.06,53.93,4073999,211110464.00
2015-06-24,54.40,54.69,51.78,53.78,3549434,189589808.00
2015-06-25,53.78,54.13,48.40,49.75,3814809,197259200.00
2015-06-26,48.05,48.72,44.77,44.77,4258368,195305632.00
2015-06-29,44.95,45.94,40.29,40.30,5295923,219134320.00
2015-06-30,38.00,42.74,36.27,42.43,6779621,262307824.00
2015-07-01,41.50,43.43,38.19,38.19,4096809,169499488.00
2015-07-02,38.00,38.00,34.37,34.37,5701142,200939888.00
2015-07-03,31.65,34.05,30.93,30.93,5585139,176814096.00
2015-07-06,34.00,34.02,27.84,27.84,6985031,206045520.00
2015-07-07,26.00,26.15,25.06,25.06,3290550,83609304.00
2015-07-14,27.57,27.57,27.57,27.57,223300,6156381.00
2015-07-15,30.33,30.33,29.37,30.00,17385905,525721856.00
2015-07-16,29.99,32.49,27.00,31.55,8274662,247073680.00
2015-07-17,31.56,34.71,31.56,34.70,7946041,267308432.00
2015-07-20,34.75,36.45,33.41,34.80,7023062,247138048.00
2015-07-21,34.50,36.78,33.29,35.78,5219397,187003072.00
2015-07-22,35.68,36.50,33.88,35.08,6332312,221713392.00
2015-07-23,34.82,36.30,34.82,36.19,5786539,206452512.00
2015-07-24,36.60,37.88,36.00,36.41,6493954,240074208.00
2015-07-27,35.65,36.50,32.77,32.77,5706773,198297104.00
2015-07-28,30.01,32.54,29.49,29.85,6508518,197385776.00
2015-07-29,30.80,31.99,28.99,31.98,4938227,150668512.00
2015-07-30,31.79,32.65,30.51,30.82,3798661,121399840.00
2015-07-31,30.02,30.95,29.38,29.80,3182866,96367448.00
2015-08-03,29.50,29.75,27.00,27.45,4290047,120819784.00
2015-08-04,27.55,30.00,27.50,30.00,3728361,107459944.00
2015-08-05,29.85,30.77,29.21,29.98,3460302,104108296.00
2015-08-06,29.00,30.70,28.51,30.34,2813106,84492584.00
2015-08-07,30.80,32.30,30.60,31.70,3729108,117292760.00
2015-08-10,32.00,33.98,32.00,33.78,4034982,132828864.00
2015-08-11,33.38,34.49,33.38,33.95,4479655,151717856.00
2015-08-12,34.00,36.28,33.88,34.50,5980124,210217648.00
2015-08-13,33.66,34.68,33.20,34.27,3475788,118036616.00
2015-08-14,34.54,35.26,34.00,34.00,3922147,136356752.00
2015-08-17,33.90,34.29,32.81,34.00,3628529,121359968.00
2015-08-18,33.90,34.28,30.60,30.60,4368863,142016544.00
2015-08-19,29.70,31.99,29.36,31.71,3278473,100259360.00
2015-08-20,31.50,32.60,31.10,31.70,2615128,83280496.00
2015-08-21,31.30,31.30,29.62,29.95,2361532,71654152.00
2015-08-24,27.01,27.25,26.96,26.96,1821400,49132284.00
2015-08-25,24.26,24.26,24.26,24.26,600100,14558426.00
2015-08-26,21.84,23.98,21.83,21.83,10219557,227036064.00
2015-08-27,22.01,22.83,19.65,20.88,10299260,213692160.00
2015-08-28,21.53,22.58,20.81,22.40,7882415,169233008.00
2015-08-31,22.20,22.20,20.50,20.56,5879591,125358400.00
2015-09-01,20.29,21.22,18.50,18.50,5737723,113699400.00
2015-09-02,17.09,19.06,16.97,17.18,6466974,115452056.00
2015-09-07,17.75,18.90,17.75,18.90,9135568,170577136.00
2015-09-08,18.78,20.79,18.51,20.79,8039501,161041488.00
2015-09-09,21.40,22.87,21.40,22.87,8042562,177544176.00
2015-09-10,22.75,23.90,22.33,22.87,8124950,189506752.00
2015-09-11,22.62,23.25,22.21,23.19,5531664,125771096.00
2015-09-14,23.18,23.29,20.87,20.87,5094684,111253464.00
2015-09-15,19.70,20.47,18.78,19.00,5341886,103488984.00
2015-09-16,19.43,20.90,19.00,20.90,5622818,112253808.00
2015-09-17,21.40,22.99,20.92,21.82,8245972,182418112.00
2015-09-22,23.75,23.75,23.75,23.75,0,0.00
数据来源:通达信
