300130 新国都 日线 前复权
      日期	    开盘	    最高	    最低	    收盘	    成交量	    成交额
2010-10-19,12.57,14.04,12.31,13.09,8992556,427558944.00
2010-10-20,12.29,12.99,12.16,12.29,4818429,219093952.00
2010-10-21,12.16,12.43,11.88,12.22,2564217,113487376.00
2010-10-22,12.10,12.44,12.09,12.27,1874430,84279832.00
2010-10-25,12.37,12.57,12.32,12.36,1864710,84720000.00
2010-10-26,12.29,12.36,11.97,12.11,1772116,78455040.00
2010-10-27,12.10,12.34,12.06,12.11,1007526,44927404.00
2010-10-28,12.09,12.37,12.09,12.28,1313936,58956244.00
2010-10-29,12.32,12.56,12.29,12.46,1711261,77912224.00
2010-11-01,12.66,13.18,12.49,13.05,2548664,119015120.00
2010-11-02,13.04,13.04,12.43,12.46,2067666,95963160.00
2010-11-03,12.35,12.35,12.07,12.08,1011688,44985560.00
2010-11-04,12.14,12.29,12.01,12.23,1002434,44610188.00
2010-11-05,12.29,12.41,12.23,12.36,981103,44225304.00
2010-11-08,12.43,12.63,12.39,12.56,1203606,55193184.00
2010-11-09,12.58,12.68,12.45,12.56,948579,43533104.00
2010-11-10,12.48,12.74,12.48,12.66,1290357,59661116.00
2010-11-11,12.58,12.90,12.51,12.52,1517416,70599368.00
2010-11-12,12.52,12.62,12.01,12.03,1650422,74037528.00
2010-11-15,12.13,12.51,12.09,12.49,1007038,45529948.00
2010-11-16,12.56,12.77,12.12,12.21,1224732,55885204.00
2010-11-17,12.19,12.49,12.07,12.24,725703,32701522.00
2010-11-18,12.33,12.68,12.21,12.65,1483243,68003816.00
2010-11-19,12.79,12.82,12.55,12.82,1747846,81399672.00
2010-11-22,12.85,13.40,12.84,12.99,2718054,130787024.00
2010-11-23,12.85,13.17,12.68,13.11,1452037,68400296.00
2010-11-24,13.03,13.35,12.93,13.26,1461858,70574880.00
2010-11-25,13.34,13.34,12.86,12.86,1484654,70901928.00
2010-11-26,12.88,13.11,12.86,13.07,1030876,49055220.00
2010-11-29,13.09,13.28,13.05,13.24,1263455,60937116.00
2010-11-30,13.21,13.30,12.45,12.73,1547031,72653688.00
2010-12-01,12.71,12.98,12.57,12.84,698606,32877758.00
2010-12-02,12.96,12.98,12.71,12.74,809034,37983872.00
2010-12-03,12.76,12.92,12.60,12.81,610125,28452426.00
2010-12-06,12.83,12.86,12.40,12.44,764562,35087448.00
2010-12-07,12.43,12.60,12.31,12.58,428141,19505228.00
2010-12-08,12.56,12.64,12.45,12.45,317023,14541326.00
2010-12-09,12.45,12.54,12.37,12.42,294018,13366834.00
2010-12-10,12.41,12.63,12.37,12.61,437100,20106718.00
2010-12-13,12.66,12.98,12.66,12.90,904336,42522840.00
2010-12-14,12.91,13.64,12.90,13.37,2184321,106450408.00
2010-12-15,13.27,13.37,13.03,13.09,1015001,48968368.00
2010-12-16,13.04,13.41,13.04,13.23,969737,47069996.00
2010-12-17,13.17,13.49,13.17,13.34,848381,41319408.00
2010-12-20,13.41,13.54,12.95,13.24,1327271,64390804.00
2010-12-21,13.21,13.32,13.13,13.24,729569,35275972.00
2010-12-22,13.21,13.26,13.07,13.07,477187,22955998.00
2010-12-23,13.08,13.15,12.66,12.67,869497,40999300.00
2010-12-24,12.71,12.71,12.41,12.49,531937,24381800.00
2010-12-27,12.54,12.63,12.02,12.16,537341,24436094.00
2010-12-28,12.10,12.20,11.98,12.12,513517,22747782.00
2010-12-29,12.29,12.32,12.05,12.29,297433,13317284.00
2010-12-30,12.16,12.29,12.10,12.17,325276,14515773.00
2010-12-31,12.23,12.38,12.18,12.36,299693,13492120.00
2011-01-04,12.37,12.64,12.28,12.50,500173,22884178.00
2011-01-05,12.46,12.53,12.32,12.33,430195,19491912.00
2011-01-06,12.29,12.49,12.23,12.33,240432,10847295.00
2011-01-07,12.26,12.41,12.16,12.19,275040,12358801.00
2011-01-10,12.16,12.18,11.99,12.01,416729,18410434.00
2011-01-11,11.99,12.01,11.77,11.82,304114,13217608.00
2011-01-12,11.81,12.01,11.81,11.95,161164,7035837.50
2011-01-13,11.98,12.14,11.92,11.98,197551,8669273.00
2011-01-14,11.98,12.03,11.41,11.42,519178,22146448.00
2011-01-17,11.30,11.35,10.91,10.98,457933,18662544.00
2011-01-18,10.92,11.02,10.80,10.85,213594,8533214.00
2011-01-19,10.85,11.10,10.85,11.10,223683,9008139.00
2011-01-20,10.94,10.94,10.35,10.43,1469475,57597848.00
2011-01-21,10.35,10.47,10.25,10.35,654002,24818998.00
2011-01-24,10.35,10.40,9.98,10.03,595044,22207436.00
2011-01-25,10.03,10.07,9.88,10.07,346873,12690780.00
2011-01-26,10.07,10.27,10.06,10.20,498045,18635510.00
2011-01-27,10.13,10.38,10.08,10.36,496177,18639160.00
2011-01-28,10.35,10.36,10.21,10.32,411114,15505522.00
2011-01-31,10.29,10.38,10.21,10.36,369675,13983378.00
2011-02-01,10.35,10.52,10.30,10.39,289379,11069327.00
2011-02-09,10.35,10.39,10.07,10.08,324683,12220398.00
2011-02-10,10.08,10.57,10.08,10.53,550550,20926558.00
2011-02-11,10.53,10.68,10.43,10.65,519834,20186446.00
2011-02-14,10.66,10.79,10.60,10.74,525686,20636938.00
2011-02-15,10.76,10.79,10.66,10.68,537685,21138802.00
2011-02-16,10.71,10.98,10.66,10.93,546402,21690328.00
2011-02-17,10.94,10.96,10.74,10.91,572662,22754598.00
2011-02-18,10.90,11.02,10.78,10.90,659016,26396538.00
2011-02-21,10.84,11.05,10.77,11.04,332852,13377905.00
2011-02-22,11.09,11.39,11.01,11.05,990832,40623860.00
2011-02-23,11.10,11.30,11.03,11.28,383563,15682335.00
2011-02-24,11.28,11.53,11.16,11.22,535362,22231690.00
2011-02-25,11.69,12.28,11.48,11.96,1837641,79905648.00
2011-02-28,11.88,12.01,11.79,11.97,827023,36022616.00
2011-03-01,11.97,12.06,11.80,11.84,608505,26494172.00
2011-03-02,11.83,11.85,11.50,11.61,619685,26412640.00
2011-03-03,11.68,11.68,11.32,11.33,389896,16473414.00
2011-03-04,11.35,11.60,11.27,11.57,414110,17310730.00
2011-03-07,11.59,11.68,11.51,11.61,385605,16340763.00
2011-03-08,11.61,11.81,11.61,11.76,349767,15043431.00
2011-03-09,11.76,11.86,11.61,11.81,350771,15062203.00
2011-03-10,11.88,12.13,11.81,11.92,663312,29127424.00
2011-03-11,11.76,12.14,11.76,12.02,577607,25492248.00
2011-03-14,12.02,12.13,11.96,12.11,336730,14866022.00
2011-03-15,12.08,12.08,11.60,11.78,563249,24293628.00
2011-03-16,11.83,11.87,11.78,11.84,299358,12946366.00
2011-03-17,11.75,11.75,11.50,11.52,348611,14857573.00
2011-03-18,11.60,11.88,11.59,11.81,339471,14596337.00
2011-03-22,11.84,11.99,11.81,11.89,532847,23217418.00
2011-03-23,11.96,12.01,11.92,11.96,346832,15200429.00
2011-03-24,12.06,12.10,11.91,11.99,349063,15347442.00
2011-03-25,11.99,12.04,11.89,11.96,264507,11589525.00
2011-03-28,11.96,12.06,11.74,11.77,350765,15320935.00
2011-03-29,11.77,11.77,11.33,11.34,506150,21260618.00
2011-03-30,11.32,11.32,10.85,11.08,392655,15946813.00
2011-03-31,11.08,11.36,11.04,11.13,300471,12344757.00
2011-04-01,11.13,11.27,11.09,11.26,227808,9350692.00
2011-04-06,11.20,11.23,11.03,11.11,171874,6988242.00
2011-04-07,11.17,11.22,11.09,11.18,189698,7762102.00
2011-04-08,11.21,11.29,11.04,11.29,259629,10665786.00
2011-04-11,11.31,11.35,11.07,11.07,287260,11745397.00
2011-04-12,11.00,11.04,10.91,10.95,251170,10100176.00
2011-04-13,10.92,11.09,10.92,11.07,134783,5457851.00
2011-04-14,11.05,11.13,10.94,11.01,114684,4645125.00
2011-04-15,11.02,11.06,10.84,10.89,270584,10811989.00
2011-04-18,10.85,11.03,10.83,10.90,187776,7504941.50
2011-04-19,10.90,10.90,10.63,10.79,172231,6805722.00
2011-04-20,10.95,10.96,10.74,10.94,168457,6728549.50
2011-04-22,10.97,11.20,10.96,11.11,343175,13940774.00
2011-04-25,11.04,11.11,10.88,10.88,257286,10337886.00
2011-04-26,10.77,10.87,10.31,10.35,493711,18921524.00
2011-04-27,10.44,10.44,10.13,10.29,277710,10520099.00
2011-04-28,10.35,10.39,10.03,10.07,199483,7441746.00
2011-04-29,10.07,10.21,9.95,10.21,252542,9339225.00
2011-05-03,10.21,10.37,10.17,10.35,177361,6674740.00
2011-05-04,10.43,10.43,10.02,10.10,247035,9201399.00
2011-05-05,10.06,10.18,10.05,10.17,219180,8149322.00
2011-05-06,10.16,10.20,10.01,10.11,276435,10254565.00
2011-05-09,10.23,10.25,10.07,10.12,230332,4736706.50
2011-05-10,10.21,10.24,10.03,10.10,203354,4161357.25
2011-05-11,10.16,10.19,10.05,10.19,194918,4009209.00
2011-05-12,10.10,10.17,9.36,9.68,453609,9088897.00
2011-05-13,9.68,9.85,9.44,9.61,774612,14999938.00
2011-05-16,9.58,9.73,9.48,9.59,361841,7062057.50
2011-05-17,9.59,9.61,9.45,9.55,246311,4763583.00
2011-05-18,9.54,9.58,9.45,9.54,159682,3087302.50
2011-05-19,9.55,9.60,9.29,9.35,496912,9468956.00
2011-05-20,9.35,9.36,9.20,9.28,284316,5359484.50
2011-05-23,9.21,9.26,8.85,8.90,472617,8654116.00
2011-05-24,8.85,9.20,8.74,9.13,495288,9078656.00
2011-05-25,9.09,9.19,8.89,8.95,306257,5640049.00
2011-05-26,9.04,9.04,8.83,8.83,219692,3994794.75
2011-05-27,9.00,9.04,8.74,8.75,283650,5135564.50
2011-05-30,8.88,8.97,8.70,8.76,308840,5577596.00
2011-05-31,8.84,8.98,8.73,8.91,275980,4950736.50
2011-06-01,8.96,9.07,8.92,9.06,296626,5429171.00
2011-06-02,8.98,9.04,8.87,8.99,321554,5855372.00
2011-06-03,8.99,9.37,8.99,9.28,501475,9418376.00
2011-06-07,9.30,9.69,9.19,9.68,727816,14124968.00
2011-06-08,9.68,9.77,9.44,9.72,455973,8905060.00
2011-06-09,9.72,9.84,9.50,9.50,526531,10359232.00
2011-06-10,9.51,9.70,9.26,9.58,373289,7196733.00
2011-06-13,9.50,9.58,9.38,9.46,150241,2888172.75
2011-06-14,9.50,9.57,9.39,9.54,107349,2076837.25
2011-06-15,9.54,9.60,9.45,9.52,182125,3514233.75
2011-06-16,9.45,9.45,9.16,9.16,130400,2461850.00
2011-06-17,9.22,9.22,8.95,8.96,142100,2618515.50
2011-06-20,8.99,9.01,8.86,8.88,176886,3208378.75
2011-06-21,8.90,8.96,8.85,8.95,132900,2405209.50
2011-06-22,8.95,8.97,8.80,8.83,266491,4799962.50
2011-06-23,8.81,9.27,8.73,9.23,1505872,27636244.00
2011-06-24,9.13,9.50,9.09,9.42,724009,13650044.00
2011-06-27,9.35,9.78,9.35,9.69,1002212,19629086.00
2011-06-28,9.71,9.76,9.56,9.69,441532,8658493.00
2011-06-29,9.62,9.95,9.61,9.78,822971,16391499.00
2011-06-30,9.77,9.99,9.71,9.99,629096,12646326.00
2011-07-01,10.50,10.81,10.25,10.25,1412211,30053072.00
2011-07-04,10.10,10.45,10.10,10.44,494097,10373625.00
2011-07-05,10.44,10.44,10.29,10.38,475431,9974075.00
2011-07-06,10.38,10.39,10.24,10.34,408067,8537719.00
2011-07-07,10.35,10.68,10.29,10.38,668723,14197065.00
2011-07-08,10.35,10.53,10.25,10.34,229685,4819953.50
2011-07-11,10.24,10.35,10.14,10.30,199110,4163616.50
2011-07-12,10.14,10.29,9.89,9.93,623716,12699734.00
2011-07-13,10.03,10.15,9.94,10.11,463082,9420783.00
2011-07-14,10.15,10.30,10.10,10.26,367654,7605405.00
2011-07-15,10.27,10.70,10.19,10.56,1435772,30772906.00
2011-07-18,10.59,10.85,10.50,10.83,1108659,24137056.00
2011-07-19,10.78,10.84,10.64,10.64,774290,16901562.00
2011-07-20,10.78,10.79,10.40,10.52,437598,9342886.00
2011-07-21,10.46,10.60,10.27,10.53,688891,14554043.00
2011-07-22,10.55,10.56,10.31,10.43,291763,6190395.00
2011-07-25,10.43,10.43,9.94,10.05,357940,7333555.50
2011-07-26,9.95,10.25,9.95,10.05,443180,9057207.00
2011-07-27,10.02,10.48,9.95,10.48,491325,10280067.00
2011-07-28,10.40,10.64,10.21,10.62,482224,10238039.00
2011-07-29,10.64,10.64,10.33,10.38,424680,9039382.00
2011-08-01,10.34,10.51,10.25,10.43,201879,4259213.00
2011-08-02,10.47,10.49,10.08,10.44,298062,6244865.50
2011-08-03,10.43,10.83,10.28,10.71,738918,16020850.00
2011-08-04,10.65,10.80,10.61,10.76,340936,7391063.50
2011-08-05,10.36,11.20,10.36,10.92,1181053,26153466.00
2011-08-09,9.92,11.03,9.81,10.91,1708357,36333888.00
2011-08-10,10.96,11.35,10.96,11.35,1528090,34727024.00
2011-08-11,11.15,11.58,11.06,11.56,1097855,25413394.00
2011-08-12,11.65,11.69,11.43,11.50,848690,19795542.00
2011-08-15,11.45,11.49,11.20,11.40,737446,16968960.00
2011-08-16,11.40,11.57,11.27,11.37,562668,13002837.00
2011-08-17,11.45,12.17,11.35,11.94,1808584,43538196.00
2011-08-18,11.88,12.08,11.77,11.80,1109821,26842196.00
2011-08-19,11.38,12.04,11.37,12.01,1116178,26847396.00
2011-08-22,12.20,12.20,11.75,11.88,861414,20693324.00
2011-08-23,11.85,12.40,11.80,12.37,1214770,29874018.00
2011-08-25,12.29,12.37,11.89,12.35,1091217,26936972.00
2011-08-26,12.25,12.47,12.09,12.35,506167,12543504.00
2011-08-29,12.38,12.38,11.89,12.20,769002,18756090.00
2011-08-30,12.18,12.20,11.81,11.84,473807,11527714.00
2011-08-31,11.84,11.95,11.21,11.45,1693292,39127180.00
2011-09-01,11.45,11.62,11.31,11.58,496187,11597672.00
2011-09-02,11.55,11.88,11.24,11.73,467042,10871824.00
2011-09-05,11.61,11.61,11.23,11.51,315040,7266403.50
2011-09-06,11.37,11.51,10.88,11.11,423607,9613634.00
2011-09-07,11.29,11.61,11.10,11.51,486288,11252996.00
2011-09-08,11.55,11.63,11.43,11.48,201039,4686364.00
2011-09-09,11.50,11.53,11.20,11.39,96796,2228929.75
2011-09-13,11.25,11.25,10.86,11.10,84126,1884001.88
2011-09-14,11.10,11.25,10.95,11.25,115590,2596468.50
2011-09-15,11.25,11.37,11.12,11.20,149476,3417491.50
2011-09-16,11.34,11.38,11.13,11.18,198897,4542737.50
2011-09-19,11.13,11.14,10.60,10.75,93239,2062001.50
2011-09-20,10.80,10.91,10.70,10.71,66946,1467142.75
2011-09-21,10.87,11.14,10.73,11.07,290373,6482156.50
2011-09-22,11.01,11.07,10.80,10.85,96500,2135714.25
2011-09-23,10.84,11.10,10.40,10.40,310440,6694977.50
2011-09-26,10.53,10.55,10.26,10.35,270160,5692333.50
2011-09-27,10.54,10.75,10.08,10.26,189957,3969108.25
2011-09-28,10.32,10.49,9.86,10.15,421606,8625439.00
2011-09-29,10.13,10.28,9.88,10.06,218256,4477844.50
2011-09-30,9.93,10.19,9.69,10.15,300274,6068396.00
2011-10-10,10.16,10.20,9.77,10.15,291528,5902180.00
2011-10-11,10.21,10.45,9.12,9.19,723190,13982880.00
2011-10-12,9.10,9.53,8.91,9.53,390434,7406008.00
2011-10-13,9.53,10.08,9.51,10.08,384048,7658971.00
2011-10-14,10.09,10.09,9.70,9.96,269021,5419092.00
2011-10-17,10.10,10.13,9.75,9.97,310943,6301674.00
2011-10-18,9.78,10.30,9.78,10.08,530965,10915597.00
2011-10-19,9.79,9.99,9.78,9.85,790238,15809734.00
2011-10-20,9.85,9.90,9.09,9.40,676826,12897544.00
2011-10-21,9.21,9.35,8.89,9.03,614786,11318934.00
2011-10-24,9.02,9.23,8.80,8.85,622349,11382809.00
2011-10-25,9.03,9.19,8.82,9.04,522245,9605733.00
2011-10-26,9.02,9.42,9.00,9.41,1241747,23350170.00
2011-10-27,9.38,9.38,9.03,9.08,1951135,36194208.00
2011-10-28,9.14,10.00,9.11,10.00,2724124,52771908.00
2011-10-31,10.15,10.60,10.05,10.52,3379024,70609560.00
2011-11-01,10.34,10.43,10.24,10.34,1693172,35442956.00
2011-11-02,10.18,10.90,10.09,10.85,2326639,49479188.00
2011-11-03,10.83,10.95,10.39,10.45,2191756,47303100.00
2011-11-04,10.53,10.60,10.26,10.45,1331457,28109110.00
2011-11-07,10.40,10.59,10.35,10.45,763527,16221686.00
2011-11-08,10.52,10.72,10.22,10.25,1318847,28206524.00
2011-11-09,10.31,10.60,10.03,10.60,1453022,30382776.00
2011-11-10,10.47,11.09,10.45,10.82,2505259,55159036.00
2011-11-11,11.07,11.24,10.85,11.13,2783664,62306884.00
2011-11-14,11.28,11.67,11.23,11.30,3016285,69742912.00
2011-11-15,11.21,11.93,11.21,11.63,3045687,71759120.00
2011-11-16,11.63,11.95,10.95,11.10,3581267,82487392.00
2011-11-17,11.10,11.56,11.10,11.36,1811608,41623064.00
2011-11-18,11.25,11.33,11.05,11.24,1723637,39107020.00
2011-11-21,11.19,11.19,10.74,10.91,1019892,22606738.00
2011-11-22,10.90,11.29,10.76,11.27,779762,17492904.00
2011-11-23,11.28,11.60,11.23,11.40,938676,21666414.00
2011-11-24,11.30,11.45,11.07,11.34,696356,15959174.00
2011-11-25,11.40,11.60,11.27,11.35,713300,16479433.00
2011-11-28,11.35,11.47,10.95,11.03,1211618,27421682.00
2011-11-29,11.05,11.20,11.00,11.20,638727,14365607.00
2011-11-30,11.17,11.34,10.64,10.85,1055480,23266354.00
2011-12-01,11.18,11.29,10.91,11.02,772355,17352832.00
2011-12-02,10.86,10.90,10.60,10.66,483730,10518800.00
2011-12-05,10.56,10.56,10.16,10.20,570930,11882165.00
2011-12-06,10.33,10.34,10.09,10.23,469503,9727220.00
2011-12-07,10.13,10.34,10.13,10.20,88101,1827773.63
2011-12-08,10.14,10.50,10.11,10.37,325989,6863964.00
2011-12-09,10.43,10.54,10.25,10.31,224429,4718828.50
2011-12-12,10.21,10.43,9.96,9.97,173266,3576716.25
2011-12-13,9.95,9.99,9.75,9.81,545076,10867378.00
2011-12-14,9.85,9.93,9.70,9.89,195348,3905271.50
2011-12-15,9.72,10.13,9.72,10.08,330470,6681674.00
2011-12-16,10.08,10.30,9.95,10.20,523900,10730691.00
2011-12-19,10.10,10.29,9.89,10.24,285340,5816147.50
2011-12-20,10.21,10.39,9.96,10.10,296140,6099486.00
2011-12-21,10.10,10.35,9.85,9.85,260559,5353229.00
2011-12-22,9.65,9.94,9.37,9.90,601332,11666198.00
2011-12-23,9.85,10.00,9.76,9.85,427330,8604084.00
2011-12-26,9.75,10.01,9.75,9.81,104631,2102235.25
2011-12-27,9.71,9.85,9.39,9.54,382934,7413621.00
2011-12-28,9.30,9.68,8.98,9.60,324641,6116400.50
2011-12-29,9.31,9.68,9.31,9.55,185911,3573493.75
2011-12-30,9.58,9.85,9.48,9.85,275638,5423238.00
2012-01-04,9.94,9.95,9.75,9.76,366231,7315504.50
2012-01-05,9.60,10.05,9.10,9.59,685792,13115270.00
2012-01-06,9.47,9.50,9.00,9.10,532918,9866229.00
2012-01-09,9.17,9.44,8.85,9.35,283706,5284446.50
2012-01-10,9.37,9.83,9.28,9.77,456519,8937056.00
2012-01-11,9.69,10.03,9.68,9.93,458018,9172972.00
2012-01-12,9.97,9.97,9.63,9.71,292213,5802160.50
2012-01-13,9.61,9.73,9.00,9.07,989216,18486270.00
2012-01-16,9.09,9.10,8.15,8.15,976007,16540531.00
2012-01-17,7.79,8.38,7.32,8.22,3142349,49182188.00
2012-01-18,8.10,8.10,7.38,7.38,2824601,43549272.00
2012-01-19,7.25,7.58,7.16,7.54,1073268,16290317.00
2012-01-20,7.50,7.70,7.50,7.62,628758,9783382.00
2012-01-30,7.63,7.81,7.57,7.65,349732,5502092.50
2012-01-31,7.63,7.67,7.50,7.60,324877,5021768.50
2012-02-01,7.55,7.81,7.51,7.64,348480,5480166.00
2012-02-02,7.53,7.77,7.53,7.77,298750,4683003.00
2012-02-03,7.78,8.02,7.70,7.99,618779,9955261.00
2012-02-06,8.00,8.45,8.00,8.33,1658698,28026682.00
2012-02-07,8.18,8.44,8.18,8.25,765278,12810920.00
2012-02-08,8.29,8.44,8.19,8.44,496643,8446765.00
2012-02-09,8.35,8.48,8.30,8.39,551868,9444265.00
2012-02-10,8.38,8.39,8.16,8.25,422831,7143860.00
2012-02-13,8.00,8.46,8.00,8.40,905832,15276948.00
2012-02-14,8.39,8.48,8.23,8.35,541768,9227417.00
2012-02-15,8.38,8.47,8.25,8.44,927251,15814725.00
2012-02-16,8.50,8.69,8.46,8.69,1493568,26056606.00
2012-02-17,8.69,8.82,8.60,8.66,1101365,19489094.00
2012-02-20,8.78,8.79,8.65,8.65,777504,13752475.00
2012-02-21,8.60,8.71,8.39,8.69,636405,11092982.00
2012-02-22,8.78,8.97,8.71,8.95,1151028,20801208.00
2012-02-23,8.95,9.13,8.94,9.12,1167440,21398244.00
2012-02-24,9.12,9.14,9.00,9.05,583622,10744782.00
2012-02-27,9.14,9.22,9.01,9.08,940531,17423590.00
2012-02-28,8.99,9.07,8.61,8.73,1433598,25587108.00
2012-02-29,8.71,8.73,8.49,8.55,452310,7922413.00
2012-03-01,8.45,8.72,8.41,8.60,552508,9677344.00
2012-03-02,8.58,8.81,8.52,8.80,558320,9891239.00
2012-03-05,8.80,8.85,8.63,8.71,572082,10189181.00
2012-03-06,8.69,8.74,8.44,8.54,588662,10208905.00
2012-03-07,8.39,8.61,8.36,8.40,511254,8832399.00
2012-03-08,8.42,8.62,8.42,8.49,650573,11264538.00
2012-03-09,8.53,8.87,8.50,8.87,1070886,18979608.00
2012-03-12,8.87,9.04,8.81,8.91,1002281,18180392.00
2012-03-13,8.93,9.08,8.91,8.98,943576,17223848.00
2012-03-14,9.04,9.18,8.46,8.54,1281881,23347246.00
2012-03-15,8.54,8.64,8.18,8.24,907053,15342055.00
2012-03-16,8.32,8.60,8.24,8.58,786503,13406997.00
2012-03-19,8.58,8.93,8.56,8.89,818923,14614170.00
2012-03-20,8.89,9.35,8.71,8.84,2026016,37142700.00
2012-03-21,8.82,8.95,8.07,8.24,3389778,57364728.00
2012-03-22,8.16,8.22,7.94,8.03,2805571,45753752.00
2012-03-23,7.99,8.19,7.96,8.01,1652694,27268192.00
2012-03-26,7.99,8.08,7.88,7.91,828379,13438263.00
2012-03-27,7.91,8.03,7.88,7.92,474514,7685470.50
2012-03-28,7.90,7.90,7.40,7.45,1344512,20806942.00
2012-03-29,7.35,7.40,7.20,7.23,1419233,21154966.00
2012-03-30,7.29,7.53,7.26,7.42,1030948,15552048.00
2012-04-05,7.50,7.73,7.50,7.69,763250,11933393.00
2012-04-06,7.65,7.73,7.57,7.71,842286,13180021.00
2012-04-09,7.71,7.71,7.54,7.54,400123,6237672.50
2012-04-10,7.51,7.54,7.23,7.53,964794,14497442.00
2012-04-11,7.37,7.73,7.36,7.73,948809,14592366.00
2012-04-12,7.73,7.90,7.66,7.90,1154982,18401836.00
2012-04-13,7.85,7.99,7.78,7.78,1581787,25487818.00
2012-04-16,7.77,7.89,7.74,7.84,653733,10403419.00
2012-04-17,7.84,8.17,7.82,7.98,2745629,44871536.00
2012-04-18,7.99,8.35,7.92,8.29,1727022,28766416.00
2012-04-19,8.29,8.39,8.26,8.30,1293658,21905432.00
2012-04-20,8.30,8.51,8.21,8.46,901759,15388821.00
2012-04-23,8.38,8.45,8.12,8.15,1276760,21524318.00
2012-04-24,8.18,8.25,7.90,8.23,910596,14998618.00
2012-04-25,8.12,8.23,7.77,7.87,1329964,21512282.00
2012-04-27,7.93,7.93,7.65,7.80,1070765,16945546.00
2012-05-02,7.89,7.94,7.80,7.85,902649,14425984.00
2012-05-03,7.85,7.85,7.67,7.80,1118889,17711508.00
2012-05-04,7.77,7.94,7.77,7.93,928008,14875505.00
2012-05-07,7.90,7.99,7.80,7.98,1296654,20849784.00
2012-05-08,8.00,8.19,7.82,8.07,1821977,29652954.00
2012-05-09,7.95,8.02,7.81,7.82,977280,15724572.00
2012-05-10,7.84,8.03,7.78,8.00,1221668,19644044.00
2012-05-11,8.00,8.03,7.84,7.85,691737,11155093.00
2012-05-14,7.85,8.21,7.85,8.09,1878409,30882904.00
2012-05-15,8.03,8.50,7.91,8.43,2781857,46712772.00
2012-05-16,8.47,8.48,8.30,8.36,1478234,25115280.00
2012-05-17,8.31,8.45,8.20,8.40,1136789,19193172.00
2012-05-18,8.25,8.43,8.21,8.22,676123,11372759.00
2012-05-21,8.22,8.40,8.06,8.25,679486,11298618.00
2012-05-22,8.41,8.58,8.29,8.37,1786506,30260182.00
2012-05-23,8.39,8.48,8.20,8.33,1480253,24843994.00
2012-05-24,8.26,8.48,8.25,8.30,808455,13648523.00
2012-05-25,8.29,8.33,7.94,8.05,677539,11124481.00
2012-05-28,8.01,8.04,7.76,8.03,350043,5607744.50
2012-05-29,7.99,8.15,7.99,8.09,760273,12456992.00
2012-05-30,8.06,8.13,8.01,8.08,586836,9612281.00
2012-05-31,7.99,8.19,7.99,8.10,1334418,21925148.00
2012-06-01,8.14,8.26,8.06,8.08,858542,14174196.00
2012-06-04,7.91,7.94,7.71,7.71,752269,11900539.00
2012-06-05,7.74,7.79,7.41,7.48,1306113,19909970.00
2012-06-06,7.52,7.53,7.43,7.45,459453,6966694.00
2012-06-07,7.54,7.56,7.31,7.36,578062,8707528.00
2012-06-08,7.39,7.49,7.33,7.35,699180,10484033.00
2012-06-11,7.40,7.58,7.35,7.58,579428,8806896.00
2012-06-12,7.55,7.64,7.49,7.55,369928,5659763.00
2012-06-13,7.55,7.89,7.55,7.84,978945,15210263.00
2012-06-14,7.83,7.90,7.73,7.83,636733,10109327.00
2012-06-15,7.87,7.93,7.71,7.75,536194,8492651.00
2012-06-18,7.78,7.86,7.74,7.81,435570,6873479.50
2012-06-19,7.79,8.05,7.78,7.98,988497,15920865.00
2012-06-20,7.96,8.11,7.86,7.90,735968,11910217.00
2012-06-21,7.91,7.96,7.72,7.82,703541,11128360.00
2012-06-25,7.88,7.98,7.77,7.80,722447,11514877.00
2012-06-26,7.71,7.74,7.41,7.70,430163,6657112.00
2012-06-27,7.73,7.77,7.52,7.56,533491,8279040.00
2012-06-28,7.56,7.60,7.40,7.40,752332,11417541.00
2012-06-29,7.40,7.44,7.24,7.44,1469769,21789000.00
2012-07-02,7.40,7.56,7.36,7.46,1570640,23770024.00
2012-07-03,7.47,7.68,7.42,7.66,2257829,34723032.00
2012-07-04,7.66,7.69,7.57,7.65,669115,10330619.00
2012-07-05,7.64,7.64,7.45,7.45,529612,8098042.50
2012-07-06,7.54,7.54,7.28,7.50,917048,13758297.00
2012-07-09,7.43,7.50,7.34,7.35,508991,7664181.50
2012-07-10,7.35,7.43,7.14,7.21,1029343,15167381.00
2012-07-11,7.16,7.28,7.14,7.23,441466,6452422.50
2012-07-12,7.21,7.43,7.17,7.38,661074,9774181.00
2012-07-13,7.36,7.42,7.24,7.25,374089,5546794.50
2012-07-16,7.21,7.24,6.90,6.91,613251,8767010.00
2012-07-17,6.92,7.05,6.84,6.98,250315,3528153.25
2012-07-18,6.98,7.07,6.92,7.07,132827,1884333.75
2012-07-19,7.08,7.20,7.03,7.14,280032,4049665.75
2012-07-20,7.16,7.19,7.06,7.09,223442,3236967.50
2012-07-23,7.08,7.20,6.93,7.07,288925,4135868.00
2012-07-24,6.99,7.12,6.99,7.07,337638,4832231.00
2012-07-25,7.01,7.11,7.01,7.08,189780,2719768.00
2012-07-26,7.13,7.17,7.04,7.11,252243,3630858.50
2012-07-27,7.14,7.30,7.05,7.07,202884,2933695.75
2012-07-30,7.10,7.10,6.87,7.04,262936,3722732.75
2012-07-31,7.04,7.12,6.86,6.90,215481,3037208.50
2012-08-01,6.90,7.03,6.88,6.96,345564,4889752.00
2012-08-02,6.96,6.98,6.76,6.80,420088,5852780.50
2012-08-03,6.81,6.92,6.76,6.92,242913,3385782.50
2012-08-06,6.92,7.10,6.90,7.08,488935,6953111.50
2012-08-07,7.08,7.25,7.04,7.16,494037,7170679.50
2012-08-08,7.20,7.20,7.05,7.12,329976,4752235.50
2012-08-09,7.12,7.34,7.06,7.30,568660,8312022.00
2012-08-10,7.30,7.44,7.30,7.42,1112791,16667993.00
2012-08-13,7.43,7.43,7.32,7.32,406881,6056871.50
2012-08-14,7.32,7.45,7.18,7.45,468627,6922634.00
2012-08-15,7.48,7.48,7.30,7.41,432066,6446786.50
2012-08-16,7.34,7.40,7.24,7.26,170645,2529961.00
2012-08-17,7.24,7.29,7.19,7.25,400086,5875468.50
2012-08-20,7.19,7.27,7.17,7.25,181429,2654719.75
2012-08-21,7.25,7.54,7.25,7.48,752225,11355118.00
2012-08-22,7.52,7.57,7.38,7.49,435986,6595889.00
2012-08-23,7.53,7.57,7.40,7.55,537026,8153964.00
2012-08-24,7.48,7.54,7.32,7.33,507100,7624405.00
2012-08-27,7.28,7.29,7.09,7.09,424221,6186897.50
2012-08-28,7.09,7.23,6.98,7.20,400256,5768311.00
2012-08-29,7.17,7.24,7.08,7.13,327460,4754294.50
2012-08-30,7.08,7.17,6.84,7.04,589447,8328563.00
2012-08-31,6.91,7.05,6.91,7.04,160919,2287497.50
2012-09-03,6.99,7.24,6.98,7.21,509350,7401507.50
2012-09-04,7.15,7.48,7.15,7.35,1398981,20951108.00
2012-09-05,7.25,7.88,7.25,7.74,3015060,46594364.00
2012-09-06,7.74,7.80,7.58,7.70,1296775,20125298.00
2012-09-07,7.75,7.98,7.67,7.83,2416665,38238092.00
2012-09-10,7.80,8.02,7.71,7.93,1837648,29330022.00
2012-09-11,8.00,8.39,7.87,7.91,5804739,95570320.00
2012-09-12,7.90,7.92,7.70,7.82,1801864,28444912.00
2012-09-13,7.82,7.84,7.65,7.65,1129780,17738762.00
2012-09-14,7.74,7.80,7.64,7.72,892903,13964385.00
2012-09-17,7.71,7.71,7.36,7.38,1215895,18540776.00
2012-09-18,7.35,7.53,7.31,7.46,643768,9677034.00
2012-09-19,7.44,7.56,7.44,7.51,434883,6607865.50
2012-09-20,7.55,7.55,7.20,7.24,771839,11422862.00
2012-09-21,7.25,7.28,7.07,7.10,520991,7576340.50
2012-09-24,7.05,7.14,6.99,7.10,393335,5625515.00
2012-09-25,7.08,7.15,7.05,7.09,302157,4351543.00
2012-09-26,7.12,7.15,6.82,6.90,538744,7565502.00
2012-09-27,6.90,7.20,6.45,7.04,623764,8759534.00
2012-09-28,6.90,7.15,6.84,7.13,514145,7296682.50
2012-10-08,7.09,7.17,6.96,7.02,313681,4474506.00
2012-10-09,7.04,7.23,7.04,7.20,448371,6506834.00
2012-10-10,7.23,7.33,7.20,7.27,551742,8123879.50
2012-10-11,7.24,7.24,7.07,7.09,356593,5170164.00
2012-10-12,7.15,7.19,6.98,7.02,286969,4102977.75
2012-10-15,7.08,7.19,6.98,7.19,565822,8114677.00
2012-10-16,7.15,7.30,7.11,7.21,393580,5778514.50
2012-10-17,7.19,7.33,7.14,7.32,335741,4930932.00
2012-10-18,7.30,7.48,7.27,7.45,621623,9299569.00
2012-10-19,7.42,7.44,7.36,7.37,223518,3348149.50
2012-10-22,7.27,7.42,7.27,7.38,166933,2490034.50
2012-10-23,7.40,7.40,7.23,7.33,212857,3155523.00
2012-10-24,7.24,7.35,7.24,7.30,214850,3178303.00
2012-10-25,7.27,7.33,7.17,7.26,422156,6209680.50
2012-10-26,7.25,7.25,6.91,7.17,305563,4396665.00
2012-10-29,7.10,7.15,6.98,7.15,199764,2865990.75
2012-10-30,7.05,7.16,7.05,7.12,60824,876078.56
2012-10-31,7.08,7.27,7.05,7.27,296046,4307775.00
2012-11-01,7.25,7.35,7.22,7.33,516953,7659701.50
2012-11-02,7.33,7.33,7.25,7.28,193492,2858107.75
2012-11-05,7.30,7.30,7.23,7.25,191806,2821505.75
2012-11-06,7.25,7.25,7.05,7.17,397168,5744133.00
2012-11-07,7.20,7.20,7.11,7.11,72630,1050623.13
2012-11-08,7.06,7.10,6.97,7.03,362962,5158639.00
2012-11-09,6.97,7.03,6.90,6.90,423180,5965924.00
2012-11-12,6.91,6.99,6.87,6.94,277546,3889113.75
2012-11-13,6.95,6.95,6.72,6.93,432611,6003118.50
2012-11-14,6.89,6.96,6.80,6.94,222100,3103038.50
2012-11-15,6.91,6.91,6.74,6.80,446305,6160965.00
2012-11-16,6.72,6.79,6.65,6.75,523047,7104308.00
2012-11-19,6.67,6.74,6.55,6.58,321644,4317802.00
2012-11-20,6.63,6.63,6.18,6.23,1771089,22923464.00
2012-11-21,6.20,6.23,6.05,6.15,1888286,23528830.00
2012-11-22,6.11,6.13,5.91,6.01,959288,11771747.00
2012-11-23,5.99,6.09,5.99,6.03,744404,9133479.00
2012-11-26,6.05,6.05,5.94,6.05,437104,5330029.50
2012-11-27,6.01,6.01,5.74,5.84,920734,10971359.00
2012-11-28,5.77,5.84,5.66,5.72,521500,6101495.50
2012-11-29,5.72,5.77,5.66,5.66,467418,5440653.00
2012-11-30,5.68,5.72,5.64,5.70,292206,3374117.75
2012-12-03,5.70,5.70,5.52,5.60,495300,5649378.00
2012-12-04,5.54,5.71,5.46,5.69,460427,5220572.00
2012-12-05,5.65,5.91,5.64,5.84,918528,10883133.00
2012-12-06,5.86,5.95,5.78,5.79,659754,7826985.50
2012-12-07,5.81,5.96,5.73,5.93,781625,9329281.00
2012-12-10,5.95,6.04,5.91,6.01,805145,9766019.00
2012-12-11,6.01,6.01,5.89,5.92,672710,8127195.00
2012-12-12,5.95,5.95,5.81,5.91,532521,6367485.00
2012-12-13,5.91,6.00,5.86,5.89,574981,6940161.50
2012-12-14,5.90,6.16,5.86,6.13,1333650,16467671.00
2012-12-17,6.16,6.16,6.04,6.13,815029,10097638.00
2012-12-18,6.10,6.19,6.06,6.09,682624,8516666.00
2012-12-19,6.08,6.15,6.06,6.10,640593,7949975.50
2012-12-20,6.09,6.19,6.00,6.16,973871,12127887.00
2012-12-21,6.17,6.32,6.13,6.26,1264839,16003796.00
2012-12-24,6.29,6.37,6.25,6.30,1030365,13209196.00
2012-12-25,6.33,6.49,6.27,6.43,1109888,14407454.00
2012-12-26,6.43,6.61,6.40,6.60,1504517,19886754.00
2012-12-27,6.61,6.75,6.47,6.50,1475601,19774608.00
2012-12-28,6.49,6.58,6.41,6.55,932119,12310439.00
2012-12-31,6.58,6.58,6.45,6.48,886505,11690669.00
2013-01-04,6.51,6.55,6.40,6.47,816786,10698465.00
2013-01-07,6.44,6.64,6.43,6.62,942978,12496847.00
2013-01-08,6.58,6.76,6.53,6.71,1060522,14325560.00
2013-01-09,6.70,6.88,6.64,6.74,1712032,23492410.00
2013-01-10,6.74,6.81,6.65,6.71,946597,12911112.00
2013-01-11,6.74,6.84,6.64,6.65,1433261,19594804.00
2013-01-14,6.74,7.01,6.63,6.95,2195612,30570762.00
2013-01-15,6.94,7.13,6.94,7.05,1598961,22820784.00
2013-01-16,7.09,7.11,6.85,6.96,1352667,19142058.00
2013-01-17,6.92,6.98,6.81,6.86,924877,12877330.00
2013-01-18,6.89,6.99,6.80,6.94,904424,12648570.00
2013-01-21,6.93,7.05,6.91,7.01,822961,11655513.00
2013-01-22,7.08,7.22,6.78,6.85,1598227,22787982.00
2013-01-23,6.85,6.87,6.71,6.85,750613,10354716.00
2013-01-24,6.87,6.94,6.51,6.61,1243470,16949294.00
2013-01-25,6.60,6.67,6.58,6.60,452865,6085506.50
2013-01-28,6.65,6.88,6.58,6.88,796216,10876971.00
2013-01-29,6.82,6.95,6.76,6.93,1022361,14250694.00
2013-01-30,6.94,6.94,6.76,6.81,911797,12631596.00
2013-01-31,6.12,6.40,6.12,6.30,5340705,67280600.00
2013-02-01,6.17,6.28,6.12,6.23,2046829,25729364.00
2013-02-04,6.24,6.24,6.08,6.12,1453839,18158456.00
2013-02-05,6.11,6.19,6.08,6.18,800493,9964743.00
2013-02-06,6.17,6.24,6.17,6.20,945597,11922326.00
2013-02-07,6.20,6.30,6.19,6.29,988764,12533539.00
2013-02-08,6.29,6.47,6.28,6.43,1123944,14581888.00
2013-02-18,6.45,6.49,6.42,6.48,1376256,18041794.00
2013-02-19,6.47,6.49,6.35,6.37,1068583,13878060.00
2013-02-20,6.38,6.53,6.31,6.51,1312349,17206568.00
2013-02-21,6.49,6.63,6.38,6.43,1659065,21882970.00
2013-02-22,6.43,6.51,6.39,6.51,1122345,14721255.00
2013-02-25,6.60,6.83,6.45,6.59,1756757,23653480.00
2013-02-26,6.73,6.73,6.44,6.47,1562101,20888852.00
2013-02-27,6.45,6.53,6.28,6.38,1230431,15944976.00
2013-02-28,6.33,6.48,6.30,6.47,939858,12226509.00
2013-03-01,6.50,6.60,6.50,6.59,1802162,24005072.00
2013-03-04,6.56,6.56,6.32,6.34,1473603,19282090.00
2013-03-05,6.37,6.51,6.34,6.50,1128459,14746879.00
2013-03-06,6.50,6.66,6.50,6.62,1791946,24024112.00
2013-03-07,6.63,6.64,6.45,6.58,1429910,19105116.00
2013-03-08,6.58,6.63,6.53,6.55,919055,12253965.00
2013-03-11,6.51,6.58,6.47,6.56,665785,8828471.00
2013-03-12,6.60,6.61,6.15,6.24,1623693,20911492.00
2013-03-13,6.24,6.24,6.11,6.15,809638,10119265.00
2013-03-14,6.14,6.20,6.14,6.15,427251,5350274.50
2013-03-15,6.18,6.29,6.11,6.18,809285,10203449.00
2013-03-18,6.18,6.20,5.99,6.00,698921,8632386.00
2013-03-19,6.01,6.05,5.96,6.02,458055,5594818.00
2013-03-20,6.03,6.18,6.02,6.17,587798,7303082.00
2013-03-21,6.20,6.28,6.13,6.22,681466,8607309.00
2013-03-22,6.22,6.24,6.15,6.22,777588,9788334.00
2013-03-25,6.23,6.24,6.18,6.22,610183,7694279.00
2013-03-26,6.21,6.23,6.06,6.13,508566,6325845.50
2013-03-27,6.11,6.23,6.11,6.19,538032,6762808.00
2013-03-28,6.17,6.17,6.01,6.02,532570,6552012.00
2013-03-29,6.03,6.06,5.96,5.97,532776,6514703.50
2013-04-01,5.68,5.77,5.61,5.70,1796018,20714298.00
2013-04-02,5.66,5.68,5.57,5.60,912580,10454147.00
2013-04-03,5.60,5.60,5.54,5.55,723997,8201714.00
2013-04-08,5.52,5.53,5.43,5.53,767442,8581319.00
2013-04-09,5.55,5.62,5.53,5.61,665568,7576513.00
2013-04-10,5.56,5.62,5.51,5.58,731227,8271975.50
2013-04-11,5.59,5.62,5.57,5.61,710065,8079933.00
2013-04-12,5.60,5.60,5.49,5.53,468645,5292852.50
2013-04-15,5.50,5.51,5.44,5.46,392198,4364482.50
2013-04-16,5.44,5.69,5.38,5.60,769930,8589636.00
2013-04-17,5.58,5.62,5.53,5.62,522866,5937336.00
2013-04-18,5.61,5.62,5.56,5.60,392318,4467168.00
2013-04-19,5.62,5.75,5.62,5.73,1032197,11978322.00
2013-04-22,5.69,5.73,5.66,5.71,417727,4841056.50
2013-04-23,5.75,5.75,5.53,5.54,496367,5695592.50
2013-04-24,5.55,5.68,5.46,5.65,692208,7900504.00
2013-04-25,5.61,5.62,5.48,5.59,972503,10983163.00
2013-04-26,5.53,5.59,5.45,5.45,597805,6710219.00
2013-05-02,5.41,5.48,5.34,5.43,533168,5851573.50
2013-05-03,5.46,5.54,5.42,5.52,483983,5425467.00
2013-05-06,5.54,5.73,5.53,5.69,882909,10114373.00
2013-05-07,5.70,5.72,5.62,5.64,466464,5354402.50
2013-05-08,5.64,5.73,5.62,5.73,932807,10783332.00
2013-05-09,5.74,5.96,5.74,5.90,2156893,25669744.00
2013-05-10,5.85,5.92,5.80,5.85,1576046,18730254.00
2013-05-13,5.85,5.91,5.80,5.90,847666,10106897.00
2013-05-14,5.90,5.90,5.70,5.79,1004705,11783524.00
2013-05-15,5.79,5.89,5.75,5.88,919914,10923141.00
2013-05-16,5.87,6.00,5.82,5.98,1676710,20096092.00
2013-05-17,5.95,6.05,5.89,6.03,1620498,19628842.00
2013-05-20,6.05,6.22,6.03,6.16,2028878,25215166.00
2013-05-21,6.58,6.58,6.28,6.33,4011171,52006236.00
2013-05-22,6.33,6.49,6.20,6.23,2605395,33359622.00
2013-05-23,6.18,6.32,6.17,6.18,1487737,18774646.00
2013-05-24,6.23,6.38,6.19,6.35,1427063,18198898.00
2013-05-27,6.37,6.45,6.28,6.35,1781503,22901234.00
2013-05-28,6.29,6.38,6.08,6.12,1563086,19559422.00
2013-05-29,6.17,6.22,6.10,6.14,1048069,13064352.00
2013-05-30,6.13,6.24,6.12,6.19,1183475,14842186.00
2013-05-31,6.20,6.31,6.18,6.20,956756,12106007.00
2013-06-03,6.20,6.24,6.13,6.22,620201,7748816.50
2013-06-04,6.17,6.20,5.93,6.01,952130,11613978.00
2013-06-05,6.01,6.05,5.95,5.98,473732,5753077.00
2013-06-06,5.99,5.99,5.77,5.78,820489,9760860.00
2013-06-07,5.78,5.85,5.67,5.77,792301,9241757.00
2013-06-13,5.68,5.69,5.52,5.62,531242,6019918.00
2013-06-14,5.62,5.78,5.61,5.76,628571,7268922.00
2013-06-17,5.73,5.85,5.71,5.77,590901,6929898.50
2013-06-18,5.73,5.79,5.65,5.77,429588,4975186.50
2013-06-19,5.68,5.82,5.63,5.82,454022,5267865.00
2013-06-20,5.80,5.92,5.63,5.66,725439,8556747.00
2013-06-21,5.53,5.64,5.43,5.60,590715,6611450.50
2013-06-24,5.54,5.59,5.30,5.34,703694,7741574.50
2013-06-25,5.26,5.43,4.99,5.34,846582,9058708.00
2013-06-26,5.08,5.59,5.08,5.59,1087938,11937091.00
2013-06-27,5.60,5.61,5.36,5.38,805904,8987613.00
2013-06-28,5.33,5.42,5.22,5.28,366574,3954977.00
2013-07-01,5.28,5.41,5.22,5.40,464710,4998451.50
2013-07-02,5.39,5.50,5.34,5.47,653070,7190823.00
2013-07-03,5.43,5.59,5.30,5.59,1004787,11087640.00
2013-07-04,5.53,5.65,5.44,5.50,698340,7870932.00
2013-07-05,5.55,5.59,5.37,5.38,947967,10569363.00
2013-07-08,5.28,5.28,5.06,5.11,577505,6044390.00
2013-07-09,5.14,5.15,5.03,5.10,686318,7078069.50
2013-07-10,5.08,5.22,5.03,5.21,1294924,13433987.00
2013-07-11,5.20,5.48,5.15,5.36,2982260,31999492.00
2013-07-12,5.48,5.91,5.48,5.91,4591543,53924396.00
2013-07-15,5.92,6.42,5.92,6.24,9051636,113043608.00
2013-07-16,6.13,6.34,6.06,6.23,5083956,63768500.00
2013-07-17,6.17,6.56,6.06,6.37,6215907,80001040.00
2013-07-18,6.39,6.73,6.39,6.58,5595006,74315248.00
2013-07-19,6.52,6.65,6.15,6.15,5145170,66900316.00
2013-07-22,6.20,6.78,6.19,6.78,7626470,103034224.00
2013-07-23,6.95,7.46,6.91,7.42,15189465,222388128.00
2013-07-24,7.27,7.47,7.08,7.40,11605146,170352512.00
2013-07-25,7.27,7.34,6.66,6.82,8345115,117549464.00
2013-07-26,6.80,7.41,6.79,7.28,8680694,126099656.00
2013-07-29,7.05,7.25,6.73,6.80,5010042,69983704.00
2013-07-30,6.81,6.92,6.33,6.61,4158537,55310304.00
2013-07-31,6.62,6.81,6.51,6.63,2741595,37113108.00
2013-08-01,6.55,6.96,6.53,6.96,4347278,60299516.00
2013-08-02,6.99,7.13,6.81,6.83,5156106,72724000.00
2013-08-05,6.83,7.02,6.79,6.90,2716920,37916700.00
2013-08-06,6.93,7.16,6.83,6.98,4392491,62332612.00
2013-08-07,6.94,6.94,6.56,6.56,3844604,52184008.00
2013-08-08,6.56,6.73,6.52,6.62,1803422,24214492.00
2013-08-09,6.62,6.72,6.33,6.53,2499324,32944606.00
2013-08-12,6.52,6.61,6.39,6.57,2170888,28529462.00
2013-08-13,6.56,6.88,6.49,6.77,3406344,46343396.00
2013-08-14,6.77,6.99,6.65,6.86,4097824,56677628.00
2013-08-15,6.84,7.56,6.80,7.56,5423828,80372440.00
2013-08-16,7.60,8.27,7.15,7.37,12593142,198238128.00
2013-08-19,7.18,7.68,7.18,7.67,6716939,102052040.00
2013-08-20,7.61,7.90,7.43,7.79,6871722,106273528.00
2013-08-21,7.69,7.78,7.55,7.66,4644922,71640664.00
2013-08-22,7.66,7.70,7.41,7.48,5094257,77406808.00
2013-08-23,7.49,7.61,7.10,7.34,4344646,64789508.00
2013-08-26,7.29,7.70,7.29,7.63,4567972,70052032.00
2013-08-27,7.58,7.90,7.38,7.90,6118169,94203664.00
2013-08-28,7.87,8.22,7.55,7.55,8341099,133128168.00
2013-08-29,7.41,7.60,7.27,7.43,4747960,71140592.00
2013-08-30,7.33,7.43,6.81,6.92,4837013,69428040.00
2013-09-02,6.85,7.06,6.80,7.06,2047746,28813958.00
2013-09-03,7.00,7.13,6.95,7.07,2464989,35067160.00
2013-09-04,7.07,7.13,6.94,6.97,2115201,30067052.00
2013-09-05,7.00,7.25,6.93,7.18,3374895,48636172.00
2013-09-06,7.16,7.20,6.98,7.06,3164155,45112296.00
2013-09-09,7.07,7.09,6.86,6.98,2349498,33004712.00
2013-09-10,6.91,7.07,6.84,6.95,2420302,33965024.00
2013-09-11,6.92,6.93,6.61,6.64,2584071,35011668.00
2013-09-12,6.64,6.83,6.64,6.70,1667733,22696574.00
2013-09-13,6.66,6.98,6.66,6.93,2632403,36291572.00
2013-09-16,6.93,7.07,6.84,7.06,3385991,47901720.00
2013-09-17,7.03,7.09,6.78,6.81,2072812,28966514.00
2013-09-18,6.81,6.93,6.68,6.90,1461034,20118802.00
2013-09-23,6.88,7.16,6.88,7.14,3227000,46156512.00
2013-09-24,7.18,7.58,7.14,7.28,4544448,67702488.00
2013-09-25,7.35,7.42,7.08,7.16,2871094,42235252.00
2013-09-26,7.13,7.38,7.11,7.18,2794713,40973344.00
2013-09-27,7.30,7.67,7.19,7.50,3905261,59115164.00
2013-09-30,7.50,7.61,7.43,7.58,3338693,50830636.00
2013-10-08,8.10,8.10,7.33,7.58,4029653,61329224.00
2013-10-09,7.54,7.57,7.38,7.49,3624643,54666356.00
2013-10-10,7.51,7.63,7.23,7.36,3110179,46807800.00
2013-10-11,7.37,7.50,7.33,7.43,2419705,36287040.00
2013-10-14,7.45,7.88,7.40,7.75,4569845,71010560.00
2013-10-15,7.72,7.72,7.39,7.48,3114847,47337480.00
2013-10-16,7.47,7.52,7.14,7.27,2944172,43293604.00
2013-10-17,7.33,7.40,7.20,7.22,1730288,25501610.00
2013-10-18,7.22,7.50,7.18,7.28,1947675,28994600.00
2013-10-21,7.28,7.64,7.27,7.59,3014591,45719636.00
2014-02-21,8.35,8.35,8.35,8.35,79182,1334216.75
2014-02-24,9.20,9.20,9.20,9.20,35042,649678.69
2014-02-25,10.12,10.12,10.12,10.12,141206,2879190.25
2014-02-26,11.14,11.14,11.14,11.14,260408,5840951.50
2014-02-27,12.26,12.26,12.26,12.26,134114,3308592.50
2014-02-28,13.50,13.50,13.50,13.50,495460,13446784.00
2014-03-03,14.85,14.85,14.85,14.85,191277,5709618.50
2014-03-04,16.35,16.35,16.35,16.35,341279,11207602.00
2014-03-05,17.99,17.99,17.99,17.99,704165,25434440.00
2014-03-06,19.79,19.79,19.79,19.79,640077,25430260.00
2014-03-11,17.81,18.43,17.81,17.81,4428494,158503600.00
2014-03-12,16.02,16.02,16.02,16.02,956700,30786606.00
2014-03-13,14.55,15.83,14.41,14.78,13383654,396587104.00
2014-03-14,14.81,16.18,14.55,15.23,9880305,304089024.00
2014-03-17,14.78,15.98,14.68,15.69,6132399,190749680.00
2014-03-18,15.33,15.91,14.93,15.84,6318053,196837824.00
2014-03-19,15.69,16.83,15.51,15.66,6833740,222062592.00
2014-03-20,15.46,16.03,14.62,14.62,4623771,143736368.00
2014-03-21,14.40,14.52,13.63,14.15,4918202,138123616.00
2014-03-24,14.04,14.15,13.60,13.86,2976175,83058224.00
2014-03-25,13.70,14.17,13.70,14.17,2569203,72190728.00
2014-03-26,14.17,14.36,14.02,14.15,1920292,54788244.00
2014-03-27,14.13,14.58,13.06,13.22,3676182,101911176.00
2014-03-28,13.07,13.17,12.22,12.33,3755442,95761504.00
2014-03-31,12.39,12.56,12.08,12.38,1620659,40219512.00
2014-04-01,12.33,12.60,12.33,12.50,1594875,40054264.00
2014-04-02,12.67,12.78,12.09,12.24,2380730,59425328.00
2014-04-03,12.15,13.47,12.15,13.47,3703560,97090672.00
2014-04-04,13.99,14.34,13.78,14.18,5646255,159482656.00
2014-04-08,14.13,15.53,13.53,15.42,5735666,168533376.00
2014-04-09,15.20,16.97,15.11,16.97,6640857,215238864.00
2014-04-10,17.22,17.22,16.33,16.39,4980921,167368976.00
2014-04-11,16.31,16.64,15.81,16.41,4100238,133530648.00
2014-04-14,16.53,16.60,15.93,15.99,2909377,95012936.00
2014-04-15,15.61,15.85,15.19,15.52,3256399,101000320.00
2014-04-16,15.47,15.47,14.87,15.08,1972866,59562276.00
2014-04-17,15.13,16.48,15.02,16.03,3401871,108707168.00
2014-04-18,15.98,16.12,15.08,15.13,2364137,73035976.00
2014-04-21,14.44,15.47,14.41,15.13,1726836,52065860.00
2014-04-22,14.93,15.32,13.70,14.14,1988145,57698700.00
2014-04-23,14.32,14.77,14.25,14.63,1749157,50903988.00
2014-04-24,14.43,14.62,13.72,14.03,1125126,31890036.00
2014-04-25,14.16,15.41,13.93,14.44,1658250,49344024.00
2014-04-28,14.27,15.89,14.27,15.07,3247378,99001408.00
2014-04-29,14.88,14.88,13.63,14.53,2321216,66647256.00
2014-04-30,14.60,15.57,14.53,14.85,1936070,58483212.00
2014-05-05,14.73,15.78,14.18,15.65,2414647,72918104.00
2014-05-06,15.44,15.63,15.08,15.63,2160233,66919932.00
2014-05-07,15.33,15.45,14.65,14.65,1962068,59223456.00
2014-05-08,14.50,14.98,13.85,14.08,2397307,69118176.00
2014-05-09,14.11,14.16,13.72,13.78,2025263,56288708.00
2014-05-12,13.81,14.07,13.61,13.98,2272657,63242008.00
2014-05-13,14.05,14.28,13.93,14.20,1058870,29952032.00
2014-05-14,14.20,14.20,13.82,14.17,844306,23783454.00
2014-05-15,14.03,14.43,13.88,13.98,1155055,32956814.00
2014-05-16,14.01,14.01,12.68,13.40,1720126,45811168.00
2014-05-19,13.33,13.70,12.98,13.52,890781,24136812.00
2014-05-20,13.52,14.19,13.52,13.84,1234678,34679092.00
2014-05-21,13.93,15.10,13.83,14.96,1906274,56358780.00
2014-05-22,14.97,15.18,14.76,14.78,1468071,43995416.00
2014-05-23,14.88,15.26,14.70,15.18,1355082,40920936.00
2014-05-26,15.13,15.77,15.13,15.56,1905419,59662636.00
2014-05-27,15.57,15.71,15.22,15.47,1355057,42167032.00
2014-05-28,15.41,15.93,15.28,15.81,1191084,37576688.00
2014-05-29,15.79,15.81,15.18,15.25,963023,29855472.00
2014-05-30,15.23,15.81,15.03,15.68,973965,30362458.00
2014-06-03,15.68,16.01,15.58,15.71,920874,29286962.00
2014-06-04,15.43,15.60,15.31,15.39,650469,20136814.00
2014-06-05,15.42,15.73,15.28,15.68,773029,24090880.00
2014-06-06,15.94,17.02,15.94,16.36,2228620,73730536.00
2014-06-09,16.45,16.58,16.13,16.39,1386145,45612176.00
2014-06-10,16.48,16.88,16.08,16.24,1509841,49497020.00
2014-06-11,16.25,16.33,15.48,15.74,1953890,61761972.00
2014-06-12,15.59,15.97,15.58,15.65,799846,25305832.00
2014-06-13,15.65,15.92,15.52,15.76,934518,29486872.00
2014-06-16,15.89,16.33,15.65,16.06,1199395,38641024.00
2014-06-17,16.06,16.33,15.43,15.73,1238967,39868144.00
2014-06-18,15.67,15.99,15.43,15.45,864012,27197552.00
2014-06-19,15.37,15.62,13.90,14.13,1512150,44309556.00
2014-06-20,14.13,15.23,13.96,15.19,1106014,32858358.00
2014-06-23,15.19,15.83,15.08,15.83,1342085,42018520.00
2014-06-24,15.65,15.79,15.43,15.73,655488,20657816.00
2014-06-25,15.85,15.85,15.30,15.58,732927,22820620.00
2014-06-26,15.58,16.42,15.43,16.39,1834217,59631076.00
2014-06-27,16.45,16.87,16.23,16.48,1627090,53813660.00
2014-06-30,16.52,18.13,16.52,18.13,4646341,166003904.00
2014-07-01,18.18,18.43,17.21,17.34,3912617,137705472.00
2014-07-02,17.23,17.33,16.23,16.72,3401453,113181288.00
2014-07-03,16.63,16.73,16.38,16.64,1898356,62981600.00
2014-07-04,16.69,16.87,16.19,16.77,1954463,64556580.00
2014-07-07,16.68,16.68,16.23,16.51,928634,30586696.00
2014-07-08,16.58,16.63,16.17,16.40,1001771,32834688.00
2014-07-09,16.37,16.67,15.79,15.80,1880148,61042740.00
2014-07-10,15.88,16.20,15.70,15.85,1304322,41596876.00
2014-07-11,15.73,15.98,15.72,15.89,622924,19766334.00
2014-07-14,15.88,16.45,15.69,16.22,1200602,38827980.00
2014-07-15,16.97,17.23,16.29,16.50,3090120,103620520.00
2014-07-16,16.63,16.63,15.92,16.05,1231934,39953516.00
2014-07-17,16.02,16.02,15.79,15.90,519406,16523228.00
2014-07-18,15.99,15.99,15.48,15.59,664944,20912586.00
2014-07-21,15.51,15.78,15.24,15.63,692503,21414642.00
2014-07-22,15.54,15.93,15.50,15.83,849666,26833994.00
2014-07-23,15.83,15.86,15.33,15.33,734294,22866644.00
2014-07-24,15.33,15.33,14.78,14.87,1121647,33560904.00
2014-07-25,14.93,15.54,14.89,15.18,814500,24791228.00
2014-07-28,15.19,15.38,15.00,15.33,1373835,41923024.00
2014-07-29,15.43,15.68,15.33,15.62,1503149,46990124.00
2014-07-30,15.63,15.68,15.24,15.58,1080273,33362332.00
2014-07-31,15.58,15.58,15.28,15.51,1276231,39315028.00
2014-08-01,15.48,15.48,15.14,15.38,1176190,36088884.00
2014-08-04,15.38,15.52,15.23,15.44,790280,24402638.00
2014-08-05,15.46,15.72,15.21,15.65,1490575,46458992.00
2014-08-06,15.65,15.65,15.38,15.52,1076963,33361308.00
2014-08-07,15.52,15.62,15.33,15.44,882522,27387122.00
2014-08-08,15.51,16.26,15.47,16.12,2103486,67242256.00
2014-08-11,16.20,16.45,16.01,16.14,1654039,53436064.00
2014-08-12,16.20,16.23,15.88,16.14,1628235,52275692.00
2014-08-13,16.16,16.17,15.73,16.11,1068982,34222636.00
2014-08-14,16.08,16.45,15.93,16.17,1303765,42439676.00
2014-08-15,16.05,16.28,16.03,16.24,1023008,33120300.00
2014-08-18,16.23,16.82,16.16,16.64,2031826,67041944.00
2014-08-19,16.71,17.03,16.37,16.88,2216682,74230568.00
2014-08-20,16.93,16.98,16.33,16.35,1800759,59722264.00
2014-08-21,16.35,16.35,15.85,16.28,1475766,47406876.00
2014-08-22,16.22,16.25,16.09,16.17,821675,26594446.00
2014-08-25,16.10,16.77,16.10,16.35,1519703,50047284.00
2014-08-26,16.34,16.45,15.86,15.90,1099173,35270424.00
2014-08-27,15.74,15.96,15.62,15.84,1099224,34746408.00
2014-08-28,15.80,15.96,15.64,15.86,640987,20289228.00
2014-08-29,15.86,15.98,15.74,15.93,605676,19284714.00
2014-09-01,15.98,16.33,15.98,16.21,952677,30834822.00
2014-09-02,16.36,16.68,16.25,16.41,1926572,63657152.00
2014-09-03,16.63,17.10,16.47,16.97,3392346,114336312.00
2014-09-04,17.28,18.05,16.82,16.85,4716204,165186800.00
2014-09-05,16.94,18.37,16.87,17.99,5890153,210415264.00
2014-09-09,18.06,18.06,17.23,17.74,3704666,130076112.00
2014-09-10,17.50,17.73,17.24,17.54,1763509,61653896.00
2014-09-11,17.63,18.53,17.63,17.83,4446880,160755088.00
2014-09-12,17.92,18.32,17.54,18.27,1920614,69063504.00
2014-09-15,18.48,18.63,17.86,18.28,2055766,74648880.00
2014-09-16,18.19,18.28,17.14,17.17,3142813,111292936.00
2014-09-17,17.22,17.46,17.01,17.38,1208240,41734372.00
2014-09-18,17.37,17.56,17.17,17.25,798488,27740078.00
2014-09-19,17.29,17.49,17.12,17.26,843279,29173618.00
2014-09-22,17.26,17.47,17.02,17.45,1243802,43044656.00
2014-09-23,17.42,17.62,17.33,17.51,1041236,36481844.00
2014-09-24,17.73,18.36,17.64,17.92,1858257,66916140.00
2014-09-25,17.92,18.08,17.65,17.77,1674378,59633132.00
2014-09-26,17.68,17.78,17.53,17.77,1029123,36309552.00
2014-09-29,17.93,18.18,17.79,17.89,1576996,56669368.00
2014-09-30,17.86,18.11,17.81,17.93,1039910,37326924.00
2014-10-08,18.07,18.17,17.79,17.84,1468522,52679288.00
2014-10-09,17.96,17.97,17.38,17.58,1954013,68735944.00
2014-10-10,17.44,17.48,17.02,17.21,1554864,53725568.00
2014-10-13,17.08,17.44,16.89,17.42,1216486,41758504.00
2014-10-14,17.25,17.46,17.14,17.18,813518,28156570.00
2014-10-15,16.68,16.82,16.43,16.50,2461291,81545816.00
2014-10-16,16.43,16.43,16.22,16.25,1874271,61250188.00
2014-10-17,16.17,16.43,16.07,16.25,1132947,36886688.00
2014-10-20,16.35,16.57,16.32,16.51,732571,24193300.00
2014-10-21,16.58,16.78,16.53,16.58,862927,28795018.00
2014-10-22,16.58,16.75,16.42,16.42,647277,21539034.00
2014-10-23,16.28,16.39,15.88,15.88,866987,27973396.00
2014-10-24,15.80,16.02,15.68,15.69,780111,24746206.00
2014-10-27,15.53,15.85,15.53,15.84,525710,16578876.00
2014-10-28,15.84,16.18,15.84,16.15,681498,21965698.00
2014-10-29,16.20,16.63,16.13,16.54,989748,32544898.00
2014-10-30,16.68,16.73,16.24,16.32,857187,28258218.00
2014-10-31,16.34,16.62,16.13,16.13,730053,23780458.00
2014-11-03,16.16,16.26,15.98,16.10,950566,30684436.00
2014-11-04,16.12,17.15,16.02,17.12,2677139,90187136.00
2014-11-05,16.98,17.01,16.57,16.65,1029711,34599940.00
2014-11-06,16.65,16.81,16.58,16.79,933267,31261922.00
2014-11-07,16.79,16.98,16.52,16.52,923768,30918296.00
2014-11-10,16.52,16.66,16.50,16.55,1101002,36505636.00
2014-11-11,16.52,16.62,15.54,15.79,1244896,39531088.00
2014-11-12,15.79,15.98,15.67,15.92,571343,18181954.00
2014-11-13,15.78,15.94,15.13,15.23,1076920,33041618.00
2014-11-14,15.23,15.28,14.89,15.13,753563,22731808.00
2014-11-17,15.18,15.51,15.03,15.48,517391,15917314.00
2014-11-18,15.55,15.73,15.52,15.54,444478,13902515.00
2014-11-19,15.27,15.78,15.27,15.67,590735,18468234.00
2014-11-20,15.73,15.73,15.43,15.55,421266,13078884.00
2014-11-21,15.55,15.89,15.39,15.80,654199,20676756.00
2014-11-24,15.85,15.88,15.63,15.73,611107,19248890.00
2014-11-25,15.73,15.88,15.48,15.78,703932,22209044.00
2014-11-26,15.73,16.41,15.73,16.20,1255338,40585460.00
2014-11-27,16.20,16.23,16.00,16.04,811526,26135882.00
2014-11-28,16.02,16.04,15.58,15.82,1002441,31700244.00
2014-12-01,15.63,15.82,15.25,15.38,1059171,32771306.00
2014-12-02,15.31,15.94,15.24,15.68,763697,24065906.00
2014-12-03,15.73,15.73,14.91,15.32,1539286,46826616.00
2014-12-04,15.01,15.72,14.91,15.68,3687176,111595128.00
2014-12-05,15.49,15.53,15.04,15.33,2519583,76840688.00
2014-12-08,15.27,15.27,14.62,14.65,2022120,59910516.00
2014-12-09,14.65,14.75,13.24,13.43,1928042,53803764.00
2014-12-18,12.48,14.48,12.48,13.50,3862327,105924816.00
2014-12-19,13.55,14.31,13.55,14.31,2527907,71011592.00
2014-12-22,14.32,14.73,12.88,12.91,2115722,58390856.00
2014-12-23,12.52,13.39,12.52,12.97,1099738,28485492.00
2014-12-24,13.16,13.25,12.88,12.97,944541,24713258.00
2014-12-25,12.97,13.42,12.93,13.25,1519593,40232432.00
2014-12-26,13.35,13.38,13.06,13.26,825350,21814368.00
2014-12-29,13.24,13.24,12.00,12.46,1663141,41499976.00
2014-12-30,12.56,12.56,11.53,11.96,1551761,37175716.00
2014-12-31,11.96,12.25,11.73,12.11,785432,18989682.00
2015-01-05,12.23,12.23,11.25,11.45,1579590,36290036.00
2015-01-06,11.43,11.95,11.38,11.94,1465497,34295096.00
2015-01-07,11.98,12.07,11.55,11.73,1663721,39173956.00
2015-01-08,11.68,11.95,11.56,11.91,1302279,30913616.00
2015-01-09,11.92,12.23,11.81,11.88,1598753,38542060.00
2015-01-12,11.70,11.92,11.49,11.91,1035640,24358260.00
2015-01-13,11.97,13.10,11.93,13.10,3069739,77393624.00
2015-01-14,13.23,13.74,13.10,13.71,5167542,139778416.00
2015-01-15,13.71,14.27,13.39,13.48,4993279,138375440.00
2015-01-16,13.39,14.15,13.23,14.07,2958409,82605472.00
2015-01-19,13.78,14.59,13.74,14.17,4275945,122469504.00
2015-01-20,14.08,15.23,14.03,15.17,3138818,94053760.00
2015-01-21,15.35,15.40,14.84,15.20,2641217,79382296.00
2015-01-22,14.73,15.43,14.68,15.23,2712217,81842112.00
2015-01-23,15.27,15.27,14.09,14.23,3063596,89750384.00
2015-01-26,14.28,14.75,14.27,14.48,2299162,67181384.00
2015-01-27,14.47,14.73,13.95,14.30,2945500,84330584.00
2015-01-28,14.59,15.74,14.58,15.74,4280873,132188096.00
2015-01-29,16.73,16.73,15.47,15.69,7229607,232816464.00
2015-01-30,15.48,16.08,15.33,15.72,3609632,114039944.00
2015-02-02,15.13,16.47,14.98,16.23,4538246,143688576.00
2015-02-03,16.13,17.84,16.12,17.37,5272821,183183536.00
2015-02-04,17.16,17.59,16.90,17.05,2177543,75263824.00
2015-02-05,16.68,18.75,16.68,18.75,6193396,227749088.00
2015-02-06,18.93,19.78,17.78,18.18,5508473,206046384.00
2015-02-09,18.37,20.00,18.18,19.62,6664297,263114896.00
2015-02-10,19.62,20.11,18.88,19.45,4097376,159804864.00
2015-02-11,19.93,21.03,19.48,20.10,3681263,148644992.00
2015-02-12,20.12,20.23,19.42,19.65,2526940,100222904.00
2015-02-13,19.88,20.48,19.43,19.90,2928401,117014168.00
2015-02-16,20.13,20.47,19.48,20.13,3243550,129691032.00
2015-02-17,19.93,22.14,19.92,22.14,4693650,203153824.00
2015-02-25,23.23,23.38,20.73,20.83,4812207,212183536.00
2015-02-26,20.83,21.93,20.13,20.53,4101352,171918640.00
2015-02-27,20.70,21.73,20.52,21.20,3056354,128779656.00
2015-03-02,21.20,22.73,20.48,22.53,3331345,144978592.00
2015-03-03,22.22,22.98,21.88,21.88,2943542,132238752.00
2015-03-04,21.88,24.07,21.87,23.58,3064593,143498112.00
2015-03-05,23.48,25.94,23.18,25.73,3761081,190622496.00
2015-03-06,25.73,25.83,23.15,23.33,3758555,179973664.00
2015-03-09,22.98,24.23,22.26,23.47,2137684,99560280.00
2015-03-10,23.20,25.16,22.98,24.48,2015853,98242928.00
2015-03-11,24.47,24.47,23.08,23.61,2583645,121920280.00
2015-03-12,23.96,23.96,21.55,22.33,2436150,108701952.00
2015-03-13,24.56,24.56,24.56,24.56,999578,49149252.00
2015-03-16,27.02,27.02,27.02,27.02,160700,8692263.00
2015-03-17,29.73,29.73,29.73,29.73,208805,12423898.00
2015-03-18,31.93,32.70,28.83,32.70,8153342,523204544.00
2015-03-19,32.48,34.01,31.13,31.63,5498478,353861120.00
2015-03-20,31.15,34.79,31.15,34.79,5245285,355860416.00
2015-03-23,35.51,38.27,34.14,38.27,3209818,237672784.00
2015-03-24,40.90,41.92,35.98,39.87,7640560,601190656.00
2015-04-10,39.98,43.86,38.99,43.86,6232005,527296512.00
2015-04-13,43.23,48.23,40.15,45.73,6021119,527597856.00
2015-04-14,47.03,47.48,42.48,43.18,4038988,364328640.00
2015-04-15,41.98,42.13,38.86,38.86,3422181,275920288.00
2015-04-16,36.55,40.30,36.38,36.73,6368023,484331360.00
2015-04-17,36.98,37.73,35.73,36.06,3532891,259855744.00
2015-04-20,36.27,38.40,35.63,36.48,3485996,257026672.00
2015-04-21,36.58,40.13,36.23,40.13,4051500,312808768.00
2015-04-22,40.98,43.34,39.98,42.43,3873100,324586816.00
2015-04-23,43.58,44.40,40.73,41.48,2899681,248048336.00
2015-04-24,40.48,41.53,37.48,39.98,5616681,437383872.00
2015-04-27,39.77,40.78,37.23,38.87,5380334,421618688.00
2015-04-28,38.98,39.63,34.98,35.32,4603427,335681344.00
2015-04-29,35.33,36.97,34.61,36.47,2969074,215147136.00
2015-04-30,36.48,38.38,35.23,36.99,6047013,447377888.00
2015-05-04,36.13,36.98,34.63,35.25,3381353,241370128.00
2015-05-05,35.58,36.72,34.98,35.60,2765822,199172928.00
2015-05-06,35.98,39.17,35.98,37.82,6939712,529249152.00
2015-05-07,38.57,40.86,37.38,37.56,6049257,468686432.00
2015-05-08,38.78,41.32,38.76,41.32,3460817,279649024.00
2015-05-11,45.45,45.45,45.45,45.45,990668,90101256.00
2015-05-12,50.00,50.00,50.00,50.00,339043,33921252.00
2015-05-13,50.98,55.01,47.98,55.01,4317382,460130464.00
2015-05-14,56.98,58.98,49.50,49.50,8445266,907805376.00
2015-05-15,49.47,52.83,46.48,51.83,6191500,628544896.00
2015-05-18,53.27,57.01,53.18,57.01,2085222,232946432.00
2015-05-19,59.57,62.72,56.88,60.38,9002412,1081539840.00
2015-05-20,57.98,64.27,57.98,61.23,5506956,675914624.00
2015-05-21,59.98,60.72,57.48,59.38,6984231,821511552.00
2015-05-22,60.28,65.32,57.99,62.73,7721078,963866752.00
2015-05-25,57.98,62.42,56.45,58.96,6034352,710593856.00
2015-05-26,59.49,64.86,58.51,64.86,4118039,513001696.00
2015-05-27,66.48,71.35,64.98,69.06,4168001,575141760.00
2015-05-28,67.48,68.86,62.24,62.24,3737987,489856576.00
2015-05-29,62.05,68.47,59.57,68.40,3982742,527752640.00
2015-06-01,68.98,75.25,67.38,73.98,3751312,546596416.00
2015-06-02,72.88,76.82,69.88,75.68,3991046,588604608.00
2015-06-03,74.35,77.78,70.08,73.60,2843729,416739232.00
2015-06-04,73.47,75.97,66.48,72.09,2481633,355183616.00
2015-06-05,73.08,75.68,67.11,68.68,3079276,439877376.00
2015-06-08,65.06,66.07,61.81,61.81,3600666,449543328.00
2015-06-09,62.78,65.98,59.85,63.07,3498992,442524992.00
2015-06-10,62.58,65.73,60.38,64.10,3211929,411446368.00
2015-06-11,67.48,70.50,65.48,67.98,4212228,576309376.00
2015-06-12,68.31,69.38,65.93,66.74,2831217,384868480.00
2015-06-15,65.00,66.66,60.07,60.07,4394337,268435056.00
2015-06-16,55.90,57.33,54.06,54.10,11636610,634019712.00
2015-06-17,54.01,55.50,51.01,54.89,7723106,413164768.00
2015-06-18,55.38,55.50,49.40,49.40,12631159,641699520.00
2015-06-19,47.01,50.00,45.80,46.00,9518461,451272640.00
2015-06-23,45.60,48.00,41.85,47.04,9014926,415126496.00
2015-06-24,47.51,47.99,42.50,44.44,13196675,589948800.00
2015-06-25,44.44,44.69,40.00,40.00,11445390,483280704.00
2015-06-26,38.02,38.90,36.00,36.12,13895286,513593792.00
2015-06-29,37.01,37.66,32.51,35.01,16739122,591015168.00
2015-06-30,34.80,38.51,34.10,38.51,13385354,494673216.00
2015-07-01,42.36,42.36,39.60,39.60,17124357,713245312.00
2015-07-02,40.00,43.56,38.23,41.50,20580578,852338944.00
2015-07-03,38.11,44.00,37.35,37.35,18351266,722432256.00
2015-07-06,41.09,41.09,33.62,33.62,14276481,521146880.00
2015-07-07,30.26,30.26,30.26,30.26,750900,22722234.00
2015-07-10,33.29,33.29,32.01,33.29,5829735,193756848.00
2015-07-13,36.61,36.62,32.97,36.62,20134393,723703808.00
2015-07-14,37.00,40.28,35.70,39.72,20427284,796000960.00
2015-07-15,37.93,39.13,35.75,35.75,6666688,245231552.00
2015-07-16,32.18,36.00,32.18,32.18,20729101,688036544.00
2015-07-17,32.49,35.40,31.50,35.26,15808597,535065952.00
2015-07-20,35.87,38.10,34.70,37.45,19317150,705732864.00
2015-07-21,35.91,38.85,35.01,37.45,16848112,621587072.00
2015-07-22,36.99,41.20,36.29,41.20,18060806,722154112.00
2015-07-23,42.90,43.43,40.28,42.50,22553919,945610560.00
2015-07-24,42.02,43.91,38.55,39.50,19278898,807937920.00
2015-07-27,37.50,39.01,35.55,35.55,14338490,532883712.00
2015-07-28,32.01,34.30,32.00,32.00,15997458,516566496.00
2015-07-29,32.70,33.84,28.88,33.69,16940875,521389056.00
2015-07-30,32.32,33.20,30.32,30.32,11854834,379362368.00
2015-07-31,28.74,30.50,27.29,27.43,10147372,293297568.00
2015-08-03,25.95,25.95,24.69,24.69,10823850,270206176.00
2015-08-04,24.90,27.16,24.69,27.16,8127265,210898048.00
2015-08-05,28.51,28.78,26.16,26.61,11560595,320672768.00
2015-08-06,25.05,26.58,24.80,26.05,6847554,176445344.00
2015-08-07,26.60,28.66,26.60,28.66,7311444,204847664.00
2015-08-10,30.40,31.53,29.46,31.10,15612359,474332224.00
2015-08-11,30.70,32.46,30.05,31.13,12747269,398823808.00
2015-08-12,30.40,31.75,30.23,30.50,9660916,298820928.00
2015-08-13,29.92,31.99,29.46,31.99,9478086,292195872.00
2015-08-14,32.90,33.50,31.10,31.18,11899419,385184352.00
2015-08-17,30.80,30.80,29.20,30.30,10168898,304358784.00
2015-08-18,30.30,31.80,27.27,27.27,11754031,345502880.00
2015-08-19,26.01,28.50,24.88,28.09,9932918,263068112.00
2015-08-20,27.30,29.44,27.15,27.36,8763989,246230016.00
2015-08-21,26.00,26.90,24.95,24.99,8077886,209152048.00
2015-08-24,23.01,23.60,22.49,22.49,3845237,87351528.00
2015-08-25,20.24,21.34,20.24,20.24,5674005,115271056.00
2015-08-26,20.19,20.62,18.22,18.22,7887259,153487840.00
2015-08-27,18.88,20.04,18.01,19.98,10401723,200984528.00
2015-08-28,20.57,21.59,19.60,21.59,15004991,306833152.00
2015-08-31,20.88,21.30,19.43,19.43,8758112,177875520.00
2015-09-01,19.02,19.98,17.49,17.49,9613762,177769760.00
2015-09-02,16.02,19.24,16.00,17.70,14176645,255773248.00
2015-09-07,18.43,19.47,18.09,19.47,16343731,313337728.00
2015-09-08,19.40,21.42,18.31,21.42,15528791,303473248.00
2015-09-09,21.30,23.15,21.00,22.62,16552409,369498304.00
2015-09-10,22.09,22.47,21.35,21.63,7850440,172733936.00
2015-09-11,21.72,22.58,21.60,22.14,8007647,177455376.00
2015-09-14,22.20,22.45,19.93,19.93,6648383,139074496.00
2015-09-15,18.20,19.00,17.94,17.94,9113017,165387024.00
2015-09-16,18.13,19.73,17.50,19.73,11902732,223675680.00
2015-09-17,20.11,21.25,19.50,19.78,13233302,272338016.00
2015-09-22,22.62,22.62,22.62,22.62,0,0.00
数据来源:通达信
