300132 青松股份 日线 前复权
      日期	    开盘	    最高	    最低	    收盘	    成交量	    成交额
2010-10-26,5.23,5.59,5.16,5.22,11018098,352290592.00
2010-10-27,5.29,5.72,5.02,5.57,6059877,193974608.00
2010-10-28,5.37,5.54,5.25,5.31,3665445,117786640.00
2010-10-29,5.28,5.48,5.19,5.31,2886718,92066960.00
2010-11-01,5.34,5.49,5.30,5.40,3347571,107826392.00
2010-11-02,5.40,5.55,5.09,5.13,3075584,97924296.00
2010-11-03,5.02,5.06,4.78,4.87,2141848,62634572.00
2010-11-04,4.86,4.96,4.85,4.95,1303848,38311756.00
2010-11-05,4.95,5.01,4.89,4.99,919338,27251396.00
2010-11-08,4.92,5.14,4.92,5.14,1215528,36814804.00
2010-11-09,5.19,5.43,5.11,5.34,2043579,64474020.00
2010-11-10,5.30,5.48,5.30,5.43,1437126,46291504.00
2010-11-11,5.38,5.62,5.32,5.36,1876257,61111864.00
2010-11-12,5.31,5.42,5.11,5.13,1172951,36697964.00
2010-11-15,5.14,5.47,5.14,5.45,1273600,40566032.00
2010-11-16,5.47,5.61,5.26,5.33,1475171,47812812.00
2010-11-17,5.33,5.37,5.03,5.06,1476308,45653520.00
2010-11-18,5.05,5.27,4.85,5.27,2162190,64983680.00
2010-11-19,5.24,5.38,5.18,5.38,1679685,53020188.00
2010-11-22,5.37,5.83,5.34,5.69,2578375,86321896.00
2010-11-23,5.64,5.69,5.42,5.61,1374879,45528172.00
2010-11-24,5.54,5.80,5.52,5.74,1256549,42673184.00
2010-11-25,5.74,5.95,5.57,5.66,1866409,64004756.00
2010-11-26,5.63,5.74,5.59,5.71,1073970,36256476.00
2010-11-29,5.74,5.76,5.67,5.76,892814,30388424.00
2010-11-30,5.71,5.80,5.31,5.52,1538740,50510824.00
2010-12-01,5.40,5.53,5.40,5.50,627176,20509378.00
2010-12-02,5.54,5.66,5.46,5.49,636715,20934060.00
2010-12-03,5.49,5.52,5.26,5.35,974723,31152654.00
2010-12-07,5.19,5.45,5.16,5.43,864858,27584790.00
2010-12-08,5.40,5.44,5.37,5.40,278486,8972109.00
2010-12-09,5.40,5.43,5.29,5.33,647779,20755710.00
2010-12-10,5.29,5.43,5.26,5.40,394119,12627947.00
2010-12-13,5.45,5.63,5.42,5.62,951317,31525366.00
2010-12-14,5.64,5.75,5.61,5.64,808620,27226040.00
2010-12-15,5.65,5.74,5.61,5.64,710880,23995990.00
2010-12-16,5.60,5.74,5.60,5.62,629496,21221224.00
2010-12-17,5.67,5.94,5.63,5.89,1399727,48301136.00
2010-12-20,5.91,6.04,5.68,5.99,1538848,53938016.00
2010-12-21,5.94,6.39,5.94,6.21,1919214,70736952.00
2010-12-22,6.15,6.28,6.12,6.15,798086,29367930.00
2010-12-23,6.12,6.18,5.84,5.88,981713,34689436.00
2010-12-24,5.83,5.86,5.56,5.66,688311,23320404.00
2010-12-27,5.64,5.80,5.50,5.50,556586,18800626.00
2010-12-28,5.50,5.59,5.42,5.56,419352,13755465.00
2010-12-29,5.55,5.64,5.53,5.64,517569,17256568.00
2010-12-30,5.61,5.75,5.59,5.66,360196,12159467.00
2010-12-31,5.69,6.00,5.60,6.00,858357,29814488.00
2011-01-04,6.03,6.28,5.91,6.28,959830,34970276.00
2011-01-05,6.23,6.37,6.09,6.17,653459,24074602.00
2011-01-06,6.11,6.29,6.07,6.21,514552,18848966.00
2011-01-07,6.14,6.28,5.89,5.96,765972,27893034.00
2011-01-10,5.95,6.01,5.72,5.84,445227,15552248.00
2011-01-11,5.73,5.87,5.73,5.83,254080,8749919.00
2011-01-12,5.81,6.04,5.81,5.98,534104,18835458.00
2011-01-13,5.98,6.02,5.78,5.78,483524,16973820.00
2011-01-14,5.75,5.76,5.39,5.45,699954,23040302.00
2011-01-17,5.42,5.47,5.25,5.27,537385,17113378.00
2011-01-18,5.20,5.33,5.20,5.31,323578,10168947.00
2011-01-19,5.29,5.52,5.22,5.51,361043,11627388.00
2011-01-20,5.52,5.52,5.12,5.12,473600,15018705.00
2011-01-21,5.08,5.22,4.98,5.14,369741,11282981.00
2011-01-24,5.14,5.18,4.67,4.72,486370,14239205.00
2011-01-25,4.69,4.80,4.50,4.63,361521,10063450.00
2011-01-26,4.48,4.92,4.41,4.88,2300844,63328916.00
2011-01-27,4.72,4.89,4.70,4.83,1131090,32390898.00
2011-01-28,4.78,4.86,4.71,4.79,830423,23773724.00
2011-01-31,4.74,4.86,4.73,4.85,574765,16531667.00
2011-02-01,4.86,4.87,4.78,4.80,403297,11620736.00
2011-02-09,4.75,4.80,4.59,4.61,566921,15959358.00
2011-02-10,4.60,4.84,4.60,4.84,614571,17544322.00
2011-02-11,4.84,4.97,4.83,4.91,589486,17348406.00
2011-02-14,4.93,5.07,4.93,5.05,872157,26241796.00
2011-02-15,5.07,5.46,5.07,5.28,1504644,47787424.00
2011-02-16,5.30,5.42,5.28,5.38,772422,24627424.00
2011-02-17,5.45,5.45,5.25,5.35,620959,19658880.00
2011-02-18,5.35,5.62,5.35,5.54,906435,29823336.00
2011-02-21,5.54,5.66,5.46,5.55,920389,30401604.00
2011-02-22,5.56,5.56,5.19,5.19,983215,31393392.00
2011-02-23,5.17,5.38,5.13,5.32,634569,20015758.00
2011-02-24,5.32,5.52,5.25,5.40,558560,17967630.00
2011-02-25,5.28,5.40,5.25,5.31,328739,10401888.00
2011-02-28,5.43,5.44,5.32,5.41,299624,9627357.00
2011-03-01,5.38,5.50,5.34,5.50,494644,15970497.00
2011-03-02,5.47,5.57,5.40,5.49,419014,13684209.00
2011-03-03,5.47,5.52,5.24,5.26,424627,13621384.00
2011-03-04,5.31,5.40,5.24,5.37,212249,6715003.50
2011-03-07,5.38,5.41,5.32,5.39,337688,10816498.00
2011-03-08,5.37,5.46,5.33,5.45,387900,12514580.00
2011-03-09,5.50,5.50,5.40,5.46,341744,11090888.00
2011-03-10,5.50,5.70,5.47,5.69,1180948,39510328.00
2011-03-11,5.72,5.89,5.72,5.78,1089493,37586680.00
2011-03-14,5.71,5.94,5.66,5.88,918096,31826828.00
2011-03-15,5.88,5.92,5.66,5.88,1141832,39277388.00
2011-03-16,5.78,6.05,5.63,5.96,1762247,60655468.00
2011-03-17,5.85,5.92,5.72,5.76,770305,26611250.00
2011-03-18,5.80,5.83,5.74,5.79,432653,14875888.00
2011-03-21,5.79,5.86,5.73,5.75,382609,13167757.00
2011-03-22,5.76,5.76,5.61,5.63,481471,16237125.00
2011-03-23,5.66,5.70,5.60,5.69,468745,15778810.00
2011-03-24,5.83,5.97,5.78,5.78,1595493,55669516.00
2011-03-25,5.76,5.96,5.76,5.91,891398,31315822.00
2011-03-28,6.00,6.42,5.97,6.21,2294702,85025320.00
2011-03-29,6.23,6.23,5.89,5.93,785043,28238292.00
2011-03-30,5.87,6.11,5.84,5.97,829464,29421388.00
2011-03-31,5.94,6.15,5.92,5.97,691315,24898896.00
2011-04-01,5.97,6.11,5.92,6.06,432233,15418512.00
2011-04-07,6.02,6.27,5.89,6.16,462004,16774252.00
2011-04-08,6.13,6.26,6.10,6.24,356280,13080063.00
2011-04-11,6.21,6.35,6.03,6.04,378991,13781838.00
2011-04-12,6.04,6.17,5.91,5.95,506252,18116022.00
2011-04-13,5.99,6.03,5.81,5.97,332651,11678858.00
2011-04-14,5.92,6.02,5.92,5.95,362052,12813687.00
2011-04-15,5.92,5.96,5.77,5.78,458008,15881203.00
2011-04-18,5.79,6.09,5.78,6.09,604152,21557920.00
2011-04-19,6.05,6.33,5.80,6.08,1970575,39634296.00
2011-04-20,6.16,6.16,5.80,5.92,1049902,20284694.00
2011-04-21,5.86,6.00,5.61,5.65,1416443,26912688.00
2011-04-22,5.64,6.11,5.62,6.02,1198328,23065542.00
2011-04-25,5.92,6.07,5.73,5.91,1189934,23243144.00
2011-04-26,5.83,5.92,5.72,5.88,420615,8016450.50
2011-04-27,5.89,5.99,5.86,5.95,372576,7210044.00
2011-04-28,5.99,5.99,5.54,5.57,740277,13944094.00
2011-04-29,5.57,5.74,5.46,5.73,328090,6082807.00
2011-05-03,5.77,5.83,5.61,5.72,374321,6980443.00
2011-05-04,5.65,5.89,5.55,5.74,521387,9829689.00
2011-05-05,5.65,5.78,5.60,5.70,246340,4611144.50
2011-05-06,5.65,5.76,5.62,5.71,321114,5990537.50
2011-05-09,5.64,5.75,5.64,5.67,255321,4777413.50
2011-05-10,5.70,5.71,5.62,5.68,332763,6177842.00
2011-05-11,5.63,5.74,5.59,5.70,353089,6536238.00
2011-05-13,5.63,5.64,5.25,5.37,845978,15047235.00
2011-05-16,5.37,5.39,5.29,5.34,206188,3623674.75
2011-05-17,5.34,5.48,5.23,5.26,298045,5179546.50
2011-05-18,5.21,5.31,5.18,5.27,186163,3215642.50
2011-05-19,5.27,5.31,5.11,5.11,321073,5488460.50
2011-05-20,5.14,5.14,4.82,4.84,1025543,16552118.00
2011-05-23,4.83,4.84,4.62,4.62,544513,8423856.00
2011-05-24,4.60,4.84,4.59,4.79,494673,7703839.00
2011-05-25,4.74,4.82,4.66,4.69,401807,6253774.50
2011-05-26,4.78,4.78,4.68,4.68,196172,3052796.25
2011-05-27,4.63,4.78,4.61,4.71,287936,4440017.50
2011-05-30,4.61,4.85,4.61,4.73,320364,5042742.50
2011-05-31,4.71,4.86,4.71,4.85,311711,4935689.00
2011-06-01,4.86,4.92,4.76,4.85,288891,4599266.50
2011-06-02,4.81,4.81,4.64,4.71,335196,5200847.50
2011-06-03,4.77,4.80,4.74,4.79,187256,2949044.50
2011-06-07,4.78,4.87,4.72,4.77,494978,7852400.50
2011-06-08,4.76,4.77,4.64,4.71,403740,6213434.00
2011-06-09,4.66,4.70,4.52,4.55,280732,4259881.00
2011-06-10,4.64,4.64,4.51,4.60,122438,1834640.38
2011-06-13,4.51,4.61,4.32,4.52,299365,4431731.00
2011-06-14,4.55,4.61,4.52,4.61,273196,4106114.50
2011-06-15,4.60,4.63,4.53,4.54,155280,2339548.25
2011-06-16,4.35,4.48,4.34,4.39,277666,4033416.00
2011-06-17,4.34,4.49,4.34,4.41,99527,1448213.38
2011-06-20,4.45,4.45,4.34,4.42,99740,1442286.13
2011-06-21,4.47,4.60,4.38,4.49,429303,6315933.50
2011-06-22,4.49,4.63,4.44,4.45,414900,6223066.00
2011-06-24,4.53,4.66,4.49,4.60,703461,10650086.00
2011-06-27,4.61,4.82,4.56,4.78,662585,10250078.00
2011-06-28,4.78,4.81,4.69,4.75,302226,4713287.00
2011-06-29,4.79,4.79,4.70,4.71,225391,3515849.00
2011-06-30,4.70,4.77,4.63,4.74,253518,3951503.50
2011-07-01,4.75,4.81,4.69,4.70,391177,6118990.50
2011-07-04,4.77,4.81,4.71,4.77,623511,9769499.00
2011-07-05,4.77,4.92,4.76,4.91,590965,9413967.00
2011-07-06,4.87,4.92,4.82,4.90,450778,7242624.00
2011-07-07,4.92,4.97,4.84,4.91,595537,9619885.00
2011-07-08,4.91,4.92,4.74,4.77,618063,9808174.00
2011-07-11,4.77,4.93,4.77,4.82,330730,5281942.50
2011-07-12,4.71,4.79,4.55,4.63,523810,8025940.00
2011-07-13,4.67,4.79,4.62,4.77,745805,11569531.00
2011-07-14,4.83,4.92,4.75,4.92,613093,9736086.00
2011-07-15,4.92,5.42,4.91,5.33,1790049,30621982.00
2011-07-18,5.32,5.58,5.27,5.39,1668653,29933224.00
2011-07-19,5.39,5.55,5.27,5.41,835490,14970354.00
2011-07-20,5.46,5.52,5.37,5.44,502065,8981140.00
2011-07-21,5.42,5.42,5.21,5.22,603303,10441121.00
2011-07-22,5.39,5.55,5.31,5.31,998475,17820634.00
2011-07-25,5.27,5.27,5.08,5.14,579940,9810690.00
2011-07-26,5.09,5.17,5.03,5.15,345154,5806372.00
2011-07-27,5.14,5.22,4.99,5.19,766686,12931839.00
2011-07-28,5.14,5.14,4.99,5.13,470746,7844096.00
2011-07-29,5.13,5.14,5.00,5.05,214500,3564999.75
2011-08-01,5.08,5.08,4.89,5.02,425439,6960684.50
2011-08-02,5.03,5.03,4.82,4.94,475041,7628925.50
2011-08-03,4.87,5.08,4.86,5.07,384081,6345750.50
2011-08-04,5.10,5.10,4.94,4.96,355252,5861712.50
2011-08-05,4.73,4.83,4.70,4.74,584314,9178881.00
2011-08-08,4.70,4.70,4.32,4.38,676119,9934885.00
2011-08-09,4.33,4.47,4.14,4.39,1568087,22009338.00
2011-08-10,4.42,4.50,4.40,4.42,547854,8035291.00
2011-08-11,4.27,4.53,4.27,4.51,769771,11292604.00
2011-08-12,4.55,4.69,4.51,4.55,480544,7274413.50
2011-08-15,4.58,5.02,4.55,5.02,1472391,23653034.00
2011-08-16,5.10,5.24,4.98,5.08,1150685,19330140.00
2011-08-17,4.99,5.11,4.93,5.02,579902,9576413.00
2011-08-18,5.02,5.06,4.76,4.78,678491,10903953.00
2011-08-19,4.65,4.85,4.56,4.82,426940,6627877.50
2011-08-22,4.80,5.02,4.77,4.88,426949,6890607.50
2011-08-23,4.86,5.05,4.86,5.01,849537,13915970.00
2011-08-24,5.00,5.16,5.00,5.04,890024,14900306.00
2011-08-25,5.04,5.09,4.85,4.97,1118432,18100534.00
2011-08-26,4.93,5.02,4.90,4.97,579015,9468902.00
2011-08-29,4.96,5.04,4.91,4.96,478149,7833627.50
2011-08-30,4.97,5.13,4.96,4.98,885101,14680506.00
2011-08-31,4.96,5.31,4.95,5.25,1567667,26497656.00
2011-09-01,5.24,5.25,5.09,5.12,950846,16061818.00
2011-09-02,5.07,5.10,4.87,4.97,797372,13070330.00
2011-09-05,4.92,4.98,4.81,4.88,324532,5195497.50
2011-09-06,4.81,4.92,4.62,4.72,584792,9082457.00
2011-09-07,4.76,4.84,4.69,4.83,433437,6786630.00
2011-09-08,4.85,4.87,4.72,4.80,304999,4825309.50
2011-09-09,4.82,4.91,4.72,4.78,198448,3123568.50
2011-09-13,4.71,4.76,4.65,4.65,107625,1659353.50
2011-09-14,4.67,4.80,4.65,4.76,141955,2204952.50
2011-09-15,4.76,5.21,4.76,5.08,981042,16261059.00
2011-09-16,5.08,5.21,5.08,5.14,848319,14359693.00
2011-09-19,5.12,5.16,4.97,5.09,715818,11921511.00
2011-09-20,5.06,5.16,5.05,5.10,305035,5106170.50
2011-09-21,5.10,5.23,4.97,5.18,762778,12886544.00
2011-09-22,5.12,5.25,5.07,5.07,590387,10031523.00
2011-09-23,4.97,5.07,4.77,5.05,379300,6217644.00
2011-09-26,5.10,5.11,4.90,4.99,285409,4689291.00
2011-09-27,5.00,5.05,4.71,4.92,335202,5352972.50
2011-09-28,4.92,4.92,4.66,4.72,479846,7482884.00
2011-09-29,4.67,4.71,4.46,4.54,326937,4932392.50
2011-09-30,4.60,4.60,4.46,4.52,114468,1701494.50
2011-10-10,4.61,4.61,4.40,4.58,100167,1494926.75
2011-10-11,4.60,4.73,4.47,4.57,157254,2392853.75
2011-10-12,4.56,4.73,4.56,4.71,170855,2634664.25
2011-10-13,4.72,4.81,4.72,4.78,372613,5846577.00
2011-10-14,4.78,4.78,4.72,4.78,173807,2713810.50
2011-10-17,4.78,4.83,4.69,4.75,440418,6909930.50
2011-10-18,4.75,4.75,4.60,4.70,202240,3103676.00
2011-10-19,4.69,4.69,4.49,4.63,166626,2512052.50
2011-10-20,4.61,4.61,4.42,4.52,126600,1873239.00
2011-10-21,4.24,4.29,4.05,4.17,1307468,17776290.00
2011-10-24,4.11,4.17,4.01,4.15,556971,7543893.00
2011-10-25,4.12,4.27,3.98,4.24,563038,7740458.00
2011-10-26,4.21,4.44,4.08,4.31,874863,12301222.00
2011-10-27,4.28,4.36,4.24,4.26,788569,11163860.00
2011-10-28,4.29,4.33,4.21,4.29,453282,6371022.50
2011-10-31,4.31,4.37,4.27,4.31,444528,6319432.00
2011-11-01,4.27,4.43,4.26,4.43,523456,7509353.00
2011-11-02,4.38,4.62,4.24,4.55,1031488,15009105.00
2011-11-03,4.50,4.67,4.49,4.55,870511,13104112.00
2011-11-04,4.62,4.77,4.43,4.67,582272,8932558.00
2011-11-07,4.67,4.74,4.60,4.67,396160,6091986.50
2011-11-08,4.67,5.15,4.67,4.94,1831019,30066570.00
2011-11-09,4.92,5.14,4.92,5.14,1123458,18580550.00
2011-11-10,5.08,5.33,5.07,5.11,1353708,23016498.00
2011-11-11,5.09,5.18,4.96,5.16,563059,9441685.00
2011-11-14,5.16,5.17,5.10,5.15,823618,13902016.00
2011-11-15,5.14,5.17,4.98,5.07,641459,10668185.00
2011-11-16,5.04,5.07,4.90,4.93,578779,9444565.00
2011-11-17,4.88,5.03,4.88,4.95,401503,6538533.50
2011-11-18,4.81,5.02,4.81,4.88,621358,10054843.00
2011-11-21,4.81,5.00,4.76,4.84,246846,3939490.50
2011-11-22,4.70,4.98,4.67,4.92,479210,7733864.50
2011-11-23,4.87,4.95,4.76,4.87,363980,5798595.00
2011-11-24,4.80,4.90,4.73,4.90,285801,4564794.00
2011-11-25,4.90,4.94,4.85,4.91,293075,4715074.50
2011-11-28,4.86,4.88,4.69,4.75,351755,5512266.00
2011-11-29,4.78,4.79,4.56,4.72,360100,5527359.00
2011-11-30,4.71,4.71,4.36,4.36,425191,6305828.50
2011-12-01,4.51,4.55,4.43,4.51,468235,6926932.50
2011-12-02,4.50,4.88,4.40,4.78,1128999,17438230.00
2011-12-05,4.77,4.86,4.63,4.69,311105,4837788.00
2011-12-06,4.51,4.69,4.46,4.61,288900,4374258.50
2011-12-07,4.55,4.66,4.40,4.53,357403,5349353.00
2011-12-08,4.51,4.57,4.42,4.44,193930,2866206.75
2011-12-09,4.46,4.58,4.40,4.47,131713,1958855.38
2011-12-12,4.47,4.65,4.42,4.54,195441,2900274.25
2011-12-13,4.49,4.53,4.40,4.49,190661,2794663.25
2011-12-14,4.45,4.48,4.21,4.32,249200,3547972.00
2011-12-15,4.14,4.30,4.14,4.26,106237,1483135.38
2011-12-16,4.26,4.37,4.21,4.36,167500,2375574.25
2011-12-19,4.14,4.34,4.14,4.33,82481,1160968.75
2011-12-20,4.32,4.38,4.28,4.28,233600,3340852.00
2011-12-21,4.30,4.34,4.11,4.19,214900,3004355.00
2011-12-22,4.14,4.15,3.96,4.02,293792,3908434.25
2011-12-23,4.02,4.33,3.99,4.27,549563,7595364.50
2011-12-26,4.19,4.29,4.19,4.24,82376,1155047.38
2011-12-27,4.19,4.28,4.12,4.12,110400,1543197.50
2011-12-28,4.02,4.17,4.02,4.11,186140,2509435.50
2011-12-29,4.25,4.32,4.06,4.28,124326,1725309.13
2011-12-30,4.44,4.44,4.04,4.24,227060,3182671.00
2012-01-04,4.24,4.27,4.10,4.20,55680,771169.63
2012-01-05,4.16,4.17,3.96,4.08,155848,2099688.75
2012-01-06,3.96,4.07,3.66,3.85,502396,6259996.50
2012-01-09,3.76,3.96,3.68,3.93,272198,3469652.00
2012-01-10,3.74,4.13,3.74,4.08,269770,3590321.25
2012-01-11,4.04,4.14,3.84,4.08,215475,2890489.00
2012-01-12,4.02,4.11,3.96,4.07,114879,1539975.88
2012-01-13,4.13,4.13,3.77,4.02,188298,2448386.50
2012-01-16,3.84,3.97,3.71,3.71,72589,921537.56
2012-01-17,3.68,3.92,3.67,3.92,138429,1749964.75
2012-01-18,3.92,4.01,3.82,3.82,207600,2686513.75
2012-01-19,3.87,3.92,3.61,3.78,62064,784888.00
2012-01-20,3.77,3.87,3.72,3.83,68809,869893.38
2012-01-30,3.86,3.95,3.74,3.83,80743,1025645.75
2012-01-31,3.87,3.87,3.71,3.77,37568,472203.06
2012-02-01,3.84,3.85,3.68,3.77,95242,1185916.25
2012-02-02,3.71,3.79,3.71,3.77,85276,1062450.63
2012-02-03,3.78,3.85,3.76,3.84,223044,2808382.50
2012-02-06,3.84,3.94,3.80,3.92,266496,3424203.25
2012-02-07,3.92,4.08,3.89,3.97,395244,5215041.50
2012-02-08,3.92,4.08,3.83,4.06,351617,4646357.00
2012-02-09,4.03,4.17,3.96,4.11,467516,6294600.00
2012-02-10,4.07,4.11,4.04,4.06,243175,3276653.50
2012-02-13,4.05,4.17,4.05,4.11,261176,3537130.50
2012-02-14,4.08,4.13,4.05,4.06,144250,1942363.13
2012-02-15,4.06,4.12,4.03,4.12,227779,3082141.00
2012-02-16,4.13,4.20,4.06,4.11,238223,3247925.00
2012-02-17,4.11,4.13,4.06,4.11,209943,2833748.75
2012-02-20,4.17,4.18,4.09,4.12,304264,4157693.25
2012-02-21,4.10,4.17,4.07,4.17,173006,2356690.50
2012-02-22,4.21,4.53,4.14,4.37,809301,11705434.00
2012-02-23,4.33,4.41,4.26,4.29,332927,4732661.00
2012-02-24,4.28,4.35,4.24,4.32,382705,5429718.50
2012-02-27,4.32,4.48,4.27,4.29,353005,5067606.50
2012-02-28,4.35,4.35,4.17,4.23,310494,4347323.50
2012-02-29,4.12,4.23,4.11,4.11,208891,2863834.75
2012-03-01,4.11,4.23,4.07,4.19,184080,2535248.75
2012-03-02,4.23,4.26,4.18,4.21,242096,3355439.50
2012-03-05,4.18,4.22,4.15,4.16,209210,2887971.00
2012-03-06,4.19,4.22,4.08,4.17,201290,2752229.75
2012-03-07,4.16,4.16,4.06,4.11,253521,3441938.50
2012-03-08,4.07,4.16,4.07,4.14,310865,4238609.50
2012-03-09,4.12,4.20,4.11,4.19,328257,4532123.00
2012-03-12,4.21,4.25,4.17,4.23,382728,5329048.00
2012-03-13,4.22,4.26,4.18,4.24,250194,3485536.00
2012-03-14,4.26,4.34,4.10,4.16,578836,8081938.00
2012-03-15,4.17,4.21,4.01,4.12,258278,3484843.00
2012-03-16,4.12,4.17,4.09,4.17,315220,4299924.50
2012-03-19,4.18,4.33,4.18,4.29,605797,8590630.00
2012-03-20,4.24,4.29,4.10,4.15,409180,5649572.00
2012-03-21,4.18,4.18,4.09,4.13,204485,2787435.75
2012-03-22,4.15,4.24,4.11,4.21,199650,2759904.50
2012-03-23,4.13,4.29,4.13,4.28,526113,7370465.50
2012-03-26,4.28,4.38,4.24,4.33,551964,7869806.50
2012-03-27,4.36,4.37,4.28,4.32,365803,5214078.00
2012-03-28,4.28,4.28,4.07,4.10,335318,4596658.00
2012-03-29,3.93,4.14,3.83,3.92,317000,4167262.00
2012-03-30,3.87,3.96,3.70,3.90,528189,6630736.00
2012-04-05,3.83,4.00,3.81,3.97,233199,3043093.75
2012-04-06,3.92,3.99,3.86,3.94,181684,2371328.50
2012-04-09,3.94,4.19,3.94,4.06,454646,6146706.50
2012-04-10,4.14,4.14,4.00,4.13,258486,3512986.50
2012-04-11,4.14,4.14,4.08,4.10,59000,800963.81
2012-04-13,4.16,4.21,4.11,4.17,236134,3243869.00
2012-04-16,4.15,4.31,4.11,4.29,417201,5854305.50
2012-04-17,4.27,4.34,4.21,4.21,203081,2868625.50
2012-04-18,4.24,4.27,4.17,4.27,242181,3396131.00
2012-04-19,4.27,4.27,4.18,4.19,156680,2180414.50
2012-04-20,4.18,4.21,4.14,4.18,216221,2986496.00
2012-04-23,4.12,4.12,3.92,3.94,347569,4569513.50
2012-04-24,3.92,4.02,3.87,3.97,151450,1982840.00
2012-04-25,3.98,4.01,3.92,3.98,98159,1291375.75
2012-04-26,4.02,4.02,3.96,4.00,93699,1238475.75
2012-04-27,4.04,4.11,4.00,4.05,110660,1474834.50
2012-05-02,4.13,4.27,4.05,4.22,344060,4714468.50
2012-05-03,4.21,4.21,4.12,4.17,168560,2303137.00
2012-05-04,4.17,4.32,4.17,4.27,467423,6549358.00
2012-05-07,4.24,4.45,4.24,4.45,612307,8786667.00
2012-05-08,4.45,4.54,4.42,4.49,557425,8196266.00
2012-05-09,4.49,4.49,4.35,4.44,367060,5291117.00
2012-05-10,4.39,4.52,4.39,4.46,207966,3032531.75
2012-05-11,4.42,4.51,4.42,4.50,287330,4213749.00
2012-05-14,4.52,4.55,4.46,4.50,300915,4434884.00
2012-05-15,4.45,4.50,4.38,4.43,217433,3168997.00
2012-05-16,4.40,4.48,4.40,4.41,127711,1852981.50
2012-05-17,4.42,4.56,4.42,4.49,334370,4912110.50
2012-05-18,4.47,4.47,4.40,4.43,176095,2550121.25
2012-05-21,4.43,4.47,4.40,4.47,181429,2631639.00
2012-05-22,4.48,4.67,4.48,4.60,385308,5793420.50
2012-05-23,4.60,4.66,4.54,4.55,99600,1487236.00
2012-05-24,4.52,4.62,4.42,4.47,368681,5392940.50
2012-05-25,4.43,4.44,4.34,4.34,96640,1387943.00
2012-05-28,4.32,4.42,4.32,4.37,158737,2256730.25
2012-05-29,4.36,4.48,4.33,4.45,90058,1310556.50
2012-05-30,4.49,4.49,4.39,4.43,68880,997452.38
2012-05-31,4.43,4.50,4.36,4.42,114991,1660255.88
2012-06-01,4.41,4.46,4.37,4.44,222122,3228479.25
2012-06-04,4.34,4.40,4.33,4.36,94370,1347330.75
2012-06-05,4.37,4.42,4.21,4.27,121026,1710035.63
2012-06-06,4.27,4.27,4.17,4.21,197715,2735034.00
2012-06-07,4.27,4.27,4.18,4.21,53294,736479.69
2012-06-08,4.24,4.24,4.17,4.17,45580,627614.00
2012-06-11,4.24,4.25,4.18,4.23,56490,783149.88
2012-06-12,4.23,4.24,4.17,4.21,43500,602017.00
2012-06-13,4.22,4.50,4.22,4.40,410324,5881390.00
2012-06-14,4.33,4.41,4.32,4.37,92300,1318385.00
2012-06-15,4.37,4.41,4.30,4.34,255961,3632186.50
2012-06-18,4.32,4.48,4.32,4.45,416614,6057727.00
2012-06-19,4.41,4.45,4.30,4.37,203803,2910377.50
2012-06-20,4.33,4.39,4.27,4.36,150800,2148602.00
2012-06-21,4.38,4.44,4.23,4.30,227054,3192766.50
2012-06-25,4.27,4.30,4.18,4.27,205260,2864321.50
2012-06-26,4.26,4.26,4.19,4.25,50750,703991.69
2012-06-27,4.21,4.27,4.21,4.22,89880,1251791.25
2012-06-28,4.22,4.25,4.14,4.14,128800,1770617.63
2012-06-29,4.09,4.26,4.09,4.26,39432,543111.06
2012-07-02,4.34,4.34,4.15,4.22,304500,4182282.00
2012-07-03,4.32,4.57,4.32,4.44,2619584,38004800.00
2012-07-04,4.36,4.50,4.27,4.48,2379099,34177768.00
2012-07-05,4.47,4.52,4.33,4.41,1130603,16364318.00
2012-07-06,4.42,4.42,4.20,4.38,1066691,14979068.00
2012-07-09,4.33,4.33,4.18,4.24,651439,9091193.00
2012-07-10,4.20,4.24,4.08,4.09,471561,6401121.50
2012-07-11,4.08,4.16,4.07,4.14,168342,2273977.75
2012-07-12,4.13,4.19,4.10,4.18,216701,2955806.50
2012-07-13,4.17,4.19,3.96,4.09,528332,7038033.00
2012-07-16,4.07,4.07,3.97,4.01,192700,2540941.25
2012-07-17,3.96,4.05,3.93,4.04,110503,1454792.75
2012-07-18,4.02,4.05,3.98,4.05,87913,1157455.75
2012-07-19,4.05,4.13,4.00,4.06,206750,2769644.50
2012-07-20,4.05,4.12,4.05,4.10,177940,2388441.50
2012-07-23,3.99,4.16,3.99,4.12,149714,2015746.63
2012-07-24,4.19,4.19,4.08,4.16,210277,2869022.25
2012-07-25,4.22,4.22,4.09,4.09,123580,1675822.38
2012-07-26,4.06,4.13,4.06,4.06,53240,715531.69
2012-07-27,4.08,4.10,4.00,4.04,138916,1841152.75
2012-07-30,4.06,4.06,3.81,3.90,166813,2149432.75
2012-07-31,3.89,4.11,3.80,3.89,157175,2054464.63
2012-08-01,3.90,3.94,3.84,3.92,121182,1550022.63
2012-08-02,3.91,3.94,3.88,3.92,97104,1248292.13
2012-08-03,3.92,4.03,3.88,4.01,131344,1703161.25
2012-08-06,3.99,4.08,3.96,4.08,137680,1828152.25
2012-08-07,4.10,4.11,4.01,4.07,215080,2856217.50
2012-08-08,4.06,4.09,4.01,4.06,151660,2008223.75
2012-08-09,4.06,4.08,3.98,4.07,208095,2759985.00
2012-08-10,4.10,4.19,4.04,4.14,428634,5791921.50
2012-08-13,4.14,4.16,4.07,4.11,343201,4639609.50
2012-08-14,4.04,4.10,4.03,4.10,117334,1565941.25
2012-08-15,4.11,4.11,4.02,4.06,111200,1478273.00
2012-08-16,4.08,4.08,4.02,4.04,138200,1830713.00
2012-08-17,4.06,4.06,4.01,4.05,44600,591116.00
2012-08-20,4.00,4.06,3.99,4.04,62951,832530.19
2012-08-21,4.07,4.12,4.06,4.12,107365,1447721.25
2012-08-22,4.11,4.14,4.05,4.07,116080,1558248.38
2012-08-23,4.09,4.20,4.06,4.16,203718,2774371.25
2012-08-24,4.17,4.18,4.12,4.15,149800,2044243.75
2012-08-27,4.08,4.17,4.08,4.10,157251,2134149.00
2012-08-28,4.07,4.12,4.07,4.09,96187,1293831.63
2012-08-29,4.08,4.16,4.08,4.16,146101,1984961.75
2012-08-30,4.12,4.29,4.09,4.28,490976,6835805.50
2012-08-31,4.27,4.28,4.21,4.27,157405,2191507.00
2012-09-03,4.28,4.41,4.24,4.34,286241,4084084.25
2012-09-04,4.32,4.35,4.29,4.29,132171,1870975.25
2012-09-05,4.31,4.31,4.21,4.28,149990,2090405.50
2012-09-06,4.33,4.33,4.22,4.26,134726,1881912.13
2012-09-07,4.28,4.42,4.28,4.40,552716,7903639.00
2012-09-10,4.34,4.45,4.34,4.41,224131,3242913.75
2012-09-11,4.41,4.50,4.36,4.49,665051,9655555.00
2012-09-12,4.74,4.95,4.67,4.78,4419878,70009808.00
2012-09-13,4.63,4.72,4.52,4.52,2257662,34115184.00
2012-09-14,4.51,4.57,4.37,4.45,1452673,21151012.00
2012-09-17,4.45,4.45,4.32,4.32,721790,10285116.00
2012-09-18,4.27,4.35,4.23,4.25,704971,9878381.00
2012-09-19,4.25,4.33,4.23,4.28,386299,5408629.50
2012-09-20,4.27,4.32,4.20,4.21,534474,7469152.00
2012-09-21,4.17,4.21,4.01,4.01,528409,7157439.00
2012-09-24,4.02,4.12,4.02,4.05,660792,8825862.00
2012-09-25,4.07,4.07,3.97,3.97,260380,3430591.50
2012-09-26,3.94,4.02,3.90,3.92,230300,2992997.25
2012-09-27,3.92,4.08,3.92,4.02,331836,4379660.50
2012-09-28,3.99,4.12,3.99,4.12,412194,5509497.00
2012-10-08,4.13,4.16,4.04,4.06,219600,2954069.75
2012-10-09,4.09,4.22,4.08,4.20,596818,8202050.50
2012-10-10,4.20,4.23,4.17,4.23,344294,4751414.50
2012-10-11,4.23,4.37,4.21,4.21,753000,10582652.00
2012-10-12,4.27,4.27,4.12,4.23,253704,3488162.25
2012-10-15,4.26,4.28,4.14,4.19,193989,2663351.00
2012-10-16,4.25,4.31,4.19,4.22,381100,5284560.00
2012-10-17,4.20,4.23,4.12,4.17,394789,5396271.00
2012-10-18,4.14,4.27,4.13,4.23,466275,6461859.00
2012-10-19,4.18,4.27,4.18,4.24,383559,5324375.50
2012-10-22,4.21,4.28,4.14,4.28,193336,2674681.75
2012-10-23,4.28,4.34,4.25,4.29,780005,11009785.00
2012-10-24,4.32,4.32,4.19,4.21,541156,7550210.50
2012-10-25,4.18,4.23,4.09,4.11,304250,4142255.50
2012-10-26,4.11,4.11,4.02,4.04,249999,3336756.50
2012-10-29,4.00,4.06,3.99,4.01,364021,4798510.00
2012-10-30,4.03,4.07,4.02,4.06,390782,5201662.00
2012-10-31,4.05,4.09,4.05,4.09,136201,1819019.75
2012-11-01,4.10,4.14,4.08,4.10,374525,5047895.50
2012-11-02,4.10,4.13,4.07,4.11,197104,2654965.75
2012-11-05,4.11,4.12,4.08,4.10,190604,2561666.75
2012-11-06,4.09,4.11,4.01,4.05,263500,3514905.00
2012-11-07,4.07,4.07,3.98,4.01,262900,3474264.00
2012-11-08,4.03,4.04,3.96,3.97,313500,4099085.00
2012-11-09,3.97,3.98,3.93,3.96,106915,1389484.25
2012-11-12,3.96,4.02,3.95,3.98,116220,1522390.63
2012-11-13,3.98,4.01,3.95,3.96,99850,1305054.00
2012-11-14,3.97,3.97,3.92,3.96,125918,1635065.63
2012-11-15,3.93,3.99,3.80,3.86,140700,1812081.00
2012-11-16,3.89,3.89,3.82,3.84,86900,1097290.00
2012-11-19,3.84,3.88,3.84,3.87,69860,886856.00
2012-11-20,3.91,3.91,3.77,3.77,177289,2230468.50
2012-11-21,3.91,3.91,3.75,3.85,164589,2058094.25
2012-11-22,3.85,3.86,3.75,3.76,210700,2615700.00
2012-11-23,3.76,3.79,3.70,3.78,57200,709880.00
2012-11-26,3.76,3.76,3.43,3.48,1062633,12444999.00
2012-11-27,3.39,3.48,3.26,3.37,840326,9217620.00
2012-11-28,3.33,3.36,3.20,3.31,1070700,11612047.00
2012-11-29,3.25,3.39,3.25,3.37,426015,4709115.50
2012-11-30,3.33,3.45,3.32,3.45,376061,4227257.00
2012-12-03,3.47,3.49,3.38,3.45,310721,3537149.75
2012-12-04,3.39,3.54,3.39,3.52,200860,2308958.25
2012-12-05,3.46,3.63,3.41,3.59,1344359,15571688.00
2012-12-06,3.53,3.57,3.48,3.53,441667,5129187.50
2012-12-07,3.54,3.58,3.50,3.55,447815,5225124.50
2012-12-10,3.55,3.58,3.54,3.56,719579,8450774.00
2012-12-11,3.56,3.57,3.49,3.52,527471,6131923.00
2012-12-12,3.50,3.53,3.47,3.50,288760,3325300.50
2012-12-13,3.50,3.52,3.40,3.40,273201,3106934.00
2012-12-14,3.40,3.53,3.37,3.52,713759,8217872.00
2012-12-17,3.51,3.62,3.50,3.55,695770,8184976.00
2012-12-18,3.55,3.62,3.54,3.58,793701,9367482.00
2012-12-19,3.70,3.70,3.59,3.61,568844,6795467.00
2012-12-20,3.61,3.65,3.55,3.62,335040,3977019.00
2012-12-21,3.62,3.80,3.57,3.76,1033059,12546030.00
2012-12-24,3.74,3.76,3.71,3.73,533027,6539045.50
2012-12-25,3.73,3.79,3.71,3.79,1059929,13091223.00
2012-12-26,3.81,3.91,3.76,3.91,927862,11678881.00
2012-12-27,3.90,3.94,3.79,3.80,671089,8531797.00
2012-12-28,3.80,3.85,3.74,3.84,596211,7451650.50
2012-12-31,3.86,3.89,3.82,3.86,598074,7568117.50
2013-01-04,3.89,3.89,3.79,3.83,437055,5499497.00
2013-01-07,3.82,3.92,3.76,3.89,667228,8414120.00
2013-01-08,4.10,4.10,3.87,4.00,869784,11351306.00
2013-01-09,3.96,4.19,3.94,4.16,957016,12670645.00
2013-01-10,4.38,4.38,4.13,4.17,836398,11543825.00
2013-01-11,4.25,4.25,3.99,4.07,779773,10542819.00
2013-01-14,4.00,4.20,4.00,4.17,1075662,14633136.00
2013-01-15,4.15,4.26,4.15,4.21,894276,12340595.00
2013-01-16,4.37,4.62,4.19,4.29,3680753,52189040.00
2013-01-17,4.24,4.26,4.14,4.16,895896,12324580.00
2013-01-18,4.17,4.20,4.04,4.15,899788,12220612.00
2013-01-21,4.16,4.20,4.13,4.17,609615,8319608.00
2013-01-22,4.13,4.17,4.04,4.05,717435,9645803.00
2013-01-23,4.00,4.11,3.97,4.08,608908,8060235.50
2013-01-24,4.17,4.17,3.96,3.99,684029,9178848.00
2013-01-25,4.00,4.05,3.99,4.02,420476,5545263.50
2013-01-28,4.07,4.12,4.02,4.10,600220,8018355.00
2013-01-29,4.05,4.17,4.05,4.14,485789,6596094.50
2013-01-30,4.18,4.18,4.07,4.13,452876,6117556.50
2013-01-31,4.16,4.16,4.08,4.12,281439,3787315.75
2013-02-01,4.09,4.12,4.03,4.09,376522,5057945.00
2013-02-04,4.15,4.15,4.00,4.06,515531,6849344.50
2013-02-05,4.02,4.07,3.97,4.06,449712,5950354.00
2013-02-06,4.02,4.06,4.02,4.04,362999,4815159.50
2013-02-07,4.03,4.06,4.02,4.03,434641,5757415.00
2013-02-08,4.04,4.35,4.03,4.25,1486808,20452686.00
2013-02-18,4.25,4.28,4.18,4.22,572683,7929291.50
2013-02-19,4.22,4.26,4.13,4.16,394693,5405095.50
2013-02-20,4.17,4.31,4.14,4.28,895056,12452025.00
2013-02-21,4.26,4.27,4.14,4.18,570734,7891552.50
2013-02-22,4.20,4.22,4.16,4.17,255644,3512640.00
2013-02-25,4.17,4.37,4.17,4.31,686180,9603633.00
2013-02-26,4.25,4.40,4.25,4.27,1430176,20396912.00
2013-02-27,4.27,4.30,4.17,4.20,1141873,15771517.00
2013-02-28,3.97,4.18,3.94,4.12,2380997,31475918.00
2013-03-01,4.05,4.09,4.00,4.08,1221530,16266786.00
2013-03-04,4.06,4.06,3.91,3.91,895110,11684799.00
2013-03-05,3.91,4.00,3.90,3.99,758323,9841194.00
2013-03-06,4.01,4.07,3.99,4.07,648636,8590821.00
2013-03-07,4.08,4.08,3.96,3.99,688463,9073293.00
2013-03-08,3.99,4.11,3.97,4.01,782850,10391046.00
2013-03-11,4.04,4.04,3.95,3.97,478439,6268122.00
2013-03-12,3.97,4.00,3.77,3.81,569821,7262809.00
2013-03-13,3.68,3.80,3.68,3.75,309092,3814492.50
2013-03-14,3.73,3.79,3.73,3.75,198919,2466607.75
2013-03-15,3.74,3.82,3.73,3.73,270830,3364338.50
2013-03-18,3.72,3.75,3.71,3.73,161227,1977045.75
2013-03-19,3.75,3.75,3.67,3.73,165241,2013998.13
2013-03-20,3.73,3.81,3.72,3.81,394739,4884720.00
2013-03-21,3.80,3.89,3.79,3.84,369720,4679405.00
2013-03-22,3.88,3.91,3.78,3.82,259390,3262435.25
2013-03-25,3.82,3.86,3.80,3.81,201167,2527604.50
2013-03-26,3.80,3.82,3.73,3.76,179584,2220400.00
2013-03-27,3.77,3.86,3.74,3.83,435506,5462537.00
2013-03-28,3.82,3.82,3.68,3.71,302400,3725824.00
2013-03-29,3.70,3.73,3.67,3.69,203996,2482404.00
2013-04-01,3.68,3.71,3.66,3.67,300176,3638059.00
2013-04-02,3.68,3.69,3.63,3.64,562518,6789643.50
2013-04-03,3.64,3.64,3.51,3.52,502424,5878880.00
2013-04-08,3.51,3.55,3.39,3.53,220028,2520756.75
2013-04-09,3.52,3.62,3.49,3.60,280219,3303371.50
2013-04-10,3.70,3.89,3.64,3.71,1537141,19023466.00
2013-04-11,3.65,3.76,3.65,3.68,495378,6047048.50
2013-04-12,3.67,3.71,3.61,3.62,246547,2971499.75
2013-04-15,3.62,3.63,3.49,3.54,326773,3829114.75
2013-04-16,3.54,3.59,3.49,3.58,144074,1681462.25
2013-04-17,3.58,3.61,3.55,3.61,217382,2565223.75
2013-04-18,3.61,3.67,3.59,3.65,164599,1969457.75
2013-04-19,3.64,3.75,3.64,3.72,374195,4575027.00
2013-04-22,3.68,3.77,3.68,3.75,470005,5770165.50
2013-04-23,3.75,3.82,3.66,3.69,477191,5880012.00
2013-04-24,3.68,3.82,3.65,3.81,596962,7390618.00
2013-04-25,3.80,3.86,3.74,3.78,432853,5419912.00
2013-04-26,3.77,3.83,3.70,3.71,195269,2405752.00
2013-05-02,3.72,3.77,3.70,3.74,237895,2921770.50
2013-05-03,3.72,3.81,3.72,3.80,633121,7903494.50
2013-05-06,3.83,3.99,3.79,3.94,1331966,17072636.00
2013-05-07,3.91,3.96,3.88,3.92,789784,10173062.00
2013-05-08,3.92,3.95,3.87,3.92,903557,11594903.00
2013-05-09,3.97,4.05,3.92,4.00,1326964,17356756.00
2013-05-10,4.00,4.01,3.96,3.99,685105,8951757.00
2013-05-13,4.00,4.00,3.93,3.96,652691,8486198.00
2013-05-14,3.96,4.00,3.89,3.92,469474,6047518.00
2013-05-15,3.95,4.02,3.90,4.02,961868,12547883.00
2013-05-16,4.17,4.17,3.96,3.96,1169152,15415479.00
2013-05-17,3.97,3.97,3.84,3.90,1398388,11044195.00
2013-05-20,3.91,4.07,3.91,4.06,2200351,17804132.00
2013-05-21,4.05,4.07,4.01,4.05,1464403,11986835.00
2013-05-22,4.05,4.09,3.92,3.93,2039026,16455228.00
2013-05-23,3.90,3.98,3.90,3.91,1466265,11698849.00
2013-05-24,3.92,3.99,3.92,3.98,1298264,10431464.00
2013-05-27,3.98,4.02,3.95,3.99,1453992,11736665.00
2013-05-28,4.01,4.01,3.90,3.90,1248179,9945877.00
2013-05-29,3.93,3.95,3.90,3.94,1039494,8281311.50
2013-05-30,4.04,4.04,3.94,3.99,2078592,16847550.00
2013-05-31,4.02,4.02,3.96,3.97,1026782,8302013.50
2013-06-03,3.96,3.98,3.87,3.93,1265597,10066545.00
2013-06-04,3.93,3.93,3.82,3.84,938424,7328086.50
2013-06-05,3.88,3.88,3.81,3.84,684461,5327926.50
2013-06-06,3.99,3.99,3.84,3.89,1004933,7950997.00
2013-06-07,3.88,3.89,3.83,3.83,776280,6081181.00
2013-06-13,3.80,3.80,3.64,3.68,543384,4069771.50
2013-06-14,3.74,3.78,3.69,3.76,455272,3454225.00
2013-06-17,3.79,3.83,3.74,3.82,693666,5325973.00
2013-06-18,3.83,3.83,3.70,3.79,569527,4346148.00
2013-06-19,3.79,3.81,3.70,3.79,748272,5731517.00
2013-06-20,3.76,3.78,3.58,3.67,606960,4566471.50
2013-06-21,3.67,3.73,3.49,3.65,624198,4577453.00
2013-06-24,3.64,3.64,3.35,3.35,572920,4079500.00
2013-06-25,3.35,3.38,3.07,3.27,1017789,6661355.50
2013-06-26,3.28,3.39,3.25,3.35,725201,4883198.00
2013-06-27,3.35,3.42,3.27,3.28,622752,4251514.00
2013-06-28,3.25,3.35,3.23,3.31,266010,1785181.13
2013-07-01,3.26,3.34,3.26,3.34,427300,2870374.50
2013-07-02,3.32,3.49,3.32,3.48,891192,6187415.00
2013-07-03,3.44,3.53,3.39,3.49,1017293,7130267.50
2013-07-04,3.49,3.52,3.45,3.48,438523,3109328.25
2013-07-05,3.46,3.50,3.42,3.43,482486,3398730.00
2013-07-08,3.42,3.42,3.26,3.34,659151,4453352.00
2013-07-09,3.29,3.49,3.29,3.49,713843,4943499.00
2013-07-10,3.44,3.58,3.44,3.53,423147,3023689.00
2013-07-11,3.57,3.61,3.52,3.59,804426,5849128.00
2013-07-12,3.57,3.64,3.50,3.53,486280,3527341.75
2013-07-15,3.50,3.57,3.47,3.54,549595,3940363.00
2013-07-16,3.50,3.56,3.47,3.55,596884,4272090.00
2013-07-17,3.69,3.78,3.59,3.67,1773492,13353387.00
2013-07-18,3.62,3.66,3.44,3.55,1031823,7427438.50
2013-07-19,3.52,3.55,3.44,3.51,769367,5481010.50
2013-07-22,3.47,3.57,3.47,3.56,694548,4960051.00
2013-07-23,3.72,3.72,3.56,3.63,1095393,8132573.00
2013-07-24,3.63,3.68,3.57,3.66,680278,5000934.50
2013-07-25,3.64,3.68,3.57,3.64,797694,5876258.00
2013-07-26,3.65,3.66,3.55,3.61,419194,3069804.50
2013-07-29,3.56,3.59,3.47,3.52,539650,3866869.50
2013-07-30,3.53,3.53,3.42,3.49,437803,3086862.75
2013-07-31,3.48,3.53,3.45,3.51,463369,3290738.00
2013-08-01,3.54,3.61,3.47,3.60,1015161,7344957.50
2013-08-02,3.60,3.65,3.56,3.61,981271,7209303.00
2013-08-05,3.63,3.73,3.58,3.73,1427323,10624384.00
2013-08-06,3.71,3.79,3.68,3.71,1204891,9114061.00
2013-08-07,3.77,3.77,3.62,3.65,1137106,8476799.00
2013-08-08,3.69,3.72,3.64,3.69,593573,4435486.50
2013-08-09,3.72,3.73,3.64,3.71,546297,4096390.00
2013-08-12,3.77,3.77,3.69,3.73,535000,4040646.00
2013-08-13,3.74,4.11,3.73,4.11,4965002,40332912.00
2013-08-14,4.19,4.52,4.14,4.46,10273272,90683440.00
2013-08-15,4.38,4.38,4.24,4.31,5691770,49536968.00
2013-08-16,4.24,4.31,3.99,3.99,4528194,37889824.00
2013-08-19,4.02,4.11,3.95,4.10,3130879,25698406.00
2013-08-20,4.05,4.18,4.00,4.10,3261416,27001516.00
2013-08-21,4.10,4.11,4.00,4.07,2242123,18406190.00
2013-08-22,4.02,4.08,4.02,4.06,1563762,12841453.00
2013-08-23,4.03,4.11,3.85,3.94,2397830,19313646.00
2013-08-26,3.94,4.05,3.94,4.03,1585848,12886932.00
2013-08-27,4.02,4.07,3.98,4.03,1193036,9759282.00
2013-08-28,4.03,4.06,3.92,3.92,1782036,14392818.00
2013-08-29,3.88,3.97,3.87,3.90,1099639,8717716.00
2013-08-30,3.88,3.94,3.77,3.80,1301715,10155116.00
2013-09-02,3.77,3.91,3.74,3.91,848745,6585372.00
2013-09-03,3.90,4.01,3.88,3.98,1158029,9302487.00
2013-09-04,3.96,3.99,3.90,3.94,860866,6883097.00
2013-09-05,3.91,4.22,3.91,4.14,2917009,24180962.00
2013-09-06,4.11,4.11,3.97,4.00,3601905,29423704.00
2013-09-09,4.02,4.03,3.94,3.94,2167908,17450964.00
2013-09-10,3.96,3.99,3.89,3.96,1770583,14084277.00
2013-09-11,3.96,3.97,3.85,3.88,990056,7810524.00
2013-09-12,3.89,3.96,3.86,3.90,781101,6208430.00
2013-09-13,3.94,3.97,3.88,3.96,727845,5801463.50
2013-09-16,3.99,3.99,3.90,3.91,748911,5968446.00
2013-09-17,3.90,3.93,3.83,3.84,947241,7436366.50
2013-09-18,3.86,3.97,3.83,3.95,878840,6948578.50
2013-09-23,3.96,4.02,3.95,4.01,1422911,11550771.00
2013-09-24,3.99,4.01,3.91,3.94,1900999,15245510.00
2013-09-25,3.93,3.94,3.86,3.86,1692207,13312354.00
2013-09-26,3.86,3.90,3.79,3.79,1032061,8036758.50
2013-09-27,3.80,3.83,3.78,3.82,601520,4644946.00
2013-09-30,3.81,3.92,3.81,3.90,948949,7416355.50
2013-10-08,3.89,3.90,3.83,3.89,1365827,10753547.00
2013-10-09,3.87,3.94,3.87,3.94,1195352,9466271.00
2013-10-10,3.95,4.03,3.92,3.98,2037274,16413375.00
2013-10-11,4.12,4.12,3.98,4.02,1829335,14995232.00
2013-10-14,3.99,4.05,3.99,4.05,1498475,12247946.00
2013-10-15,4.02,4.04,3.95,4.01,1516116,12309951.00
2013-10-16,4.01,4.01,3.88,3.94,1124985,8956768.00
2013-10-17,3.94,4.11,3.92,4.10,3721361,30464474.00
2013-10-18,4.12,4.13,4.03,4.10,1509360,12501460.00
2013-10-21,4.10,4.15,4.04,4.12,1628530,13538884.00
2013-10-22,4.12,4.13,4.06,4.09,1271996,10517212.00
2013-10-23,4.08,4.08,3.98,4.02,1389063,11282878.00
2013-10-24,3.98,4.08,3.98,4.02,1081088,8860388.00
2013-10-25,4.03,4.13,3.99,4.10,1745916,14406243.00
2013-10-28,4.10,4.10,4.04,4.04,1106200,9123699.00
2013-10-29,4.04,4.45,3.99,4.41,7923367,69595520.00
2013-10-30,4.25,4.34,4.13,4.27,5865457,50307276.00
2013-10-31,4.19,4.24,4.02,4.12,4626944,38565100.00
2013-11-01,4.17,4.17,3.80,3.84,4228813,33424406.00
2013-11-04,3.82,3.87,3.75,3.86,1421558,11024550.00
2013-11-05,3.85,3.97,3.80,3.97,2479934,19604538.00
2013-11-06,3.94,4.01,3.94,3.98,1534102,12384340.00
2013-11-07,3.98,4.08,3.90,4.04,1641525,13393081.00
2013-11-08,4.03,4.14,3.98,4.07,1459384,12019743.00
2013-11-11,4.03,4.36,4.02,4.21,2789060,23885170.00
2013-11-12,4.16,4.24,4.15,4.21,2018875,17140104.00
2013-11-13,4.14,4.64,4.10,4.64,9825366,88987568.00
2013-11-14,4.74,5.08,4.70,4.94,8277835,82193488.00
2013-11-15,4.89,5.14,4.81,5.10,7949753,80009112.00
2013-11-18,4.94,5.07,4.89,4.99,5870135,59153280.00
2013-11-19,4.95,5.09,4.83,5.08,4841739,48695640.00
2013-11-20,5.04,5.20,4.90,5.02,4637855,47332452.00
2013-11-21,4.96,5.08,4.91,4.94,2629296,26412100.00
2013-11-22,4.92,5.01,4.92,4.95,1715902,17211496.00
2013-11-25,4.96,5.18,4.93,4.99,2855995,29078508.00
2013-11-26,4.95,5.14,4.93,5.12,2988017,30447336.00
2013-11-27,5.16,5.19,5.04,5.19,2808565,29088620.00
2013-11-28,5.17,5.54,5.12,5.28,4731871,51244512.00
2013-11-29,5.20,5.40,5.20,5.27,2239515,23993320.00
2013-12-02,4.84,5.09,4.74,4.74,3329330,32571140.00
2013-12-03,4.63,4.92,4.63,4.85,1507075,14720164.00
2013-12-04,4.85,4.98,4.74,4.89,1466459,14505408.00
2013-12-05,4.89,5.28,4.84,5.23,2943286,30460328.00
2013-12-06,5.21,5.27,5.02,5.21,1377207,14310144.00
2013-12-09,5.14,5.50,5.12,5.43,2685445,29269210.00
2013-12-10,5.54,5.54,5.04,5.27,1668876,17849110.00
2013-12-11,5.16,5.66,5.16,5.62,2669807,29508224.00
2013-12-12,5.62,5.62,5.45,5.54,1681122,18811242.00
2013-12-13,5.48,5.61,5.35,5.49,1192940,13194200.00
2013-12-16,5.42,5.53,5.35,5.36,1143268,12529757.00
2013-12-17,5.36,5.39,5.20,5.30,662883,7100763.50
2013-12-18,5.25,5.34,5.22,5.29,540503,5763320.50
2013-12-19,5.29,5.71,5.07,5.32,460745,4994660.00
2013-12-20,5.32,5.46,5.21,5.37,1255439,13655730.00
2013-12-23,5.38,5.77,5.34,5.64,2684427,30462770.00
2013-12-24,5.64,5.94,5.56,5.81,2871650,33412894.00
2013-12-25,5.69,5.91,5.61,5.68,2082572,24185170.00
2013-12-26,5.67,5.86,5.36,5.42,1828014,20598848.00
2013-12-27,5.37,5.51,5.29,5.47,1548734,16951210.00
2013-12-30,5.48,5.54,5.31,5.31,1170903,12873611.00
2013-12-31,5.31,5.32,5.10,5.32,1583791,16683689.00
2014-01-02,5.28,5.42,5.25,5.38,822894,8861127.00
2014-01-03,5.38,5.52,5.22,5.25,1270143,13561554.00
2014-01-06,5.23,5.25,5.10,5.18,1038680,10861572.00
2014-01-07,5.11,5.39,5.11,5.32,1227738,13149307.00
2014-01-08,5.32,5.39,5.24,5.38,1154126,12463062.00
2014-01-09,5.37,5.40,5.28,5.33,1203192,12973950.00
2014-01-10,5.35,5.53,5.28,5.51,1093112,11973128.00
2014-01-13,5.55,5.61,5.41,5.47,777639,8629246.00
2014-01-14,5.44,5.63,5.39,5.59,974450,10891393.00
2014-01-15,5.59,5.64,5.48,5.55,641804,7196433.00
2014-01-16,5.63,5.64,5.39,5.40,1379424,15157119.00
2014-01-17,5.40,5.52,5.30,5.47,879759,9678658.00
2014-01-20,5.41,5.52,5.41,5.49,551735,6100538.50
2014-01-21,5.52,5.61,5.46,5.55,778761,8763119.00
2014-01-22,5.59,5.81,5.53,5.68,757921,8655344.00
2014-01-23,5.72,5.74,5.65,5.74,569178,6547271.50
2014-01-24,5.74,5.76,5.64,5.72,990741,11402524.00
2014-01-27,5.78,5.78,5.34,5.61,1312250,14810980.00
2014-01-28,5.40,5.70,5.39,5.67,662416,7515152.50
2014-01-29,5.62,5.74,5.57,5.66,1636290,18702134.00
2014-01-30,5.66,5.73,5.59,5.68,492530,5633743.00
2014-02-07,5.71,6.26,5.71,6.26,2809381,34540932.00
2014-02-10,6.35,6.79,6.18,6.56,3045163,39661036.00
2014-02-11,6.56,6.84,6.38,6.84,2795859,37443140.00
2014-02-12,6.78,6.84,6.64,6.80,1383370,18785470.00
2014-02-13,6.80,6.88,6.35,6.44,1702604,22531090.00
2014-02-14,6.44,6.57,6.33,6.44,985855,12805863.00
2014-02-17,6.43,6.64,6.42,6.58,1383538,18277484.00
2014-02-18,6.54,6.83,6.53,6.64,982086,13287250.00
2014-02-19,6.64,6.74,6.35,6.52,1009707,13308804.00
2014-02-20,6.52,6.55,6.31,6.43,812060,10517114.00
2014-02-21,6.39,6.52,6.26,6.49,513404,6647165.00
2014-02-24,6.49,6.61,6.35,6.60,519873,6824221.00
2014-02-25,6.60,6.73,5.94,6.09,1856875,23804772.00
2014-02-26,6.14,6.39,5.83,6.39,1208523,14996106.00
2014-02-27,6.39,6.62,6.00,6.15,1257062,16193083.00
2014-02-28,6.13,6.43,5.94,6.16,463798,5758573.50
2014-03-03,6.16,6.29,5.94,6.28,446256,5563453.50
2014-03-04,6.28,6.54,6.09,6.49,682461,8823096.00
2014-03-05,6.54,6.65,6.45,6.52,747473,9911187.00
2014-03-06,6.57,6.61,6.29,6.40,494510,6385085.00
2014-03-07,6.57,6.57,6.33,6.41,303294,3924366.25
2014-03-10,6.44,6.44,6.20,6.20,342391,4349104.50
2014-03-11,6.23,6.34,6.13,6.25,274332,3452082.25
2014-03-12,6.15,6.27,6.08,6.23,187390,2335427.50
2014-03-13,6.31,6.52,6.17,6.49,595311,7683612.00
2014-03-14,6.47,6.59,6.29,6.37,497359,6452569.00
2014-03-17,6.37,6.63,6.21,6.60,1294499,16990484.00
2014-03-18,6.62,6.63,6.46,6.47,664737,8755365.00
2014-03-19,6.45,6.56,6.29,6.39,801297,10376707.00
2014-03-20,6.35,6.44,6.20,6.22,717925,9173254.00
2014-03-21,6.17,6.34,6.14,6.34,663049,8406271.00
2014-03-24,6.31,6.38,6.10,6.14,554162,6975727.50
2014-03-25,6.13,6.18,5.96,5.98,766693,9400083.00
2014-03-26,6.00,6.12,5.98,6.11,572004,7001353.50
2014-03-27,6.09,6.09,5.91,5.98,744712,8975739.00
2014-03-28,5.96,6.03,5.93,6.02,878042,10580651.00
2014-03-31,6.01,6.08,5.85,6.00,506413,6082787.50
2014-04-01,5.88,6.04,5.87,5.94,861940,10368088.00
2014-04-02,5.98,5.99,5.70,5.91,1024613,12141652.00
2014-04-03,5.88,5.95,5.84,5.92,567321,6759947.00
2014-04-04,5.91,6.02,5.91,5.98,303649,3666426.00
2014-04-08,5.94,6.00,5.88,5.99,565058,6768233.00
2014-04-09,5.99,6.24,5.97,6.23,955907,11839170.00
2014-04-10,6.34,6.34,6.15,6.23,527493,6633151.50
2014-04-11,6.24,6.24,6.04,6.11,492546,6056496.00
2014-04-14,6.11,6.52,6.11,6.38,1078109,13928931.00
2014-04-15,6.19,6.42,6.09,6.27,1094417,13703221.00
2014-04-16,6.24,6.34,6.20,6.24,486313,6151671.50
2014-04-17,6.28,6.35,6.20,6.34,772593,9747218.00
2014-04-18,6.36,6.49,6.27,6.45,722206,9349196.00
2014-04-21,6.38,6.51,6.37,6.50,808617,10519259.00
2014-04-22,6.50,6.51,5.88,6.03,2816850,34820088.00
2014-04-23,6.02,6.09,5.96,6.08,759062,9255063.00
2014-04-24,6.04,6.11,5.89,5.96,1267926,15266896.00
2014-04-25,5.97,5.97,5.80,5.80,857000,10138059.00
2014-04-28,6.18,6.18,5.69,5.82,555008,6464694.00
2014-04-29,5.71,6.00,5.71,5.83,445466,5267214.50
2014-04-30,5.89,5.99,5.79,5.97,373389,4488862.50
2014-05-05,6.02,6.44,5.94,6.24,977213,12362636.00
2014-05-06,6.27,6.34,6.18,6.29,909454,11481211.00
2014-05-07,6.06,6.34,6.06,6.20,415892,5242565.50
2014-05-08,6.19,6.29,6.07,6.18,336125,4197909.00
2014-05-09,6.14,6.22,6.13,6.22,313592,3919826.75
2014-05-12,6.24,6.28,6.14,6.25,617557,7738277.00
2014-05-13,6.22,6.27,6.17,6.25,377293,4733941.50
2014-05-14,6.26,6.29,6.16,6.18,399232,5004103.00
2014-05-15,6.15,6.34,6.10,6.10,499294,6196135.50
2014-05-16,6.16,6.17,5.96,6.02,283659,3457970.00
2014-05-19,6.08,6.13,5.88,5.92,354170,4243411.00
2014-05-20,5.99,6.03,5.93,5.94,239969,2895648.00
2014-05-21,5.90,5.98,5.87,5.98,216848,2596653.75
2014-05-22,5.99,6.08,5.97,6.02,255887,3107392.00
2014-05-23,6.02,6.07,5.91,6.06,286763,3477704.50
2014-05-26,6.13,6.28,6.06,6.10,393523,4867723.00
2014-05-27,6.07,6.19,6.07,6.17,514652,6363174.50
2014-05-28,6.24,6.25,6.12,6.22,602944,7510812.00
2014-05-29,6.20,6.21,6.01,6.05,614815,7572787.50
2014-05-30,6.05,6.09,5.90,5.98,456408,5510366.00
2014-06-03,6.01,6.12,5.87,6.04,439217,5360307.50
2014-06-04,6.04,6.09,5.98,6.08,309101,3769834.75
2014-06-05,6.13,6.13,6.07,6.10,314423,3869674.25
2014-06-06,6.02,6.24,6.01,6.18,752070,9351969.00
2014-06-09,6.18,6.20,5.99,6.04,978464,12077516.00
2014-06-10,6.06,6.17,5.91,6.04,777408,9499016.00
2014-06-11,6.05,6.09,5.97,6.02,643054,7815328.00
2014-06-12,6.02,6.05,5.88,5.90,674056,8102874.50
2014-06-13,5.96,5.97,5.89,5.95,343179,4116697.00
2014-06-16,5.95,6.34,5.95,6.34,2813844,35229104.00
2014-06-17,6.35,6.35,6.22,6.28,1447179,18299338.00
2014-06-18,6.28,6.30,6.14,6.21,800128,9993875.00
2014-06-19,6.15,6.23,5.96,6.01,976723,12036634.00
2014-06-20,6.07,6.20,5.98,6.19,719211,8859684.00
2014-06-23,6.26,6.31,6.15,6.29,970442,12190837.00
2014-06-24,6.29,6.93,6.27,6.78,4042888,55334804.00
2014-06-25,6.73,6.77,6.42,6.58,2033766,26927870.00
2014-06-26,6.58,6.81,6.51,6.65,1254241,16902728.00
2014-06-27,6.65,7.05,6.62,7.01,2737382,38186000.00
2014-06-30,7.05,7.10,6.85,7.08,1974929,27543348.00
2014-07-01,7.03,7.07,6.90,6.92,1079960,15081842.00
2014-07-02,6.90,6.96,6.70,6.96,1598021,21941330.00
2014-07-03,6.90,6.92,6.82,6.82,756100,10431296.00
2014-07-04,6.74,6.81,6.66,6.76,888631,11991285.00
2014-07-07,6.70,7.27,6.65,7.11,1943970,27569150.00
2014-07-08,7.11,7.25,7.05,7.15,1109488,15964965.00
2014-07-09,7.17,7.17,6.81,6.83,1153938,16145581.00
2014-07-10,6.83,6.96,6.77,6.87,538891,7443453.00
2014-07-11,7.21,7.32,6.60,6.63,15883165,220938992.00
2014-07-14,6.55,6.70,6.38,6.45,6633588,86355808.00
2014-07-15,6.47,6.54,6.34,6.40,3432546,44295756.00
2014-07-16,6.41,6.45,6.27,6.31,2311081,29455526.00
2014-07-17,6.28,6.34,6.27,6.32,1370452,17370582.00
2014-07-18,6.29,6.37,6.29,6.30,1498633,19062490.00
2014-07-21,6.31,6.34,6.15,6.21,2008170,25063492.00
2014-07-22,6.17,6.28,6.17,6.25,1461945,18334466.00
2014-07-23,6.26,6.30,6.15,6.16,1780581,22203612.00
2014-07-24,6.15,6.18,6.02,6.06,1889981,23093652.00
2014-07-25,6.07,6.11,6.05,6.10,1144755,13992938.00
2014-07-28,6.14,6.22,6.14,6.19,1628480,20255386.00
2014-07-29,6.22,6.34,6.21,6.29,1907691,24032702.00
2014-07-30,6.26,6.30,6.25,6.28,1262491,15919016.00
2014-07-31,6.27,6.36,6.24,6.33,1513733,19120252.00
2014-08-01,6.33,6.36,6.27,6.27,1901408,24109186.00
2014-08-04,6.26,6.37,6.26,6.35,1765026,22422260.00
2014-08-05,6.36,6.46,6.32,6.43,1721230,22136274.00
2014-08-06,6.41,6.46,6.36,6.42,1725341,22250314.00
2014-08-07,6.41,6.49,6.41,6.43,1490961,19312710.00
2014-08-08,6.44,6.50,6.44,6.47,1343696,17460318.00
2014-08-11,6.46,6.64,6.46,6.62,2375345,31414062.00
2014-08-12,6.63,6.70,6.61,6.64,2539285,33978428.00
2014-08-13,6.96,7.31,6.85,7.31,17441296,249822544.00
2014-08-14,7.14,7.32,7.07,7.19,8610567,124609600.00
2014-08-15,7.16,7.25,7.02,7.22,4984835,71531496.00
2014-08-18,7.33,7.85,7.25,7.63,8701104,132503864.00
2014-08-19,7.63,7.80,7.48,7.80,6350186,97424240.00
2014-08-20,7.68,7.85,7.58,7.65,4461442,68976256.00
2014-08-21,7.65,7.75,7.57,7.68,3479317,53375376.00
2014-08-22,7.67,7.70,7.47,7.62,3427829,52251124.00
2014-08-25,7.57,7.61,7.47,7.47,1905003,28854494.00
2014-08-26,7.47,7.57,7.29,7.35,2831266,42294800.00
2014-08-27,7.37,7.45,7.36,7.42,1429234,21256598.00
2014-08-28,7.44,7.57,7.33,7.47,1685266,25230132.00
2014-08-29,7.52,7.57,7.36,7.54,1470496,21985478.00
2014-09-01,7.49,7.80,7.48,7.77,3348273,51613444.00
2014-09-02,7.83,7.84,7.70,7.79,2648398,41217668.00
2014-09-03,7.79,7.85,7.66,7.81,3525460,54863572.00
2014-09-04,7.82,8.36,7.77,8.28,5862865,96057328.00
2014-09-05,8.20,8.51,8.14,8.40,3592610,59866960.00
2014-09-09,8.39,8.87,8.34,8.63,5439024,94312520.00
2014-09-10,8.67,8.83,8.48,8.67,4607866,79622032.00
2014-09-11,8.62,8.71,8.14,8.37,5016086,85289928.00
2014-09-12,8.41,8.61,8.30,8.59,4158042,70924328.00
2014-09-15,8.69,9.45,8.66,9.30,19649593,359235776.00
2014-09-16,9.29,9.30,8.50,8.86,24141174,217289888.00
2014-09-17,8.56,8.74,7.97,8.21,47689160,391961824.00
2014-09-18,8.07,8.15,7.80,8.13,19021349,153074800.00
2014-09-19,7.97,8.17,7.92,8.14,31459614,253207328.00
2014-09-22,8.02,8.02,7.65,7.70,43999397,343850336.00
2014-09-23,7.72,7.89,7.64,7.85,34214086,266700336.00
2014-09-24,7.70,7.86,7.67,7.82,25799255,201266096.00
2014-09-25,7.83,8.19,7.80,8.08,33761288,270326080.00
2014-09-26,8.03,8.16,7.98,8.06,19268359,156039232.00
2014-09-29,8.10,8.15,8.05,8.12,18592374,151269424.00
2014-09-30,8.14,8.18,8.08,8.14,15352019,125111520.00
2014-10-08,8.14,8.36,8.06,8.36,23367246,192730928.00
2014-10-09,8.41,9.04,8.32,8.85,41399527,358609312.00
2014-10-10,8.73,8.85,8.57,8.63,24309815,211895552.00
2014-10-13,8.58,8.74,8.37,8.73,16821260,144175616.00
2014-10-14,8.71,8.85,8.49,8.62,19160744,167320176.00
2014-10-15,8.69,8.79,8.55,8.72,15584966,136113552.00
2014-10-16,8.67,8.67,8.44,8.44,16174400,139198192.00
2014-10-17,8.42,8.44,7.87,8.13,17271173,141538112.00
2014-10-20,8.12,8.21,7.95,8.14,27044684,217871472.00
2014-10-21,8.11,8.12,7.98,8.00,10367026,83564920.00
2014-10-22,7.99,8.05,7.84,7.84,9847618,78707584.00
2014-10-23,7.81,7.93,7.69,7.72,7798743,60914296.00
2014-10-24,7.73,7.89,7.73,7.82,5539841,43432600.00
2014-10-27,7.82,7.89,7.73,7.80,7879346,61633660.00
2014-10-28,7.81,8.12,7.81,8.11,11928741,95701016.00
2014-10-29,8.15,8.19,8.04,8.15,12376897,100815296.00
2014-10-30,8.15,8.20,8.07,8.08,10997966,89728664.00
2014-10-31,8.07,8.11,7.87,7.94,11404254,91181864.00
2014-11-03,7.94,8.15,7.94,8.14,10380601,83778824.00
2014-11-04,8.10,8.15,7.88,7.94,24684727,198414816.00
2014-11-05,7.89,7.91,7.77,7.82,11793564,92479776.00
2014-11-06,7.80,7.89,7.77,7.87,6918666,54325780.00
2014-11-07,7.87,7.90,7.72,7.76,9772051,76580480.00
2014-11-10,7.77,7.87,7.76,7.83,7099638,55746976.00
2014-11-11,7.81,7.87,7.27,7.41,13381657,102125048.00
2014-11-12,7.35,7.56,7.32,7.54,6000760,44966080.00
2014-11-13,7.48,7.52,7.23,7.27,10685500,78434024.00
2014-11-14,7.26,7.26,7.13,7.19,6580985,47541960.00
2014-11-17,7.17,7.47,7.15,7.35,7795345,57412196.00
2014-11-18,7.31,7.40,7.30,7.37,4002059,29547504.00
2014-11-19,7.36,7.42,7.32,7.41,5569828,41236144.00
2014-11-20,7.37,7.39,7.31,7.33,4308770,31749936.00
2014-11-21,7.32,7.39,7.31,7.36,4312566,31849516.00
2014-11-24,7.43,7.54,7.38,7.47,8519729,63847484.00
2014-11-25,7.52,7.56,7.44,7.56,7716070,58144380.00
2014-11-26,7.57,7.77,7.52,7.74,11752755,90443672.00
2014-11-27,7.78,7.87,7.72,7.86,13512810,105826376.00
2014-11-28,7.87,8.10,7.82,7.99,16059858,128726576.00
2014-12-01,8.00,8.11,7.68,7.72,13989421,110266024.00
2014-12-02,7.70,7.83,7.68,7.77,7718989,60186660.00
2014-12-03,7.77,7.82,7.59,7.82,13316852,102663024.00
2014-12-04,7.83,7.89,7.77,7.85,12905991,101655720.00
2014-12-05,7.85,7.85,7.33,7.52,14448211,109852512.00
2014-12-08,7.46,7.49,7.37,7.41,9242152,68867808.00
2014-12-09,7.39,7.51,7.16,7.18,16001322,116935848.00
2014-12-10,7.18,7.37,7.13,7.36,7851884,57376332.00
2014-12-11,7.32,7.41,7.27,7.37,8155370,60202224.00
2014-12-12,7.37,7.77,7.35,7.77,17301620,131864320.00
2014-12-15,7.76,7.84,7.68,7.81,12605016,98390800.00
2014-12-16,7.81,7.81,7.63,7.66,8297710,64028028.00
2014-12-17,7.66,7.66,7.40,7.44,8155817,61515692.00
2014-12-18,7.45,7.50,7.35,7.37,7073955,52719284.00
2014-12-19,7.38,7.40,7.17,7.29,7162709,52168368.00
2014-12-22,7.26,7.26,6.85,6.89,9562971,67380592.00
2014-12-23,6.85,7.06,6.68,6.89,4867476,33780216.00
2014-12-24,6.96,7.15,6.92,7.14,4629973,32731614.00
2014-12-25,7.14,7.15,7.06,7.11,4288385,30548048.00
2014-12-26,7.11,7.25,7.04,7.07,4488856,32047650.00
2014-12-29,7.01,7.06,6.79,6.82,6241267,43012124.00
2014-12-30,6.82,6.85,6.69,6.71,4320528,29392542.00
2014-12-31,6.67,6.85,6.67,6.85,3333141,22621662.00
2015-01-05,6.85,6.88,6.63,6.77,7143625,48141512.00
2015-01-06,6.76,6.98,6.71,6.97,7138640,49230468.00
2015-01-07,6.93,6.97,6.82,6.88,5620640,38832408.00
2015-01-08,6.88,6.95,6.84,6.92,5175019,35933844.00
2015-01-09,6.92,6.97,6.85,6.86,4707649,32687970.00
2015-01-12,6.81,6.82,6.65,6.70,4524569,30534682.00
2015-01-13,6.70,6.78,6.68,6.76,2606621,17660242.00
2015-01-14,6.79,6.79,6.64,6.67,3860559,25942724.00
2015-01-15,6.69,6.71,6.63,6.69,3802827,25485238.00
2015-01-16,6.78,7.36,6.78,7.36,26524786,192546912.00
2015-01-19,7.36,7.84,7.17,7.48,34618059,261766704.00
2015-01-20,7.53,8.05,7.37,7.92,29733112,231122608.00
2015-01-21,7.85,8.02,7.78,7.87,21797982,172282976.00
2015-01-22,7.82,7.98,7.72,7.90,15859979,125027344.00
2015-01-23,7.93,7.94,7.58,7.70,15615495,121123912.00
2015-01-26,7.63,7.82,7.63,7.76,10111973,78503304.00
2015-01-27,7.75,7.85,7.65,7.82,11615061,90682920.00
2015-01-28,7.82,7.97,7.72,7.88,14325279,113007640.00
2015-01-29,7.82,8.21,7.75,8.13,29839849,241832848.00
2015-01-30,8.12,8.14,7.77,7.78,15602938,124695544.00
2015-02-02,7.64,7.80,7.48,7.62,8123886,62449520.00
2015-02-03,7.63,7.77,7.63,7.71,7232550,55989544.00
2015-02-04,7.71,8.06,7.67,7.96,17289834,136907504.00
2015-02-05,7.97,8.10,7.77,7.79,17849743,142406208.00
2015-02-06,7.72,7.79,7.48,7.51,10034420,76753248.00
2015-02-09,7.53,7.59,7.39,7.42,6141902,46091784.00
2015-02-10,7.42,7.47,7.38,7.46,4792031,35760356.00
2015-02-11,7.47,7.54,7.45,7.52,5836158,43869428.00
2015-02-12,7.57,7.63,7.52,7.54,6889604,52344460.00
2015-02-13,7.58,7.81,7.57,7.73,10900235,84296336.00
2015-02-16,7.81,7.89,7.70,7.87,9319025,73348448.00
2015-02-17,7.86,7.92,7.77,7.81,8298230,65072000.00
2015-02-25,7.82,7.85,7.69,7.78,7156665,55810348.00
2015-02-26,7.75,7.87,7.74,7.87,7514672,58912068.00
2015-02-27,7.90,7.94,7.83,7.88,10711717,84808736.00
2015-03-02,7.90,8.07,7.89,8.06,17573743,140857776.00
2015-03-03,8.06,8.66,7.99,8.35,37405620,314276864.00
2015-03-04,8.37,8.82,8.31,8.74,31067166,269178592.00
2015-03-05,8.75,8.82,8.49,8.81,23922001,206674880.00
2015-03-06,8.77,9.04,8.50,8.52,24323891,213451136.00
2015-03-09,8.42,8.67,8.25,8.54,13782965,117156936.00
2015-03-10,8.51,8.71,8.44,8.56,11303656,97488480.00
2015-03-11,8.56,8.62,8.31,8.32,15819810,133737296.00
2015-03-12,8.27,8.46,8.15,8.45,14334425,119574712.00
2015-03-13,8.47,8.61,8.43,8.60,13651099,117042992.00
2015-03-16,8.62,8.95,8.62,8.91,22824324,202919760.00
2015-03-17,8.91,9.25,8.85,9.11,32024517,289898368.00
2015-03-18,9.15,9.50,9.14,9.42,27871824,262005840.00
2015-03-19,9.39,9.39,9.18,9.30,24793610,230951008.00
2015-03-20,9.35,10.23,9.24,9.99,34676838,346614080.00
2015-03-23,9.99,10.48,9.96,10.37,31008395,316454144.00
2015-03-24,10.37,10.43,9.48,10.12,35069312,354040352.00
2015-03-25,10.12,10.16,9.87,10.05,23517186,236170304.00
2015-03-26,10.05,10.06,9.71,9.72,21060363,207951776.00
2015-03-27,9.71,9.95,9.63,9.95,13502434,133391080.00
2015-03-30,10.05,10.26,9.83,9.98,19267085,193406288.00
2015-03-31,10.07,10.13,9.86,10.00,18712688,188060016.00
2015-04-01,10.00,10.31,9.99,10.28,22243032,227923152.00
2015-04-02,10.42,10.59,10.25,10.47,24886434,260096896.00
2015-04-03,10.53,11.27,10.28,11.13,32011575,343576352.00
2015-04-07,10.95,11.23,10.78,11.12,29593561,326095488.00
2015-04-08,11.13,11.17,10.27,10.46,32222071,343357472.00
2015-04-09,10.46,10.46,9.47,10.02,24384515,243681424.00
2015-04-10,9.95,10.41,9.82,10.20,17844884,182672672.00
2015-04-13,10.22,10.35,10.04,10.27,19719766,201961696.00
2015-04-14,10.26,10.27,9.97,10.04,18073741,183538272.00
2015-04-15,10.02,10.02,9.48,9.55,17492126,170608000.00
2015-04-16,9.46,9.76,9.20,9.59,12036613,115689040.00
2015-04-17,9.65,9.85,9.65,9.71,13314208,129828176.00
2015-04-20,9.62,9.69,9.30,9.32,17664131,168272608.00
2015-04-21,9.32,9.78,9.30,9.77,14186100,136894448.00
2015-04-22,9.88,10.12,9.87,10.07,18811800,189057680.00
2015-04-23,10.07,10.15,9.96,10.08,19192168,193597728.00
2015-04-24,10.01,10.01,9.70,9.88,18116649,179589600.00
2015-04-27,9.91,10.21,9.91,9.99,14980984,150859504.00
2015-04-28,10.01,10.04,9.37,9.46,15855673,153562864.00
2015-04-29,9.38,9.69,9.38,9.61,9060675,87155168.00
2015-04-30,9.64,9.84,9.60,9.60,10003993,97654824.00
2015-05-04,9.55,9.71,9.44,9.67,9191744,88447504.00
2015-05-05,9.67,9.67,9.22,9.29,10865961,103062544.00
2015-05-06,9.28,9.49,9.02,9.07,9832454,91991424.00
2015-05-07,9.09,9.17,8.47,8.56,12232869,107820976.00
2015-05-08,8.65,9.08,8.65,9.05,11180716,99416944.00
2015-05-11,9.15,9.96,9.09,9.82,20860723,200955664.00
2015-05-12,9.82,10.00,9.63,9.85,19704571,194300272.00
2015-05-13,9.76,10.06,9.47,9.96,19145233,189057552.00
2015-05-14,9.96,10.26,9.87,10.26,27512972,280218272.00
2015-05-15,10.33,10.54,9.98,10.07,20441202,208832736.00
2015-05-18,10.07,10.81,9.99,10.77,34096321,359104128.00
2015-05-19,10.76,11.05,10.48,10.92,31301196,340222432.00
2015-05-20,10.95,11.91,10.78,11.25,38988808,447675104.00
2015-05-21,11.26,12.38,11.26,12.38,44744997,537975744.00
2015-05-22,12.92,13.06,11.75,11.99,48052736,594696896.00
2015-05-25,11.73,12.25,11.28,12.05,32638833,384887168.00
2015-05-26,11.93,12.52,11.93,12.47,31202655,386723584.00
2015-05-27,12.58,13.16,12.00,12.97,32594012,408049920.00
2015-05-28,12.77,13.47,11.67,11.72,36103869,460504576.00
2015-05-29,11.95,12.45,10.95,12.12,31750466,377654752.00
2015-06-01,12.13,13.13,12.13,13.09,29418029,376901472.00
2015-06-02,13.19,13.97,12.92,13.82,30859605,419036128.00
2015-06-03,13.82,14.46,13.47,13.90,28005494,392047968.00
2015-06-04,13.93,13.95,12.51,13.47,26425806,349918368.00
2015-06-05,13.57,14.26,13.24,13.74,25169863,347715328.00
2015-06-08,13.73,13.97,13.25,13.52,23885172,324116096.00
2015-06-09,13.47,13.86,13.28,13.58,19640846,267520640.00
2015-06-10,13.38,14.16,13.23,13.83,28327003,388927168.00
2015-06-11,13.70,14.82,13.64,14.44,30726036,441484672.00
2015-06-12,14.46,15.05,14.13,14.64,25836392,376877984.00
2015-06-15,14.92,14.94,14.27,14.32,21548544,314328096.00
2015-06-16,14.03,14.27,13.07,13.07,23130079,314513760.00
2015-06-17,12.98,13.57,12.38,13.48,17697542,231839920.00
2015-06-18,13.32,14.07,13.08,13.13,18614978,255467248.00
2015-06-19,12.85,13.03,11.81,11.81,17067805,213390832.00
2015-06-23,11.78,12.99,11.77,12.99,23093473,285603968.00
2015-06-24,13.17,13.88,13.00,13.44,21844374,294780608.00
2015-06-25,13.46,13.52,12.38,12.99,15830709,208141968.00
2015-06-26,12.59,12.90,11.69,11.69,18276321,222048432.00
2015-06-29,12.02,12.17,10.52,10.82,19512613,216163456.00
2015-06-30,10.40,11.69,9.74,11.30,20086306,212643840.00
2015-07-01,11.17,11.57,10.17,10.36,16250327,180175728.00
2015-07-02,10.32,10.62,9.36,9.57,17314420,173687776.00
2015-07-03,9.57,9.77,8.61,8.61,16290938,145977248.00
2015-07-06,9.46,9.46,7.75,7.97,18622240,158501376.00
2015-07-07,7.61,7.76,7.17,7.17,8365200,61121412.00
2015-08-03,7.89,7.89,7.89,7.89,174900,1379961.00
2015-08-04,8.68,8.68,8.68,8.68,440058,3819703.50
2015-08-05,9.55,9.55,9.55,9.55,26324202,251396128.00
2015-08-06,8.74,9.43,8.71,9.20,40672436,371898176.00
2015-08-07,9.14,9.88,9.03,9.53,23271639,219713152.00
2015-08-10,9.40,10.06,9.40,9.92,23706967,230396896.00
2015-08-11,9.71,10.91,9.67,10.54,26929955,277617312.00
2015-08-12,10.01,10.54,10.01,10.13,13161884,135659456.00
2015-08-13,10.05,10.36,9.80,10.26,10800407,109268960.00
2015-08-14,10.25,10.47,10.16,10.23,10401228,107012208.00
2015-08-17,10.17,10.38,9.89,10.23,10170613,102910456.00
2015-08-18,10.23,10.53,9.50,9.75,19914750,202096656.00
2015-08-19,9.39,10.49,9.38,10.39,13713848,136216368.00
2015-08-20,10.25,10.43,9.92,9.96,7936758,80652200.00
2015-08-21,9.78,10.21,9.58,9.79,6858763,68105056.00
2015-08-24,9.40,9.75,8.81,8.81,6622522,60103688.00
2015-08-25,7.93,8.56,7.93,7.93,11651595,94043616.00
2015-08-26,7.98,8.31,7.30,7.88,7611869,60967580.00
2015-08-27,8.09,8.40,7.88,8.25,5458914,44626016.00
2015-08-28,8.34,8.88,8.30,8.80,7187550,61635116.00
2015-08-31,8.70,9.19,7.92,8.95,9045726,81004224.00
2015-09-01,8.75,8.89,8.19,8.29,6084559,51433376.00
2015-09-02,7.80,8.51,7.80,7.91,4149301,33400998.00
2015-09-07,8.02,8.36,7.89,7.95,4004247,32458204.00
2015-09-08,8.00,8.32,7.83,8.31,4090297,33091552.00
2015-09-09,8.28,8.67,8.28,8.51,8245896,70013624.00
2015-09-10,8.42,8.51,8.00,8.15,5371652,44902260.00
2015-09-11,8.15,8.35,8.01,8.19,3253240,26625308.00
2015-09-14,8.25,8.38,7.38,7.60,7373529,58276716.00
2015-09-15,7.40,7.68,6.84,7.15,4998441,36121332.00
2015-09-16,7.15,7.87,7.10,7.87,4430480,33151564.00
2015-09-17,7.70,8.05,7.55,7.64,4198652,32829540.00
2015-09-22,7.81,7.81,7.81,7.81,0,0.00
数据来源:通达信
