300180 华峰超纤 日线 前复权
      日期	    开盘	    最高	    最低	    收盘	    成交量	    成交额
2011-02-22,8.23,8.46,7.88,7.90,20093995,417368192.00
2011-02-23,7.74,7.86,7.63,7.78,5583958,110666896.00
2011-02-24,7.74,7.88,7.71,7.81,3660719,72964784.00
2011-02-25,7.77,7.82,7.62,7.70,3162894,62252812.00
2011-02-28,7.72,7.80,7.69,7.79,2297197,45488488.00
2011-03-01,7.80,7.89,7.74,7.85,3193909,63746752.00
2011-03-02,7.87,7.93,7.76,7.92,4142229,83171704.00
2011-03-03,7.89,7.93,7.72,7.73,2426879,48448884.00
2011-03-04,7.74,7.79,7.65,7.78,1761566,34836172.00
2011-03-07,7.82,7.82,7.75,7.81,1914722,38098184.00
2011-03-08,7.82,7.82,7.72,7.77,1720075,34103620.00
2011-03-09,7.78,7.94,7.75,7.89,2861015,57279700.00
2011-03-10,7.87,7.97,7.82,7.83,2126990,42761780.00
2011-03-11,8.45,8.63,8.43,8.63,6568860,144349536.00
2011-03-14,9.03,9.42,8.87,9.16,16213472,378036288.00
2011-03-15,9.02,9.10,8.69,8.99,7060695,159822400.00
2011-03-16,8.94,9.17,8.80,9.08,5931091,136302800.00
2011-03-17,8.90,8.90,8.51,8.63,4853042,108189112.00
2011-03-18,8.71,8.86,8.58,8.69,3080235,68539368.00
2011-03-21,8.69,9.15,8.47,9.08,5587668,125993584.00
2011-03-22,8.99,9.21,8.88,9.04,3670400,84290920.00
2011-03-23,9.01,9.22,8.91,9.13,3341169,77230864.00
2011-03-24,9.09,9.33,8.99,9.04,3352212,77904096.00
2011-03-25,9.06,9.08,8.75,8.77,3377227,76027576.00
2011-03-28,8.78,8.85,8.64,8.66,2159641,47991408.00
2011-03-29,8.64,8.64,8.28,8.28,3157515,67893280.00
2011-03-30,8.23,8.38,8.18,8.19,1322079,27919308.00
2011-03-31,8.22,8.34,8.16,8.25,1274132,26787252.00
2011-04-06,8.23,8.32,8.04,8.11,1366055,28301182.00
2011-04-07,8.07,8.47,8.07,8.35,4640228,97543256.00
2011-04-08,8.25,8.31,8.18,8.27,2175275,45782068.00
2011-04-11,8.27,8.27,8.08,8.09,1846154,38320672.00
2011-04-12,8.07,8.13,7.89,7.94,1579147,32274664.00
2011-04-13,7.94,8.16,7.91,8.09,1144804,23615414.00
2011-04-14,8.09,8.09,7.99,8.02,863007,17675150.00
2011-04-15,7.94,8.07,7.94,8.05,941639,19260140.00
2011-04-18,8.02,8.26,7.99,8.14,1515245,31561312.00
2011-04-19,8.07,8.10,7.91,7.97,1050652,21445830.00
2011-04-20,7.97,8.13,7.97,8.11,687949,14177216.00
2011-04-21,8.16,8.25,7.99,8.24,1460087,30382912.00
2011-04-22,7.89,8.03,7.82,7.84,2596322,52366804.00
2011-04-25,7.83,7.84,7.64,7.65,1201341,23602390.00
2011-04-26,7.67,7.67,7.36,7.47,1063167,20303644.00
2011-04-27,7.47,7.54,7.23,7.28,727566,13737762.00
2011-04-28,7.28,7.38,7.03,7.04,816493,14970685.00
2011-04-29,7.12,7.17,7.03,7.13,508069,9262510.00
2011-05-03,7.19,7.21,7.11,7.19,325611,5977493.00
2011-05-04,7.18,7.18,6.89,6.90,715018,12852437.00
2011-05-05,6.90,7.05,6.85,6.99,417896,7483114.50
2011-05-06,6.93,7.04,6.86,6.99,308271,5509436.00
2011-05-09,7.00,7.16,7.00,7.06,432685,7868846.50
2011-05-10,7.06,7.15,7.06,7.15,510456,9310288.00
2011-05-11,7.15,7.21,7.08,7.12,454122,8279588.00
2011-05-12,7.11,7.11,6.95,6.96,571150,10261783.00
2011-05-13,6.96,7.07,6.89,7.07,350712,6256983.00
2011-05-16,7.02,7.19,7.01,7.15,547669,10013623.00
2011-05-17,7.14,7.14,6.94,7.09,399757,7222580.50
2011-05-19,7.17,7.17,6.99,7.01,276660,4999795.50
2011-05-20,6.96,7.06,6.89,6.90,343701,6126171.50
2011-05-23,6.91,6.91,6.52,6.52,598241,10195399.00
2011-05-24,6.44,6.70,6.35,6.58,974980,16383926.00
2011-05-25,6.53,6.58,6.32,6.33,457760,7575381.50
2011-05-26,6.33,6.51,6.27,6.28,614457,10026125.00
2011-05-27,6.25,6.28,5.93,5.98,1282059,19902576.00
2011-05-30,5.85,6.04,5.84,6.01,396178,6083343.00
2011-05-31,6.01,6.10,5.95,6.08,685431,10632374.00
2011-06-01,6.08,6.12,5.98,6.04,1412823,21851496.00
2011-06-02,5.92,5.98,5.86,5.88,562449,8551271.00
2011-06-03,5.89,6.00,5.88,5.98,969684,14869603.00
2011-06-07,6.00,6.01,5.92,6.00,390364,5997850.50
2011-06-08,6.01,6.01,5.86,5.99,551632,8405428.00
2011-06-09,5.99,5.99,5.87,5.87,373459,5693074.50
2011-06-10,5.83,5.87,5.70,5.83,686381,10224295.00
2011-06-13,5.83,5.94,5.75,5.93,483124,7293115.50
2011-06-14,5.96,6.02,5.89,5.98,505241,7770486.00
2011-06-15,5.92,6.00,5.88,5.88,361045,5503682.00
2011-06-16,5.83,6.04,5.78,5.88,954349,14469807.00
2011-06-17,5.81,5.89,5.64,5.82,386459,5817575.00
2011-06-20,5.75,5.84,5.64,5.71,639499,9427020.00
2011-06-21,5.76,5.76,5.67,5.73,459938,6769116.00
2011-06-22,5.75,5.89,5.66,5.81,1049377,15518869.00
2011-06-23,5.74,5.98,5.70,5.96,1414822,21468258.00
2011-06-24,5.92,6.14,5.91,6.08,1668883,25890120.00
2011-06-27,6.06,6.16,6.03,6.11,1082561,16979278.00
2011-06-28,6.11,6.21,6.03,6.12,685268,10757748.00
2011-06-29,6.08,6.16,5.99,5.99,974862,15211192.00
2011-06-30,5.98,6.10,5.98,6.08,570178,8893047.00
2011-07-01,6.10,6.17,6.08,6.10,777223,12223411.00
2011-07-04,6.14,6.30,6.12,6.26,1037064,16582783.00
2011-07-05,6.25,6.30,6.21,6.25,783838,12602562.00
2011-07-06,6.30,6.39,6.18,6.37,1037770,16831020.00
2011-07-07,6.36,6.54,6.32,6.41,1354815,22401492.00
2011-07-08,6.38,6.43,6.26,6.27,1065439,17256896.00
2011-07-11,6.31,6.40,6.27,6.40,692410,11274827.00
2011-07-12,6.30,6.40,6.27,6.28,884190,14370644.00
2011-07-13,6.28,6.58,6.28,6.57,1465571,24381048.00
2011-07-14,6.58,6.74,6.50,6.74,1504839,25795362.00
2011-07-15,6.75,6.82,6.66,6.73,1547466,26762036.00
2011-07-18,6.73,6.78,6.64,6.65,815178,13998697.00
2011-07-19,6.70,6.70,6.48,6.50,863988,14517248.00
2011-07-20,6.55,6.65,6.37,6.58,831146,13989352.00
2011-07-21,6.62,6.62,6.42,6.43,506423,8480888.00
2011-07-22,6.30,6.35,6.19,6.23,2861577,45975952.00
2011-07-25,6.24,6.24,5.89,5.94,1509930,23525784.00
2011-07-26,5.95,6.05,5.89,6.02,556965,8554009.00
2011-07-27,6.02,6.18,5.93,6.10,618767,9670445.00
2011-07-28,6.03,6.11,5.98,6.05,601409,9342513.00
2011-07-29,6.09,6.19,6.05,6.07,902640,14183663.00
2011-08-01,6.09,6.22,5.96,6.20,1024658,16196803.00
2011-08-02,6.22,6.50,6.14,6.48,2443375,40028396.00
2011-08-03,6.40,6.71,6.35,6.61,2789662,47254624.00
2011-08-04,6.61,6.95,6.51,6.81,2634898,45343252.00
2011-08-05,6.62,7.03,6.51,6.94,2622880,45868516.00
2011-08-08,6.81,6.93,6.32,6.55,2623054,44801900.00
2011-08-09,6.26,6.63,6.18,6.53,1510812,24955364.00
2011-08-10,6.61,6.76,6.46,6.47,1509975,25680004.00
2011-08-11,6.35,6.67,6.26,6.66,1406170,23395528.00
2011-08-12,6.66,6.82,6.55,6.59,1450436,24746554.00
2011-08-15,6.60,6.91,6.57,6.90,2063676,35960192.00
2011-08-16,6.86,6.89,6.72,6.77,1121765,19497900.00
2011-08-17,6.75,6.82,6.67,6.67,1119823,19350842.00
2011-08-18,6.65,6.79,6.50,6.52,1190086,20318552.00
2011-08-19,6.30,6.51,6.30,6.50,739891,12188267.00
2011-08-22,6.50,6.66,6.42,6.64,1010612,17039640.00
2011-08-23,6.64,6.74,6.57,6.74,910820,15565827.00
2011-08-24,6.76,7.00,6.72,6.74,2615387,45986076.00
2011-08-25,6.74,6.80,6.58,6.74,1259330,21557082.00
2011-08-26,6.75,6.89,6.74,6.85,1164745,20366104.00
2011-08-29,6.82,6.89,6.72,6.81,1073097,18726472.00
2011-08-30,6.81,6.88,6.55,6.55,902530,15519042.00
2011-08-31,6.50,6.57,6.40,6.50,778916,12939155.00
2011-09-01,6.56,6.58,6.43,6.52,467295,7785234.00
2011-09-02,6.50,6.50,6.40,6.44,338380,5602996.50
2011-09-05,6.42,6.52,6.37,6.37,473041,7812791.00
2011-09-06,6.37,6.44,6.19,6.23,405709,6542977.00
2011-09-07,6.27,6.40,6.27,6.40,657591,10708281.00
2011-09-08,6.41,6.43,6.24,6.26,354450,5773303.50
2011-09-09,6.26,6.42,6.12,6.13,608681,9688271.00
2011-09-13,6.08,6.08,6.01,6.01,373056,5795445.50
2011-09-14,6.01,6.12,5.99,6.12,303900,4727718.50
2011-09-15,6.12,6.20,6.07,6.14,317710,5013392.50
2011-09-16,6.17,6.19,6.08,6.11,241001,3799823.75
2011-09-19,6.10,6.10,5.94,5.94,322768,4955880.00
2011-09-20,5.91,6.02,5.88,5.94,285993,4381527.00
2011-09-21,5.91,6.09,5.91,6.08,521333,8096322.00
2011-09-22,6.03,6.23,5.92,6.04,807374,12629781.00
2011-09-23,5.87,5.96,5.80,5.90,607113,9168581.00
2011-09-26,5.84,5.92,5.76,5.77,407644,6130439.50
2011-09-27,5.78,5.85,5.77,5.83,206053,3083456.75
2011-09-28,5.84,5.89,5.73,5.74,219770,3272175.50
2011-09-29,5.67,5.74,5.55,5.58,345951,5024796.00
2011-09-30,5.62,5.66,5.41,5.46,755481,10606939.00
2011-10-10,5.49,5.49,5.37,5.41,337625,4722693.00
2011-10-11,5.52,5.60,5.35,5.36,388583,5475403.00
2011-10-12,5.39,5.55,5.33,5.54,943544,13308087.00
2011-10-13,5.52,5.63,5.50,5.60,819437,11749630.00
2011-10-14,5.55,5.58,5.46,5.52,551553,7836306.00
2011-10-17,5.58,5.58,5.52,5.58,565735,8098292.50
2011-10-18,5.56,5.70,5.50,5.63,1302988,18910442.00
2011-10-19,5.59,5.62,5.38,5.46,918211,12968216.00
2011-10-20,5.40,5.45,5.19,5.21,748465,10182890.00
2011-10-21,5.23,5.27,5.15,5.26,466493,6283159.50
2011-10-24,5.35,5.38,5.16,5.34,260179,3544973.75
2011-10-25,5.33,5.46,5.27,5.43,760650,10610635.00
2011-10-26,5.43,5.54,5.43,5.48,858484,12138961.00
2011-10-27,5.48,5.58,5.45,5.47,584250,8287239.00
2011-10-28,5.53,5.61,5.47,5.56,1074086,15279522.00
2011-10-31,5.59,5.65,5.56,5.62,945004,13644446.00
2011-11-01,5.55,5.62,5.53,5.60,679249,9770441.00
2011-11-02,5.48,5.74,5.46,5.72,1088898,15713423.00
2011-11-03,5.78,5.88,5.72,5.74,1642674,24498554.00
2011-11-04,5.78,5.79,5.64,5.75,925865,13634050.00
2011-11-07,5.75,5.78,5.68,5.71,537238,7913160.00
2011-11-08,5.70,5.74,5.60,5.63,548579,8023788.50
2011-11-09,5.64,5.76,5.63,5.75,766739,11256434.00
2011-11-10,5.69,5.93,5.64,5.77,1809006,27074102.00
2011-11-11,5.75,5.99,5.75,5.90,1836060,27888492.00
2011-11-14,5.94,6.02,5.89,5.97,1655991,25393886.00
2011-11-15,5.95,5.99,5.88,5.90,889538,13545122.00
2011-11-16,5.90,5.90,5.69,5.71,1264096,18821992.00
2011-11-17,5.71,5.82,5.67,5.70,757980,11199768.00
2011-11-18,5.70,5.95,5.57,5.73,1150294,16930946.00
2011-11-21,5.75,6.32,5.75,6.22,6829326,109298720.00
2011-11-22,5.98,6.04,5.80,5.93,4035263,61539948.00
2011-11-23,5.88,5.92,5.76,5.77,2260965,33883664.00
2011-11-24,5.69,5.72,5.52,5.65,1598249,23145350.00
2011-11-25,5.65,5.90,5.59,5.81,2235982,33219478.00
2011-11-28,5.79,5.79,5.59,5.63,1352447,19675728.00
2011-11-29,5.68,5.69,5.56,5.68,893456,13007722.00
2011-11-30,5.63,5.70,5.27,5.39,1319889,18717722.00
2011-12-01,5.54,5.60,5.47,5.50,1322811,18943952.00
2011-12-02,5.43,5.52,5.31,5.33,516080,7134850.00
2011-12-05,5.27,5.32,5.12,5.14,409958,5489684.50
2011-12-06,5.10,5.18,5.05,5.17,633024,8366891.50
2011-12-07,5.19,5.20,5.09,5.16,299765,3986342.75
2011-12-08,5.12,5.26,5.07,5.21,429031,5742907.00
2011-12-09,5.11,5.24,5.09,5.11,350113,4639072.00
2011-12-12,5.18,5.20,5.07,5.10,270451,3580423.75
2011-12-13,5.05,5.09,4.88,4.90,518737,6630702.00
2011-12-14,4.85,4.96,4.84,4.87,177563,2244643.00
2011-12-15,4.84,4.86,4.71,4.71,381862,4718316.50
2011-12-16,4.80,4.86,4.67,4.85,425206,5222758.50
2011-12-19,4.76,4.85,4.68,4.84,354313,4383060.50
2011-12-20,4.83,4.94,4.75,4.87,458085,5787683.50
2011-12-21,4.88,4.91,4.71,4.72,370990,4634836.00
2011-12-22,4.68,4.71,4.49,4.68,463910,5532966.00
2011-12-23,4.68,4.76,4.62,4.71,291248,3545171.25
2011-12-26,4.70,4.74,4.65,4.69,104709,1277760.63
2011-12-27,4.61,4.66,4.49,4.51,183693,2178315.50
2011-12-28,4.46,4.54,4.39,4.51,159151,1842004.38
2011-12-29,4.48,4.55,4.48,4.49,192098,2250224.50
2011-12-30,4.54,4.61,4.52,4.57,253197,2998955.75
2012-01-04,4.58,4.63,4.44,4.44,221870,2606381.25
2012-01-06,4.25,4.25,3.98,4.14,1049606,11011442.00
2012-01-09,4.05,4.30,3.99,4.28,642065,7001090.50
2012-01-10,4.27,4.47,4.22,4.44,652755,7446521.00
2012-01-11,4.42,4.51,4.40,4.46,577629,6679969.50
2012-01-12,4.43,4.76,4.40,4.50,925959,11049293.00
2012-01-13,4.39,4.49,4.17,4.20,630690,7092190.50
2012-01-16,4.20,4.20,4.03,4.03,244900,2623275.50
2012-01-17,4.17,4.33,4.04,4.28,450346,4931708.00
2012-01-18,4.30,4.35,4.15,4.21,500590,5548720.00
2012-01-19,4.19,4.43,4.16,4.42,778474,8737195.00
2012-01-20,4.40,4.41,4.34,4.39,695557,7905946.50
2012-01-30,4.42,4.44,4.35,4.36,385342,4393564.50
2012-01-31,4.36,4.36,4.23,4.32,276261,3082754.25
2012-02-01,4.31,4.37,4.25,4.29,314266,3521365.00
2012-02-02,4.30,4.37,4.27,4.36,316315,3553297.00
2012-02-03,4.35,4.48,4.35,4.46,539001,6207003.50
2012-02-06,4.48,4.63,4.47,4.54,792630,9361153.00
2012-02-07,4.54,4.54,4.41,4.44,355391,4115307.00
2012-02-08,4.46,4.62,4.44,4.58,476438,5605234.00
2012-02-09,4.55,4.64,4.55,4.58,727818,8691074.00
2012-02-10,4.60,4.61,4.54,4.58,615868,7306112.50
2012-02-13,4.51,4.67,4.48,4.63,673532,8072502.00
2012-02-14,4.68,4.68,4.59,4.63,458721,5491639.50
2012-02-15,4.65,4.69,4.57,4.69,732905,8833869.00
2012-02-16,4.66,4.72,4.63,4.65,691716,8367565.50
2012-02-17,4.67,4.69,4.59,4.61,515122,6176791.00
2012-02-20,4.68,4.68,4.57,4.57,831151,9963398.00
2012-02-21,4.58,4.63,4.51,4.63,832449,9885496.00
2012-02-22,4.61,4.80,4.61,4.80,2025572,24928884.00
2012-02-23,4.77,4.83,4.75,4.80,1320588,16377634.00
2012-02-24,4.78,4.88,4.75,4.82,1865666,23228736.00
2012-02-27,4.82,4.89,4.71,4.84,1804852,22614608.00
2012-02-28,4.80,4.82,4.71,4.80,1136404,14049437.00
2012-02-29,4.80,4.98,4.79,4.91,2335520,29623296.00
2012-03-01,4.81,4.89,4.81,4.89,973418,12213522.00
2012-03-02,4.89,4.96,4.87,4.96,1195368,15249033.00
2012-03-05,4.95,4.98,4.88,4.90,893992,11391248.00
2012-03-06,4.87,4.96,4.80,4.83,1076705,13576986.00
2012-03-07,4.77,4.87,4.76,4.84,799936,9980029.00
2012-03-08,4.85,4.89,4.81,4.88,1091859,13708749.00
2012-03-09,4.88,4.96,4.85,4.94,965471,12249859.00
2012-03-12,4.95,4.96,4.90,4.96,1109111,14154044.00
2012-03-13,4.94,5.26,4.94,5.12,3443954,45684768.00
2012-03-14,5.10,5.13,4.82,4.87,2379248,30834948.00
2012-03-15,4.88,5.14,4.83,4.94,1865698,23855650.00
2012-03-16,4.90,5.04,4.87,5.04,1472399,18917664.00
2012-03-19,5.07,5.11,4.97,5.08,1236670,16139370.00
2012-03-20,5.08,5.08,4.85,4.85,901820,11521578.00
2012-03-21,4.88,4.90,4.75,4.82,744881,9297926.00
2012-03-22,4.82,4.88,4.80,4.81,576948,7223491.50
2012-03-23,4.79,4.80,4.62,4.63,829119,10081262.00
2012-03-26,4.66,4.66,4.56,4.59,357138,4265036.50
2012-03-27,4.60,4.64,4.55,4.55,439299,5230532.00
2012-03-28,4.54,4.54,4.15,4.21,1506591,16895196.00
2012-03-29,4.15,4.24,4.07,4.13,580918,6311558.00
2012-03-30,4.09,4.20,4.09,4.20,762814,8243180.50
2012-04-05,4.20,4.27,4.16,4.26,455479,5011014.00
2012-04-06,4.23,4.26,4.14,4.20,598772,6556913.00
2012-04-09,4.20,4.29,4.13,4.16,318490,3468009.50
2012-04-10,4.17,4.18,3.99,4.16,506546,5405204.50
2012-04-11,4.13,4.39,4.08,4.30,1145157,12718474.00
2012-04-12,4.28,4.36,4.24,4.36,683150,7660249.00
2012-04-13,4.38,4.40,4.32,4.38,520012,5886200.00
2012-04-16,4.31,4.36,4.31,4.33,320810,3615296.50
2012-04-17,4.32,4.35,4.28,4.28,394465,4423280.50
2012-04-18,4.35,4.39,4.26,4.38,612858,6909995.00
2012-04-19,4.31,4.40,4.31,4.36,642418,7252448.00
2012-04-20,4.36,4.41,4.36,4.38,632100,7200265.50
2012-04-23,4.31,4.31,3.97,3.97,1973404,20900144.00
2012-04-24,3.91,3.98,3.79,3.87,1142448,11529591.00
2012-04-25,3.86,3.93,3.84,3.92,580501,5881015.50
2012-04-26,3.92,3.95,3.83,3.85,835484,8456284.00
2012-04-27,3.86,3.90,3.83,3.88,432738,4369539.00
2012-05-02,3.95,3.95,3.85,3.89,609319,6196744.00
2012-05-03,3.88,3.92,3.87,3.92,592453,6028434.50
2012-05-04,3.92,3.98,3.90,3.97,698298,7196672.00
2012-05-07,3.95,4.03,3.93,4.02,708245,7373768.50
2012-05-08,4.03,4.06,3.98,4.05,788777,8279636.00
2012-05-09,4.18,4.47,4.18,4.47,3249556,37528800.00
2012-05-10,4.51,4.62,4.29,4.37,5229816,60563900.00
2012-05-11,4.28,4.35,4.19,4.23,2400207,26507756.00
2012-05-14,4.25,4.27,4.12,4.20,1128493,12351958.00
2012-05-15,4.14,4.24,4.13,4.23,980286,10679910.00
2012-05-16,4.19,4.22,4.08,4.09,883381,9525890.00
2012-05-17,4.08,4.14,4.07,4.12,886429,9490618.00
2012-05-18,4.09,4.10,4.01,4.04,908799,9628818.00
2012-05-21,4.04,4.06,3.99,4.06,482998,5072685.50
2012-05-22,4.05,4.09,4.05,4.09,520538,5532803.00
2012-05-23,4.08,4.10,3.98,4.02,569929,5997103.50
2012-05-24,4.01,4.02,3.96,3.97,484490,5037794.00
2012-05-25,3.97,4.00,3.89,3.90,581400,5971581.00
2012-05-28,3.89,4.01,3.89,4.00,596415,6175579.50
2012-05-29,3.97,4.06,3.96,4.06,802134,8413738.00
2012-05-30,4.05,4.10,4.03,4.05,608653,6447305.50
2012-05-31,4.07,4.14,4.03,4.12,963158,10292241.00
2012-06-01,4.14,4.16,4.04,4.08,482030,5148812.00
2012-06-04,4.04,4.04,3.88,3.91,641400,6622410.50
2012-06-05,3.92,3.96,3.88,3.90,536714,5487581.50
2012-06-06,3.90,3.94,3.88,3.89,359027,3654882.50
2012-06-07,3.93,3.93,3.87,3.88,299590,3048478.50
2012-06-08,3.91,3.93,3.88,3.90,456999,4657980.50
2012-06-11,3.90,4.00,3.89,4.00,638345,6595427.00
2012-06-12,4.31,4.41,4.16,4.24,4690048,52722484.00
2012-06-13,4.26,4.40,4.18,4.34,3641196,40630532.00
2012-06-14,4.23,4.32,4.19,4.20,2001339,22117712.00
2012-06-15,4.20,4.24,4.09,4.16,1419713,15321182.00
2012-06-18,4.17,4.26,4.15,4.24,1324998,14517536.00
2012-06-19,4.23,4.27,4.16,4.20,1055120,11574601.00
2012-06-20,4.20,4.29,4.20,4.22,1084902,11953804.00
2012-06-21,4.23,4.23,4.13,4.17,1040771,11302492.00
2012-06-25,4.19,4.20,4.08,4.08,572402,6168045.00
2012-06-26,4.05,4.09,4.00,4.04,650156,6866863.00
2012-06-27,4.05,4.11,4.01,4.04,794340,8411604.00
2012-06-28,4.07,4.12,4.03,4.05,690368,7333185.00
2012-06-29,4.05,4.18,3.98,4.18,935869,9993764.00
2012-07-02,4.20,4.25,4.15,4.20,1213262,13242328.00
2012-07-03,4.17,4.29,4.17,4.22,1201733,13232830.00
2012-07-04,4.25,4.30,4.21,4.25,1095834,12097467.00
2012-07-05,4.25,4.26,4.09,4.11,787002,8471056.00
2012-07-06,4.13,4.21,4.03,4.18,874153,9382411.00
2012-07-09,4.15,4.28,4.13,4.15,1498602,16439476.00
2012-07-10,4.15,4.22,3.99,4.05,927322,9797510.00
2012-07-11,4.04,4.07,3.98,4.04,676979,7098669.00
2012-07-12,4.06,4.20,4.00,4.18,1292252,13853731.00
2012-07-13,4.20,4.27,4.14,4.27,1872962,20287496.00
2012-07-16,4.23,4.27,4.12,4.12,1604475,17326600.00
2012-07-17,4.09,4.14,4.03,4.14,839838,8828019.00
2012-07-18,4.11,4.32,4.09,4.29,1633399,17596464.00
2012-07-19,4.28,4.44,4.24,4.39,2222198,24913170.00
2012-07-20,4.35,4.42,4.32,4.36,1218935,13623072.00
2012-07-23,4.34,4.50,4.22,4.46,2303261,25919756.00
2012-07-24,4.40,4.60,4.38,4.52,1918645,22064982.00
2012-07-25,4.49,4.52,4.39,4.41,1195148,13622468.00
2012-07-26,4.39,4.44,4.34,4.39,662239,7449818.00
2012-07-27,4.41,4.43,4.31,4.33,640699,7160786.00
2012-07-30,4.36,4.37,4.19,4.24,836330,9159140.00
2012-07-31,4.23,4.25,4.16,4.18,603484,6511338.00
2012-08-01,4.20,4.32,4.19,4.29,641538,7032348.00
2012-08-02,4.27,4.30,4.10,4.16,694438,7491851.00
2012-08-03,4.19,4.31,4.15,4.30,514050,5589062.00
2012-08-06,4.27,4.44,4.24,4.44,1231504,13843098.00
2012-08-07,4.44,4.44,4.38,4.44,904101,10222796.00
2012-08-08,4.42,4.48,4.38,4.47,1097527,12505928.00
2012-08-09,4.44,4.52,4.41,4.51,1085028,12449915.00
2012-08-10,4.51,4.60,4.41,4.54,2204921,25546398.00
2012-08-13,4.50,4.60,4.43,4.46,1611861,18649530.00
2012-08-14,4.45,4.68,4.42,4.68,1782745,20810964.00
2012-08-15,4.65,4.66,4.57,4.57,917597,10821976.00
2012-08-16,4.51,4.51,4.39,4.40,1203603,13657762.00
2012-08-17,4.38,4.42,4.33,4.42,489919,5501359.50
2012-08-20,4.39,4.46,4.31,4.45,442178,4988646.00
2012-08-21,4.43,4.56,4.43,4.52,779569,8987891.00
2012-08-22,4.52,4.55,4.39,4.42,831300,9526815.00
2012-08-23,4.41,4.51,4.38,4.51,633469,7201720.50
2012-08-24,4.51,4.57,4.43,4.44,771162,8875175.00
2012-08-27,4.37,4.38,4.26,4.30,946090,10456470.00
2012-08-28,4.27,4.38,4.25,4.35,458900,5090210.00
2012-08-29,4.35,4.43,4.31,4.37,333905,3744283.50
2012-08-30,4.36,4.46,4.25,4.46,1029062,11497959.00
2012-08-31,4.44,4.48,4.34,4.45,577533,6547099.50
2012-09-03,4.43,4.55,4.40,4.52,649115,7475641.00
2012-09-04,4.50,4.54,4.45,4.48,475429,5474940.00
2012-09-05,4.49,4.58,4.47,4.56,876456,10182493.00
2012-09-06,4.57,4.63,4.54,4.56,750026,8778601.00
2012-09-07,4.58,4.72,4.56,4.66,1303236,15466426.00
2012-09-10,4.62,4.69,4.58,4.66,1045469,12394844.00
2012-09-11,4.65,4.65,4.56,4.58,689139,8113930.00
2012-09-12,4.62,4.67,4.54,4.61,711173,8349574.00
2012-09-13,4.61,4.62,4.51,4.53,618796,7239299.00
2012-09-14,4.59,4.64,4.50,4.64,825614,9654084.00
2012-09-17,4.64,4.64,4.54,4.56,965079,11338993.00
2012-09-18,4.56,4.71,4.51,4.68,2422243,28891574.00
2012-09-19,4.67,4.70,4.58,4.65,1168565,13843400.00
2012-09-20,4.63,4.64,4.37,4.37,1413400,16193584.00
2012-09-21,4.37,4.43,4.27,4.28,814143,9067905.00
2012-09-24,4.28,4.29,4.09,4.12,1068107,11411672.00
2012-09-25,4.12,4.15,4.09,4.12,420540,4455222.50
2012-09-26,4.10,4.14,4.00,4.02,305912,3179884.75
2012-09-27,4.01,4.16,4.01,4.11,555698,5850879.00
2012-09-28,4.08,4.17,4.07,4.14,510781,5407987.50
2012-10-08,4.15,4.17,4.11,4.13,305703,3247418.50
2012-10-09,4.16,4.24,4.14,4.22,602751,6501265.50
2012-10-10,4.22,4.26,4.19,4.25,415990,4513827.50
2012-10-11,4.24,4.24,4.11,4.11,779162,8317289.00
2012-10-12,4.13,4.35,4.13,4.23,1332864,14567437.00
2012-10-15,4.20,4.20,4.13,4.15,657708,7014388.00
2012-10-16,4.15,4.20,4.14,4.14,410510,4391115.00
2012-10-17,4.15,4.17,4.07,4.16,452804,4801809.50
2012-10-18,4.11,4.23,4.11,4.20,534701,5771041.50
2012-10-19,4.21,4.24,4.19,4.22,567517,6142216.00
2012-10-22,4.19,4.26,4.16,4.25,387905,4197226.00
2012-10-23,4.24,4.26,4.20,4.20,441300,4789194.50
2012-10-24,4.18,4.24,4.15,4.20,295382,3183361.00
2012-10-25,4.17,4.22,4.14,4.14,443199,4751671.00
2012-10-26,4.14,4.16,4.03,4.05,518694,5438327.50
2012-10-29,4.04,4.07,4.01,4.05,288878,3000581.25
2012-10-30,4.05,4.11,4.04,4.05,274765,2867644.75
2012-10-31,4.05,4.07,4.03,4.07,177690,1852485.88
2012-11-01,4.12,4.23,4.12,4.16,790941,8474349.00
2012-11-02,4.13,4.15,4.10,4.15,466541,4944868.50
2012-11-05,4.13,4.16,4.11,4.15,241800,2571040.00
2012-11-06,4.15,4.16,4.05,4.09,320781,3367183.75
2012-11-07,4.12,4.24,4.06,4.17,685223,7338861.50
2012-11-08,4.15,4.15,4.05,4.08,321700,3378410.75
2012-11-09,4.07,4.15,3.98,4.00,447000,4640860.00
2012-11-12,4.04,4.04,3.99,4.02,239700,2474938.00
2012-11-13,4.02,4.02,3.96,3.96,319907,3272871.50
2012-11-14,3.96,4.02,3.95,4.00,211014,2157743.25
2012-11-15,3.97,4.00,3.94,3.97,214897,2191443.00
2012-11-16,3.95,4.03,3.91,4.00,388881,3977278.00
2012-11-19,4.03,4.03,3.95,4.01,201713,2067753.25
2012-11-20,4.02,4.03,3.96,3.99,208174,2143625.75
2012-11-21,3.99,4.09,3.98,4.06,410377,4260598.50
2012-11-22,4.02,4.04,4.01,4.02,187734,1941535.50
2012-11-23,3.99,4.04,3.99,4.02,197629,2038935.00
2012-11-26,4.03,4.03,3.95,3.95,135602,1382734.50
2012-11-27,3.94,3.95,3.84,3.85,390452,3900786.00
2012-11-28,3.85,3.85,3.75,3.77,242802,2375707.00
2012-11-29,3.82,3.84,3.64,3.70,297050,2852414.50
2012-11-30,3.69,3.74,3.66,3.70,194039,1848640.00
2012-12-03,3.67,3.71,3.58,3.58,182800,1718743.00
2012-12-04,3.59,3.65,3.54,3.64,204450,1892346.38
2012-12-05,3.60,3.80,3.60,3.74,590686,5674676.00
2012-12-06,3.73,3.76,3.68,3.70,198638,1901994.00
2012-12-07,3.72,3.79,3.69,3.78,399035,3854031.75
2012-12-10,3.78,3.84,3.76,3.83,410524,4023417.00
2012-12-11,3.82,3.83,3.77,3.77,345751,3378026.00
2012-12-12,3.78,3.80,3.72,3.75,241700,2334137.00
2012-12-13,3.75,3.79,3.69,3.71,199088,1916554.38
2012-12-14,3.71,3.86,3.69,3.85,636170,6252636.50
2012-12-17,3.88,3.88,3.83,3.87,487108,4829560.00
2012-12-18,3.87,3.92,3.85,3.88,387610,3868863.50
2012-12-19,3.86,3.90,3.86,3.88,287502,2870820.00
2012-12-20,3.84,3.94,3.84,3.93,631026,6339189.50
2012-12-21,3.92,4.16,3.89,4.02,1656426,17127032.00
2012-12-24,3.99,4.12,3.99,4.08,1191064,12405000.00
2012-12-25,4.03,4.16,4.03,4.14,1613018,17085038.00
2012-12-26,4.14,4.23,4.11,4.22,1454496,15619328.00
2012-12-27,4.23,4.24,4.12,4.12,1018626,10865175.00
2012-12-28,4.10,4.22,4.10,4.19,837379,8942262.00
2012-12-31,4.18,4.35,4.18,4.30,1578849,17346302.00
2013-01-04,4.30,4.30,4.19,4.22,1221983,13305570.00
2013-01-07,4.15,4.24,4.15,4.24,840388,9074514.00
2013-01-08,4.24,4.44,4.22,4.35,1781199,19750920.00
2013-01-09,4.32,4.35,4.24,4.27,1022079,11257427.00
2013-01-10,4.26,4.32,4.22,4.25,930383,10175833.00
2013-01-11,4.29,4.36,4.20,4.21,1434737,15779342.00
2013-01-14,4.20,4.40,4.20,4.38,1348839,15017694.00
2013-01-15,4.41,4.50,4.37,4.45,1401061,15927667.00
2013-01-16,4.44,4.46,4.32,4.37,1237760,13883600.00
2013-01-17,4.37,4.40,4.33,4.35,968325,10834059.00
2013-01-18,4.39,4.42,4.32,4.42,840351,9441870.00
2013-01-21,4.42,4.45,4.38,4.40,865037,9748571.00
2013-01-22,4.40,4.40,4.23,4.27,1318217,14616780.00
2013-01-23,4.24,4.29,4.20,4.29,678519,7387027.50
2013-01-24,4.29,4.32,4.13,4.20,921038,10032929.00
2013-01-25,4.19,4.22,4.17,4.20,386290,4159365.50
2013-01-28,4.19,4.32,4.19,4.31,817888,8944570.00
2013-01-29,4.41,4.67,4.41,4.58,3443933,40322484.00
2013-01-30,4.52,4.56,4.43,4.46,2033218,23293066.00
2013-01-31,4.43,4.47,4.36,4.41,752680,8497111.00
2013-02-01,4.41,4.48,4.37,4.45,1267554,14395476.00
2013-02-04,4.43,4.46,4.36,4.40,843362,9513334.00
2013-02-05,4.40,4.45,4.38,4.44,515376,5833824.50
2013-02-06,4.42,4.48,4.42,4.46,429066,4902066.00
2013-02-07,4.44,4.54,4.44,4.53,720472,8323733.00
2013-02-08,4.52,4.61,4.52,4.56,761682,8907611.00
2013-02-18,4.55,4.64,4.55,4.60,985330,11606993.00
2013-02-19,4.59,4.62,4.46,4.48,764218,8838293.00
2013-02-20,4.47,4.55,4.46,4.54,874757,10083382.00
2013-02-21,4.50,4.52,4.39,4.39,1086184,12370657.00
2013-02-22,4.37,4.43,4.37,4.38,511426,5770459.00
2013-02-25,4.40,4.44,4.37,4.43,375957,4242440.50
2013-02-26,4.41,4.47,4.36,4.37,636077,7224287.00
2013-02-27,4.41,4.42,4.33,4.36,456270,5105226.50
2013-02-28,4.36,4.46,4.36,4.46,584678,6650202.00
2013-03-01,4.48,4.55,4.46,4.53,871302,10078698.00
2013-03-04,4.53,4.54,4.37,4.39,1022996,11741960.00
2013-03-05,4.43,4.50,4.38,4.47,788963,8985649.00
2013-03-06,4.47,4.56,4.47,4.56,1014070,11780168.00
2013-03-07,4.56,4.66,4.53,4.53,1718568,20226120.00
2013-03-08,4.53,4.56,4.44,4.45,903974,10381859.00
2013-03-11,4.45,4.51,4.42,4.50,612100,7018842.50
2013-03-12,4.51,4.53,4.31,4.51,2076841,23641714.00
2013-03-13,4.46,4.77,4.44,4.69,5002666,59388532.00
2013-03-14,4.61,4.73,4.56,4.72,2425607,28796346.00
2013-03-15,4.68,4.76,4.60,4.60,1811054,21724708.00
2013-03-18,4.63,4.67,4.39,4.40,1389911,16066504.00
2013-03-19,4.40,4.47,4.36,4.43,598569,6763593.50
2013-03-20,4.45,4.59,4.42,4.58,842409,9725074.00
2013-03-21,4.57,4.71,4.55,4.61,1342057,15976739.00
2013-03-22,4.61,4.66,4.58,4.62,773719,9152984.00
2013-03-25,4.62,4.88,4.60,4.85,3397552,41527064.00
2013-03-26,4.80,5.13,4.78,4.99,3881908,49305040.00
2013-03-27,4.93,5.18,4.93,5.01,2378946,30780586.00
2013-03-28,4.93,5.08,4.91,5.00,2150867,27449478.00
2013-03-29,5.00,5.02,4.93,4.95,951230,12056077.00
2013-04-01,4.93,5.14,4.93,5.12,1798164,23334584.00
2013-04-02,5.15,5.28,4.96,4.97,2374412,31126650.00
2013-04-03,4.92,5.04,4.87,4.97,981403,12372715.00
2013-04-08,4.88,5.14,4.86,5.13,1174350,14900051.00
2013-04-09,5.13,5.26,5.11,5.12,1163189,15370688.00
2013-04-10,5.08,5.13,4.93,4.98,696477,8922928.00
2013-04-11,4.94,5.00,4.93,4.98,485964,6163721.50
2013-04-12,4.97,4.99,4.90,4.92,550879,6934430.00
2013-04-15,4.92,4.93,4.83,4.88,528291,6596565.00
2013-04-16,4.86,5.07,4.79,5.07,453622,5776965.00
2013-04-17,5.07,5.23,5.03,5.20,1169899,15425173.00
2013-04-18,5.17,5.19,5.01,5.12,996534,13018491.00
2013-04-19,5.00,5.17,4.97,5.14,2249177,29216914.00
2013-04-22,5.16,5.31,5.16,5.30,2291608,30677032.00
2013-04-23,5.28,5.28,4.93,4.98,1770634,22979114.00
2013-04-24,4.96,5.11,4.96,5.07,1167925,15056522.00
2013-04-25,5.07,5.11,4.90,4.92,1323390,16872202.00
2013-04-26,4.93,4.99,4.80,4.86,838135,10491398.00
2013-05-02,4.83,4.93,4.77,4.90,890434,11116112.00
2013-05-03,4.89,5.04,4.89,4.97,930021,11861410.00
2013-05-06,4.96,5.08,4.91,5.01,1233002,15831617.00
2013-05-07,4.97,5.04,4.95,5.00,547579,6976902.00
2013-05-08,4.96,5.16,4.96,5.16,1220196,15823687.00
2013-05-09,5.11,5.17,5.04,5.09,1538074,20017642.00
2013-05-10,5.08,5.19,5.03,5.13,928282,12125975.00
2013-05-13,5.12,5.27,5.10,5.26,1700315,22599902.00
2013-05-14,5.26,5.28,4.93,4.96,1498896,19377336.00
2013-05-15,4.96,5.06,4.96,5.04,1032080,13250241.00
2013-05-16,5.05,5.11,4.98,5.02,1099805,14201720.00
2013-05-17,5.00,5.03,4.85,5.01,1338795,16972140.00
2013-05-20,5.02,5.28,5.00,5.22,2166383,28533510.00
2013-05-21,5.20,5.35,5.17,5.33,1573567,21225280.00
2013-05-22,5.33,5.43,5.17,5.23,1110635,14956519.00
2013-05-23,5.17,5.67,5.17,5.49,3228905,45066816.00
2013-05-24,5.52,5.66,5.43,5.56,1829799,25893092.00
2013-05-27,5.57,5.58,5.36,5.47,2222117,30945336.00
2013-05-28,5.47,5.48,5.21,5.26,2160248,29163768.00
2013-05-29,5.26,5.33,5.23,5.30,1290678,17423184.00
2013-05-30,5.26,5.32,5.22,5.29,882586,11888818.00
2013-05-31,5.27,5.34,5.22,5.25,930203,12526467.00
2013-06-03,5.24,5.29,5.03,5.08,1723243,22588612.00
2013-06-04,5.09,5.20,5.05,5.16,1139539,14899576.00
2013-06-05,5.15,5.24,5.08,5.18,642392,8455565.00
2013-06-06,5.13,5.17,4.95,4.98,800661,10322681.00
2013-06-07,5.01,5.07,4.85,4.92,961474,12193001.00
2013-06-13,4.83,4.84,4.63,4.71,703674,8455445.00
2013-06-14,4.71,5.00,4.71,4.91,1237992,15338241.00
2013-06-17,4.90,5.07,4.86,5.06,1104334,14035122.00
2013-06-18,5.05,5.11,4.89,5.02,832278,10604259.00
2013-06-19,4.99,4.99,4.82,4.89,559966,6982238.00
2013-06-20,4.87,4.92,4.78,4.86,699403,8676163.00
2013-06-21,4.82,4.82,4.64,4.78,938462,11374341.00
2013-06-24,4.74,4.76,4.41,4.45,489291,5776394.00
2013-06-25,4.43,4.51,4.09,4.39,649299,7202947.00
2013-06-26,4.41,4.55,4.31,4.52,941427,10716490.00
2013-06-27,4.60,4.74,4.45,4.50,1236863,14599512.00
2013-06-28,4.36,4.52,4.29,4.40,584615,6618689.50
2013-07-01,4.44,4.50,4.38,4.49,501580,5699945.50
2013-07-02,4.49,4.51,4.37,4.46,2258420,25770932.00
2013-07-03,4.41,4.43,4.29,4.37,1905216,21231782.00
2013-07-04,4.33,4.43,4.29,4.36,1311184,14722860.00
2013-07-05,4.35,4.39,4.29,4.31,905432,10080296.00
2013-07-08,4.25,4.25,3.98,3.98,1257530,13256812.00
2013-07-09,3.98,4.06,3.97,4.03,804191,8280710.50
2013-07-10,4.00,4.12,4.00,4.10,660695,6883630.50
2013-07-11,4.10,4.25,4.06,4.22,1067280,11427763.00
2013-07-12,4.21,4.34,4.21,4.22,885294,9690877.00
2013-07-15,4.22,4.30,4.21,4.25,779409,8512593.00
2013-07-16,4.29,4.34,4.26,4.32,984381,10845171.00
2013-07-17,4.36,4.37,4.22,4.22,946019,10399201.00
2013-07-18,4.26,4.26,4.19,4.24,732922,7958131.00
2013-07-19,4.24,4.31,4.20,4.20,981562,10702208.00
2013-07-22,4.17,4.26,4.09,4.26,688388,7395948.50
2013-07-23,4.25,4.39,4.25,4.38,1246329,13760805.00
2013-07-24,4.38,4.56,4.34,4.46,2212545,24902978.00
2013-07-25,4.53,4.53,4.34,4.36,2044780,22913564.00
2013-07-26,4.33,4.40,4.29,4.32,1113734,12250605.00
2013-07-29,4.33,4.35,4.21,4.24,1329450,14448067.00
2013-07-30,4.24,4.26,4.10,4.20,822934,8745384.00
2013-07-31,4.17,4.24,4.17,4.21,661645,7079290.50
2013-08-01,4.22,4.36,4.20,4.35,1048474,11469301.00
2013-08-02,4.39,4.43,4.34,4.35,1267373,14131497.00
2013-08-05,4.38,4.48,4.35,4.48,1168599,13170273.00
2013-08-06,4.47,4.63,4.43,4.58,1990691,23158844.00
2013-08-07,4.52,4.69,4.47,4.59,2365126,27499360.00
2013-08-08,4.57,4.58,4.50,4.55,1111748,12823792.00
2013-08-09,4.54,4.58,4.41,4.50,1414767,16166124.00
2013-08-12,4.52,4.55,4.43,4.54,1501534,17182250.00
2013-08-13,4.55,4.68,4.53,4.60,1903660,22294756.00
2013-08-14,4.81,5.07,4.81,5.07,7075371,90518816.00
2013-08-15,5.13,5.14,4.82,4.83,6202735,77878344.00
2013-08-16,4.77,4.84,4.55,4.57,3936882,46778784.00
2013-08-19,4.50,4.70,4.50,4.68,2009850,23714206.00
2013-08-20,4.66,4.80,4.65,4.79,2650395,31909608.00
2013-08-21,4.77,4.77,4.69,4.73,1791072,21460532.00
2013-08-22,4.73,4.74,4.67,4.69,1307445,15625694.00
2013-08-23,4.71,4.79,4.66,4.76,2077059,24941142.00
2013-08-26,4.75,4.83,4.71,4.82,1898643,23105612.00
2013-08-27,4.87,4.94,4.79,4.81,2065953,25360170.00
2013-08-28,4.77,4.77,4.66,4.71,1934979,23164760.00
2013-08-29,4.69,4.73,4.61,4.63,1634350,19313352.00
2013-08-30,4.62,4.67,4.48,4.48,1854815,21629758.00
2013-09-02,4.48,4.59,4.44,4.54,1015993,11664648.00
2013-09-03,4.52,4.61,4.51,4.59,975946,11339641.00
2013-09-04,4.61,4.62,4.58,4.59,809327,9434048.00
2013-09-05,4.59,4.65,4.59,4.62,874013,10267269.00
2013-09-06,4.62,4.68,4.60,4.67,1037254,12227375.00
2013-09-09,4.68,4.75,4.65,4.70,1423960,17020418.00
2013-09-10,4.72,4.81,4.68,4.77,2035262,24497550.00
2013-09-11,4.77,4.79,4.61,4.64,1813915,21505306.00
2013-09-12,4.64,4.77,4.61,4.73,2237030,26819810.00
2013-09-13,4.76,5.01,4.76,4.87,3696874,45977184.00
2013-09-16,5.08,5.09,4.78,4.82,2861044,35311340.00
2013-09-17,4.83,4.84,4.67,4.69,1413339,16960578.00
2013-09-18,4.68,4.77,4.66,4.76,736126,8823459.00
2013-09-23,4.74,4.86,4.74,4.82,1160305,14189749.00
2013-09-24,4.84,4.85,4.75,4.82,1244042,15149178.00
2013-09-25,4.81,4.86,4.76,4.78,1332009,16264145.00
2013-09-26,4.80,4.80,4.70,4.73,857319,10359407.00
2013-09-27,4.73,4.77,4.65,4.68,1103664,13165832.00
2013-09-30,4.68,4.74,4.67,4.71,680933,8136029.00
2013-10-08,4.76,4.87,4.74,4.84,1503394,18434696.00
2013-10-09,4.83,4.91,4.78,4.86,1391419,17180570.00
2013-10-10,4.86,4.90,4.81,4.83,1168311,14339924.00
2013-10-11,4.86,4.92,4.84,4.91,1660289,20605208.00
2013-10-14,4.90,4.96,4.89,4.95,1773020,22181060.00
2013-10-15,4.94,4.97,4.88,4.92,1263601,15784516.00
2013-10-16,4.92,4.92,4.76,4.78,1559744,19053184.00
2013-10-17,4.82,4.87,4.77,4.79,813180,9957216.00
2013-10-18,4.84,4.87,4.78,4.86,615516,7552498.50
2013-10-21,4.89,5.06,4.89,5.03,2162442,27503396.00
2013-10-22,4.97,5.01,4.88,4.89,2301197,28891342.00
2013-10-23,4.91,4.98,4.81,4.89,1540607,19124390.00
2013-10-24,4.95,5.17,4.88,5.03,3422221,44018552.00
2013-10-25,5.00,5.04,4.87,4.91,1614180,20183066.00
2013-10-28,4.93,5.12,4.89,5.07,2156605,27567320.00
2013-10-29,5.06,5.12,4.77,4.89,2400810,30002554.00
2013-10-30,4.89,5.27,4.85,5.19,3513902,45246948.00
2013-10-31,5.21,5.40,5.07,5.08,3925103,52055512.00
2013-11-01,5.02,5.38,4.89,5.36,5159875,67571464.00
2013-11-04,5.36,5.40,5.20,5.29,4324052,57953628.00
2013-11-05,5.24,5.29,5.11,5.29,3422607,45060740.00
2013-11-06,5.25,5.26,5.12,5.13,3038590,39926224.00
2013-11-07,5.08,5.16,5.04,5.06,1500998,19352056.00
2013-11-08,5.03,5.04,4.90,4.93,1693061,21379532.00
2013-11-11,4.89,5.12,4.85,5.06,1868199,23829958.00
2013-11-12,5.06,5.16,5.03,5.11,1637351,21222852.00
2013-11-13,5.10,5.22,5.05,5.09,1907523,24919642.00
2013-11-14,5.08,5.38,5.03,5.34,3196107,42687440.00
2013-11-15,5.35,5.51,5.34,5.44,3964414,54663668.00
2013-11-18,5.45,5.60,5.40,5.46,3398309,47380372.00
2013-11-19,5.46,5.53,5.40,5.45,2439886,33737216.00
2013-11-20,5.44,5.52,5.35,5.50,2705038,37238120.00
2013-11-21,5.48,5.51,5.40,5.45,1421163,19671260.00
2013-11-22,5.48,5.64,5.46,5.46,2624144,36952000.00
2013-11-25,5.41,5.70,5.38,5.61,2850314,40224060.00
2013-11-26,5.62,5.88,5.58,5.76,4148839,60328600.00
2013-11-27,5.70,5.88,5.57,5.71,4150027,60282724.00
2013-11-28,5.75,6.05,5.68,5.98,3883561,57904776.00
2013-11-29,6.00,6.27,5.95,6.12,5254823,81573248.00
2013-12-02,5.69,5.89,5.50,5.50,5226733,75006040.00
2013-12-03,5.37,5.67,5.31,5.62,3189700,44703100.00
2013-12-04,5.59,5.79,5.56,5.64,2876861,41635080.00
2013-12-05,5.59,5.63,5.47,5.49,2699513,37787424.00
2013-12-06,5.42,5.59,5.41,5.51,1303777,18178532.00
2013-12-09,5.53,5.70,5.53,5.66,1831733,26127286.00
2013-12-10,5.70,5.72,5.58,5.66,1514803,21680568.00
2013-12-11,5.63,5.86,5.63,5.74,2606776,37966916.00
2013-12-12,5.74,5.91,5.69,5.85,2433942,35998972.00
2013-12-13,5.87,5.97,5.77,5.92,2463953,36660768.00
2013-12-16,5.88,5.96,5.72,5.74,2094808,30898044.00
2013-12-17,5.74,5.80,5.53,5.64,1744042,24850272.00
2013-12-18,5.64,5.74,5.57,5.73,1085976,15623087.00
2013-12-19,5.75,5.78,5.61,5.65,852592,12301762.00
2013-12-20,5.65,5.70,5.51,5.52,1471874,20750374.00
2013-12-23,5.50,5.55,5.34,5.40,1329647,18250176.00
2013-12-24,5.43,5.61,5.42,5.54,1056296,14799108.00
2013-12-25,5.63,5.96,5.58,5.86,2517143,36970152.00
2013-12-26,5.86,5.92,5.73,5.76,2235631,33027148.00
2013-12-27,5.76,6.27,5.76,6.14,4072402,63057756.00
2013-12-30,6.16,6.27,6.08,6.22,2703816,42149104.00
2013-12-31,6.17,6.20,5.93,6.03,2426721,37093532.00
2014-01-02,5.91,6.15,5.89,6.12,2438867,37170712.00
2014-01-03,6.08,6.26,6.05,6.20,2890060,45126140.00
2014-01-06,6.21,6.23,5.65,5.81,2378646,35923220.00
2014-01-07,5.74,5.92,5.74,5.88,1562349,23104474.00
2014-01-08,5.92,6.06,5.89,5.91,1689005,25494944.00
2014-01-09,5.90,5.91,5.61,5.64,1701648,24876786.00
2014-01-10,5.59,5.73,5.54,5.58,1156849,16493716.00
2014-01-13,5.58,5.70,5.58,5.66,876072,12533718.00
2014-01-14,5.69,5.85,5.62,5.85,1128831,16448245.00
2014-01-15,5.84,5.92,5.81,5.92,1328295,19732754.00
2014-01-16,5.92,5.94,5.80,5.91,1424380,21196572.00
2014-01-17,5.91,5.98,5.83,5.90,1070473,16019053.00
2014-01-20,5.85,5.86,5.55,5.62,2089775,29880466.00
2014-01-21,5.62,5.78,5.60,5.78,1235516,17860916.00
2014-01-22,5.74,5.84,5.71,5.78,1659057,24196562.00
2014-01-23,5.77,5.88,5.77,5.82,1812649,26794578.00
2014-01-24,5.84,5.92,5.78,5.92,2198598,32620518.00
2014-01-27,5.89,5.91,5.81,5.81,1500149,22243688.00
2014-01-28,5.78,5.83,5.68,5.78,1120161,16301045.00
2014-01-29,5.80,5.96,5.79,5.93,1891735,28230702.00
2014-01-30,6.05,6.05,5.81,5.84,1471769,22073478.00
2014-02-07,5.75,5.93,5.74,5.92,1278228,18981822.00
2014-02-10,5.93,6.14,5.93,6.14,2165791,33081164.00
2014-02-11,6.11,6.12,5.95,6.03,2087459,31896064.00
2014-02-12,6.02,6.28,5.93,6.28,3362900,52052320.00
2014-02-13,6.25,6.34,5.98,6.03,2452976,38557880.00
2014-02-14,6.03,6.40,6.02,6.37,3349028,53007728.00
2014-02-17,6.37,6.52,6.34,6.38,3272060,52948100.00
2014-02-18,6.37,6.55,6.31,6.34,2955331,48072824.00
2014-02-19,6.29,6.39,6.15,6.25,3023268,47662384.00
2014-02-20,6.25,6.31,6.09,6.11,1817344,28380192.00
2014-02-21,6.11,6.28,6.05,6.28,1883722,29457462.00
2014-02-24,6.23,6.27,6.10,6.24,1519017,23825446.00
2014-02-25,6.24,6.39,5.75,5.79,2790783,42969784.00
2014-02-26,5.73,5.82,5.55,5.80,1704649,24636178.00
2014-02-27,5.85,5.98,5.68,5.71,1441600,21368538.00
2014-02-28,5.71,5.79,5.59,5.76,1078465,15511714.00
2014-03-03,5.67,5.81,5.67,5.81,1607395,23371248.00
2014-03-04,5.77,5.78,5.69,5.72,1271595,18434078.00
2014-03-05,5.76,5.81,5.72,5.72,904801,13199594.00
2014-03-06,5.76,5.77,5.62,5.72,1330810,19133972.00
2014-03-07,5.72,5.76,5.58,5.59,1719521,24597196.00
2014-03-10,5.57,5.57,5.29,5.32,1589867,21905408.00
2014-03-11,5.33,5.47,5.32,5.41,1374200,18768638.00
2014-03-12,5.56,5.76,5.41,5.53,2365041,33579764.00
2014-03-13,5.41,5.59,5.40,5.56,998567,13969313.00
2014-03-14,5.55,5.58,5.47,5.50,681665,9537765.00
2014-03-17,5.50,5.68,5.50,5.68,1155839,16464313.00
2014-03-18,5.68,5.76,5.65,5.67,1197062,17259390.00
2014-03-19,5.76,5.92,5.76,5.89,3026628,45027140.00
2014-03-20,6.04,6.49,5.95,6.05,5982110,94496960.00
2014-03-21,5.95,6.36,5.91,6.21,3830502,59817144.00
2014-03-24,6.14,6.19,5.95,6.06,2196707,33522976.00
2014-03-25,6.01,6.08,5.90,5.98,1322208,20084110.00
2014-03-26,6.01,6.08,5.93,6.00,991545,15072124.00
2014-03-27,5.97,5.98,5.76,5.80,1576844,23350712.00
2014-03-28,5.80,5.87,5.64,5.70,1272396,18432568.00
2014-03-31,5.68,5.82,5.63,5.76,572808,8317942.50
2014-04-01,5.78,5.81,5.73,5.78,607497,8881632.00
2014-04-02,5.78,5.87,5.68,5.70,949066,13825327.00
2014-04-03,5.69,5.84,5.68,5.77,847382,12377389.00
2014-04-04,5.73,5.82,5.69,5.80,734991,10740959.00
2014-04-08,5.73,5.94,5.73,5.92,1175682,17488328.00
2014-04-09,5.91,6.24,5.91,6.15,2708478,41846888.00
2014-04-10,6.18,6.39,6.07,6.11,3361605,52983008.00
2014-04-11,6.11,6.24,6.01,6.17,1487737,22936862.00
2014-04-14,6.15,6.22,6.11,6.20,1740885,27156474.00
2014-04-15,6.20,6.28,6.14,6.15,1381902,21712190.00
2014-04-16,6.15,6.16,6.05,6.16,856567,13276617.00
2014-04-17,6.23,6.28,6.19,6.24,1127910,17776810.00
2014-04-18,6.24,6.56,6.21,6.50,3731913,60664200.00
2014-04-21,6.43,6.51,6.38,6.44,2151766,34991692.00
2014-04-22,6.45,6.60,6.11,6.31,2819145,45168524.00
2014-04-23,6.04,6.07,5.89,5.93,3875454,58691204.00
2014-04-24,5.95,5.96,5.78,5.78,1545532,22905710.00
2014-04-25,5.77,5.86,5.77,5.78,1218364,17898406.00
2014-04-28,5.76,5.77,5.57,5.58,1053805,15039108.00
2014-04-29,5.59,5.70,5.59,5.67,787016,11272850.00
2014-04-30,5.69,5.78,5.69,5.73,813308,11805151.00
2014-05-05,5.70,5.76,5.65,5.74,731310,10566095.00
2014-05-06,5.72,5.84,5.72,5.80,1374316,20153264.00
2014-05-07,5.80,5.91,5.75,5.77,1483176,21917216.00
2014-05-08,5.74,5.85,5.74,5.76,969395,14205925.00
2014-05-09,5.76,5.78,5.57,5.59,1165587,16602437.00
2014-05-12,5.64,5.71,5.58,5.70,1145647,16395705.00
2014-05-13,5.73,5.84,5.69,5.76,1143554,16684778.00
2014-05-14,5.83,5.87,5.79,5.81,1143706,16851240.00
2014-05-15,5.76,5.82,5.66,5.66,1180332,17128540.00
2014-05-16,5.65,5.70,5.52,5.64,1062591,15079601.00
2014-05-19,5.65,5.72,5.61,5.71,1020538,14601954.00
2014-05-20,5.75,5.85,5.70,5.71,1256514,18375946.00
2014-05-21,5.70,5.90,5.66,5.89,1441636,21168736.00
2014-05-22,5.87,6.07,5.87,5.90,1853232,27958376.00
2014-05-23,5.94,5.99,5.90,5.99,898287,13536072.00
2014-05-26,6.01,6.10,5.98,6.01,1116332,17043294.00
2014-05-27,5.99,6.08,5.99,5.99,1168360,17865630.00
2014-05-28,6.00,6.18,5.97,6.18,2058695,31845368.00
2014-05-29,6.17,6.25,6.09,6.17,1834576,28707308.00
2014-05-30,6.17,6.36,6.15,6.33,2245484,35695588.00
2014-06-03,6.33,6.45,6.31,6.32,1763493,28347732.00
2014-06-04,6.51,6.73,6.16,6.33,4077854,66015872.00
2014-06-05,6.41,6.62,6.36,6.56,3729813,61353752.00
2014-06-06,6.56,6.77,6.53,6.63,3621607,60942912.00
2014-06-09,6.63,7.26,6.63,7.12,5844515,103438008.00
2014-06-10,7.18,7.24,6.97,7.22,5018625,90285672.00
2014-06-11,7.13,7.21,7.05,7.12,3261620,58779832.00
2014-06-12,7.12,7.12,6.97,7.02,2578190,45771700.00
2014-06-13,6.98,7.15,6.98,7.04,2497173,44513864.00
2014-06-16,7.04,7.09,6.91,7.01,3132874,55270756.00
2014-06-17,6.97,7.05,6.92,6.95,1381810,24366610.00
2014-06-18,6.90,6.96,6.69,6.74,2258013,38777588.00
2014-06-19,6.72,6.80,6.56,6.63,2023610,34102204.00
2014-06-20,6.65,6.77,6.65,6.77,1202988,20434846.00
2014-06-23,6.81,7.06,6.81,6.95,2216119,38909584.00
2014-06-24,6.92,7.02,6.91,6.99,1335337,23549420.00
2014-06-25,7.00,7.06,6.89,7.00,1089042,19187438.00
2014-06-26,7.00,7.12,6.96,7.08,2079573,36921168.00
2014-06-27,7.05,7.05,6.85,6.91,2387788,41828848.00
2014-06-30,6.87,7.00,6.87,6.89,1524035,26634318.00
2014-07-01,6.89,6.95,6.65,6.75,2697598,46062888.00
2014-07-02,6.72,7.04,6.68,7.03,2409548,41657808.00
2014-07-03,6.97,7.10,6.85,6.97,2011310,35475472.00
2014-07-04,6.97,7.17,6.94,7.05,2045001,36570644.00
2014-07-07,7.04,7.04,6.80,6.85,2126846,36965756.00
2014-07-08,6.89,6.89,6.80,6.84,1781767,30726128.00
2014-07-09,6.76,6.83,6.60,6.61,3449827,58280848.00
2014-07-10,6.61,6.66,6.56,6.61,1724291,28797324.00
2014-07-11,6.63,6.70,6.59,6.64,993001,16658828.00
2014-07-14,6.67,6.77,6.62,6.74,1698527,28728084.00
2014-07-15,6.74,6.75,6.64,6.73,1156253,19546982.00
2014-07-16,6.74,6.76,6.51,6.56,1320591,22091094.00
2014-07-17,6.56,6.63,6.52,6.63,743610,12354982.00
2014-07-18,6.60,6.65,6.54,6.56,752255,12515875.00
2014-07-21,6.54,6.60,6.48,6.57,886731,14669613.00
2014-07-22,6.62,6.72,6.55,6.68,1475248,24744056.00
2014-07-23,6.74,6.75,6.55,6.62,916232,15284857.00
2014-07-24,6.63,6.70,6.44,6.53,1117630,18352402.00
2014-07-25,6.61,6.96,6.49,6.81,2383306,40313472.00
2014-07-28,6.82,6.85,6.68,6.81,2245627,38099268.00
2014-07-29,6.82,6.94,6.73,6.90,2370783,40925588.00
2014-07-30,6.90,6.99,6.83,6.92,1619009,28127984.00
2014-07-31,6.91,6.96,6.86,6.94,1331017,23102244.00
2014-08-01,6.93,6.96,6.73,6.75,1667216,28687610.00
2014-08-04,6.80,6.86,6.75,6.82,960448,16430310.00
2014-08-05,6.82,6.90,6.75,6.89,1265465,21773196.00
2014-08-06,6.89,6.92,6.84,6.89,918992,15874870.00
2014-08-07,6.88,6.92,6.76,6.77,1076936,18528768.00
2014-08-08,6.79,6.91,6.76,6.90,1242602,21295822.00
2014-08-11,6.94,7.17,6.86,7.11,2844494,50392876.00
2014-08-12,7.10,7.16,7.03,7.12,1342210,23899428.00
2014-08-13,7.12,7.24,7.05,7.16,1620513,29058664.00
2014-08-14,7.14,7.19,6.99,7.01,1580898,28081638.00
2014-08-15,7.00,7.04,6.90,7.03,1467593,25664956.00
2014-08-18,7.05,7.13,6.99,7.10,1621633,28832434.00
2014-08-19,7.11,7.30,7.05,7.23,2594976,46860736.00
2014-08-20,7.21,7.40,7.14,7.25,2573421,47016220.00
2014-08-21,7.25,7.30,7.17,7.29,1735542,31544628.00
2014-08-22,7.31,7.44,7.30,7.40,1687330,31250390.00
2014-08-25,7.41,7.44,7.23,7.27,1903012,34936852.00
2014-08-26,7.23,7.32,7.05,7.11,1411884,25385708.00
2014-08-27,7.08,7.17,7.01,7.06,940752,16793448.00
2014-08-28,7.06,7.12,7.03,7.07,1003083,17816916.00
2014-08-29,7.06,7.21,7.04,7.20,945902,16946970.00
2014-09-01,7.20,7.76,7.20,7.40,2432370,45427460.00
2014-09-02,7.42,7.56,7.34,7.55,2477737,46296776.00
2014-09-03,7.54,7.64,7.44,7.62,1878832,35622408.00
2014-09-04,7.59,7.65,7.51,7.58,1185915,22557828.00
2014-09-05,7.64,7.64,7.53,7.58,1124522,21360934.00
2014-09-09,7.57,7.77,7.41,7.73,2210197,42449944.00
2014-09-10,7.68,7.80,7.64,7.72,758768,14703738.00
2014-09-11,7.69,7.95,7.57,7.70,1567715,30288342.00
2014-09-12,7.68,7.76,7.64,7.72,1075351,20842572.00
2014-09-15,7.77,7.94,7.73,7.91,1938325,38304656.00
2014-09-16,7.91,7.91,7.54,7.55,1790569,34730884.00
2014-09-17,7.55,7.65,7.48,7.56,1045800,19781452.00
2014-09-18,7.56,7.63,7.53,7.57,641881,12230171.00
2014-09-19,7.57,7.64,7.52,7.62,906034,17272890.00
2014-09-22,7.54,7.67,7.50,7.58,717401,13655763.00
2014-09-23,7.58,7.75,7.58,7.75,962994,18543808.00
2014-09-24,7.75,7.90,7.70,7.89,1468728,28877052.00
2014-09-25,7.92,7.95,7.78,7.78,970037,19142382.00
2014-09-26,7.82,7.86,7.69,7.81,849540,16579019.00
2014-09-29,7.82,8.11,7.82,8.01,1852487,37138148.00
2014-09-30,8.04,8.12,7.99,8.07,1624325,32822642.00
2014-10-08,8.09,8.31,8.05,8.20,2414510,49631944.00
2014-10-09,8.25,8.34,8.09,8.19,2155583,44423584.00
2014-10-10,8.18,8.22,8.06,8.14,1179799,24060378.00
2014-10-13,8.04,8.39,7.99,8.36,1821904,37572188.00
2014-10-14,8.14,8.25,7.99,8.09,2857633,58128532.00
2014-10-15,8.10,8.16,7.93,8.08,1032618,20830328.00
2014-10-16,7.95,8.14,7.94,7.94,1022550,20604876.00
2014-10-17,7.90,8.03,7.75,7.95,1318144,26041498.00
2014-10-20,7.96,8.10,7.93,8.07,667647,13506486.00
2014-10-21,8.07,8.36,8.07,8.28,1993853,41374356.00
2014-10-22,8.27,8.62,8.21,8.30,2432967,51452300.00
2014-10-23,8.23,8.31,7.99,8.01,1566228,31856506.00
2014-10-24,8.10,8.52,8.04,8.46,2380529,49821560.00
2014-10-27,8.47,8.65,8.39,8.54,2746949,58833372.00
2014-10-28,8.57,8.74,8.50,8.70,2388424,51695740.00
2014-10-29,8.65,8.72,8.58,8.68,2040782,44286852.00
2014-10-30,8.68,8.91,8.62,8.74,2033743,44952400.00
2014-10-31,8.73,8.81,8.49,8.74,1570819,34003448.00
2014-11-03,8.74,9.17,8.72,9.15,3568951,80668320.00
2014-11-04,9.10,9.23,8.94,9.02,1626171,36971500.00
2014-11-05,9.05,9.56,8.93,9.38,2723545,62996480.00
2014-11-06,9.35,10.32,9.33,10.26,5204216,129715048.00
2014-11-07,10.32,10.32,9.85,10.20,3591832,90653512.00
2014-11-10,10.13,10.50,9.98,10.21,2742151,70186312.00
2014-11-11,10.09,10.22,9.48,9.58,3104325,75729624.00
2014-11-12,9.58,9.73,9.41,9.70,1951956,46883424.00
2014-11-13,9.61,9.61,9.10,9.11,2508538,58435576.00
2014-11-14,9.11,9.27,9.03,9.22,1427560,32880728.00
2014-11-17,9.22,9.53,9.14,9.36,1428797,33649728.00
2014-11-18,9.36,9.44,9.23,9.28,1005607,23471320.00
2014-11-19,9.32,9.42,9.21,9.40,1388953,32545646.00
2014-11-20,9.37,9.40,9.07,9.28,1832795,42334484.00
2014-11-21,9.24,9.36,9.17,9.29,935080,21783316.00
2014-11-24,9.38,9.42,9.22,9.36,1269512,29646638.00
2014-11-25,9.36,9.84,9.29,9.70,2608795,62541784.00
2014-11-26,9.70,9.83,9.57,9.67,2161579,52768840.00
2014-11-27,9.67,9.75,9.60,9.72,1240202,30091890.00
2014-11-28,9.81,10.07,9.63,9.74,2339662,57891444.00
2014-12-01,9.65,9.74,9.21,9.25,2350571,55622256.00
2014-12-02,9.18,9.41,9.17,9.22,3034149,70542544.00
2014-12-03,9.27,9.29,8.81,9.22,2988834,68079496.00
2014-12-04,9.23,9.27,9.14,9.16,2270472,52439580.00
2014-12-05,9.12,9.14,8.69,8.79,2397034,53306808.00
2014-12-08,8.81,9.08,8.77,8.88,1926299,43211636.00
2014-12-09,8.86,8.88,8.38,8.44,2762214,59723360.00
2014-12-10,8.49,8.79,8.39,8.74,1686416,36745436.00
2014-12-11,8.73,8.93,8.68,8.87,1165001,25847500.00
2014-12-12,8.82,9.09,8.82,9.07,1046811,23666216.00
2014-12-15,9.07,9.35,8.95,9.33,2106993,48947172.00
2014-12-16,9.38,9.38,9.12,9.15,1123799,25869608.00
2014-12-17,9.11,9.11,8.78,8.86,1385589,30861836.00
2014-12-18,8.83,8.96,8.78,8.79,916149,20388856.00
2014-12-19,8.77,8.77,8.38,8.45,2145028,45642280.00
2014-12-22,8.40,8.57,8.13,8.46,2156506,44775660.00
2014-12-23,8.46,8.60,8.32,8.46,775484,16565821.00
2014-12-24,8.51,8.96,8.49,8.91,1559670,34024072.00
2014-12-25,8.87,9.41,8.87,9.38,3465900,79867072.00
2014-12-26,9.34,9.44,9.12,9.39,2969220,69201232.00
2014-12-29,9.32,9.62,9.09,9.58,2400589,56338912.00
2014-12-30,9.51,9.53,9.21,9.25,1202745,28332622.00
2014-12-31,9.24,9.24,8.78,8.78,2325199,52208184.00
2015-01-05,8.80,8.98,8.59,8.69,2274534,49819604.00
2015-01-06,8.69,9.16,8.56,9.14,1930968,43195848.00
2015-01-07,9.17,9.17,8.80,8.92,1252064,28159680.00
2015-01-08,8.85,9.04,8.84,8.90,756834,17009436.00
2015-01-09,8.81,9.00,8.77,8.78,810542,18069266.00
2015-01-12,8.72,8.72,8.45,8.48,1826315,39206348.00
2015-01-13,8.48,8.59,8.37,8.56,1055798,22574808.00
2015-01-14,8.59,8.59,8.28,8.34,1641483,34501344.00
2015-01-15,8.35,8.90,8.35,8.86,3292350,71976904.00
2015-01-16,8.81,8.90,8.67,8.88,1530076,33759028.00
2015-01-19,8.75,9.22,8.65,8.98,3363392,76425120.00
2015-01-20,9.04,9.40,8.93,9.39,3448863,80168080.00
2015-01-21,9.44,9.71,9.39,9.46,3377631,80834904.00
2015-01-22,9.46,9.64,9.38,9.44,1929650,45787148.00
2015-01-23,9.41,9.50,9.11,9.14,2277172,52958352.00
2015-01-26,9.19,9.68,9.18,9.64,3006103,71752320.00
2015-01-27,9.65,9.80,9.50,9.55,3332354,80767104.00
2015-01-28,9.53,9.53,9.20,9.26,3088649,72344304.00
2015-01-29,9.28,9.89,9.14,9.89,5018902,121170400.00
2015-01-30,9.82,10.49,9.81,10.11,5823573,148713968.00
2015-02-02,10.09,10.09,9.72,9.93,2497921,61854904.00
2015-02-03,9.93,10.22,9.77,9.93,1937001,48552792.00
2015-02-04,9.94,9.96,9.74,9.77,1271788,31348278.00
2015-02-05,9.77,9.90,9.64,9.75,1212121,29724680.00
2015-02-06,9.77,9.84,9.37,9.42,1857552,44155860.00
2015-02-09,9.41,10.10,9.41,9.89,2825893,69737096.00
2015-02-10,9.84,9.95,9.57,9.81,1520298,37181384.00
2015-02-11,9.82,10.01,9.72,9.87,1230886,30489324.00
2015-02-12,9.97,10.42,9.89,10.13,2432933,62368868.00
2015-02-13,10.17,10.36,10.11,10.26,1608220,41098880.00
2015-02-16,10.25,10.48,9.94,10.12,3108933,79413200.00
2015-02-17,10.13,10.19,9.77,9.94,2550376,63149120.00
2015-02-25,9.91,10.09,9.81,9.86,1509397,37697404.00
2015-02-26,9.88,10.00,9.85,9.93,1049836,26149850.00
2015-02-27,9.99,9.99,9.66,9.89,2425864,59512340.00
2015-03-02,9.92,10.14,9.91,10.06,2660091,66909376.00
2015-03-03,9.97,10.78,9.92,10.57,4812774,127135824.00
2015-03-04,10.64,10.65,10.49,10.63,1947494,51574976.00
2015-03-05,10.54,10.99,10.54,10.74,2764916,74998312.00
2015-03-06,10.76,10.91,10.44,10.52,1885758,50082420.00
2015-03-09,10.52,10.69,10.18,10.45,1987165,51524012.00
2015-03-10,10.39,10.60,10.38,10.46,1179003,30931194.00
2015-03-11,10.45,10.55,10.31,10.38,1122354,29390938.00
2015-03-12,10.38,10.56,10.29,10.38,1295152,33818428.00
2015-03-13,10.47,10.80,10.39,10.49,2170126,57434456.00
2015-03-16,10.52,10.79,10.50,10.78,2892891,77034184.00
2015-03-17,10.75,11.24,10.68,11.03,4478811,123386704.00
2015-03-18,10.94,11.04,10.77,10.97,3189748,87421200.00
2015-03-19,10.99,11.04,10.76,10.84,3721193,101101168.00
2015-03-20,10.82,11.15,10.77,10.99,3354184,91807720.00
2015-03-23,11.09,11.93,11.00,11.73,4137877,119836872.00
2015-03-24,11.73,11.94,11.16,11.70,3829892,111763664.00
2015-03-26,12.87,12.87,12.87,12.87,306787,9893881.00
2015-03-27,13.97,13.97,12.88,13.34,9324368,316153664.00
2015-03-30,13.70,14.68,13.69,13.74,9773984,346639552.00
2015-03-31,13.67,14.19,13.47,13.97,7103066,247630576.00
2015-04-01,13.93,15.37,13.89,15.37,8720235,325034496.00
2015-04-02,15.99,16.76,15.42,16.23,11384853,456314560.00
2015-04-03,15.97,17.42,15.78,17.08,9586449,401718016.00
2015-04-07,17.09,17.57,16.57,17.37,8247911,352824640.00
2015-04-08,17.17,17.19,16.11,16.73,8255242,345386144.00
2015-04-09,16.55,16.57,15.05,15.93,8157417,320642912.00
2015-04-10,15.72,17.52,15.72,17.52,9600932,410440576.00
2015-04-13,17.77,18.32,17.67,17.69,9166322,411968064.00
2015-04-14,17.23,17.30,15.93,16.17,10263821,426257824.00
2015-04-15,15.86,15.89,14.93,15.00,6054100,233663728.00
2015-04-16,14.58,15.80,14.52,15.29,4325679,165580704.00
2015-04-17,15.37,15.65,14.85,15.17,4621011,175902448.00
2015-04-20,15.02,15.09,14.20,14.29,5283978,193484464.00
2015-04-21,14.43,15.28,14.39,15.16,4470800,167605152.00
2015-04-22,15.37,15.80,15.27,15.44,5353200,207608048.00
2015-04-23,15.33,15.44,14.95,15.24,4876178,186202960.00
2015-04-24,14.97,16.17,14.66,15.92,5607209,215223040.00
2015-04-27,16.17,16.25,15.49,15.59,4221390,167210016.00
2015-04-28,15.53,15.53,14.62,14.69,4426332,165020800.00
2015-04-29,14.49,15.09,14.49,15.02,2309370,86392120.00
2015-04-30,15.03,15.43,14.86,15.05,3116312,117828440.00
2015-05-04,15.04,15.52,14.72,15.35,2825558,107763968.00
2015-05-05,15.25,15.88,15.03,15.77,5446328,212643888.00
2015-05-06,15.89,15.97,15.39,15.64,4513291,177432720.00
2015-05-07,15.45,15.45,14.77,15.08,2753082,103916400.00
2015-05-08,15.15,15.97,14.99,15.97,5249876,204933808.00
2015-05-11,16.13,16.60,15.77,16.45,5864056,238833296.00
2015-05-12,16.49,16.64,15.81,16.25,6054705,245331744.00
2015-05-13,16.45,17.47,16.18,16.34,8901895,376075712.00
2015-05-14,16.16,16.75,15.97,16.64,6197212,254678416.00
2015-05-15,16.51,16.74,15.92,16.30,5373289,219429440.00
2015-05-18,16.30,17.24,16.28,17.22,7170818,303769536.00
2015-05-19,17.29,17.76,16.86,17.65,6978110,302610016.00
2015-05-20,17.77,19.42,17.41,19.17,12527685,589727872.00
2015-05-21,19.50,19.65,18.30,18.97,24001936,452578048.00
2015-05-29,20.00,20.87,18.97,20.87,26971383,552887808.00
2015-06-01,22.96,22.96,22.96,22.96,3448545,79178592.00
2015-06-02,25.26,25.26,21.65,21.90,54584038,1264666880.00
2015-06-03,21.79,22.67,20.90,22.08,32665498,710966272.00
2015-06-04,22.23,22.48,19.87,20.63,26805276,554416192.00
2015-06-05,20.80,21.63,20.20,20.84,19303086,405280096.00
2015-06-08,20.85,20.88,19.52,19.82,16389085,328076128.00
2015-06-09,19.72,20.49,19.38,20.05,11187814,223484128.00
2015-06-10,20.08,20.80,19.61,20.56,15164423,308435712.00
2015-06-11,20.32,20.46,19.90,20.14,16986318,340984224.00
2015-06-12,20.12,20.80,19.94,20.59,16713965,341072352.00
2015-06-15,20.60,20.79,19.65,19.70,12713931,254811296.00
2015-06-16,19.40,19.55,18.28,18.50,12641975,240073168.00
2015-06-17,18.78,19.46,18.40,19.34,10796849,204257696.00
2015-06-18,19.28,19.49,17.82,18.18,10532262,198578192.00
2015-06-19,17.95,17.95,16.36,16.37,10635507,180129312.00
2015-06-23,16.51,16.84,15.05,16.80,10326115,168389856.00
2015-06-24,17.00,17.36,16.58,17.06,9473374,160898912.00
2015-06-25,17.25,17.28,15.75,16.18,8805670,146934720.00
2015-06-26,15.60,15.90,14.56,14.56,11030187,165482416.00
2015-06-29,15.10,15.10,13.10,13.10,11925243,161985872.00
2015-06-30,12.55,13.82,11.79,13.70,14227026,180703520.00
2015-07-01,13.68,14.15,12.55,12.70,11743072,159321824.00
2015-07-02,13.30,13.87,12.50,13.06,16063276,212097040.00
2015-07-03,12.30,13.99,11.75,12.64,14205884,179850064.00
2015-07-06,13.90,13.90,11.76,12.79,13707053,177697664.00
2015-07-07,12.25,12.51,11.51,11.51,7366292,87038560.00
2015-07-08,10.36,11.39,10.36,11.00,19755906,212827408.00
2015-07-09,10.75,12.10,10.70,12.10,11688952,137896528.00
2015-07-10,12.95,13.31,12.58,13.31,10070619,132577848.00
2015-07-13,14.64,14.64,14.01,14.64,19299037,278152768.00
2015-07-14,14.85,15.98,14.40,14.88,25515775,384545760.00
2015-07-15,14.30,14.99,13.39,13.39,17762977,251152448.00
2015-07-16,13.39,14.29,12.39,13.91,12499884,170622720.00
2015-07-17,13.92,15.20,13.92,14.92,10909492,159841920.00
2015-07-20,14.90,15.48,14.61,15.44,13234286,199267296.00
2015-07-21,15.24,15.56,14.90,15.25,11213469,170593456.00
2015-07-22,15.02,15.45,14.72,15.08,8860502,133550648.00
2015-07-23,15.08,16.07,14.81,15.89,14189859,220601040.00
2015-07-24,16.09,16.10,15.00,15.18,11526251,180059792.00
2015-07-27,14.90,15.34,13.66,13.66,9675705,140694320.00
2015-07-28,12.62,14.26,12.40,13.21,12133252,159674224.00
2015-07-29,13.48,14.12,13.02,14.03,6236889,84268240.00
2015-07-30,14.12,14.48,13.41,13.63,7772021,109881112.00
2015-07-31,13.29,13.99,13.22,13.90,6495558,89556184.00
2015-08-03,13.80,13.84,12.95,13.64,6970018,93692656.00
2015-08-04,13.65,14.77,13.65,14.75,7524066,107438376.00
2015-08-05,14.70,14.99,14.32,14.45,7074792,103959440.00
2015-08-06,14.00,14.77,14.00,14.67,4825582,69627312.00
2015-08-07,14.73,15.17,14.73,15.05,7405597,110789520.00
2015-08-10,15.27,16.03,14.95,15.59,12034015,186815216.00
2015-08-11,15.57,16.05,15.35,15.52,9438003,147594160.00
2015-08-12,15.20,15.63,14.88,14.93,6005120,91611152.00
2015-08-13,14.89,15.26,14.68,15.24,5812921,87061600.00
2015-08-14,15.38,15.45,15.10,15.17,5662909,86618088.00
2015-08-17,15.11,15.27,14.80,15.19,4921929,73952712.00
2015-08-18,15.25,15.40,13.67,13.67,7442574,108667392.00
2015-08-19,13.28,14.08,12.93,14.08,8365083,112324464.00
2015-08-20,13.94,14.08,13.55,13.55,4585738,63110564.00
2015-08-21,13.16,13.54,12.71,12.76,5552037,72464880.00
2015-08-24,12.20,12.35,11.48,11.48,6638526,77611512.00
2015-08-25,10.60,11.40,10.33,10.33,8228899,88580232.00
2015-08-26,10.64,11.14,10.20,10.55,8752481,93698920.00
2015-08-27,10.85,11.47,10.78,11.47,7645360,84832152.00
2015-08-28,11.80,12.33,11.50,12.25,7288344,85957720.00
2015-08-31,12.02,12.09,11.70,11.75,4637369,55031148.00
2015-09-01,11.75,11.75,10.60,10.69,4136375,45993516.00
2015-09-02,10.50,11.76,10.22,11.76,14320723,165433776.00
2015-09-07,11.90,12.58,11.37,11.37,13247795,159159424.00
2015-09-08,11.12,12.00,11.07,11.95,6734381,77312960.00
2015-09-09,12.02,12.85,11.85,12.39,11305965,139672992.00
2015-09-10,12.20,12.93,12.09,12.39,7810576,98830992.00
2015-09-11,12.28,12.58,12.10,12.42,4806834,59276568.00
2015-09-14,12.43,12.59,11.18,11.18,5744325,67197960.00
2015-09-15,11.17,11.72,10.50,10.90,5733190,63881972.00
2015-09-16,10.99,11.99,10.53,11.80,6780318,76979792.00
2015-09-17,11.60,12.09,11.49,11.54,6774469,79827200.00
2015-09-22,12.29,12.29,12.29,12.29,0,0.00
数据来源:通达信
