300303 聚飞光电 日线 前复权
      日期	    开盘	    最高	    最低	    收盘	    成交量	    成交额
2012-03-19,3.27,3.50,3.26,3.48,9607591,269808928.00
2012-03-20,3.43,3.52,3.34,3.34,7000235,197330144.00
2012-03-21,3.35,3.37,3.11,3.18,4610130,122685792.00
2012-03-22,3.18,3.26,3.13,3.23,2476036,65667500.00
2012-03-23,3.20,3.26,3.17,3.25,2196867,58578152.00
2012-03-26,3.26,3.30,3.18,3.19,1879240,50481804.00
2012-03-27,3.19,3.22,3.07,3.11,2487921,64800408.00
2012-03-28,3.07,3.08,2.85,2.85,2396104,58707620.00
2012-03-29,2.82,2.86,2.79,2.82,1224933,28881574.00
2012-03-30,2.82,2.88,2.81,2.84,1137941,27030178.00
2012-04-05,2.84,2.92,2.83,2.91,1162416,27989780.00
2012-04-06,2.90,2.93,2.87,2.90,1037665,25138130.00
2012-04-09,2.88,2.90,2.84,2.86,686273,16456381.00
2012-04-10,2.84,2.96,2.77,2.96,1691075,40639916.00
2012-04-11,2.90,2.94,2.87,2.91,1013971,24561102.00
2012-04-12,2.92,2.96,2.89,2.95,1209136,29593154.00
2012-04-13,2.95,3.04,2.95,2.97,1560034,38834380.00
2012-04-16,2.93,2.95,2.91,2.93,776164,18950502.00
2012-04-17,2.93,2.93,2.84,2.88,1132468,27214966.00
2012-04-18,2.88,2.96,2.88,2.96,1117893,27284208.00
2012-04-19,2.96,3.03,2.95,3.01,1551279,38735612.00
2012-04-20,3.02,3.08,2.99,3.08,1570763,39767708.00
2012-04-23,3.06,3.06,2.92,2.95,1943945,48575912.00
2012-04-24,2.95,3.22,2.94,3.17,3341623,85764368.00
2012-04-25,3.13,3.16,3.09,3.12,1655888,42958728.00
2012-04-26,3.11,3.16,3.06,3.11,1287063,33196174.00
2012-04-27,3.10,3.24,3.08,3.16,1575032,41562108.00
2012-05-02,3.18,3.21,3.15,3.16,1227717,32295700.00
2012-05-03,3.15,3.21,3.12,3.16,957812,25096246.00
2012-05-04,3.16,3.19,3.11,3.17,1086960,28434770.00
2012-05-07,3.17,3.24,3.12,3.20,1342886,35271440.00
2012-05-08,3.20,3.30,3.18,3.18,2478829,66654796.00
2012-05-09,3.16,3.16,3.07,3.08,1551886,39967136.00
2012-05-10,3.07,3.12,3.07,3.10,598835,15399743.00
2012-05-11,3.08,3.18,3.08,3.12,939577,24483254.00
2012-05-14,3.15,3.16,3.11,3.11,584355,15209427.00
2012-05-15,3.08,3.13,3.08,3.12,440101,11336121.00
2012-05-16,3.13,3.13,3.05,3.05,502091,12855557.00
2012-05-17,3.05,3.15,3.05,3.14,945020,24482562.00
2012-05-18,3.11,3.13,3.06,3.08,625582,16059772.00
2012-05-21,3.07,3.16,3.06,3.15,832338,21646024.00
2012-05-22,3.17,3.22,3.15,3.18,1146570,30278300.00
2012-05-23,3.16,3.20,3.09,3.14,724333,18968698.00
2012-05-24,3.14,3.19,3.08,3.08,874192,22742372.00
2012-05-25,3.08,3.09,2.90,2.92,1213879,30215736.00
2012-05-28,2.93,2.96,2.89,2.95,457495,11153976.00
2012-05-29,2.97,3.02,2.94,3.00,689531,17149228.00
2012-05-30,2.97,3.02,2.91,2.97,781811,19337340.00
2012-05-31,2.95,3.05,2.95,3.01,893740,22437262.00
2012-06-01,3.02,3.03,2.97,2.99,441024,11027547.00
2012-06-04,2.94,2.95,2.84,2.86,691218,16704303.00
2012-06-05,2.86,2.90,2.85,2.87,327046,7826864.00
2012-06-06,2.90,2.91,2.84,2.86,457051,10978459.00
2012-06-07,2.89,2.90,2.85,2.86,343120,8238715.00
2012-06-08,2.90,2.90,2.85,2.87,370952,8908407.00
2012-06-11,2.83,2.93,2.83,2.93,385775,9339613.00
2012-06-12,2.91,2.94,2.89,2.92,331899,8080735.00
2012-06-13,2.94,2.99,2.92,2.99,448250,11061491.00
2012-06-14,2.96,3.01,2.96,2.96,471415,11722282.00
2012-06-15,2.98,3.02,2.95,2.97,523592,13038394.00
2012-06-18,3.00,3.06,3.00,3.03,805769,20314946.00
2012-06-19,3.04,3.04,2.99,3.01,570037,14293952.00
2012-06-20,3.01,3.06,3.01,3.04,767814,19408914.00
2012-06-21,3.04,3.04,2.93,2.96,564780,13984774.00
2012-06-25,2.95,2.95,2.86,2.86,461264,11143113.00
2012-06-26,2.86,2.89,2.84,2.88,445625,10649507.00
2012-06-27,2.88,2.96,2.86,2.90,1011863,24578710.00
2012-06-28,2.89,2.94,2.85,2.86,593500,14378589.00
2012-06-29,2.85,2.92,2.80,2.91,694729,16614104.00
2012-07-02,2.93,2.99,2.91,2.99,886187,21890560.00
2012-07-03,2.97,3.07,2.96,3.00,1973927,49646592.00
2012-07-04,3.06,3.11,3.01,3.03,1593007,40486384.00
2012-07-05,3.02,3.13,3.02,3.06,2416196,61647000.00
2012-07-06,3.06,3.07,2.89,3.00,2136804,52918400.00
2012-07-09,3.03,3.05,2.90,2.92,1569322,39140936.00
2012-07-10,2.90,2.91,2.83,2.86,1140214,27291808.00
2012-07-11,2.90,2.94,2.88,2.93,748037,18172814.00
2012-07-12,2.94,3.00,2.89,2.97,807536,19846566.00
2012-07-13,2.97,3.02,2.93,2.93,757775,18771672.00
2012-07-16,2.94,2.94,2.62,2.62,2710173,62093276.00
2012-07-17,2.64,2.65,2.56,2.63,785058,17186580.00
2012-07-18,2.62,2.64,2.54,2.61,792533,17176510.00
2012-07-19,2.65,2.73,2.64,2.72,1241153,28111240.00
2012-07-20,2.72,2.77,2.69,2.75,726370,16698230.00
2012-07-23,2.72,2.79,2.70,2.76,593802,13689784.00
2012-07-24,2.75,2.78,2.72,2.77,652376,15035363.00
2012-07-25,2.75,2.83,2.73,2.78,857990,20016986.00
2012-07-26,2.77,2.81,2.74,2.75,507718,11779865.00
2012-07-27,2.75,2.78,2.72,2.74,473753,10846160.00
2012-07-30,2.73,2.77,2.67,2.70,533707,12156658.00
2012-07-31,2.71,2.71,2.62,2.68,625001,13980661.00
2012-08-01,2.65,2.82,2.65,2.79,1063911,24523084.00
2012-08-02,2.81,2.86,2.75,2.85,1139789,26761730.00
2012-08-03,3.00,3.15,2.98,3.15,4478466,115202616.00
2012-08-06,3.29,3.48,3.24,3.35,8751480,240334912.00
2012-08-07,3.34,3.42,3.30,3.40,6940202,192652608.00
2012-08-08,3.35,3.39,3.27,3.35,4848920,133381864.00
2012-08-09,3.33,3.43,3.32,3.38,4965204,138629184.00
2012-08-10,3.33,3.38,3.29,3.29,2765440,76023480.00
2012-08-13,3.27,3.27,3.16,3.17,3093982,82217408.00
2012-08-14,3.16,3.18,3.06,3.14,2872256,74212784.00
2012-08-15,3.12,3.18,3.08,3.11,2387240,61922936.00
2012-08-16,3.09,3.15,3.07,3.11,1512773,39059104.00
2012-08-17,3.11,3.20,3.08,3.19,2674186,69906160.00
2012-08-20,3.16,3.18,2.99,3.10,2499132,64149140.00
2012-08-21,3.08,3.24,3.07,3.23,2982293,78558608.00
2012-08-22,3.21,3.25,3.14,3.17,2128340,56182344.00
2012-08-23,3.17,3.21,3.10,3.18,1592459,41721444.00
2012-08-24,3.18,3.18,2.99,2.99,2265912,57711468.00
2012-08-27,2.92,2.94,2.86,2.88,1495288,36194260.00
2012-08-28,2.88,2.97,2.88,2.93,1241177,30244178.00
2012-08-29,2.93,3.09,2.89,3.05,2727527,68814080.00
2012-08-30,3.00,3.04,2.75,2.85,2598690,62956776.00
2012-08-31,2.82,2.94,2.82,2.91,1123440,27152654.00
2012-09-03,2.90,2.99,2.89,2.97,1195558,29418012.00
2012-09-04,2.97,3.00,2.92,2.92,1150074,28391852.00
2012-09-05,2.90,3.08,2.90,3.03,1786143,44799072.00
2012-09-06,3.03,3.06,2.99,3.05,1307970,32991108.00
2012-09-07,3.08,3.17,3.06,3.15,2095836,54500596.00
2012-09-10,3.16,3.27,3.14,3.18,2360834,62755008.00
2012-09-11,3.15,3.22,3.13,3.18,1391320,36641088.00
2012-09-12,3.19,3.21,3.10,3.13,1631335,42520720.00
2012-09-13,3.14,3.19,3.10,3.10,1263064,33009608.00
2012-09-14,3.16,3.19,3.02,3.06,1835188,47140556.00
2012-09-17,3.05,3.09,2.93,2.93,1082260,27113838.00
2012-09-18,2.90,2.98,2.90,2.97,822213,20277446.00
2012-09-19,2.95,3.03,2.95,2.98,891978,22212078.00
2012-09-20,3.00,3.00,2.75,2.75,1507574,35719384.00
2012-09-21,2.76,2.77,2.57,2.57,1820770,23550172.00
2012-09-24,2.56,2.58,2.49,2.56,1516979,18792014.00
2012-09-25,2.54,2.58,2.52,2.54,869608,10835234.00
2012-09-26,2.56,2.56,2.35,2.38,1248969,14969060.00
2012-09-27,2.40,2.53,2.36,2.50,1599226,19365900.00
2012-09-28,2.49,2.54,2.43,2.52,1487212,18106482.00
2012-10-08,2.54,2.65,2.49,2.60,2385225,30125382.00
2012-10-09,2.58,2.69,2.58,2.65,1872582,24075016.00
2012-10-10,2.65,2.69,2.64,2.66,1311564,16982410.00
2012-10-11,2.70,2.77,2.67,2.68,3017629,39841624.00
2012-10-12,2.66,2.84,2.65,2.77,2450563,32709822.00
2012-10-15,2.75,2.82,2.60,2.69,1672493,21785742.00
2012-10-16,2.69,2.71,2.60,2.63,1156724,14972363.00
2012-10-17,2.67,2.67,2.59,2.63,1024514,13118296.00
2012-10-18,2.59,2.70,2.59,2.69,1063563,13853731.00
2012-10-19,2.77,2.98,2.77,2.98,7690374,109980328.00
2012-10-22,2.88,2.99,2.85,2.93,4063407,57487536.00
2012-10-23,2.92,3.07,2.92,2.95,4577157,66482484.00
2012-10-24,2.91,2.94,2.85,2.91,2072887,28997052.00
2012-10-25,2.90,2.95,2.85,2.91,1900669,26767180.00
2012-10-26,2.93,2.97,2.71,2.74,2014574,27442254.00
2012-10-29,2.67,2.78,2.62,2.74,997079,13268189.00
2012-10-30,2.74,2.78,2.68,2.74,748932,9915172.00
2012-10-31,2.74,2.82,2.69,2.82,1148250,15451152.00
2012-11-01,2.83,2.89,2.81,2.88,1431643,19874690.00
2012-11-02,2.86,2.91,2.80,2.84,919259,12688654.00
2012-11-05,2.84,2.89,2.83,2.86,702491,9740119.00
2012-11-06,2.84,2.84,2.70,2.81,1836653,24588892.00
2012-11-07,2.78,2.80,2.72,2.73,682626,9105146.00
2012-11-08,2.70,2.71,2.52,2.54,1479478,18897352.00
2012-11-09,2.54,2.58,2.51,2.52,787313,9776055.00
2012-11-12,2.52,2.55,2.50,2.53,785903,9669228.00
2012-11-13,2.53,2.54,2.48,2.49,560667,6854887.50
2012-11-14,2.50,2.55,2.48,2.55,631866,7779117.50
2012-11-15,2.52,2.53,2.39,2.45,708456,8591542.00
2012-11-16,2.43,2.44,2.40,2.43,598613,7087039.00
2012-11-19,2.44,2.45,2.40,2.43,585950,6954950.50
2012-11-20,2.47,2.69,2.45,2.56,1957954,24570010.00
2012-11-21,2.53,2.61,2.50,2.59,1093504,13584335.00
2012-11-22,2.58,2.58,2.50,2.52,833420,10297666.00
2012-11-23,2.52,2.52,2.46,2.49,871202,10603086.00
2012-11-26,2.48,2.49,2.40,2.43,942265,11264331.00
2012-11-27,2.42,2.43,2.29,2.29,1288686,14721629.00
2012-11-28,2.28,2.29,2.23,2.26,696949,7746795.00
2012-11-29,2.28,2.28,2.19,2.21,360250,3976888.50
2012-11-30,2.23,2.28,2.20,2.27,539096,5954656.00
2012-12-03,2.27,2.27,2.12,2.14,451939,4904141.50
2012-12-04,2.12,2.14,2.04,2.10,2262245,23238270.00
2012-12-05,2.07,2.22,2.06,2.19,1754747,18687014.00
2012-12-06,2.17,2.22,2.13,2.14,966949,10317941.00
2012-12-07,2.15,2.24,2.13,2.23,1414509,15355127.00
2012-12-10,2.23,2.35,2.22,2.34,1947430,22015998.00
2012-12-11,2.32,2.32,2.28,2.29,1236122,13964340.00
2012-12-12,2.27,2.33,2.27,2.31,852026,9620336.00
2012-12-13,2.31,2.31,2.22,2.23,1000140,11092605.00
2012-12-14,2.22,2.37,2.22,2.35,1728264,19710166.00
2012-12-17,2.35,2.42,2.34,2.38,2472525,28769576.00
2012-12-18,2.35,2.39,2.32,2.33,2282853,26350300.00
2012-12-19,2.33,2.49,2.33,2.39,2799137,33076118.00
2012-12-20,2.40,2.50,2.38,2.49,2881725,34496676.00
2012-12-21,2.50,2.60,2.43,2.53,4341567,53175860.00
2012-12-24,2.53,2.65,2.50,2.64,3933251,49899992.00
2012-12-25,2.62,2.73,2.59,2.69,3630745,47140856.00
2012-12-26,2.67,2.97,2.66,2.97,7556342,104743696.00
2012-12-27,3.00,3.03,2.80,2.81,6518962,91427288.00
2012-12-28,2.81,2.94,2.79,2.88,4385675,61008084.00
2012-12-31,2.87,2.93,2.80,2.81,3277091,45007604.00
2013-01-04,2.82,2.87,2.74,2.84,2717448,37160644.00
2013-01-07,2.83,2.88,2.78,2.87,2312615,31902716.00
2013-01-08,2.87,2.96,2.81,2.92,3898473,54695844.00
2013-01-09,2.93,3.04,2.86,2.93,5238664,75010216.00
2013-01-10,2.96,2.99,2.91,2.94,2921526,41692260.00
2013-01-11,2.95,2.95,2.79,2.81,4826737,67022528.00
2013-01-14,2.81,2.94,2.80,2.94,3635930,51065752.00
2013-01-15,2.94,3.16,2.94,3.10,5977480,87512200.00
2013-01-16,3.09,3.21,2.99,3.18,5941887,88798144.00
2013-01-17,3.17,3.25,3.09,3.18,4274147,65714020.00
2013-01-18,3.18,3.23,3.11,3.21,3184961,48749156.00
2013-01-21,3.22,3.32,3.19,3.28,2902450,45547368.00
2013-01-22,3.27,3.27,3.07,3.12,2783184,42333040.00
2013-01-23,3.10,3.14,2.98,3.06,1856454,27328396.00
2013-01-24,3.05,3.08,2.89,2.93,3294223,47871256.00
2013-01-25,2.93,2.99,2.91,2.97,1506907,21603120.00
2013-01-28,2.95,3.05,2.95,3.03,1406784,20510488.00
2013-01-29,3.02,3.06,3.00,3.04,1692201,24816594.00
2013-01-30,3.02,3.05,2.96,2.99,1176574,17114142.00
2013-01-31,2.97,3.01,2.91,2.91,1329610,18885782.00
2013-02-01,2.91,2.97,2.91,2.95,947487,13525882.00
2013-02-04,2.97,3.08,2.96,3.04,1959659,28684566.00
2013-02-05,3.13,3.36,3.13,3.36,5043559,79364808.00
2013-02-06,3.47,3.71,3.42,3.58,8331859,141585600.00
2013-02-07,3.59,3.63,3.50,3.59,5324221,91052640.00
2013-02-08,3.59,3.96,3.56,3.92,7155830,129806096.00
2013-02-18,3.92,4.06,3.80,3.98,6593597,124559232.00
2013-02-19,3.95,3.96,3.71,3.73,5157375,93987456.00
2013-02-20,3.71,3.91,3.71,3.85,4684537,85649488.00
2013-02-21,3.78,3.93,3.75,3.81,3511241,64178224.00
2013-02-22,3.79,3.93,3.76,3.89,3616827,66699800.00
2013-02-25,3.89,3.92,3.75,3.83,3222338,58848916.00
2013-02-26,3.80,4.09,3.79,3.80,5687817,106850328.00
2013-02-27,3.78,3.84,3.53,3.55,5574041,97129544.00
2013-02-28,3.59,3.67,3.54,3.64,3106558,53772792.00
2013-03-01,3.63,3.90,3.61,3.86,4788488,86877120.00
2013-03-04,3.84,3.91,3.73,3.77,3237225,59206504.00
2013-03-05,3.78,4.04,3.77,3.97,3799112,71342048.00
2013-03-06,4.00,4.36,3.99,4.33,5378583,107025432.00
2013-03-07,4.24,4.30,3.89,4.07,5536317,108434152.00
2013-03-08,4.03,4.07,3.88,3.91,2696611,50886904.00
2013-03-11,3.86,4.00,3.83,3.90,1537551,28815204.00
2013-03-12,3.90,3.92,3.59,3.69,3307108,58870660.00
2013-03-13,3.62,3.73,3.58,3.69,1820585,31765624.00
2013-03-14,3.66,3.80,3.63,3.67,1660116,29591954.00
2013-03-15,3.61,3.79,3.50,3.58,3269396,56780892.00
2013-03-18,3.55,3.68,3.51,3.60,2014381,34666428.00
2013-03-19,3.59,3.75,3.59,3.67,1825841,32081400.00
2013-03-20,3.66,3.88,3.62,3.86,2827909,50973676.00
2013-03-21,3.87,3.99,3.84,3.98,3158994,59348860.00
2013-03-22,3.97,4.02,3.83,3.98,3318961,62236024.00
2013-03-25,3.98,4.02,3.90,4.00,2291493,43476612.00
2013-03-26,3.96,3.98,3.81,3.88,1957750,36277076.00
2013-03-27,3.88,3.95,3.87,3.90,1687346,31506390.00
2013-03-28,3.88,4.05,3.75,3.94,3492784,40751812.00
2013-03-29,3.97,4.02,3.77,3.79,2935464,33566956.00
2013-04-01,3.74,3.90,3.64,3.82,1701607,19195950.00
2013-04-02,3.83,3.99,3.73,3.75,2779133,31743978.00
2013-04-03,3.72,3.80,3.66,3.75,1639768,18125498.00
2013-04-08,3.66,3.95,3.62,3.94,3211374,36311200.00
2013-04-09,3.97,4.00,3.86,3.91,3078033,35747588.00
2013-04-10,3.91,3.94,3.74,3.81,2399405,27204036.00
2013-04-11,3.84,3.86,3.71,3.74,2028557,22801608.00
2013-04-12,3.74,3.82,3.72,3.76,1334920,14897294.00
2013-04-15,3.76,3.80,3.73,3.78,928606,10342704.00
2013-04-16,3.74,3.98,3.71,3.98,4152962,47804444.00
2013-04-17,3.98,4.02,3.86,4.02,4969470,58066880.00
2013-04-18,3.96,4.22,3.95,4.11,7295406,88807192.00
2013-04-19,4.13,4.54,4.09,4.46,11601681,149058160.00
2013-04-22,4.41,4.66,4.36,4.62,9214313,122437856.00
2013-04-23,4.59,4.60,4.40,4.41,6850849,90801960.00
2013-04-24,4.35,4.84,4.35,4.77,7682820,105854984.00
2013-04-25,4.73,5.26,4.72,4.99,12358903,181970272.00
2013-04-26,4.99,5.17,4.79,5.05,9076569,132689072.00
2013-05-02,4.95,5.00,4.66,4.95,4513427,64761600.00
2013-05-03,4.95,5.44,4.95,5.40,6818948,104734064.00
2013-05-06,5.42,5.51,5.24,5.45,6860729,108567400.00
2013-05-07,5.39,5.55,5.11,5.15,7413789,114978936.00
2013-05-08,5.11,5.54,5.06,5.54,5073635,78404840.00
2013-05-09,5.54,5.66,5.37,5.45,5488401,88794496.00
2013-05-10,5.42,5.62,5.28,5.46,4173461,66863616.00
2013-05-13,5.40,5.72,5.32,5.72,4110341,67038532.00
2013-05-14,5.71,5.92,5.60,5.78,5466344,92565376.00
2013-05-15,5.77,6.37,5.70,6.16,5094626,90734448.00
2013-05-16,6.07,6.79,6.07,6.79,7464552,141491440.00
2013-05-17,7.12,7.48,6.89,7.48,8759857,186424720.00
2013-05-20,7.48,7.55,7.03,7.34,11926850,251997888.00
2013-05-21,7.17,7.24,7.02,7.13,9199951,190699696.00
2013-05-22,7.06,7.20,6.40,6.42,13766884,267636432.00
2013-05-23,6.38,6.49,6.19,6.41,10863530,201687776.00
2013-05-24,6.40,7.06,6.37,6.97,13472020,265243856.00
2013-05-27,6.84,6.85,6.26,6.64,20126389,378899520.00
2013-05-28,6.36,6.41,6.11,6.14,9300780,168744592.00
2013-05-29,6.14,6.32,6.12,6.29,5830401,106710888.00
2013-05-30,6.26,6.31,6.16,6.19,3932856,71472608.00
2013-05-31,6.27,6.28,5.95,5.96,5521749,97527488.00
2013-06-03,5.95,6.08,5.91,5.92,3616199,63294136.00
2013-06-04,5.88,5.89,5.57,5.74,5541125,93554224.00
2013-06-05,5.72,5.92,5.72,5.83,4453760,76244432.00
2013-06-06,5.71,5.71,5.48,5.57,8645566,140829840.00
2013-06-07,5.53,5.56,5.30,5.41,7939700,126245192.00
2013-06-13,5.28,5.30,5.04,5.17,6581026,99496640.00
2013-06-14,5.24,5.70,5.22,5.61,14205347,229188080.00
2013-06-17,5.52,5.68,5.26,5.53,20837980,329893184.00
2013-06-18,5.39,5.69,5.32,5.63,9242677,149336272.00
2013-06-19,5.57,5.94,5.56,5.88,10462427,178475648.00
2013-06-20,5.81,5.95,5.62,5.63,7041312,119873600.00
2013-06-21,5.46,5.74,5.18,5.57,6053796,97280144.00
2013-06-24,5.56,5.76,5.00,5.00,10105437,157197936.00
2013-06-25,4.85,5.11,4.58,5.10,10732585,153091712.00
2013-06-26,5.13,5.56,5.10,5.47,9663818,152794416.00
2013-06-27,5.50,5.85,5.11,5.66,9201544,151866672.00
2013-06-28,5.54,5.78,5.41,5.44,4535415,74301448.00
2013-07-01,5.39,5.72,5.33,5.72,5917704,96971656.00
2013-07-02,5.70,6.16,5.67,6.09,9757925,171382864.00
2013-07-03,6.07,6.37,5.95,6.23,9403541,170668512.00
2013-07-04,6.09,6.28,6.00,6.00,5286725,94189040.00
2013-07-05,5.95,6.09,5.53,5.55,6242844,105830976.00
2013-07-08,5.67,5.97,5.46,5.81,7969809,134706000.00
2013-07-09,5.81,6.20,5.74,6.08,8005625,141507488.00
2013-07-10,6.02,6.16,5.94,6.16,5732167,101385912.00
2013-07-11,6.16,6.23,5.95,6.13,5636492,100245760.00
2013-07-12,6.16,6.35,6.11,6.23,5730641,104595576.00
2013-07-15,6.21,6.57,6.16,6.56,7198260,135558160.00
2013-07-16,6.53,7.20,6.46,7.02,8983500,178284080.00
2013-07-17,6.95,7.22,6.61,6.82,7980987,160885744.00
2013-07-18,6.68,7.06,6.68,6.90,5228916,105744928.00
2013-07-19,6.91,6.96,6.44,6.49,6196607,121398264.00
2013-07-22,6.40,6.73,6.30,6.68,3335058,64081184.00
2013-07-23,6.68,7.03,6.63,6.85,4513162,90931624.00
2013-07-24,6.84,6.94,6.67,6.82,3552399,70285704.00
2013-07-25,6.82,6.85,6.20,6.20,4274068,80849504.00
2013-07-26,6.16,6.29,5.73,6.05,5015625,87609680.00
2013-07-29,5.99,6.15,5.74,5.98,3382878,58806348.00
2013-07-30,5.98,6.16,5.74,6.09,3504962,60882472.00
2013-07-31,6.07,6.23,5.95,6.02,2084816,37206460.00
2013-08-01,6.00,6.28,5.95,6.25,3002301,54310828.00
2013-08-02,6.42,6.68,6.33,6.45,4606502,88084608.00
2013-08-05,6.41,6.94,6.41,6.92,6263719,123502824.00
2013-08-06,6.87,7.31,6.87,7.13,8482316,177303776.00
2013-08-07,7.20,7.35,6.95,7.12,4956680,103224552.00
2013-08-08,7.10,7.31,6.85,7.30,4891374,101848808.00
2013-08-09,7.37,7.73,7.19,7.60,5130331,110645608.00
2013-08-12,7.99,8.22,7.38,7.47,3943517,88820056.00
2013-08-13,7.63,7.65,7.21,7.47,3101224,67626000.00
2013-08-14,7.47,7.85,7.39,7.68,4264293,94542936.00
2013-08-15,7.68,7.97,7.38,7.66,3956274,89055696.00
2013-08-16,7.73,7.73,7.06,7.10,4018716,86242032.00
2013-08-19,7.10,7.44,7.04,7.42,2228773,47717908.00
2013-08-20,7.52,8.07,7.47,7.90,2827454,64374612.00
2013-08-21,8.13,8.13,7.67,7.85,1203094,27491154.00
2013-08-22,7.83,8.31,7.82,8.31,3116542,73478048.00
2013-08-23,8.31,8.45,7.94,8.08,4801575,114537896.00
2013-08-26,8.08,8.15,7.75,7.90,4248852,97501416.00
2013-08-27,7.90,8.07,7.90,7.96,2661437,61911812.00
2013-08-28,7.81,7.90,7.45,7.45,5824502,128500288.00
2013-08-29,7.51,7.60,7.24,7.31,2202812,47741520.00
2013-08-30,7.27,7.41,6.92,6.99,2644945,54979896.00
2013-09-02,6.92,7.53,6.88,7.51,3609048,76939152.00
2013-09-03,7.55,8.07,7.55,7.97,3475230,79750384.00
2013-09-04,8.06,8.06,7.73,7.95,2367441,54664008.00
2013-09-05,7.90,8.44,7.77,8.39,3963295,93805544.00
2013-09-06,8.41,8.50,8.18,8.36,2393517,58326664.00
2013-09-09,8.32,8.46,7.96,8.08,2981577,70240264.00
2013-09-10,8.08,8.25,7.69,7.76,2135505,48980248.00
2013-09-11,7.76,7.87,7.42,7.48,2273293,49792900.00
2013-09-12,7.43,7.72,7.40,7.47,2010809,44103848.00
2013-09-13,7.54,7.73,7.38,7.60,2747143,60653284.00
2013-09-16,7.60,7.96,7.58,7.92,2533943,57722780.00
2013-09-17,7.97,8.20,7.69,7.83,2236176,52067140.00
2013-09-18,7.83,7.97,7.49,7.94,2594021,58711568.00
2013-09-23,7.83,8.11,7.66,8.06,2618754,60402024.00
2013-09-24,8.10,8.10,7.82,7.97,1133868,26219840.00
2013-09-25,7.94,7.97,7.62,7.62,1206444,27214124.00
2013-09-26,7.64,7.67,7.47,7.47,938249,20646346.00
2013-09-27,7.46,7.75,7.38,7.71,1729329,38277560.00
2013-09-30,7.74,7.79,7.48,7.59,1412237,31186652.00
2013-10-08,7.59,8.04,7.44,8.03,2948474,66295520.00
2013-10-09,7.90,8.73,7.84,8.40,4399942,106289664.00
2013-10-10,8.40,8.69,8.36,8.52,4501947,112214120.00
2013-10-11,8.50,8.90,8.44,8.80,2389851,60933320.00
2013-10-14,8.78,8.81,8.46,8.76,1424088,35588072.00
2013-10-15,8.71,8.71,8.26,8.49,2169567,54014440.00
2013-10-16,8.39,8.60,7.73,7.96,3967142,92076352.00
2013-10-17,8.04,8.39,7.96,8.06,1668404,39602564.00
2013-10-18,7.98,8.36,7.94,8.31,1322232,31682064.00
2013-10-21,8.36,8.63,8.17,8.62,2223380,54764900.00
2013-10-22,8.64,9.15,8.25,8.27,1817676,45755340.00
2013-10-23,8.27,8.43,7.66,7.85,2440391,56148536.00
2013-10-24,7.83,8.11,7.71,8.09,1241734,28578502.00
2013-10-25,8.01,8.11,7.55,7.59,1669808,37542884.00
2013-10-28,7.62,8.04,7.20,7.75,1642865,36711568.00
2013-10-29,7.81,7.95,7.03,7.34,2210242,47579832.00
2013-10-30,7.38,7.55,7.26,7.54,1303015,28341452.00
2013-10-31,7.54,7.61,6.98,7.13,1753037,36523288.00
2013-11-01,7.08,7.38,6.40,7.34,4761335,93334672.00
2013-11-04,6.98,7.41,6.92,7.17,2352691,49704120.00
2013-11-05,7.17,7.67,6.99,7.64,1905671,41040224.00
2013-11-06,7.55,7.89,7.49,7.52,1778430,39894564.00
2013-11-07,7.42,7.63,7.13,7.44,1045296,22492266.00
2013-11-08,7.30,7.49,7.27,7.44,808631,17405544.00
2013-11-11,7.52,7.68,7.37,7.57,1056155,23129936.00
2013-11-12,7.57,7.66,7.49,7.58,681408,15033029.00
2013-11-13,7.58,7.61,7.06,7.06,944922,20217614.00
2013-11-14,7.06,7.38,6.99,7.25,1248031,25993788.00
2013-11-15,7.17,7.52,7.17,7.37,1301335,28191726.00
2013-11-18,7.37,7.66,7.37,7.59,2075828,45261648.00
2013-11-19,7.59,7.97,7.59,7.80,2151080,49084564.00
2013-11-20,7.75,8.08,7.75,7.92,2431634,56243988.00
2013-11-21,7.87,8.01,7.70,7.90,1085932,24815410.00
2013-11-22,7.90,7.90,7.55,7.57,2789979,61977876.00
2013-11-25,7.82,8.17,7.82,7.88,3283323,75928808.00
2013-11-26,7.90,8.18,7.85,8.12,3400803,80088208.00
2013-11-27,8.15,8.30,8.01,8.21,2876061,68148440.00
2013-11-28,8.28,8.29,8.12,8.19,1919825,45783600.00
2013-11-29,8.19,8.67,8.19,8.63,3143345,77289776.00
2013-12-02,8.01,8.38,7.76,7.76,5074381,118249464.00
2013-12-03,7.49,7.89,7.41,7.80,3091004,68015352.00
2013-12-04,7.69,8.01,7.55,7.56,2851667,64687196.00
2013-12-05,7.52,7.52,6.95,7.03,3869959,81362880.00
2013-12-06,6.96,7.20,6.95,6.96,1475171,30315332.00
2013-12-09,6.97,7.35,6.97,7.31,2216617,46710412.00
2013-12-10,7.32,7.42,7.17,7.26,1185073,25039076.00
2013-12-11,7.34,7.37,7.08,7.17,976698,20513824.00
2013-12-12,7.10,7.43,7.09,7.38,1793481,38282956.00
2013-12-13,7.38,7.62,7.30,7.41,1273582,27677158.00
2013-12-16,7.42,7.51,7.28,7.33,1154806,24680862.00
2013-12-17,7.34,7.45,7.04,7.16,1147310,23880298.00
2013-12-18,7.19,7.55,7.07,7.26,1392738,29890486.00
2013-12-19,7.34,7.44,7.06,7.08,1058791,22309644.00
2013-12-20,7.09,7.17,6.98,7.02,592714,12188734.00
2013-12-23,7.02,7.09,6.71,6.76,991178,19762804.00
2013-12-24,6.82,6.99,6.52,6.75,1927272,38281328.00
2013-12-25,6.75,7.12,6.66,7.10,3662558,73567120.00
2013-12-26,7.06,7.09,6.70,6.74,3183554,64426740.00
2013-12-27,6.79,7.02,6.75,6.95,2578507,52308428.00
2013-12-30,6.96,7.08,6.91,6.94,1989111,40460272.00
2013-12-31,6.95,6.99,6.76,6.86,1520776,30442476.00
2014-01-02,6.80,7.56,6.80,7.56,4392459,93495600.00
2014-01-03,7.52,8.15,7.49,7.95,6603105,152457072.00
2014-01-06,8.07,8.13,7.81,7.90,5862592,136920336.00
2014-01-07,7.93,8.25,7.84,8.25,2654379,62161344.00
2014-01-08,8.29,9.09,8.25,9.09,5622207,144748160.00
2014-01-09,9.11,9.12,8.67,8.71,3167841,81649632.00
2014-01-10,8.73,8.78,8.28,8.53,1842148,45781876.00
2014-01-13,8.37,8.90,8.37,8.53,1664509,42241588.00
2014-01-14,8.43,9.33,8.43,9.23,3106729,80064624.00
2014-01-15,9.20,9.74,9.13,9.27,2824038,77411528.00
2014-01-16,9.24,9.99,8.81,9.13,4239349,113201128.00
2014-01-17,9.13,9.30,8.81,9.04,3010911,79165616.00
2014-01-20,8.89,9.06,8.55,8.59,4187866,106264384.00
2014-01-21,8.61,9.05,8.53,9.01,4653483,118489896.00
2014-01-22,8.92,9.35,8.64,9.30,5460171,143959024.00
2014-01-23,9.24,9.67,9.20,9.30,2693399,73858480.00
2014-01-24,9.27,9.65,9.20,9.23,2705819,73822272.00
2014-01-27,9.12,9.12,8.74,8.88,4031300,104542232.00
2014-01-28,8.94,8.94,8.39,8.77,4168649,104759256.00
2014-01-29,8.75,8.85,8.54,8.69,2336211,59189848.00
2014-01-30,8.74,8.74,8.36,8.48,3443446,85207440.00
2014-02-07,8.53,9.34,8.39,9.27,5031037,131503144.00
2014-02-10,9.25,9.63,9.04,9.39,3673256,99730816.00
2014-02-11,9.30,9.44,9.06,9.24,2941741,79032808.00
2014-02-12,9.24,9.76,9.13,9.65,3842422,105849064.00
2014-02-13,9.61,10.00,9.30,9.40,5333245,150950112.00
2014-02-14,9.38,9.58,9.13,9.44,2213991,60177580.00
2014-02-17,9.40,9.56,9.19,9.52,3060880,83050128.00
2014-02-18,9.48,9.77,9.28,9.75,4214848,117131328.00
2014-02-19,9.67,9.75,9.18,9.41,3843900,104187176.00
2014-02-20,9.31,9.34,8.88,8.88,3677619,96317160.00
2014-02-21,8.91,9.02,8.56,8.81,2522581,64068284.00
2014-02-24,8.83,8.94,8.69,8.85,2934906,75368968.00
2014-02-25,8.99,9.11,7.95,8.03,4814721,119453568.00
2014-02-26,7.97,8.07,7.51,8.05,3494934,78875864.00
2014-02-27,8.05,8.27,7.27,7.48,5245904,119623696.00
2014-02-28,7.45,7.82,7.29,7.81,3573742,79553288.00
2014-03-03,7.80,7.95,7.73,7.92,1942936,44464420.00
2014-03-04,7.90,8.04,7.61,7.82,2183962,49463700.00
2014-03-05,7.82,7.89,7.63,7.83,2300209,52044532.00
2014-03-06,7.77,8.03,7.63,7.95,2003007,45897368.00
2014-03-07,7.95,8.17,7.76,7.84,2049154,47543824.00
2014-03-10,7.73,7.83,7.49,7.52,1581438,35267400.00
2014-03-11,7.50,7.80,7.10,7.33,3463623,74666240.00
2014-03-12,7.23,7.38,7.12,7.37,2799434,59414412.00
2014-03-13,7.41,8.11,7.41,8.07,5964383,136040304.00
2014-03-14,7.91,8.37,7.91,8.14,4575428,108352536.00
2014-03-17,8.11,8.32,8.00,8.32,2618634,62502876.00
2014-03-18,8.38,8.71,8.21,8.21,4328678,106298680.00
2014-03-19,8.27,8.35,7.91,8.08,3583124,84349696.00
2014-03-20,8.08,8.25,7.77,7.81,2989041,69963264.00
2014-03-21,7.68,7.90,7.31,7.82,3110143,69049536.00
2014-03-24,7.89,8.11,7.76,7.96,3964698,92226272.00
2014-03-25,7.95,7.99,7.76,7.85,1634420,37338580.00
2014-03-26,7.88,8.25,7.86,8.06,3764048,88470648.00
2014-03-27,7.97,8.04,7.65,7.69,2504887,57039448.00
2014-03-28,7.61,7.75,7.39,7.63,1924199,42233504.00
2014-03-31,7.59,7.96,7.55,7.78,1699651,38566956.00
2014-04-01,7.73,8.46,7.63,8.36,5170139,123167296.00
2014-04-02,8.38,8.48,8.03,8.28,4361999,104339488.00
2014-04-03,8.21,8.45,8.15,8.27,2354538,56914032.00
2014-04-04,8.24,8.35,8.16,8.27,1771464,42554784.00
2014-04-08,8.18,8.28,7.91,8.26,2034684,47933572.00
2014-04-09,8.25,8.55,8.21,8.37,2979090,72803320.00
2014-04-10,8.37,8.92,8.29,8.64,6547272,165470720.00
2014-04-11,8.49,8.67,8.46,8.58,2488920,61857444.00
2014-04-14,8.54,8.88,8.50,8.57,3519373,88815816.00
2014-04-15,8.60,8.70,8.18,8.24,2822910,69115920.00
2014-04-16,8.15,8.35,8.11,8.33,1767044,42330712.00
2014-04-17,8.32,8.35,8.21,8.25,1747509,41955048.00
2014-04-18,8.22,8.55,8.18,8.53,2591557,62851836.00
2014-04-21,8.41,8.69,8.38,8.46,2079178,51578044.00
2014-04-22,8.40,8.45,7.92,8.17,2599852,61770676.00
2014-04-23,8.10,8.21,7.64,7.71,3702674,84453488.00
2014-04-24,7.73,7.75,7.39,7.56,2810548,61707488.00
2014-04-25,7.52,7.67,7.50,7.52,1391425,30746530.00
2014-04-28,7.52,7.52,7.22,7.29,1640843,34962176.00
2014-04-29,7.27,7.44,7.22,7.39,2270345,48471556.00
2014-04-30,7.39,7.52,7.34,7.44,1382785,30003220.00
2014-05-05,7.40,7.64,7.40,7.64,1621782,35702684.00
2014-05-06,7.61,8.04,7.57,7.64,2407912,54332340.00
2014-05-07,7.59,7.59,7.31,7.36,2312474,49866788.00
2014-05-08,7.34,7.46,7.25,7.31,1219529,26185648.00
2014-05-09,7.34,7.37,6.91,7.20,3117980,64028424.00
2014-05-12,7.25,7.37,7.10,7.36,1643840,34763168.00
2014-05-13,7.34,7.47,7.24,7.30,1127344,24173026.00
2014-05-14,7.30,7.37,7.24,7.34,861038,18359266.00
2014-05-15,7.34,7.41,7.14,7.25,1301172,27616936.00
2014-05-16,7.20,7.23,6.95,7.02,1537515,31677648.00
2014-05-19,7.06,7.08,6.92,7.03,855201,17457350.00
2014-05-20,7.16,7.25,7.03,7.11,1341227,27925636.00
2014-05-21,7.06,7.27,7.04,7.27,1432974,30031622.00
2014-05-22,7.30,7.48,7.28,7.31,1819268,39171288.00
2014-05-23,7.30,7.46,7.23,7.45,1417870,23192600.00
2014-05-26,7.44,7.58,7.39,7.53,2035671,33926852.00
2014-05-27,7.52,7.72,7.41,7.41,2554326,42899172.00
2014-05-28,7.40,7.70,7.39,7.65,2530414,42524656.00
2014-05-29,7.62,7.69,7.51,7.54,1406979,23664508.00
2014-05-30,7.51,7.61,7.49,7.52,1139491,19110598.00
2014-06-03,7.49,7.66,7.48,7.53,1381083,23225226.00
2014-06-04,7.48,7.57,7.34,7.55,1758751,29108288.00
2014-06-05,7.46,7.70,7.46,7.69,1895986,32082236.00
2014-06-06,7.66,7.74,7.51,7.66,2071951,35048600.00
2014-06-09,7.65,7.70,7.49,7.59,1812141,30530244.00
2014-06-10,7.56,7.69,7.51,7.68,1844329,31234272.00
2014-06-11,7.67,7.86,7.64,7.76,2477958,42774524.00
2014-06-12,7.75,7.78,7.64,7.67,1239500,21146846.00
2014-06-13,7.61,7.80,7.61,7.77,2100220,36071732.00
2014-06-16,7.77,7.92,7.75,7.90,2908676,50691532.00
2014-06-17,7.89,7.94,7.80,7.80,1455750,25388538.00
2014-06-18,7.78,7.95,7.77,7.90,1943168,33957928.00
2014-06-19,7.95,7.95,7.44,7.56,1845850,31414744.00
2014-06-20,7.55,7.75,7.52,7.75,1495898,25357076.00
2014-06-23,7.74,8.05,7.73,7.93,2596268,45821704.00
2014-06-24,7.89,8.17,7.89,8.15,2816548,50391540.00
2014-06-25,8.20,8.25,8.07,8.21,2192619,39735320.00
2014-06-26,8.17,8.43,8.17,8.35,2338388,43392384.00
2014-06-27,8.50,8.51,8.19,8.25,2913033,53623236.00
2014-06-30,8.27,8.34,8.17,8.29,1524744,27929032.00
2014-07-01,8.30,8.50,8.23,8.46,2592226,48401824.00
2014-07-02,8.43,8.55,8.25,8.40,2091388,38826412.00
2014-07-03,8.38,8.44,8.28,8.35,1918444,35517540.00
2014-07-04,8.35,8.40,8.16,8.20,1430064,26125368.00
2014-07-07,8.18,8.27,8.10,8.24,1311375,23784290.00
2014-07-08,8.22,8.26,8.05,8.10,2781677,50001176.00
2014-07-09,8.10,8.18,7.82,7.84,3155411,56060448.00
2014-07-10,7.93,7.93,7.30,7.41,6502865,108226320.00
2014-07-11,7.52,7.59,7.34,7.43,5210986,86059824.00
2014-07-14,7.47,7.58,7.42,7.57,3019609,50283468.00
2014-07-15,7.58,7.62,7.37,7.49,3221426,53270132.00
2014-07-16,7.45,7.53,7.26,7.28,3337147,54547368.00
2014-07-17,7.31,7.38,7.28,7.33,2031212,33035924.00
2014-07-18,7.35,7.42,7.31,7.32,1983867,32450512.00
2014-07-21,7.27,7.45,7.27,7.33,2011417,32840480.00
2014-07-22,7.35,7.45,7.33,7.40,2613354,43029080.00
2014-07-23,7.45,7.45,7.20,7.21,2766239,44765568.00
2014-07-24,7.21,7.24,6.75,6.93,4250444,65708140.00
2014-07-25,6.94,7.01,6.85,6.97,2745228,42290048.00
2014-07-28,6.98,7.19,6.88,7.17,2484936,38853736.00
2014-07-29,7.19,7.33,7.12,7.27,3179321,51243812.00
2014-07-30,7.29,7.34,7.24,7.30,1914799,31000946.00
2014-07-31,7.33,7.33,7.19,7.30,2662878,42873980.00
2014-08-01,7.28,7.31,7.19,7.23,2704268,43532544.00
2014-08-04,7.23,7.30,7.21,7.26,2587628,41630872.00
2014-08-05,7.26,7.42,7.17,7.40,3925545,63919468.00
2014-08-06,7.38,7.73,7.35,7.62,5853904,98191400.00
2014-08-07,7.61,7.80,7.57,7.60,4897506,83553312.00
2014-08-08,7.62,7.72,7.60,7.71,3107364,52901156.00
2014-08-11,7.75,7.89,7.73,7.80,4442197,76896192.00
2014-08-12,7.80,7.83,7.71,7.79,2237782,38564240.00
2014-08-13,7.80,7.85,7.65,7.73,3079394,52961108.00
2014-08-14,7.72,7.79,7.58,7.60,3165293,53993336.00
2014-08-15,7.60,7.65,7.52,7.65,3034995,51190352.00
2014-08-18,7.74,8.14,7.74,8.11,6759182,119047592.00
2014-08-19,8.12,8.18,7.98,8.14,4698675,84287672.00
2014-08-20,8.10,8.11,7.94,8.00,3240998,57748936.00
2014-08-21,8.02,8.81,8.00,8.81,13424191,254990496.00
2014-08-22,8.80,8.80,8.11,8.66,12272789,233062688.00
2014-08-25,8.59,8.64,8.44,8.48,5020037,94821728.00
2014-08-26,8.44,8.53,8.11,8.19,5270176,96714656.00
2014-08-27,8.18,8.30,8.06,8.11,4322595,78438624.00
2014-08-28,8.16,8.25,8.07,8.23,3551496,64363696.00
2014-08-29,8.20,8.48,8.16,8.46,5248839,97639920.00
2014-09-01,8.47,8.64,8.44,8.59,5435358,102969400.00
2014-09-02,8.58,8.63,8.45,8.59,5366249,101574472.00
2014-09-03,8.59,8.73,8.45,8.60,5231655,99364064.00
2014-09-04,8.60,8.73,8.57,8.62,5755088,110177944.00
2014-09-05,8.68,8.73,8.50,8.57,3903501,74220008.00
2014-09-09,8.61,8.63,8.45,8.55,3222544,60942152.00
2014-09-10,8.51,8.56,8.39,8.54,3395306,63994584.00
2014-09-11,8.54,8.69,8.44,8.52,5208727,99180840.00
2014-09-12,8.45,8.56,8.39,8.52,3966856,74375712.00
2014-09-15,8.52,8.52,8.41,8.48,6205638,116259112.00
2014-09-16,8.45,8.62,8.26,8.43,8232587,154283168.00
2014-09-17,8.40,8.48,8.24,8.40,2917463,53935800.00
2014-09-18,8.37,8.50,8.32,8.40,2217950,41333084.00
2014-09-19,8.41,8.46,8.29,8.42,2654194,49348536.00
2014-09-22,8.42,8.65,8.34,8.65,6619583,125517544.00
2014-09-23,8.62,8.69,8.51,8.65,3817728,72882608.00
2014-09-24,8.65,8.66,8.54,8.65,4215608,80376248.00
2014-09-25,8.65,9.07,8.63,8.88,8969273,176880688.00
2014-09-26,8.75,8.95,8.75,8.90,3275100,64278500.00
2014-09-29,8.92,9.01,8.78,8.90,5184716,102100376.00
2014-09-30,8.87,9.24,8.84,9.17,5302754,106416584.00
2014-10-08,9.25,9.43,9.12,9.20,4339979,88886192.00
2014-10-09,9.18,9.20,8.86,9.02,4406385,87924208.00
2014-10-10,8.95,9.07,8.80,8.86,3634885,71858288.00
2014-10-13,8.82,8.84,8.68,8.78,2787756,53980560.00
2014-10-14,8.76,8.90,8.64,8.70,4039573,78460032.00
2014-10-15,8.75,8.95,8.66,8.86,3538602,69263624.00
2014-10-16,8.77,8.93,8.55,8.55,3901654,75634640.00
2014-10-17,8.55,8.67,8.35,8.64,3921687,73900072.00
2014-10-20,8.64,8.90,8.62,8.90,3252522,63676720.00
2014-10-21,8.90,9.04,8.72,8.73,2603964,51218528.00
2014-10-22,8.75,8.84,8.52,8.54,1840121,35419276.00
2014-10-23,8.55,8.62,8.36,8.42,2450400,46097820.00
2014-10-24,8.43,8.48,8.37,8.45,2060156,38467048.00
2014-10-27,8.48,8.80,8.40,8.80,2977699,57244052.00
2014-10-28,8.82,9.01,8.82,8.96,4166262,82582976.00
2014-10-29,8.98,9.02,8.87,8.96,3843619,76293928.00
2014-10-30,8.96,9.11,8.95,9.08,4585474,91834328.00
2014-10-31,9.05,9.09,8.78,8.91,3598711,70798992.00
2014-11-03,8.91,8.94,8.75,8.90,3074919,60358520.00
2014-11-04,8.90,8.95,8.64,8.69,3084894,60191552.00
2014-11-05,8.65,8.69,8.55,8.66,2186302,41746620.00
2014-11-06,8.62,8.81,8.62,8.77,1896729,36693284.00
2014-11-07,8.78,8.91,8.56,8.61,2740591,53234492.00
2014-11-10,8.70,8.72,8.48,8.56,2163311,40982988.00
2014-11-11,8.61,8.61,8.17,8.23,3128937,57790160.00
2014-11-12,8.22,8.33,8.18,8.30,1519005,27875474.00
2014-11-13,8.30,8.30,7.91,8.05,2995104,53522888.00
2014-11-14,8.05,8.26,7.93,7.96,2628529,47038172.00
2014-11-17,7.99,8.10,7.80,8.08,3456591,61441692.00
2014-11-18,8.05,8.20,8.00,8.18,1756035,31680414.00
2014-11-19,8.23,8.24,8.11,8.20,1786979,32437464.00
2014-11-20,8.18,8.18,7.98,8.00,1791531,31994872.00
2014-11-21,8.05,8.15,7.99,8.11,1823799,32695106.00
2014-11-24,8.14,8.39,8.14,8.25,2840042,52181320.00
2014-11-25,8.25,8.56,8.25,8.44,3908534,73338416.00
2014-11-26,8.44,8.65,8.32,8.47,3339366,63056144.00
2014-11-27,8.50,8.75,8.48,8.68,6529032,124770536.00
2014-11-28,8.68,8.79,8.60,8.71,5209269,100292968.00
2014-12-01,8.70,9.05,8.30,9.00,7601502,147258016.00
2014-12-02,8.93,9.25,8.85,9.15,6627393,134474336.00
2014-12-03,9.11,9.23,8.75,9.05,5464262,108485088.00
2014-12-04,9.10,9.25,8.87,9.08,7769741,155849120.00
2014-12-05,9.08,9.08,8.51,8.64,6902998,133202440.00
2014-12-08,8.43,8.60,8.29,8.39,6078318,113638848.00
2014-12-09,8.34,8.34,7.80,7.84,9281035,164406256.00
2014-12-10,7.80,8.11,7.66,7.86,7959825,139600800.00
2014-12-11,7.92,8.52,7.89,8.50,7834004,143448064.00
2014-12-12,8.56,8.78,8.50,8.61,5990800,114758304.00
2014-12-15,8.61,8.75,8.41,8.67,4269874,81872032.00
2014-12-16,8.67,8.70,8.50,8.66,3873809,73796168.00
2014-12-17,8.66,8.66,8.45,8.49,2725456,51388956.00
2014-12-18,8.49,8.64,8.39,8.40,2539872,47961840.00
2014-12-19,8.35,8.36,7.98,8.20,3690271,66476648.00
2014-12-22,8.19,8.19,7.58,7.59,4099296,71296832.00
2014-12-23,7.70,7.99,7.66,7.70,2858652,49230184.00
2014-12-24,7.80,7.99,7.75,7.93,2519960,44009792.00
2014-12-25,7.96,8.00,7.87,7.90,2272749,39979384.00
2014-12-26,7.97,7.97,7.75,7.80,1941183,33664160.00
2014-12-29,7.80,7.80,7.55,7.67,2793042,47414972.00
2014-12-30,7.66,7.75,7.48,7.52,1907687,32077782.00
2014-12-31,7.58,7.84,7.54,7.70,2558481,43816812.00
2015-01-05,7.70,7.77,7.56,7.74,2595050,44094928.00
2015-01-06,7.70,8.18,7.66,8.16,5247411,92036184.00
2015-01-07,8.11,8.20,7.83,7.86,6447240,114288792.00
2015-01-08,7.83,8.03,7.79,7.88,2719534,47923392.00
2015-01-09,7.82,8.05,7.82,7.86,3637036,64015320.00
2015-01-12,7.87,8.05,7.82,7.96,3812968,67317232.00
2015-01-13,7.89,8.55,7.88,8.40,7564978,138764624.00
2015-01-14,8.38,8.40,8.22,8.25,3138522,57904464.00
2015-01-15,8.30,8.41,8.05,8.15,2884563,52401520.00
2015-01-16,8.15,8.39,8.11,8.29,2209193,40424628.00
2015-01-19,8.35,8.69,8.21,8.36,6868170,129535384.00
2015-01-20,8.44,8.76,8.43,8.73,6713283,128514288.00
2015-01-21,8.80,9.00,8.70,8.71,7113749,139202448.00
2015-01-22,8.70,8.96,8.58,8.94,5169579,101644328.00
2015-01-23,8.93,8.96,8.59,8.60,4744486,92089664.00
2015-01-26,8.54,8.91,8.54,8.85,2968202,58018440.00
2015-01-27,8.85,8.97,8.80,8.89,3380119,66472320.00
2015-01-28,8.90,9.07,8.83,8.88,3746444,74392096.00
2015-01-29,8.79,8.86,8.62,8.64,2092598,40497940.00
2015-01-30,8.70,8.90,8.63,8.68,2612468,50628816.00
2015-02-02,8.57,8.75,8.39,8.43,3857032,73297448.00
2015-02-03,8.51,8.72,8.44,8.61,4894485,93417288.00
2015-02-04,8.60,8.70,8.48,8.55,3360293,63931136.00
2015-02-05,8.56,8.78,8.55,8.58,5724614,109950504.00
2015-02-06,8.53,8.60,8.13,8.20,5957659,109894784.00
2015-02-09,8.20,8.29,8.12,8.19,2291833,41793028.00
2015-02-10,8.24,8.39,8.05,8.31,2864913,52044168.00
2015-02-11,8.29,8.51,8.28,8.32,1977018,36894304.00
2015-02-12,8.36,8.55,8.36,8.40,2212501,41392568.00
2015-02-13,8.47,8.66,8.39,8.65,3948287,75165360.00
2015-02-16,8.65,8.94,8.61,8.87,4500804,87974680.00
2015-02-17,8.93,8.96,8.77,8.93,3022897,59479584.00
2015-02-25,8.93,9.10,8.77,8.93,3861683,76678880.00
2015-02-26,8.88,8.99,8.79,8.87,2666829,52413760.00
2015-02-27,8.89,9.55,8.84,9.38,7907546,161056496.00
2015-03-02,9.41,9.58,9.21,9.50,6600178,137467040.00
2015-03-03,9.42,9.52,9.15,9.34,5407806,112031072.00
2015-03-04,9.30,9.78,9.25,9.62,6449343,137622528.00
2015-03-05,9.59,9.65,9.33,9.40,4598160,96091264.00
2015-03-06,9.40,9.46,8.98,9.03,4357931,88362528.00
2015-03-09,8.98,9.36,8.98,9.21,4040406,82211152.00
2015-03-10,9.23,9.81,9.21,9.51,5758303,122135520.00
2015-03-11,9.51,9.86,9.38,9.70,5001538,107070408.00
2015-03-12,9.67,10.15,9.67,10.03,6938415,153071664.00
2015-03-13,9.98,10.80,9.97,10.59,6935400,159823024.00
2015-03-16,11.66,11.66,10.93,11.04,17821881,441419840.00
2015-03-17,11.15,11.24,10.94,11.11,10665011,261866144.00
2015-03-18,11.07,12.18,10.98,11.98,13284960,339213088.00
2015-03-19,11.87,12.11,11.62,11.90,7669111,200220768.00
2015-03-20,12.02,12.09,11.80,12.07,6620682,175620224.00
2015-03-23,12.23,12.93,12.23,12.45,9390743,260182944.00
2015-03-24,12.46,12.60,11.80,12.20,11765588,317667904.00
2015-03-25,12.20,12.65,11.95,12.51,10690646,292075648.00
2015-03-26,12.28,12.45,11.84,11.94,8876215,238239840.00
2015-03-27,11.80,12.11,11.75,12.00,5913496,155335600.00
2015-03-30,12.11,12.33,11.94,12.20,7084202,190426032.00
2015-03-31,12.15,12.48,11.96,12.34,9023184,243647056.00
2015-04-01,12.37,13.52,12.37,13.24,13299004,381248320.00
2015-04-02,13.25,14.00,13.06,13.92,11823615,352851648.00
2015-04-03,13.84,15.11,13.69,14.95,11243793,361055392.00
2015-04-07,15.14,15.84,14.75,15.57,10523906,357543040.00
2015-04-08,15.48,15.71,14.60,15.03,11292388,378034560.00
2015-04-09,14.96,15.33,13.66,14.74,10539959,339152512.00
2015-04-10,14.57,16.22,14.42,16.22,11151373,385126144.00
2015-04-13,16.48,17.16,16.30,16.70,10908819,402091264.00
2015-04-14,16.54,16.54,15.47,15.69,11720474,412759776.00
2015-04-15,15.39,15.39,14.11,14.11,12644413,407320352.00
2015-04-16,13.65,14.47,13.45,13.73,10431901,321030496.00
2015-04-17,14.25,14.39,13.66,13.97,9378796,290233120.00
2015-04-20,13.93,13.95,13.16,13.20,10493054,314377024.00
2015-04-21,13.14,14.53,13.13,14.53,11568500,356112320.00
2015-04-22,14.66,15.33,14.66,14.86,11750900,389970016.00
2015-04-23,14.82,14.93,14.39,14.47,11705721,377446880.00
2015-04-24,13.85,14.47,13.73,13.97,17418636,243782208.00
2015-04-27,14.12,14.35,13.54,13.61,21780064,301158016.00
2015-04-28,13.66,13.70,12.45,12.76,24560596,317183264.00
2015-04-29,12.80,13.08,12.68,12.91,15389913,198806016.00
2015-04-30,13.28,13.88,13.04,13.38,21313609,287996608.00
2015-05-04,13.23,13.47,12.91,13.06,12359790,161943296.00
2015-05-05,13.06,13.07,12.57,12.66,13150144,168145072.00
2015-05-06,12.79,13.16,12.56,12.66,14104577,181643232.00
2015-05-07,12.65,12.74,12.20,12.28,12431763,154464896.00
2015-05-08,12.53,13.43,12.53,13.40,22074336,283985056.00
2015-05-11,13.56,14.40,13.22,14.19,37071881,513442752.00
2015-05-12,14.11,14.39,13.69,14.20,31578704,443743520.00
2015-05-13,13.88,14.00,13.60,13.84,26603773,367198848.00
2015-05-14,13.73,14.75,13.61,14.48,38207634,546392512.00
2015-05-15,14.44,14.55,14.00,14.30,23273421,331366112.00
2015-05-18,14.22,15.73,14.22,15.40,39967128,601208704.00
2015-05-19,15.30,15.97,14.80,15.74,36040724,555038720.00
2015-05-20,15.74,17.25,15.58,16.55,38703440,646796992.00
2015-05-21,17.10,18.20,16.59,18.17,36668747,637457280.00
2015-05-22,18.68,18.90,17.00,17.17,48796946,860989696.00
2015-05-25,16.80,17.36,16.00,16.93,30858441,518943936.00
2015-05-26,16.84,17.62,16.78,17.50,31046677,541470976.00
2015-05-27,17.55,17.80,16.85,17.26,29081195,500997824.00
2015-05-28,17.30,17.99,16.53,16.53,32524378,564047808.00
2015-05-29,16.30,16.95,14.90,16.30,27016805,436002528.00
2015-06-01,16.30,17.10,16.20,17.01,24208838,405576896.00
2015-06-02,17.09,18.71,17.09,18.70,44441329,794087872.00
2015-06-03,18.73,19.26,17.86,18.41,39523018,735022784.00
2015-06-04,18.12,18.36,16.67,17.68,28353652,497549280.00
2015-06-05,17.80,18.43,17.28,18.13,27827541,501142272.00
2015-06-08,17.97,18.05,16.98,17.13,24784246,429049824.00
2015-06-09,16.98,17.44,16.68,16.96,19643466,334839136.00
2015-06-10,16.88,17.44,16.50,17.21,21834292,373322432.00
2015-06-11,17.10,17.68,17.04,17.47,24245979,420565504.00
2015-06-12,17.60,17.64,17.21,17.37,22143209,385240960.00
2015-06-15,17.32,17.45,16.50,16.59,22440229,377962176.00
2015-06-16,16.28,16.47,15.30,15.41,21814894,344215168.00
2015-06-17,15.35,15.93,14.64,15.80,20209691,310993472.00
2015-06-18,15.77,15.77,14.65,14.75,16621299,253829616.00
2015-06-19,14.55,14.66,13.28,13.28,16118571,223562656.00
2015-06-23,13.42,13.71,12.60,13.64,16804722,224649072.00
2015-06-24,13.80,14.30,13.78,14.30,19866776,279913696.00
2015-06-25,14.30,14.37,13.22,13.49,14389140,201110528.00
2015-06-26,13.01,13.33,12.14,12.14,21694970,274467328.00
2015-06-29,12.65,12.74,10.93,11.17,21995296,257245728.00
2015-06-30,11.17,12.29,10.80,12.29,22768506,264250464.00
2015-07-01,12.70,13.52,12.33,12.79,38409005,502808608.00
2015-07-02,13.05,13.52,12.31,13.25,32348154,425097664.00
2015-07-20,14.50,14.50,13.05,13.58,35143854,482631072.00
2015-07-21,13.10,13.59,12.90,13.37,19427666,258146416.00
2015-07-22,13.25,13.97,13.16,13.69,19944051,270736736.00
2015-07-23,14.14,14.14,13.68,13.98,23792943,331253696.00
2015-07-24,13.88,14.39,13.36,13.59,28868907,404661248.00
2015-07-27,13.18,13.38,12.23,12.23,22583632,289220736.00
2015-07-28,11.20,11.99,11.01,11.01,23632109,264216464.00
2015-07-29,11.24,11.50,10.10,11.46,23640796,255150832.00
2015-07-30,11.20,11.47,10.50,10.60,15971836,178001856.00
2015-07-31,10.38,10.60,10.01,10.18,15325561,158468272.00
2015-08-03,10.17,10.18,9.23,9.37,12905647,125110928.00
2015-08-04,9.50,10.31,9.39,10.31,14172465,140126192.00
2015-08-05,10.50,10.90,10.32,10.51,19491759,205989792.00
2015-08-06,10.35,10.75,10.13,10.53,10200591,107539928.00
2015-08-07,10.60,11.08,10.60,10.82,18075310,195797712.00
2015-08-10,10.90,11.56,10.89,11.53,19411731,218498688.00
2015-08-11,11.69,11.79,11.38,11.44,17589996,203089424.00
2015-08-12,11.30,11.48,11.05,11.06,13261399,149025232.00
2015-08-13,11.00,11.31,10.91,11.30,11372795,126412696.00
2015-08-14,11.46,11.57,11.23,11.34,12991953,148231136.00
2015-08-17,11.33,11.48,11.10,11.48,12202418,137902768.00
2015-08-18,11.55,12.63,11.42,12.42,66053257,825027712.00
2015-08-19,11.60,13.60,11.18,13.60,61859471,764790144.00
2015-08-20,13.20,14.10,12.72,12.72,48427656,653188096.00
2015-08-21,12.51,12.69,11.45,11.45,27865078,332214176.00
2015-08-24,10.80,10.83,10.31,10.31,12604625,130955608.00
2015-08-25,9.28,9.53,9.28,9.28,13490659,125618600.00
2015-08-26,9.40,9.58,8.35,8.35,22286877,196938112.00
2015-08-27,8.56,8.85,7.78,8.59,15989696,134708672.00
2015-08-28,8.70,9.38,8.60,9.30,17636899,156935440.00
2015-08-31,9.28,9.28,8.66,8.66,12888828,114995920.00
2015-09-01,8.50,8.51,7.79,7.80,12451707,99927920.00
2015-09-02,7.60,8.12,7.10,7.36,13485895,101959904.00
2015-09-07,7.60,7.92,7.52,7.67,10894043,84083048.00
2015-09-08,7.68,8.25,7.50,8.20,8806254,69270216.00
2015-09-09,8.35,8.73,8.16,8.61,14817212,126095360.00
2015-09-10,8.44,8.61,8.30,8.30,8735509,73812192.00
2015-09-11,8.30,8.52,8.25,8.46,7212055,60485300.00
2015-09-14,8.48,8.55,7.61,7.61,11068409,88248784.00
2015-09-15,7.41,7.69,6.95,7.01,9263498,67539336.00
2015-09-16,7.13,7.71,7.04,7.69,12586619,93192168.00
2015-09-17,7.76,7.98,7.42,7.48,13445631,103793504.00
2015-09-22,8.03,8.03,8.03,8.03,0,0.00
数据来源:通达信
