300307 慈星股份 日线 前复权
      日期	    开盘	    最高	    最低	    收盘	    成交量	    成交额
2012-03-29,14.64,15.35,14.56,14.66,14957020,458796384.00
2012-03-30,14.95,15.55,14.86,15.20,9388808,293873824.00
2012-04-05,15.18,15.43,14.61,15.30,6033353,186367024.00
2012-04-06,15.17,15.37,14.90,15.22,4026527,125529424.00
2012-04-09,15.14,15.14,14.80,14.80,3063433,94377024.00
2012-04-10,14.67,16.15,14.60,15.76,6020515,189579440.00
2012-04-11,15.56,15.93,15.40,15.52,4567973,146860848.00
2012-04-12,15.55,15.68,15.36,15.65,3356503,107472280.00
2012-04-13,15.65,15.78,15.46,15.61,3109906,99869864.00
2012-04-16,15.45,15.45,15.00,15.05,4156574,130086048.00
2012-04-17,15.19,15.24,14.94,15.07,2379193,73843328.00
2012-04-18,15.15,15.36,14.99,15.29,2512191,78755928.00
2012-04-19,15.21,15.74,15.21,15.43,3268940,104545024.00
2012-04-20,15.45,15.61,15.27,15.49,2385281,75803120.00
2012-04-23,15.57,15.65,14.91,14.98,3409570,106516056.00
2012-04-24,14.94,15.45,14.70,15.43,3680507,114488312.00
2012-04-25,15.30,15.64,15.23,15.45,2892440,92057968.00
2012-04-26,15.38,15.55,15.27,15.27,1966654,62379628.00
2012-04-27,15.26,15.49,15.06,15.26,1932056,60726652.00
2012-05-02,15.48,15.66,15.30,15.55,2853475,91051696.00
2012-05-03,15.54,15.69,15.42,15.62,2659471,85275096.00
2012-05-04,15.59,15.78,15.48,15.64,2620470,84280704.00
2012-05-07,15.57,15.58,15.30,15.50,3040697,96512304.00
2012-05-08,15.49,16.00,15.39,15.87,4873685,157722880.00
2012-05-09,15.75,16.14,15.61,15.68,3759758,122848280.00
2012-05-10,15.68,15.80,15.59,15.64,2212848,71339392.00
2012-05-11,15.72,15.72,15.29,15.29,2518271,80151048.00
2012-05-14,15.43,15.44,15.20,15.21,1546003,48706300.00
2012-05-15,15.07,15.28,15.06,15.22,973446,30385900.00
2012-05-16,15.20,15.27,14.95,14.97,1174716,36574176.00
2012-05-17,15.05,15.14,14.93,15.10,1155809,35831100.00
2012-05-18,15.04,15.04,14.78,14.80,1737124,53310096.00
2012-05-21,14.83,14.93,14.73,14.85,827166,25290684.00
2012-05-22,14.91,15.02,14.90,14.97,911893,28095816.00
2012-05-23,14.90,14.97,14.80,14.88,849386,26018192.00
2012-05-24,14.90,15.17,14.86,14.88,1104586,34145724.00
2012-05-25,14.91,14.97,14.70,14.73,957210,29194564.00
2012-05-28,14.73,14.88,14.59,14.84,1000180,30389002.00
2012-05-29,14.80,15.04,14.80,15.00,980950,30228164.00
2012-05-30,15.01,15.01,14.87,14.89,899123,27640904.00
2012-05-31,14.86,14.92,14.68,14.89,1218892,37179092.00
2012-06-01,14.88,14.94,14.71,14.75,1075456,32860272.00
2012-06-04,14.60,14.68,14.07,14.07,2361037,70364152.00
2012-06-05,14.08,14.20,13.94,13.94,1513362,43804132.00
2012-06-06,13.95,14.06,13.94,14.00,719026,20759590.00
2012-06-07,14.12,14.18,13.76,13.80,1167847,33718868.00
2012-06-08,13.95,13.95,13.63,13.71,1095991,31150668.00
2012-06-11,13.76,13.95,13.68,13.88,855428,24431236.00
2012-06-12,13.84,13.98,13.67,13.92,944468,26937188.00
2012-06-13,13.99,14.10,13.86,14.06,978234,28283240.00
2012-06-14,14.06,14.20,13.93,13.96,994046,28892214.00
2012-06-15,13.97,14.11,13.82,14.01,601111,17350848.00
2012-06-18,14.05,14.19,13.95,14.19,1008469,29416452.00
2012-06-19,14.18,14.18,14.00,14.04,640299,18592170.00
2012-06-20,14.08,14.15,13.95,14.01,846534,24505554.00
2012-06-21,14.00,14.00,13.75,13.82,711627,20330546.00
2012-06-25,13.81,13.85,13.36,13.43,841550,23640000.00
2012-06-26,13.35,13.55,13.35,13.48,639653,17808756.00
2012-06-27,13.48,13.86,13.43,13.64,1052552,29745050.00
2012-06-28,13.68,13.73,13.38,13.38,712711,19971994.00
2012-06-29,13.36,13.42,12.93,13.00,2515619,68134624.00
2012-07-02,13.07,13.29,13.05,13.14,1689228,45948548.00
2012-07-03,13.18,13.64,13.11,13.55,1990751,55395632.00
2012-07-04,13.50,13.69,13.28,13.40,1469156,40870728.00
2012-07-05,14.79,14.79,14.76,14.79,11882626,362061120.00
2012-07-06,14.79,15.24,14.68,15.01,14822240,455798688.00
2012-07-09,14.80,15.14,14.68,14.77,7991880,245016384.00
2012-07-10,14.60,14.64,13.73,13.76,6448359,187257536.00
2012-07-11,13.56,13.94,13.43,13.69,3785281,106721120.00
2012-07-12,13.69,13.69,13.33,13.57,5824054,162588160.00
2012-07-13,12.55,12.55,12.17,12.17,6537114,165779872.00
2012-07-16,11.56,11.73,10.93,10.95,5500553,128956096.00
2012-07-17,10.93,11.21,10.76,11.09,2349925,54131076.00
2012-07-18,11.05,11.08,10.81,11.05,2131028,48539128.00
2012-07-19,11.18,11.65,11.11,11.34,3907796,92642008.00
2012-07-20,11.43,11.60,11.23,11.25,2543982,60259032.00
2012-07-23,11.12,11.15,10.80,11.00,1632555,37344216.00
2012-07-24,10.91,11.20,10.88,11.10,1338523,30825756.00
2012-07-25,11.00,11.44,10.90,11.16,2211851,51681348.00
2012-07-26,11.11,11.19,10.93,10.96,1709605,39335684.00
2012-07-27,11.02,11.15,10.99,11.04,1313728,30214046.00
2012-07-30,11.10,11.32,11.05,11.13,2034731,47358224.00
2012-07-31,11.14,11.15,10.15,10.35,2357421,51884920.00
2012-08-01,10.38,10.70,10.31,10.53,1285510,28251460.00
2012-08-02,10.49,10.58,10.36,10.40,959895,20914354.00
2012-08-03,10.41,10.90,10.41,10.82,2056380,45982660.00
2012-08-06,10.75,11.07,10.65,11.02,2004436,45427536.00
2012-08-07,11.05,11.14,10.95,11.07,1776713,40826140.00
2012-08-08,11.06,11.44,10.98,11.29,2825580,66233972.00
2012-08-09,11.26,11.54,11.15,11.54,3064659,72276192.00
2012-08-10,11.54,11.70,11.40,11.66,2911145,70034176.00
2012-08-14,11.79,12.55,11.59,11.99,7504268,188201680.00
2012-08-15,11.74,11.76,11.18,11.21,4431924,104986200.00
2012-08-16,11.19,11.45,11.08,11.08,1653884,38630504.00
2012-08-17,11.07,11.19,10.98,11.07,1103923,25431214.00
2012-08-20,11.05,11.09,10.86,11.04,1107735,25258072.00
2012-08-21,10.98,11.28,10.97,11.22,1725469,40178628.00
2012-08-22,11.23,11.41,11.17,11.24,1616570,37965536.00
2012-08-23,11.24,11.35,11.16,11.33,1333103,31260566.00
2012-08-24,11.25,11.36,10.96,10.97,1199427,27748902.00
2012-08-27,10.96,10.96,10.51,10.56,1116691,24810512.00
2012-08-28,10.61,10.84,10.57,10.70,934498,20797520.00
2012-08-29,10.70,10.90,10.61,10.72,956901,21525376.00
2012-08-30,10.73,10.91,10.46,10.70,1139422,25449068.00
2012-08-31,10.58,10.83,10.56,10.82,801937,17926682.00
2012-09-03,10.77,11.09,10.71,11.09,1264654,28869556.00
2012-09-04,11.08,11.15,10.92,10.95,1073197,24589756.00
2012-09-05,10.96,11.09,10.88,11.05,1038190,23804432.00
2012-09-06,11.07,11.13,10.98,11.09,1148679,26439656.00
2012-09-07,11.17,11.50,11.09,11.41,2961061,69918648.00
2012-09-10,11.40,11.55,11.32,11.45,1925445,45720124.00
2012-09-11,11.40,11.40,11.28,11.31,1358743,31958122.00
2012-09-12,11.37,11.43,11.19,11.31,1302104,30549816.00
2012-09-13,11.35,11.35,11.13,11.13,1085326,25389148.00
2012-09-14,11.20,11.25,10.93,11.02,1229983,28331740.00
2012-09-17,11.01,11.01,10.64,10.64,1067720,24017656.00
2012-09-18,10.64,10.78,10.64,10.68,636162,14189954.00
2012-09-19,10.73,10.77,10.64,10.76,711716,15865810.00
2012-09-20,10.95,11.19,10.80,10.84,3665378,83889816.00
2012-09-21,10.78,10.78,10.41,10.46,1370479,30157978.00
2012-09-24,10.40,10.60,10.20,10.53,798898,17373468.00
2012-09-25,10.53,10.62,10.06,10.10,1825297,39120884.00
2012-09-26,9.88,9.89,9.07,9.07,5040070,48203348.00
2012-09-27,9.01,9.28,8.86,9.12,4105760,38051428.00
2012-09-28,9.10,9.26,8.94,9.18,2388555,22282504.00
2012-10-08,9.19,9.25,8.98,9.10,1590171,14772481.00
2012-10-09,9.10,9.36,9.10,9.34,2472541,23476516.00
2012-10-10,9.35,9.54,9.25,9.49,2933638,28218634.00
2012-10-11,9.45,10.39,9.38,9.85,7420192,75036008.00
2012-10-12,9.70,9.90,9.52,9.66,3797815,37611732.00
2012-10-15,9.41,9.41,8.81,8.88,5377900,49354988.00
2012-10-16,8.90,9.00,8.85,8.90,1810997,16535219.00
2012-10-17,8.94,9.03,8.83,8.95,1837002,16715005.00
2012-10-18,9.00,9.06,8.90,9.04,2404043,22143110.00
2012-10-19,9.04,9.14,9.03,9.08,1790995,16625175.00
2012-10-22,9.05,9.12,8.94,9.12,1432113,13266744.00
2012-10-23,9.15,9.22,8.95,8.98,1640848,15194718.00
2012-10-24,8.91,9.00,8.85,8.89,1030112,9399491.00
2012-10-25,8.89,9.01,8.86,8.87,1107907,10085957.00
2012-10-26,8.85,8.90,8.38,8.44,2961868,25955144.00
2012-10-29,8.48,8.48,8.28,8.32,1246696,10672395.00
2012-10-30,8.32,8.39,8.19,8.23,1213617,10290095.00
2012-10-31,8.23,8.27,8.13,8.20,1193705,10003886.00
2012-11-01,8.21,8.38,8.20,8.35,1551822,13226035.00
2012-11-02,8.38,8.39,8.31,8.36,1083354,9264786.00
2012-11-05,8.37,8.40,8.20,8.21,1510518,12772669.00
2012-11-06,8.21,8.24,8.02,8.11,1453810,12067289.00
2012-11-07,8.14,8.15,8.06,8.08,761633,6317723.00
2012-11-08,8.02,8.02,7.71,7.71,2139581,17245894.00
2012-11-09,7.71,7.77,7.65,7.66,1091058,8621094.00
2012-11-12,7.66,7.72,7.63,7.71,986961,7778777.50
2012-11-13,7.70,8.20,7.63,7.78,3445616,27927380.00
2012-11-14,7.60,7.76,7.51,7.63,2286008,17811566.00
2012-11-15,7.57,7.62,7.34,7.36,1640097,12601494.00
2012-11-16,7.36,7.38,7.25,7.29,1046533,7838469.00
2012-11-19,7.27,7.39,7.21,7.36,797382,5988713.00
2012-11-20,7.39,7.47,7.33,7.35,859311,6515624.50
2012-11-21,7.40,7.43,7.20,7.43,1236869,9313858.00
2012-11-22,7.38,7.40,7.23,7.32,923385,6955541.50
2012-11-23,7.32,7.40,7.27,7.29,891084,6713571.00
2012-11-26,7.24,7.33,7.20,7.20,677232,5056608.50
2012-11-27,7.19,7.20,6.85,6.85,1521300,10877829.00
2012-11-28,6.84,6.87,6.68,6.71,1273986,8861541.00
2012-11-29,6.75,6.76,6.59,6.59,1130278,7769822.00
2012-11-30,6.63,6.71,6.56,6.68,1007687,6906037.00
2012-12-03,6.68,6.70,6.31,6.33,1312383,8827230.00
2012-12-04,6.33,6.52,6.26,6.45,1710367,11227744.00
2012-12-05,6.44,6.79,6.42,6.65,2206234,15137740.00
2012-12-06,6.61,6.79,6.61,6.67,1435647,9878764.00
2012-12-07,6.64,7.18,6.63,7.10,5281569,37641132.00
2012-12-10,7.05,7.37,7.02,7.30,7104225,52969332.00
2012-12-11,7.28,7.28,7.06,7.07,3545231,26008916.00
2012-12-12,7.02,7.10,6.86,6.98,2796000,20023666.00
2012-12-13,6.97,7.19,6.89,6.91,2008219,14538261.00
2012-12-14,6.92,7.62,6.92,7.62,8989261,68251472.00
2012-12-17,7.50,7.64,7.46,7.60,7297732,56586028.00
2012-12-18,7.58,7.70,7.40,7.62,4878552,37715032.00
2012-12-19,7.50,7.74,7.47,7.64,5572516,43588004.00
2012-12-20,7.60,7.93,7.57,7.89,8000096,63923348.00
2012-12-21,7.95,8.04,7.71,7.81,6985512,56351524.00
2012-12-24,7.73,7.85,7.70,7.76,3710347,29600552.00
2012-12-25,7.74,8.26,7.73,8.12,8306472,68671624.00
2012-12-26,8.09,8.95,8.08,8.95,13805505,121586904.00
2012-12-27,9.10,9.25,8.48,8.51,14057623,126973632.00
2012-12-28,8.46,8.95,8.45,8.84,9361052,84149720.00
2012-12-31,9.00,9.23,8.71,8.80,7457538,68270928.00
2013-01-04,8.85,8.98,8.50,8.66,5276700,47010592.00
2013-01-07,8.55,8.78,8.40,8.78,4411728,38788696.00
2013-01-08,8.71,8.94,8.57,8.84,5588607,50063608.00
2013-01-09,8.78,9.14,8.75,9.07,8416961,77156080.00
2013-01-10,9.01,9.14,8.84,8.94,5713594,52420348.00
2013-01-11,8.95,9.04,8.58,8.59,5679997,50994720.00
2013-01-14,8.55,9.04,8.45,8.99,6087332,54796720.00
2013-01-15,8.99,9.17,8.97,9.14,7079760,65567188.00
2013-01-16,9.14,9.15,8.67,8.84,6792938,61743404.00
2013-01-17,8.84,8.87,8.69,8.78,3552187,31908692.00
2013-01-18,8.83,8.93,8.69,8.93,4510341,40786896.00
2013-01-21,8.91,8.95,8.80,8.88,2959368,26810048.00
2013-01-22,8.90,9.05,8.74,8.77,3759223,34213692.00
2013-01-23,8.76,8.77,8.42,8.53,3904840,34235940.00
2013-01-24,8.53,8.70,8.16,8.18,4028895,34882272.00
2013-01-25,8.18,8.29,8.10,8.11,1849390,15511622.00
2013-01-28,8.13,8.47,8.13,8.40,2646934,22680610.00
2013-01-29,8.45,8.45,8.33,8.45,2133326,18340278.00
2013-01-30,8.46,8.46,8.20,8.35,2244042,19164620.00
2013-01-31,8.37,8.38,8.22,8.29,1257031,10649275.00
2013-02-01,8.28,8.43,8.21,8.40,1809134,15505061.00
2013-02-04,8.43,8.53,8.31,8.37,1952456,16852814.00
2013-02-05,8.29,8.42,8.20,8.36,1777968,15159452.00
2013-02-06,8.39,8.64,8.37,8.52,2378077,20773006.00
2013-02-07,8.53,8.56,8.44,8.54,1486472,12916928.00
2013-02-08,8.51,8.70,8.50,8.68,2503070,22106816.00
2013-02-18,8.72,8.79,8.64,8.71,2386048,21231612.00
2013-02-19,8.70,8.70,8.35,8.36,2815585,24440282.00
2013-02-20,8.30,8.46,8.15,8.44,3619251,30703026.00
2013-02-21,8.38,8.38,8.17,8.20,2612452,22072564.00
2013-02-22,8.18,8.30,8.18,8.21,1632913,13768144.00
2013-02-25,8.21,8.30,8.21,8.30,1276786,10810317.00
2013-02-26,8.27,8.31,7.83,7.84,3393910,28105676.00
2013-02-27,7.92,7.97,7.55,7.63,4028730,32029294.00
2013-02-28,7.67,7.83,7.63,7.80,2448977,19473194.00
2013-03-01,7.81,7.97,7.81,7.95,2477498,20088256.00
2013-03-04,7.98,7.98,7.61,7.63,2581386,20665668.00
2013-03-05,7.64,7.87,7.55,7.86,1792269,14231969.00
2013-03-06,7.87,8.10,7.83,8.06,2987007,24391216.00
2013-03-07,8.01,8.13,7.87,7.91,2579997,21162566.00
2013-03-08,7.95,7.97,7.81,7.84,1627750,13165988.00
2013-03-11,7.82,7.94,7.82,7.87,945428,7637751.50
2013-03-12,7.83,7.90,7.47,7.51,2323439,18228268.00
2013-03-13,7.53,7.53,7.26,7.31,2425406,18275512.00
2013-03-14,7.27,7.45,7.27,7.37,1539656,11701896.00
2013-03-15,7.38,7.55,7.32,7.38,2167216,16545779.00
2013-03-18,7.37,7.41,7.26,7.28,1124696,8458846.00
2013-03-19,7.32,7.34,7.16,7.26,980700,7293777.00
2013-03-20,7.26,7.59,7.23,7.57,2349514,17907734.00
2013-03-21,7.58,7.70,7.49,7.63,1891284,14719730.00
2013-03-22,7.61,7.68,7.50,7.56,1245173,9649879.00
2013-03-25,7.53,7.69,7.51,7.63,1799415,14041712.00
2013-03-26,7.60,7.66,7.46,7.47,1625775,12564364.00
2013-03-27,7.47,8.21,7.31,7.97,10307743,83360704.00
2013-03-28,7.83,8.09,7.75,7.83,10552671,85781544.00
2013-03-29,7.89,8.04,7.49,7.52,5631362,44609984.00
2013-04-01,7.40,7.40,6.91,7.00,6159572,45011220.00
2013-04-02,7.02,7.05,6.90,6.91,2555760,18299190.00
2013-04-03,6.97,6.98,6.70,6.83,1792680,12582252.00
2013-04-08,6.77,6.77,6.57,6.74,1460400,10035240.00
2013-04-09,6.72,6.90,6.69,6.88,1428532,10051301.00
2013-04-10,6.89,6.89,6.80,6.86,1028434,7234110.00
2013-04-11,6.90,6.92,6.81,6.81,867167,6116403.50
2013-04-12,6.81,6.88,6.75,6.76,693895,4866920.50
2013-04-15,6.78,6.78,6.61,6.63,781488,5366902.00
2013-04-16,6.60,6.72,6.53,6.70,895553,6102963.00
2013-04-17,6.70,6.76,6.67,6.75,605210,4183479.00
2013-04-18,6.73,6.98,6.70,6.96,2116589,14981203.00
2013-04-19,6.97,7.04,6.88,7.00,2470937,17714292.00
2013-04-22,6.95,6.98,6.85,6.97,1839273,13062483.00
2013-04-23,6.94,6.97,6.73,6.75,1336897,9381239.00
2013-04-24,6.77,6.88,6.73,6.84,1283045,9005799.00
2013-04-25,6.85,6.88,6.70,6.70,1480211,10346429.00
2013-04-26,6.74,6.81,6.65,6.65,1049714,7279167.00
2013-05-02,6.65,6.78,6.63,6.78,623155,4326217.50
2013-05-03,6.78,6.96,6.78,6.92,1427184,10141884.00
2013-05-06,6.92,7.42,6.91,7.33,5462024,40651560.00
2013-05-07,7.31,7.35,7.15,7.21,1970334,14640673.00
2013-05-08,7.19,7.54,7.19,7.39,4401066,33497994.00
2013-05-09,7.38,7.50,7.27,7.49,3185474,24170540.00
2013-05-10,7.41,7.60,7.35,7.56,3249919,25088288.00
2013-05-13,7.56,7.79,7.52,7.71,3090794,24266832.00
2013-05-14,7.75,7.93,7.38,7.45,3978871,31239362.00
2013-05-15,7.40,7.65,7.36,7.59,1884666,14562712.00
2013-05-16,7.55,8.04,7.55,7.89,7116326,57483436.00
2013-05-17,7.80,8.16,7.80,8.13,5237405,43112144.00
2013-05-20,8.15,8.54,8.02,8.46,7128808,61230764.00
2013-05-21,8.48,8.90,8.48,8.85,8303717,74272104.00
2013-05-22,8.90,8.95,8.51,8.68,6152878,54756868.00
2013-05-23,8.66,8.69,8.20,8.30,6826035,58699340.00
2013-05-24,8.32,8.91,8.32,8.91,8244258,73467488.00
2013-05-27,9.22,9.59,8.91,9.32,13778908,130222304.00
2013-05-28,9.23,9.23,8.80,8.91,6680516,61208976.00
2013-05-29,8.85,9.13,8.81,8.94,4921886,45092844.00
2013-05-30,8.98,8.98,8.76,8.86,3827971,34669348.00
2013-05-31,8.86,8.94,8.50,8.52,5307679,46858452.00
2013-06-03,8.52,8.76,8.51,8.57,2804019,24438694.00
2013-06-04,8.52,8.71,8.13,8.29,3663962,31101590.00
2013-06-05,8.28,8.60,8.28,8.41,2252536,19189644.00
2013-06-06,8.43,8.47,8.10,8.24,2410723,20144964.00
2013-06-07,8.26,8.70,8.23,8.69,5788630,49785096.00
2013-06-13,8.80,9.35,8.75,9.04,14428216,131458104.00
2013-06-14,8.93,9.49,8.78,9.28,11557429,108057896.00
2013-06-17,9.18,9.41,9.03,9.15,8329357,77716016.00
2013-06-18,9.08,9.15,8.41,8.67,9531189,84200264.00
2013-06-19,8.58,8.86,8.52,8.85,3732824,33035668.00
2013-06-20,8.80,8.80,8.15,8.25,5148320,43996660.00
2013-06-21,8.16,8.16,7.79,7.87,4404088,35302476.00
2013-06-24,7.87,8.03,7.42,7.69,4544008,35905268.00
2013-06-25,7.54,7.76,6.91,7.50,4715573,34967664.00
2013-06-26,7.53,8.03,7.37,7.96,4546107,35856584.00
2013-06-27,7.91,8.27,7.90,7.96,4868955,39710224.00
2013-06-28,7.90,8.13,7.70,7.80,2572915,20573306.00
2013-07-01,7.71,7.98,7.70,7.95,1558279,12462114.00
2013-07-02,7.90,8.24,7.90,8.19,4080837,33420794.00
2013-07-03,8.13,8.25,7.91,8.17,4008738,32847610.00
2013-07-04,8.08,8.37,8.08,8.18,3346776,27944602.00
2013-07-05,8.20,8.27,7.88,7.88,4105308,33185016.00
2013-07-08,7.78,7.78,7.32,7.40,3142295,23876682.00
2013-07-09,7.35,7.54,7.32,7.42,1533984,11508281.00
2013-07-10,7.42,7.66,7.33,7.60,2032912,15509434.00
2013-07-11,7.60,7.89,7.58,7.78,2688130,21160806.00
2013-07-12,7.74,7.90,7.62,7.65,2132779,16755246.00
2013-07-15,7.63,7.86,7.61,7.85,2892669,22764700.00
2013-07-16,7.85,8.13,7.80,8.13,4842769,39420112.00
2013-07-17,8.13,8.35,8.02,8.14,4486295,37282224.00
2013-07-18,8.14,8.32,8.02,8.22,3787895,31390640.00
2013-07-19,8.32,8.34,8.14,8.14,3362074,28016926.00
2013-07-22,8.14,8.44,7.98,8.41,2826659,23721178.00
2013-07-23,8.42,8.69,8.32,8.62,5183086,44780024.00
2013-07-24,8.65,8.65,8.35,8.53,3007040,25808642.00
2013-07-25,8.53,8.55,7.96,8.03,3671362,30518928.00
2013-07-26,8.04,8.44,8.00,8.22,4310441,36012092.00
2013-07-29,8.15,8.21,7.81,7.90,2981065,24087190.00
2013-07-30,7.90,8.19,7.81,8.03,2193211,17681902.00
2013-07-31,8.03,8.17,7.95,8.03,1776296,14515474.00
2013-08-01,8.03,8.41,8.03,8.37,5126141,42981892.00
2013-08-02,8.35,8.69,8.30,8.43,5614411,48443372.00
2013-08-05,8.44,8.64,8.44,8.56,3362068,29082620.00
2013-08-06,8.59,8.94,8.53,8.88,6580807,58506496.00
2013-08-07,8.89,8.94,8.62,8.65,4096508,36211308.00
2013-08-08,8.65,9.02,8.65,8.90,5017880,45007844.00
2013-08-09,8.93,8.97,8.75,8.87,3140008,28087494.00
2013-08-12,8.82,8.96,8.56,8.78,3637047,32245926.00
2013-08-13,8.73,8.84,8.61,8.80,2175701,19211640.00
2013-08-14,8.79,9.00,8.64,8.97,4731825,42393064.00
2013-08-15,8.98,9.15,8.87,9.05,5930053,54347444.00
2013-08-16,9.05,9.05,8.55,8.55,4153387,36836044.00
2013-08-19,8.55,9.12,8.50,9.09,5437660,49129712.00
2013-08-20,9.11,9.57,9.03,9.48,12680371,120214312.00
2013-08-21,9.50,9.57,9.35,9.40,6488506,62133588.00
2013-08-22,9.35,9.70,9.20,9.64,7380737,70766640.00
2013-08-23,9.65,9.76,9.41,9.68,6654776,64768288.00
2013-08-26,9.79,9.84,9.57,9.62,4774567,46792040.00
2013-08-27,9.65,9.70,9.35,9.45,4288408,41019736.00
2013-08-28,9.45,9.55,9.25,9.36,3873237,36671464.00
2013-08-29,9.28,9.44,9.20,9.24,3298534,30928230.00
2013-08-30,9.25,9.43,8.89,8.97,3701805,34371724.00
2013-09-02,8.97,9.06,8.70,9.00,4356290,39212272.00
2013-09-03,8.97,9.15,8.97,9.03,3730892,34073424.00
2013-09-04,9.02,9.08,8.84,8.92,4055332,36748252.00
2013-09-05,8.92,9.22,8.85,9.10,4278812,39204752.00
2013-09-06,9.04,9.21,8.83,8.84,5805878,52656164.00
2013-09-09,8.84,8.84,8.45,8.60,6800314,59128816.00
2013-09-10,8.65,8.65,8.51,8.56,4301931,37218164.00
2013-09-11,8.58,8.67,8.56,8.61,3138592,27309942.00
2013-09-12,8.64,8.77,8.60,8.63,2702497,23750920.00
2013-09-13,8.66,8.79,8.60,8.72,3530850,31095766.00
2013-09-16,8.73,8.95,8.69,8.81,3778641,33710900.00
2013-09-17,8.80,8.84,8.31,8.34,4453033,38440328.00
2013-09-18,8.34,8.50,8.32,8.47,2142888,18250242.00
2013-09-23,8.42,8.62,8.40,8.58,2792160,24079364.00
2013-09-24,8.55,8.57,8.40,8.48,1656781,14190851.00
2013-09-25,8.47,8.61,8.43,8.52,2291047,19790310.00
2013-09-26,8.52,8.52,8.37,8.37,1789305,15295627.00
2013-09-27,8.36,8.45,8.28,8.30,1656096,13975512.00
2013-09-30,8.35,8.38,8.27,8.35,1548932,13052021.00
2013-10-08,8.34,8.61,8.34,8.59,2262373,19454936.00
2013-10-09,8.58,8.69,8.49,8.68,1912903,16721177.00
2013-10-10,8.69,8.74,8.52,8.61,1771378,15454388.00
2013-10-11,8.62,8.72,8.58,8.66,2003996,17532474.00
2013-10-14,8.67,8.75,8.66,8.71,2078171,18318058.00
2013-10-15,8.75,8.76,8.56,8.64,1812898,15829407.00
2013-10-16,8.58,8.66,8.27,8.29,2107360,17862544.00
2013-10-17,8.32,8.43,8.32,8.36,1118406,9465327.00
2013-10-18,8.36,8.43,8.30,8.40,1595108,13479863.00
2013-10-21,8.40,8.52,8.34,8.50,2132878,18228464.00
2013-10-22,8.52,8.60,8.43,8.50,2216552,19109376.00
2013-10-23,8.48,8.55,8.28,8.34,2007457,17069722.00
2013-10-24,8.34,8.34,8.07,8.11,2136074,17710962.00
2013-10-25,8.14,8.16,7.82,7.86,1947680,15661878.00
2013-10-28,7.87,8.03,7.87,8.01,1030761,8332857.00
2013-10-29,8.01,8.17,7.80,8.00,1924607,15582270.00
2013-10-30,8.00,8.20,8.00,8.18,1465224,12024087.00
2013-10-31,8.18,8.24,8.07,8.08,960512,7927259.50
2013-11-01,8.10,8.14,8.02,8.10,850137,6957002.50
2013-11-04,8.15,8.29,8.11,8.21,1096294,9129902.00
2013-11-05,8.25,8.67,8.21,8.64,6622126,57210016.00
2013-11-06,8.55,8.64,8.46,8.48,3293235,28480766.00
2013-11-07,8.54,8.75,8.46,8.58,3793047,33091348.00
2013-11-08,8.58,8.65,8.51,8.58,1945106,16885268.00
2013-11-11,8.60,8.91,8.59,8.87,6552728,58398404.00
2013-11-12,8.85,8.91,8.72,8.80,3420387,30514478.00
2013-11-13,8.75,8.88,8.52,8.52,2802093,24514396.00
2013-11-14,8.51,8.75,8.38,8.64,3804461,33037872.00
2013-11-15,8.56,8.93,8.45,8.80,9707315,86046720.00
2013-11-18,8.82,9.10,8.66,8.78,10026605,90254016.00
2013-11-19,8.74,8.78,8.61,8.71,5523688,48464976.00
2013-11-20,8.71,9.05,8.68,8.99,8035697,72612128.00
2013-11-21,8.95,9.10,8.86,9.05,6218024,56623184.00
2013-11-22,9.00,9.04,8.79,8.86,5193439,46765640.00
2013-11-25,8.86,8.96,8.73,8.84,3276330,29350526.00
2013-11-26,8.87,9.05,8.84,9.02,5013310,45441004.00
2013-11-27,8.99,9.09,8.92,8.94,4634311,42150444.00
2013-11-28,8.94,9.13,8.94,9.00,4550879,41591544.00
2013-11-29,9.05,9.38,8.96,9.29,8330943,77702552.00
2013-12-02,9.00,9.08,8.40,8.42,9952192,87908016.00
2013-12-03,8.35,8.66,8.32,8.62,3123959,27001868.00
2013-12-04,8.56,8.99,8.56,8.79,5135045,45685692.00
2013-12-05,8.76,8.81,8.55,8.60,4566257,39860664.00
2013-12-06,8.56,8.85,8.56,8.73,3806897,33577244.00
2013-12-09,8.79,9.60,8.75,9.47,15059839,142801616.00
2013-12-10,9.32,9.46,9.29,9.32,5673486,53587344.00
2013-12-11,9.60,9.79,9.20,9.40,13124709,125776608.00
2013-12-12,9.43,10.35,9.43,10.35,23441107,237937024.00
2013-12-13,10.65,11.32,10.40,11.10,37382516,408240032.00
2013-12-16,10.90,11.34,10.54,10.73,26142776,288623392.00
2013-12-17,10.66,11.05,10.46,10.63,20779781,226131472.00
2013-12-18,10.64,10.71,10.26,10.30,14317069,150769312.00
2013-12-19,10.30,10.37,9.97,10.02,13108813,134591872.00
2013-12-20,10.05,10.10,9.46,9.61,13069672,128951840.00
2013-12-23,9.58,9.73,9.32,9.69,7106677,68830032.00
2013-12-24,9.69,10.10,9.61,9.99,16053770,160191232.00
2013-12-25,9.95,10.29,9.88,10.22,11163869,114492968.00
2013-12-26,10.20,10.50,9.92,9.98,12025165,123801968.00
2013-12-27,9.83,10.85,9.76,10.57,14059524,147759232.00
2013-12-30,10.69,11.17,10.58,10.80,12750092,140174512.00
2013-12-31,10.78,10.79,10.23,10.66,10910277,115766344.00
2014-01-02,10.51,11.32,10.45,10.99,9887302,110250280.00
2014-01-03,10.99,11.08,10.58,10.65,7428505,80780976.00
2014-01-06,10.57,11.15,10.40,10.94,10905807,120113592.00
2014-01-07,10.90,12.04,10.84,11.99,20244512,237885792.00
2014-01-08,11.78,12.36,11.71,12.36,17460278,211607088.00
2014-01-09,12.20,12.34,11.59,11.79,11540642,139723488.00
2014-01-10,11.60,11.99,11.34,11.50,9085967,106138304.00
2014-01-13,11.40,12.43,11.39,12.25,12969260,157913040.00
2014-01-14,12.18,13.36,12.02,13.07,17305454,221405008.00
2014-01-15,12.98,13.27,12.70,12.85,13318617,173767280.00
2014-01-16,12.75,13.79,12.71,13.24,15536198,208001184.00
2014-01-17,13.11,13.38,12.94,13.10,7739564,102437488.00
2014-01-20,12.95,13.85,12.87,12.94,12017281,161186752.00
2014-01-21,12.59,13.38,12.38,13.17,18750863,242797136.00
2014-01-22,13.03,13.63,12.91,13.43,11447714,153637280.00
2014-01-23,13.35,13.60,13.13,13.43,7861510,106070832.00
2014-01-24,13.33,14.36,13.20,14.10,11781271,162947792.00
2014-01-27,13.91,14.21,13.65,13.89,6638181,93243376.00
2014-01-28,13.80,14.17,13.46,13.92,5445036,75756184.00
2014-01-29,13.88,14.34,13.68,14.19,5643786,79601952.00
2014-01-30,14.01,15.06,14.01,14.27,5100960,74762296.00
2014-02-07,14.04,14.49,13.91,14.38,3614716,52095356.00
2014-02-10,14.45,14.84,13.92,14.61,7157556,103551376.00
2014-02-11,14.58,14.99,14.00,14.06,6956257,101111848.00
2014-02-12,13.93,14.27,13.36,13.78,9011481,124027552.00
2014-02-13,13.68,14.05,13.00,13.06,9689993,133449408.00
2014-02-14,13.06,14.38,13.04,14.00,12025381,168817040.00
2014-02-17,13.94,14.34,13.50,14.14,12994500,180831376.00
2014-02-18,14.00,14.36,13.74,13.90,8423705,119115520.00
2014-02-19,13.90,14.30,13.76,14.21,6451155,91359136.00
2014-02-20,14.30,14.58,13.81,14.40,6764973,97004512.00
2014-02-21,14.30,14.45,13.71,13.71,5101745,72063104.00
2014-02-24,13.50,13.60,13.00,13.26,5676737,75655480.00
2014-02-25,13.27,13.68,12.00,12.43,6836191,90782864.00
2014-02-26,12.40,13.14,12.20,13.07,6167763,79896472.00
2014-02-27,13.07,14.18,13.05,13.55,7475541,103402656.00
2014-02-28,13.40,13.81,13.26,13.52,2511921,34330648.00
2014-03-03,14.28,14.88,13.91,14.36,5882186,85499768.00
2014-03-04,14.10,14.68,13.91,14.18,6052285,87522128.00
2014-03-05,14.30,15.60,14.12,15.57,10828439,162988880.00
2014-03-06,15.40,15.56,14.81,15.33,5844374,89606032.00
2014-03-07,15.30,16.78,15.06,16.06,9703952,155803280.00
2014-03-10,15.86,16.63,14.99,14.99,6500900,103078600.00
2014-03-11,14.65,15.45,14.10,14.60,5228148,78186224.00
2014-03-12,14.65,14.88,13.65,13.96,4740765,67732776.00
2014-03-13,14.05,14.86,14.01,14.86,4125284,59841912.00
2014-03-14,14.78,15.67,14.67,14.91,5381445,82246688.00
2014-03-17,14.88,15.15,14.51,15.00,5355367,79997960.00
2014-03-18,15.05,15.60,14.91,15.02,5344957,82262240.00
2014-03-19,14.90,15.88,14.65,15.68,7209823,111900104.00
2014-03-20,15.60,15.61,14.10,14.54,10038170,149809280.00
2014-03-21,14.20,14.20,13.54,13.98,7315124,102417560.00
2014-03-24,13.87,14.09,13.46,13.84,6034607,83403624.00
2014-03-25,13.89,13.99,12.87,13.22,7865784,106741200.00
2014-03-26,13.25,13.59,13.00,13.53,3615994,48818516.00
2014-03-27,13.45,13.50,12.38,12.66,8059250,102841640.00
2014-03-28,12.58,12.62,11.68,11.90,5616825,68111056.00
2014-03-31,11.89,12.12,11.29,11.41,4096660,47959020.00
2014-04-01,11.30,12.11,11.30,12.09,4873382,58021256.00
2014-04-02,11.99,12.24,11.74,12.12,4084694,49264032.00
2014-04-03,12.07,12.27,11.71,11.77,2932273,35345316.00
2014-04-04,11.68,11.83,11.51,11.73,3087988,36345980.00
2014-04-08,11.40,11.56,11.12,11.48,4240671,48543636.00
2014-04-09,11.50,12.05,11.42,11.85,4903171,58346104.00
2014-04-10,11.97,12.07,11.72,11.83,4772602,57199204.00
2014-04-11,11.65,11.65,11.30,11.45,3921566,45255204.00
2014-04-14,11.46,11.74,11.42,11.69,2259449,26493630.00
2014-04-15,11.71,12.24,11.66,11.99,4859453,58940964.00
2014-04-16,11.97,11.98,11.69,11.92,2383298,28408248.00
2014-04-17,11.91,12.07,11.87,11.93,1760673,21257848.00
2014-04-18,11.95,12.20,11.88,12.15,3298728,40286676.00
2014-04-21,12.02,12.10,11.60,11.65,2817458,33842136.00
2014-04-22,11.69,11.78,10.91,11.12,3383811,38349396.00
2014-04-23,11.13,11.13,10.70,10.73,2520877,27757990.00
2014-04-24,10.69,10.79,10.38,10.79,4294280,45658032.00
2014-04-25,10.69,10.85,10.48,10.48,1872638,20133124.00
2014-04-28,10.42,10.65,9.90,9.93,3730832,38444660.00
2014-04-29,9.93,10.37,9.91,10.35,4247587,43459328.00
2014-04-30,10.30,10.54,10.20,10.30,2809755,29356490.00
2014-05-05,10.36,10.56,10.20,10.49,3249157,33883468.00
2014-05-06,10.48,10.98,10.40,10.84,6240977,67904344.00
2014-05-07,10.73,10.77,10.35,10.57,3160566,33769736.00
2014-05-08,10.55,10.89,10.23,10.27,4863750,51754348.00
2014-05-09,10.28,10.37,9.67,9.72,5186015,52134780.00
2014-05-12,9.85,9.93,9.54,9.85,7516892,74173208.00
2014-05-13,9.88,10.14,9.80,9.93,4291054,43270944.00
2014-05-14,9.84,9.84,9.57,9.69,3591603,35038360.00
2014-05-15,9.68,9.68,8.98,9.13,8103802,76066664.00
2014-05-16,9.11,9.24,8.94,9.17,3015130,27695404.00
2014-05-19,9.17,9.37,9.00,9.08,4795940,44403140.00
2014-05-20,9.16,9.33,9.08,9.16,3525399,32733614.00
2014-05-21,9.16,9.24,8.80,9.22,5473937,49767148.00
2014-05-22,9.19,9.34,9.05,9.10,4944893,46167492.00
2014-05-23,9.05,9.51,9.03,9.49,9049632,84852952.00
2014-05-26,9.57,9.78,9.43,9.71,9302631,90603944.00
2014-05-27,9.68,9.77,9.47,9.60,6376793,61762984.00
2014-05-28,9.56,9.96,9.53,9.85,8391746,82951808.00
2014-05-29,9.85,9.87,9.63,9.66,4565490,44788344.00
2014-05-30,9.66,9.70,9.41,9.57,3337471,32222244.00
2014-06-03,9.64,9.88,9.54,9.59,4322842,42439560.00
2014-06-04,9.50,9.57,9.05,9.33,4168107,39178188.00
2014-06-05,9.29,9.75,9.26,9.73,4922650,47264124.00
2014-06-06,9.76,10.28,9.74,10.08,14055803,142433968.00
2014-06-09,10.05,10.24,9.88,9.93,8132193,82571672.00
2014-06-10,9.96,10.40,9.80,10.34,10788501,110531952.00
2014-06-11,10.33,10.80,10.24,10.66,12514103,133283720.00
2014-06-12,10.46,10.54,10.29,10.32,9977100,104713992.00
2014-06-13,10.22,10.45,10.13,10.41,5344235,55852656.00
2014-06-16,10.37,10.51,10.30,10.35,4256104,44694204.00
2014-06-17,10.35,10.59,10.15,10.20,7761202,81053816.00
2014-06-18,10.21,10.22,9.97,10.00,4396260,44540732.00
2014-06-19,9.99,10.16,9.20,9.54,5577164,54927080.00
2014-06-20,9.44,9.55,9.01,9.27,10502019,96558512.00
2014-06-23,9.24,9.67,9.22,9.66,6694980,63466000.00
2014-06-24,9.65,9.97,9.60,9.85,7407643,72760336.00
2014-06-25,9.78,9.83,9.59,9.66,3629183,35090108.00
2014-06-26,9.65,10.35,9.65,10.28,9083794,91893864.00
2014-06-27,10.29,10.80,10.19,10.48,10846226,113677520.00
2014-06-30,10.49,10.77,10.41,10.60,8551772,90733872.00
2014-07-01,10.66,10.78,10.50,10.57,7867002,83293680.00
2014-07-02,10.56,11.63,10.51,11.39,19955632,222469632.00
2014-07-03,11.18,11.39,11.13,11.17,11342326,127505456.00
2014-07-04,11.23,11.66,11.21,11.36,11067611,127053584.00
2014-07-07,11.28,11.39,10.78,11.29,11723835,129501208.00
2014-07-08,11.14,11.40,10.93,11.29,7265128,81079096.00
2014-07-09,11.26,11.37,10.86,10.86,7448650,82872512.00
2014-07-10,10.81,10.95,10.57,10.58,5572817,60080124.00
2014-07-11,10.55,10.93,10.50,10.64,7043817,75299672.00
2014-07-14,10.67,11.11,10.65,10.98,7622790,83195096.00
2014-07-15,10.75,10.75,9.90,9.99,17458515,179125920.00
2014-07-16,9.86,10.00,9.70,9.79,7255610,71162432.00
2014-07-17,9.75,10.02,9.71,9.94,5270693,52158528.00
2014-07-18,9.82,9.95,9.54,9.63,5472901,53440224.00
2014-07-21,9.58,9.68,9.27,9.37,6570999,61833684.00
2014-07-22,9.32,9.54,9.32,9.47,8296678,78112352.00
2014-07-23,9.45,9.47,8.98,9.11,9869897,90713456.00
2014-07-24,9.08,9.13,8.89,9.07,5247546,47238168.00
2014-07-25,9.08,9.26,9.05,9.20,4722925,43398368.00
2014-07-28,9.23,9.35,9.19,9.35,7401182,68797544.00
2014-07-29,9.35,9.52,9.31,9.50,8158485,76880088.00
2014-07-30,9.55,10.06,9.55,9.94,15729065,155178368.00
2014-07-31,9.88,9.92,9.70,9.85,7266272,71243384.00
2014-08-01,9.80,9.86,9.51,9.54,7300565,70858032.00
2014-08-04,9.60,9.74,9.53,9.68,6213404,59837296.00
2014-08-05,9.67,9.97,9.51,9.92,11347952,111203704.00
2014-08-06,9.85,9.94,9.79,9.91,5818517,57493628.00
2014-08-07,9.94,10.05,9.72,9.73,6994809,69248224.00
2014-08-08,9.71,10.00,9.71,9.99,7945877,78685944.00
2014-08-11,10.02,10.27,10.01,10.19,8231929,83214672.00
2014-08-12,10.14,10.32,10.05,10.25,6639738,67434920.00
2014-08-13,10.23,10.60,9.94,10.34,11609607,119078016.00
2014-08-14,10.20,10.46,10.00,10.08,11777943,120341424.00
2014-08-15,10.10,10.21,10.04,10.15,5576253,56560564.00
2014-08-18,10.16,10.44,10.16,10.43,8402768,86724544.00
2014-08-19,10.47,10.62,10.36,10.53,10355493,108716064.00
2014-08-20,10.51,10.51,10.31,10.38,8421208,87598264.00
2014-08-21,10.31,10.48,10.11,10.46,8993191,92671856.00
2014-08-22,10.45,10.88,10.39,10.74,15588661,166578256.00
2014-08-25,10.72,10.79,10.47,10.51,8136075,86203248.00
2014-08-26,10.41,10.41,9.92,9.99,11075604,112270488.00
2014-08-27,9.97,10.16,9.93,10.10,4690737,47251832.00
2014-08-28,10.08,10.11,9.68,9.84,5519829,54808700.00
2014-08-29,9.85,10.03,9.85,10.01,3191932,31737042.00
2014-09-01,10.02,10.28,10.01,10.27,4266721,43341664.00
2014-09-02,10.31,10.70,10.30,10.59,12430909,131237288.00
2014-09-03,10.60,10.99,10.48,10.89,13853930,148768272.00
2014-09-04,10.88,10.95,10.71,10.89,9691585,105055408.00
2014-09-05,10.89,11.00,10.70,10.95,9635249,105122472.00
2014-09-09,10.98,11.28,10.95,11.02,10788343,119715528.00
2014-09-10,11.00,11.00,10.80,10.95,8161423,88990488.00
2014-09-11,11.00,11.20,10.80,10.94,10573437,116670208.00
2014-09-12,10.85,11.64,10.73,11.48,19119541,214091296.00
2014-09-15,11.36,12.16,11.34,11.82,18886222,223061520.00
2014-09-16,11.81,11.96,11.26,11.29,12140792,141264848.00
2014-09-17,11.34,12.02,11.26,12.02,13658660,159110016.00
2014-09-18,12.14,12.47,11.84,12.01,11738690,141674944.00
2014-09-19,12.00,12.09,11.62,11.94,6779414,80544312.00
2014-09-22,11.82,11.94,11.66,11.78,8035066,94549464.00
2014-09-23,11.75,12.25,11.68,11.99,8872913,106866992.00
2014-09-24,11.94,12.12,11.90,12.02,7621370,91407472.00
2014-09-25,12.03,12.13,11.71,11.76,7150020,85170216.00
2014-09-26,11.74,11.74,11.50,11.58,6910147,79989152.00
2014-09-29,11.66,12.10,11.60,12.01,8838604,104650512.00
2014-09-30,11.97,12.40,11.91,12.26,11949657,145997472.00
2014-10-08,12.40,12.40,12.05,12.21,7421960,90415488.00
2014-10-09,12.30,12.36,11.83,12.06,9158773,110509568.00
2014-10-10,11.99,12.05,11.78,11.95,5300049,63225736.00
2014-10-13,11.95,11.95,11.45,11.64,8070718,93628616.00
2014-10-14,11.65,11.73,11.40,11.51,5867849,67935904.00
2014-10-15,11.56,11.66,11.32,11.62,5258127,60650536.00
2014-10-16,11.60,11.75,11.43,11.45,4769997,55359192.00
2014-10-17,11.40,11.52,10.82,11.00,6686275,74349128.00
2014-10-20,11.09,11.22,11.02,11.17,3977901,44294416.00
2014-10-21,11.20,11.28,10.98,10.99,3568499,39725508.00
2014-10-22,10.90,11.09,10.75,10.76,4136847,45249916.00
2014-10-23,10.78,10.84,10.44,10.51,4411269,46688736.00
2014-10-24,10.60,10.73,10.50,10.62,2944541,31284814.00
2014-10-27,10.56,10.86,10.51,10.86,3116969,33549618.00
2014-10-28,10.91,11.16,10.91,11.16,4095474,45314308.00
2014-10-29,11.10,11.34,11.08,11.18,5348311,59825280.00
2014-10-30,11.18,11.26,11.04,11.08,3809635,42404600.00
2014-10-31,11.16,11.16,10.76,10.89,4717241,51599652.00
2014-11-03,10.91,11.30,10.89,11.29,6812366,75473168.00
2014-11-04,11.29,11.72,11.29,11.40,12360198,141742912.00
2014-11-05,11.38,11.45,11.12,11.24,6816335,76660312.00
2014-11-06,11.30,11.55,11.25,11.53,7043861,80457744.00
2014-11-07,11.60,11.63,11.30,11.35,6631391,76027944.00
2014-11-10,11.40,11.48,11.16,11.34,5085358,57165124.00
2014-11-11,11.39,11.39,10.50,10.58,8801937,95418832.00
2014-11-12,10.48,10.63,10.29,10.58,7647880,79724712.00
2014-11-13,10.52,10.52,9.98,10.10,9739010,98540136.00
2014-11-14,10.12,10.18,9.97,10.09,3357397,33775288.00
2014-11-17,10.08,10.28,10.01,10.23,3590411,36597196.00
2014-11-18,10.20,10.30,10.10,10.16,3250037,33170696.00
2014-11-19,10.16,10.28,10.07,10.22,3156309,32170948.00
2014-11-20,10.17,10.21,10.06,10.10,2798635,28297826.00
2014-11-21,10.12,10.25,10.08,10.17,3368853,34319912.00
2014-11-24,10.22,10.34,10.18,10.30,4506112,46263736.00
2014-11-25,10.31,10.66,10.18,10.60,7816535,82259936.00
2014-11-26,10.76,11.21,10.76,10.92,14050293,154340400.00
2014-11-27,10.92,11.19,10.70,11.15,12921371,141230944.00
2014-11-28,11.20,11.27,10.90,10.93,9635985,106707448.00
2014-12-01,10.97,10.97,10.60,10.68,6616397,70952152.00
2014-12-02,10.70,10.84,10.59,10.78,4403822,47396228.00
2014-12-03,10.93,10.93,10.61,10.91,7939821,85607064.00
2014-12-04,10.90,11.24,10.84,10.99,8574410,94761904.00
2014-12-05,10.91,10.91,10.16,10.42,7722287,81481792.00
2014-12-08,10.35,10.52,10.16,10.19,7509405,77435368.00
2014-12-09,10.15,10.18,9.48,9.53,12132572,119238512.00
2014-12-10,9.31,9.84,9.31,9.79,5187091,50254392.00
2014-12-11,9.79,10.07,9.64,9.98,6049446,59877636.00
2014-12-12,9.99,10.07,9.80,10.02,4823773,48066420.00
2014-12-15,9.92,10.22,9.92,10.19,4450848,45141732.00
2014-12-16,10.18,10.28,10.04,10.16,4601255,46650436.00
2014-12-17,10.10,10.16,9.85,10.02,5123284,51229136.00
2014-12-18,10.00,10.06,9.85,9.88,4117154,40950852.00
2014-12-19,9.93,9.93,9.42,9.52,5254660,50493816.00
2014-12-22,9.56,9.56,8.73,8.80,7571860,68168784.00
2014-12-23,8.80,8.94,8.49,8.51,8828600,77020360.00
2014-12-24,8.61,8.80,8.54,8.76,4634280,40228696.00
2014-12-25,8.80,8.92,8.75,8.77,4715859,41620612.00
2014-12-26,8.77,8.88,8.68,8.74,5016948,43991840.00
2014-12-29,8.75,8.75,8.44,8.55,5164646,44109176.00
2014-12-30,8.51,8.56,8.33,8.43,3261960,27548278.00
2014-12-31,8.51,8.68,8.45,8.63,3244351,27769430.00
2015-01-05,8.62,8.62,8.33,8.52,6756059,57058152.00
2015-01-06,8.45,8.91,8.41,8.87,7364965,64108224.00
2015-01-07,8.85,8.91,8.74,8.87,4744964,41814460.00
2015-01-08,8.87,8.94,8.78,8.88,4680514,41552624.00
2015-01-09,8.87,8.96,8.73,8.73,5077849,45054504.00
2015-01-12,8.65,8.69,8.47,8.53,3151222,27026972.00
2015-01-13,8.53,8.88,8.45,8.77,3424367,29804868.00
2015-01-14,8.72,8.80,8.52,8.59,3209837,27752164.00
2015-01-15,8.60,8.67,8.53,8.59,2983651,25633566.00
2015-01-16,8.61,8.90,8.57,8.82,4178096,36540692.00
2015-01-19,8.71,9.05,8.55,8.67,7096300,62604096.00
2015-01-20,8.76,8.99,8.69,8.99,6034490,53599624.00
2015-01-21,8.99,9.16,8.94,9.16,7746874,70380640.00
2015-01-22,9.15,9.24,9.09,9.23,5685989,52166244.00
2015-01-23,9.26,9.28,9.10,9.13,4306820,39385824.00
2015-01-26,9.20,9.30,9.14,9.29,4306070,39843096.00
2015-01-27,9.29,9.29,8.99,9.17,6835235,62365676.00
2015-01-28,9.11,9.28,9.08,9.24,6171642,56805740.00
2015-01-29,9.18,9.25,9.09,9.12,4672846,42726676.00
2015-01-30,9.13,9.17,8.96,8.96,3533299,31932698.00
2015-02-02,8.88,9.04,8.82,8.99,3073886,27469780.00
2015-02-03,8.98,9.25,8.98,9.22,5482996,50217496.00
2015-02-04,9.22,9.35,9.14,9.22,5364761,49575680.00
2015-02-05,9.21,9.29,9.13,9.13,4329964,39970456.00
2015-02-06,9.13,9.14,8.69,8.79,5048806,44963812.00
2015-02-09,8.71,8.86,8.70,8.74,2220462,19480026.00
2015-02-10,8.76,8.83,8.66,8.80,2189047,19158968.00
2015-02-11,8.80,8.95,8.72,8.75,4460733,39320152.00
2015-02-12,8.78,8.91,8.74,8.86,3887990,34376348.00
2015-02-13,8.92,9.08,8.87,9.02,4513187,40658796.00
2015-02-16,9.04,9.25,9.02,9.25,5446243,50003236.00
2015-02-17,9.22,9.28,9.16,9.21,4197558,38637184.00
2015-02-25,9.22,9.35,9.15,9.30,4822935,44652968.00
2015-02-26,9.30,9.73,9.30,9.66,11746905,112873864.00
2015-02-27,9.67,10.11,9.56,10.06,14515434,144480208.00
2015-03-02,9.97,10.30,9.70,10.07,14235190,143562432.00
2015-03-03,9.96,10.07,9.80,9.81,8529931,84783672.00
2015-03-04,9.81,10.02,9.73,9.98,6167046,61080440.00
2015-03-05,10.06,10.63,10.02,10.46,15155793,157586480.00
2015-03-06,10.63,10.71,10.18,10.21,9599015,99733152.00
2015-03-09,10.10,11.19,9.91,11.05,19009846,205300576.00
2015-03-10,11.00,11.16,10.87,11.06,11925616,131227048.00
2015-03-11,10.99,10.99,10.80,10.93,8288177,90309224.00
2015-03-12,10.99,11.54,10.68,11.00,12161830,136074544.00
2015-03-13,11.18,11.28,10.98,11.05,7616737,84550656.00
2015-03-16,11.18,11.29,10.98,11.21,10306030,114482160.00
2015-03-17,11.11,11.36,11.01,11.13,9050730,101268672.00
2015-03-18,11.13,11.75,11.03,11.64,13961456,159443248.00
2015-03-19,11.59,12.13,11.43,11.89,14480518,170684112.00
2015-03-20,11.79,11.93,11.70,11.86,7468304,88085248.00
2015-03-23,11.80,12.24,11.78,12.09,12137987,145706832.00
2015-03-24,12.12,12.55,11.65,12.38,17074743,207834176.00
2015-03-25,12.36,13.49,12.12,13.00,17754461,228835520.00
2015-03-26,13.00,13.46,12.40,12.59,16159388,206976336.00
2015-03-27,12.59,12.61,12.12,12.34,9003698,111422720.00
2015-03-30,12.25,12.49,12.10,12.23,12429624,152038384.00
2015-03-31,12.31,12.77,12.21,12.42,12847996,160181120.00
2015-04-01,12.38,12.49,12.18,12.40,10342606,127580416.00
2015-04-02,12.48,12.72,12.21,12.47,13633453,169664880.00
2015-04-03,12.41,12.70,12.31,12.67,13845679,174136944.00
2015-04-07,12.85,13.45,12.84,13.30,15291355,201377120.00
2015-04-08,13.45,13.80,12.60,13.16,16034316,212397696.00
2015-04-09,13.16,13.40,12.33,12.91,12443685,159501936.00
2015-04-10,13.31,13.59,13.07,13.53,15723091,210601824.00
2015-04-16,13.88,14.37,12.24,13.91,21917216,303206304.00
2015-04-17,13.91,15.30,13.91,14.49,19164213,280673472.00
2015-04-20,14.28,15.29,14.05,14.38,17979089,265059152.00
2015-04-21,14.20,15.10,14.18,14.80,15979100,234107920.00
2015-04-22,15.02,15.18,14.69,14.94,14356200,214159312.00
2015-04-23,14.94,15.18,14.70,15.05,11977220,179123280.00
2015-04-24,14.93,15.59,14.24,15.20,16582196,246555456.00
2015-04-27,15.39,15.78,15.15,15.16,13139103,202497136.00
2015-04-28,15.17,15.40,14.52,14.58,9370319,138762752.00
2015-04-29,14.56,14.98,14.36,14.84,7841581,115884368.00
2015-04-30,14.96,15.07,14.39,14.41,10508427,155437984.00
2015-05-04,14.58,15.02,14.50,14.73,8652893,128126992.00
2015-05-05,14.90,15.75,14.78,14.98,17242885,263312864.00
2015-05-06,15.28,15.75,14.65,14.89,15073552,231336080.00
2015-05-07,14.30,14.64,13.40,13.40,15509842,217120960.00
2015-05-08,13.45,13.99,13.22,13.85,12290250,167459008.00
2015-05-11,13.88,15.14,13.86,15.00,14351219,208489568.00
2015-05-12,15.28,15.45,14.59,15.26,15852982,238731984.00
2015-05-13,14.88,15.25,14.49,15.05,14842330,220782736.00
2015-05-14,14.91,16.50,14.87,15.75,21141881,333297440.00
2015-05-15,15.42,17.20,15.42,17.00,23101346,378361920.00
2015-05-18,16.80,17.52,16.66,17.20,21003140,360749248.00
2015-05-19,17.28,18.18,16.50,17.49,18573122,320974368.00
2015-05-20,17.80,19.24,17.76,19.23,19465442,369607456.00
2015-05-21,19.38,19.80,18.50,19.20,42242692,803094400.00
2015-05-22,19.20,19.40,18.29,18.41,28665636,535162144.00
2015-05-25,18.41,18.84,18.05,18.71,25104448,464338912.00
2015-05-26,18.80,19.60,18.80,19.10,26781395,516323072.00
2015-05-27,19.20,19.55,18.58,19.10,24748602,469842432.00
2015-05-28,19.20,20.80,18.21,18.25,28801427,565406080.00
2015-05-29,18.41,19.15,17.17,18.72,19039873,352892384.00
2015-06-01,18.90,20.03,18.90,20.00,23216499,457766432.00
2015-06-02,20.25,22.00,19.85,22.00,26730946,557778112.00
2015-06-03,22.56,23.87,21.07,23.00,29589109,674977728.00
2015-06-04,23.02,24.50,21.50,24.21,26815939,622588800.00
2015-06-05,24.56,25.34,22.70,23.32,26099825,622705216.00
2015-06-08,23.01,23.10,21.24,21.67,27604388,606063232.00
2015-06-09,21.43,22.62,21.22,22.19,18064916,398540224.00
2015-06-10,21.86,23.44,21.68,23.08,18592218,423314656.00
2015-06-11,22.71,23.30,22.31,22.79,15538030,352716480.00
2015-06-12,22.67,23.11,22.41,22.80,14326093,326156224.00
2015-06-15,23.00,23.40,22.21,22.24,18198947,417459520.00
2015-06-16,22.00,22.00,20.30,20.37,15093347,316081120.00
2015-06-17,20.50,21.73,20.07,21.58,15395909,320544960.00
2015-06-18,21.88,21.88,20.50,20.69,13569864,289194176.00
2015-06-19,20.59,20.59,18.62,18.62,14729198,282766912.00
2015-06-23,18.62,19.15,16.88,18.62,12564553,228866448.00
2015-06-24,18.90,19.28,18.26,18.95,13107369,247993008.00
2015-06-25,19.25,20.15,18.50,19.16,17276581,338437024.00
2015-06-26,18.39,18.75,17.24,17.24,11837216,210299776.00
2015-06-29,17.48,17.78,15.52,15.52,13509090,217333312.00
2015-06-30,15.00,16.50,13.97,16.27,15462044,234325504.00
2015-07-01,16.25,17.20,15.10,15.25,15081666,249066768.00
2015-07-02,15.60,15.96,13.90,14.20,13692927,205843072.00
2015-07-03,14.20,14.99,12.78,13.10,16321638,220739344.00
2015-07-06,14.41,14.41,11.79,11.79,19280656,247943168.00
2015-07-07,10.80,11.40,10.61,10.61,5977736,64455956.00
2015-07-08,9.55,9.86,9.55,9.58,33450667,321549408.00
2015-07-09,9.55,10.54,9.55,10.54,18511494,190447168.00
2015-07-10,11.50,11.59,11.07,11.59,6003827,68926544.00
2015-07-13,12.75,12.75,12.75,12.75,2859000,36452248.00
2015-07-14,14.03,14.03,13.30,14.03,31241219,436969152.00
2015-07-15,13.88,14.09,12.63,12.66,26594128,353077664.00
2015-07-16,12.66,13.90,11.78,13.69,23952434,318209760.00
2015-07-17,13.70,15.00,13.69,14.85,19682651,285009184.00
2015-07-20,15.00,15.53,14.45,14.89,22434682,336141248.00
2015-07-21,14.58,15.29,14.26,14.98,16392571,245705328.00
2015-07-22,14.87,15.50,14.50,15.22,17557794,262405184.00
2015-07-23,15.13,15.71,15.02,15.45,16401749,251424160.00
2015-07-24,15.41,15.74,14.60,14.78,17280439,264309328.00
2015-07-27,14.29,15.15,13.30,13.30,15006178,214301136.00
2015-07-28,12.23,13.55,11.97,12.60,14227349,179954688.00
2015-07-29,13.00,13.79,12.21,13.70,11969312,154905072.00
2015-07-30,13.49,14.05,13.07,13.11,12984911,177366656.00
2015-07-31,13.00,13.88,12.80,13.18,12999797,174094288.00
2015-08-03,12.98,13.00,11.86,12.00,11745969,144202896.00
2015-08-04,12.06,13.20,12.06,13.20,12382692,157103968.00
2015-08-05,13.25,13.68,12.87,13.18,14185275,189114608.00
2015-08-06,12.70,13.30,12.57,13.00,8233384,106988056.00
2015-08-07,13.27,14.18,13.26,14.18,14260074,195249184.00
2015-08-10,14.49,15.27,14.20,15.24,16250087,239615536.00
2015-08-11,15.02,15.33,14.80,14.89,15145212,227082096.00
2015-08-12,14.45,15.30,14.45,14.59,12939374,192599856.00
2015-08-13,14.50,14.97,14.21,14.96,9842142,143741088.00
2015-08-14,15.07,15.18,14.51,14.57,11066586,163546752.00
2015-08-17,14.50,14.59,14.20,14.59,9194568,132426232.00
2015-08-18,14.64,15.38,13.13,13.13,22100836,322382240.00
2015-08-19,12.68,13.64,11.88,13.42,18683995,238890992.00
2015-08-20,13.29,13.67,12.72,12.82,11131780,147144272.00
2015-08-21,12.48,12.88,12.00,12.07,10632980,132148560.00
2015-08-24,11.49,11.60,10.86,10.86,8242360,90600256.00
2015-08-25,9.88,10.39,9.77,9.77,12619330,125031248.00
2015-08-26,9.98,10.37,9.25,9.67,12653578,125375768.00
2015-08-27,10.00,10.20,9.30,10.17,8907220,88495456.00
2015-08-28,10.56,10.99,10.20,10.95,13770040,144901936.00
2015-08-31,10.94,10.94,10.10,10.11,8834416,92673120.00
2015-09-01,10.02,10.27,9.28,9.32,9225538,90265424.00
2015-09-02,8.82,9.68,8.58,8.92,7578402,69112264.00
2015-09-07,9.15,9.60,9.15,9.35,7423628,69806320.00
2015-09-08,9.33,10.29,9.17,10.27,7339739,71177000.00
2015-09-09,10.33,10.95,10.33,10.73,12488800,132390504.00
2015-09-10,10.46,10.70,10.06,10.15,7255022,75443056.00
2015-09-11,10.18,10.48,10.11,10.36,6006633,61803296.00
2015-09-14,10.50,10.54,9.32,9.32,9498376,91946528.00
2015-09-15,8.85,9.25,8.58,8.64,6511691,58049528.00
2015-09-16,8.70,9.50,8.70,9.50,7720659,70124328.00
2015-09-17,9.50,10.05,9.41,9.48,11932489,115950248.00
2015-09-22,11.10,11.10,11.10,11.10,0,0.00
数据来源:通达信
