300002 神州泰岳 日线 前复权
      日期	    开盘	    最高	    最低	    收盘	    成交量	    成交额
2009-10-30,6.56,9.87,5.58,6.75,22620670,2373081088.00
2009-11-02,6.04,6.70,6.04,6.11,7532843,719094720.00
2009-11-03,6.28,6.45,6.12,6.29,4174696,400407040.00
2009-11-04,6.28,6.69,6.27,6.56,3368240,335780128.00
2009-11-05,6.62,6.99,6.55,6.78,3240542,335068544.00
2009-11-06,6.81,6.81,6.35,6.39,4164450,412819168.00
2009-11-09,6.42,6.43,6.16,6.30,2217631,212388800.00
2009-11-10,6.28,6.33,6.06,6.08,2703095,254713712.00
2009-11-11,6.07,6.18,5.96,6.15,1453682,135674880.00
2009-11-12,6.16,6.37,6.16,6.25,1916421,184111904.00
2009-11-13,6.31,6.76,6.31,6.50,3175862,316002240.00
2009-11-16,6.52,6.55,6.34,6.50,1931682,190098992.00
2009-11-17,6.55,6.69,6.45,6.55,1361668,136447424.00
2009-11-18,6.52,6.73,6.49,6.66,1774739,179432288.00
2009-11-19,6.64,7.31,6.57,6.94,4394384,463541024.00
2009-11-20,6.83,6.95,6.75,6.81,2221192,231179408.00
2009-11-23,6.80,7.23,6.76,7.19,2336604,249976192.00
2009-11-24,7.25,7.49,6.65,6.81,3125783,337079168.00
2009-11-25,6.81,7.53,6.81,7.53,3313237,365676320.00
2009-11-26,7.82,8.32,7.67,7.88,4461598,540091520.00
2009-11-27,7.66,8.54,7.66,8.19,3146900,386761472.00
2009-12-02,8.84,9.05,8.56,9.05,2997501,402354528.00
2009-12-03,8.91,9.31,8.84,9.03,3224776,439117888.00
2009-12-04,8.60,8.83,8.09,8.09,3600307,452182912.00
2009-12-07,8.01,8.36,7.98,8.10,1688622,207955776.00
2009-12-08,8.05,8.24,7.71,8.12,2200267,264688336.00
2009-12-09,8.01,8.27,7.94,8.02,1675693,205766752.00
2009-12-10,8.00,8.15,7.91,7.91,1110733,133816320.00
2009-12-11,7.94,7.98,7.60,7.69,1593966,186284480.00
2009-12-14,7.63,8.22,7.57,8.04,2166130,261200160.00
2009-12-15,8.05,8.34,8.05,8.20,1281856,159120896.00
2009-12-16,8.17,8.17,7.74,7.80,1188245,142101056.00
2009-12-17,7.73,7.90,7.31,7.31,1499698,171267296.00
2009-12-18,7.25,7.52,6.97,7.32,2076142,226332896.00
2009-12-21,7.36,7.52,7.25,7.45,845279,94689800.00
2009-12-22,7.45,7.52,6.90,6.90,1615024,175235040.00
2009-12-23,6.89,7.17,6.83,7.10,1414319,151247712.00
2009-12-24,6.98,7.26,6.93,7.22,1175907,127309456.00
2009-12-25,7.17,7.40,6.97,7.22,1203597,131143536.00
2009-12-29,7.07,7.14,6.73,6.88,3081021,323893888.00
2009-12-30,6.88,7.06,6.80,6.83,1657647,174605216.00
2009-12-31,6.84,6.93,6.72,6.91,1450402,150365472.00
2010-01-04,7.00,7.04,6.87,7.00,1209029,127764320.00
2010-01-05,7.01,7.32,6.97,7.23,1396113,151888832.00
2010-01-06,7.27,7.28,7.09,7.19,1255219,136848112.00
2010-01-07,7.18,7.26,6.83,6.91,1115882,119483824.00
2010-01-08,6.91,7.02,6.76,7.02,1089520,113938488.00
2010-01-11,7.04,7.76,7.04,7.61,2222337,252497200.00
2010-01-12,7.59,8.03,7.54,7.87,1684992,200077632.00
2010-01-13,7.94,8.29,7.89,7.94,2552577,311727232.00
2010-01-14,7.87,8.22,7.85,8.08,2133746,260865392.00
2010-01-15,8.06,8.10,7.89,8.01,1247023,149884688.00
2010-01-18,7.95,8.25,7.94,8.10,1137351,139702944.00
2010-01-19,8.08,8.10,7.79,7.79,1422823,169102816.00
2010-01-20,7.80,7.80,6.97,7.02,3433465,377057024.00
2010-01-21,7.07,7.13,6.89,7.02,1392917,148621120.00
2010-01-22,6.89,6.89,6.69,6.82,1745637,180145728.00
2010-01-25,6.73,6.81,6.59,6.69,908304,92663232.00
2010-01-26,6.87,7.23,6.87,7.04,2666608,285875360.00
2010-01-27,6.95,7.20,6.95,7.00,1379880,148459488.00
2010-01-28,6.95,7.53,6.90,7.52,2142171,234470256.00
2010-01-29,7.35,7.65,7.35,7.46,1998658,226486688.00
2010-02-01,6.89,7.72,6.89,7.56,5412336,600024960.00
2010-02-02,7.52,7.77,7.39,7.42,2035488,235202400.00
2010-02-03,7.45,7.52,6.93,7.30,1387220,150688672.00
2010-02-04,7.23,7.51,7.12,7.20,1363094,151948176.00
2010-02-05,7.96,7.96,7.81,7.96,2925082,351632448.00
2010-02-08,8.01,8.79,8.00,8.43,4205669,531067584.00
2010-02-09,8.34,8.56,8.15,8.43,1753594,221782256.00
2010-02-10,8.54,9.19,8.39,9.13,2365422,314158048.00
2010-02-11,9.05,9.67,8.96,9.10,2548328,354951904.00
2010-02-12,9.05,9.62,9.05,9.40,1679869,235325984.00
2010-02-22,9.33,9.46,9.12,9.12,1280526,177670992.00
2010-02-23,9.12,9.74,8.98,9.62,2073905,290539424.00
2010-02-24,9.62,9.76,9.47,9.59,1340545,193240608.00
2010-02-25,9.61,9.92,9.53,9.73,1527825,222226432.00
2010-02-26,9.63,9.78,9.54,9.63,1204976,174470144.00
2010-03-01,9.54,9.84,9.40,9.70,1380201,199893984.00
2010-03-02,9.66,10.35,9.65,10.20,2091239,315197376.00
2010-03-03,10.17,10.50,10.12,10.13,1657015,254355296.00
2010-03-04,9.96,10.25,9.81,9.95,1266422,189534656.00
2010-03-05,10.02,10.52,9.92,10.44,1687123,260899104.00
2010-03-08,10.51,10.79,10.44,10.63,1079644,171233104.00
2010-03-09,10.58,10.71,10.38,10.50,904930,142052416.00
2010-03-10,10.47,10.57,9.84,9.88,2356718,356188224.00
2010-03-11,9.88,10.37,9.64,10.22,2124201,318431008.00
2010-03-12,10.19,10.35,9.81,9.95,1659686,250429472.00
2010-03-15,9.96,10.30,9.87,10.23,1013876,153706624.00
2010-03-16,10.28,10.44,10.08,10.17,1115915,170908288.00
2010-03-17,10.17,10.68,10.12,10.65,1279757,199386096.00
2010-03-18,10.71,10.71,10.44,10.58,1473766,232472896.00
2010-03-19,10.55,10.78,10.47,10.58,917772,145800080.00
2010-03-22,10.78,11.54,10.65,11.33,1543161,254340704.00
2010-03-23,11.33,12.09,11.24,12.04,1620791,282694272.00
2010-03-24,12.03,12.38,11.89,11.98,1612823,289705408.00
2010-03-25,11.99,12.84,11.90,12.75,2043494,377707328.00
2010-03-26,12.37,13.03,11.98,12.50,2484337,460523104.00
2010-03-29,12.43,13.18,12.00,13.00,2584393,482847520.00
2010-03-30,13.00,13.54,12.83,13.34,1836336,363964640.00
2010-03-31,13.30,13.54,13.18,13.24,1276077,252403152.00
2010-04-01,13.21,13.49,12.90,12.93,1658131,325491744.00
2010-04-02,12.66,13.13,12.62,12.93,1445555,275255744.00
2010-04-06,12.86,13.89,12.86,13.88,2055556,410592064.00
2010-04-07,13.84,13.96,13.59,13.80,1420017,289517952.00
2010-04-09,13.59,14.49,13.58,14.49,1313232,273934624.00
2010-04-12,15.15,15.98,14.88,15.98,2068239,474742944.00
2010-04-13,15.79,16.12,14.35,14.35,3346343,732679104.00
2010-04-14,14.11,14.74,13.70,14.71,2978803,626380032.00
2010-04-15,14.53,15.26,13.21,13.29,3848059,799832320.00
2010-04-16,13.00,14.46,13.00,13.98,2935348,600447552.00
2010-04-19,13.98,14.81,13.51,14.49,9118700,772576192.00
2010-04-20,13.34,13.75,13.00,13.00,9401664,729577024.00
2010-04-21,12.65,13.31,12.65,13.02,9092808,701156544.00
2010-04-22,12.99,13.58,12.12,13.48,10522842,805915008.00
2010-04-23,13.42,13.58,12.13,12.52,9562618,727151232.00
2010-04-26,12.31,12.47,11.60,11.95,7905518,564245504.00
2010-04-27,11.76,12.37,11.62,12.00,5225326,371805568.00
2010-04-28,11.83,12.00,11.05,11.08,7465320,506006112.00
2010-04-29,11.12,11.53,10.82,10.83,5660394,378318624.00
2010-04-30,10.94,11.05,10.37,10.81,4692355,298487008.00
2010-05-04,10.56,11.06,10.41,10.91,4218203,273213952.00
2010-05-05,10.74,11.25,10.58,11.20,5157998,336241696.00
2010-05-06,11.22,11.43,10.51,10.51,4890046,320345952.00
2010-05-07,9.80,10.25,9.61,9.73,6662859,393694560.00
2010-05-10,9.79,9.87,8.83,9.29,5690984,316697600.00
2010-05-11,9.50,9.61,8.74,8.87,4752523,263174608.00
2010-05-12,8.74,9.43,8.59,9.35,6485038,352078656.00
2010-05-13,9.35,9.50,8.96,9.37,4808532,267323392.00
2010-05-14,9.21,9.38,9.00,9.26,3496470,193128000.00
2010-05-17,9.02,9.69,8.91,9.23,5913744,331698752.00
2010-05-18,9.23,9.78,9.04,9.73,6801107,386580928.00
2010-05-19,9.73,10.70,9.58,10.49,10339320,629717376.00
2010-05-20,10.30,10.88,10.24,10.45,7555890,476174144.00
2010-05-21,10.04,11.05,9.88,10.91,6320534,401354592.00
2010-05-24,11.01,11.41,10.96,11.34,6022689,401863136.00
2010-05-25,11.15,11.38,10.56,10.67,5648106,367185568.00
2010-05-26,10.67,10.81,10.37,10.57,3308050,207815936.00
2010-05-27,10.54,11.01,10.42,10.91,3210411,206926208.00
2010-05-28,11.09,11.15,10.69,10.76,2955188,191314656.00
2010-05-31,10.80,11.32,10.71,10.85,4010027,263655376.00
2010-06-01,10.73,11.00,10.35,10.53,3507360,220687040.00
2010-06-02,10.49,10.73,10.35,10.73,2340805,147044608.00
2010-06-03,10.88,11.08,10.65,10.98,4354044,282534592.00
2010-06-04,10.87,11.32,10.84,11.26,3627732,239950336.00
2010-06-07,11.03,11.99,10.91,11.78,6072077,419758080.00
2010-06-08,11.71,11.93,11.43,11.78,3347544,232069616.00
2010-06-09,11.86,12.64,11.86,12.27,6771301,495209600.00
2010-06-10,12.21,12.80,12.12,12.77,4534232,338819104.00
2010-06-11,12.95,12.95,12.47,12.47,3929232,293976480.00
2010-06-17,12.47,12.73,11.52,11.53,4120506,293866624.00
2010-06-18,11.43,11.43,10.40,10.68,4207109,271918176.00
2010-06-21,10.65,11.15,10.41,11.08,2976552,192938864.00
2010-06-22,10.96,11.31,10.74,10.80,2307667,151826688.00
2010-06-23,10.69,11.25,10.69,11.11,2489584,163457600.00
2010-06-24,11.11,11.20,10.82,11.08,1667144,108977752.00
2010-06-25,10.91,11.02,10.54,10.79,1867258,119833944.00
2010-06-28,10.56,10.79,9.87,10.08,2948482,181570048.00
2010-06-29,10.04,10.27,9.04,9.04,5598358,313675968.00
2010-07-01,9.11,9.31,8.48,8.55,4162047,220997888.00
2010-07-02,8.46,8.77,8.17,8.64,4129122,210433904.00
2010-07-05,8.41,8.48,8.13,8.36,2415758,120961648.00
2010-07-06,8.33,8.86,8.25,8.84,3314839,172837792.00
2010-07-07,8.97,9.11,8.72,9.00,2778240,148862368.00
2010-07-08,9.04,9.09,8.57,8.78,2658430,140705920.00
2010-07-09,8.74,9.14,8.59,9.10,3617040,194208768.00
2010-07-12,9.06,9.37,8.95,9.08,2901874,159001312.00
2010-07-13,9.05,9.08,8.74,8.99,2215092,118067672.00
2010-07-14,9.00,9.24,8.86,8.97,1805232,97948600.00
2010-07-15,8.90,9.05,8.62,8.65,1778697,94204984.00
2010-07-16,8.55,8.69,8.33,8.55,1842914,94161352.00
2010-07-19,8.39,8.72,8.35,8.70,1628472,84043072.00
2010-07-20,8.70,9.17,8.70,9.17,2819634,152033904.00
2010-07-21,9.17,9.28,9.04,9.05,2594879,142681072.00
2010-07-22,9.05,9.52,9.05,9.47,4032105,225224768.00
2010-07-23,9.48,9.48,9.28,9.44,3058984,171900672.00
2010-07-26,9.44,9.51,9.26,9.43,1889299,106277864.00
2010-07-27,9.43,9.66,9.35,9.47,2245918,128421992.00
2010-07-28,9.47,9.67,9.39,9.61,2238540,128333768.00
2010-07-29,9.67,9.76,9.44,9.53,2530285,145102704.00
2010-07-30,9.43,9.46,9.02,9.21,4291212,236584880.00
2010-08-02,9.21,10.16,9.12,10.06,5577396,320046784.00
2010-08-03,10.06,10.87,9.78,10.24,4965366,308742304.00
2010-08-04,10.08,10.30,9.66,10.10,5234998,310446080.00
2010-08-05,10.41,10.61,10.15,10.41,4326278,269795072.00
2010-08-06,10.37,10.56,10.36,10.53,2778785,173704128.00
2010-08-09,10.54,10.59,10.36,10.57,3384981,212045152.00
2010-08-10,10.59,10.60,10.02,10.02,4325259,264761184.00
2010-08-11,9.90,10.15,9.81,9.98,2570694,152945360.00
2010-08-12,9.87,9.96,9.75,9.76,2166376,127251552.00
2010-08-13,9.76,9.85,9.54,9.79,2082088,121042384.00
2010-08-16,9.82,9.97,9.52,9.92,2606367,154141056.00
2010-08-17,9.97,10.01,9.73,9.82,2624741,154401920.00
2010-08-18,9.82,10.00,9.69,9.74,2802648,164639632.00
2010-08-19,9.74,9.81,9.67,9.71,1994752,116235056.00
2010-08-20,9.67,9.74,9.17,9.17,4247539,238900320.00
2010-08-23,9.17,9.26,8.98,9.04,2841734,155210960.00
2010-08-24,9.00,9.97,9.00,9.86,5058490,289769312.00
2010-08-25,9.87,9.90,9.45,9.45,3034927,175181552.00
2010-08-26,9.38,9.58,9.26,9.42,2033853,114423200.00
2010-08-27,9.33,9.57,9.17,9.46,2498011,140391552.00
2010-08-30,9.43,9.85,9.43,9.78,3049126,177574208.00
2010-08-31,9.69,9.91,9.63,9.80,2991451,174601840.00
2010-09-01,9.84,10.31,9.82,9.92,4697299,283115968.00
2010-09-02,9.98,10.49,9.74,10.30,6451375,393915904.00
2010-09-03,10.30,10.83,10.30,10.53,5772062,365363136.00
2010-09-06,10.54,10.62,9.87,9.95,4407607,266325792.00
2010-09-07,9.96,10.13,9.78,9.96,2910275,173089232.00
2010-09-08,9.94,10.12,9.83,10.04,2396633,143482464.00
2010-09-09,10.12,10.48,10.04,10.27,3817756,235274688.00
2010-09-10,10.27,10.53,10.09,10.22,2615675,160911776.00
2010-09-13,10.30,10.30,10.04,10.11,1858108,112476904.00
2010-09-14,10.22,10.27,9.84,9.92,2276299,135716960.00
2010-09-15,9.87,9.92,9.44,9.47,2753048,158179472.00
2010-09-16,9.47,9.59,9.14,9.20,2049170,113820712.00
2010-09-17,9.24,9.43,9.24,9.38,1336429,74814280.00
2010-09-20,9.38,9.48,9.02,9.02,1141355,62655164.00
2010-09-21,9.03,9.16,8.71,8.73,1509111,80027232.00
2010-09-27,8.74,9.03,8.74,8.88,1235488,65863588.00
2010-09-28,8.88,9.02,8.78,9.00,1399799,74752256.00
2010-09-29,9.00,9.11,8.81,8.83,1702946,91560224.00
2010-09-30,8.74,8.91,8.73,8.87,929266,49291100.00
2010-10-08,8.89,9.12,8.86,8.99,1818864,97977312.00
2010-10-11,9.00,9.02,8.69,8.82,4019649,213147824.00
2010-10-12,8.74,9.10,8.74,8.98,2018520,108738328.00
2010-10-13,9.03,9.09,8.83,9.09,2241734,120631944.00
2010-10-14,9.00,9.74,8.94,9.51,3735997,211809136.00
2010-10-15,9.53,9.53,9.16,9.28,2231423,123991576.00
2010-10-18,9.17,9.28,8.48,8.74,3589114,187979776.00
2010-10-19,8.65,9.64,8.58,9.31,6307418,351364320.00
2010-10-20,9.22,9.71,9.17,9.50,5931141,336747040.00
2010-10-21,9.53,9.55,9.14,9.21,2888018,160487184.00
2010-10-22,9.21,9.95,9.21,9.67,4623102,267737184.00
2010-10-25,9.96,10.42,9.79,9.85,3835943,230646288.00
2010-10-26,9.71,10.02,9.52,9.97,3145211,182113104.00
2010-10-27,9.86,10.23,9.78,9.78,3092196,185150096.00
2010-10-28,9.66,9.85,9.52,9.69,2251364,129781744.00
2010-10-29,9.69,10.13,9.68,9.94,3542989,211662352.00
2010-11-01,10.22,10.42,9.96,10.35,4653240,286195200.00
2010-11-02,10.37,10.38,9.79,9.83,3832125,229366624.00
2010-11-03,9.76,9.76,9.35,9.42,2838632,161262416.00
2010-11-04,9.69,9.93,9.51,9.79,3677171,212863728.00
2010-11-05,9.83,9.92,9.53,9.77,3615304,210541248.00
2010-11-08,9.96,10.30,9.96,10.06,3072169,184974384.00
2010-11-09,10.08,10.27,9.93,10.21,3246049,196538224.00
2010-11-10,10.22,11.20,10.14,10.90,5929702,384057952.00
2010-11-11,10.70,11.60,10.65,11.24,5570359,372509088.00
2010-11-12,11.15,11.95,10.92,11.48,7632387,523368512.00
2010-11-15,11.48,12.66,11.24,12.66,6961936,500124512.00
2010-11-16,12.66,12.90,11.54,11.76,6568733,477525120.00
2010-11-17,11.41,11.69,10.56,10.65,5100840,338208480.00
2010-11-18,10.80,10.91,10.37,10.77,3061921,193753696.00
2010-11-19,10.79,11.49,10.56,11.43,3695951,245984768.00
2010-11-22,11.45,12.21,11.45,11.60,4423841,308139776.00
2010-11-23,11.60,11.69,10.82,11.23,3699713,244231328.00
2010-11-24,11.08,11.52,10.96,11.49,2149033,145212704.00
2010-11-25,11.58,11.87,11.09,11.22,3090761,209579184.00
2010-11-26,11.23,11.34,10.91,10.93,2661968,175136384.00
2010-11-29,10.93,11.34,10.68,11.27,2818448,185576368.00
2010-11-30,11.22,11.23,10.39,10.68,2702715,172517184.00
2010-12-01,10.56,10.95,10.49,10.72,1308453,83508656.00
2010-12-02,10.82,11.10,10.72,10.86,1773443,115391688.00
2010-12-03,10.86,10.95,10.46,10.60,1340487,84725184.00
2010-12-06,10.58,10.65,10.35,10.59,1075507,67524600.00
2010-12-07,10.59,10.78,10.30,10.73,1608085,101136536.00
2010-12-08,10.63,10.91,10.53,10.55,1046376,66819092.00
2010-12-09,10.46,10.66,10.39,10.39,853901,53424468.00
2010-12-10,10.39,10.63,10.37,10.55,904658,56869204.00
2010-12-13,10.74,10.96,10.63,10.93,1961109,127064216.00
2010-12-14,11.04,11.06,10.86,10.98,1704635,111470624.00
2010-12-15,10.89,11.08,10.89,10.95,1410235,92177400.00
2010-12-16,10.92,11.39,10.88,11.20,2269568,151576176.00
2010-12-17,11.20,11.51,10.93,10.95,2289492,152449840.00
2010-12-20,11.03,11.05,10.30,10.62,1976030,125474952.00
2010-12-21,10.61,10.73,10.50,10.59,1434621,90571320.00
2010-12-22,10.59,10.63,10.44,10.45,1254113,78513256.00
2010-12-23,10.45,10.56,10.39,10.46,979619,61125532.00
2010-12-24,10.41,10.46,9.89,9.94,1869959,112476800.00
2010-12-27,9.94,10.11,9.43,9.45,1709704,100299560.00
2010-12-28,9.43,9.44,8.85,8.91,2223257,120115824.00
2010-12-29,8.93,9.08,8.88,9.06,1575104,84854448.00
2010-12-30,9.16,9.16,8.98,9.06,1102709,59920236.00
2010-12-31,9.10,9.34,9.06,9.33,1174834,65042004.00
2011-01-04,9.37,9.68,9.17,9.52,2394857,134547760.00
2011-01-05,9.50,9.69,9.37,9.45,1181949,67446296.00
2011-01-06,9.52,9.52,9.15,9.19,1599500,88895016.00
2011-01-07,9.17,9.29,8.86,9.29,2235933,121138224.00
2011-01-10,9.10,9.30,8.95,8.96,1102627,60185400.00
2011-01-11,8.96,8.96,8.65,8.80,1297678,68402544.00
2011-01-12,8.91,9.00,8.74,8.94,946240,50445600.00
2011-01-13,8.98,9.08,8.83,8.84,1136523,60788956.00
2011-01-14,8.79,8.81,8.46,8.47,1734191,89100040.00
2011-01-17,8.41,8.43,8.15,8.29,1314749,65523448.00
2011-01-18,8.27,8.38,8.18,8.37,662402,32988026.00
2011-01-19,8.37,8.52,8.28,8.48,1586531,80144344.00
2011-01-20,8.48,8.48,8.13,8.17,1338636,66670900.00
2011-01-21,8.13,8.13,7.99,8.05,1457173,70758968.00
2011-01-24,8.05,8.11,7.97,8.01,740272,35821100.00
2011-01-25,8.01,8.04,7.57,7.68,1125710,52931304.00
2011-01-26,7.61,7.78,7.58,7.70,1579501,73254920.00
2011-01-27,7.70,7.86,7.44,7.75,1718943,79384184.00
2011-01-28,7.74,7.92,7.72,7.89,1039584,49272840.00
2011-01-31,7.96,8.07,7.75,8.02,870553,41767976.00
2011-02-01,8.04,8.14,8.02,8.14,832620,40549196.00
2011-02-09,8.08,8.12,7.82,7.85,753089,36230276.00
2011-02-10,7.85,8.24,7.84,8.20,1324382,64823924.00
2011-02-11,8.20,8.29,8.08,8.14,1951178,95903656.00
2011-02-14,8.15,8.29,8.13,8.28,2250281,111388256.00
2011-02-15,8.28,8.44,8.24,8.29,1971610,98836184.00
2011-02-16,8.29,8.43,8.23,8.35,2622394,130946080.00
2011-02-17,8.39,8.65,8.35,8.60,3181725,163331456.00
2011-02-18,8.63,8.94,8.63,8.71,3342714,176332208.00
2011-02-21,8.64,8.69,8.48,8.69,2759418,142355552.00
2011-02-22,8.71,8.87,8.30,8.31,2882571,148221040.00
2011-02-23,8.22,8.43,8.20,8.39,1665873,83481176.00
2011-02-24,8.39,8.46,8.27,8.36,1098741,55148512.00
2011-02-25,8.37,8.48,8.33,8.36,1300156,65695800.00
2011-02-28,8.39,8.41,8.24,8.34,2136865,106646024.00
2011-03-01,8.34,8.46,8.29,8.40,2124273,106928480.00
2011-03-02,8.39,8.39,8.16,8.22,1795781,89184992.00
2011-03-03,8.22,8.27,7.96,7.96,2171245,105909488.00
2011-03-04,7.96,8.05,7.88,8.02,1574996,75451680.00
2011-03-07,8.03,8.13,8.03,8.13,1904840,92767400.00
2011-03-08,8.14,8.48,8.14,8.45,3108281,156239408.00
2011-03-09,8.45,8.51,8.22,8.33,1843413,92453808.00
2011-03-10,8.34,8.43,8.29,8.31,1859852,93531632.00
2011-03-11,8.22,8.39,8.14,8.25,1665172,83049408.00
2011-03-14,8.23,8.31,8.05,8.29,1534094,75654280.00
2011-03-15,8.29,8.32,8.01,8.10,1646208,80184184.00
2011-03-16,8.05,8.20,8.05,8.18,1201546,58924744.00
2011-03-17,8.05,8.05,7.79,7.80,3032762,144474912.00
2011-03-18,7.81,7.92,7.74,7.78,1612289,75878592.00
2011-03-21,7.79,7.83,7.64,7.71,1519781,70648904.00
2011-03-22,7.72,7.82,7.63,7.78,1101810,51428892.00
2011-03-23,7.79,7.82,7.75,7.80,886581,41707440.00
2011-03-24,7.81,7.95,7.79,7.84,1113967,52849160.00
2011-03-25,7.83,7.87,7.74,7.87,1145972,54002860.00
2011-03-28,7.82,7.89,7.68,7.71,1488377,69640632.00
2011-03-29,7.69,7.70,7.49,7.51,1523807,69596304.00
2011-03-30,7.50,7.50,7.23,7.35,1610946,71771288.00
2011-03-31,7.37,7.58,7.37,7.47,1161372,52630876.00
2011-04-01,7.48,7.54,7.35,7.49,616862,27727580.00
2011-04-06,7.45,7.45,7.30,7.32,1419313,63003276.00
2011-04-07,7.36,7.52,7.32,7.49,1333695,59923432.00
2011-04-11,7.56,7.65,7.39,7.40,1526574,69185008.00
2011-04-12,7.41,7.62,7.41,7.50,1297791,59103080.00
2011-04-13,7.51,7.65,7.48,7.61,1328646,61001532.00
2011-04-14,7.62,7.63,7.50,7.55,955182,43516292.00
2011-04-15,7.55,7.55,7.36,7.45,914657,41112832.00
2011-04-18,7.49,7.59,7.44,7.53,759174,34470944.00
2011-04-19,7.53,7.53,7.36,7.44,953652,42729524.00
2011-04-20,7.39,7.49,7.39,7.44,894285,33297628.00
2011-04-21,7.44,8.10,7.39,7.82,4299764,167789008.00
2011-04-22,7.82,8.03,7.62,7.93,3597164,141683712.00
2011-04-25,7.93,7.93,7.50,7.59,1765388,67658576.00
2011-04-26,7.53,7.64,7.49,7.51,1144886,43248840.00
2011-04-27,7.60,7.60,7.18,7.21,1224658,45263724.00
2011-04-28,7.24,7.30,6.81,6.85,1394820,49009800.00
2011-04-29,6.81,6.95,6.76,6.90,956127,33007974.00
2011-05-03,6.86,7.00,6.81,6.97,762105,26485928.00
2011-05-04,6.97,6.99,6.72,6.73,872778,29898688.00
2011-05-05,6.73,6.83,6.56,6.73,803615,27154884.00
2011-05-06,6.72,6.73,6.62,6.67,712344,23944402.00
2011-05-09,6.72,6.88,6.67,6.80,673515,23033612.00
2011-05-10,6.80,6.83,6.68,6.72,814775,27549318.00
2011-05-11,6.72,6.84,6.72,6.74,574028,19567234.00
2011-05-12,6.73,6.73,6.52,6.52,889906,29692038.00
2011-05-13,6.46,6.59,6.36,6.53,986455,32038034.00
2011-05-16,6.53,6.55,6.35,6.35,781825,25366504.00
2011-05-17,6.34,6.40,6.07,6.16,1489406,46680244.00
2011-05-18,6.18,6.23,6.08,6.15,807952,25183808.00
2011-05-19,6.20,6.24,6.14,6.17,667677,20842518.00
2011-05-20,6.17,6.33,6.16,6.26,1215866,38482296.00
2011-05-23,6.26,6.30,5.85,5.86,1268844,38841468.00
2011-05-24,5.83,6.41,5.56,6.22,2582522,78784216.00
2011-05-25,6.14,6.20,5.91,5.92,1579591,48622372.00
2011-05-26,5.92,6.04,5.72,5.76,1080946,32161612.00
2011-05-27,5.82,5.92,5.70,5.84,1222497,35968492.00
2011-05-30,5.85,6.12,5.77,6.07,1929704,58789588.00
2011-05-31,6.07,6.16,5.96,6.16,1228064,37599288.00
2011-06-01,6.13,6.24,6.08,6.10,1423602,44213260.00
2011-06-02,6.02,6.04,5.82,5.91,1174622,35171716.00
2011-06-03,5.91,6.07,5.88,6.00,997990,30256458.00
2011-06-07,5.93,6.00,5.89,5.95,1142385,34310936.00
2011-06-08,5.90,5.97,5.85,5.91,870014,25904438.00
2011-06-09,5.89,5.89,5.73,5.80,1361867,39803940.00
2011-06-10,5.75,5.79,5.64,5.72,1092196,31533070.00
2011-06-13,5.77,5.97,5.68,5.91,1632401,48378340.00
2011-06-14,5.89,5.95,5.83,5.90,1716107,51054728.00
2011-06-15,5.85,5.94,5.72,5.74,1285599,37889640.00
2011-06-16,5.68,5.68,5.44,5.46,1975720,55501392.00
2011-06-17,5.47,5.51,5.41,5.41,837236,23140480.00
2011-06-20,5.41,5.43,5.08,5.15,2093054,55366392.00
2011-06-21,5.15,5.20,5.02,5.16,1840717,47949592.00
2011-06-22,5.16,5.20,5.06,5.08,1248013,32613416.00
2011-06-23,5.06,5.55,4.98,5.47,4526352,124001848.00
2011-06-24,5.41,5.56,5.37,5.53,3530897,98505088.00
2011-06-27,5.48,5.65,5.48,5.55,3226939,91097744.00
2011-06-28,5.52,5.72,5.49,5.66,1719646,48846952.00
2011-06-30,5.66,5.99,5.52,5.88,3714716,108890936.00
2011-07-01,5.88,5.97,5.79,5.81,2343792,69631984.00
2011-07-04,5.82,5.93,5.82,5.91,2508486,74665920.00
2011-07-05,5.93,6.07,5.89,5.94,2252280,67978784.00
2011-07-06,5.93,6.03,5.86,5.99,2103249,63150876.00
2011-07-07,6.00,6.06,5.87,5.88,3471068,104486688.00
2011-07-08,5.86,5.93,5.70,5.80,2426696,71355600.00
2011-07-11,5.77,5.81,5.69,5.78,1351690,39442068.00
2011-07-12,5.71,5.71,5.56,5.60,1961122,56106304.00
2011-07-13,5.57,5.78,5.57,5.73,2027735,58324172.00
2011-07-14,5.76,6.04,5.75,6.02,4454788,132663784.00
2011-07-15,6.04,6.31,5.98,6.27,6974137,217030320.00
2011-07-18,6.26,6.37,6.08,6.12,4626981,144775328.00
2011-07-19,6.04,6.07,5.86,5.94,3840112,115250096.00
2011-07-20,5.97,6.03,5.81,5.91,2912120,87115112.00
2011-07-21,5.92,5.96,5.73,5.73,2514447,73932336.00
2011-07-22,5.79,5.88,5.75,5.79,1896421,55734828.00
2011-07-25,5.76,5.76,5.38,5.42,2717049,76781240.00
2011-07-26,5.41,5.45,5.27,5.36,1768770,48023888.00
2011-07-27,5.40,5.51,5.29,5.47,1573600,43335680.00
2011-07-28,5.41,5.46,5.33,5.44,1217181,33391620.00
2011-07-29,5.66,5.80,5.60,5.67,3433129,98954680.00
2011-08-01,5.71,6.27,5.70,6.14,8098189,249226000.00
2011-08-02,6.07,6.40,5.98,6.40,8248676,257394272.00
2011-08-03,6.35,6.45,6.24,6.26,6491492,207452704.00
2011-08-04,6.22,6.32,6.03,6.06,5162369,160245552.00
2011-08-05,5.85,6.04,5.73,5.93,4302589,128096712.00
2011-08-08,5.87,5.91,5.31,5.57,5339003,151774080.00
2011-08-09,5.35,5.69,5.31,5.68,4484811,125688272.00
2011-08-10,5.83,6.27,5.76,6.06,6378519,192891072.00
2011-08-11,5.91,6.41,5.86,6.36,9225568,291238112.00
2011-08-12,6.43,6.55,6.25,6.35,9717308,313751072.00
2011-08-15,6.31,6.39,6.27,6.37,4881425,155817808.00
2011-08-17,6.29,6.66,6.14,6.60,7159662,231634000.00
2011-08-18,6.63,6.64,6.27,6.28,4862555,158205008.00
2011-08-19,6.04,6.41,6.04,6.39,4835382,153434416.00
2011-08-22,6.42,6.76,6.35,6.49,5843361,193455824.00
2011-08-23,6.54,7.04,6.48,7.01,8429017,288470880.00
2011-08-24,6.99,7.04,6.85,6.93,6305098,219572752.00
2011-08-25,6.93,7.00,6.72,6.94,5800098,199670720.00
2011-08-26,6.91,7.26,6.86,6.96,5689722,201637408.00
2011-08-29,6.93,6.95,6.73,6.82,3688661,126870976.00
2011-08-30,6.87,7.02,6.59,6.61,4482604,152743536.00
2011-08-31,6.56,6.80,6.49,6.63,3668335,122731928.00
2011-09-01,6.62,6.75,6.48,6.56,2815304,93617232.00
2011-09-02,6.57,6.58,6.35,6.41,2450003,79514200.00
2011-09-05,6.33,6.33,6.08,6.15,2888537,90251728.00
2011-09-06,6.09,6.28,6.06,6.22,2512791,78286000.00
2011-09-07,6.28,6.48,6.27,6.43,3156521,101558368.00
2011-09-08,6.45,6.50,6.22,6.22,2338962,75168400.00
2011-09-09,6.18,6.28,6.03,6.06,2319389,71834288.00
2011-09-13,5.93,5.96,5.74,5.88,2395916,70733616.00
2011-09-14,5.89,6.21,5.81,6.21,2783720,84618760.00
2011-09-15,6.18,6.27,6.14,6.15,2372498,74312856.00
2011-09-16,6.20,6.26,6.12,6.14,1415869,44249888.00
2011-09-19,6.08,6.08,5.72,5.80,2393571,71027352.00
2011-09-20,5.77,5.97,5.72,5.88,1892940,55956108.00
2011-09-21,5.86,6.12,5.83,6.08,2294433,69579136.00
2011-09-22,6.02,6.03,5.69,5.70,2536146,75377864.00
2011-09-23,5.64,5.79,5.52,5.74,2249619,64444548.00
2011-09-26,5.73,5.85,5.59,5.61,1859294,53714560.00
2011-09-27,5.68,5.75,5.58,5.70,1665980,47955504.00
2011-09-28,5.78,5.79,5.50,5.51,1767024,50373624.00
2011-09-29,5.47,5.47,5.31,5.31,1741509,47494008.00
2011-09-30,5.33,5.38,5.17,5.33,1354901,36444016.00
2011-10-10,5.37,5.45,5.28,5.34,992873,27042232.00
2011-10-11,5.51,5.54,5.21,5.28,1965136,53863832.00
2011-10-12,5.28,5.58,5.19,5.55,2631533,72689656.00
2011-10-13,5.55,5.72,5.52,5.67,2746738,78446240.00
2011-10-14,5.59,5.65,5.42,5.53,1997654,56243848.00
2011-10-17,5.55,5.61,5.42,5.45,2409060,67199032.00
2011-10-18,5.41,5.62,5.37,5.41,2919636,81609384.00
2011-10-19,5.39,5.46,5.20,5.30,1974567,53633780.00
2011-10-20,5.28,5.28,5.00,5.02,1992901,51609132.00
2011-10-21,5.02,5.07,4.88,4.89,1544321,39027572.00
2011-10-24,4.90,5.02,4.70,4.99,1723582,43028320.00
2011-10-25,4.99,5.20,4.89,5.14,2658730,68721616.00
2011-10-26,5.08,5.32,5.07,5.18,2923321,77377568.00
2011-10-27,5.19,5.33,5.15,5.16,2061899,54828148.00
2011-10-28,5.26,5.30,5.16,5.28,2066150,55121736.00
2011-10-31,5.27,5.47,5.24,5.42,2710673,74101136.00
2011-11-01,5.39,5.40,5.19,5.26,4013028,107874472.00
2011-11-02,5.14,5.68,5.00,5.60,7494678,201884688.00
2011-11-03,5.61,5.78,5.52,5.54,7419829,212900224.00
2011-11-04,5.58,5.62,5.45,5.51,5195095,145281136.00
2011-11-07,5.48,5.58,5.43,5.45,3153527,87983656.00
2011-11-08,5.50,5.51,5.18,5.18,7574224,204635328.00
2011-11-09,5.18,5.40,5.18,5.38,6724410,180713904.00
2011-11-10,5.30,5.62,5.27,5.47,8172961,226932336.00
2011-11-11,5.46,5.60,5.34,5.37,6933137,192886272.00
2011-11-14,5.38,5.70,5.38,5.69,7188459,204752688.00
2011-11-15,5.68,5.76,5.57,5.70,6612238,189794304.00
2011-11-16,5.69,5.75,5.44,5.48,4729133,134073664.00
2011-11-17,5.52,5.75,5.52,5.63,5603303,159961600.00
2011-11-18,5.60,5.62,5.41,5.46,3537624,98551512.00
2011-11-21,5.52,5.52,5.08,5.21,5109434,136041808.00
2011-11-22,5.14,5.17,5.06,5.12,2970195,77313896.00
2011-11-23,5.12,5.17,5.02,5.02,3029225,78324032.00
2011-11-24,4.95,5.14,4.85,5.09,3290208,84358640.00
2011-11-25,5.08,5.13,4.94,4.96,2344243,60106552.00
2011-11-28,4.95,5.03,4.93,4.98,1367222,34733076.00
2011-11-29,5.05,5.14,4.99,5.12,1939805,50089024.00
2011-11-30,5.11,5.13,4.73,4.77,3347502,83827576.00
2011-12-01,4.96,5.03,4.87,4.88,3179237,80279240.00
2011-12-02,4.87,4.89,4.71,4.73,1800303,43958464.00
2011-12-05,4.74,4.76,4.37,4.39,2670021,61929908.00
2011-12-06,4.39,4.53,4.36,4.46,1516728,34570392.00
2011-12-07,4.47,4.56,4.46,4.48,1333866,30828316.00
2011-12-08,4.43,4.59,4.31,4.53,3160176,72634832.00
2011-12-09,4.47,4.50,4.35,4.35,2263311,51322808.00
2011-12-12,4.36,4.40,4.22,4.22,1732523,38440460.00
2011-12-13,4.18,4.21,4.02,4.04,2370440,49840504.00
2011-12-14,3.98,4.10,3.94,3.97,1368775,28434452.00
2011-12-15,3.94,4.05,3.89,3.95,2124329,43687392.00
2011-12-16,3.96,4.12,3.94,4.12,2426963,50485448.00
2011-12-19,4.07,4.16,3.95,4.11,2780406,58385888.00
2011-12-20,4.16,4.31,4.12,4.16,3118951,67972224.00
2011-12-21,4.20,4.25,3.98,3.98,2189668,46560796.00
2011-12-22,3.90,3.97,3.73,3.89,2442787,48493960.00
2011-12-23,3.85,3.98,3.83,3.89,1733956,35047200.00
2011-12-26,3.92,3.97,3.85,3.86,1437953,29197286.00
2011-12-27,3.87,3.87,3.51,3.53,3238034,61765588.00
2011-12-28,3.48,3.53,3.34,3.43,3691087,65946720.00
2011-12-29,3.39,3.47,3.35,3.42,2015527,36199988.00
2011-12-30,3.44,3.53,3.44,3.49,2008389,36671952.00
2012-01-04,3.56,3.56,3.32,3.32,2286400,41299792.00
2012-01-05,3.26,3.31,3.12,3.16,2190354,36979856.00
2012-01-06,3.12,3.28,3.12,3.26,1899052,32048034.00
2012-01-09,3.27,3.42,3.20,3.41,2429913,42552440.00
2012-01-10,3.41,3.66,3.37,3.60,4032142,74581632.00
2012-01-11,3.59,3.77,3.54,3.67,4962516,95161672.00
2012-01-12,3.64,3.72,3.60,3.64,3608215,68924928.00
2012-01-13,3.64,3.66,3.40,3.42,3201475,58249408.00
2012-01-16,3.36,3.46,3.32,3.41,2093196,37242676.00
2012-01-17,3.37,3.64,3.29,3.62,3048778,55696804.00
2012-01-18,3.58,3.70,3.37,3.37,2982362,55308208.00
2012-01-19,3.38,3.53,3.35,3.52,2398958,43461612.00
2012-01-20,3.54,3.59,3.54,3.54,2066801,38446748.00
2012-01-30,3.57,3.70,3.50,3.60,3251958,61336492.00
2012-01-31,3.59,3.61,3.48,3.57,2071335,38228368.00
2012-02-01,3.56,3.66,3.52,3.55,2153140,40369956.00
2012-02-02,3.58,3.70,3.56,3.69,3175862,60288200.00
2012-02-03,3.68,3.76,3.64,3.74,3447908,66584696.00
2012-02-06,3.76,3.78,3.69,3.72,2985763,57998160.00
2012-02-07,3.69,3.71,3.55,3.59,2830214,53452720.00
2012-02-08,3.60,3.76,3.56,3.76,3528053,67820816.00
2012-02-09,3.75,3.87,3.73,3.79,4761493,94362520.00
2012-02-10,3.78,3.81,3.73,3.78,2879296,56455188.00
2012-02-13,3.74,3.92,3.70,3.88,4236822,84459304.00
2012-02-14,3.91,3.93,3.81,3.84,2625405,52478580.00
2012-02-15,3.84,3.95,3.81,3.94,3437023,69503648.00
2012-02-16,3.96,4.07,3.88,3.93,4544353,93842888.00
2012-02-17,3.91,3.97,3.82,3.88,3277725,65985996.00
2012-02-20,3.97,4.14,3.94,3.98,5669710,118447560.00
2012-02-21,3.99,4.31,3.89,4.27,7552606,160106912.00
2012-02-22,4.24,4.37,4.18,4.33,6776431,149749312.00
2012-02-23,4.35,4.43,4.20,4.29,5916613,131429520.00
2012-02-24,4.30,4.32,4.22,4.30,4195452,92415456.00
2012-02-27,4.30,4.37,4.24,4.24,4711868,104510128.00
2012-02-28,4.21,4.22,4.09,4.12,4435907,94934528.00
2012-02-29,4.14,4.22,4.07,4.08,2900063,61986048.00
2012-03-01,4.06,4.18,4.05,4.12,2727462,58026632.00
2012-03-02,4.14,4.22,4.12,4.22,2705444,58482924.00
2012-03-05,4.22,4.24,4.14,4.15,3532220,76135608.00
2012-03-06,4.14,4.14,4.04,4.07,2825109,59570820.00
2012-03-07,4.01,4.12,3.98,4.01,2295408,48057352.00
2012-03-08,4.06,4.10,4.02,4.08,2920136,61352248.00
2012-03-09,4.08,4.33,4.08,4.32,5709488,124613208.00
2012-03-12,4.34,4.34,4.23,4.33,4580581,101245208.00
2012-03-13,4.33,4.40,4.27,4.38,3962600,88390872.00
2012-03-14,4.43,4.43,3.94,3.99,7364311,159308416.00
2012-03-15,3.99,4.04,3.85,3.88,4247447,86152504.00
2012-03-16,3.91,4.02,3.89,4.00,3358783,68888272.00
2012-03-19,4.00,4.06,3.92,4.05,2787477,57731152.00
2012-03-20,4.02,4.02,3.85,3.86,3739630,75861360.00
2012-03-21,3.85,3.91,3.77,3.85,2587847,51568664.00
2012-03-22,3.85,3.90,3.81,3.85,1886221,37699264.00
2012-03-23,3.84,3.85,3.73,3.76,1907976,37588504.00
2012-03-26,3.76,3.76,3.62,3.65,3066340,58853380.00
2012-03-27,3.69,3.76,3.65,3.66,1988455,38377376.00
2012-03-28,3.64,3.64,3.45,3.47,2841376,52489496.00
2012-03-29,3.45,3.47,3.38,3.39,1742435,31238896.00
2012-03-30,3.44,3.45,3.40,3.45,1859274,33415298.00
2012-04-05,3.46,3.54,3.33,3.53,2400723,43507800.00
2012-04-06,3.49,3.64,3.48,3.55,2454747,45718008.00
2012-04-09,3.55,3.62,3.52,3.60,1936979,36198124.00
2012-04-10,3.56,3.75,3.53,3.75,2557679,48407048.00
2012-04-11,3.69,3.76,3.66,3.73,1918078,37090888.00
2012-04-13,3.95,4.08,3.77,3.83,5463451,110501640.00
2012-04-16,3.79,3.80,3.68,3.74,2385563,46457532.00
2012-04-17,3.70,3.78,3.66,3.73,1965207,37943200.00
2012-04-18,3.74,3.79,3.71,3.77,3006245,58863916.00
2012-04-19,3.77,3.80,3.76,3.78,1970335,38688044.00
2012-04-20,3.79,3.79,3.71,3.76,1993276,38871580.00
2012-04-23,3.74,3.74,3.36,3.43,5411565,99423888.00
2012-04-24,3.41,3.41,3.20,3.35,3555189,61822452.00
2012-04-25,3.33,3.40,3.23,3.40,1978242,34924212.00
2012-04-26,3.39,3.39,3.31,3.34,1980358,34776168.00
2012-04-27,3.32,3.40,3.31,3.37,1370664,24217520.00
2012-05-02,3.42,3.45,3.39,3.45,2085229,37360456.00
2012-05-03,3.44,3.50,3.42,3.48,1829900,33127098.00
2012-05-04,3.50,3.54,3.48,3.51,1968693,36122144.00
2012-05-07,3.44,3.56,3.43,3.56,2425869,44494404.00
2012-05-08,3.55,3.60,3.48,3.48,2727599,50490072.00
2012-05-09,3.45,3.53,3.44,3.44,2272809,41324612.00
2012-05-10,3.44,3.52,3.42,3.46,1758098,32024252.00
2012-05-11,3.50,3.50,3.45,3.46,1604235,29155886.00
2012-05-14,3.46,3.49,3.36,3.37,2066351,36960464.00
2012-05-15,3.33,3.34,3.25,3.31,1579592,27262994.00
2012-05-16,3.28,3.34,3.24,3.28,994343,17240986.00
2012-05-17,3.30,3.36,3.27,3.35,1095492,19184976.00
2012-05-18,3.33,3.49,3.30,3.37,2226629,39905216.00
2012-05-21,3.36,3.47,3.36,3.40,1423749,25511586.00
2012-05-22,3.43,3.47,3.34,3.39,1531191,27228050.00
2012-05-23,3.38,3.39,3.28,3.32,1370405,24065392.00
2012-05-24,3.32,3.37,3.30,3.33,1129008,19768276.00
2012-05-25,3.44,3.49,3.33,3.34,2253760,40367524.00
2012-05-28,3.36,3.36,3.17,3.33,1507526,26004974.00
2012-05-29,3.33,3.43,3.31,3.43,2181596,38723704.00
2012-05-30,3.43,3.60,3.40,3.55,5561374,102767448.00
2012-05-31,3.54,3.59,3.50,3.54,2802819,51884152.00
2012-06-01,3.56,3.74,3.55,3.68,5257104,100512472.00
2012-06-04,3.60,3.82,3.57,3.62,4571174,88012904.00
2012-06-05,3.74,3.74,3.58,3.59,2813951,53474164.00
2012-06-06,3.59,3.62,3.52,3.54,2222690,41204388.00
2012-06-07,3.59,3.73,3.58,3.62,3958959,75451400.00
2012-06-08,3.69,3.89,3.60,3.85,7285363,143390928.00
2012-06-11,3.90,3.90,3.75,3.86,4667517,91165200.00
2012-06-12,3.83,4.05,3.80,3.91,5964200,120615896.00
2012-06-13,3.92,3.95,3.85,3.91,3929704,78071040.00
2012-06-14,3.89,3.91,3.79,3.80,3487868,68414200.00
2012-06-15,3.80,3.86,3.63,3.67,4788972,91366640.00
2012-06-18,3.71,3.78,3.63,3.73,3437675,65193096.00
2012-06-19,3.72,3.72,3.61,3.64,2656882,49811172.00
2012-06-20,3.58,3.74,3.58,3.68,1991154,37684624.00
2012-06-21,3.70,3.70,3.56,3.59,1977656,36686492.00
2012-06-25,3.60,3.62,3.44,3.47,1692891,30620846.00
2012-06-26,3.47,3.48,3.38,3.47,1390625,24565812.00
2012-06-27,3.48,3.55,3.46,3.50,1599659,28921432.00
2012-06-28,3.51,3.52,3.43,3.44,1310191,23398352.00
2012-06-29,3.44,3.53,3.38,3.50,1215251,21624672.00
2012-07-02,3.50,3.62,3.50,3.60,1888054,34680768.00
2012-07-03,3.61,3.69,3.59,3.60,2111541,39467552.00
2012-07-04,3.58,3.63,3.51,3.52,1495669,27373280.00
2012-07-05,3.48,3.48,3.35,3.38,2435397,42715572.00
2012-07-06,3.42,3.42,3.27,3.42,2286853,39490740.00
2012-07-09,3.54,3.70,3.47,3.48,4775789,87859504.00
2012-07-10,3.41,3.43,3.32,3.36,2292250,39855444.00
2012-07-11,3.33,3.43,3.33,3.41,1177045,20616172.00
2012-07-12,3.40,3.47,3.37,3.43,2716786,47949660.00
2012-07-13,3.42,3.45,3.35,3.35,1746714,30552590.00
2012-07-16,3.33,3.37,3.19,3.19,2526184,42382468.00
2012-07-17,3.17,3.28,3.17,3.27,1422543,23782816.00
2012-07-18,3.26,3.29,3.22,3.29,875852,14742653.00
2012-07-19,3.29,3.35,3.27,3.32,1272163,21829684.00
2012-07-20,3.32,3.35,3.26,3.26,787630,13452827.00
2012-07-23,3.23,3.29,3.19,3.27,748097,12564320.00
2012-07-24,3.27,3.36,3.25,3.33,964696,16488637.00
2012-07-25,3.33,3.37,3.31,3.32,909286,15683751.00
2012-07-26,3.35,3.35,3.28,3.32,1145517,19633482.00
2012-07-27,3.32,3.35,3.30,3.35,879732,15105923.00
2012-07-30,3.41,3.58,3.37,3.49,4633822,83579176.00
2012-07-31,3.44,3.50,3.35,3.47,2669534,47269540.00
2012-08-01,3.46,3.60,3.44,3.54,3374279,61496412.00
2012-08-02,3.53,3.59,3.48,3.56,2895057,52629972.00
2012-08-03,3.57,3.61,3.52,3.61,2784098,51165316.00
2012-08-06,3.58,3.73,3.56,3.71,4263953,79662296.00
2012-08-07,3.70,3.75,3.62,3.66,3591776,67686160.00
2012-08-08,3.65,3.67,3.57,3.61,2676054,49671932.00
2012-08-09,3.61,3.74,3.59,3.73,3331200,62978708.00
2012-08-10,3.71,3.74,3.63,3.65,1985647,37452348.00
2012-08-13,3.64,3.64,3.53,3.53,2125666,39029372.00
2012-08-14,3.53,3.70,3.52,3.70,2910944,53965068.00
2012-08-15,3.70,3.77,3.64,3.70,3539840,67387384.00
2012-08-16,3.70,3.70,3.61,3.61,1692410,31578180.00
2012-08-17,3.59,3.61,3.54,3.55,2085418,38241212.00
2012-08-20,3.54,3.61,3.48,3.60,1654484,30169644.00
2012-08-21,3.60,3.79,3.59,3.74,4783515,91200544.00
2012-08-22,3.74,3.75,3.66,3.69,2599866,49340844.00
2012-08-23,3.69,3.86,3.69,3.85,4625939,90053200.00
2012-08-24,3.82,3.84,3.72,3.73,2627680,50651440.00
2012-08-27,3.70,3.70,3.57,3.60,2033784,37855956.00
2012-08-28,3.57,3.72,3.57,3.65,1892218,35493412.00
2012-08-29,3.63,3.71,3.55,3.55,2546251,47278244.00
2012-08-30,3.52,3.52,3.29,3.34,4457831,78167456.00
2012-08-31,3.34,3.38,3.31,3.35,2051416,35338328.00
2012-09-03,3.33,3.41,3.29,3.39,1450625,25224540.00
2012-09-04,3.39,3.47,3.35,3.35,2025265,35556836.00
2012-09-05,3.33,3.47,3.33,3.44,1886886,33270566.00
2012-09-06,3.44,3.51,3.41,3.50,1890385,33650104.00
2012-09-07,3.53,3.66,3.53,3.61,3272431,60575708.00
2012-09-10,3.58,3.65,3.58,3.63,2375343,44133560.00
2012-09-11,3.65,3.70,3.55,3.59,2780621,51687008.00
2012-09-12,3.60,3.66,3.57,3.64,2384595,44352716.00
2012-09-13,3.64,3.65,3.54,3.55,1903750,35247328.00
2012-09-14,3.58,3.59,3.44,3.46,2668398,48086048.00
2012-09-17,3.46,3.47,3.31,3.32,2216229,38548140.00
2012-09-18,3.31,3.37,3.31,3.33,1277789,22052928.00
2012-09-19,3.37,3.43,3.34,3.40,1821246,31896706.00
2012-09-20,3.38,3.39,3.27,3.27,1715768,29393946.00
2012-09-21,3.27,3.31,3.23,3.24,983002,16613109.00
2012-09-24,3.24,3.24,2.96,3.09,3856461,61356128.00
2012-09-25,3.06,3.06,2.97,3.03,2046274,31963972.00
2012-09-26,2.99,3.02,2.94,2.94,1642156,25420634.00
2012-09-27,2.98,3.11,2.98,3.06,2742497,43607528.00
2012-09-28,3.02,3.10,3.01,3.09,1755037,28015938.00
2012-10-08,3.08,3.13,3.06,3.09,1071557,17194036.00
2012-10-09,3.11,3.20,3.09,3.19,1964347,32142504.00
2012-10-10,3.15,3.20,3.14,3.19,1767089,29016236.00
2012-10-11,3.17,3.17,3.08,3.08,1662868,26988460.00
2012-10-12,3.10,3.13,2.99,3.04,1737034,27589804.00
2012-10-15,3.06,3.08,2.98,3.06,1674046,26407414.00
2012-10-16,3.06,3.08,3.03,3.04,1787640,28355820.00
2012-10-17,3.06,3.14,3.04,3.14,2358451,37905476.00
2012-10-18,3.15,3.17,3.11,3.17,2396079,39031796.00
2012-10-19,3.16,3.17,3.11,3.13,1652776,26917418.00
2012-10-22,3.14,3.14,3.06,3.14,1459389,23531852.00
2012-10-23,3.08,3.12,3.07,3.09,2062672,33100028.00
2012-10-24,3.06,3.09,3.04,3.06,1136546,18095296.00
2012-10-25,3.06,3.09,3.04,3.05,1267454,20189986.00
2012-10-26,3.04,3.05,2.90,2.91,2080166,31928278.00
2012-10-29,2.90,2.90,2.83,2.86,1396636,20876558.00
2012-10-30,2.86,2.88,2.83,2.85,1356584,20213742.00
2012-10-31,2.85,2.89,2.84,2.88,986682,14757172.00
2012-11-01,2.88,2.95,2.87,2.92,2288646,34738576.00
2012-11-02,2.91,2.92,2.84,2.90,3695044,55481028.00
2012-11-05,2.88,2.88,2.86,2.86,1650892,24698374.00
2012-11-06,2.87,2.92,2.86,2.92,3322661,50273688.00
2012-11-07,2.91,2.94,2.84,2.87,5458102,81858424.00
2012-11-08,2.83,2.83,2.72,2.72,3592214,51885932.00
2012-11-09,2.72,2.74,2.69,2.69,1834980,26066662.00
2012-11-12,2.71,2.76,2.69,2.75,1680743,23926466.00
2012-11-13,2.74,2.74,2.63,2.65,4858229,67901016.00
2012-11-14,2.62,2.67,2.61,2.66,2105379,29195610.00
2012-11-15,2.63,2.65,2.57,2.57,2299313,31640994.00
2012-11-16,2.55,2.55,2.46,2.51,2441711,32259760.00
2012-11-19,2.51,2.59,2.48,2.58,2071544,27766724.00
2012-11-20,2.58,2.60,2.53,2.54,1453183,19628570.00
2012-11-21,2.55,2.59,2.50,2.59,2050659,27637226.00
2012-11-22,2.57,2.62,2.56,2.59,2256017,30808398.00
2012-11-23,2.59,2.61,2.57,2.57,1457667,19857532.00
2012-11-26,2.58,2.58,2.52,2.52,1577900,21190322.00
2012-11-27,2.51,2.53,2.41,2.41,2097023,27196140.00
2012-11-28,2.40,2.42,2.38,2.40,1594494,20238412.00
2012-11-29,2.41,2.42,2.32,2.33,1541292,19395996.00
2012-11-30,2.33,2.40,2.31,2.36,1386007,17321032.00
2012-12-03,2.36,2.37,2.29,2.29,1325114,16417324.00
2012-12-04,2.29,2.34,2.26,2.33,1842923,22522856.00
2012-12-05,2.32,2.50,2.31,2.45,3567063,45698308.00
2012-12-06,2.46,2.50,2.43,2.44,2207722,28656966.00
2012-12-07,2.43,2.52,2.41,2.52,2885296,37911668.00
2012-12-10,2.52,2.59,2.52,2.56,3102829,41900988.00
2012-12-11,2.55,2.56,2.50,2.51,2665089,35547588.00
2012-12-12,2.51,2.54,2.45,2.49,2786233,36589660.00
2012-12-13,2.47,2.77,2.47,2.62,8041535,111720984.00
2012-12-14,2.60,2.73,2.57,2.71,6845983,95934848.00
2012-12-17,2.70,2.77,2.68,2.71,4784105,67926152.00
2012-12-18,2.69,2.72,2.64,2.66,4415224,62118568.00
2012-12-19,2.65,2.69,2.63,2.67,2497827,35007156.00
2012-12-20,2.66,2.73,2.64,2.69,3243864,45603336.00
2012-12-21,2.70,2.77,2.67,2.73,4878076,69602728.00
2012-12-24,2.74,2.78,2.71,2.76,4370316,62955284.00
2012-12-25,2.75,2.83,2.73,2.81,5551168,81231712.00
2012-12-26,2.81,2.99,2.81,2.96,8480975,128649808.00
2012-12-27,2.97,2.99,2.87,2.87,5956093,90550768.00
2012-12-28,2.86,2.89,2.82,2.87,5073566,75436944.00
2012-12-31,2.86,2.91,2.83,2.87,4672715,69925752.00
2013-01-04,2.88,2.99,2.84,2.98,5968666,90759784.00
2013-01-07,2.98,3.14,2.96,3.04,7620790,121638088.00
2013-01-08,3.03,3.07,2.98,3.05,4894597,76997696.00
2013-01-09,3.06,3.11,3.01,3.05,4304257,68432088.00
2013-01-10,3.02,3.08,3.02,3.06,3128354,49608180.00
2013-01-11,3.07,3.39,3.06,3.24,13901595,232385744.00
2013-01-14,3.23,3.33,3.19,3.31,6701479,113691464.00
2013-01-15,3.35,3.52,3.34,3.35,7524466,132042976.00
2013-01-16,3.33,3.39,3.25,3.31,5096194,86947456.00
2013-01-17,3.33,3.33,3.20,3.23,3971852,66712632.00
2013-01-18,3.23,3.32,3.22,3.29,3062153,51728004.00
2013-01-21,3.28,3.30,3.21,3.25,4165706,69840008.00
2013-01-22,3.26,3.32,3.16,3.17,3893186,65648624.00
2013-01-23,3.18,3.19,3.08,3.18,3880856,63093152.00
2013-01-24,3.18,3.26,3.05,3.07,4667320,76112984.00
2013-01-25,3.06,3.08,3.02,3.03,2461705,38969736.00
2013-01-28,3.11,3.32,3.11,3.31,5834140,98031736.00
2013-01-29,3.32,3.35,3.29,3.31,3871391,66321256.00
2013-01-30,3.29,3.33,3.12,3.17,7916483,130935584.00
2013-01-31,3.16,3.23,3.14,3.20,3506194,57971356.00
2013-02-01,3.16,3.23,3.16,3.22,2854906,47163344.00
2013-02-04,3.24,3.25,3.14,3.16,2957729,48718760.00
2013-02-05,3.12,3.23,3.12,3.21,2202705,36231336.00
2013-02-06,3.24,3.30,3.22,3.26,2928525,49475236.00
2013-02-07,3.26,3.34,3.26,3.30,3043824,51936140.00
2013-02-08,3.30,3.35,3.28,3.34,3147904,53973208.00
2013-02-18,3.35,3.47,3.35,3.46,4896865,86820864.00
2013-02-19,3.46,3.47,3.28,3.28,4675172,80910688.00
2013-02-20,3.26,3.39,3.26,3.38,3324596,57410264.00
2013-02-21,3.36,3.36,3.23,3.25,3771940,64158320.00
2013-02-22,3.24,3.32,3.24,3.25,2326190,39363872.00
2013-02-25,3.26,3.35,3.24,3.33,2802713,47659296.00
2013-02-26,3.31,3.47,3.27,3.36,5684067,99316648.00
2013-02-27,3.36,3.41,3.27,3.30,2977766,51161908.00
2013-02-28,3.36,3.47,3.35,3.47,6749108,119445120.00
2013-03-01,3.49,3.80,3.47,3.70,11913408,224677056.00
2013-03-04,3.66,3.82,3.57,3.61,10385304,197096512.00
2013-03-05,3.63,3.91,3.59,3.90,8562997,166034960.00
2013-03-06,3.91,3.95,3.83,3.91,6472757,128875208.00
2013-03-07,3.91,4.10,3.78,3.82,7864611,158286832.00
2013-03-08,3.80,3.81,3.62,3.69,5920149,112449080.00
2013-03-11,3.68,3.73,3.59,3.69,3067957,57662272.00
2013-03-12,3.66,3.72,3.44,3.47,5857657,106636984.00
2013-03-13,3.45,3.48,3.33,3.39,4417609,77265152.00
2013-03-14,3.39,3.47,3.37,3.43,2481212,43909784.00
2013-03-15,3.44,3.61,3.34,3.51,5406555,97886800.00
2013-03-18,3.51,3.55,3.41,3.42,3100854,55313728.00
2013-03-19,3.44,3.47,3.33,3.46,2714173,47712840.00
2013-03-20,3.45,3.60,3.43,3.60,4287187,77818344.00
2013-03-21,3.59,3.70,3.57,3.64,4812924,90306568.00
2013-03-22,3.62,3.74,3.61,3.71,3919222,74045208.00
2013-03-25,3.78,3.81,3.67,3.67,4040784,77154416.00
2013-03-26,3.69,3.70,3.52,3.58,4211751,77376664.00
2013-03-27,3.55,3.68,3.55,3.62,2700207,50223492.00
2013-03-28,3.57,3.57,3.44,3.52,4219694,76155872.00
2013-03-29,3.52,3.52,3.38,3.40,3997355,70948472.00
2013-04-01,3.35,3.43,3.22,3.34,4283231,73101424.00
2013-04-02,3.58,3.63,3.44,3.52,8961936,162629984.00
2013-04-03,3.51,3.54,3.41,3.48,2988524,53468304.00
2013-04-08,3.42,3.86,3.39,3.86,10437014,199814560.00
2013-04-09,4.00,4.27,4.00,4.27,16100391,341286528.00
2013-04-10,4.39,4.43,4.18,4.31,21723635,474806880.00
2013-04-11,4.29,4.36,4.10,4.10,11895881,254175792.00
2013-04-12,4.12,4.17,4.02,4.04,8098959,168637872.00
2013-04-16,3.67,3.74,3.61,3.61,7076323,132030992.00
2013-04-17,3.52,3.66,3.49,3.62,18132619,332316128.00
2013-04-18,3.57,3.59,3.46,3.52,11637271,210871184.00
2013-04-19,3.50,3.66,3.50,3.62,10255166,189206032.00
2013-04-22,3.59,3.80,3.58,3.75,9475532,180194544.00
2013-04-23,3.73,3.85,3.68,3.69,9474240,183107264.00
2013-04-24,3.68,3.97,3.67,3.96,9663454,191106176.00
2013-04-25,3.96,4.19,3.83,3.87,10561334,217086112.00
2013-04-26,4.02,4.05,3.86,3.90,7380674,148926128.00
2013-05-02,3.79,3.79,3.50,3.69,6903666,129586496.00
2013-05-03,3.70,3.97,3.70,3.95,6981380,136095040.00
2013-05-06,3.97,4.12,3.92,4.02,8319235,170670208.00
2013-05-07,4.09,4.18,4.02,4.09,7093138,148269344.00
2013-05-08,4.12,4.16,3.98,4.13,5765144,120482528.00
2013-05-09,4.12,4.41,4.11,4.32,10585410,230694064.00
2013-05-10,4.36,4.37,4.05,4.14,9429024,200342816.00
2013-05-13,4.15,4.40,4.02,4.40,8949093,193068272.00
2013-05-14,4.35,4.45,4.23,4.26,6365346,139373888.00
2013-05-15,4.25,4.53,4.23,4.47,7935088,177683120.00
2013-05-16,4.47,4.53,4.31,4.39,8741690,195536656.00
2013-05-17,4.39,4.47,4.29,4.35,5880113,130725144.00
2013-05-20,4.35,4.59,4.34,4.52,6648266,151738624.00
2013-05-21,4.51,4.70,4.50,4.68,7533976,176943904.00
2013-05-22,4.71,4.71,4.47,4.49,8014032,185641952.00
2013-05-23,4.48,4.63,4.38,4.44,6085384,139310400.00
2013-05-24,4.47,4.59,4.45,4.57,5025562,115320368.00
2013-05-27,4.71,4.74,4.61,4.64,6763689,159631536.00
2013-05-28,4.62,4.62,4.29,4.42,7383295,166218032.00
2013-05-29,4.37,4.52,4.36,4.47,4606305,103999344.00
2013-05-30,4.45,4.49,4.36,4.42,4469462,100526328.00
2013-05-31,4.47,4.61,4.42,4.47,9962354,140244352.00
2013-06-03,4.64,4.83,4.55,4.58,14602095,213000704.00
2013-06-05,4.59,5.05,4.56,4.90,27241473,410680512.00
2013-06-06,4.81,5.02,4.75,4.88,13986762,211912880.00
2013-06-07,5.00,5.39,4.97,5.22,20483729,328027616.00
2013-06-13,5.12,5.51,4.87,5.48,20718237,334930144.00
2013-06-14,5.49,6.02,5.39,5.83,23664617,414932864.00
2013-06-17,5.77,6.28,5.67,5.78,25162619,461193888.00
2013-06-18,5.74,5.98,5.60,5.78,16829269,300151072.00
2013-06-19,5.70,5.91,5.62,5.83,12302340,218307744.00
2013-06-20,5.74,5.86,5.23,5.35,15629283,270100768.00
2013-06-21,5.18,5.42,4.99,5.35,13884793,223699504.00
2013-06-24,5.26,5.38,4.83,4.87,13198120,207096816.00
2013-06-25,4.87,5.27,4.50,5.20,20721292,319141664.00
2013-06-26,5.14,5.61,5.14,5.56,19363569,323597376.00
2013-06-27,5.53,5.65,5.33,5.37,14205171,240866768.00
2013-06-28,5.26,5.55,5.10,5.16,11520496,189378528.00
2013-07-01,5.16,5.46,5.05,5.43,11494713,187661728.00
2013-07-02,5.47,5.59,5.39,5.53,13404093,228010672.00
2013-07-03,5.48,6.09,5.46,6.03,24480175,435798080.00
2013-07-04,5.93,6.06,5.77,5.86,14552044,264934880.00
2013-07-05,5.91,6.23,5.83,5.87,18329890,343179040.00
2013-07-08,5.83,6.13,5.57,5.95,13324103,243727264.00
2013-07-09,5.89,6.35,5.88,6.27,18766330,357809984.00
2013-08-23,6.92,6.92,6.92,6.92,235606,5011339.50
2013-08-26,7.63,7.63,7.63,7.63,195694,4579239.50
2013-08-27,8.41,8.41,8.41,8.41,976448,25133772.00
2013-08-28,9.26,9.26,9.02,9.26,45357593,1281423744.00
2013-08-29,9.19,9.81,8.96,9.39,39498776,1134384640.00
2013-08-30,9.18,9.84,9.12,9.12,27334632,787932480.00
2013-09-02,8.89,9.52,8.75,9.31,18178201,513503264.00
2013-09-03,9.31,9.39,8.83,9.19,14130746,394838336.00
2013-09-04,9.12,10.09,9.06,9.72,27206088,808324992.00
2013-09-05,9.61,10.57,9.52,10.42,24700476,761347968.00
2013-09-06,10.27,10.49,9.94,10.12,19096181,594663808.00
2013-09-09,10.14,10.15,9.39,9.71,22717395,670977472.00
2013-09-10,9.71,9.71,9.39,9.52,12429836,360535520.00
2013-09-11,9.52,9.52,8.63,8.73,18783552,513280288.00
2013-09-12,8.67,9.13,8.67,8.85,10933313,298800672.00
2013-09-13,8.86,9.66,8.46,9.60,17394528,486032000.00
2013-09-16,9.42,10.11,9.32,9.49,15742842,468467264.00
2013-09-17,9.50,10.09,9.50,9.68,12820570,384885568.00
2013-09-18,9.79,10.32,9.79,10.24,13386686,412197120.00
2013-09-23,10.30,10.99,9.93,10.67,19633511,628747584.00
2013-09-24,10.50,10.79,10.19,10.39,20737698,665406784.00
2013-09-25,10.35,11.42,10.29,11.25,17591167,591918976.00
2013-09-26,11.28,11.79,10.99,11.13,16190298,565415744.00
2013-09-27,11.42,11.62,10.68,11.46,19737074,676945088.00
2013-09-30,11.59,12.62,11.39,12.62,22452326,837729600.00
2013-10-08,12.62,12.71,11.79,12.32,20065723,748225920.00
2013-10-09,12.21,12.50,11.89,12.28,15145867,561325824.00
2013-10-10,12.22,12.23,11.04,11.04,22865628,802479744.00
2013-10-11,10.93,11.48,10.49,11.34,18489631,621704064.00
2013-10-14,11.10,11.49,11.03,11.48,12153038,416253184.00
2013-10-15,11.32,11.49,10.45,10.49,17250412,578958592.00
2013-10-16,10.82,11.02,9.82,10.72,20962930,668788416.00
2013-10-17,10.48,11.02,10.32,10.52,13300693,432549216.00
2013-10-18,10.54,11.59,10.54,11.49,22814432,792908992.00
2013-10-21,11.49,11.85,11.12,11.61,21667854,755089152.00
2013-10-22,11.45,11.57,10.44,10.44,18097444,598809920.00
2013-10-23,10.12,10.54,9.62,10.12,14114127,433838304.00
2013-10-24,10.06,10.38,9.90,10.08,7177040,221981632.00
2013-10-25,10.08,10.18,9.05,9.23,16994924,487414272.00
2013-10-28,9.23,9.54,9.09,9.29,9468367,270713760.00
2013-10-29,9.49,9.82,8.83,9.72,16246272,468783328.00
2013-10-30,9.66,9.90,9.42,9.62,10510030,311113184.00
2013-10-31,9.48,9.48,8.89,8.96,12732441,355748672.00
2013-11-01,8.96,8.98,8.09,8.48,14583958,379439648.00
2013-11-04,8.35,8.65,8.16,8.22,9356376,239958240.00
2013-11-05,8.22,8.68,8.13,8.57,15445368,401928352.00
2013-11-06,8.45,8.91,8.23,8.23,14294806,374045152.00
2013-11-07,8.09,8.40,7.83,8.02,13072541,323888608.00
2013-11-08,7.88,8.20,7.75,7.88,12875674,313020032.00
2013-11-11,7.96,8.11,7.76,7.83,10967636,268237552.00
2013-11-12,7.83,7.96,7.50,7.86,15191759,362555392.00
2013-11-13,7.82,8.03,7.66,7.69,15779215,379902560.00
2013-11-14,7.62,7.91,7.32,7.89,22110947,520915936.00
2013-11-15,7.80,8.39,7.79,8.08,21849061,543752320.00
2013-11-18,8.05,8.31,8.03,8.25,13655698,341987328.00
2013-11-19,8.26,8.62,8.26,8.42,16178077,418980672.00
2013-11-20,8.42,8.49,8.19,8.47,11072338,282254048.00
2013-11-21,8.43,8.75,8.33,8.69,15633128,410408800.00
2013-11-22,8.68,9.42,8.58,9.10,23607181,650367872.00
2013-11-25,8.95,9.28,8.88,8.98,12065327,334352192.00
2013-11-26,8.90,8.99,8.53,8.55,14887137,396360992.00
2013-11-27,8.49,9.22,8.40,8.99,13550970,367286464.00
2013-11-28,8.99,9.23,8.93,9.16,9836433,273536000.00
2013-11-29,9.16,9.59,9.07,9.48,11101946,319407904.00
2013-12-02,8.82,9.16,8.52,8.53,20682756,548540352.00
2013-12-03,8.36,8.55,8.05,8.52,11931784,302958656.00
2013-12-04,8.45,8.87,8.42,8.50,8245670,218644272.00
2013-12-05,8.53,8.58,7.79,7.85,11524884,286742816.00
2013-12-06,7.74,8.06,7.68,7.90,7613957,184376448.00
2013-12-09,7.92,8.31,7.92,8.16,6937095,173048032.00
2013-12-10,8.16,8.24,7.93,7.99,5278081,129697504.00
2013-12-11,7.97,8.19,7.85,7.99,6023255,148111568.00
2013-12-12,7.90,8.79,7.90,8.57,17021546,439882336.00
2013-12-13,8.53,8.56,8.34,8.49,9663730,249825600.00
2013-12-16,8.40,8.65,8.30,8.40,14102352,363764960.00
2013-12-17,8.42,8.88,8.37,8.80,16816780,444322656.00
2013-12-18,8.78,8.94,8.52,8.71,11366537,302970432.00
2013-12-19,8.73,8.97,8.72,8.84,10002858,270329664.00
2013-12-20,8.75,8.94,8.49,8.51,7821897,208308736.00
2013-12-23,8.45,8.53,8.05,8.36,7591604,192983792.00
2013-12-24,8.39,8.80,8.39,8.77,11127335,294147232.00
2013-12-25,8.77,9.50,8.69,9.39,16561686,464941568.00
2013-12-26,9.36,9.49,9.05,9.05,11310357,321399552.00
2013-12-27,8.99,9.89,8.97,9.89,16889081,493593632.00
2013-12-30,9.91,9.99,9.63,9.92,12595893,377106208.00
2013-12-31,9.82,10.27,9.62,9.66,12901922,391386528.00
2014-01-02,9.52,9.91,9.39,9.91,10073851,300415296.00
2014-01-03,9.84,10.16,9.77,10.04,11723737,355671712.00
2014-01-06,9.96,9.97,9.41,9.49,11977934,353655200.00
2014-01-07,9.40,9.88,9.32,9.83,9164003,271138240.00
2014-01-08,9.99,10.62,9.92,10.49,17037877,542703872.00
2014-01-09,10.49,11.03,10.17,10.21,17765383,580977536.00
2014-01-20,11.24,11.24,10.86,11.24,29106678,995009408.00
2014-01-21,11.15,11.72,11.05,11.57,21785871,751664576.00
2014-01-22,11.45,11.69,11.09,11.42,15157952,525636096.00
2014-01-23,11.40,12.22,11.25,11.85,17100034,615260672.00
2014-01-24,11.64,11.94,11.51,11.79,12483106,446154816.00
2014-01-27,11.64,11.78,11.21,11.38,13958093,486698464.00
2014-01-28,11.27,11.45,10.70,10.80,12941977,430975456.00
2014-01-29,10.88,11.48,10.85,11.35,12419028,422261952.00
2014-01-30,11.19,11.65,11.06,11.09,8923315,308612928.00
2014-02-07,10.85,11.45,10.76,11.22,7854596,267229824.00
2014-02-10,11.22,11.55,10.88,11.52,12906577,440547008.00
2014-02-11,11.35,11.41,10.82,10.88,15299323,516196096.00
2014-02-12,10.92,11.09,10.47,10.58,14034189,458245824.00
2014-02-13,10.59,10.74,9.85,9.92,16281952,510967008.00
2014-02-14,9.91,10.15,9.86,10.00,12233076,373659008.00
2014-02-17,10.03,10.68,10.03,10.50,17332813,550821056.00
2014-02-18,10.59,10.79,10.39,10.65,15461514,499666336.00
2014-02-19,10.72,10.72,10.18,10.32,11898231,377083648.00
2014-02-20,10.32,10.47,9.88,10.02,9701015,298362304.00
2014-02-21,9.99,10.31,9.90,10.21,6652559,205979856.00
2014-02-24,10.09,10.38,9.95,10.36,8576841,266019776.00
2014-02-25,10.37,10.86,9.80,9.97,21201766,683104704.00
2014-02-26,9.82,9.82,9.09,9.59,11568136,335718080.00
2014-02-27,9.69,10.02,9.13,9.23,10447864,307302112.00
2014-02-28,9.46,9.82,9.33,9.82,11071408,325186624.00
2014-03-03,9.83,10.35,9.82,10.21,9362190,290525536.00
2014-03-04,10.09,10.42,9.99,10.42,8923242,278659872.00
2014-03-05,10.52,10.59,10.20,10.26,6755379,214675648.00
2014-03-06,10.28,10.66,10.05,10.66,9249924,294083072.00
2014-03-07,10.74,10.74,10.39,10.47,6317417,203225424.00
2014-03-10,10.22,10.35,9.82,10.05,5947718,183745808.00
2014-03-11,9.96,10.12,9.57,9.75,5912925,178013520.00
2014-03-12,9.71,10.08,9.56,9.89,5492276,164920848.00
2014-03-13,9.81,10.14,9.81,10.13,5860992,179352976.00
2014-03-14,10.00,10.27,9.93,10.01,4498247,138545968.00
2014-03-17,10.02,10.66,10.02,10.66,8709449,276274176.00
2014-03-18,10.19,10.22,9.63,9.81,27688588,837660032.00
2014-03-19,9.88,9.95,9.65,9.74,10545885,314897312.00
2014-03-20,9.74,9.82,8.96,9.04,14188675,404784640.00
2014-03-21,8.87,8.98,8.51,8.87,12594534,337092640.00
2014-03-24,8.87,8.94,8.61,8.62,7220365,193075072.00
2014-03-25,8.63,8.79,8.62,8.73,5120018,136435536.00
2014-03-26,8.82,8.97,8.71,8.88,6488977,176355840.00
2014-03-27,8.83,8.85,8.19,8.20,7931768,206770048.00
2014-03-28,8.20,8.20,7.63,7.76,9860905,237682992.00
2014-03-31,7.83,7.89,7.59,7.64,5854120,138751024.00
2014-04-01,7.69,7.91,7.68,7.86,6834792,164205296.00
2014-04-02,7.89,7.96,7.61,7.78,6354803,151263776.00
2014-04-03,7.76,8.27,7.69,8.04,8565393,210953184.00
2014-04-04,8.04,8.22,7.83,8.12,4777074,118037640.00
2014-04-08,7.99,8.14,7.86,8.07,5441382,133354424.00
2014-04-09,8.10,8.38,8.09,8.18,6952390,175172928.00
2014-04-10,8.25,8.36,8.18,8.32,8815463,223393728.00
2014-04-11,8.36,8.49,8.23,8.43,7749693,199359232.00
2014-04-14,8.49,8.52,8.30,8.38,4375846,112208592.00
2014-04-15,8.40,8.48,8.33,8.36,4427349,113911296.00
2014-04-16,8.49,8.75,8.43,8.51,8614456,226323680.00
2014-04-17,8.55,8.90,8.51,8.68,22220862,295092608.00
2014-04-18,8.69,8.83,8.59,8.63,12681712,167234128.00
2014-04-21,8.52,8.75,8.31,8.43,13009343,168190640.00
2014-04-22,8.41,8.48,8.18,8.24,10597226,133281720.00
2014-04-23,8.26,8.34,8.08,8.11,7615247,94562648.00
2014-04-24,8.02,8.18,7.51,7.74,17309919,204727488.00
2014-04-25,7.69,7.96,7.62,7.74,9723406,114878792.00
2014-04-28,7.74,7.97,7.36,7.78,10004602,117068296.00
2014-04-29,7.78,7.94,7.72,7.90,8327189,99060016.00
2014-04-30,7.90,8.09,7.84,7.89,7457709,90328320.00
2014-05-05,7.88,8.02,7.83,8.00,6951898,83866960.00
2014-05-06,8.02,8.38,8.00,8.18,13491643,167533728.00
2014-05-07,8.14,8.14,7.98,7.98,7087854,86623296.00
2014-05-08,7.91,8.14,7.85,7.91,5525394,67131832.00
2014-05-09,7.92,7.98,7.44,7.55,9610074,111419088.00
2014-05-12,7.62,7.77,7.41,7.69,8736727,100844472.00
2014-05-13,7.68,7.86,7.65,7.72,7734097,91189448.00
2014-05-14,7.75,8.08,7.66,8.01,12207267,146513248.00
2014-05-15,7.97,8.04,7.70,7.71,7390826,88112360.00
2014-05-16,7.68,7.71,7.34,7.41,11551834,130849744.00
2014-05-19,7.42,7.53,7.34,7.42,7475405,84390104.00
2014-05-20,7.50,7.74,7.42,7.48,8262449,94882896.00
2014-05-21,7.51,7.66,7.34,7.64,7199558,82518640.00
2014-05-22,7.64,7.81,7.58,7.60,9546607,111678272.00
2014-05-23,7.77,8.36,7.76,8.36,43904372,542047360.00
2014-05-26,8.57,8.87,8.46,8.63,44131767,578997184.00
2014-05-27,8.70,8.83,8.48,8.82,30921991,404168448.00
2014-05-28,8.77,9.16,8.61,8.99,39320881,532335776.00
2014-05-29,8.90,8.96,8.67,8.81,21393187,286149568.00
2014-05-30,8.74,8.90,8.66,8.69,13667264,181792912.00
2014-06-03,8.74,9.03,8.65,8.95,25594350,344797088.00
2014-06-04,8.91,9.22,8.79,9.21,26904013,368123488.00
2014-06-05,9.25,9.50,9.04,9.50,33185114,469390336.00
2014-06-06,9.60,10.11,9.21,9.25,39467045,575512128.00
2014-06-09,9.29,9.34,8.95,8.96,19647458,270891008.00
2014-06-10,9.03,9.53,8.96,9.38,21741235,305578720.00
2014-06-11,9.31,9.42,9.16,9.25,16642527,233737024.00
2014-06-12,9.17,9.37,9.07,9.12,16080291,224159456.00
2014-06-13,9.19,9.32,9.11,9.23,12974250,181323648.00
2014-06-16,9.25,9.27,8.93,9.14,21760047,299458112.00
2014-06-17,9.15,9.27,8.94,9.19,20492984,282711328.00
2014-06-18,9.11,9.21,8.87,8.93,12560814,171960304.00
2014-06-19,8.91,8.96,8.31,8.36,17891950,233453600.00
2014-06-20,8.34,8.52,8.31,8.49,9805055,125235496.00
2014-06-23,8.49,8.73,8.48,8.64,9344571,122501504.00
2014-06-24,8.64,8.95,8.61,8.92,13632183,183245648.00
2014-06-25,8.94,9.02,8.81,8.97,10918204,147487776.00
2014-06-26,8.99,9.45,8.93,9.24,28173989,396081984.00
2014-06-27,9.29,10.03,9.29,9.76,42259874,620991104.00
2014-06-30,9.79,10.41,9.70,10.41,40392586,616703680.00
2014-07-01,10.41,10.51,9.97,10.23,28867238,449325504.00
2014-07-02,10.17,10.41,9.84,10.19,20791767,318651808.00
2014-07-03,10.11,10.21,9.94,9.97,17749739,270026400.00
2014-07-04,10.01,10.23,9.81,9.87,14487269,219778096.00
2014-07-07,9.81,9.99,9.59,9.85,12107107,179523296.00
2014-07-08,9.87,10.11,9.69,10.05,16516655,248455168.00
2014-07-09,9.99,10.15,9.66,9.67,15805784,236918240.00
2014-07-10,9.68,9.86,9.53,9.57,10614208,155268816.00
2014-07-11,9.57,10.00,9.53,9.74,14354662,212259296.00
2014-07-14,9.66,9.66,9.11,9.31,24608993,347611584.00
2014-07-15,9.28,9.46,9.16,9.41,13006745,183084416.00
2014-07-16,9.41,9.47,9.11,9.15,10110109,141322368.00
2014-07-17,9.15,9.26,9.07,9.19,7573703,105219024.00
2014-07-18,9.09,9.30,9.09,9.17,5181192,72095896.00
2014-07-21,9.11,9.83,9.11,9.76,20056185,290429600.00
2014-07-22,9.64,9.87,9.57,9.77,13560870,200116112.00
2014-07-23,9.75,9.77,9.24,9.35,15236716,219374848.00
2014-07-24,9.39,9.39,8.91,9.07,13232095,182762672.00
2014-07-25,9.12,9.24,8.94,9.07,11867989,163182176.00
2014-07-28,9.11,9.31,9.09,9.27,14725411,205610224.00
2014-10-30,10.20,10.20,10.20,10.20,544413,8405737.00
2014-10-31,11.22,11.22,10.57,10.73,86169139,1420835456.00
2014-11-03,10.57,10.81,10.37,10.49,41716760,668256000.00
2014-11-04,10.31,10.69,10.27,10.33,31073553,492376064.00
2014-11-05,10.29,10.64,10.19,10.47,28883639,457104544.00
2014-11-06,10.47,10.69,10.42,10.54,20571160,328398752.00
2014-11-07,10.57,10.63,10.09,10.15,28617097,447082304.00
2014-11-10,10.17,10.24,9.79,9.91,33877375,508626912.00
2014-11-11,9.87,9.87,9.34,9.41,23832374,345662208.00
2014-11-12,9.38,9.83,9.35,9.71,19623014,287207200.00
2014-11-13,9.69,9.90,9.66,9.75,16829756,248764320.00
2014-11-14,9.76,9.77,9.49,9.57,10826155,157211200.00
2014-11-17,9.67,10.07,9.57,10.05,22671363,340388384.00
2014-11-18,10.04,10.35,9.99,10.12,19406515,299214048.00
2014-11-19,10.04,10.30,9.91,10.16,21670661,331429664.00
2014-11-20,10.03,10.05,9.73,9.75,19471640,290366496.00
2014-11-21,9.71,9.89,9.67,9.79,16777354,248040960.00
2014-11-24,9.85,9.89,9.63,9.82,17118690,252608000.00
2014-11-25,9.85,10.24,9.81,10.17,26797084,409619616.00
2014-11-26,10.18,10.45,10.03,10.09,24473431,378275200.00
2014-11-27,10.17,10.43,10.09,10.37,29339504,457299232.00
2014-11-28,10.50,11.41,10.43,11.14,61880453,1029956224.00
2014-12-01,11.25,11.89,11.25,11.39,50370389,877795456.00
2014-12-02,11.31,11.50,10.99,11.46,34794253,592769728.00
2014-12-03,11.60,12.22,11.34,12.20,59950600,1072837312.00
2014-12-04,12.19,12.67,12.08,12.18,47000566,876383424.00
2014-12-05,12.10,12.10,11.24,11.45,50721502,888821760.00
2014-12-08,11.25,11.90,11.10,11.43,34562293,600032768.00
2014-12-09,11.30,11.56,10.59,10.69,38437430,643137408.00
2014-12-10,10.69,11.23,10.55,11.12,30410765,506607072.00
2014-12-11,11.10,11.37,10.87,11.16,21840887,366618400.00
2014-12-12,11.18,11.84,11.10,11.69,36232984,632637248.00
2014-12-15,11.70,12.30,11.55,12.04,40832411,740108352.00
2014-12-16,11.94,12.64,11.85,12.49,52948833,986953216.00
2014-12-17,12.32,12.57,12.00,12.10,36115911,670350784.00
2014-12-18,11.92,12.18,11.70,11.72,25443360,457023648.00
2014-12-19,11.68,12.17,11.42,12.05,31561997,564408320.00
2014-12-22,11.82,12.02,11.37,11.56,32659363,574219392.00
2014-12-23,10.41,11.15,10.41,10.71,37268445,606987712.00
2014-12-24,10.71,11.05,10.47,11.01,22184060,360451456.00
2014-12-25,10.92,11.14,10.79,10.92,13600659,225399312.00
2014-12-26,11.14,11.55,11.13,11.24,24053573,411910656.00
2014-12-29,11.24,11.46,10.91,11.29,17348387,295437984.00
2014-12-30,11.16,11.24,10.64,11.09,21545688,355989792.00
2014-12-31,10.94,11.23,10.91,10.97,12172422,203241664.00
2015-01-05,10.92,11.12,10.66,11.08,20276284,334580064.00
2015-01-06,11.06,12.20,10.91,12.20,45930908,819225280.00
2015-01-07,12.56,12.61,11.98,12.16,56466226,1049590336.00
2015-01-08,12.08,12.57,11.84,12.21,44920041,830511296.00
2015-01-09,12.21,13.18,12.10,12.64,65255743,1260154624.00
2015-01-12,12.65,13.10,12.57,13.04,40699362,792210368.00
2015-01-13,13.04,13.43,12.48,12.56,42370490,831712576.00
2015-01-14,12.50,12.82,12.27,12.36,27603532,523853216.00
2015-01-15,12.46,12.75,12.23,12.27,22831714,429330432.00
2015-01-16,12.39,13.43,12.34,13.30,41627388,817452736.00
2015-01-19,12.97,14.23,12.69,13.36,60071013,1226995328.00
2015-01-20,13.59,14.41,13.45,14.05,50400130,1063695424.00
2015-01-21,14.10,14.43,13.70,14.37,47581798,1010349440.00
2015-01-22,14.33,15.13,14.23,14.72,44026831,984443712.00
2015-01-23,14.87,14.89,13.83,14.05,43335452,937322880.00
2015-01-26,14.00,14.64,14.00,14.49,28320806,618222336.00
2015-01-27,14.57,15.14,14.49,14.81,37089241,832390336.00
2015-01-28,14.83,14.85,14.17,14.33,27762653,605643264.00
2015-01-29,14.17,14.35,13.97,14.04,16142023,344456960.00
2015-01-30,14.12,14.40,13.50,13.55,20643619,431496192.00
2015-02-02,13.44,13.90,13.28,13.37,20431570,419813504.00
2015-02-03,13.65,14.26,13.53,14.21,30573484,643673216.00
2015-02-04,14.21,14.34,13.82,13.90,21326861,452381120.00
2015-02-05,14.00,14.53,13.81,14.15,33010940,711727104.00
2015-02-06,14.15,14.39,13.38,13.47,26655273,554150464.00
2015-02-09,13.36,13.77,12.30,12.72,29211660,576867712.00
2015-02-10,12.76,13.17,12.60,13.14,18458863,358872576.00
2015-02-11,13.17,13.57,13.14,13.46,21273838,430442752.00
2015-02-12,13.50,13.85,13.37,13.49,20469018,420431328.00
2015-02-13,13.57,13.81,13.45,13.67,20634981,426290016.00
2015-02-16,13.82,14.25,13.71,14.23,29476410,624140160.00
2015-02-17,14.23,14.55,13.98,14.11,25756766,553829568.00
2015-02-25,14.23,14.65,14.15,14.27,27411881,597222720.00
2015-02-26,14.23,14.36,13.76,14.00,24311843,513804992.00
2015-02-27,14.01,14.71,13.83,14.63,36130170,781415744.00
2015-03-02,14.73,16.10,14.73,16.09,62335075,1454102144.00
2015-03-03,16.03,16.03,15.33,15.42,37682271,891029056.00
2015-03-04,15.37,15.90,15.30,15.62,26036141,615503296.00
2015-03-05,15.71,16.62,15.65,16.22,48209325,1181684736.00
2015-03-06,16.22,16.49,15.45,15.61,33097297,787897344.00
2015-03-09,15.50,15.94,15.17,15.84,24952421,590116672.00
2015-03-10,16.38,17.24,16.15,16.72,44001063,1107069824.00
2015-03-11,16.72,17.12,16.36,16.82,34778268,879675712.00
2015-03-12,16.88,16.90,15.64,15.88,41992426,1025714432.00
2015-03-13,15.90,16.34,15.23,16.23,46060831,1094872960.00
2015-03-16,16.27,17.07,15.93,16.98,47800907,1205824000.00
2015-03-17,16.98,17.62,16.50,16.75,49785853,1280240000.00
2015-03-18,16.83,16.92,16.30,16.79,45129109,1133041280.00
2015-03-27,15.47,16.28,15.23,16.23,66978989,1595038080.00
2015-03-30,15.77,16.02,15.31,15.53,46594950,1095996928.00
2015-03-31,15.42,15.88,15.09,15.49,49329418,1155407104.00
2015-04-01,15.52,16.01,15.48,15.92,38451474,913633024.00
2015-04-02,16.03,17.40,16.02,17.23,65773275,1651665920.00
2015-04-03,17.22,17.64,16.72,17.18,57184982,1481557504.00
2015-04-07,17.32,18.42,17.10,17.96,54559425,1464512512.00
2015-04-08,18.00,18.32,17.13,17.42,47100389,1250292864.00
2015-04-09,17.40,17.56,15.67,17.24,42573734,1078591872.00
2015-04-10,16.90,17.72,16.56,17.18,42438967,1102900480.00
2015-04-13,17.32,18.80,17.30,18.34,56202204,1545345280.00
2015-04-14,18.71,19.91,18.70,19.58,52261991,1533307136.00
2015-04-15,19.53,20.55,18.83,19.78,49679088,1466922496.00
2015-04-16,19.49,20.80,19.09,20.78,43587999,1321273472.00
2015-04-17,21.16,21.53,20.37,20.79,48375157,1526716544.00
2015-04-20,20.79,21.51,19.89,20.68,53190622,1671659264.00
2015-04-21,20.89,21.79,20.72,21.79,44918900,1443276288.00
2015-04-22,22.22,23.14,21.30,21.57,53094000,1762463744.00
2015-04-23,21.62,22.85,21.37,22.10,34382382,1142751232.00
2015-04-24,21.69,23.65,21.42,23.59,49511959,1685476096.00
2015-04-27,24.29,24.54,22.92,23.58,40842738,1461785216.00
2015-04-28,23.34,23.57,21.90,22.42,39621973,1347035008.00
2015-04-29,22.47,23.07,21.29,22.48,31803742,1075181696.00
2015-04-30,22.78,23.30,22.02,22.59,27502541,944919488.00
2015-05-04,22.62,24.86,22.42,24.86,32997164,1170745216.00
2015-05-05,25.33,26.07,24.43,24.86,32841463,1248939520.00
2015-05-06,25.05,26.54,24.85,25.62,33416745,1295942016.00
2015-05-07,25.63,26.45,23.05,23.05,46370369,1665792384.00
2015-05-08,21.94,23.23,20.84,22.48,47262884,1574170368.00
2015-05-11,22.58,23.30,22.02,22.88,52855889,1807495040.00
2015-05-12,22.90,23.30,21.76,22.33,60989166,2063937536.00
2015-05-13,21.48,23.02,20.95,22.62,43902589,1474870528.00
2015-05-14,22.52,23.22,22.36,22.80,38783000,1340843776.00
2015-05-15,22.22,22.62,21.62,21.95,32862194,1093216512.00
2015-05-18,21.95,22.69,21.89,22.23,32039189,1078900096.00
2015-05-19,22.41,22.66,21.86,22.42,32472966,1094582912.00
2015-05-20,22.47,24.67,22.24,23.97,53755128,1929373696.00
2015-05-21,24.18,25.17,23.75,24.69,42698381,1581810048.00
2015-05-22,25.55,25.62,23.89,23.99,42809574,1570549632.00
2015-05-25,23.36,24.34,22.62,23.89,35297812,1256060928.00
2015-05-26,23.89,25.89,23.87,25.85,50854287,1919090560.00
2015-05-27,25.93,26.02,24.56,25.12,41651732,1575467520.00
2015-05-28,25.09,25.61,22.60,22.60,41539683,1522995712.00
2015-05-29,22.43,22.68,20.37,21.78,42890023,1410461568.00
2015-06-01,22.34,23.65,21.92,23.59,29105591,1010044096.00
2015-06-02,25.21,25.62,24.22,25.39,48817189,1840157568.00
2015-06-03,25.41,26.34,24.90,25.94,49822585,1927249024.00
2015-06-04,26.22,26.25,23.34,24.62,47633481,1759952640.00
2015-06-05,24.90,25.85,24.23,24.80,41226507,1561108352.00
2015-06-08,24.93,24.99,23.01,23.60,56505411,1334241152.00
2015-06-09,23.64,24.80,23.20,23.73,51310970,1232137472.00
2015-06-10,23.60,24.44,22.90,24.08,58483267,1390906624.00
2015-06-11,24.00,26.20,23.80,25.95,83616548,2093037568.00
2015-06-12,26.20,27.50,25.73,26.92,77508710,2085580544.00
2015-06-15,27.49,27.69,25.02,25.53,72871050,1931663104.00
2015-06-16,25.07,25.07,23.40,23.40,50407261,1212942208.00
2015-06-17,23.60,24.18,22.12,23.80,47901444,1120480256.00
2015-06-18,23.80,23.80,22.10,22.19,39699348,911803968.00
2015-06-19,22.00,22.00,19.97,19.99,41541927,860802560.00
2015-06-23,20.10,20.46,17.99,19.85,54340028,1045636672.00
2015-06-24,20.02,20.29,18.80,19.67,44053490,867121664.00
2015-06-25,19.75,20.03,18.11,18.30,44309970,855537792.00
2015-06-26,17.50,17.50,16.47,16.47,34906594,583719744.00
2015-06-29,16.42,16.71,14.82,14.82,41436858,627388928.00
2015-06-30,13.34,15.77,13.34,15.24,104803644,1481427456.00
2015-07-01,14.50,15.67,13.72,13.72,86679788,1294012544.00
2015-07-02,13.40,13.49,12.35,12.35,78958983,1010624320.00
2015-07-03,11.52,13.25,11.12,12.10,126519092,1494432640.00
2015-07-06,13.31,13.31,11.12,12.59,126697559,1588299008.00
2015-07-07,11.87,12.30,11.33,11.33,118468093,1360780288.00
2015-07-15,12.46,12.46,12.46,12.46,4889000,60916940.00
2015-07-16,12.00,13.71,11.28,13.71,161584965,2098980224.00
2015-07-17,13.85,15.08,13.50,15.08,118099929,1703300224.00
2015-07-20,15.23,15.90,14.50,15.08,141972791,2162837504.00
2015-07-21,14.58,15.25,14.32,15.05,79286600,1183491328.00
2015-07-22,15.00,15.80,14.81,15.41,87808289,1342629760.00
2015-07-23,15.51,15.96,15.11,15.86,83408996,1300034304.00
2015-07-24,15.80,16.17,14.74,14.95,93486149,1462224896.00
2015-07-27,14.41,15.27,13.46,13.46,73017061,1057025344.00
2015-07-28,12.40,13.46,12.11,12.82,77270936,979420544.00
2015-07-29,13.29,14.10,12.65,14.10,76598200,1021977024.00
2015-07-30,14.22,15.11,13.88,13.97,82626925,1200772480.00
2015-07-31,13.69,14.97,13.69,14.83,79285175,1142267904.00
2015-08-03,14.50,14.66,13.35,13.35,52209546,721716416.00
2015-08-04,13.29,14.68,13.22,14.59,55966891,781385472.00
2015-08-05,14.30,14.83,13.89,14.10,52256663,750973504.00
2015-08-06,13.84,14.20,13.60,13.80,30240818,420411744.00
2015-08-07,14.00,14.63,13.97,14.42,43432680,624238656.00
2015-08-10,14.53,15.50,14.53,15.23,61528069,921422656.00
2015-08-11,15.06,15.69,14.86,15.20,65351455,995672640.00
2015-08-12,15.00,15.55,14.88,14.94,49322250,750631616.00
2015-08-13,14.84,15.27,14.33,15.19,52729104,784757504.00
2015-08-14,15.35,15.45,14.92,14.99,48938784,743467712.00
2015-08-17,14.70,15.20,14.43,15.13,43939089,646264704.00
2015-08-18,15.30,16.64,14.91,15.20,159702321,2544021504.00
2015-08-19,14.85,16.15,13.71,15.85,108940478,1603554816.00
2015-08-20,15.31,16.10,14.96,15.05,84774491,1311576704.00
2015-08-21,14.50,14.78,13.55,13.55,62613323,884237504.00
2015-08-24,12.35,12.81,12.20,12.20,43895588,537437120.00
2015-08-25,10.98,11.30,10.98,10.98,45220114,497561344.00
2015-08-26,10.98,11.24,9.88,9.88,76519392,789041280.00
2015-08-27,10.10,10.74,9.88,10.72,63035269,646428928.00
2015-08-28,10.90,11.55,10.75,11.55,54788359,607142784.00
2015-08-31,11.40,11.50,10.73,11.18,43563938,482416768.00
2015-09-01,10.89,11.15,10.27,11.10,42486232,457745536.00
2015-09-02,10.56,11.67,10.32,11.46,46919766,524651136.00
2015-09-07,11.47,12.24,11.40,11.55,31365289,370569120.00
2015-09-08,11.40,12.09,10.95,12.02,28191955,326065952.00
2015-09-09,12.00,12.64,11.85,12.25,39683820,486817312.00
2015-09-10,11.92,12.20,11.50,11.63,24874197,296547904.00
2015-09-11,11.86,12.09,11.58,11.77,17838491,210878720.00
2015-09-14,11.94,11.94,10.59,10.59,26122208,288408512.00
2015-09-15,10.29,10.47,9.53,9.53,28515478,280295296.00
2015-09-16,9.66,10.48,9.50,10.48,30353685,302122912.00
2015-09-17,10.48,10.95,10.20,10.22,33852984,359154368.00
2015-09-22,11.11,11.11,11.11,11.11,0,0.00
数据来源:通达信
