300277 海联讯 日线 前复权
      日期	    开盘	    最高	    最低	    收盘	    成交量	    成交额
2011-11-23,15.17,15.41,14.71,15.27,12103520,373938048.00
2011-11-24,14.92,15.22,14.63,14.84,5917194,180071712.00
2011-11-25,14.42,14.61,14.08,14.14,4503707,132280720.00
2011-11-28,14.05,14.34,14.05,14.25,2432925,70700032.00
2011-11-29,14.33,14.36,13.92,14.26,3117962,89996160.00
2011-11-30,14.22,14.22,12.80,12.85,3693698,101697864.00
2011-12-01,13.27,13.57,13.11,13.23,2869011,78560008.00
2011-12-02,13.07,13.12,12.76,12.97,1594703,42232264.00
2011-12-05,12.82,12.82,12.23,12.27,1381709,35457592.00
2011-12-06,12.29,12.79,12.25,12.79,1610721,41617080.00
2011-12-07,12.67,12.99,12.60,12.87,1420031,37270636.00
2011-12-08,12.78,13.17,12.36,12.96,2031371,53501072.00
2011-12-09,12.82,13.16,12.70,13.07,1419779,37845608.00
2011-12-12,13.07,13.44,12.97,13.20,1535602,41688952.00
2011-12-13,13.07,13.11,12.52,12.59,1236805,32213470.00
2011-12-14,12.45,12.70,12.40,12.44,843170,21706220.00
2011-12-15,12.40,13.32,12.31,12.97,2311343,61322264.00
2011-12-16,12.95,13.43,12.67,13.38,2380536,63637736.00
2011-12-19,13.20,13.55,12.95,13.42,1999369,54282568.00
2011-12-20,13.28,13.40,12.84,12.89,1754378,47330220.00
2011-12-21,13.02,13.07,12.18,12.21,1781920,46361120.00
2011-12-22,11.86,11.93,11.31,11.67,1765932,42293920.00
2011-12-23,11.59,11.90,11.55,11.60,830367,19961576.00
2011-12-26,11.66,11.97,11.62,11.67,1058942,25760180.00
2011-12-27,11.62,11.67,10.87,10.91,1072830,24977452.00
2011-12-28,10.84,10.87,10.37,10.70,955396,20902664.00
2011-12-29,10.54,10.85,10.52,10.80,571950,12655391.00
2011-12-30,10.81,11.16,10.80,11.01,623191,14123854.00
2012-01-04,11.12,11.16,10.08,10.11,1221239,26797136.00
2012-01-05,9.98,10.17,9.67,9.72,894253,18297004.00
2012-01-06,9.67,10.05,9.50,10.02,563726,11395286.00
2012-01-09,10.02,10.50,9.57,10.38,896434,18869246.00
2012-01-10,10.36,10.81,10.17,10.65,1284371,27854050.00
2012-01-11,10.56,11.09,10.51,10.63,1123544,24949008.00
2012-01-12,10.54,10.75,10.25,10.31,979846,21158986.00
2012-01-13,10.35,10.35,9.67,9.68,987117,20256880.00
2012-01-16,9.53,9.56,9.28,9.35,488623,9538956.00
2012-01-17,9.57,10.16,9.53,10.15,1019180,20625312.00
2012-01-18,10.17,10.27,9.29,9.30,1318203,26765658.00
2012-01-19,9.18,9.97,9.18,9.77,825279,16478896.00
2012-01-20,9.79,10.05,9.68,9.87,602451,12376083.00
2012-01-30,9.90,10.39,9.83,10.13,1011516,21291758.00
2012-01-31,10.10,10.34,10.00,10.20,545645,11455807.00
2012-02-01,10.20,10.55,10.12,10.17,995620,21233198.00
2012-02-02,10.17,10.39,10.07,10.38,963314,20333470.00
2012-02-03,10.35,10.60,10.33,10.55,941750,20335962.00
2012-02-06,10.50,10.66,10.45,10.52,1004857,21849836.00
2012-02-07,10.52,10.52,10.08,10.16,916584,19428646.00
2012-02-08,10.18,10.47,10.11,10.47,869296,18530044.00
2012-02-09,10.45,10.88,10.42,10.62,1004841,22107248.00
2012-02-10,10.57,11.07,10.57,11.07,1854608,41750328.00
2012-02-13,10.97,11.42,10.92,11.27,1651780,38226384.00
2012-02-14,11.25,11.32,11.05,11.21,891338,20521032.00
2012-02-15,11.21,11.47,11.14,11.36,1049001,24447812.00
2012-02-16,11.63,12.35,11.63,11.86,2348142,57669164.00
2012-02-17,11.82,11.89,11.58,11.70,1095406,26413100.00
2012-02-21,11.75,12.01,11.51,12.01,1737702,41938872.00
2012-02-22,11.93,12.65,11.93,12.51,2128679,54148324.00
2012-02-23,12.53,12.91,12.45,12.69,4087657,106331984.00
2012-02-24,12.67,12.76,12.49,12.60,2097936,54278544.00
2012-02-27,12.69,13.26,12.61,12.98,2576049,68322240.00
2012-02-28,13.02,13.71,12.95,13.33,3244335,88826744.00
2012-02-29,13.23,13.37,12.87,13.03,1929581,51809780.00
2012-03-01,13.92,13.92,13.28,13.45,2566451,71722808.00
2012-03-02,13.47,13.77,13.47,13.74,1129961,31654160.00
2012-03-05,13.75,14.06,13.59,13.85,1603291,45277232.00
2012-03-06,13.77,13.80,13.36,13.36,1486877,41072092.00
2012-03-07,13.17,13.76,13.17,13.47,1797213,49927368.00
2012-03-08,13.50,13.61,13.37,13.45,1070207,29586378.00
2012-03-09,13.50,13.87,13.50,13.85,1133573,31838484.00
2012-03-12,13.83,14.02,13.58,13.74,1230756,34769632.00
2012-03-13,13.92,14.16,13.63,14.16,1578038,44937712.00
2012-03-14,14.12,14.25,13.12,13.23,2330431,65626952.00
2012-03-15,13.20,13.39,12.95,13.02,1242335,33405254.00
2012-03-16,13.11,13.27,12.88,13.24,1376755,37026908.00
2012-03-19,13.17,13.50,13.15,13.38,1216234,33250628.00
2012-03-20,13.30,13.36,12.51,12.52,2651969,69692560.00
2012-03-21,12.65,12.65,12.13,12.32,1382318,35099044.00
2012-03-22,12.27,12.62,12.24,12.46,711726,18130360.00
2012-03-23,12.35,12.56,12.26,12.32,670799,17058158.00
2012-03-26,12.21,12.55,12.21,12.38,634307,16141518.00
2012-03-27,11.90,12.01,11.17,11.46,3353339,80447760.00
2012-03-28,11.23,11.47,10.93,10.98,1397177,32191622.00
2012-03-29,10.94,11.09,10.80,10.87,924422,20859724.00
2012-03-30,10.85,10.93,10.47,10.57,1079519,23650310.00
2012-04-05,10.57,10.93,10.49,10.93,845620,18767168.00
2012-04-06,10.92,11.00,10.78,10.96,820749,18426514.00
2012-04-09,10.87,11.09,10.82,10.96,1052636,23825102.00
2012-04-10,10.86,11.07,10.52,11.05,861259,19264528.00
2012-04-11,11.02,11.36,10.93,11.23,1572809,36245420.00
2012-04-12,11.19,11.23,10.92,11.23,1399932,31983310.00
2012-04-13,11.25,11.31,11.10,11.19,1100877,25387340.00
2012-04-16,11.09,11.11,10.87,10.93,765975,17289362.00
2012-04-17,10.92,10.97,10.73,10.75,519007,11566986.00
2012-04-18,10.79,11.15,10.75,11.12,728859,16485769.00
2012-04-19,11.12,11.19,11.02,11.12,576771,13177633.00
2012-04-20,11.11,11.39,11.07,11.37,1061418,24650576.00
2012-04-23,11.25,11.25,10.54,10.54,1548503,34646764.00
2012-04-24,10.42,10.43,9.87,10.14,973519,20484670.00
2012-04-25,10.12,10.25,10.04,10.18,414221,8711568.00
2012-04-26,10.18,10.21,9.92,10.10,495722,10332835.00
2012-04-27,10.10,10.27,10.04,10.22,383131,8038200.00
2012-05-02,10.34,10.40,10.23,10.33,387744,8262914.00
2012-05-03,10.36,10.38,10.24,10.34,414702,8830530.00
2012-05-04,10.37,10.68,10.35,10.64,607775,13230981.00
2012-05-07,10.60,10.98,10.58,10.98,642250,14346599.00
2012-05-08,10.93,11.06,10.85,10.96,599946,13531783.00
2012-05-09,10.88,10.88,10.66,10.77,433952,9616921.00
2012-05-10,10.75,11.01,10.75,10.93,514380,11586840.00
2012-05-11,10.90,10.99,10.86,10.88,360667,8112168.00
2012-05-14,10.97,11.06,10.79,10.92,479646,10790853.00
2012-05-15,10.80,10.80,10.62,10.70,403299,8883842.00
2012-05-16,10.70,10.72,10.63,10.63,230201,5059998.00
2012-05-17,10.57,10.83,10.57,10.80,352000,7796577.50
2012-05-18,10.75,10.82,10.60,10.63,282650,6240640.50
2012-05-21,10.66,10.72,10.49,10.54,210770,4606590.50
2012-05-22,10.62,10.69,10.58,10.65,202363,4439949.00
2012-05-23,10.65,10.69,10.37,10.47,291153,6329021.00
2012-05-24,10.50,10.61,10.40,10.52,311600,6751041.50
2012-05-25,10.55,10.57,10.11,10.15,408594,8705602.00
2012-05-28,10.12,10.20,9.90,10.20,211147,4378729.00
2012-05-29,10.17,10.41,10.13,10.38,254245,5385367.50
2012-05-30,10.37,10.44,10.30,10.42,235841,5056065.50
2012-05-31,10.38,10.62,10.30,10.58,359806,7795609.50
2012-06-01,10.61,10.78,10.48,10.52,373295,8192288.50
2012-06-04,10.41,10.41,10.08,10.10,512304,10809968.00
2012-06-05,10.14,10.21,10.05,10.11,247569,5169348.00
2012-06-06,10.17,10.24,10.02,10.03,241507,5048826.00
2012-06-07,10.16,10.17,9.96,10.04,171299,3563991.75
2012-06-08,10.12,10.14,10.01,10.14,214029,4456509.00
2012-06-11,10.12,10.47,10.04,10.45,488327,10387930.00
2012-06-12,10.38,10.42,10.30,10.39,225445,4821028.50
2012-06-13,10.44,10.65,10.37,10.59,510870,11077946.00
2012-06-14,10.56,10.62,10.46,10.59,448306,9762860.00
2012-06-15,10.61,10.61,10.42,10.61,311255,6771902.50
2012-06-18,10.63,11.00,10.58,10.98,1004108,22475018.00
2012-06-19,10.98,11.21,10.90,11.15,842083,19217102.00
2012-06-20,11.16,11.17,10.96,10.98,1083680,24647556.00
2012-06-21,10.98,11.13,10.88,11.07,847687,19292816.00
2012-06-25,11.06,11.07,10.57,10.62,710884,15794849.00
2012-06-26,10.57,10.66,10.28,10.42,614620,13275959.00
2012-06-27,10.48,10.61,10.27,10.38,1071929,11402885.00
2012-06-28,10.42,10.70,10.36,10.52,1115066,11922300.00
2012-06-29,10.42,10.46,10.10,10.42,1079778,11321503.00
2012-07-02,10.51,10.55,10.32,10.42,883890,9367528.00
2012-07-03,10.35,10.85,10.35,10.82,1671420,18078272.00
2012-07-04,10.82,11.06,10.49,10.59,1644641,18044920.00
2012-07-05,10.47,10.52,9.94,9.97,1345578,13918170.00
2012-07-06,10.00,10.05,9.57,9.89,1180957,11794943.00
2012-07-09,9.82,9.89,9.53,9.53,740110,7344974.00
2012-07-10,9.53,9.59,9.38,9.49,463369,4468827.00
2012-07-11,9.51,9.64,9.42,9.54,436716,4239181.00
2012-07-12,9.54,9.62,9.32,9.57,680198,6571997.50
2012-07-13,9.53,9.61,9.40,9.40,468380,4534075.00
2012-07-16,9.35,9.35,8.62,8.70,874100,8005064.00
2012-07-17,8.64,8.76,8.51,8.57,630434,5539000.50
2012-07-18,8.53,8.71,8.42,8.68,504239,4392271.50
2012-07-19,8.63,8.89,8.63,8.75,549143,4923405.50
2012-07-20,8.73,8.85,8.70,8.70,241100,2154554.00
2012-07-23,8.57,8.89,8.50,8.78,453810,4037676.50
2012-07-24,8.81,8.92,8.72,8.80,472231,4244155.50
2012-07-25,8.73,8.95,8.69,8.71,395557,3547939.75
2012-07-26,8.71,8.91,8.68,8.70,291518,2611379.25
2012-07-27,8.74,8.81,8.67,8.76,152396,1358701.38
2012-07-30,8.71,8.82,8.43,8.46,271520,2383091.00
2012-07-31,8.40,8.42,8.19,8.24,270500,2283122.00
2012-08-01,8.15,8.43,8.15,8.27,359950,3051014.25
2012-08-02,8.27,8.41,8.19,8.28,240411,2037519.25
2012-08-03,8.30,8.47,8.23,8.47,315498,2694738.00
2012-08-06,8.41,8.73,8.38,8.72,733912,6430057.00
2012-08-07,8.70,8.85,8.70,8.81,546857,4900027.50
2012-08-08,8.78,8.94,8.74,8.90,471902,4262324.00
2012-08-09,8.84,8.89,8.53,8.87,1950388,17349816.00
2012-08-10,8.85,8.85,8.68,8.74,806802,7212215.00
2012-08-13,8.67,9.50,8.62,9.08,2548390,23679692.00
2012-08-14,9.01,9.44,8.93,9.38,2351999,22129714.00
2012-08-15,9.34,9.44,9.14,9.14,1345724,12754188.00
2012-08-16,9.19,9.28,9.03,9.03,794652,7410447.00
2012-08-17,9.04,9.11,8.72,8.88,945808,8571361.00
2012-08-20,8.78,9.01,8.65,8.94,696387,6270579.50
2012-08-21,8.90,9.26,8.84,9.09,1215038,11250409.00
2012-08-22,9.08,9.15,8.92,8.93,825656,7593363.00
2012-08-23,8.99,9.30,8.93,9.26,1201494,11219539.00
2012-08-24,9.24,9.35,8.94,9.00,956556,8905043.00
2012-08-27,8.93,8.99,8.72,8.76,536155,4833941.50
2012-08-28,8.69,8.99,8.67,8.89,705806,6374119.00
2012-08-29,8.89,9.20,8.83,9.00,925923,8565651.00
2012-08-30,9.02,9.02,8.57,8.67,857033,7673933.00
2012-08-31,8.66,8.82,8.63,8.74,419507,3745652.00
2012-09-03,8.74,8.99,8.66,8.88,730362,6587997.50
2012-09-04,8.87,9.21,8.87,9.21,1580323,14662314.00
2012-09-05,9.19,10.15,9.19,10.15,6865249,69386808.00
2012-09-06,9.95,10.57,9.73,10.55,7391062,75999032.00
2012-09-07,10.40,10.80,10.24,10.52,6644197,70995064.00
2012-09-10,10.55,10.94,10.35,10.82,5264741,57319996.00
2012-09-11,10.70,10.99,10.51,10.67,3440258,37545764.00
2012-09-12,10.67,10.76,10.29,10.62,3044534,32461442.00
2012-09-13,10.53,10.61,10.31,10.35,1900893,20274818.00
2012-09-14,10.42,10.47,10.01,10.13,2007748,20870986.00
2012-09-17,10.15,10.22,9.79,9.83,1343009,13692514.00
2012-09-18,9.83,10.04,9.78,9.96,999130,10098973.00
2012-09-19,10.00,10.19,9.95,10.18,1567458,16100807.00
2012-09-20,10.18,10.18,9.22,9.23,2574434,25188976.00
2012-09-21,9.17,9.22,8.71,8.75,1564844,14293886.00
2012-09-24,8.71,8.91,8.64,8.78,854046,7660458.00
2012-09-25,8.71,8.85,8.50,8.53,870613,7672001.50
2012-09-26,8.53,8.60,8.34,8.36,584310,5047447.00
2012-09-27,8.46,8.79,8.39,8.72,915076,8052866.00
2012-09-28,8.63,8.88,8.60,8.87,1055627,9423836.00
2012-10-08,8.87,8.97,8.72,8.78,538501,4832840.50
2012-10-09,8.85,9.18,8.83,9.16,1073920,9943619.00
2012-10-10,9.10,9.39,9.07,9.36,1273184,12021807.00
2012-10-11,9.32,9.32,8.93,8.96,1360203,12638824.00
2012-10-12,8.98,9.07,8.72,8.84,1195467,10809100.00
2012-10-15,8.91,8.91,8.52,8.63,647098,5697970.50
2012-10-16,8.59,8.85,8.59,8.72,476159,4247350.50
2012-10-17,8.79,8.88,8.60,8.78,535200,4779784.00
2012-10-18,8.76,8.98,8.76,8.93,769260,6988294.00
2012-10-19,8.91,9.01,8.89,8.96,795858,7268879.00
2012-10-22,8.85,9.81,8.85,9.73,3844099,37089156.00
2012-10-23,9.52,9.62,9.33,9.38,2896430,27871018.00
2012-10-24,9.22,9.22,9.02,9.10,1883533,17488602.00
2012-10-25,9.05,9.22,8.85,8.95,1427666,13202988.00
2012-10-26,8.97,8.97,8.42,8.48,1434845,12641826.00
2012-10-29,8.42,8.52,8.33,8.40,664813,5721006.50
2012-10-30,8.45,8.49,8.35,8.48,522490,4498884.00
2012-10-31,8.48,8.49,8.34,8.43,561781,4824687.50
2012-11-01,8.37,8.64,8.37,8.59,905923,7911857.00
2012-11-02,8.62,8.77,8.58,8.62,598418,5291182.00
2012-11-05,8.60,8.62,8.37,8.49,927138,8025041.50
2012-11-06,8.47,8.52,8.34,8.44,571655,4910465.00
2012-11-07,8.44,8.56,8.38,8.52,677638,5870518.50
2012-11-08,8.40,8.45,8.14,8.16,937849,7905431.00
2012-11-09,8.23,8.34,8.09,8.22,789065,6629821.50
2012-11-12,8.23,8.40,8.23,8.30,635575,5396957.00
2012-11-13,8.30,8.30,8.05,8.10,434500,3622098.25
2012-11-14,8.15,8.15,7.93,8.04,557829,4573307.00
2012-11-15,7.95,8.02,7.74,7.77,480400,3885907.00
2012-11-16,7.81,7.81,7.60,7.68,386359,3038475.00
2012-11-19,7.68,7.76,7.57,7.74,369870,2893982.50
2012-11-20,7.74,8.01,7.74,7.89,1014154,8207636.50
2012-11-21,7.88,8.00,7.68,8.00,1113274,8947716.00
2012-11-22,7.97,7.99,7.87,7.90,586925,4759974.00
2012-11-23,7.89,7.98,7.86,7.94,600890,4875195.50
2012-11-26,7.92,7.92,7.68,7.76,303900,2428590.00
2012-11-27,7.80,7.80,7.42,7.46,577169,4455530.00
2012-11-28,7.47,7.47,7.08,7.11,526299,3893440.75
2012-11-29,7.12,7.19,6.82,6.97,397413,2876955.00
2012-11-30,7.02,7.08,6.86,7.03,207870,1491834.63
2012-12-03,7.06,7.06,6.67,6.67,501500,3526222.75
2012-12-04,6.67,7.00,6.62,6.93,651510,4549632.50
2012-12-05,6.88,7.34,6.88,7.19,1091130,8034018.00
2012-12-06,7.16,7.31,7.13,7.16,740456,5462422.50
2012-12-07,7.12,7.40,7.12,7.39,1060569,7941027.50
2012-12-10,7.35,7.74,7.35,7.66,1705681,13261562.00
2012-12-11,7.63,7.67,7.54,7.56,787700,6131771.50
2012-12-12,7.57,7.60,7.38,7.53,834259,6392579.00
2012-12-13,7.47,7.51,7.33,7.35,609461,4621274.50
2012-12-14,7.31,7.69,7.30,7.66,1333898,10369902.00
2012-12-17,7.67,7.70,7.54,7.67,1085885,8473790.00
2012-12-18,7.63,7.86,7.60,7.78,1710364,13594705.00
2012-12-19,7.76,7.88,7.76,7.82,1156830,9249309.00
2012-12-20,7.79,8.09,7.79,8.04,1733138,14115784.00
2012-12-21,8.16,8.67,8.12,8.33,4525231,38575048.00
2012-12-24,8.18,8.41,8.13,8.37,1956778,16583566.00
2012-12-25,8.41,8.61,8.41,8.57,2451833,21378138.00
2012-12-26,8.59,9.08,8.52,8.96,2638340,23606680.00
2012-12-27,9.00,9.10,8.61,8.62,2466557,22157882.00
2012-12-28,8.60,8.79,8.34,8.76,2122207,18540938.00
2012-12-31,8.77,8.77,8.57,8.62,1101534,9711730.00
2013-01-04,8.70,8.75,8.37,8.44,1344539,11682082.00
2013-01-07,8.43,8.78,8.40,8.78,1698019,14865752.00
2013-01-08,8.73,9.08,8.73,8.87,2923303,26546316.00
2013-01-09,8.87,9.08,8.78,9.00,2365707,21636038.00
2013-01-10,8.95,9.19,8.92,9.04,2004175,18471226.00
2013-01-11,9.05,9.36,9.00,9.14,3550776,33207570.00
2013-01-14,9.20,9.77,9.09,9.68,4729166,45554252.00
2013-01-15,9.62,10.66,9.49,10.41,6891859,70543608.00
2013-01-16,10.42,10.42,9.85,10.00,3874366,39767356.00
2013-01-17,10.00,10.17,9.61,9.62,2557047,25598652.00
2013-01-18,9.62,9.78,9.45,9.74,2057564,20207192.00
2013-01-21,9.73,9.97,9.67,9.77,1759377,17568204.00
2013-01-22,9.80,9.80,9.13,9.24,2267960,21962908.00
2013-01-23,9.23,9.39,9.05,9.32,1506480,14184610.00
2013-01-24,9.32,9.40,8.77,8.94,2048639,19068966.00
2013-01-25,8.94,9.03,8.85,8.97,801970,7329948.00
2013-01-28,9.15,9.49,9.07,9.41,1538225,14583536.00
2013-01-29,9.42,9.78,9.40,9.62,1833278,17965168.00
2013-01-30,9.55,9.70,9.40,9.56,1137096,11060713.00
2013-01-31,9.62,9.67,9.42,9.52,873902,8450575.00
2013-02-01,9.56,9.60,9.42,9.56,781982,7594827.50
2013-02-04,9.60,9.67,9.27,9.31,1470981,14090623.00
2013-02-05,9.37,9.62,9.31,9.57,1071090,10412768.00
2013-02-06,9.54,9.67,9.47,9.57,1021581,9970972.00
2013-02-07,9.53,9.78,9.50,9.77,953825,9360479.00
2013-02-08,9.75,9.97,9.72,9.87,1411742,14177497.00
2013-02-18,9.89,9.95,9.73,9.85,1301798,13006218.00
2013-02-19,9.84,9.84,9.44,9.50,1562066,15246754.00
2013-02-20,9.51,9.70,9.40,9.69,1235859,12057029.00
2013-02-21,9.69,9.69,9.42,9.50,1128550,10965457.00
2013-02-22,9.45,9.65,9.45,9.52,842135,8179438.50
2013-02-25,9.54,9.63,9.44,9.62,875366,8521644.00
2013-02-26,9.56,9.93,9.56,9.70,2452865,24429730.00
2013-02-27,9.76,9.77,9.40,9.48,1701060,16541998.00
2013-02-28,9.50,9.81,9.49,9.80,2185861,21601896.00
2013-03-01,9.82,10.19,9.75,10.10,3835827,39130324.00
2013-03-04,10.01,10.11,9.72,9.79,2496711,25121224.00
2013-03-05,9.78,10.30,9.78,10.28,3204291,33017936.00
2013-03-06,10.31,10.61,10.17,10.56,3935069,41574208.00
2013-03-07,10.51,10.54,9.90,10.05,3146229,32698596.00
2013-03-08,10.08,10.15,9.85,9.93,1390722,14164048.00
2013-03-11,9.88,10.05,9.85,9.92,969720,9809686.00
2013-03-12,9.95,9.98,9.18,9.33,2617030,25418122.00
2013-03-13,9.36,9.36,9.11,9.29,1110692,10439981.00
2013-03-14,9.29,9.38,9.15,9.20,1066647,10062689.00
2013-03-15,9.18,9.36,9.04,9.09,1466112,13776286.00
2013-03-18,9.10,9.16,8.84,8.84,941907,8659333.00
2013-03-19,8.91,8.94,8.70,8.91,866674,7811409.50
2013-03-20,8.90,9.17,8.90,9.16,1081743,10010929.00
2013-03-21,9.19,9.28,9.14,9.26,1177162,11057944.00
2013-03-22,8.73,8.80,8.45,8.59,8430760,73854120.00
2013-03-25,8.47,8.59,8.47,8.54,3091701,26922378.00
2013-03-26,8.51,8.53,8.30,8.40,3096751,26541854.00
2013-03-27,8.38,8.46,8.30,8.38,1492066,12786239.00
2013-03-28,8.34,8.39,8.14,8.30,2253265,19063260.00
2013-03-29,8.24,8.30,8.08,8.20,2200343,18409740.00
2013-04-01,8.18,8.22,8.12,8.19,933263,7795002.00
2013-04-02,8.20,8.25,7.97,8.00,1327123,10999318.00
2013-04-03,8.03,8.07,7.65,7.72,1902392,15144323.00
2013-04-08,7.65,7.84,7.56,7.80,1342182,10585873.00
2013-04-09,7.78,7.94,7.78,7.88,1160375,9350375.00
2013-04-10,7.89,7.91,7.72,7.82,819097,6557550.00
2013-04-11,7.89,7.89,7.72,7.78,733642,5849975.00
2013-04-12,7.77,7.80,7.62,7.66,805113,6368914.00
2013-04-15,7.63,7.74,7.56,7.61,593509,4647840.50
2013-04-16,7.57,7.69,7.48,7.67,678929,5280960.00
2013-04-17,7.72,7.83,7.67,7.83,1088076,8628649.00
2013-04-18,7.78,8.02,7.77,7.93,1872174,15153125.00
2013-04-19,7.93,8.03,7.87,7.99,2362589,19200774.00
2013-04-22,7.93,7.98,7.87,7.96,1377029,11164379.00
2013-04-23,7.96,8.04,7.71,7.72,1361409,10928940.00
2013-04-24,7.73,7.94,7.67,7.91,1275502,10230579.00
2013-04-25,7.91,8.06,7.83,7.88,1686772,13729101.00
2013-04-26,7.84,7.91,7.60,7.66,1192111,9403724.00
2013-05-02,7.67,7.74,7.57,7.72,648385,5099991.00
2013-05-03,7.75,7.89,7.66,7.88,1701091,13613343.00
2013-05-06,7.78,8.09,7.75,8.04,3232695,26329560.00
2013-05-07,7.96,8.05,7.91,7.97,1533402,12504540.00
2013-05-08,7.95,8.31,7.95,8.24,4135306,34514016.00
2013-05-09,8.17,8.32,8.07,8.30,3055768,25645362.00
2013-05-10,8.25,8.32,8.15,8.29,2386241,20096152.00
2013-05-13,8.37,8.55,8.14,8.42,4330946,37020016.00
2013-05-14,8.32,8.41,8.07,8.16,3066388,25673612.00
2013-05-15,8.19,8.58,8.13,8.49,3745347,32053406.00
2013-05-16,8.48,8.61,8.29,8.36,4109871,35477168.00
2013-05-17,8.30,8.50,8.24,8.42,2357826,20264302.00
2013-05-20,8.24,8.80,8.24,8.71,6307083,54969404.00
2013-05-21,8.62,9.23,8.54,9.10,6683262,60673112.00
2013-05-22,9.02,9.13,8.63,8.68,5565489,50139212.00
2013-05-23,8.58,8.97,8.58,8.76,3666085,32881616.00
2013-05-24,8.74,9.05,8.72,8.99,4542903,41405288.00
2013-05-27,8.97,9.18,8.89,9.10,5837209,53755044.00
2013-05-28,9.08,9.08,8.68,8.76,4008078,36032316.00
2013-05-29,8.75,8.89,8.71,8.81,2263431,20296530.00
2013-05-30,8.77,8.89,8.68,8.84,2556949,22921072.00
2013-05-31,8.82,8.94,8.70,8.70,2569387,23167250.00
2013-06-03,8.69,8.72,8.35,8.37,3437312,29749916.00
2013-06-04,8.37,8.38,8.05,8.11,2067471,17305580.00
2013-06-05,8.17,8.21,8.08,8.16,997639,8306235.00
2013-06-06,8.11,8.20,8.00,8.03,1160297,9632404.00
2013-06-07,8.05,8.16,7.94,8.00,903332,7419075.00
2013-06-13,7.86,7.87,7.52,7.65,1221492,9583181.00
2013-06-14,7.76,8.00,7.66,7.96,1938104,15595917.00
2013-06-17,7.98,8.12,7.87,7.96,1471773,12064249.00
2013-06-18,7.91,8.18,7.79,8.11,2209761,18063996.00
2013-06-19,8.10,8.10,7.90,8.01,1050453,8575451.00
2013-06-20,8.01,8.33,7.90,7.91,2531456,21024920.00
2013-06-21,7.74,7.90,7.64,7.81,1581124,12562256.00
2013-06-24,7.74,7.89,7.17,7.30,1181368,9121255.00
2013-06-25,7.11,7.37,6.72,7.21,1659929,12003907.00
2013-06-26,7.23,7.67,7.15,7.64,1852100,14115653.00
2013-06-27,7.61,7.76,7.23,7.25,1472614,11364210.00
2013-06-28,7.30,7.54,6.82,7.38,1481875,11072540.00
2013-07-01,7.36,7.59,7.29,7.56,863798,6616834.50
2013-07-02,7.56,7.77,7.54,7.77,1428327,11182679.00
2013-07-03,7.76,8.10,7.50,8.02,2626081,20905076.00
2013-07-04,7.87,8.05,7.87,7.90,1418447,11543481.00
2013-07-05,7.89,8.00,7.63,7.64,1422314,11387279.00
2013-07-08,7.50,7.50,7.03,7.24,935641,7012968.50
2013-07-09,7.17,7.39,7.17,7.38,455648,3414392.00
2013-07-10,7.11,7.49,7.11,7.45,1590630,11961660.00
2013-07-11,7.45,7.76,7.45,7.67,1147084,8979821.00
2013-07-12,7.66,7.96,7.54,7.80,1786683,14295311.00
2013-07-15,7.80,8.16,7.72,8.09,1983904,16218300.00
2013-07-16,8.10,8.20,7.98,8.09,1700936,14035904.00
2013-07-17,8.10,8.74,8.04,8.51,5463330,47063920.00
2013-07-18,8.39,8.73,8.36,8.61,3595973,30778768.00
2013-07-19,8.61,8.90,8.29,8.30,3124605,27067134.00
2013-07-22,8.17,8.67,8.00,8.63,2291778,19430484.00
2013-07-23,8.58,9.02,8.51,8.85,4795766,42076584.00
2013-07-24,8.85,9.11,8.63,8.88,4387293,38991412.00
2013-07-25,8.86,8.88,8.35,8.39,3312494,28511342.00
2013-07-26,8.39,9.23,8.15,9.23,8134690,72842336.00
2013-07-29,9.22,9.30,8.65,8.77,7208920,65544744.00
2013-07-30,8.80,8.89,8.33,8.66,3484067,30127422.00
2013-07-31,8.71,9.30,8.54,9.03,6629439,60011632.00
2013-08-01,8.95,9.94,8.86,9.94,8154146,78545608.00
2013-08-02,10.41,10.94,10.25,10.94,6164858,66279104.00
2013-08-05,10.87,10.87,10.38,10.74,12537187,132657784.00
2013-08-06,10.49,10.70,10.37,10.62,8774659,92943944.00
2013-08-07,10.47,10.54,9.88,10.07,7770138,78732680.00
2013-08-08,10.05,10.23,9.93,10.12,4394212,44560912.00
2013-08-09,10.01,10.17,9.52,9.69,5219790,51297984.00
2013-08-12,9.66,9.85,9.38,9.79,4748634,45875868.00
2013-08-13,9.73,10.00,9.60,9.93,4187018,41350692.00
2013-08-14,9.94,9.99,9.60,9.80,3750453,36869408.00
2013-08-15,9.72,10.06,9.72,9.80,4893995,48544544.00
2013-08-16,9.69,10.13,9.21,9.31,5479476,53996124.00
2013-08-19,9.13,9.76,9.09,9.68,3310045,31668148.00
2013-08-20,9.67,10.26,9.67,10.10,6628206,66625484.00
2013-08-21,10.05,10.35,9.91,10.26,6861291,70097032.00
2013-08-22,10.19,10.59,10.08,10.31,6567496,67933072.00
2013-08-23,10.19,10.36,9.54,10.00,5298524,53350408.00
2013-08-26,9.97,10.15,9.94,10.07,3586629,36049216.00
2013-08-27,10.07,10.12,9.69,10.08,4232242,42174524.00
2013-08-28,9.98,10.67,9.78,10.15,8442055,87661552.00
2013-08-29,9.96,10.14,9.70,9.84,4161154,41281480.00
2013-08-30,9.82,9.82,8.88,9.00,4678385,43779676.00
2013-09-02,8.93,9.26,8.92,9.20,2124032,19460474.00
2013-09-03,9.17,9.49,9.17,9.37,2427619,22774620.00
2013-09-04,9.36,9.39,9.12,9.16,2256124,20942260.00
2013-09-05,9.14,9.45,9.12,9.35,2028412,18985944.00
2013-09-06,9.35,9.51,9.24,9.42,2106269,19869040.00
2013-09-09,9.78,10.09,9.54,9.60,3999720,39096784.00
2013-09-10,9.53,9.78,9.53,9.70,2634774,25530910.00
2013-09-11,9.67,9.67,9.10,9.29,2665498,24950796.00
2013-09-12,9.28,9.44,9.20,9.25,1271864,11879275.00
2013-09-13,9.25,9.41,9.08,9.36,1570431,14653084.00
2013-09-16,9.32,9.54,9.28,9.40,1493107,14134387.00
2013-09-17,9.42,9.43,9.14,9.17,990253,9224193.00
2013-09-18,9.20,9.39,9.12,9.38,1260588,11688850.00
2013-09-23,9.37,9.84,9.33,9.75,2933174,28350200.00
2013-09-24,9.72,9.81,9.57,9.75,2170906,21100648.00
2013-09-25,9.75,10.04,9.54,9.61,2746916,27019100.00
2013-09-26,9.62,9.80,9.45,9.64,1825950,17696002.00
2013-09-27,9.69,9.71,9.47,9.58,1264206,12157679.00
2013-09-30,9.59,9.93,9.49,9.88,2321547,22800716.00
2013-10-08,9.89,10.05,9.78,9.97,2861008,28526378.00
2013-10-09,9.94,10.32,9.88,10.22,3535646,35957832.00
2013-10-10,10.27,10.31,9.87,9.92,2749964,27663734.00
2013-10-11,10.02,10.08,9.82,9.95,1921988,19205916.00
2013-10-14,10.03,10.13,9.90,10.10,2320727,23357390.00
2013-10-15,10.07,10.07,9.72,9.80,2566561,25279656.00
2013-10-16,9.86,9.86,9.25,9.39,2342030,22316244.00
2013-10-17,9.36,9.69,9.36,9.43,1700377,16226716.00
2013-10-18,9.42,9.57,9.39,9.52,1122583,10699208.00
2013-10-21,9.52,9.98,9.51,9.94,3217507,31643660.00
2013-10-22,9.95,10.01,9.73,9.82,2104759,20764520.00
2013-10-23,9.81,9.81,9.35,9.41,2110091,20160112.00
2013-10-24,9.37,9.50,9.33,9.39,847561,8000542.00
2013-10-25,9.45,9.45,8.87,8.97,1765881,16127851.00
2013-10-28,8.94,9.04,8.90,8.97,598510,5382340.00
2013-10-29,8.91,9.00,8.30,8.46,1462019,12558595.00
2013-10-30,8.52,8.65,8.40,8.65,951568,8158184.50
2013-10-31,8.58,8.72,8.52,8.68,770320,6669238.00
2013-11-01,8.70,8.73,8.53,8.65,743419,6429191.50
2013-11-04,8.77,8.83,8.62,8.75,573872,5030437.50
2013-11-05,8.77,8.90,8.62,8.89,806713,7116526.50
2013-11-06,8.88,9.02,8.78,8.79,891900,7978822.00
2013-11-07,8.67,8.79,8.58,8.63,651841,5689402.50
2013-11-08,8.63,8.67,8.34,8.49,588018,5010167.50
2013-11-11,8.56,8.77,8.39,8.72,874826,7557546.50
2013-11-12,8.68,8.95,8.61,8.84,914592,8094065.50
2013-11-13,8.84,8.92,8.67,8.67,663372,5869776.00
2013-11-14,8.63,9.07,8.63,8.98,1886433,16817368.00
2013-11-15,8.99,9.26,8.87,9.16,1765387,16204706.00
2013-11-18,9.27,9.37,9.08,9.33,1567060,14570538.00
2013-11-19,9.28,9.57,9.27,9.33,2304710,21749384.00
2013-11-20,9.33,9.52,9.28,9.46,1476322,13924684.00
2013-11-21,9.46,9.52,9.32,9.40,1033243,9746694.00
2013-11-22,9.47,9.64,9.22,9.30,1864375,17553094.00
2013-11-25,9.29,9.55,9.22,9.50,1777030,16889154.00
2013-11-26,9.46,9.72,9.40,9.65,2201344,21187982.00
2013-11-27,9.63,9.92,9.59,9.82,2949757,28998814.00
2013-11-28,9.75,9.93,9.74,9.76,2594610,25604602.00
2013-11-29,9.76,10.74,9.68,10.74,5626884,59125756.00
2013-12-02,10.39,10.92,9.74,9.84,9735998,100848336.00
2013-12-03,9.54,9.83,8.98,9.70,5195319,49454672.00
2013-12-04,9.52,10.67,9.52,10.67,4809761,50186628.00
2013-12-05,11.12,11.47,10.42,10.45,11525076,127065320.00
2013-12-06,10.20,10.36,9.97,10.02,5562185,56605796.00
2013-12-09,9.93,10.41,9.89,10.40,4104303,42308960.00
2013-12-10,10.41,10.43,9.93,10.12,3132848,31878088.00
2013-12-11,9.99,10.20,9.80,9.97,2333312,23437920.00
2013-12-12,10.06,10.39,10.06,10.12,3163728,32404642.00
2013-12-13,10.06,10.45,9.95,10.39,3169148,32494432.00
2013-12-16,10.35,10.48,10.05,10.13,2560042,26285504.00
2013-12-17,10.09,10.18,9.67,9.95,3034653,30117274.00
2013-12-18,9.92,10.11,9.78,10.04,1723653,17245800.00
2013-12-19,10.05,10.34,9.87,9.89,2795394,28354056.00
2013-12-20,9.79,10.06,9.78,9.86,1592446,15822905.00
2013-12-23,9.80,10.14,9.62,9.83,1628951,16149718.00
2013-12-24,9.78,10.23,9.78,10.22,2264577,22789124.00
2013-12-25,10.18,10.67,10.17,10.51,4159207,43607484.00
2013-12-26,10.42,10.87,10.40,10.41,4355025,46444168.00
2013-12-27,10.28,11.45,10.28,11.14,9404070,105097040.00
2013-12-30,11.07,12.26,10.95,12.26,8123635,95254248.00
2013-12-31,12.27,12.83,11.57,11.76,10197963,124131832.00
2014-01-02,11.87,12.94,11.48,12.36,9614426,118413416.00
2014-01-03,12.06,12.36,11.70,11.81,7070590,85006760.00
2014-01-06,11.67,11.77,10.98,11.07,5447010,61996556.00
2014-01-07,10.99,11.39,10.99,11.32,3590638,40388500.00
2014-01-08,11.31,11.64,11.31,11.38,4347627,50019672.00
2014-01-09,11.08,11.56,11.05,11.13,3895133,44103456.00
2014-01-10,11.12,11.35,10.65,10.80,3439594,38092652.00
2014-01-13,10.87,11.04,10.63,10.83,2119749,23039668.00
2014-01-14,10.83,11.36,10.78,11.35,3854235,43110332.00
2014-01-15,11.30,11.61,11.25,11.58,4300544,49383620.00
2014-01-16,11.59,11.69,11.29,11.40,3869375,44542812.00
2014-01-17,11.32,12.21,11.28,11.96,6451936,76832848.00
2014-01-20,11.87,12.07,11.43,11.68,3864095,45480544.00
2014-01-21,11.71,12.17,11.48,12.14,4534406,53847052.00
2014-01-22,12.12,12.22,11.75,12.16,4892335,59070412.00
2014-01-23,12.15,12.64,11.98,12.39,5942187,73920456.00
2014-01-24,12.32,12.93,12.27,12.52,5619063,70893976.00
2014-01-27,12.22,13.27,11.98,12.75,7966883,101804544.00
2014-01-28,12.70,12.83,12.37,12.57,3522085,44338096.00
2014-01-29,12.60,12.88,12.41,12.77,2987001,38074820.00
2014-01-30,12.77,13.22,12.67,12.82,2639898,34218812.00
2014-02-07,12.68,13.07,12.44,12.97,2742627,35011056.00
2014-02-10,13.03,13.46,12.80,13.20,3480003,45656288.00
2014-02-11,13.22,13.26,12.68,12.85,3833328,49723548.00
2014-02-12,12.82,13.04,12.60,12.96,3001473,38684296.00
2014-02-13,12.86,13.22,12.55,12.55,2756069,35585600.00
2014-02-14,12.58,12.94,12.52,12.85,2303962,29392818.00
2014-02-17,12.84,13.51,12.79,13.45,3671474,48658248.00
2014-02-18,13.32,14.15,13.22,14.07,4389250,60246632.00
2014-02-19,14.30,15.48,13.75,14.71,6498091,93886992.00
2014-02-20,14.96,14.96,13.95,13.97,4692917,67857640.00
2014-02-21,13.97,14.55,13.56,14.06,3303115,46414572.00
2014-02-24,14.12,14.40,13.87,14.35,3653279,52091256.00
2014-02-25,14.46,14.64,12.99,13.20,5346792,74432856.00
2014-02-26,13.11,13.29,12.48,13.26,2653971,34464292.00
2014-02-27,13.45,13.50,12.58,12.61,2471847,32472552.00
2014-02-28,12.69,12.81,12.27,12.70,1699836,21357974.00
2014-03-03,12.68,13.12,12.67,13.11,1546867,20117724.00
2014-03-04,13.11,13.50,12.84,13.42,3471651,46196504.00
2014-03-05,13.47,13.75,13.19,13.45,2883126,38890680.00
2014-03-06,13.33,13.41,12.91,13.15,1944617,25591684.00
2014-03-07,13.15,13.25,12.72,12.74,1469515,19157580.00
2014-03-10,12.67,12.67,11.88,12.22,1531238,18844500.00
2014-03-11,12.29,12.47,12.00,12.14,1026742,12588473.00
2014-03-12,12.14,12.35,11.67,11.97,1126756,13546076.00
2014-03-13,11.92,12.31,11.87,12.30,968091,11775479.00
2014-03-14,12.31,12.49,12.15,12.41,977502,12109879.00
2014-03-17,12.40,12.84,12.29,12.82,1022293,12961600.00
2014-03-18,12.87,13.05,12.69,12.85,1233373,15914369.00
2014-03-19,12.77,13.11,12.69,13.06,1439393,18742262.00
2014-03-20,12.94,13.11,12.11,12.11,1270775,16250062.00
2014-03-21,12.74,13.32,12.67,13.32,9273236,123370864.00
2014-03-24,12.64,13.45,12.37,13.01,6996639,89915880.00
2014-03-25,12.81,12.83,12.31,12.42,3650883,46051024.00
2014-03-26,12.37,12.73,12.23,12.58,1909246,24069324.00
2014-03-27,12.49,12.67,12.27,12.27,1840512,22926514.00
2014-03-28,12.15,12.22,11.17,11.32,2365899,27656856.00
2014-03-31,11.16,11.51,11.02,11.27,1009231,11371577.00
2014-04-01,11.17,11.54,11.16,11.53,786689,9009817.00
2014-04-02,11.53,11.72,11.17,11.36,708914,8061905.50
2014-04-03,11.48,11.53,11.32,11.41,640645,7352046.00
2014-04-04,11.46,11.74,10.97,11.71,1088975,12562988.00
2014-04-08,11.30,11.69,11.22,11.56,1545626,17773986.00
2014-04-09,11.52,11.86,11.49,11.76,1086637,12784771.00
2014-04-10,11.77,12.03,11.73,11.78,1296491,15422414.00
2014-04-11,11.63,11.94,11.59,11.84,873179,10295370.00
2014-04-14,11.80,12.04,11.73,12.00,926542,11113196.00
2014-04-15,11.97,12.09,11.76,11.82,783445,9361106.00
2014-04-16,11.83,11.83,11.44,11.65,1028458,11984549.00
2014-04-17,11.77,11.91,11.66,11.81,936023,11066166.00
2014-04-18,11.73,12.06,11.73,12.01,816086,9719754.00
2014-04-21,11.96,12.07,11.77,11.79,892239,10667451.00
2014-04-22,11.69,11.85,11.48,11.61,768187,8965812.00
2014-04-23,11.61,11.70,11.37,11.40,587284,6764025.50
2014-04-24,11.40,11.46,11.19,11.33,473409,5376010.00
2014-04-25,11.46,11.46,11.08,11.10,517742,5861805.00
2014-04-30,10.77,11.13,10.57,10.87,1104304,12061225.00
2014-05-05,10.98,11.96,10.98,11.96,1608496,19155970.00
2014-05-06,12.27,12.85,12.13,12.57,4918537,61383264.00
2014-05-07,12.33,12.42,11.96,12.13,3195247,39142428.00
2014-05-08,12.08,12.29,11.98,12.00,1785199,21735812.00
2014-05-09,12.03,12.82,12.03,12.53,3307974,41069584.00
2014-05-12,12.38,12.57,12.12,12.43,2208950,27397480.00
2014-05-13,12.42,12.42,12.02,12.14,1642528,19995974.00
2014-05-14,12.10,12.34,11.97,12.31,1593829,19516952.00
2014-05-15,12.34,12.40,11.49,11.49,1537307,18473748.00
2014-05-16,11.45,11.61,10.97,11.19,1403308,15826615.00
2014-05-19,11.13,11.35,11.13,11.21,629616,7090133.50
2014-05-20,11.32,11.46,11.17,11.23,878655,9964649.00
2014-05-21,11.19,11.37,10.99,11.33,824709,9247109.00
2014-05-22,11.33,11.65,11.33,11.45,1258397,14508068.00
2014-05-23,11.37,11.75,11.07,11.67,1362011,15699992.00
2014-05-26,11.65,11.89,11.58,11.74,1507932,17724996.00
2014-05-27,11.82,11.86,11.46,11.63,977499,11404147.00
2014-05-28,11.74,12.15,11.62,12.01,1705340,20433118.00
2014-05-29,11.98,12.05,11.66,11.73,1306327,15505946.00
2014-05-30,11.96,12.91,11.85,12.91,3236718,40761316.00
2014-06-03,13.51,13.51,12.68,12.96,6516718,85279080.00
2014-06-04,12.72,12.97,12.45,12.86,3396620,43286788.00
2014-06-05,12.78,12.81,12.47,12.77,2560548,32489934.00
2014-06-06,12.68,12.95,12.52,12.80,2399498,30795074.00
2014-06-09,12.75,12.93,12.47,12.55,1592180,20199640.00
2014-07-21,12.00,12.13,11.35,11.52,2931347,34410900.00
2014-07-22,11.35,11.80,11.35,11.65,1894455,22069700.00
2014-07-23,11.56,11.78,11.10,11.17,1639584,18738316.00
2014-07-24,11.20,11.62,10.80,11.22,1392787,15511060.00
2014-07-25,11.22,11.37,11.10,11.28,823913,9272648.00
2014-07-28,11.36,11.69,11.26,11.68,1639875,18882360.00
2014-07-29,11.68,11.86,11.59,11.76,1441844,16948174.00
2014-07-30,11.80,12.28,11.68,12.10,1665096,19940798.00
2014-07-31,12.08,12.23,11.92,12.20,919354,11111981.00
2014-08-01,12.38,12.38,12.02,12.07,1094887,13336892.00
2014-08-04,12.09,12.29,12.03,12.22,839808,10218586.00
2014-08-05,12.21,12.45,12.02,12.34,1144614,14094832.00
2014-08-06,12.32,12.56,12.32,12.56,1365449,16992008.00
2014-08-07,12.50,12.59,12.20,12.35,1082584,13498364.00
2014-08-08,12.48,12.65,12.39,12.52,994230,12472650.00
2014-08-11,12.52,12.72,12.47,12.63,980133,12355405.00
2014-08-12,12.57,12.76,12.48,12.69,1303210,16429115.00
2014-08-13,12.69,12.69,12.40,12.54,843459,10577710.00
2014-08-14,12.46,12.89,12.46,12.78,1736265,22160156.00
2014-08-15,12.78,13.20,12.71,13.12,1610676,20881864.00
2014-08-18,13.12,13.55,13.03,13.48,1386242,18545660.00
2014-08-19,13.48,13.75,13.38,13.53,1308701,17686146.00
2014-08-20,13.48,13.53,13.30,13.45,907570,12198932.00
2014-08-21,13.43,14.00,13.16,13.60,2157926,29275740.00
2014-08-22,13.78,14.96,13.78,14.03,7769916,114243288.00
2014-08-25,13.72,13.84,13.45,13.46,4156124,56593088.00
2014-08-26,13.46,13.60,13.00,13.02,1730079,23083652.00
2014-08-27,13.10,13.63,13.01,13.41,1772862,23807120.00
2014-08-28,13.30,13.75,13.25,13.65,1283294,17355032.00
2014-08-29,13.65,13.88,13.55,13.80,1282456,17584602.00
2014-09-01,13.81,14.50,13.81,14.37,1683495,23988456.00
2014-09-02,14.30,14.61,14.27,14.55,1717024,24816486.00
2014-09-03,14.60,14.65,14.38,14.40,1277866,18517320.00
2014-09-04,14.49,14.68,14.36,14.59,1147878,16612025.00
2014-09-05,14.71,14.80,14.50,14.74,1144516,16782562.00
2014-09-09,14.75,14.81,14.50,14.70,807106,11849287.00
2014-09-10,14.69,14.83,14.43,14.79,1192558,17476790.00
2014-09-11,14.73,15.55,14.72,14.93,2266028,34351072.00
2014-09-12,14.90,15.42,14.71,15.33,1596222,24169974.00
2014-09-15,15.29,16.50,15.20,16.03,4597349,73531096.00
2014-09-16,15.97,16.27,15.27,15.29,2478785,39009048.00
2014-09-17,15.31,15.86,14.98,15.50,2174291,33527026.00
2014-09-18,15.56,15.93,15.29,15.81,1207865,18976276.00
2014-09-19,15.81,16.20,15.71,15.87,2109431,33713264.00
2014-09-22,15.92,16.28,15.58,16.09,1801874,28684376.00
2014-09-23,16.15,17.70,16.10,17.33,4250237,73523120.00
2014-09-24,17.08,17.79,17.08,17.66,2716797,47608472.00
2014-09-25,17.56,18.93,17.40,18.21,3057253,55856320.00
2014-09-26,18.30,18.88,18.02,18.67,2153055,39847552.00
2014-09-29,18.67,18.86,17.92,18.19,2752185,50134012.00
2014-09-30,18.19,18.25,17.62,17.96,2030911,36454192.00
2014-10-08,17.98,18.38,17.80,18.27,1804276,32720838.00
2014-10-09,18.20,18.90,18.11,18.70,2551888,47460960.00
2014-10-10,18.56,18.68,17.99,18.16,1587784,28957482.00
2014-10-13,18.10,18.10,17.10,17.52,1756804,30716444.00
2014-10-14,17.45,17.83,17.12,17.33,1332208,23310892.00
2014-10-15,17.28,17.48,16.34,16.71,2626587,43789788.00
2014-10-16,16.66,16.90,16.53,16.74,1315905,22067974.00
2014-10-17,16.60,16.69,16.13,16.58,1307894,21539700.00
2014-10-20,16.66,16.66,16.00,16.34,1715704,27931216.00
2014-10-21,16.27,16.65,16.22,16.37,1497086,24656762.00
2014-10-22,16.37,16.99,16.37,16.47,1706688,28563406.00
2014-10-23,16.15,16.26,15.00,15.16,3085373,47515096.00
2014-10-24,15.12,15.46,14.73,15.21,1565544,23675322.00
2014-10-27,15.11,15.76,15.09,15.65,1325177,20631690.00
2014-10-28,15.80,16.58,15.80,16.58,1695229,27623658.00
2014-10-29,16.55,16.96,16.54,16.61,1392147,23301552.00
2014-10-30,16.62,16.62,16.18,16.31,1073345,17596542.00
2014-10-31,16.31,16.69,16.26,16.43,758601,12435688.00
2014-11-03,16.43,16.66,16.05,16.25,988931,16252896.00
2014-11-04,16.26,16.42,16.06,16.14,992979,16122628.00
2014-11-05,16.10,16.20,15.76,16.14,714926,11424892.00
2014-11-06,16.23,16.98,16.23,16.98,1893532,31647972.00
2014-11-07,16.55,17.15,15.91,15.95,3054289,50487956.00
2014-11-10,15.59,15.80,14.72,15.22,3756574,56845004.00
2014-11-11,15.19,15.20,14.01,14.15,2782878,40567572.00
2014-11-12,14.13,14.78,14.13,14.73,1577959,22792314.00
2014-11-13,14.64,14.73,14.02,14.36,1440358,20673346.00
2014-11-14,14.36,14.53,14.13,14.47,1167199,16710429.00
2014-11-17,14.40,15.27,14.38,15.05,1753569,26297480.00
2014-11-18,15.15,15.35,14.90,15.35,1725617,26114862.00
2014-11-19,15.28,15.40,15.07,15.19,1282565,19560666.00
2014-11-20,15.03,15.30,15.03,15.18,780209,11789833.00
2014-11-21,15.04,15.59,15.04,15.19,1274261,19612968.00
2014-11-24,15.30,15.39,14.92,15.35,1211583,18378646.00
2014-11-25,15.59,15.94,15.17,15.83,1331841,20947846.00
2014-11-26,15.82,15.98,15.65,15.94,1052141,16673662.00
2014-11-27,15.97,16.47,15.85,16.42,1428302,23021198.00
2014-11-28,16.43,17.44,16.31,16.81,2462692,41903396.00
2014-12-01,16.81,17.59,16.37,17.53,1901289,32323586.00
2014-12-02,17.45,18.44,17.21,17.61,2241849,40133072.00
2014-12-03,17.40,17.40,16.60,17.00,1986829,33713220.00
2014-12-04,17.00,18.16,16.72,17.28,1908219,33403788.00
2014-12-05,17.15,17.25,16.28,16.70,1599684,26850722.00
2014-12-08,16.30,16.50,15.85,15.90,1760223,28306024.00
2014-12-09,15.87,16.15,14.58,15.01,1741605,26332352.00
2014-12-10,14.10,16.50,14.10,15.58,1567154,24242136.00
2014-12-11,15.40,15.95,15.40,15.76,1006939,15841039.00
2014-12-12,15.98,15.99,15.53,15.79,807715,12734237.00
2014-12-15,15.77,16.31,15.65,16.20,1072739,17205426.00
2014-12-16,16.12,16.18,15.70,15.80,1144860,18198264.00
2014-12-17,15.79,15.99,15.21,15.40,1011597,15799676.00
2014-12-18,15.45,15.54,15.20,15.31,883884,13596338.00
2014-12-19,15.39,15.48,14.50,14.88,1870210,27448220.00
2014-12-22,14.55,14.55,13.39,13.49,1504801,20840610.00
2014-12-23,13.14,13.77,13.14,13.23,1164742,15648102.00
2014-12-24,13.36,13.95,13.35,13.85,903559,12354044.00
2014-12-25,13.87,14.26,13.65,14.02,889258,12404165.00
2014-12-26,13.81,14.18,13.67,13.91,1053857,14600108.00
2014-12-29,13.93,13.93,13.15,13.46,1106781,14935423.00
2014-12-30,13.59,13.60,12.61,12.81,1023621,13288841.00
2014-12-31,12.77,13.10,12.52,12.83,1325761,17070174.00
2015-01-05,12.92,12.93,12.36,12.70,799456,10094696.00
2015-01-06,12.70,13.38,12.60,13.23,1564091,20348044.00
2015-01-07,13.24,13.48,13.02,13.32,1000014,13266695.00
2015-01-08,13.29,13.56,13.18,13.43,783057,10488717.00
2015-01-09,13.40,13.66,13.29,13.50,1085859,14672732.00
2015-01-12,13.50,13.59,13.13,13.13,643021,8545673.00
2015-01-13,13.01,13.63,13.01,13.62,1121063,15089321.00
2015-01-14,13.60,13.74,13.33,13.65,976848,13219821.00
2015-01-15,13.63,13.95,13.53,13.78,1079202,14880648.00
2015-01-16,13.65,14.30,13.51,14.20,912601,12803664.00
2015-01-19,14.02,14.54,13.80,13.99,917201,13032947.00
2015-01-20,14.19,14.74,14.02,14.74,1233686,17815344.00
2015-01-21,14.95,14.95,14.54,14.76,1298210,19119974.00
2015-01-22,14.75,14.99,14.70,14.89,978664,14531403.00
2015-01-23,14.81,14.88,14.33,14.57,874878,12825573.00
2015-01-26,14.47,14.87,14.46,14.87,711302,10461755.00
2015-01-27,14.87,15.00,14.61,15.00,996726,14806467.00
2015-01-28,15.28,15.68,15.06,15.39,1300389,20035690.00
2015-01-29,15.31,15.54,15.12,15.12,825076,12619786.00
2015-01-30,15.12,15.48,14.46,14.50,1812202,26471536.00
2015-02-02,14.20,14.63,14.01,14.54,653401,9438866.00
2015-02-03,14.54,15.07,14.40,15.01,1976616,29271838.00
2015-02-04,15.01,15.15,14.83,15.02,1135520,16979246.00
2015-02-05,15.15,15.45,14.50,15.02,1612081,24488766.00
2015-02-06,14.82,15.09,14.46,14.62,1398326,20477718.00
2015-02-09,14.62,14.74,14.40,14.51,600628,8771388.00
2015-02-10,14.46,14.65,14.42,14.61,519121,7555899.50
2015-02-11,14.60,15.35,14.46,15.05,1327808,19865534.00
2015-02-12,15.10,15.48,14.89,15.18,1294386,19632248.00
2015-02-13,15.19,15.60,15.03,15.47,1222250,18854084.00
2015-02-17,15.25,16.18,15.12,15.92,2856731,45116812.00
2015-02-25,15.83,15.94,15.55,15.56,1461037,22944286.00
2015-02-26,15.56,15.67,15.12,15.40,1531731,23528824.00
2015-02-27,15.43,15.76,15.40,15.76,1155002,18033560.00
2015-03-02,15.76,15.97,15.60,15.97,1598438,25276650.00
2015-03-03,15.93,15.93,15.51,15.58,1620380,25408012.00
2015-03-04,15.53,15.82,15.53,15.81,1373169,21622348.00
2015-03-05,15.81,16.38,15.66,16.28,2299686,36783268.00
2015-03-06,16.33,16.33,15.66,15.67,1879000,29881724.00
2015-03-09,15.69,16.08,15.40,16.04,1458164,23018514.00
2015-03-10,15.90,16.40,15.80,16.27,1931046,31355264.00
2015-03-11,16.20,16.26,15.91,16.13,1344212,21610682.00
2015-03-12,16.25,16.38,15.91,16.00,952833,15334869.00
2015-03-13,16.01,16.36,15.85,16.30,1380033,22338190.00
2015-03-16,16.47,16.95,16.31,16.74,2731709,45669612.00
2015-03-17,16.75,18.23,16.63,17.69,4367850,77264168.00
2015-03-18,17.72,18.49,16.93,18.23,2946710,52816688.00
2015-03-19,18.14,18.79,17.97,18.28,2705828,49782952.00
2015-03-20,18.31,19.76,18.16,19.22,3150494,59875292.00
2015-03-23,19.29,20.08,18.88,20.00,2769870,54378804.00
2015-03-24,20.65,21.60,19.00,21.31,4540876,93905936.00
2015-03-25,21.00,21.89,20.40,20.83,3065416,64559300.00
2015-03-26,20.45,20.45,18.88,19.48,2998571,59140808.00
2015-03-27,19.48,20.30,19.48,19.90,1747008,34706736.00
2015-03-30,19.90,20.75,19.62,20.01,2037867,40828664.00
2015-03-31,19.72,20.43,19.41,20.12,2119118,42357048.00
2015-04-01,20.00,20.99,20.00,20.87,1987844,41033736.00
2015-04-02,20.95,22.20,20.71,21.92,2330766,50325740.00
2015-04-03,21.62,23.86,21.21,23.24,2852309,65040176.00
2015-04-07,23.50,24.80,23.00,23.46,2388010,56602696.00
2015-04-08,23.33,23.66,21.52,22.30,2997865,67293024.00
2015-04-09,22.94,23.45,21.00,23.40,3025219,68173016.00
2015-04-10,22.95,24.00,22.75,23.89,2325334,54390788.00
2015-04-13,23.90,24.29,23.42,23.95,2141430,51326752.00
2015-04-14,23.50,23.79,22.72,23.02,1987074,46300176.00
2015-04-15,22.91,23.35,21.28,21.30,2013127,44215072.00
2015-04-16,20.68,22.10,20.50,21.42,1803478,38915316.00
2015-04-17,21.50,21.95,21.00,21.80,1527032,32880738.00
2015-04-20,21.48,23.53,21.30,22.70,2918610,66244384.00
2015-04-21,22.55,24.58,22.51,24.55,3014500,71950992.00
2015-04-22,24.81,27.01,24.78,27.01,4362300,115259200.00
2015-04-23,28.48,28.71,26.42,26.55,3210964,88170752.00
2015-04-24,26.90,27.29,25.80,26.95,2616991,68899400.00
2015-04-27,26.88,27.80,26.00,26.50,2141107,57478124.00
2015-04-28,26.15,26.48,24.51,24.99,2816883,70761400.00
2015-04-29,25.12,26.00,24.63,25.48,1847206,47021836.00
2015-04-30,25.65,26.75,25.30,25.93,1766166,46078588.00
2015-05-04,25.75,27.63,25.20,26.89,2099833,55386588.00
2015-05-05,26.89,27.34,25.53,26.09,1601205,42030916.00
2015-05-06,26.09,26.90,25.39,25.62,1978301,52034028.00
2015-05-07,25.20,25.79,23.80,24.01,2186439,53978728.00
2015-05-08,24.30,25.84,24.30,25.73,1769172,44468296.00
2015-05-11,26.00,28.25,25.80,28.05,3250098,88252072.00
2015-05-12,27.78,28.00,26.00,27.37,4546890,123903760.00
2015-05-13,26.93,27.00,26.18,26.49,3632568,96744792.00
2015-05-14,26.49,28.55,26.18,28.48,4165132,114866992.00
2015-05-15,28.50,28.50,27.10,27.69,2958938,81939392.00
2015-05-18,27.50,30.40,27.50,30.30,4337830,125868120.00
2015-05-19,29.82,32.29,29.02,31.60,3628261,110427432.00
2015-05-20,32.54,33.80,31.62,32.00,4284876,140051760.00
2015-05-21,31.80,33.90,31.60,33.70,4166648,137295536.00
2015-05-22,35.00,35.00,32.30,34.19,3877217,129676168.00
2015-05-25,33.10,34.80,32.50,34.21,3670016,123912488.00
2015-05-26,34.90,37.63,34.23,37.63,4542960,166230736.00
2015-05-27,39.50,39.88,37.60,39.05,4792449,186000192.00
2015-05-28,39.04,39.80,35.22,38.56,4228579,158332624.00
2015-05-29,36.99,38.99,35.68,38.69,3147477,119090912.00
2015-06-01,38.75,40.68,38.70,40.44,3906721,154190304.00
2015-06-02,41.37,41.56,39.00,40.66,4162095,167075680.00
2015-06-03,40.00,41.00,38.96,40.41,3358309,134274384.00
2015-06-04,40.99,40.99,36.37,38.50,3591983,135770224.00
2015-06-05,38.49,39.30,36.34,36.82,2593156,98116848.00
2015-06-08,36.82,36.82,33.61,33.80,3522385,121944240.00
2015-06-09,34.00,34.79,32.23,33.30,4414629,147798192.00
2015-06-10,33.43,35.43,33.15,35.00,3813238,130444040.00
2015-06-11,35.00,35.99,34.45,35.76,3158573,111742152.00
2015-06-12,35.90,39.20,35.90,36.21,2772457,102810056.00
2015-06-15,36.00,37.30,34.39,34.46,2599800,93383864.00
2015-06-16,34.30,34.33,31.60,31.80,2913225,94824456.00
2015-06-17,31.90,34.50,30.11,34.50,3063049,98821976.00
2015-06-18,34.38,34.38,32.08,32.79,2234428,74753112.00
2015-06-19,31.12,32.30,29.51,29.58,2052091,62997760.00
2015-06-23,30.00,30.40,27.30,29.98,2534931,73866440.00
2015-06-24,30.08,31.15,28.96,30.53,3018145,91297144.00
2015-06-25,30.98,31.00,27.80,28.06,2668790,78676264.00
2015-06-26,27.38,27.38,25.25,25.25,2530464,64859056.00
2015-06-29,25.80,25.80,22.73,22.73,2728101,62964524.00
2015-06-30,20.50,24.00,20.46,23.67,4090868,89944048.00
2015-07-01,23.93,24.60,21.30,21.30,4444641,104157760.00
2015-07-02,21.45,21.45,19.17,19.17,3263760,63894320.00
2015-07-03,18.19,19.50,17.25,17.30,4643759,82515752.00
2015-07-06,18.88,19.03,15.57,15.58,4354642,73343680.00
2015-07-07,14.80,14.85,14.02,14.02,4828900,67815528.00
2015-07-08,12.62,15.42,12.62,15.25,11013813,152403408.00
2015-07-09,14.04,16.78,14.01,16.78,3327402,52804448.00
2015-07-10,18.30,18.46,17.60,18.46,1247836,22820820.00
2015-07-13,20.31,20.31,19.00,20.31,3528525,71089656.00
2015-07-14,20.60,22.34,19.33,22.34,6416840,137701760.00
2015-07-15,21.00,21.97,20.11,20.11,2972814,61603368.00
2015-07-16,18.10,21.89,18.10,20.70,3509342,71815536.00
2015-07-17,21.99,22.77,21.05,22.77,1785910,39841676.00
2015-07-20,23.91,25.05,22.83,24.74,3956435,95831888.00
2015-07-21,23.77,26.98,23.27,26.40,3022273,77426312.00
2015-07-22,26.50,27.78,25.00,25.70,2650370,69182528.00
2015-07-23,25.49,26.30,24.85,26.13,2609051,66848408.00
2015-07-24,25.89,27.50,25.20,25.43,2794974,73444832.00
2015-07-27,24.14,26.65,22.89,22.89,2743262,67981536.00
2015-07-28,21.00,23.89,20.60,21.58,2884253,62822868.00
2015-07-29,22.50,23.50,20.99,23.50,1711751,38039056.00
2015-07-30,23.60,25.40,22.52,22.80,2942612,71201720.00
2015-07-31,22.18,23.66,21.78,22.37,1610247,36798540.00
2015-08-03,22.34,22.76,20.13,20.13,1549765,33141978.00
2015-08-04,20.12,22.14,19.96,22.14,1998425,42091072.00
2015-08-05,22.50,22.98,21.40,22.12,1971004,44092148.00
2015-08-06,21.86,23.86,21.08,23.00,2279394,52007952.00
2015-08-07,23.30,25.30,23.11,25.30,3168731,77548992.00
2015-08-10,26.00,27.75,25.08,27.60,3595938,95729248.00
2015-08-11,29.50,29.50,26.58,26.76,3731755,103405568.00
2015-08-12,26.60,27.89,25.37,26.11,2422866,64819936.00
2015-08-13,26.88,27.39,26.01,27.30,2712489,72571008.00
2015-08-14,27.66,27.98,26.12,26.33,2632450,71172952.00
2015-08-17,26.10,26.31,25.01,25.99,1716324,43971004.00
2015-08-18,26.23,27.04,23.39,23.42,2356675,60195440.00
2015-08-19,22.09,25.00,21.10,24.60,2717931,62761580.00
2015-08-20,24.00,24.86,23.15,23.20,1535314,36915924.00
2015-08-21,22.08,23.20,21.01,21.01,1667792,37033384.00
2015-08-24,19.95,20.90,18.91,18.91,782800,15028460.00
2015-08-25,17.02,17.77,17.02,17.02,1285517,22011012.00
2015-08-26,16.02,18.00,15.34,15.80,2110352,35319408.00
2015-08-27,16.21,17.30,15.77,17.28,2371090,39145420.00
2015-08-28,17.50,19.01,17.47,19.01,2372333,42753100.00
2015-08-31,19.08,19.08,17.61,18.78,2341090,42903304.00
2015-09-01,18.75,18.90,16.90,16.94,2361100,42016184.00
2015-09-02,16.82,17.99,15.25,15.85,3378625,55406256.00
2015-09-07,15.96,16.93,14.27,14.40,7458642,115653912.00
2015-09-08,14.00,15.84,13.25,15.71,4525965,65264152.00
2015-09-09,15.37,16.95,15.37,16.39,6029657,97401768.00
2015-09-10,15.90,17.20,15.90,16.46,4715504,78051872.00
2015-09-11,16.39,17.70,16.39,17.59,5181374,88529624.00
2015-09-14,17.59,17.77,15.83,15.83,3896414,63544152.00
2015-09-15,15.00,15.58,14.25,14.25,3094000,45635372.00
2015-09-16,14.20,15.68,14.15,15.68,2072366,31057418.00
2015-09-17,15.90,16.75,15.31,15.45,2470918,39929752.00
2015-09-22,17.61,17.61,17.61,17.61,0,0.00
数据来源:通达信
