300295 三六五网 日线 前复权
      日期	    开盘	    最高	    最低	    收盘	    成交量	    成交额
2012-03-15,28.72,31.39,28.72,31.17,6821773,390459744.00
2012-03-16,28.64,29.21,27.87,27.87,5155963,279069216.00
2012-03-19,27.06,29.99,27.06,28.88,4548793,249639520.00
2012-03-20,28.61,28.94,26.88,27.28,2757824,147289120.00
2012-03-21,27.39,27.61,24.37,24.83,3169395,154764576.00
2012-03-22,24.44,25.32,24.44,24.67,1347891,64780852.00
2012-03-23,24.71,25.17,24.34,24.86,1310580,62900496.00
2012-03-26,24.83,24.89,23.14,23.98,1376668,63877580.00
2012-03-27,23.93,25.56,23.50,24.95,1987519,95011352.00
2012-03-28,24.44,24.64,22.27,22.33,2117815,95143176.00
2012-03-29,22.26,22.58,21.23,22.41,1591035,67985552.00
2012-03-30,22.17,22.50,20.67,20.94,1272276,53301156.00
2012-04-05,21.06,21.79,21.06,21.72,976904,41027480.00
2012-04-06,21.56,22.44,21.03,22.22,1355279,57732612.00
2012-04-09,21.94,22.87,21.67,22.61,1596058,69510336.00
2012-04-10,22.16,23.75,21.71,23.60,1509102,66923392.00
2012-04-11,23.00,23.83,22.94,23.18,1052609,47782464.00
2012-04-12,23.17,23.42,22.99,23.41,713579,32235050.00
2012-04-13,23.31,23.83,23.00,23.31,1048007,47531484.00
2012-04-16,23.22,23.39,22.51,22.51,775619,34464336.00
2012-04-17,22.38,23.31,21.95,23.11,1066940,47083972.00
2012-04-18,23.23,23.47,22.89,23.25,844335,38074796.00
2012-04-19,23.25,24.28,23.22,23.81,1052070,48643792.00
2012-04-20,23.61,23.95,23.50,23.64,713109,32779830.00
2012-04-23,23.53,23.54,21.29,21.46,1441870,62511584.00
2012-04-24,21.64,21.72,20.06,20.94,861925,35310828.00
2012-04-25,21.17,21.21,20.72,21.18,442116,18163256.00
2012-04-26,21.23,21.72,21.23,21.28,425671,17856458.00
2012-04-27,21.39,22.04,21.39,21.50,415195,17610132.00
2012-05-02,21.84,22.26,21.67,21.85,595861,25516048.00
2012-05-03,21.83,23.96,21.67,23.36,1231143,55007304.00
2012-05-04,23.04,23.23,22.72,23.10,869168,38791420.00
2012-05-07,22.92,23.52,22.75,23.44,839402,37800288.00
2012-05-08,23.47,23.49,23.01,23.06,591540,26654894.00
2012-05-09,22.89,22.92,22.22,22.37,567809,24880380.00
2012-05-10,22.32,22.73,22.08,22.26,573439,25019830.00
2012-05-11,22.27,22.39,21.72,21.72,501740,21541410.00
2012-05-14,21.94,22.43,21.67,21.92,679993,29278466.00
2012-05-15,21.78,22.33,21.61,22.18,435156,18699428.00
2012-05-16,22.22,22.28,21.72,21.72,339492,14529951.00
2012-05-17,21.67,22.03,21.45,21.92,337023,14327832.00
2012-05-18,21.78,22.53,21.56,22.03,688754,29738564.00
2012-05-21,22.06,22.06,20.67,21.36,431142,17880768.00
2012-05-22,21.49,21.68,21.37,21.61,180126,7492163.00
2012-05-23,21.77,21.77,21.00,21.16,353013,14509042.00
2012-05-24,21.10,21.39,21.00,21.06,197483,8073077.00
2012-05-25,21.04,21.22,20.56,20.56,283414,11420563.00
2012-05-28,20.51,20.56,19.56,20.14,312901,12112392.00
2012-05-29,20.24,20.71,20.14,20.61,265460,10546412.00
2012-05-30,20.66,21.04,20.61,20.72,293516,11857228.00
2012-05-31,20.75,21.36,20.43,21.10,406644,16479936.00
2012-06-01,21.11,21.27,20.69,20.73,272767,11052601.00
2012-06-04,20.38,20.38,19.74,19.74,273390,10628901.00
2012-06-05,19.74,20.72,19.74,20.64,523104,20629640.00
2012-06-06,20.61,20.77,20.22,20.32,262003,10396741.00
2012-06-07,20.56,20.67,20.12,20.19,275812,10907975.00
2012-06-08,20.56,20.99,20.25,20.63,382989,15280997.00
2012-06-11,20.82,20.93,20.40,20.92,332041,13299938.00
2012-06-12,20.83,21.16,20.50,20.88,397498,15982039.00
2012-06-13,21.11,22.04,20.97,21.98,757779,31559042.00
2012-06-14,21.67,22.28,21.62,22.25,792284,33525262.00
2012-06-15,22.25,23.44,21.95,22.83,1348815,59242340.00
2012-06-18,23.06,23.99,22.64,23.83,1332512,60330288.00
2012-06-19,23.81,23.86,23.19,23.44,794189,35748860.00
2012-06-20,23.42,24.28,23.28,23.41,1061535,48362836.00
2012-06-21,23.28,23.33,22.56,22.96,623582,27391264.00
2012-06-25,22.78,23.58,22.72,22.79,532456,23707952.00
2012-06-26,22.89,23.22,22.61,22.62,368924,16184032.00
2012-06-27,22.52,24.83,22.33,23.95,985841,44999056.00
2012-06-28,24.33,24.77,23.94,23.97,928495,43348120.00
2012-06-29,24.00,24.66,23.63,24.44,624107,28867860.00
2012-07-02,24.56,25.63,24.33,25.42,721258,34750356.00
2012-07-03,25.44,26.19,25.32,25.56,840079,41470944.00
2012-07-04,25.67,26.32,24.94,25.01,907558,44644540.00
2012-07-05,24.98,25.65,24.69,25.26,600748,28858808.00
2012-07-06,25.33,26.53,24.61,26.36,843409,41319992.00
2012-07-09,26.17,26.83,25.94,26.00,733849,36905468.00
2012-07-10,25.67,25.93,24.48,24.49,901785,43216588.00
2012-07-11,24.56,25.05,24.37,24.72,499273,23547498.00
2012-07-12,24.57,25.88,24.56,25.80,645923,31314910.00
2012-07-13,25.62,26.16,24.67,25.05,658131,32044254.00
2012-07-16,25.22,25.33,23.88,23.91,806536,37545412.00
2012-07-17,23.90,24.66,23.73,24.37,340535,15816702.00
2012-07-18,24.39,24.56,23.50,24.39,389994,17885600.00
2012-07-19,24.14,25.32,24.14,24.44,510436,24262392.00
2012-07-20,24.43,25.78,24.00,25.42,749216,35831736.00
2012-07-23,25.22,25.91,24.94,25.44,438687,21271322.00
2012-07-24,25.56,25.77,25.03,25.50,412655,20093272.00
2012-07-25,25.42,26.10,25.28,25.50,364848,17852436.00
2012-07-26,25.41,25.56,24.64,24.71,337348,16110401.00
2012-07-27,24.72,27.34,24.58,27.34,1021648,51110964.00
2012-07-30,27.33,27.33,25.94,26.18,853966,43212252.00
2012-07-31,26.01,26.26,25.02,25.19,574109,27922638.00
2012-08-01,25.11,26.41,25.00,26.40,644175,31906488.00
2012-08-02,26.22,27.55,26.12,27.36,937503,48122368.00
2012-08-03,27.22,27.61,26.86,27.54,720732,37422188.00
2012-08-06,27.17,29.33,27.17,28.96,899292,48502100.00
2012-08-07,28.86,29.33,28.22,29.31,848873,46229208.00
2012-08-08,27.49,27.79,26.22,26.44,1719087,87430608.00
2012-08-09,26.34,26.71,26.00,26.62,864056,43546248.00
2012-08-10,26.59,27.22,26.39,26.84,619540,31736708.00
2012-08-13,26.66,27.59,26.62,27.22,896864,46443032.00
2012-08-14,27.06,28.04,26.99,27.54,742467,38908720.00
2012-08-15,27.54,27.69,27.14,27.41,348143,18130052.00
2012-08-16,27.11,27.61,25.53,25.67,698794,35252496.00
2012-08-17,25.61,26.19,25.57,25.78,305705,15116634.00
2012-08-20,25.60,25.94,25.17,25.67,295253,14356189.00
2012-08-21,25.79,27.06,25.44,26.42,588114,29659202.00
2012-08-22,26.38,26.67,26.17,26.44,348269,17519858.00
2012-08-23,26.25,26.71,26.17,26.67,225006,11335576.00
2012-08-24,26.66,26.96,25.54,25.60,356579,17690958.00
2012-08-27,25.20,25.84,25.20,25.41,137010,6691154.50
2012-08-28,25.58,26.64,25.39,26.33,432872,21699290.00
2012-08-29,26.22,28.89,26.03,27.47,845097,43947468.00
2012-08-30,27.42,27.61,25.69,25.69,747063,37926636.00
2012-08-31,25.73,26.48,25.60,26.19,315390,15671395.00
2012-09-03,25.97,27.22,25.79,27.10,538125,27292048.00
2012-09-04,27.07,27.33,26.58,26.77,381768,19647478.00
2012-09-05,26.94,26.94,26.34,26.66,373429,18931398.00
2012-09-06,26.64,27.19,26.22,26.81,301025,15360028.00
2012-09-07,26.90,27.94,26.78,27.59,614509,32023934.00
2012-09-10,27.61,27.67,27.08,27.31,519399,27028000.00
2012-09-11,27.17,27.88,27.11,27.36,566177,29591210.00
2012-09-12,27.39,27.64,26.22,26.64,527257,27091510.00
2012-09-13,26.65,26.66,25.45,25.56,598047,29604838.00
2012-09-14,25.64,25.89,25.44,25.64,230585,11290470.00
2012-09-17,25.83,25.83,24.67,24.68,202671,9708005.00
2012-09-18,24.56,24.94,24.33,24.51,195849,9243953.00
2012-09-19,24.52,24.99,24.47,24.73,102893,4867982.00
2012-09-20,24.67,24.89,24.11,24.13,202620,9476118.00
2012-09-21,24.14,24.28,23.48,23.48,186583,8546888.00
2012-09-24,23.48,23.63,23.18,23.46,153349,6906650.00
2012-09-25,23.44,23.63,23.26,23.28,138990,6247035.00
2012-09-26,23.66,24.27,23.22,23.33,244260,11141707.00
2012-09-27,23.34,24.08,23.34,23.81,225746,10294689.00
2012-09-28,23.79,24.11,23.52,24.11,155493,7134422.00
2012-10-08,24.00,24.31,23.83,24.02,87242,4006599.00
2012-10-09,23.89,24.86,23.89,24.78,217791,10257045.00
2012-10-10,24.78,24.78,24.44,24.61,269563,12701886.00
2012-10-11,24.67,24.83,24.11,24.22,166610,7803818.50
2012-10-12,24.38,24.70,23.52,23.75,255897,11698863.00
2012-10-15,23.92,23.92,23.27,23.44,275265,12386584.00
2012-10-16,23.43,23.73,23.16,23.22,401322,18041338.00
2012-10-17,23.28,23.37,22.79,23.18,328254,14543158.00
2012-10-18,23.06,23.61,22.95,23.46,490662,22087004.00
2012-10-19,23.66,23.66,23.29,23.44,273827,12332151.00
2012-10-22,23.36,23.67,23.10,23.67,344542,15474654.00
2012-10-23,23.66,23.81,23.22,23.31,397729,17939166.00
2012-10-24,23.17,23.44,23.17,23.35,235794,10558216.00
2012-10-25,23.90,24.81,23.66,24.21,1165365,54083532.00
2012-10-26,24.08,24.86,23.89,24.62,858126,40230000.00
2012-10-29,24.56,25.37,24.36,25.02,743575,35367688.00
2012-10-30,25.03,25.18,24.67,24.89,446647,21222348.00
2012-10-31,24.94,24.96,24.28,24.53,424258,19915036.00
2012-11-01,24.61,25.31,24.39,25.12,562399,26827516.00
2012-11-02,25.13,25.32,24.92,25.06,420229,20179204.00
2012-11-05,25.01,25.01,24.50,24.66,422474,19987176.00
2012-11-06,24.56,24.66,23.45,23.72,658124,30050094.00
2012-11-07,23.61,23.91,23.49,23.52,327090,14840828.00
2012-11-08,23.33,23.33,22.59,22.61,564483,24885348.00
2012-11-09,22.33,22.61,22.27,22.60,287079,12393543.00
2012-11-12,22.61,22.71,22.38,22.63,194184,8435609.00
2012-11-13,22.63,22.63,21.93,21.98,332758,14198028.00
2012-11-14,21.99,22.32,21.94,22.17,176450,7534128.00
2012-11-15,22.11,22.25,21.78,21.79,143920,6107741.50
2012-11-16,21.67,22.20,21.67,21.95,328356,13854848.00
2012-11-19,21.95,21.99,20.90,21.27,526531,21536508.00
2012-11-20,21.21,21.42,21.06,21.22,238307,9801992.00
2012-11-21,21.27,21.67,20.78,21.64,191507,7887753.50
2012-11-22,21.34,21.53,21.11,21.16,230306,9473657.00
2012-11-23,21.17,21.65,21.13,21.42,267160,11083253.00
2012-11-26,21.59,21.59,21.27,21.27,133610,5524049.00
2012-11-27,21.21,21.21,19.56,19.89,593947,23074026.00
2012-11-28,19.68,19.89,19.39,19.58,282201,10733020.00
2012-11-29,19.72,19.74,18.89,18.94,298700,11209630.00
2012-11-30,18.76,19.33,18.65,19.32,335879,12452500.00
2012-12-03,19.02,19.39,18.72,18.72,174079,6466668.50
2012-12-04,18.49,18.92,18.06,18.86,225936,8108356.50
2012-12-05,18.82,20.00,18.69,19.84,435923,16646241.00
2012-12-06,19.67,20.67,19.67,20.11,433045,16888282.00
2012-12-07,20.10,20.49,19.85,20.36,368351,14498308.00
2012-12-10,20.36,20.79,20.20,20.76,368245,14619810.00
2012-12-11,20.52,20.77,20.47,20.59,319084,12747003.00
2012-12-12,20.56,21.16,20.44,20.96,373278,15058550.00
2012-12-13,20.77,21.67,20.76,20.97,381532,15619587.00
2012-12-14,20.89,21.97,20.89,21.78,645853,26844712.00
2012-12-17,21.92,22.14,21.67,21.82,607150,25573522.00
2012-12-18,21.67,21.95,21.44,21.61,417752,17508610.00
2012-12-19,21.63,22.21,21.46,22.03,281720,11915147.00
2012-12-20,22.08,23.38,21.80,23.03,818118,35958508.00
2012-12-21,23.17,24.83,22.99,24.31,1119691,51651720.00
2012-12-24,24.32,25.94,24.11,25.43,1148621,55205524.00
2012-12-25,25.33,26.00,25.14,25.54,1132823,55354240.00
2012-12-26,25.48,28.26,25.31,28.26,2098851,111684656.00
2012-12-27,30.05,30.28,27.15,27.53,3784359,208484592.00
2012-12-28,27.33,29.81,27.33,28.77,2987921,162107488.00
2012-12-31,28.44,28.97,27.71,28.39,1675904,89605160.00
2013-01-04,28.61,31.38,28.17,31.38,2913917,168894656.00
2013-01-07,32.18,32.60,30.44,31.19,2517366,149044416.00
2013-01-08,31.39,32.86,30.67,31.72,2154294,129149928.00
2013-01-09,30.54,31.16,28.73,29.51,2732650,154819568.00
2013-01-10,29.39,31.16,29.31,30.10,2115491,121604896.00
2013-01-11,30.56,32.05,30.21,31.04,2537795,149503680.00
2013-01-14,30.57,32.33,30.13,32.22,2074296,122568176.00
2013-01-15,31.84,31.94,30.61,31.11,2225642,130650864.00
2013-01-16,30.78,30.78,29.50,29.74,1865757,106145648.00
2013-01-17,29.53,30.49,29.39,29.48,962477,54348172.00
2013-01-18,29.56,29.99,28.78,29.58,1129529,62854928.00
2013-01-21,29.33,29.86,29.20,29.83,1137885,63632712.00
2013-01-22,29.67,29.76,27.12,27.71,1972838,105451912.00
2013-01-23,27.69,28.43,27.33,28.41,1159568,61486056.00
2013-01-24,27.78,28.73,26.89,27.56,1296803,68673208.00
2013-01-25,27.61,28.27,27.37,28.06,685406,36368944.00
2013-01-28,28.04,28.58,28.04,28.53,877653,47360140.00
2013-01-29,28.53,28.78,28.07,28.33,938085,50409096.00
2013-01-30,28.33,28.50,27.11,27.46,1178097,61648212.00
2013-01-31,27.35,27.58,26.47,26.77,929960,47427668.00
2013-02-01,26.71,27.26,26.53,26.89,726995,37390596.00
2013-02-04,26.77,28.39,26.40,27.67,1328429,69450048.00
2013-02-05,25.67,26.40,25.28,26.19,2827736,138680400.00
2013-02-06,26.17,26.68,25.83,26.24,1528080,76356776.00
2013-02-07,26.13,26.48,25.78,26.33,973297,48666220.00
2013-02-08,26.43,27.07,26.22,26.86,1097908,55775084.00
2013-02-18,27.00,27.04,26.54,26.92,825152,42072608.00
2013-02-19,26.89,26.92,25.60,25.68,1288861,64104348.00
2013-02-20,25.69,26.38,25.62,26.21,885026,44034156.00
2013-02-21,25.94,26.71,25.72,26.22,1221015,61024480.00
2013-02-22,26.28,26.72,25.76,26.33,1145376,57526756.00
2013-02-25,26.56,26.56,25.95,26.11,991541,49519240.00
2013-02-26,25.95,26.88,25.86,26.20,1136432,57300948.00
2013-02-27,26.17,26.43,25.05,25.25,1329161,64931476.00
2013-02-28,25.28,25.66,25.12,25.66,926226,45070120.00
2013-03-01,25.61,26.49,25.50,26.46,1337729,66551612.00
2013-03-04,26.00,26.47,25.19,25.25,1114387,54895180.00
2013-03-05,25.31,25.94,25.28,25.92,669175,32807260.00
2013-03-06,25.40,27.27,25.12,27.06,2782347,139689072.00
2013-03-07,26.83,26.94,25.94,26.08,1392404,70309392.00
2013-03-08,26.23,26.69,26.03,26.23,932325,46870716.00
2013-03-11,26.22,26.91,26.14,26.54,854490,43294208.00
2013-03-12,26.61,26.61,23.73,24.24,1765476,84176712.00
2013-03-13,24.06,24.28,22.94,23.17,1014714,45399640.00
2013-03-14,23.05,23.41,23.01,23.07,579184,25779884.00
2013-03-15,23.05,23.66,23.05,23.11,799058,35941352.00
2013-03-18,23.22,23.54,23.06,23.33,449676,20152352.00
2013-03-19,23.33,23.63,23.05,23.28,435449,19508868.00
2013-03-20,23.32,24.22,23.32,24.11,688731,31468588.00
2013-03-21,24.11,24.56,24.01,24.34,749300,34853436.00
2013-03-22,24.27,24.93,24.27,24.58,851043,40145668.00
2013-03-25,24.84,24.88,23.73,24.17,709252,32735122.00
2013-03-26,23.99,24.09,23.83,24.03,489895,22500450.00
2013-03-27,24.01,24.25,23.47,23.67,578393,26431246.00
2013-03-28,23.44,23.66,22.16,22.28,743640,32424140.00
2013-03-29,22.36,22.56,21.98,22.09,373065,15933878.00
2013-04-01,22.00,23.09,21.94,22.93,598824,26292890.00
2013-04-02,22.93,23.47,22.83,22.98,587537,26158448.00
2013-04-03,22.97,23.13,22.34,22.78,313561,13677036.00
2013-04-08,22.34,23.47,22.07,23.44,523407,23111624.00
2013-04-09,23.45,24.38,23.44,24.33,997745,45945116.00
2013-04-10,24.31,24.44,23.89,24.36,537499,24962350.00
2013-04-11,24.38,25.39,24.31,24.51,980240,46790132.00
2013-04-12,24.42,24.78,24.00,24.49,719567,33724628.00
2013-04-15,24.00,24.00,22.07,22.78,1013486,44346972.00
2013-04-16,22.32,23.12,22.06,23.00,347599,15126377.00
2013-04-17,22.79,23.00,22.36,22.94,384585,16849142.00
2013-04-18,22.82,23.50,22.49,23.32,839205,37441508.00
2013-04-19,23.22,23.92,23.22,23.92,561018,25453690.00
2013-04-22,23.89,24.57,23.61,24.27,673205,31042944.00
2013-04-23,24.35,24.36,22.89,23.06,522320,23522468.00
2013-04-24,22.91,24.48,22.91,24.20,760916,34954968.00
2013-04-25,24.27,26.78,24.11,25.61,2907749,143901888.00
2013-04-26,25.56,25.89,24.21,24.25,1504840,71546104.00
2013-05-02,24.13,24.48,23.44,24.33,979196,44870304.00
2013-05-03,24.29,25.34,24.29,24.69,922576,43815676.00
2013-05-06,25.04,27.22,24.88,26.77,2141316,108406064.00
2013-05-07,26.26,26.77,25.90,26.22,1108682,55415036.00
2013-05-08,26.27,27.89,26.27,27.24,1680558,87474568.00
2013-05-09,27.25,28.22,26.76,28.22,2250833,117506728.00
2013-05-10,27.82,27.82,26.51,26.98,1529508,79075640.00
2013-05-13,26.97,27.05,26.22,26.60,963611,48912336.00
2013-05-14,26.62,27.06,25.39,25.59,927582,46098872.00
2013-05-15,25.66,26.56,25.56,26.53,832069,41596688.00
2013-05-16,26.50,27.32,25.56,25.72,1839794,92810888.00
2013-05-17,25.68,26.61,25.66,26.50,1117745,55978732.00
2013-05-20,26.56,27.88,26.53,27.76,1670551,87357920.00
2013-05-21,27.72,27.72,26.83,27.33,1899315,96792400.00
2013-05-22,27.33,27.33,26.11,26.16,1465598,72516216.00
2013-05-23,25.67,26.83,25.60,26.02,1062318,52191952.00
2013-05-24,26.03,27.06,26.03,26.83,1189112,59216976.00
2013-05-27,26.83,27.33,26.64,26.89,1208089,60703028.00
2013-05-28,26.87,26.87,25.64,26.20,1151543,56135284.00
2013-05-29,26.06,26.22,25.77,25.98,854284,41538204.00
2013-05-30,25.84,26.27,25.69,26.04,961635,46847448.00
2013-05-31,26.06,26.50,25.83,25.89,686104,33582800.00
2013-06-03,25.90,26.11,24.73,24.83,1100501,51968588.00
2013-06-04,24.84,25.00,23.43,23.67,1238400,55550684.00
2013-06-05,23.60,24.20,23.44,24.00,604793,27062112.00
2013-06-06,23.86,24.24,23.72,23.72,523326,23587098.00
2013-06-07,23.81,24.83,23.80,24.49,1163145,53022524.00
2013-06-13,24.25,25.77,23.32,25.53,1951913,90715272.00
2013-06-14,25.61,26.87,25.39,26.51,2331460,114710808.00
2013-06-17,26.69,27.44,26.03,26.47,2641663,131561072.00
2013-06-18,26.33,26.38,25.19,26.12,1967298,94832424.00
2013-06-19,25.79,27.19,25.14,26.98,2009062,99568920.00
2013-06-20,26.71,26.71,24.76,24.76,2908426,140099232.00
2013-06-21,24.00,24.11,22.89,23.58,1565873,69026768.00
2013-06-24,23.34,23.86,21.78,22.56,1300872,56156528.00
2013-06-25,22.06,23.04,20.78,22.83,1097895,45664472.00
2013-06-26,22.67,24.16,22.56,24.11,1525364,67718336.00
2013-06-27,24.44,24.56,23.26,23.35,1278567,57423784.00
2013-06-28,22.89,23.98,22.62,22.87,835639,36257480.00
2013-07-01,22.87,24.06,22.64,24.06,934847,41202132.00
2013-07-02,23.83,24.69,23.83,24.34,1688011,77040832.00
2013-07-03,24.06,24.99,23.17,24.99,1937225,87753744.00
2013-07-04,24.76,24.76,23.78,23.88,1459732,66555728.00
2013-07-05,24.10,24.43,22.89,22.89,1288665,57342576.00
2013-07-08,21.78,22.44,21.22,21.64,1229038,50387440.00
2013-07-09,22.89,23.91,22.88,23.91,958883,42486172.00
2013-07-10,25.17,26.40,25.17,26.40,5828319,284432096.00
2013-07-11,25.94,27.05,25.62,27.02,4858808,237794528.00
2013-07-12,26.78,29.82,26.50,29.82,4187964,227801440.00
2013-07-15,31.22,32.90,30.67,32.90,4236074,249889504.00
2013-07-16,32.42,34.39,32.14,33.54,3549641,217912016.00
2013-07-17,33.44,36.03,33.17,33.43,5805539,367386560.00
2013-07-18,32.92,34.10,32.53,32.75,2947717,180886528.00
2013-07-19,32.78,33.82,32.22,32.61,4710822,289189824.00
2013-07-22,32.50,33.98,31.50,32.79,4427945,267245696.00
2013-07-23,32.78,33.22,31.51,32.97,4085416,246586944.00
2013-07-24,32.77,35.56,32.28,34.00,5224652,328857920.00
2013-07-25,33.45,33.78,30.50,30.50,5076974,295616672.00
2013-07-26,29.89,30.77,29.28,30.03,2919654,163006144.00
2013-07-29,29.77,30.60,29.31,29.52,1530399,84988056.00
2013-07-30,29.69,29.99,27.69,28.45,2215074,118028520.00
2013-07-31,28.48,29.43,28.07,28.73,1658810,89578456.00
2013-08-01,28.72,30.50,28.50,30.22,2610031,145140400.00
2013-08-02,30.55,31.47,30.02,30.06,2776296,158891744.00
2013-08-05,30.07,30.57,29.62,30.33,1839089,102847360.00
2013-08-06,30.17,30.91,30.04,30.08,2018285,114233992.00
2013-08-07,29.83,30.04,28.23,28.31,2594595,139009536.00
2013-08-08,28.42,29.18,28.03,28.82,1412480,75593160.00
2013-08-09,29.17,31.50,29.17,30.44,3325032,188198928.00
2013-08-12,30.28,30.98,30.04,30.94,2379859,135285968.00
2013-08-13,31.22,32.99,30.97,32.63,2766707,165362656.00
2013-08-14,32.56,32.56,31.50,32.31,2247719,133703440.00
2013-08-15,32.47,33.37,31.94,31.94,2238656,135202224.00
2013-08-16,31.45,31.47,29.10,29.49,3113044,175267680.00
2013-08-19,29.32,30.66,29.32,30.48,2029568,114230456.00
2013-08-20,30.72,31.17,30.07,30.25,1622942,92252320.00
2013-08-21,30.08,30.46,29.58,30.46,1587712,88676976.00
2013-08-22,30.50,33.61,30.48,33.61,3461923,208464960.00
2013-08-23,34.00,35.43,32.54,34.29,4969426,312843360.00
2013-08-26,34.39,37.01,33.83,35.22,3632672,237149184.00
2013-08-27,35.01,38.39,34.12,38.31,4336679,292533632.00
2013-08-28,37.33,38.22,35.94,35.98,3171067,217413536.00
2013-08-29,35.73,36.94,35.14,35.94,2274510,151490160.00
2013-08-30,35.49,35.67,32.38,32.83,3003135,188189440.00
2013-09-02,32.83,34.43,32.49,34.03,1623483,101240664.00
2013-09-03,33.91,34.83,33.47,34.55,1386219,87978800.00
2013-09-04,34.84,36.31,34.63,35.39,2293494,150625744.00
2013-09-05,35.38,38.67,35.14,37.24,3417840,235262976.00
2013-09-06,37.33,39.77,36.26,39.22,3078292,215459056.00
2013-09-09,38.98,40.67,38.11,40.11,2520452,184059344.00
2013-09-10,39.61,40.09,37.83,38.29,1917635,137180208.00
2013-09-11,38.73,38.93,36.06,37.05,1693055,115854688.00
2013-09-12,36.81,40.86,36.67,40.86,3676691,270565056.00
2013-09-13,39.61,42.04,39.61,41.69,2652461,200183744.00
2013-09-16,41.78,45.97,41.22,44.96,2855376,235964496.00
2013-09-17,44.55,46.33,44.22,44.37,2013854,167188768.00
2013-09-18,44.39,45.67,43.45,45.00,1387588,114556936.00
2013-09-23,45.17,47.06,43.72,45.86,1967175,164379632.00
2013-09-24,45.41,45.67,42.33,43.89,1873779,152915632.00
2013-09-25,43.76,45.38,42.89,43.75,1414337,115004968.00
2013-09-26,43.58,45.32,43.16,43.39,1426341,115960160.00
2013-09-27,43.52,44.00,41.84,42.72,1354445,106914088.00
2013-09-30,42.89,44.83,42.72,43.99,1678991,135409168.00
2013-10-08,43.89,44.28,41.27,42.33,1911783,149389264.00
2013-10-09,42.17,43.83,41.78,43.01,1947535,153747008.00
2013-10-10,43.11,43.68,40.72,41.03,1917307,148103632.00
2013-10-11,41.33,42.05,39.87,40.88,1458218,109839464.00
2013-10-14,41.00,42.47,40.12,42.33,1484524,113817080.00
2013-10-15,42.33,42.43,40.12,40.86,1490097,113060752.00
2013-10-16,40.87,40.94,36.67,36.68,2610161,182033936.00
2013-10-17,36.91,39.28,36.91,37.51,1893906,132717368.00
2013-10-18,37.99,39.54,37.89,39.47,1303422,93844936.00
2013-10-21,40.04,40.66,39.28,39.89,1263145,93729304.00
2013-10-22,39.68,39.68,36.78,37.20,1876851,131468128.00
2013-10-23,37.28,38.99,37.28,38.89,1572269,111619040.00
2013-10-24,39.44,39.76,37.96,38.93,1129173,80899488.00
2013-10-25,38.66,41.33,38.66,39.94,2191269,162257472.00
2013-10-28,39.89,43.97,39.11,43.32,2417788,186762544.00
2013-10-29,42.89,43.43,40.39,42.35,2314452,178827904.00
2013-10-30,42.17,44.37,41.55,43.72,1711927,136159648.00
2013-10-31,43.19,43.61,40.28,40.34,1991457,153510848.00
2013-11-01,39.68,40.34,38.17,38.99,1347784,97970312.00
2013-11-04,38.73,40.64,38.73,39.95,961295,70949224.00
2013-11-05,39.97,40.73,39.31,40.66,921085,68485792.00
2013-11-06,40.39,41.06,38.44,38.56,1425545,104803624.00
2013-11-07,38.21,38.83,37.16,37.67,1342121,93958048.00
2013-11-08,37.33,38.43,37.06,37.89,915762,64057980.00
2013-11-11,37.72,39.82,37.28,39.04,1135306,81178952.00
2013-11-12,39.55,40.37,38.74,39.39,1089335,79436248.00
2013-11-13,38.89,40.94,38.89,40.00,1207555,89802104.00
2013-11-14,40.11,44.10,40.11,43.28,4248321,339159680.00
2013-11-15,43.21,47.71,42.89,47.71,5385786,448172704.00
2013-11-18,47.71,49.50,47.06,48.22,3361287,297587616.00
2013-11-19,48.00,50.35,47.61,47.84,2874060,258300528.00
2013-11-20,47.88,48.99,46.56,47.75,2535534,222241760.00
2013-11-21,47.28,49.81,46.34,49.17,2621947,231054352.00
2013-11-22,48.72,49.11,47.17,47.44,1750718,154063760.00
2013-11-25,47.32,51.39,47.22,50.01,2376055,215928832.00
2013-11-26,50.11,51.99,47.33,47.42,3426304,312889696.00
2013-11-27,47.26,48.66,46.23,47.60,2748329,239332032.00
2013-11-28,47.44,48.99,47.34,48.99,1850611,164358320.00
2013-11-29,49.31,51.31,49.11,50.08,2526721,232754304.00
2013-12-02,44.98,45.96,44.98,44.98,1790391,148782528.00
2013-12-03,43.06,44.54,40.38,42.53,3335485,256998624.00
2013-12-04,42.97,44.95,42.67,42.98,2207347,178032608.00
2013-12-05,42.17,42.82,40.73,41.16,2379302,182225776.00
2013-12-06,40.66,42.32,40.16,41.67,1619053,123591832.00
2013-12-09,42.33,42.99,41.50,42.75,1832156,142644512.00
2013-12-10,42.88,42.89,40.60,41.14,2591980,197263328.00
2013-12-11,41.00,42.31,40.44,40.82,1385907,105258192.00
2013-12-12,40.76,42.21,40.50,41.22,1777726,136108368.00
2013-12-13,41.17,42.11,40.48,40.66,2282123,173256448.00
2013-12-16,40.28,41.06,37.82,38.83,3040654,221443408.00
2013-12-17,38.72,39.82,38.20,39.46,1500631,107903160.00
2013-12-18,39.28,39.66,38.02,38.33,1012441,72280168.00
2013-12-19,38.38,39.48,38.38,38.53,1575545,113097240.00
2013-12-20,38.19,38.66,37.68,38.28,1149089,81042552.00
2013-12-23,38.28,39.83,38.11,39.43,1349753,97716736.00
2013-12-24,39.47,40.74,38.83,39.27,2772072,204458848.00
2013-12-25,40.03,43.30,39.63,43.30,3784161,292805824.00
2013-12-26,43.01,44.45,42.17,42.39,3623377,289227552.00
2013-12-27,42.86,44.51,42.47,44.24,2864452,231105024.00
2013-12-30,44.00,44.72,43.75,44.16,1711787,139338352.00
2013-12-31,43.46,43.72,41.25,42.14,2177007,169505616.00
2014-01-02,42.33,44.49,42.12,44.06,1796744,144593040.00
2014-01-03,43.72,44.52,42.89,43.98,1556838,125415472.00
2014-01-06,43.45,44.83,41.92,42.08,1460781,114493008.00
2014-01-07,41.51,42.88,41.51,42.44,855091,66647504.00
2014-01-08,38.10,42.31,38.10,41.20,6684411,491466432.00
2014-01-09,42.06,43.99,41.91,42.52,3779100,298028800.00
2014-01-10,41.78,43.77,41.28,43.17,1847932,145312352.00
2014-01-13,43.00,44.83,42.67,44.11,2069329,167129536.00
2014-01-14,43.93,44.65,43.22,44.48,1370991,111323648.00
2014-01-15,44.56,45.93,44.12,44.89,1518748,125535048.00
2014-01-16,44.83,44.99,42.89,43.33,1676792,135652624.00
2014-01-17,43.28,44.04,42.61,42.77,838780,66880260.00
2014-01-20,42.68,43.43,40.06,40.37,1523573,115713472.00
2014-01-21,40.67,41.48,40.39,41.44,1079452,81795696.00
2014-01-22,41.45,43.97,41.24,43.58,1672775,132746832.00
2014-01-23,44.00,48.03,43.94,48.03,2476990,211664736.00
2014-01-24,47.89,52.67,47.78,51.64,4870373,454875584.00
2014-01-27,50.68,55.65,50.21,54.56,2504215,245596288.00
2014-01-28,53.62,56.78,51.78,55.28,1716494,172287568.00
2014-01-29,54.62,60.91,54.00,60.91,2352630,252599712.00
2014-01-30,64.00,67.10,62.36,64.00,2940716,351391424.00
2014-02-07,64.06,66.78,61.42,65.67,2280392,269468832.00
2014-02-10,64.33,65.27,61.22,62.33,2726069,311019712.00
2014-02-11,62.07,62.78,59.06,61.83,2002692,222316656.00
2014-02-12,61.28,61.43,59.52,61.11,1010764,112288416.00
2014-02-13,60.61,62.88,56.67,56.86,1698512,184486512.00
2014-02-14,56.86,59.33,56.67,58.00,1056099,112453920.00
2014-02-17,57.83,59.31,55.56,59.27,1290153,136091056.00
2014-02-18,58.72,58.72,56.51,56.78,1364411,143116432.00
2014-02-19,56.78,57.06,54.89,56.72,882793,90916088.00
2014-02-20,56.69,56.69,54.33,54.56,1384077,139241904.00
2014-02-21,54.73,55.43,53.72,54.14,948262,94429976.00
2014-02-24,54.06,55.82,53.27,55.66,1407692,141247616.00
2014-02-25,55.61,55.61,49.99,49.99,2306617,222457536.00
2014-02-26,48.44,49.43,47.31,48.84,1401844,124441856.00
2014-02-27,49.00,50.93,47.89,49.57,1479147,135265376.00
2014-02-28,49.56,50.61,47.06,49.88,1255859,111877568.00
2014-03-03,49.24,49.88,48.23,49.18,846966,76184728.00
2014-03-04,49.19,50.26,48.03,49.00,791983,71463928.00
2014-03-05,49.31,50.80,48.57,49.77,1011998,92735752.00
2014-03-06,51.67,54.85,50.67,54.85,2355472,228001728.00
2014-03-07,55.60,55.67,52.16,52.33,1662335,162517248.00
2014-03-10,57.67,57.67,57.67,57.67,2155895,227662512.00
2014-03-11,60.11,62.67,56.50,57.28,4050566,441928224.00
2014-03-12,56.77,57.88,52.56,55.11,1907764,193773600.00
2014-03-13,55.33,60.72,54.12,60.72,1595860,173072016.00
2014-03-14,61.17,65.72,60.11,64.00,2128921,246268240.00
2014-03-17,62.89,64.81,61.09,63.78,1271086,146028336.00
2014-03-18,63.77,63.99,62.06,62.18,1088384,124882264.00
2014-03-19,61.22,61.50,59.01,60.12,1703641,187754816.00
2014-03-20,60.39,61.93,57.17,57.89,1513270,164543472.00
2014-03-21,56.46,58.72,55.76,57.49,1438178,151344336.00
2014-03-24,58.12,58.44,53.54,54.26,1737677,174174992.00
2014-03-25,54.28,55.66,53.22,54.83,714277,71687128.00
2014-03-26,54.77,55.89,54.27,55.84,691966,70202944.00
2014-03-27,55.33,55.66,52.89,53.01,978116,96402096.00
2014-03-28,52.85,52.85,48.59,50.17,1393463,128653024.00
2014-03-31,50.15,52.06,49.02,50.49,680033,63639812.00
2014-04-01,50.67,52.17,49.83,50.89,665158,62621068.00
2014-04-02,51.16,51.39,48.36,49.21,833228,75743968.00
2014-04-03,48.65,50.60,48.65,50.01,791039,72572176.00
2014-04-04,49.57,51.96,48.82,51.68,764736,71554280.00
2014-04-08,51.35,53.44,50.58,53.02,770921,74603848.00
2014-04-09,53.32,54.01,52.07,53.14,684709,66561088.00
2014-04-10,53.28,54.49,52.53,53.34,635074,62242604.00
2014-07-08,57.89,57.89,50.85,52.17,5348374,516991552.00
2014-07-09,52.51,57.43,52.04,55.84,4456232,447370688.00
2014-07-10,55.67,60.28,55.04,57.69,2957302,308273280.00
2014-07-11,57.21,58.11,55.39,55.89,2342538,239794384.00
2014-07-14,56.22,56.44,54.20,54.69,1571882,155904816.00
2014-07-15,54.49,54.54,50.17,51.58,2284634,214583488.00
2014-07-16,50.83,51.49,50.50,50.72,782813,72338904.00
2014-07-17,50.73,51.48,50.63,50.73,773560,71722560.00
2014-07-18,50.75,51.70,50.75,50.87,670589,62273420.00
2014-07-21,50.72,50.99,47.79,49.13,1322793,117323776.00
2014-07-22,49.00,49.89,48.49,49.26,978508,87878376.00
2014-07-23,49.17,49.67,47.79,47.99,963394,84567144.00
2014-07-24,48.00,48.83,47.99,48.59,1275832,112414672.00
2014-07-25,48.64,48.64,47.78,48.38,818687,71553352.00
2014-07-28,48.61,50.53,48.31,50.29,1011173,91182320.00
2014-07-29,52.33,55.36,52.33,55.36,2689653,266983216.00
2014-07-30,55.46,57.06,53.89,55.42,2791114,280231072.00
2014-07-31,55.11,55.36,53.86,54.54,1149710,113841256.00
2014-08-01,54.28,55.43,54.00,54.29,800289,79604672.00
2014-08-04,54.34,54.77,53.87,54.23,631923,62196604.00
2014-08-05,54.23,56.78,53.61,55.56,1310021,131325936.00
2014-08-06,55.11,55.99,54.74,55.08,626138,62647608.00
2014-08-07,54.94,56.77,54.78,54.87,884122,89390424.00
2014-08-08,55.66,58.11,55.27,57.33,1686731,174172272.00
2014-08-11,57.32,60.20,56.85,59.19,1313075,141316496.00
2014-08-12,59.28,59.61,56.11,56.42,2029246,211623328.00
2014-08-13,56.21,56.21,54.11,55.07,1701745,169091136.00
2014-08-14,54.56,56.14,54.52,55.16,996592,100169512.00
2014-08-15,55.01,55.88,54.78,55.67,589357,59032556.00
2014-08-18,55.22,56.71,55.22,56.61,959279,97767264.00
2014-08-19,56.99,59.00,56.39,56.79,1409657,146864688.00
2014-08-20,56.93,56.98,55.45,55.92,799812,81300464.00
2014-08-21,55.94,58.22,55.94,57.83,1344188,139733184.00
2014-08-22,57.89,59.82,57.06,58.38,1632525,173880528.00
2014-08-25,58.38,58.92,56.78,56.89,1169737,122081384.00
2014-08-26,56.67,57.28,54.53,55.10,1205021,121530912.00
2014-08-27,54.73,55.81,54.73,55.03,839165,84062776.00
2014-08-28,55.03,55.92,55.00,55.19,709310,71305608.00
2014-08-29,55.00,55.78,54.72,55.50,483008,48484396.00
2014-09-01,55.87,57.59,55.11,57.34,1146662,117981912.00
2014-09-02,57.55,60.04,57.28,59.28,1910317,203676208.00
2014-09-03,60.11,65.25,59.59,65.25,2529406,290913760.00
2014-09-04,67.89,70.28,64.65,65.99,3686692,444564864.00
2014-09-05,66.32,66.32,63.87,64.70,1352112,158932288.00
2014-09-09,64.72,68.33,64.38,67.47,1948753,235707136.00
2014-09-10,67.33,68.17,66.27,67.14,939559,114155976.00
2014-09-11,67.14,67.77,64.56,65.09,1135836,135896496.00
2014-09-12,64.56,66.41,64.28,65.83,719870,85811328.00
2014-09-15,65.56,70.56,65.56,69.55,1406969,174710416.00
2014-09-16,69.44,71.63,66.98,67.14,1271979,159372112.00
2014-09-17,67.68,69.11,66.60,68.67,973903,119721632.00
2014-09-18,68.32,69.92,67.00,67.67,903579,111916336.00
2014-09-19,67.67,69.14,67.11,69.00,797099,98587512.00
2014-09-22,68.43,68.44,65.87,66.19,1035654,125060072.00
2014-09-23,65.94,66.44,64.28,65.29,1333808,157130000.00
2014-09-24,65.11,66.20,64.83,65.94,648747,77158608.00
2014-09-25,65.85,67.27,65.85,66.21,596524,71805520.00
2014-09-26,65.78,65.78,62.33,62.55,1660799,190949408.00
2014-09-29,62.90,64.11,62.90,64.03,859668,99123096.00
2014-09-30,64.00,64.54,63.63,64.44,757767,88072584.00
2014-10-08,65.04,67.78,65.04,67.66,1272489,153741008.00
2014-10-09,68.33,70.43,68.14,68.66,1255150,157510448.00
2014-10-10,68.69,69.49,67.44,69.13,769468,95398384.00
2014-10-13,67.89,68.44,64.56,65.82,1801890,215030464.00
2014-10-14,65.94,66.71,64.54,66.04,873357,103662704.00
2014-10-15,66.06,67.77,65.67,66.50,1228458,148637552.00
2014-10-16,65.73,66.64,63.90,64.50,2159852,167816032.00
2014-10-17,64.16,64.16,58.05,59.77,3604458,260870560.00
2014-10-20,59.36,61.25,59.36,60.82,1479629,106993024.00
2014-10-21,60.59,61.60,59.92,61.00,1552767,112821016.00
2014-10-22,60.93,62.40,60.59,60.79,1162514,85574520.00
2014-10-23,60.62,61.24,58.90,58.95,1260432,90659736.00
2014-10-24,58.86,59.53,57.17,57.50,1589942,111149288.00
2014-10-27,57.33,57.33,54.75,56.57,1216591,81725920.00
2014-10-28,57.43,60.29,56.75,59.75,1535096,108612664.00
2014-10-29,59.83,60.98,59.17,60.15,1483706,107245120.00
2014-10-30,60.21,66.17,60.18,64.88,3685128,283252864.00
2014-10-31,64.33,64.88,60.98,62.16,2999577,224050976.00
2014-11-04,65.41,68.38,65.33,67.59,6195311,499662016.00
2014-11-05,66.67,68.67,65.17,67.16,2566388,205941568.00
2014-11-06,65.88,68.23,65.88,67.21,1300707,105140528.00
2014-11-07,67.49,72.38,67.21,70.04,3101707,261071584.00
2014-11-10,70.32,75.15,68.42,74.13,2867083,252602848.00
2014-11-11,73.42,73.42,70.43,72.39,2490165,213734896.00
2014-11-18,77.46,77.92,73.34,76.00,3846594,352019392.00
2014-11-19,75.02,83.60,75.00,81.63,3481101,339221408.00
2014-11-20,80.42,84.65,79.44,81.31,2678807,264333584.00
2014-11-21,80.68,82.88,79.96,80.37,1174923,114506624.00
2014-12-29,72.33,74.58,72.33,72.33,771169,67350416.00
2014-12-30,65.10,66.77,65.10,65.10,1126427,88139320.00
2014-12-31,60.83,67.26,60.83,63.17,4200635,319007264.00
2015-01-05,62.91,67.50,59.32,64.46,3958418,302729600.00
2015-01-06,63.42,70.91,62.53,69.43,4451131,363915136.00
2015-01-07,68.33,70.42,66.01,68.85,2413180,197872864.00
2015-01-08,68.33,75.50,68.33,71.66,2740692,238522400.00
2015-01-09,71.67,75.08,69.59,69.59,2771206,240028208.00
2015-01-12,68.35,75.00,67.86,73.59,2642343,229648080.00
2015-01-13,73.98,78.75,71.96,75.88,2112432,192108592.00
2015-01-14,75.42,77.51,73.50,74.02,1321863,119401248.00
2015-01-15,74.02,75.78,72.67,73.71,1198491,106047584.00
2015-01-16,73.33,81.08,73.33,81.08,3037298,288776672.00
2015-01-19,81.07,88.78,79.83,83.58,3328591,333223584.00
2015-01-20,83.33,89.67,83.33,86.67,2157889,225921728.00
2015-01-21,86.66,93.57,85.84,89.63,2382684,254942944.00
2015-01-22,88.78,93.29,86.50,88.08,2607609,278819264.00
2015-01-23,87.42,88.04,82.98,83.33,2492197,251889200.00
2015-01-26,83.20,90.25,82.49,90.25,1832943,192916976.00
2015-01-27,90.00,94.15,88.33,90.75,2000956,218000816.00
2015-01-28,89.46,94.00,88.08,90.83,1355425,148533984.00
2015-01-29,89.84,98.33,89.76,98.23,2426885,275467584.00
2015-01-30,98.35,99.08,91.67,91.92,1654328,188014544.00
2015-02-02,90.85,98.79,90.00,97.49,1683353,194012608.00
2015-02-03,97.08,107.24,96.13,104.68,2757143,339576672.00
2015-02-04,105.37,112.08,103.35,110.17,2052424,267943344.00
2015-02-05,104.58,111.67,103.33,108.32,2462444,320649280.00
2015-02-06,107.50,110.42,99.14,103.58,1831909,228963760.00
2015-02-09,100.84,105.82,98.33,100.01,1487196,181291952.00
2015-02-10,98.93,105.08,95.83,103.90,1121320,134349472.00
2015-02-11,103.25,108.33,101.92,104.01,1299516,165510240.00
2015-02-12,104.63,106.65,99.58,100.33,1288031,158204608.00
2015-02-13,101.59,108.33,100.75,108.33,2002526,252090368.00
2015-02-16,109.99,111.11,105.83,107.08,1272457,164665968.00
2015-02-17,107.09,109.56,102.17,106.67,1424627,180867072.00
2015-02-25,105.66,107.40,96.84,98.59,1563613,190419584.00
2015-02-26,98.58,99.00,92.93,96.43,1816601,208266464.00
2015-02-27,96.43,100.65,94.59,99.03,1522015,178051616.00
2015-03-02,99.33,108.33,97.50,107.71,1959879,243402048.00
2015-03-03,107.50,114.17,104.30,105.83,1876108,244548832.00
2015-03-04,103.81,109.83,102.17,105.33,1284837,162519712.00
2015-03-05,104.18,106.50,98.05,101.66,1759770,212983456.00
2015-03-06,101.33,101.33,95.17,98.76,1498842,175686704.00
2015-03-09,97.22,107.50,95.80,105.83,1975732,242512848.00
2015-03-10,105.17,114.56,105.17,108.98,1923281,255626496.00
2015-03-11,105.00,118.30,102.80,115.50,2889254,387823328.00
2015-03-12,112.40,118.17,107.25,112.52,2269250,305524416.00
2015-03-13,112.52,117.76,111.25,117.17,1778182,246315680.00
2015-03-16,117.21,127.50,117.21,127.04,1777817,264715792.00
2015-03-17,126.90,130.17,123.17,126.25,1837381,276777728.00
2015-03-18,123.33,129.33,122.50,128.42,1747918,266050560.00
2015-03-19,127.50,131.88,124.90,131.77,1676756,256088768.00
2015-03-20,130.14,144.78,129.00,139.33,2034087,333689600.00
2015-03-23,137.50,153.27,137.50,153.27,2374144,421030688.00
2015-03-24,152.50,168.48,140.81,168.42,2673606,497849984.00
2015-03-25,166.67,177.69,158.33,169.86,2121652,433287136.00
2015-03-26,162.84,162.92,152.88,152.88,2016922,380830656.00
2015-03-27,146.67,155.83,141.15,150.81,3007184,533083296.00
2015-03-30,148.65,150.83,135.73,141.67,4514578,759835968.00
2015-03-31,142.17,152.19,138.43,144.24,4388146,765358400.00
2015-04-01,143.33,152.50,142.78,147.50,2978654,526340800.00
2015-04-02,147.50,151.13,139.61,144.65,3138777,546754432.00
2015-04-03,142.17,144.16,135.76,140.00,5059366,841942272.00
2015-04-07,139.58,145.83,137.50,141.55,4841172,817715968.00
2015-04-08,140.83,143.05,127.53,130.00,5665645,903528896.00
2015-04-09,130.00,140.00,119.17,136.25,6412922,996388224.00
2015-04-10,132.33,145.83,130.00,140.30,5548242,931888192.00
2015-04-13,140.31,152.49,138.23,145.00,5457702,954684032.00
2015-04-14,143.33,153.31,141.68,145.75,4224104,745549568.00
2015-04-15,145.00,145.83,134.07,134.16,2692352,447319840.00
2015-04-16,131.67,147.42,130.05,135.43,3321801,556429824.00
2015-04-17,136.67,139.16,131.16,135.43,2830546,457526560.00
2015-04-20,131.67,139.99,128.17,134.79,3965208,635544064.00
2015-04-21,122.59,139.20,122.59,136.67,5678900,906882880.00
2015-04-22,137.08,138.34,133.63,136.67,2792100,456046400.00
2015-04-23,137.27,147.65,137.22,146.21,3991276,689675008.00
2015-04-24,144.68,151.63,143.34,146.06,2885898,511021216.00
2015-04-27,146.68,156.67,145.83,153.38,3472859,639122496.00
2015-04-28,154.42,154.45,145.05,152.75,2260124,404694496.00
2015-04-29,152.75,168.03,151.57,168.03,2966895,572723328.00
2015-04-30,169.75,180.00,166.67,166.70,2903603,604980032.00
2015-05-04,166.25,166.27,154.17,161.67,1705435,326831840.00
2015-05-05,160.01,161.65,148.33,152.08,1768354,321856160.00
2015-05-06,152.33,167.08,151.68,158.20,1679746,323176800.00
2015-05-07,158.13,174.02,157.08,174.02,2330691,470020320.00
2015-05-08,176.25,191.42,174.49,191.42,1247988,279455776.00
2015-05-11,195.00,206.67,190.00,198.40,1623635,387829248.00
2015-05-12,195.00,204.17,188.38,195.58,1628936,382322496.00
2015-05-13,187.50,198.29,181.67,189.16,1608658,364023968.00
2015-05-14,185.00,188.33,174.99,177.50,1214881,264956864.00
2015-05-15,177.92,191.68,169.17,190.73,1741615,371319808.00
2015-05-18,186.89,206.42,177.65,184.08,2090525,484221024.00
2015-05-19,182.75,185.62,173.33,178.71,1095854,237971632.00
2015-05-20,179.18,184.74,170.97,174.13,1977028,425857696.00
2015-05-21,176.13,191.55,176.13,191.55,2061205,460532960.00
2015-05-22,201.67,205.00,176.54,183.31,2439515,542768320.00
2015-05-25,173.33,178.33,170.83,173.83,1735522,359550880.00
2015-05-26,173.75,175.85,168.30,171.93,3312185,678589248.00
2015-05-27,172.08,173.75,158.33,160.52,3716024,730746752.00
2015-05-28,160.75,164.49,154.17,154.98,4403501,837655424.00
2015-05-29,155.00,158.87,142.87,153.86,4022649,611586560.00
2015-06-01,154.98,161.85,152.01,158.81,4292451,677709312.00
2015-06-02,160.39,174.49,159.60,173.40,5475550,921334976.00
2015-06-03,170.21,190.74,168.00,190.24,6582994,1184887808.00
2015-06-04,191.20,197.00,173.00,183.50,3590723,657548160.00
2015-06-05,184.51,193.51,167.11,170.00,4239362,756697088.00
2015-06-08,170.98,171.99,153.08,156.36,4447712,703771008.00
2015-06-09,156.50,164.96,152.58,160.48,4014916,644537664.00
2015-06-10,161.50,176.50,157.00,172.90,3514937,591644800.00
2015-06-11,183.68,190.19,182.10,190.19,3336005,631736512.00
2015-06-12,203.00,209.21,190.28,195.80,5376258,1086399744.00
2015-06-15,199.39,203.58,185.00,188.00,2252631,434878496.00
2015-06-16,183.70,183.70,169.20,169.20,3274080,559322112.00
2015-06-17,165.48,175.55,160.00,175.32,4618588,770610688.00
2015-06-18,174.93,174.99,157.79,157.79,3621132,587591424.00
2015-06-19,142.01,149.39,142.01,142.01,3011237,430845408.00
2015-06-23,141.00,144.43,128.00,139.85,4177420,571806144.00
2015-06-24,142.00,150.20,136.53,142.02,3490115,503013728.00
2015-06-25,142.25,145.50,127.82,129.50,3534442,481106752.00
2015-06-26,124.01,124.02,116.55,116.55,1937787,227556640.00
2015-06-29,116.60,116.60,104.90,104.90,2299859,243407696.00
2015-06-30,94.41,115.39,94.41,115.39,6908593,704587136.00
2015-07-01,111.00,121.30,103.85,103.85,5098592,579962368.00
2015-07-02,97.99,102.49,93.47,93.47,3659098,354015360.00
2015-07-03,85.01,97.50,84.12,84.12,4032080,353948384.00
2015-07-06,92.22,92.22,75.71,75.71,5429898,431732384.00
2015-07-14,83.28,83.28,83.28,83.28,321282,26756364.00
2015-07-15,91.61,91.61,79.95,81.98,7787556,684976448.00
2015-07-16,79.90,88.50,73.78,84.13,6351365,519432352.00
2015-07-17,84.75,92.54,84.75,92.54,5481334,496072384.00
2015-07-20,90.90,101.79,90.90,101.79,8647214,856346624.00
2015-07-21,100.00,110.00,98.00,106.63,6667569,694024000.00
2015-07-22,106.50,106.50,100.58,103.17,4729062,490950368.00
2015-07-23,102.00,106.98,99.90,103.41,6095700,631275456.00
2015-07-24,104.10,109.98,100.00,102.00,5791115,609600512.00
2015-07-27,97.50,99.87,91.80,91.80,6660016,634221120.00
2015-07-28,82.63,88.58,82.62,82.62,7695885,640397440.00
2015-07-29,83.00,85.39,74.36,84.99,10281135,809561984.00
2015-07-30,82.00,83.89,76.49,76.49,7384599,598490240.00
2015-07-31,72.19,76.88,71.00,72.80,4664917,344963392.00
2015-08-03,70.60,70.95,65.52,65.52,4904681,329447424.00
2015-08-04,65.99,72.07,65.99,72.07,4111421,283743328.00
2015-08-05,75.12,76.80,72.00,72.41,8014166,599495488.00
2015-08-06,68.30,73.40,68.30,70.93,3945680,280552416.00
2015-08-07,72.33,78.02,72.31,78.02,8370880,645977792.00
2015-08-10,80.38,85.60,77.57,83.85,9130075,735054464.00
2015-08-11,82.00,85.00,81.30,82.75,6551884,546801664.00
2015-08-12,80.81,82.51,76.80,77.00,6211838,496320160.00
2015-08-13,75.96,82.18,75.88,82.01,6314228,500082848.00
2015-08-14,83.00,83.98,79.52,79.81,5380038,440845760.00
2015-08-17,79.27,79.70,75.58,77.15,5216042,402684768.00
2015-08-18,76.90,80.00,69.44,69.44,6635542,502271424.00
2015-08-19,66.40,73.50,63.80,73.50,5873720,401528480.00
2015-08-20,71.96,73.96,69.50,69.70,4605400,329513536.00
2015-08-21,67.76,68.88,64.28,65.15,3780225,253001456.00
2015-08-24,60.50,62.50,58.64,58.64,2899425,171864000.00
2015-08-25,52.78,55.50,52.78,52.78,4229933,226236512.00
2015-08-26,52.88,57.00,50.02,51.29,5520483,293636832.00
2015-08-27,54.00,56.42,51.01,56.42,4698165,253080896.00
2015-08-28,57.20,61.97,57.20,60.86,5522448,324612608.00
2015-08-31,60.00,60.00,55.40,55.56,4346719,251548608.00
2015-09-01,55.00,56.00,50.00,50.00,4039163,211161040.00
2015-09-02,46.35,55.00,46.00,49.96,5815728,297474912.00
2015-09-07,51.50,54.93,51.50,53.70,5689519,304202048.00
2015-09-08,52.98,59.07,52.38,59.07,4880601,270577408.00
2015-09-09,61.00,63.84,59.17,61.58,6160708,381008064.00
2015-09-10,59.87,61.47,59.00,59.20,3213132,193770912.00
2015-09-11,59.13,63.78,59.05,61.30,4043169,248562976.00
2015-09-14,61.90,61.90,55.17,55.17,3660587,210938912.00
2015-09-15,51.65,53.98,49.65,49.70,5047059,257137280.00
2015-09-16,50.31,54.67,50.31,54.67,4670800,245196448.00
2015-09-17,55.98,59.45,54.60,55.92,6284799,358694240.00
2015-09-22,65.75,65.75,65.75,65.75,0,0.00
数据来源:通达信
