300219 鸿利光电 日线 前复权
      日期	    开盘	    最高	    最低	    收盘	    成交量	    成交额
2011-05-18,10.36,10.75,8.96,9.01,19403237,383189408.00
2011-05-19,9.11,9.21,8.66,8.79,9470816,171737920.00
2011-05-20,8.58,8.61,8.37,8.41,6539619,112953976.00
2011-05-23,8.43,8.58,8.33,8.41,5265621,90348272.00
2011-05-24,8.46,8.96,8.46,8.80,9124456,161459120.00
2011-05-25,8.66,8.66,8.31,8.34,5070723,87392992.00
2011-05-26,8.44,8.50,8.01,8.01,3929486,65683820.00
2011-05-27,7.99,8.28,7.91,8.08,3103393,51290784.00
2011-05-30,8.05,8.31,7.96,8.04,2479952,41325272.00
2011-05-31,8.01,8.34,8.01,8.34,2656464,44366224.00
2011-06-01,8.29,8.46,8.25,8.35,2681129,45606280.00
2011-06-02,8.25,8.26,7.96,8.14,2447863,40462488.00
2011-06-03,8.09,8.30,8.09,8.21,1601408,26776396.00
2011-06-07,8.16,8.21,8.03,8.09,1910219,31511550.00
2011-06-08,8.09,8.11,7.88,8.01,2227633,36141264.00
2011-06-09,7.99,8.06,7.90,7.92,1556890,25265794.00
2011-06-10,7.94,7.95,7.73,7.87,1514363,24170420.00
2011-06-13,7.76,8.00,7.73,7.96,1309655,21032610.00
2011-06-14,7.91,8.01,7.88,7.99,1425112,23149930.00
2011-06-15,7.98,8.13,7.92,7.92,1569732,25645274.00
2011-06-17,7.81,7.85,7.66,7.66,1271357,20108828.00
2011-06-20,7.66,7.72,7.56,7.66,842405,13076725.00
2011-06-21,7.71,7.79,7.66,7.78,992787,15658166.00
2011-06-22,7.77,7.78,7.51,7.54,1192861,18516864.00
2011-06-23,7.52,7.86,7.51,7.81,2121692,33508628.00
2011-06-24,7.76,8.00,7.76,8.00,2058731,33199594.00
2011-06-27,8.04,8.23,8.00,8.04,2398705,39448760.00
2011-06-28,8.02,8.10,7.96,8.06,1171010,19126924.00
2011-06-29,8.08,8.18,7.96,7.96,1551435,25475902.00
2011-06-30,7.95,8.06,7.93,8.01,1033107,16857404.00
2011-07-01,8.04,8.20,8.00,8.07,1477110,24401152.00
2011-07-04,8.12,8.33,8.07,8.28,1996789,33419854.00
2011-07-05,8.32,8.33,8.19,8.25,1530726,25609746.00
2011-07-06,8.25,8.52,8.21,8.51,2571821,43859120.00
2011-07-07,8.51,9.05,8.46,8.74,5280925,94260200.00
2011-07-08,8.71,8.93,8.62,8.86,3009504,53725056.00
2011-07-11,8.81,9.04,8.78,8.99,2518685,45689668.00
2011-07-12,8.87,8.91,8.67,8.68,2687810,47998796.00
2011-07-13,8.71,9.25,8.67,9.11,3357548,61215492.00
2011-07-14,9.14,9.25,9.01,9.18,2315750,42932016.00
2011-07-15,9.16,9.53,9.12,9.14,2912037,54996588.00
2011-07-18,9.22,9.29,8.96,8.96,2476063,45667780.00
2011-07-19,8.88,8.89,8.71,8.75,2249181,40212880.00
2011-07-20,8.83,9.00,8.76,8.99,2296266,41409868.00
2011-07-21,8.91,9.49,8.87,9.43,4766043,89306344.00
2011-07-22,9.36,10.00,9.33,9.74,4105308,81030152.00
2011-07-25,9.66,9.95,9.27,9.50,2832250,55124692.00
2011-07-26,9.50,9.95,9.25,9.95,2206709,43207620.00
2011-07-27,9.86,10.66,9.79,10.54,4620876,97567976.00
2011-07-28,10.35,10.61,10.26,10.51,2371913,50139316.00
2011-07-29,10.49,10.54,10.05,10.16,2131121,44348688.00
2011-08-01,10.08,10.50,9.85,10.38,1557438,32397062.00
2011-08-02,10.55,10.81,10.13,10.62,2241827,47400300.00
2011-08-03,10.36,10.73,10.21,10.41,1520269,32395794.00
2011-08-04,10.35,10.66,10.28,10.66,1637269,34760816.00
2011-08-05,10.21,11.24,10.08,11.00,2832668,62226632.00
2011-08-08,10.76,10.99,9.95,10.35,2472093,52870992.00
2011-08-09,9.96,10.70,9.36,10.51,2539393,51482244.00
2011-08-10,10.53,10.80,10.21,10.24,1912941,40666924.00
2011-08-11,10.02,10.47,9.87,10.27,1948816,40435276.00
2011-08-12,10.39,10.63,10.30,10.44,1825226,38733120.00
2011-08-15,10.45,10.46,10.14,10.26,2546814,53084280.00
2011-08-16,10.29,10.95,10.16,10.94,3580059,76999304.00
2011-08-17,10.85,10.95,10.65,10.78,2281869,49890060.00
2011-08-18,10.82,10.96,10.36,10.38,3282996,70894960.00
2011-08-19,10.04,10.50,9.93,10.37,1897152,39385812.00
2011-08-22,10.45,10.78,10.30,10.41,1639675,34911996.00
2011-08-23,10.45,11.08,10.27,10.96,3587976,77767064.00
2011-08-24,11.00,11.56,10.90,11.11,5576814,126233816.00
2011-08-25,10.96,11.59,10.96,11.39,4424037,100441424.00
2011-08-26,11.34,11.68,11.08,11.45,3417228,78955960.00
2011-08-29,11.36,11.74,11.30,11.39,2731557,63966312.00
2011-08-30,11.35,11.45,10.90,10.96,2648776,59684108.00
2011-08-31,10.91,11.05,10.62,10.88,1711137,37578320.00
2011-09-01,10.91,10.99,10.49,10.67,1321897,28776616.00
2011-09-02,10.66,10.79,10.51,10.67,737151,15897472.00
2011-09-05,10.61,10.61,10.17,10.29,764046,16037160.00
2011-09-06,10.26,10.35,9.36,9.76,1079839,21855358.00
2011-09-07,9.82,10.22,9.82,10.16,976226,19914648.00
2011-09-08,10.13,10.23,9.78,9.86,680865,13916401.00
2011-09-09,9.96,10.01,9.82,9.89,418214,8392810.00
2011-09-13,9.76,10.01,9.67,9.97,639971,12823935.00
2011-09-14,10.10,10.17,9.82,10.16,801247,16223570.00
2011-09-15,10.16,10.33,10.07,10.13,545656,11300614.00
2011-09-16,10.14,10.20,9.86,9.88,613030,12401340.00
2011-09-19,9.83,9.83,9.22,9.26,1027563,19780560.00
2011-09-20,9.26,9.49,9.13,9.26,954553,17950442.00
2011-09-21,9.29,9.59,9.20,9.54,658124,12662338.00
2011-09-22,9.50,9.50,9.06,9.09,634740,11962765.00
2011-09-23,8.91,9.26,8.77,9.11,583736,10698376.00
2011-09-26,9.03,9.17,8.91,9.00,481990,8858490.00
2011-09-27,9.16,9.20,9.02,9.13,469653,8693019.00
2011-09-28,9.37,9.41,9.06,9.08,490801,9246814.00
2011-09-29,8.92,9.24,8.79,9.04,557127,10183782.00
2011-09-30,9.04,9.18,8.91,9.14,283450,5215975.00
2011-10-10,9.16,9.25,9.01,9.12,227038,4207506.50
2011-10-11,9.36,9.47,8.36,8.66,1017238,18519950.00
2011-10-12,8.58,9.16,8.39,9.09,802389,14445654.00
2011-10-13,9.15,9.45,9.05,9.35,1031444,19476008.00
2011-10-14,9.32,9.36,9.10,9.25,389921,7293823.50
2011-10-17,9.16,9.51,9.16,9.46,673379,12857642.00
2011-10-18,9.41,9.41,8.85,8.87,980976,18053172.00
2011-10-19,8.93,9.08,8.71,8.73,409199,7338723.00
2011-10-20,8.37,8.71,8.37,8.51,324674,5627171.50
2011-10-21,8.48,8.54,8.12,8.14,548290,9203454.00
2011-10-24,8.19,8.91,7.81,8.50,1599994,26449552.00
2011-10-25,8.40,8.78,8.31,8.66,1204284,20947960.00
2011-10-26,8.51,8.90,8.51,8.71,1058598,18842478.00
2011-10-27,8.70,8.85,8.70,8.72,840142,14965615.00
2011-10-28,8.81,9.04,8.71,9.04,1211813,21816922.00
2011-10-31,9.06,9.20,8.95,9.17,1281321,23679216.00
2011-11-01,9.06,9.27,8.96,9.27,1231449,22715432.00
2011-11-02,9.11,10.21,9.08,10.21,3215208,63247432.00
2011-11-03,10.86,11.14,10.41,10.70,8486586,185258384.00
2011-11-04,10.59,10.75,10.22,10.42,3771450,80033288.00
2011-11-07,10.61,11.34,10.56,10.67,7202220,159258048.00
2011-11-08,10.56,10.60,10.05,10.07,4667361,97125208.00
2011-11-09,10.14,10.57,9.95,10.55,3874313,80839048.00
2011-11-10,10.35,10.85,10.28,10.36,5526621,118718496.00
2011-11-11,10.35,10.51,10.11,10.25,1806789,37573864.00
2011-11-14,10.39,11.08,10.37,10.80,3778772,82562200.00
2011-11-15,10.71,10.79,10.53,10.71,2313835,49936020.00
2011-11-16,10.86,10.93,10.18,10.21,2416399,51552392.00
2011-11-17,10.21,10.50,10.01,10.30,2049535,42804112.00
2011-11-18,10.10,10.41,10.05,10.29,1774056,36723320.00
2011-11-21,10.16,10.33,9.37,9.71,2177428,43047692.00
2011-11-22,9.65,9.86,9.52,9.74,1182816,23261148.00
2011-11-23,9.80,9.84,9.61,9.73,1034848,20464596.00
2011-11-24,9.54,9.80,9.30,9.46,1799084,34751972.00
2011-11-25,9.38,9.46,9.05,9.08,2025056,38144340.00
2011-11-28,9.11,9.26,8.91,9.17,1364355,25190588.00
2011-11-29,9.17,9.41,9.05,9.39,2106585,39398932.00
2011-11-30,9.33,9.33,8.52,8.67,2201059,39658744.00
2011-12-01,9.10,9.21,8.61,8.77,1825748,33331692.00
2011-12-02,8.75,8.83,8.60,8.63,966032,17058866.00
2011-12-05,8.70,8.70,8.31,8.37,866022,14920167.00
2011-12-06,8.37,8.83,8.36,8.71,1238965,21589482.00
2011-12-07,8.66,9.02,8.65,8.89,1282496,23073084.00
2011-12-08,8.85,9.29,8.71,9.05,1467905,26968882.00
2011-12-09,9.01,9.17,8.87,9.06,816156,14972691.00
2011-12-12,9.11,9.20,8.71,8.77,713242,13002878.00
2011-12-14,8.35,8.93,8.35,8.55,1037339,18136666.00
2011-12-15,8.46,8.96,8.45,8.72,1626488,28875900.00
2011-12-16,8.72,9.22,8.57,9.22,1808540,32788986.00
2011-12-19,9.11,9.54,9.07,9.47,2080635,39349592.00
2011-12-20,9.37,9.45,8.94,9.05,1392177,26235040.00
2011-12-21,9.18,9.30,8.81,8.84,1221843,22684792.00
2011-12-22,8.81,9.01,8.37,8.81,1351037,23758046.00
2011-12-23,8.70,9.04,8.66,8.93,1142630,20698644.00
2011-12-26,8.90,9.00,8.66,8.67,603972,10863730.00
2011-12-27,8.66,8.79,8.31,8.31,752995,12951041.00
2011-12-28,8.21,8.21,7.71,8.13,1565334,25259382.00
2011-12-30,8.13,8.26,7.96,8.06,984236,16280004.00
2012-01-04,8.16,8.23,7.65,7.66,655733,10591601.00
2012-01-05,7.61,7.71,7.11,7.20,1110804,16677905.00
2012-01-06,7.18,7.23,6.88,7.17,1196400,17190936.00
2012-01-09,7.18,7.55,7.07,7.49,1257267,18802846.00
2012-01-10,7.40,7.79,7.40,7.74,994621,15499060.00
2012-01-11,7.70,8.06,7.67,7.80,1220035,19529464.00
2012-01-12,7.69,7.91,7.63,7.69,879993,13909316.00
2012-01-13,7.69,7.78,7.05,7.05,1195086,17884660.00
2012-01-16,6.96,7.11,6.71,6.76,666318,9373009.00
2012-01-17,6.76,7.15,6.71,7.13,763934,10876375.00
2012-01-18,7.16,7.20,6.41,6.41,1870460,25586356.00
2012-01-19,6.36,6.71,6.26,6.61,2636050,34750432.00
2012-01-20,6.55,6.67,6.48,6.60,1364534,18410002.00
2012-01-30,6.65,6.86,6.57,6.66,1217395,16700711.00
2012-01-31,6.61,7.02,6.61,6.78,1062023,14759846.00
2012-02-01,6.77,6.91,6.67,6.79,837838,11685952.00
2012-02-02,6.76,7.01,6.76,7.00,897452,12642858.00
2012-02-03,7.00,7.45,6.90,7.34,1622529,23875298.00
2012-02-06,7.33,7.38,7.19,7.28,1243942,18464808.00
2012-02-07,7.20,7.29,7.10,7.14,966323,14163377.00
2012-02-08,7.13,7.37,7.12,7.34,865791,12843842.00
2012-02-09,7.33,7.69,7.32,7.39,1340536,20480018.00
2012-02-10,7.36,7.53,7.33,7.42,954099,14442981.00
2012-02-13,7.33,7.73,7.26,7.68,1561886,24052492.00
2012-02-14,7.68,8.04,6.92,7.90,2695455,42938980.00
2012-02-15,8.13,8.29,8.02,8.16,2973812,49283032.00
2012-02-16,8.11,8.23,7.91,8.00,1558437,25528006.00
2012-02-17,8.00,8.15,7.99,8.03,906300,14853779.00
2012-02-20,8.13,8.16,7.90,7.90,1589726,25835494.00
2012-02-21,7.85,8.29,7.73,8.26,1942751,31624214.00
2012-02-22,8.18,8.95,8.17,8.67,2940698,51565916.00
2012-02-23,8.62,8.74,8.30,8.71,2283909,39754088.00
2012-02-24,8.61,8.74,8.51,8.67,1047242,18353208.00
2012-02-27,8.75,9.05,8.46,8.79,2815994,50565344.00
2012-02-28,8.71,9.25,8.66,8.89,2531412,46012004.00
2012-02-29,8.96,9.11,8.79,8.84,1244118,22588884.00
2012-03-01,8.80,9.08,8.79,8.84,1113281,20239950.00
2012-03-02,8.87,9.02,8.80,8.97,1030152,18646740.00
2012-03-05,8.98,9.50,8.97,9.21,1737402,32628924.00
2012-03-06,9.19,9.25,9.04,9.16,1352104,25078590.00
2012-03-07,9.04,9.26,8.81,8.83,1262236,23218232.00
2012-03-08,8.92,9.43,8.92,9.21,1463896,27328984.00
2012-03-09,9.21,9.59,9.17,9.53,1668415,31966610.00
2012-03-12,9.64,9.64,9.41,9.53,781028,15100233.00
2012-03-13,9.47,9.85,9.31,9.67,1123781,21890730.00
2012-03-14,9.68,10.04,9.30,9.41,1785765,35111276.00
2012-03-15,9.71,10.00,8.99,9.28,4257996,81175144.00
2012-03-16,9.15,9.45,9.01,9.28,2392827,44790856.00
2012-03-19,9.26,9.60,9.21,9.53,2617991,50245608.00
2012-03-20,9.44,9.50,8.86,8.88,2862421,53254108.00
2012-03-21,8.96,9.09,8.79,9.00,1443465,26356734.00
2012-03-22,9.10,9.18,8.93,9.05,699334,12835081.00
2012-03-23,9.10,9.15,8.70,8.77,785860,14118898.00
2012-03-26,8.78,8.96,8.57,8.68,632213,11174796.00
2012-03-27,8.78,8.85,8.62,8.62,503475,8940851.00
2012-03-28,8.54,8.54,8.11,8.16,1549905,25958468.00
2012-03-29,8.11,8.12,7.86,7.91,869766,14131087.00
2012-03-30,7.91,8.04,7.77,7.91,645864,10392651.00
2012-04-05,7.99,8.29,7.93,8.22,829501,13725388.00
2012-04-06,8.26,8.45,8.15,8.27,1024300,17340512.00
2012-04-10,7.91,8.08,7.66,8.03,1210298,19435674.00
2012-04-11,7.91,8.25,7.81,8.21,935066,15359989.00
2012-04-12,8.25,8.47,8.18,8.46,1243923,21032690.00
2012-04-13,8.56,8.79,8.52,8.62,1566184,27505270.00
2012-04-16,8.56,8.79,8.54,8.75,813530,14355421.00
2012-04-17,8.84,8.84,8.67,8.72,877237,15553513.00
2012-04-18,8.79,8.86,8.62,8.83,1156264,20638850.00
2012-04-19,8.73,8.93,8.73,8.78,1191144,10629817.00
2012-04-20,8.81,8.84,8.52,8.61,2343597,20694698.00
2012-04-23,8.56,8.57,8.11,8.31,3478493,29078406.00
2012-04-24,8.14,8.41,8.09,8.37,1747848,14608459.00
2012-04-25,8.42,8.47,8.26,8.39,1100256,9301522.00
2012-04-26,8.39,8.46,8.29,8.32,858103,7250182.00
2012-04-27,8.27,9.16,8.27,8.91,4649044,41773348.00
2012-05-02,8.71,8.86,8.50,8.66,4959182,43425344.00
2012-05-03,8.62,8.73,8.52,8.65,3010367,26306166.00
2012-05-04,8.65,9.10,8.65,9.04,4151506,37415340.00
2012-05-07,9.01,9.44,8.91,9.30,2685775,24900224.00
2012-05-08,9.31,9.63,9.16,9.17,3877846,36962980.00
2012-05-09,9.10,9.10,8.80,8.93,1974207,17864204.00
2012-05-10,8.81,9.14,8.81,9.06,1618022,14793816.00
2012-05-11,9.06,9.11,8.91,9.07,811889,7406558.00
2012-05-14,9.20,9.21,8.91,9.00,1312060,11936487.00
2012-05-15,9.00,9.09,8.81,9.08,2246033,20333654.00
2012-05-16,9.03,9.30,9.01,9.06,2638012,24277830.00
2012-05-17,9.11,9.36,9.07,9.16,3454931,32067912.00
2012-05-18,9.11,9.17,8.81,8.90,1134268,10328127.00
2012-05-21,8.76,8.96,8.72,8.80,874630,7790945.50
2012-05-22,8.84,9.06,8.81,8.95,839239,7579771.00
2012-05-23,8.96,9.00,8.77,8.97,1382672,12394504.00
2012-05-24,8.99,9.76,8.97,9.20,2902080,27425062.00
2012-05-25,9.20,9.20,8.91,8.91,1267799,11588419.00
2012-05-28,8.84,9.24,8.77,9.23,1313446,11923829.00
2012-05-29,9.31,9.78,9.30,9.64,3534888,34283744.00
2012-05-30,9.64,10.37,9.51,10.13,5869790,59194504.00
2012-05-31,10.13,10.71,9.96,10.26,4374425,45595116.00
2012-06-01,10.20,10.38,10.06,10.27,1987698,20537638.00
2012-06-04,10.11,10.29,9.83,9.97,3123985,31725086.00
2012-06-05,10.00,10.06,9.68,9.81,1883469,18661344.00
2012-06-06,9.82,10.05,9.75,9.90,1913249,19174548.00
2012-06-07,9.98,10.13,9.71,9.82,1370185,13747294.00
2012-06-08,9.91,10.08,9.84,9.92,1143847,11494256.00
2012-06-11,10.01,10.69,9.93,10.65,2936470,30905964.00
2012-06-12,10.45,10.78,10.33,10.41,2527620,26872536.00
2012-06-13,10.41,10.81,10.21,10.76,2561918,27388158.00
2012-06-14,10.61,10.99,10.61,10.77,2038353,22282366.00
2012-06-15,10.80,10.83,10.41,10.49,1816851,19373594.00
2012-06-18,10.55,10.84,10.41,10.61,1213890,13011480.00
2012-06-19,10.59,10.65,10.21,10.30,1069431,11230941.00
2012-06-20,10.47,10.51,10.21,10.30,948998,9915300.00
2012-06-21,10.31,10.31,9.90,10.26,1484969,15100617.00
2012-06-25,10.19,10.19,9.86,9.88,650293,6544842.00
2012-06-26,9.81,10.05,9.68,10.01,701639,6999465.50
2012-06-27,10.09,10.23,9.93,10.06,1188228,12125016.00
2012-06-28,10.05,10.11,9.66,9.69,1081295,10816846.00
2012-06-29,9.65,9.76,9.36,9.71,1462040,14173707.00
2012-07-02,9.79,10.14,9.77,10.02,1841023,18573288.00
2012-07-03,10.01,10.50,9.85,10.32,2380085,24692026.00
2012-07-04,10.39,10.39,9.72,10.00,2087772,21142618.00
2012-07-05,9.86,9.99,9.69,9.88,1136298,11257790.00
2012-07-06,9.96,9.96,9.21,9.70,2266000,21784162.00
2012-07-09,9.43,9.55,8.90,8.90,1404910,13061859.00
2012-07-10,8.79,9.01,8.50,8.64,2090530,18312100.00
2012-07-11,8.66,8.87,8.61,8.81,1566529,13875625.00
2012-07-12,8.96,9.30,8.87,9.26,1397633,12907125.00
2012-07-13,9.20,9.49,8.98,9.01,1034843,9568886.00
2012-07-16,9.01,9.01,8.10,8.10,1615965,13591563.00
2012-07-17,8.10,8.57,7.91,8.42,1559267,13099508.00
2012-07-18,8.33,8.51,8.22,8.43,834315,7078561.00
2012-07-19,8.44,8.72,8.41,8.57,1002687,8677903.00
2012-07-20,8.69,8.70,8.12,8.16,1477127,12442567.00
2012-07-23,8.09,8.30,7.93,8.08,657977,5406671.50
2012-07-24,8.01,8.24,7.97,8.16,1511689,12415663.00
2012-07-25,8.16,8.44,8.02,8.39,2159747,18165480.00
2012-07-26,8.31,8.66,8.21,8.41,1799480,15459932.00
2012-07-27,8.47,8.56,8.14,8.35,1411679,11848524.00
2012-07-30,8.35,8.40,7.92,8.11,1408690,11484685.00
2012-07-31,8.04,8.10,7.65,7.76,2080726,16427874.00
2012-08-01,7.72,8.01,7.71,7.86,630619,5058322.00
2012-08-02,7.82,8.05,7.82,7.89,853550,6850447.50
2012-08-03,7.92,8.18,7.84,8.11,1335724,10922767.00
2012-08-06,8.11,8.53,8.02,8.49,1554878,13114454.00
2012-08-07,8.43,8.57,8.43,8.47,807330,6921563.00
2012-08-08,8.57,8.57,8.39,8.52,624238,5361553.00
2012-08-09,8.36,8.61,8.36,8.53,1207767,10358700.00
2012-08-10,8.54,8.72,8.42,8.64,1014900,8861535.00
2012-08-13,8.52,8.54,8.21,8.25,841555,7132760.00
2012-08-14,8.19,8.51,7.99,8.42,1098738,9208774.00
2012-08-15,8.31,8.41,8.28,8.33,732264,6170712.50
2012-08-16,8.33,8.41,8.17,8.19,948182,7983633.00
2012-08-17,8.02,8.62,8.02,8.43,1307243,11140487.00
2012-08-20,8.23,8.43,8.12,8.34,854701,7134025.00
2012-08-21,8.23,8.64,8.23,8.64,1737028,14930264.00
2012-08-22,8.59,8.70,8.31,8.48,1653274,14217280.00
2012-08-23,8.43,8.99,8.33,8.86,2232482,19577158.00
2012-08-24,9.00,9.56,8.91,9.03,6028163,55849092.00
2012-08-27,9.03,9.16,8.40,8.49,2753237,23958100.00
2012-08-28,8.59,8.66,8.22,8.28,2199325,18671082.00
2012-08-29,8.31,9.12,8.31,9.12,10264518,93272504.00
2012-08-30,8.90,8.95,8.20,8.41,8309306,71988696.00
2012-08-31,8.29,8.50,7.91,8.17,5106587,42222240.00
2012-09-03,8.06,8.48,8.03,8.44,3275576,27507524.00
2012-09-04,8.45,8.97,8.30,8.63,5774909,50596836.00
2012-09-05,8.54,9.05,8.43,8.83,3944587,35097588.00
2012-09-06,8.86,9.07,8.76,8.98,3033237,27306464.00
2012-09-07,9.01,9.41,8.92,9.27,4810462,44711192.00
2012-09-10,9.21,9.46,9.15,9.19,4085463,38283548.00
2012-09-11,9.16,9.46,9.10,9.28,3442811,32326096.00
2012-09-12,9.31,9.37,9.15,9.37,2747521,25697348.00
2012-09-13,9.39,9.39,8.98,8.98,2275598,21127648.00
2012-09-14,9.11,9.18,8.84,8.98,1899796,17253922.00
2012-09-17,8.98,9.01,8.60,8.61,1483552,13149567.00
2012-09-18,8.39,8.83,8.39,8.69,1528097,13330153.00
2012-09-19,8.68,8.76,8.54,8.70,821334,7196831.00
2012-09-20,8.67,8.71,8.09,8.17,1737019,14618777.00
2012-09-21,8.09,8.29,7.83,7.85,1686333,13697164.00
2012-09-24,7.76,7.80,7.32,7.68,1374475,10648925.00
2012-09-25,7.68,7.79,7.52,7.56,1377899,10619587.00
2012-09-26,7.56,7.57,7.20,7.20,1182266,8816588.00
2012-09-27,7.26,7.49,7.01,7.39,2436624,17919734.00
2012-09-28,7.32,7.64,7.31,7.62,1535281,11610540.00
2012-10-08,7.66,7.76,7.52,7.58,1211878,9368738.00
2012-10-09,7.54,7.88,7.54,7.87,1703762,13396779.00
2012-10-10,7.81,8.06,7.76,7.93,1571081,12554567.00
2012-10-11,7.86,7.91,7.45,7.50,2945005,22814226.00
2012-10-12,7.57,7.61,7.11,7.11,3650100,26845196.00
2012-10-15,7.12,7.18,6.87,7.01,2675205,18916160.00
2012-10-16,7.06,7.12,6.96,7.09,2395264,17084232.00
2012-10-17,7.11,7.17,6.93,7.10,1606890,11499852.00
2012-10-18,7.10,7.32,7.09,7.27,1922632,14064982.00
2012-10-19,7.30,7.37,7.20,7.23,2712091,19991904.00
2012-10-22,7.19,7.25,7.05,7.22,2152360,15562714.00
2012-10-23,7.19,7.21,7.09,7.09,1479210,10705020.00
2012-10-24,7.06,7.25,7.03,7.22,1585242,11502482.00
2012-10-25,7.22,7.32,7.06,7.08,2033134,14834754.00
2012-10-26,7.08,7.09,6.92,6.99,1598800,11325815.00
2012-10-29,7.03,7.06,6.89,6.90,1085918,7656338.50
2012-10-30,6.90,7.00,6.90,6.94,761440,5356337.00
2012-10-31,7.00,7.00,6.91,6.97,590445,4151221.25
2012-11-01,7.04,7.18,6.98,7.15,1500662,10788643.00
2012-11-02,7.16,7.24,7.07,7.15,907509,6575756.50
2012-11-05,7.20,7.20,7.04,7.07,972734,6985622.00
2012-11-06,7.06,7.10,6.89,6.95,1194812,8405710.00
2012-11-07,6.98,7.02,6.93,6.99,575525,4063889.00
2012-11-08,6.90,6.96,6.67,6.68,855716,5898086.00
2012-11-09,6.66,6.76,6.50,6.56,924697,6195903.00
2012-11-12,6.49,6.63,6.49,6.60,716782,4782927.50
2012-11-13,6.61,6.63,6.29,6.34,1767917,11497980.00
2012-11-14,6.31,6.38,6.18,6.30,1440028,9184007.00
2012-11-15,6.27,6.36,6.16,6.20,1208061,7700507.00
2012-11-16,6.20,6.37,6.09,6.28,1096398,6952008.50
2012-11-19,6.25,6.37,6.25,6.33,680105,4346692.50
2012-11-20,6.31,6.35,6.10,6.14,2108560,13341233.00
2012-11-21,6.11,6.17,6.01,6.17,1510573,9362536.00
2012-11-22,6.13,6.21,6.04,6.07,1666145,10380675.00
2012-11-23,6.09,6.15,5.92,5.99,2703278,16596557.00
2012-11-26,5.98,6.02,5.88,5.92,1669560,10111253.00
2012-11-27,6.41,6.52,6.03,6.05,10723020,68092288.00
2012-11-28,5.48,5.83,5.44,5.64,5521887,31451008.00
2012-11-29,5.63,5.69,5.43,5.44,3180911,18099478.00
2012-11-30,5.43,5.59,5.43,5.51,2538630,14242166.00
2012-12-03,5.48,5.48,5.11,5.13,2910897,15640417.00
2012-12-04,5.14,5.20,4.91,5.15,2615006,13483952.00
2012-12-05,5.12,5.57,5.10,5.48,4195942,22933538.00
2012-12-06,5.46,5.55,5.37,5.42,2321892,12842871.00
2012-12-07,5.42,5.62,5.38,5.62,3282800,18418844.00
2012-12-10,5.65,5.88,5.62,5.88,4013028,23535938.00
2012-12-11,5.82,5.84,5.72,5.72,2360664,13841119.00
2012-12-12,5.74,5.86,5.56,5.72,2892550,16683039.00
2012-12-13,5.60,5.69,5.52,5.54,1959576,11154665.00
2012-12-14,5.47,6.03,5.47,5.90,4123277,24256988.00
2012-12-17,5.90,6.12,5.86,6.05,3720490,22691532.00
2012-12-18,6.02,6.06,5.89,5.94,2649935,16087911.00
2012-12-19,5.90,6.10,5.87,6.04,2521446,15396467.00
2012-12-20,6.03,6.09,5.95,6.05,2356705,14406664.00
2012-12-21,6.01,6.07,5.82,5.99,4744229,28721860.00
2012-12-24,5.96,6.20,5.87,6.14,3975073,24257242.00
2012-12-25,6.17,6.46,6.09,6.28,5358819,34090872.00
2012-12-26,6.25,6.81,6.22,6.71,6645290,43913376.00
2012-12-27,6.71,6.77,6.42,6.42,4750800,31656946.00
2012-12-28,6.33,6.53,6.28,6.48,3169401,20649638.00
2012-12-31,6.52,6.57,6.41,6.46,2174913,14228487.00
2013-01-04,6.52,6.53,6.27,6.33,2487259,16070668.00
2013-01-07,6.30,6.54,6.23,6.49,2287357,14837574.00
2013-01-08,6.49,6.84,6.46,6.68,5542550,37482700.00
2013-01-09,6.68,6.84,6.63,6.75,3870235,26410538.00
2013-01-10,6.79,7.00,6.57,6.78,4152801,28720314.00
2013-01-11,6.78,6.84,6.47,6.53,3057578,20692224.00
2013-01-14,6.56,6.88,6.48,6.82,4099311,28070504.00
2013-01-15,6.93,7.07,6.82,7.00,4163844,29456462.00
2013-01-16,7.01,7.01,6.77,6.95,3293033,22977324.00
2013-01-17,6.96,7.00,6.76,6.77,3003659,20854674.00
2013-01-18,6.87,7.35,6.86,7.25,7923352,56963148.00
2013-01-21,7.20,7.20,6.97,7.09,4762778,34095776.00
2013-01-22,7.08,7.08,6.84,6.93,3323566,23493824.00
2013-01-23,6.90,6.99,6.79,6.94,2145423,14967620.00
2013-01-24,6.94,6.99,6.47,6.60,3727144,25473684.00
2013-01-25,6.53,6.61,6.47,6.51,1662225,11015595.00
2013-01-28,6.53,6.66,6.53,6.63,3052313,20409274.00
2013-01-29,6.66,6.85,6.62,6.78,3974682,27165584.00
2013-01-30,6.71,6.71,6.41,6.52,6848060,45411232.00
2013-01-31,6.51,6.78,6.41,6.46,2863680,18996148.00
2013-02-01,6.44,6.64,6.36,6.54,4158239,27518844.00
2013-02-04,6.51,6.57,6.32,6.34,2872553,18641132.00
2013-02-05,6.34,6.43,6.30,6.40,1613807,10431411.00
2013-02-06,6.42,6.54,6.38,6.52,2448434,16098792.00
2013-02-07,6.47,6.54,6.44,6.50,1618318,10650034.00
2013-02-08,6.55,6.63,6.48,6.60,2140862,14248932.00
2013-02-18,6.69,7.11,6.69,6.92,7851527,54847316.00
2013-02-19,6.85,6.95,6.65,6.72,4441738,30468550.00
2013-02-20,6.71,6.95,6.66,6.93,3855572,26858440.00
2013-02-21,6.89,7.09,6.76,7.07,8117612,57407476.00
2013-02-22,7.01,7.10,6.89,6.93,4078122,28789794.00
2013-02-25,6.91,7.20,6.91,7.18,6039072,43220652.00
2013-02-26,7.09,7.23,6.91,6.92,7016834,50445060.00
2013-02-27,6.90,7.00,6.74,6.82,3523433,24481924.00
2013-02-28,6.86,7.21,6.76,7.11,5348613,37953268.00
2013-03-01,7.11,7.45,7.05,7.32,8103259,59565196.00
2013-03-04,7.21,7.27,6.91,7.00,5313192,38275436.00
2013-03-05,6.99,7.67,6.92,7.56,7218437,53661776.00
2013-03-06,7.54,7.89,7.44,7.77,7259617,56777704.00
2013-03-07,7.71,7.85,7.50,7.55,5628351,43559268.00
2013-03-08,7.56,7.73,7.29,7.33,3457244,26142050.00
2013-03-11,7.36,7.45,7.30,7.34,1618567,12058478.00
2013-03-12,7.37,7.43,6.67,6.91,4442547,31339094.00
2013-03-13,6.88,6.88,6.61,6.72,2333071,15859207.00
2013-03-14,6.66,6.82,6.65,6.74,1424938,9770797.00
2013-03-15,6.71,6.99,6.58,6.74,2967144,20494748.00
2013-03-18,6.66,6.81,6.60,6.62,1440672,9799638.00
2013-03-19,6.62,6.71,6.31,6.54,1824227,11984117.00
2013-03-20,6.51,6.85,6.48,6.82,2076242,14157083.00
2013-03-21,6.81,7.04,6.80,6.98,3273771,23076494.00
2013-03-22,6.93,7.04,6.82,6.99,1568893,11059773.00
2013-03-25,6.98,7.10,6.86,7.07,1707848,12155430.00
2013-03-26,7.04,7.04,6.71,6.78,2535868,17496592.00
2013-03-27,6.73,6.89,6.68,6.77,1957914,13452857.00
2013-03-28,6.71,6.72,6.41,6.46,1782014,11832917.00
2013-03-29,6.57,6.58,6.44,6.45,865872,5698836.00
2013-04-01,6.36,6.80,6.36,6.80,2378655,16102000.00
2013-04-02,6.81,6.82,6.53,6.59,1186321,8049221.50
2013-04-03,6.58,6.70,6.44,6.46,784270,5174980.50
2013-04-08,6.35,6.35,6.11,6.27,1574898,9917823.00
2013-04-09,6.31,6.41,6.26,6.40,924902,5966882.50
2013-04-10,6.38,6.44,6.18,6.28,1065330,6788630.50
2013-04-11,6.40,6.41,6.24,6.26,579299,3704253.25
2013-04-12,6.22,6.31,6.08,6.09,947536,5933670.00
2013-04-15,6.01,6.07,5.79,5.83,1215276,7287242.00
2013-04-16,5.85,5.85,5.59,5.83,2350153,13699100.00
2013-04-17,5.79,5.88,5.66,5.82,2236209,13068092.00
2013-04-18,5.79,5.96,5.71,5.94,2297273,13658727.00
2013-04-19,5.94,6.29,5.91,6.18,4438349,27734692.00
2013-04-22,6.13,6.51,6.09,6.40,3233611,20780738.00
2013-04-23,6.37,6.37,6.12,6.12,1642754,10329453.00
2013-04-24,6.14,6.74,6.12,6.64,7402641,49748216.00
2013-04-25,6.61,7.07,6.57,6.78,8277106,57628056.00
2013-04-26,6.72,7.03,6.72,6.80,3771961,26336780.00
2013-05-02,6.74,6.85,6.49,6.85,2280179,15442053.00
2013-05-03,6.91,7.24,6.81,7.09,3388986,24331232.00
2013-05-06,7.05,7.24,7.01,7.02,3112340,22431294.00
2013-05-07,7.01,7.07,6.81,6.89,2257925,15806790.00
2013-05-08,6.93,7.19,6.86,7.11,2689881,19092904.00
2013-05-09,7.06,7.26,6.96,7.19,3584801,25871378.00
2013-05-10,7.16,7.35,7.01,7.09,2513837,18218110.00
2013-05-13,7.06,7.46,6.91,7.40,5113298,37774752.00
2013-05-14,7.49,7.71,7.11,7.14,8621755,64663324.00
2013-05-15,7.19,7.86,7.19,7.86,7531912,58815088.00
2013-05-16,8.35,8.66,8.16,8.66,25846077,221160192.00
2013-05-17,8.71,9.54,8.57,9.54,25967756,236710832.00
2013-05-20,9.90,10.48,9.72,10.07,24256307,244733936.00
2013-05-21,10.05,10.41,9.83,10.02,24116087,243836896.00
2013-05-22,9.93,10.01,9.02,9.41,28268433,269191328.00
2013-05-23,9.26,9.59,9.14,9.36,19271911,182452480.00
2013-05-24,9.39,10.26,9.37,10.05,28108984,278152928.00
2013-05-27,10.06,10.16,9.76,9.88,15818401,158902480.00
2013-05-28,9.88,9.88,8.88,9.01,14960973,139681696.00
2013-05-29,8.95,9.32,8.84,9.14,10537400,96900288.00
2013-05-30,9.07,9.21,8.86,9.01,6863509,62461180.00
2013-05-31,9.05,9.10,8.65,8.81,9282075,82741568.00
2013-06-03,8.80,9.05,8.75,8.81,5678370,51007852.00
2013-06-04,8.85,8.91,8.23,8.49,7434572,64306172.00
2013-06-05,8.54,8.69,8.37,8.60,5328863,46161616.00
2013-06-06,8.49,8.50,8.21,8.26,4695928,39692612.00
2013-06-07,8.27,8.41,8.02,8.14,5300794,44077624.00
2013-06-13,8.11,8.11,7.78,7.98,6450333,51653316.00
2013-06-14,8.00,8.56,7.96,8.42,9992257,83911368.00
2013-06-17,8.31,8.57,8.22,8.31,9195608,78382304.00
2013-06-18,8.36,8.47,7.96,8.39,6326329,52589412.00
2013-06-19,8.39,8.67,8.23,8.67,9263571,79377472.00
2013-06-20,8.55,8.60,7.97,8.04,6783631,57204968.00
2013-06-21,7.76,8.37,7.64,8.19,5896823,47852332.00
2013-06-24,8.10,8.23,7.37,7.37,5318110,41277360.00
2013-06-25,7.31,7.53,6.86,7.46,6604227,48736944.00
2013-06-26,7.46,7.86,7.38,7.83,6785403,52607064.00
2013-06-27,7.86,8.09,7.64,7.92,9501227,75637520.00
2013-06-28,8.14,8.24,7.44,7.55,8365608,66608436.00
2013-07-01,7.42,7.83,7.28,7.83,5781993,44186684.00
2013-07-02,7.76,8.03,7.75,7.98,6488703,51730776.00
2013-07-03,7.86,7.97,7.50,7.83,7786670,60960188.00
2013-07-04,7.74,8.04,7.62,7.79,7156161,56590924.00
2013-07-05,7.69,7.84,7.44,7.44,6595388,50733900.00
2013-07-08,7.14,7.19,6.69,6.70,6228066,43631176.00
2013-07-09,6.71,6.81,6.59,6.72,3099040,21005658.00
2013-07-10,6.73,7.01,6.67,6.94,3912053,27156942.00
2013-07-11,7.02,7.22,6.95,7.06,4596820,32815068.00
2013-07-12,6.97,7.29,6.97,7.09,6267817,45221536.00
2013-07-15,7.09,7.53,7.09,7.51,7201244,53083748.00
2013-07-16,7.44,7.72,7.42,7.70,7380030,56396528.00
2013-07-17,7.70,8.01,7.57,7.78,10979645,86805600.00
2013-07-18,7.69,8.14,7.69,8.03,8555945,69193312.00
2013-07-19,8.04,8.26,7.80,7.92,9311676,75277504.00
2013-07-22,7.84,8.19,7.76,8.19,5400013,43572468.00
2013-07-23,8.18,8.40,8.00,8.34,8230586,67997280.00
2013-07-24,8.26,8.34,8.05,8.22,5728698,47310068.00
2013-07-25,8.21,8.21,7.44,7.49,8187810,64302748.00
2013-07-26,7.44,7.58,7.15,7.34,4583071,33918656.00
2013-07-29,7.34,7.51,7.19,7.40,3744751,27933594.00
2013-07-30,7.29,7.39,6.79,7.15,5787496,41186528.00
2013-07-31,7.09,7.31,7.05,7.10,3842672,27795498.00
2013-08-01,7.10,7.50,7.10,7.44,4715336,35069752.00
2013-08-02,7.50,8.19,7.46,8.19,8991979,72848560.00
2013-08-05,8.39,8.56,8.20,8.33,20313779,171215968.00
2013-08-06,8.24,8.53,8.12,8.27,10237138,86027592.00
2013-08-07,8.23,8.30,7.78,7.86,10482215,84381440.00
2013-08-08,7.83,8.16,7.66,7.99,8467998,67616496.00
2013-08-09,7.98,8.20,7.75,7.95,6861783,55193204.00
2013-08-12,8.01,8.28,7.89,8.10,8386998,68465944.00
2013-08-13,8.05,8.34,7.93,8.34,9917901,81601672.00
2013-08-14,8.28,8.40,8.12,8.16,6646220,54941924.00
2013-08-15,8.05,8.14,7.77,7.77,6546668,52471180.00
2013-08-16,7.73,7.90,7.42,7.44,7592961,58652268.00
2013-08-19,7.45,7.73,7.44,7.72,6463285,49636612.00
2013-08-20,7.69,8.34,7.63,8.04,12708354,103079008.00
2013-08-21,8.08,8.23,7.87,8.14,7915610,64329320.00
2013-08-22,8.09,8.27,8.04,8.10,6885455,56458896.00
2013-08-23,8.04,8.41,7.99,8.25,13863512,114896128.00
2013-08-26,8.27,8.44,8.14,8.31,9801104,82065624.00
2013-08-27,8.31,8.42,8.11,8.27,6969767,57774848.00
2013-08-28,8.19,8.19,7.89,7.90,6750213,54610656.00
2013-08-29,7.91,8.13,7.85,8.13,4958947,40094404.00
2013-08-30,8.10,8.10,7.49,7.60,7087886,55667948.00
2013-09-02,7.64,7.80,7.54,7.80,3137861,24275770.00
2013-09-03,7.82,7.89,7.76,7.87,2877828,22697872.00
2013-09-04,7.86,7.86,7.67,7.71,3837059,29920500.00
2013-09-05,7.77,8.33,7.68,8.02,9565779,77383664.00
2013-09-06,7.98,8.12,7.83,8.03,6166845,49551540.00
2013-09-09,8.04,8.20,7.92,8.12,6554242,53185544.00
2013-09-10,8.19,8.31,8.02,8.10,4882266,39932704.00
2013-09-11,8.09,8.09,7.73,7.82,5946737,46860060.00
2013-09-12,7.77,7.89,7.74,7.83,2759795,21718240.00
2013-09-13,7.84,7.88,7.75,7.85,2940221,23192424.00
2013-09-16,7.91,8.02,7.79,7.88,2787959,22197286.00
2013-09-17,7.88,7.92,7.68,7.72,3068993,24063546.00
2013-09-18,7.68,7.86,7.55,7.83,3224616,25013654.00
2013-09-23,7.82,7.97,7.77,7.96,3742409,29779390.00
2013-09-24,7.97,8.07,7.79,8.03,4813342,38567888.00
2013-09-25,8.02,8.08,7.86,7.92,3764580,30157878.00
2013-09-26,7.92,8.12,7.86,7.96,5334202,43073840.00
2013-09-27,7.96,7.97,7.76,7.95,4361516,34474708.00
2013-09-30,7.94,8.07,7.91,8.01,3083048,24835556.00
2013-10-08,8.00,8.28,7.93,8.26,8322890,68377528.00
2013-10-09,8.18,8.55,8.15,8.53,10981239,92313408.00
2013-10-10,8.47,8.51,8.25,8.28,7726840,65136020.00
2013-10-11,8.27,8.41,8.22,8.32,5405498,45197948.00
2013-10-14,8.32,8.32,8.11,8.25,6265066,51670576.00
2013-10-15,8.14,8.25,8.07,8.13,5375707,44044580.00
2013-10-16,8.13,8.17,7.49,7.56,6846399,53534380.00
2013-10-17,7.61,7.77,7.55,7.64,4740008,36456064.00
2013-10-18,7.61,7.73,7.43,7.68,4045981,31093202.00
2013-10-21,7.68,8.09,7.62,8.07,6458688,51403788.00
2013-10-22,8.13,8.19,7.74,7.87,8380677,66968596.00
2013-10-23,7.85,7.85,7.58,7.62,3745123,29019156.00
2013-10-24,7.59,7.68,7.42,7.44,3546460,26954914.00
2013-10-25,7.43,7.50,7.21,7.27,3365189,24971130.00
2013-10-28,7.29,7.36,7.23,7.31,1900940,13977935.00
2013-10-29,7.32,7.36,6.69,6.91,3522871,24815592.00
2013-10-30,6.91,7.03,6.85,7.01,1825830,12812129.00
2013-10-31,6.98,7.02,6.87,7.01,1954370,13717645.00
2013-11-01,6.98,7.03,6.91,7.02,1251406,8807692.00
2013-11-04,7.02,7.10,6.96,7.06,1255158,8926425.00
2013-11-05,7.06,7.22,6.99,7.21,1896933,13632875.00
2013-11-06,7.19,7.54,7.15,7.25,4384391,32508850.00
2013-11-07,7.17,7.22,7.01,7.01,2276817,16362635.00
2013-11-08,7.01,7.05,6.89,6.91,2085194,14663652.00
2013-11-11,6.94,7.12,6.93,7.11,1540876,10966213.00
2013-11-12,7.11,7.20,7.06,7.17,1845653,13278916.00
2013-11-13,7.17,7.20,6.99,7.00,1901135,13598771.00
2013-11-14,7.02,7.20,6.86,7.19,2273597,16183621.00
2013-11-15,7.19,7.37,7.14,7.29,2831581,20839380.00
2013-11-18,7.30,7.40,7.29,7.37,2705560,20088986.00
2013-11-19,7.39,7.59,7.34,7.53,5724174,43280268.00
2013-11-20,7.51,7.53,7.40,7.48,2482117,18659904.00
2013-11-21,7.50,7.59,7.37,7.45,2696659,20316822.00
2013-11-22,7.52,7.53,7.36,7.36,1943329,14508670.00
2013-11-25,7.34,7.46,7.34,7.37,1958576,14630981.00
2013-11-26,7.40,7.71,7.32,7.58,4792841,36415080.00
2013-11-27,7.53,7.66,7.51,7.63,3453100,26511868.00
2013-11-28,7.63,7.78,7.59,7.68,4470163,34600800.00
2013-11-29,7.67,7.90,7.65,7.86,6649631,52532820.00
2013-12-02,7.52,7.52,7.07,7.07,7392432,53894360.00
2013-12-03,7.03,7.12,6.82,7.10,4525083,32014510.00
2013-12-04,7.09,7.25,7.04,7.13,3557064,25767180.00
2013-12-05,7.14,7.59,7.04,7.25,6519657,48480044.00
2013-12-06,7.15,7.31,7.09,7.23,3451443,24998016.00
2013-12-09,7.23,7.35,7.23,7.30,1874941,13807624.00
2013-12-10,7.33,7.34,7.22,7.30,1824358,13390933.00
2013-12-11,7.30,7.37,7.15,7.24,1835622,13461173.00
2013-12-12,7.24,7.44,7.20,7.34,2617511,19426468.00
2013-12-13,7.29,7.48,7.27,7.39,2454651,18341632.00
2013-12-16,7.38,7.46,7.25,7.30,2168486,16069819.00
2013-12-17,7.39,7.58,7.26,7.49,4092654,30727806.00
2013-12-18,7.52,8.25,7.46,7.91,17091542,137077296.00
2013-12-19,7.79,8.02,7.69,7.82,8669080,68378680.00
2013-12-20,7.93,8.08,7.71,7.73,6698357,53318704.00
2013-12-23,7.68,7.70,7.34,7.36,6021518,45219296.00
2013-12-24,7.35,7.64,7.35,7.57,4248071,32253718.00
2013-12-25,7.59,8.04,7.49,7.94,8099915,64035424.00
2013-12-26,7.89,7.98,7.66,7.73,5692447,44725192.00
2013-12-27,7.73,8.34,7.70,8.18,11138876,91024088.00
2013-12-30,8.17,8.47,8.12,8.40,10150881,85218504.00
2013-12-31,8.34,8.36,8.14,8.23,5704290,47285120.00
2014-01-02,8.19,9.06,8.11,8.85,17814964,157538928.00
2014-01-03,8.75,9.20,8.66,8.92,16589817,150299248.00
2014-01-06,8.86,9.40,8.55,8.78,13585104,122759072.00
2014-01-07,8.69,8.97,8.53,8.92,7836779,69198136.00
2014-01-08,9.24,9.82,9.24,9.82,11760879,115129296.00
2014-01-09,10.12,10.12,8.96,8.96,18050323,173664864.00
2014-01-10,8.89,9.38,8.89,9.12,11425542,105273848.00
2014-01-13,9.03,9.63,8.98,9.56,12246215,116043568.00
2014-01-14,9.54,9.83,9.12,9.79,9245827,89097624.00
2014-01-15,9.64,10.78,9.56,10.78,9791385,103845824.00
2014-01-16,11.64,11.86,11.15,11.64,29028999,336917504.00
2014-01-17,11.54,11.59,10.94,11.04,15528963,176407072.00
2014-01-20,11.07,11.59,10.95,11.19,12668433,143178704.00
2014-01-21,10.93,12.32,10.85,12.32,25863877,307375136.00
2014-01-22,12.00,12.53,11.69,12.24,21945204,266401968.00
2014-01-23,11.95,12.64,11.94,12.21,14347783,178001056.00
2014-01-24,12.30,12.35,12.02,12.23,8644542,105746600.00
2014-01-27,12.04,12.24,11.76,11.94,7581989,91323992.00
2014-01-28,11.97,12.04,11.17,11.52,7637037,89028920.00
2014-01-29,11.44,11.93,11.44,11.73,6162535,72611712.00
2014-01-30,11.74,11.92,11.32,11.45,4052858,47369336.00
2014-02-07,11.49,12.60,11.49,12.60,10189010,126798408.00
2014-02-10,13.11,13.39,12.64,12.95,13986071,182294432.00
2014-02-11,12.95,13.18,12.36,12.87,8705697,112064368.00
2014-02-12,12.81,13.49,12.64,13.17,8588536,112988448.00
2014-02-13,12.98,13.15,12.27,12.31,8495862,108870064.00
2014-02-14,12.29,12.59,11.94,12.43,5741523,71168480.00
2014-02-17,12.33,13.03,12.24,12.84,6302906,80685568.00
2014-02-18,12.91,14.13,12.78,13.62,11856132,161212720.00
2014-02-19,13.44,13.58,12.89,13.12,7122256,94379056.00
2014-02-20,13.18,13.33,12.40,12.56,6719284,85622072.00
2014-02-21,12.54,12.88,12.42,12.77,4433259,56299092.00
2014-02-24,12.65,12.79,12.25,12.77,5592086,70482832.00
2014-02-25,12.82,12.90,11.49,11.49,10478429,128459576.00
2014-02-26,11.12,11.27,10.44,11.13,8104603,89228720.00
2014-02-27,11.27,11.58,10.59,10.62,8128874,90181632.00
2014-02-28,10.55,10.95,10.32,10.94,5055614,54465424.00
2014-03-03,10.82,11.40,10.76,11.36,6142143,68890232.00
2014-03-04,11.22,11.43,10.91,11.18,4938595,55383768.00
2014-03-05,11.18,11.77,11.15,11.35,6461333,74437064.00
2014-03-06,11.24,11.34,10.87,11.19,4544261,50506920.00
2014-03-07,11.09,11.80,11.09,11.59,7070271,82367024.00
2014-03-10,11.42,12.07,11.19,11.48,4923359,57768200.00
2014-03-11,11.39,11.82,11.12,11.54,2977156,34673360.00
2014-03-12,11.54,12.16,10.63,11.88,7694228,88659728.00
2014-03-13,11.75,13.07,11.74,13.07,17389362,223616768.00
2014-03-14,13.07,13.34,12.60,13.15,14539457,189149008.00
2014-03-17,13.02,13.79,12.66,13.40,10848372,145028960.00
2014-03-18,13.54,13.55,13.17,13.42,8278299,111323192.00
2014-03-19,13.28,13.30,12.84,13.14,5940100,77641984.00
2014-03-20,13.09,13.32,11.82,11.82,9636337,119884592.00
2014-03-21,11.39,11.89,11.14,11.74,7259399,83832528.00
2014-03-24,11.59,11.89,11.30,11.51,4427838,51583940.00
2014-03-25,11.51,11.79,11.34,11.59,3227266,37595544.00
2014-03-26,11.61,12.76,11.61,12.76,7941684,98853720.00
2014-03-27,12.87,12.87,12.19,12.34,8387511,104999296.00
2014-03-28,12.26,12.26,11.23,11.79,6920055,81754488.00
2014-03-31,11.69,12.98,11.60,12.48,16956124,216558336.00
2014-04-01,11.30,13.73,11.30,13.73,19644557,254330288.00
2014-04-02,13.95,15.11,13.95,14.44,18858751,272970848.00
2014-04-03,14.48,15.28,14.27,14.87,16709723,246771712.00
2014-04-04,14.55,15.02,14.34,14.69,11981640,176149936.00
2014-04-08,14.34,14.78,13.97,14.74,11031453,159461632.00
2014-04-09,14.74,15.59,14.31,14.50,17058565,255152992.00
2014-04-10,14.39,15.96,14.37,15.08,23224677,359150272.00
2014-04-11,14.64,16.04,14.20,15.54,21155105,320234720.00
2014-04-14,15.44,16.39,15.14,15.51,15199536,240686944.00
2014-06-10,14.17,15.40,13.96,14.53,18621973,267842640.00
2014-06-11,14.29,15.96,14.17,14.81,15321761,229880912.00
2014-06-12,14.80,14.86,13.89,14.21,13307359,189715888.00
2014-06-13,14.20,14.30,13.82,14.20,8967601,126678528.00
2014-06-16,14.21,14.51,13.87,14.11,10535004,148937360.00
2014-06-17,14.14,14.27,13.51,13.56,10016838,139099616.00
2014-06-18,13.62,13.92,13.29,13.32,9704817,132441728.00
2014-06-19,13.34,13.43,11.99,11.99,10997662,138570640.00
2014-06-20,11.88,12.07,11.63,12.04,10973009,129874864.00
2014-06-23,12.04,12.61,11.98,12.48,10575657,131067768.00
2014-06-24,12.37,12.74,12.23,12.29,9705225,121089392.00
2014-06-25,12.43,12.52,11.91,12.46,6947122,84920384.00
2014-06-26,12.39,13.10,12.37,12.86,8563493,110362424.00
2014-06-27,12.80,13.08,12.71,12.85,4807540,62209416.00
2014-06-30,12.86,13.65,12.78,13.47,8444091,112368728.00
2014-07-01,13.44,13.84,13.25,13.61,8191356,110912376.00
2014-07-02,13.55,13.77,13.28,13.64,7303083,99101968.00
2014-07-03,13.67,14.11,13.65,13.87,13502360,188247632.00
2014-07-04,13.82,13.82,13.25,13.41,8977747,121226672.00
2014-07-07,13.48,13.48,13.12,13.31,4364176,58039956.00
2014-07-08,13.31,13.35,12.98,13.30,5885452,77789488.00
2014-07-09,13.22,13.42,12.65,12.68,6031010,79142712.00
2014-07-10,12.61,12.77,12.17,12.25,7435925,92610328.00
2014-07-11,12.19,12.58,12.15,12.48,3825916,47674784.00
2014-07-14,12.43,12.90,12.42,12.90,5119471,65253924.00
2014-07-15,12.82,12.90,12.28,12.52,5648717,71209872.00
2014-07-16,12.40,12.53,11.87,12.08,8183908,99402464.00
2014-07-17,12.01,12.21,11.97,12.11,2841194,34432616.00
2014-07-18,12.08,12.24,11.96,12.07,2146519,26112578.00
2014-07-21,12.16,12.16,11.77,11.88,3572522,42614320.00
2014-07-22,11.88,12.05,11.67,12.00,4072484,48703848.00
2014-07-23,11.97,12.02,11.57,11.67,3893296,46054780.00
2014-07-24,11.67,11.67,10.60,11.14,7342544,81768888.00
2014-07-25,11.12,11.27,11.01,11.16,3617683,40418520.00
2014-07-28,11.16,11.62,11.07,11.50,5551779,63240764.00
2014-07-29,11.50,11.66,11.43,11.62,4843354,56237512.00
2014-07-30,11.63,11.82,11.47,11.80,5520718,64427436.00
2014-07-31,11.81,11.93,11.69,11.89,4228801,50130800.00
2014-08-01,11.81,12.17,11.75,11.87,7137530,85779824.00
2014-08-04,11.82,11.99,11.79,11.92,3672727,43745560.00
2014-08-05,11.87,12.44,11.77,12.27,7356222,89827264.00
2014-08-06,12.27,12.70,12.18,12.65,9003862,112414296.00
2014-08-07,12.57,12.95,12.47,12.47,11064508,141130736.00
2014-08-08,12.52,13.16,12.46,12.96,9915653,128173736.00
2014-08-11,12.86,13.40,12.86,13.34,8966339,118940936.00
2014-08-12,13.37,13.42,13.08,13.22,8471396,112009032.00
2014-08-13,13.29,13.31,12.64,12.86,9701576,125521928.00
2014-08-14,12.82,13.15,12.77,12.84,7079178,92207592.00
2014-08-15,12.90,13.62,12.77,13.49,10991343,145804304.00
2014-08-19,13.92,14.02,13.26,13.36,11536089,156248800.00
2014-08-20,13.27,13.59,13.20,13.28,6218585,83413304.00
2014-08-21,13.30,14.37,13.28,14.16,15091567,208218976.00
2014-09-02,13.57,14.08,13.38,14.03,21565920,295512832.00
2014-09-03,13.82,13.95,13.50,13.77,15201593,209248160.00
2014-09-04,13.74,13.92,13.63,13.77,10245532,141329248.00
2014-09-05,13.82,13.85,13.52,13.65,7990089,109310008.00
2014-09-09,13.92,14.07,13.75,13.87,14169003,197463152.00
2014-09-10,13.80,13.82,13.57,13.71,8009414,109817032.00
2014-09-11,13.66,13.90,13.56,13.71,9743965,134269152.00
2014-09-12,13.71,14.05,13.62,14.05,13374708,186517136.00
2014-09-15,14.03,14.23,13.88,14.07,9928990,139723088.00
2014-12-02,13.67,13.67,12.72,13.34,18112087,240123472.00
2014-12-03,13.18,13.30,12.98,13.16,12549192,164735152.00
2014-12-04,13.16,13.33,13.07,13.13,11045821,145944960.00
2014-12-05,13.09,13.10,12.06,12.14,13650209,170448368.00
2014-12-08,12.05,12.05,11.69,11.77,9509532,113103976.00
2014-12-09,11.72,12.05,11.28,11.33,7058312,83156336.00
2014-12-10,11.40,11.91,11.27,11.82,5026681,58755732.00
2014-12-11,11.76,11.90,11.57,11.85,4471865,52774660.00
2014-12-12,11.85,12.07,11.79,12.07,4972779,59575524.00
2014-12-15,12.09,12.41,11.99,12.31,5385217,66134580.00
2014-12-16,12.27,12.35,11.96,12.01,4370006,53057332.00
2014-12-17,11.97,11.97,11.52,11.66,4158233,48857932.00
2014-12-18,11.62,11.84,11.57,11.66,2763160,32427674.00
2014-12-19,11.66,11.66,11.06,11.12,5703527,64176520.00
2014-12-22,11.08,11.08,10.19,10.37,4478798,47631240.00
2014-12-23,10.43,10.70,10.36,10.45,2353254,24815518.00
2014-12-24,10.47,10.94,10.47,10.91,3010160,32421288.00
2014-12-25,10.85,11.03,10.73,10.86,2442626,26639196.00
2014-12-26,10.87,11.01,10.79,10.84,2024418,22071458.00
2014-12-29,10.82,10.82,10.41,10.47,2566068,27152470.00
2014-12-30,10.44,10.52,10.27,10.30,2129001,22141112.00
2014-12-31,10.41,10.54,10.30,10.49,1748870,18301984.00
2015-01-05,10.52,10.74,10.37,10.69,2329089,24610266.00
2015-01-06,10.67,11.15,10.52,11.12,3883604,42509728.00
2015-01-07,11.13,11.20,10.86,10.95,2626805,28940232.00
2015-01-08,10.96,11.12,10.88,10.92,2607257,28784420.00
2015-01-09,10.94,11.16,10.87,10.87,3079746,34097940.00
2015-01-12,10.80,10.80,10.50,10.59,2244117,23929018.00
2015-01-13,10.59,11.39,10.52,11.20,5393082,59828244.00
2015-01-14,11.12,11.27,10.97,11.02,3178378,35424692.00
2015-01-15,11.27,11.64,11.21,11.27,5504487,62843164.00
2015-01-16,11.62,11.64,11.37,11.50,4382374,50619396.00
2015-01-19,11.38,11.92,11.28,11.52,6410735,74937544.00
2015-01-20,11.59,11.93,11.59,11.92,5395387,63828288.00
2015-01-21,11.93,12.11,11.84,11.97,6075919,72986144.00
2015-01-22,11.99,12.08,11.92,12.06,5172653,62273564.00
2015-01-23,12.03,12.05,11.68,11.72,4451409,53077512.00
2015-01-26,11.76,12.00,11.76,12.00,3919963,46814072.00
2015-01-27,12.07,12.11,11.81,12.08,4094657,49329168.00
2015-01-28,12.10,12.44,11.96,12.28,6343888,77835296.00
2015-01-29,12.15,12.24,11.99,12.11,3490598,42359096.00
2015-01-30,12.08,12.18,11.76,11.81,3025771,36292384.00
2015-02-02,11.65,11.99,11.62,11.86,2498586,29663008.00
2015-02-03,11.97,12.14,11.93,12.10,2888761,34970404.00
2015-02-04,12.13,12.22,12.02,12.06,3547087,43109476.00
2015-02-05,12.10,12.35,11.77,12.04,5116086,62455456.00
2015-02-06,12.05,12.11,11.66,11.70,3168594,37730100.00
2015-02-09,11.67,11.72,11.38,11.39,2736280,31657164.00
2015-02-10,11.37,11.60,11.34,11.57,1755396,20180310.00
2015-02-11,11.59,11.82,11.57,11.66,1863336,21894154.00
2015-02-12,11.69,11.87,11.69,11.76,2093018,24779308.00
2015-02-13,11.79,12.16,11.79,12.09,3786282,45867212.00
2015-02-16,12.35,12.65,12.19,12.58,6260638,78173520.00
2015-02-17,12.67,12.75,12.47,12.64,3400873,42892060.00
2015-02-25,12.69,12.74,12.48,12.53,3063032,38608044.00
2015-02-26,12.53,12.60,12.42,12.55,3000425,37654636.00
2015-02-27,12.56,12.82,12.50,12.82,4801266,60983088.00
2015-03-02,12.88,13.13,12.83,13.12,6418629,83603056.00
2015-03-03,12.97,13.13,12.67,12.71,5766130,74966984.00
2015-03-04,12.69,13.56,12.69,13.47,9508340,125347328.00
2015-03-05,13.42,13.48,13.11,13.27,6356263,84327896.00
2015-03-06,13.32,13.40,12.75,12.76,6895627,89491464.00
2015-03-09,12.75,13.05,12.63,13.04,4810717,62268568.00
2015-03-10,13.00,13.74,13.00,13.53,8969968,121032280.00
2015-03-11,13.53,13.84,13.33,13.42,8762024,119034944.00
2015-03-12,13.37,13.70,13.09,13.32,5013541,67469504.00
2015-03-13,13.43,13.91,13.37,13.78,7380623,101110096.00
2015-03-16,13.94,14.45,13.78,14.26,9577166,136083680.00
2015-03-17,14.49,14.62,14.04,14.37,10856130,156557264.00
2015-03-18,14.28,14.64,14.17,14.59,8728716,126250752.00
2015-03-19,14.62,14.64,14.26,14.38,6799180,98334080.00
2015-03-20,14.38,14.85,14.35,14.54,7378005,107486496.00
2015-03-23,14.57,14.92,14.39,14.84,8551028,125344928.00
2015-03-24,14.84,14.93,13.97,14.61,10599954,154470080.00
2015-03-25,14.61,16.07,14.46,16.07,20392805,320694592.00
2015-03-26,16.00,17.42,15.67,16.67,26323811,434748224.00
2015-03-27,16.74,18.14,16.74,17.26,19152228,333460448.00
2015-03-30,17.09,18.99,16.88,18.99,15742214,285705792.00
2015-03-31,19.02,20.36,18.49,19.32,13979939,270344192.00
2015-04-01,19.47,19.67,18.80,19.33,9777209,187323408.00
2015-04-02,19.29,20.17,18.96,19.76,10836556,209887824.00
2015-04-03,19.48,19.96,18.80,19.36,12169814,234852176.00
2015-04-07,19.47,19.84,19.10,19.62,9910817,193301904.00
2015-04-08,20.07,20.53,18.67,18.97,14485577,280769248.00
2015-04-09,18.98,18.99,17.07,18.07,14275849,253700656.00
2015-04-10,17.77,19.82,17.58,19.48,11895322,225741632.00
2015-04-13,19.67,21.43,19.57,21.43,8311859,173685904.00
2015-04-14,22.18,23.57,21.45,21.75,10384337,232355552.00
2015-04-15,21.32,23.61,21.07,21.82,10780402,238842464.00
2015-04-16,21.38,22.77,20.77,21.17,9838247,215514112.00
2015-04-17,21.27,21.83,20.72,20.72,7100155,149647104.00
2015-04-20,20.74,22.72,20.45,21.41,14042568,304088352.00
2015-04-21,21.08,23.55,21.08,23.55,12000300,277714592.00
2015-04-22,24.47,25.91,24.27,25.47,13861300,351795552.00
2015-04-23,24.96,25.74,24.25,25.47,7505063,188741472.00
2015-04-24,25.49,26.12,24.49,25.37,7255164,183655168.00
2015-04-27,25.45,26.67,24.56,25.17,11943086,304708800.00
2015-04-28,25.38,25.44,23.59,24.52,6070511,148701376.00
2015-04-29,24.51,25.17,24.09,24.64,5261582,129692696.00
2015-04-30,25.05,27.11,25.05,26.67,12584156,335604704.00
2015-05-04,26.96,28.15,26.67,27.23,8336595,229122512.00
2015-05-05,28.55,29.85,25.70,26.67,14094059,389365504.00
2015-05-06,26.22,27.93,26.22,26.45,8060677,217165936.00
2015-05-07,26.39,27.29,25.87,27.28,6928952,185043376.00
2015-05-08,27.43,29.00,27.43,29.00,6394468,180686512.00
2015-05-11,29.16,30.17,28.23,29.97,7532288,222849920.00
2015-05-12,29.81,30.77,29.03,30.15,6183869,183883760.00
2015-05-13,29.39,32.46,28.49,31.91,8598241,266552752.00
2015-05-14,31.92,33.84,31.47,31.72,5203490,169325872.00
2015-05-15,31.10,31.97,29.57,31.27,6938599,214237408.00
2015-05-18,30.93,34.40,30.38,34.40,8528300,282703488.00
2015-05-19,34.97,36.76,32.77,35.82,8484238,295677984.00
2015-05-20,36.17,39.41,36.17,39.27,10302360,398479136.00
2015-05-21,38.99,43.20,38.99,43.20,7028372,293408448.00
2015-05-22,44.07,46.85,39.97,40.77,12699068,531727648.00
2015-05-25,38.77,40.87,37.97,39.35,6387966,253163984.00
2015-05-26,40.17,41.37,39.78,41.25,8443716,343289088.00
2015-05-27,41.66,45.38,39.04,45.34,9732950,410620448.00
2015-05-28,44.47,46.97,40.80,42.97,11194659,487527520.00
2015-05-29,42.06,44.97,40.00,41.38,8518852,353966144.00
2015-06-01,41.17,45.37,41.16,44.94,9521420,417307232.00
2015-06-02,44.87,49.44,43.99,48.93,7522928,358819680.00
2015-06-03,48.47,48.47,44.03,44.03,13153846,594194304.00
2015-06-04,42.47,45.74,39.66,42.97,11900021,495698976.00
2015-06-05,42.18,43.12,39.97,40.32,12026072,492723168.00
2015-06-08,40.47,41.63,38.85,41.07,10051642,409302624.00
2015-06-09,40.21,41.83,40.19,41.26,5393079,220891360.00
2015-06-10,40.85,44.56,40.41,43.55,6906395,295186464.00
2015-06-11,43.32,43.97,40.92,42.45,8002330,339278688.00
2015-06-12,42.56,42.76,41.02,41.51,5090240,212171920.00
2015-06-15,41.27,41.27,38.27,39.29,6162802,244331424.00
2015-06-16,39.25,39.25,37.48,37.68,4338209,165279872.00
2015-06-17,37.67,41.45,34.98,41.24,10396281,406374656.00
2015-06-18,40.47,41.67,39.01,39.17,4237488,172070560.00
2015-06-19,43.09,43.09,43.09,43.09,6030822,260049040.00
2015-06-23,44.76,47.40,43.85,47.40,13556722,627760256.00
2015-06-24,51.46,52.14,48.98,49.36,23792668,1207151232.00
2015-06-25,49.47,51.95,47.47,47.77,16818454,831853952.00
2015-06-26,43.97,44.48,42.99,42.99,8502580,368384256.00
2015-06-29,40.87,40.97,38.69,38.69,7621345,297480864.00
2015-06-30,34.83,40.57,34.82,37.95,14769613,552381056.00
2015-07-01,37.45,40.07,34.15,34.15,16255164,625610240.00
2015-07-02,31.97,33.97,30.73,30.73,10928299,349090432.00
2015-07-20,33.80,33.80,33.80,33.80,312801,10572674.00
2015-07-21,36.94,37.18,32.80,37.18,15097571,548228864.00
2015-07-22,38.70,40.90,38.00,40.90,16161756,633218176.00
2015-07-23,41.16,43.35,39.29,41.01,12937939,528237056.00
2015-07-24,40.08,45.00,40.08,42.20,12685743,542121600.00
2015-07-27,41.10,44.99,37.98,37.98,14556580,610903936.00
2015-07-28,35.79,39.99,34.35,37.38,11336319,419100992.00
2015-07-29,38.50,39.60,34.60,39.60,9198946,344675264.00
2015-07-30,38.50,39.40,35.64,35.70,7060381,269268704.00
2015-07-31,35.79,36.80,32.51,34.35,6261778,221393168.00
2015-08-03,33.20,33.78,30.92,30.92,8955469,278606240.00
2015-08-04,30.21,33.57,28.50,33.14,9073967,282851744.00
2015-08-05,33.50,33.50,31.03,31.25,7463233,240739632.00
2015-08-06,29.90,30.56,29.01,29.95,5226882,157000256.00
2015-08-07,30.23,32.05,30.23,31.77,5901798,185562608.00
2015-08-10,32.29,34.37,32.09,33.83,5669813,188941152.00
2015-08-11,33.58,34.50,33.20,33.35,5168521,174611200.00
2015-08-12,32.80,33.20,31.41,31.45,5318346,172485696.00
2015-08-13,31.06,32.60,31.04,32.53,3787328,120848336.00
2015-08-14,33.33,33.55,32.32,32.66,4104128,135175184.00
2015-08-17,32.22,32.75,31.80,32.53,3209153,103483712.00
2015-08-18,32.80,34.00,29.28,29.35,6925708,223271984.00
2015-08-19,28.40,30.64,27.50,30.50,5211046,153362400.00
2015-08-20,30.17,30.50,28.76,28.76,3745276,111516040.00
2015-08-21,28.28,28.83,25.88,25.88,5029007,137485296.00
2015-08-24,24.80,24.86,23.29,23.29,1948329,45740388.00
2015-08-25,20.96,21.50,20.96,20.96,4399861,92376136.00
2015-08-26,21.80,23.06,20.95,21.59,11280132,246922048.00
2015-08-27,21.80,22.88,19.43,21.47,9763465,205844896.00
2015-08-28,22.30,23.49,21.80,23.36,8781216,196769296.00
2015-08-31,22.60,22.99,21.02,21.02,6405942,141321072.00
2015-09-01,20.63,20.68,18.92,18.92,6109702,116566984.00
2015-09-02,17.35,20.19,17.03,17.42,8582140,155666848.00
2015-09-07,18.00,19.00,17.89,18.37,5612313,103692152.00
2015-09-08,18.34,20.21,18.01,20.21,5173623,98801624.00
2015-09-09,20.50,21.88,20.27,21.75,6545911,139808784.00
2015-09-10,21.08,22.45,21.01,21.70,5441572,119182232.00
2015-09-11,21.51,22.30,21.50,22.03,3225305,70459160.00
2015-09-14,22.04,22.26,19.83,19.83,4163491,86288888.00
2015-09-15,18.50,19.68,17.85,17.85,4290748,79153216.00
2015-09-16,18.25,19.64,17.86,19.64,4517778,84523032.00
2015-09-17,19.70,21.60,19.31,20.08,7511835,155536592.00
2015-09-22,22.57,22.57,22.57,22.57,0,0.00
数据来源:通达信
