300154 瑞凌股份 日线 前复权
      日期	    开盘	    最高	    最低	    收盘	    成交量	    成交额
2010-12-29,18.95,21.49,18.60,18.80,14168087,577662592.00
2010-12-30,18.86,19.75,18.21,19.64,8386790,339231840.00
2010-12-31,19.09,19.53,18.94,19.28,5397810,218832816.00
2011-01-04,19.95,20.29,19.36,20.15,5423845,227154064.00
2011-01-05,19.71,20.65,19.59,20.55,4599745,196196256.00
2011-01-06,20.79,22.06,20.65,21.20,5300603,236817968.00
2011-01-07,20.85,21.19,19.96,20.13,4286360,185274992.00
2011-01-10,20.05,20.53,19.30,19.90,3069757,128591968.00
2011-01-11,19.72,20.20,18.98,19.13,2106847,87017600.00
2011-01-12,19.13,19.32,18.59,18.93,2022675,81097016.00
2011-01-13,18.95,19.34,18.76,19.28,1450468,58245764.00
2011-01-14,19.40,19.66,17.96,17.98,2878667,113172232.00
2011-01-17,17.73,17.85,16.40,16.44,2949350,105936312.00
2011-01-18,16.45,16.84,16.36,16.66,1619618,57453312.00
2011-01-19,16.55,17.25,16.45,17.13,1294718,46612904.00
2011-01-20,16.96,17.35,16.78,17.05,1427616,51589492.00
2011-01-21,16.95,17.67,16.81,17.05,950302,34624964.00
2011-01-24,16.95,17.09,16.08,16.10,1128356,39515376.00
2011-01-25,15.95,16.35,15.90,16.29,751743,25850052.00
2011-01-26,16.29,16.97,16.29,16.70,895414,31873630.00
2011-01-27,16.55,16.90,16.40,16.66,872454,30926112.00
2011-01-31,16.70,17.25,16.65,17.04,831749,30080676.00
2011-02-01,17.05,17.54,16.96,17.25,723034,26451978.00
2011-02-09,17.19,17.38,16.80,16.90,649021,23532436.00
2011-02-10,16.76,17.75,16.70,17.62,966118,35585456.00
2011-02-11,17.55,18.00,17.52,17.96,948020,35706120.00
2011-02-14,17.95,18.10,17.73,18.02,982296,37261404.00
2011-02-15,17.92,18.23,17.75,17.89,1069852,40734732.00
2011-02-16,17.85,18.43,17.80,18.33,979268,37674592.00
2011-02-17,18.37,18.43,17.80,18.05,1042655,39847052.00
2011-02-18,17.93,18.34,17.90,18.20,885801,33937872.00
2011-02-21,18.04,18.53,18.03,18.49,965543,37395324.00
2011-02-22,18.48,18.50,17.88,17.97,1666581,63912788.00
2011-02-23,17.95,18.13,17.85,17.95,1078736,41018604.00
2011-02-24,17.84,18.47,17.80,18.23,1531082,59047652.00
2011-02-25,18.29,18.29,17.86,18.09,989356,37782400.00
2011-02-28,18.03,18.84,18.03,18.76,1420588,55885676.00
2011-03-01,18.70,18.80,18.41,18.65,1087242,42692396.00
2011-03-02,18.65,18.69,17.90,18.19,868678,33569708.00
2011-03-03,18.03,18.24,17.26,17.47,1569808,58898460.00
2011-03-04,17.42,17.77,17.39,17.58,409581,15245560.00
2011-03-07,17.69,17.90,17.62,17.71,571518,21474332.00
2011-03-08,17.71,17.93,17.68,17.76,644199,24280424.00
2011-03-09,17.79,18.30,17.71,18.22,890277,33935996.00
2011-03-10,18.19,18.35,18.14,18.20,820760,31648446.00
2011-03-11,18.20,18.67,18.15,18.45,1204811,47162412.00
2011-03-14,18.50,18.50,18.23,18.48,794554,30834738.00
2011-03-15,18.56,18.56,18.10,18.13,831720,32087042.00
2011-03-16,18.13,18.39,18.04,18.20,604800,23311660.00
2011-03-17,18.05,18.18,17.58,17.67,561611,21315540.00
2011-03-18,17.74,18.15,17.65,18.15,945870,35726472.00
2011-03-21,18.20,18.64,18.17,18.53,850107,33104008.00
2011-03-22,18.53,18.54,18.14,18.23,466264,18011656.00
2011-03-23,18.16,18.30,18.13,18.15,494956,19051248.00
2011-03-24,18.09,18.24,17.83,18.00,559128,21302028.00
2011-03-25,18.10,19.70,18.01,19.48,2632542,105624216.00
2011-03-30,18.45,18.45,17.76,17.85,2613137,100069456.00
2011-03-31,17.88,18.15,17.75,17.95,1285878,48902604.00
2011-04-01,17.93,18.65,17.82,18.27,1152061,44576368.00
2011-04-06,18.06,18.55,17.80,17.85,1145244,43686196.00
2011-04-07,17.90,18.14,17.85,18.08,610928,23243710.00
2011-04-08,18.10,18.60,18.10,18.55,1610360,62604356.00
2011-04-11,18.53,18.55,18.16,18.25,1172758,45542652.00
2011-04-12,18.14,18.39,18.05,18.25,838481,32281550.00
2011-04-13,18.16,18.78,18.16,18.45,1850164,72599584.00
2011-04-14,18.46,18.89,18.29,18.49,1221755,47970480.00
2011-04-15,18.41,18.50,18.01,18.21,1124524,43337808.00
2011-04-18,18.15,18.29,18.03,18.25,605446,23262566.00
2011-04-20,18.03,18.03,17.57,17.90,1693395,63650120.00
2011-04-21,17.93,18.08,17.80,17.85,782421,29613622.00
2011-04-22,17.80,18.08,17.56,17.78,919396,34679116.00
2011-04-25,17.64,17.76,16.90,16.94,1234519,44834276.00
2011-04-26,16.92,16.93,16.30,16.41,1253716,44187068.00
2011-04-27,16.50,16.70,16.15,16.22,397679,13895671.00
2011-04-28,16.25,16.53,16.16,16.21,479195,16664868.00
2011-04-29,16.35,16.95,16.27,16.55,928063,32800794.00
2011-05-03,16.59,16.99,16.58,16.85,599548,21379646.00
2011-05-04,16.71,16.88,16.56,16.57,481400,17115566.00
2011-05-05,16.54,17.04,16.54,16.96,702698,25127216.00
2011-05-06,16.95,16.96,16.73,16.89,533798,19125792.00
2011-05-09,16.95,17.12,16.84,16.93,712679,25685770.00
2011-05-10,16.92,16.92,16.23,16.50,1409220,24314068.00
2011-05-11,16.50,16.55,15.90,16.20,1318694,22335796.00
2011-05-12,16.10,16.12,15.50,15.50,1515128,25204316.00
2011-05-13,15.50,15.67,15.13,15.49,1683413,27262990.00
2011-05-16,15.47,15.66,15.20,15.46,940622,15166849.00
2011-05-17,15.29,15.69,15.20,15.47,798632,12981082.00
2011-05-18,15.42,15.46,15.11,15.15,965807,15499839.00
2011-05-19,15.15,15.39,15.11,15.25,688172,11037213.00
2011-05-20,15.25,15.31,14.46,14.55,1945493,30173834.00
2011-05-23,14.40,14.48,13.61,13.62,1370045,20253046.00
2011-05-24,13.63,14.70,13.49,14.20,1617142,23954740.00
2011-05-25,14.08,14.25,13.08,13.15,1139963,16411698.00
2011-05-26,13.32,13.68,13.32,13.46,1465603,20930562.00
2011-05-27,13.46,13.86,13.35,13.51,831718,11984921.00
2011-05-30,13.50,14.09,13.26,13.74,1217937,17813974.00
2011-05-31,13.75,14.17,13.74,14.15,1494055,22063350.00
2011-06-01,14.13,14.17,13.88,14.14,868711,12887865.00
2011-06-02,13.80,14.00,13.50,13.80,997340,14458994.00
2011-06-03,13.80,14.41,13.71,14.29,1258182,18735548.00
2011-06-07,14.28,14.36,14.06,14.21,630684,9470737.00
2011-06-08,14.01,14.18,13.90,14.07,813769,12057352.00
2011-06-09,14.08,14.36,14.00,14.19,1139157,17049544.00
2011-06-10,14.08,14.10,13.77,14.01,608875,8970328.00
2011-06-13,14.01,14.08,13.56,13.86,557699,8154785.00
2011-06-14,13.85,13.99,13.78,13.98,1513066,22231642.00
2011-06-15,13.80,13.89,13.62,13.69,773640,11244072.00
2011-06-16,13.61,13.67,13.10,13.29,881125,12427918.00
2011-06-17,13.29,13.29,13.00,13.15,507892,7052215.00
2011-06-20,13.14,13.15,12.70,12.70,573325,7838473.50
2011-06-21,12.87,12.95,12.52,12.82,433764,5861031.50
2011-06-22,12.83,12.83,12.54,12.61,732248,9849092.00
2011-06-23,12.64,13.30,12.43,13.15,1295869,17889776.00
2011-06-24,13.16,13.49,13.01,13.35,1399076,19713054.00
2011-06-27,13.44,13.70,13.28,13.50,904990,12949826.00
2011-06-28,13.45,13.80,13.36,13.78,1510367,21747662.00
2011-06-29,13.70,14.40,13.66,13.81,2485591,37041176.00
2011-06-30,13.84,14.08,13.70,13.88,1176320,17298834.00
2011-07-01,13.98,14.16,13.88,14.02,1296127,19248132.00
2011-07-04,14.02,14.31,13.93,14.19,2127402,31777624.00
2011-07-06,14.29,14.85,14.22,14.69,2599472,39993432.00
2011-07-07,14.60,15.33,14.56,14.91,3404981,53983428.00
2011-07-08,14.89,15.25,14.71,14.93,1976991,31146052.00
2011-07-11,14.80,15.09,14.71,14.98,1081441,16943508.00
2011-07-12,14.70,15.02,14.69,14.69,1570790,24570152.00
2011-07-13,14.60,15.15,14.53,15.12,1238006,19434078.00
2011-07-14,15.06,15.70,15.06,15.69,1912616,31070712.00
2011-07-15,15.70,16.14,15.51,15.74,1896206,31580778.00
2011-07-18,15.80,15.90,15.22,15.27,1282783,20948438.00
2011-07-19,15.26,15.26,14.83,14.89,1253496,19793874.00
2011-07-20,14.96,15.22,14.85,15.13,793691,12582385.00
2011-07-21,15.16,15.16,14.74,14.78,706494,11098036.00
2011-07-22,14.77,15.05,14.71,14.79,625178,9774318.00
2011-07-25,14.70,14.70,13.86,13.91,1187461,17789534.00
2011-07-26,13.81,14.07,13.71,14.04,803211,11829720.00
2011-07-27,13.98,14.44,13.84,14.41,1149814,17246068.00
2011-07-28,14.21,14.29,14.01,14.20,759410,11333412.00
2011-07-29,14.21,14.29,13.81,13.83,700170,10379126.00
2011-08-01,13.85,14.14,13.61,14.10,764388,11246650.00
2011-08-02,13.97,14.25,13.65,14.21,1126727,16563818.00
2011-08-03,14.22,15.71,14.21,15.22,4325825,69712144.00
2011-08-04,14.91,15.44,14.91,15.29,2429830,39033192.00
2011-08-05,14.80,15.28,14.45,14.96,2163827,33884500.00
2011-08-08,14.76,14.86,13.38,13.80,3050670,45679164.00
2011-08-09,13.36,13.81,12.82,13.56,1428157,20305388.00
2011-08-10,13.90,14.19,13.68,13.81,1316807,19418464.00
2011-08-11,13.50,14.36,13.36,14.32,1371423,20370804.00
2011-08-12,14.48,14.91,14.37,14.76,2004661,31154014.00
2011-08-16,14.90,14.97,14.00,14.07,3908030,59279736.00
2011-08-17,14.20,14.31,13.76,13.87,2946002,43315912.00
2011-08-18,13.88,13.91,13.45,13.50,1845295,26562346.00
2011-08-19,13.20,13.62,13.05,13.50,1061478,14961908.00
2011-08-22,13.48,13.67,13.22,13.38,777418,11089521.00
2011-08-23,13.47,13.90,13.38,13.88,1423402,20561908.00
2011-08-24,13.90,14.30,13.80,13.80,2701019,40198936.00
2011-08-25,13.73,13.95,13.50,13.82,1626074,23586134.00
2011-08-26,13.82,14.18,13.71,14.12,1805626,26773568.00
2011-08-29,14.07,14.51,13.95,14.30,2367518,35671764.00
2011-08-30,14.35,14.44,13.60,13.71,2255323,33686724.00
2011-08-31,13.66,13.83,13.20,13.46,1385288,19723386.00
2011-09-01,13.46,13.65,13.36,13.54,758682,10847578.00
2011-09-02,13.58,13.58,13.15,13.21,792881,11151417.00
2011-09-05,13.17,13.17,12.61,12.61,1207213,16459580.00
2011-09-06,12.57,12.78,12.52,12.59,608097,8164361.00
2011-09-07,12.70,12.97,12.63,12.96,612155,8330556.50
2011-09-08,13.05,13.05,12.70,12.70,619223,8466393.00
2011-09-09,12.60,12.81,12.58,12.64,543776,7322448.50
2011-09-13,12.55,12.55,12.00,12.16,1169152,15121001.00
2011-09-14,12.19,12.40,12.02,12.37,746327,9703758.00
2011-09-15,12.26,12.43,12.26,12.36,623637,8216018.50
2011-09-16,12.44,12.50,12.20,12.22,443809,5839385.00
2011-09-19,12.20,12.20,11.85,11.86,494209,6319932.00
2011-09-20,11.83,12.00,11.74,11.86,509111,6447405.50
2011-09-21,11.90,12.29,11.84,12.20,958691,12415420.00
2011-09-22,12.20,12.33,11.91,11.92,885208,11484871.00
2011-09-23,11.74,11.87,11.53,11.66,896386,11198591.00
2011-09-26,11.49,11.80,11.20,11.33,926232,11379417.00
2011-09-27,11.50,11.50,11.20,11.37,1526215,18449508.00
2011-09-28,11.37,11.46,11.01,11.07,1076358,12990742.00
2011-09-29,10.98,11.05,10.58,10.62,916159,10597827.00
2011-09-30,10.68,10.74,10.40,10.60,701774,7966259.00
2011-10-10,10.72,10.73,10.56,10.59,337595,3857222.75
2011-10-11,10.84,11.05,10.52,10.75,651482,7548595.00
2011-10-12,10.65,11.25,10.55,11.19,1112942,13151758.00
2011-10-13,11.27,11.47,11.14,11.38,1123887,13600904.00
2011-10-14,11.26,11.35,11.11,11.29,756919,9097491.00
2011-10-17,11.40,11.40,11.20,11.36,653014,7892307.00
2011-10-18,11.25,11.30,10.78,10.85,872817,10338613.00
2011-10-19,10.95,10.96,10.70,10.79,414216,4819121.50
2011-10-20,10.70,10.72,10.20,10.34,837377,9373374.00
2011-10-21,10.34,10.35,10.06,10.07,451295,4951179.00
2011-10-24,10.06,10.41,9.83,10.35,973260,10642375.00
2011-10-25,10.35,11.00,10.35,10.93,1613297,18569774.00
2011-10-26,10.84,11.28,10.68,11.10,1843148,21784408.00
2011-10-27,11.12,11.18,10.85,10.93,1030181,12183054.00
2011-10-28,11.07,11.26,10.95,11.21,1319804,15741364.00
2011-10-31,11.15,11.45,11.11,11.39,1301886,15788169.00
2011-11-01,11.35,11.59,11.30,11.59,1681289,20639710.00
2011-11-02,11.42,12.06,11.30,12.02,2377223,29776634.00
2011-11-03,12.00,12.49,11.91,12.07,3968675,51881096.00
2011-11-04,12.16,12.26,11.92,12.06,1497691,19297312.00
2011-11-07,12.10,12.14,11.98,12.07,882316,11340353.00
2011-11-08,12.05,12.26,11.82,11.89,1718599,22165718.00
2011-11-09,11.94,12.20,11.65,12.19,1851496,23625492.00
2011-11-10,12.05,12.79,11.93,12.60,4208943,56064428.00
2011-11-11,12.43,13.28,12.40,12.74,4639071,63186356.00
2011-11-14,12.85,13.20,12.73,13.03,2966040,40914696.00
2011-11-15,13.01,13.04,12.76,13.00,1966993,26918920.00
2011-11-16,13.01,13.15,12.34,12.40,2254178,30534828.00
2011-11-17,12.44,12.71,12.32,12.45,1497338,19898108.00
2011-11-18,12.41,12.41,11.92,11.94,1412201,18213768.00
2011-11-21,11.95,11.95,11.62,11.81,821022,10307997.00
2011-11-22,11.60,11.92,11.60,11.91,737342,9266720.00
2011-11-23,11.97,12.04,11.81,11.83,477160,6068540.50
2011-11-24,11.70,12.18,11.58,12.03,907683,11531785.00
2011-11-25,11.93,12.15,11.70,11.73,578802,7372258.00
2011-11-28,11.78,11.81,11.58,11.64,481953,6004699.00
2011-11-29,11.72,12.18,11.64,12.18,1036045,13189909.00
2011-11-30,12.10,12.10,11.00,11.47,1561360,19212654.00
2011-12-01,11.85,12.04,11.65,11.66,1109866,14010638.00
2011-12-02,11.50,11.50,11.10,11.30,624855,7556263.50
2011-12-05,11.29,11.29,10.52,10.80,610479,7071359.50
2011-12-06,10.53,10.99,10.53,10.99,477481,5543257.00
2011-12-07,10.97,11.01,10.74,10.91,268589,3143552.25
2011-12-08,10.90,11.10,10.61,10.91,440062,5140343.50
2011-12-09,10.70,10.92,10.67,10.89,267016,3096236.75
2011-12-12,10.80,10.92,10.65,10.67,209900,2430705.75
2011-12-13,10.65,10.65,10.22,10.38,450307,5021362.50
2011-12-14,10.25,10.44,10.20,10.37,238500,2657215.50
2011-12-15,10.27,10.37,10.01,10.16,312196,3421966.75
2011-12-16,10.19,10.57,10.16,10.57,509665,5696543.00
2011-12-19,10.29,10.76,10.27,10.70,410321,4633388.50
2011-12-20,10.65,10.78,10.51,10.52,275133,3150927.75
2011-12-21,10.79,10.82,10.20,10.25,448289,5044585.50
2011-12-22,10.20,10.35,9.79,10.20,534815,5816553.00
2011-12-23,10.20,10.47,10.03,10.33,312695,3481914.00
2011-12-26,10.20,10.57,10.20,10.32,151414,1692513.63
2011-12-27,10.25,10.50,9.94,10.12,397842,4341032.00
2011-12-28,10.11,10.17,9.80,9.95,743065,8006759.00
2011-12-29,10.00,10.20,9.76,10.04,247760,2689120.50
2011-12-30,10.17,11.12,10.04,10.80,556866,6223389.00
2012-01-04,10.60,10.71,10.28,10.30,412702,4656116.00
2012-01-05,10.20,10.37,9.76,9.92,517972,5578240.00
2012-01-06,9.31,9.80,9.31,9.79,605789,6314422.50
2012-01-10,10.18,10.54,10.00,10.49,1056969,11788734.00
2012-01-11,10.32,10.60,10.26,10.44,976164,10960795.00
2012-01-12,10.39,10.53,10.32,10.44,529705,5950299.00
2012-01-13,10.52,10.52,9.70,9.88,768560,8280998.50
2012-01-16,9.70,9.70,9.09,9.15,709548,7207525.00
2012-01-17,9.10,9.58,8.96,9.49,789955,8025169.50
2012-01-18,9.50,9.70,8.91,8.98,905644,9204496.00
2012-01-19,9.04,9.25,8.83,9.17,759867,7483930.00
2012-01-20,9.24,9.40,9.16,9.35,851094,8591262.00
2012-01-30,9.35,9.49,9.26,9.33,960183,9780096.00
2012-01-31,9.24,9.32,8.97,9.15,819401,8115130.50
2012-02-01,9.15,9.36,9.09,9.16,443820,4453377.00
2012-02-02,9.15,9.38,9.14,9.33,918871,9199893.00
2012-02-03,9.28,9.69,9.28,9.56,1366087,14050069.00
2012-02-06,9.66,9.76,9.50,9.71,1413315,14774484.00
2012-02-07,9.68,9.68,9.34,9.41,925374,9474769.00
2012-02-08,9.35,9.72,9.32,9.71,865586,8989173.00
2012-02-09,9.78,9.91,9.67,9.80,1255771,13332462.00
2012-02-10,9.77,9.95,9.71,9.80,787767,8373029.00
2012-02-13,9.72,10.02,9.66,9.98,1016446,10883414.00
2012-02-14,9.98,10.03,9.85,9.95,888562,9521838.00
2012-02-15,9.97,10.22,9.85,10.22,1613491,17561950.00
2012-02-16,10.23,10.28,9.99,10.16,1335845,14623607.00
2012-02-17,10.16,10.22,9.89,10.06,905346,9817638.00
2012-02-20,10.24,10.27,10.04,10.07,1162087,12750189.00
2012-02-21,10.07,10.26,9.95,10.24,838391,9145293.00
2012-02-22,10.24,10.58,10.20,10.54,1668475,18768186.00
2012-02-23,10.53,10.65,10.41,10.60,2122679,24076454.00
2012-02-24,10.63,10.92,10.63,10.81,2058187,23841864.00
2012-02-27,10.78,10.98,10.65,10.66,2031210,23423482.00
2012-02-28,10.66,10.69,10.37,10.49,1484998,16782250.00
2012-02-29,10.60,10.75,10.31,10.50,1024263,11621177.00
2012-03-01,10.56,10.65,10.45,10.59,641974,7287133.50
2012-03-02,10.62,10.85,10.58,10.83,1528073,17592244.00
2012-03-05,10.80,10.89,10.60,10.65,2043127,23485724.00
2012-03-06,10.60,10.64,10.34,10.42,951619,10682046.00
2012-03-07,10.28,10.46,10.26,10.35,789328,8806533.00
2012-03-08,10.35,10.72,10.35,10.72,1353830,15383400.00
2012-03-09,10.78,10.86,10.64,10.86,1432132,16609172.00
2012-03-12,10.86,11.00,10.64,10.94,2079778,24167000.00
2012-03-13,10.90,10.99,10.82,10.93,1250978,14661850.00
2012-03-14,11.00,11.14,10.31,10.39,2213588,25769854.00
2012-03-15,10.36,10.47,10.02,10.17,994289,10959908.00
2012-03-16,10.15,10.55,10.15,10.54,857111,9540837.00
2012-03-19,10.54,10.69,10.45,10.67,759005,8638577.00
2012-03-20,10.61,10.74,10.15,10.35,1014302,11281541.00
2012-03-21,10.31,10.40,10.02,10.21,767770,8438712.00
2012-03-22,10.21,10.35,10.15,10.27,450700,4975399.00
2012-03-23,10.20,10.25,9.91,10.06,867050,9429911.00
2012-03-27,10.08,10.17,9.85,9.90,839726,9088792.00
2012-03-28,9.90,9.90,9.28,9.43,972890,10024029.00
2012-03-29,9.28,9.38,9.03,9.10,1102993,10993278.00
2012-03-30,9.20,9.20,8.91,9.06,638654,6296462.00
2012-04-05,9.06,9.38,9.02,9.35,1268510,12777979.00
2012-04-06,9.35,9.44,9.27,9.35,529489,5377584.00
2012-04-09,9.33,9.43,9.18,9.28,471867,4787340.00
2012-04-10,9.21,9.48,9.08,9.44,553506,5558741.50
2012-04-11,9.44,9.60,9.15,9.50,1002973,10328284.00
2012-04-12,9.50,9.72,9.45,9.70,1026335,10694282.00
2012-04-13,9.79,9.83,9.62,9.70,918591,9659240.00
2012-04-16,9.51,9.70,9.51,9.67,491517,5113726.00
2012-04-17,9.60,9.67,9.51,9.60,573716,5951515.50
2012-04-18,9.70,9.83,9.56,9.78,766443,8057990.00
2012-04-19,9.78,10.00,9.73,9.95,1005506,10722716.00
2012-04-20,9.90,9.98,9.83,9.93,677109,7244309.00
2012-04-24,9.52,9.58,9.11,9.47,1639714,16662205.00
2012-04-25,9.46,9.61,9.28,9.56,764089,7814901.00
2012-04-26,9.59,9.70,9.49,9.65,869531,9071453.00
2012-04-27,9.75,9.75,9.59,9.72,727149,7604397.00
2012-05-02,9.88,10.00,9.76,9.89,1362041,14571536.00
2012-05-03,9.90,10.18,9.81,10.17,911470,9832431.00
2012-05-04,10.16,10.20,10.00,10.12,931367,10142775.00
2012-05-07,10.08,10.26,10.01,10.26,872116,9516763.00
2012-05-08,10.26,10.26,10.07,10.16,771970,8457932.00
2012-05-09,10.08,10.08,9.80,9.87,719121,7689624.50
2012-05-10,9.95,10.00,9.84,9.90,350149,3760028.75
2012-05-11,9.90,10.05,9.81,9.81,516122,5537138.50
2012-05-14,9.95,9.95,9.67,9.70,495799,5249853.50
2012-05-15,9.63,9.65,9.46,9.63,491954,5086529.00
2012-05-16,9.59,9.64,9.50,9.59,257109,2668000.75
2012-05-17,9.59,9.77,9.55,9.73,620537,6495934.00
2012-05-18,9.70,9.70,9.38,9.44,496337,5135863.00
2012-05-21,9.48,9.60,9.35,9.52,682611,6964586.50
2012-05-22,9.60,9.75,9.55,9.68,375839,3890358.75
2012-05-23,9.66,9.72,9.46,9.57,275851,2830949.25
2012-05-24,9.51,9.63,9.41,9.47,341521,3495299.50
2012-05-25,9.52,9.54,9.37,9.50,324332,3301875.75
2012-05-28,9.49,9.60,9.23,9.60,425563,4320889.00
2012-05-29,9.64,9.95,9.58,9.93,1115686,11733431.00
2012-05-30,9.93,9.95,9.82,9.95,626755,6642580.50
2012-05-31,9.91,10.06,9.79,10.05,745752,7951121.50
2012-06-01,10.05,10.06,9.86,9.99,631516,6723433.00
2012-06-04,9.74,9.82,9.61,9.69,491000,5106602.00
2012-06-05,9.53,9.67,9.51,9.64,393901,4043395.25
2012-06-06,9.61,9.65,9.51,9.59,172018,1765538.63
2012-06-07,9.69,9.75,9.42,9.59,556202,5707896.50
2012-06-08,9.61,9.69,9.46,9.47,493709,5084699.00
2012-06-11,9.51,9.70,9.44,9.65,322826,3318925.25
2012-06-12,9.59,9.63,9.47,9.60,437906,4488917.00
2012-06-13,9.59,9.75,9.58,9.70,761115,7884627.00
2012-06-14,9.61,9.71,9.57,9.60,477529,4938961.50
2012-06-15,9.60,9.69,9.49,9.62,353830,3636533.75
2012-06-18,9.65,9.78,9.62,9.77,646099,6728298.00
2012-06-19,9.79,9.95,9.76,9.94,1435995,15167769.00
2012-06-20,10.10,10.28,9.91,9.96,1695393,18346436.00
2012-06-21,9.85,9.87,9.56,9.71,974828,10110607.00
2012-06-25,9.61,9.74,9.45,9.47,345800,3545571.50
2012-06-26,9.33,9.46,9.27,9.40,538949,5414436.50
2012-06-27,9.37,9.51,9.32,9.37,309255,3132653.00
2012-06-28,9.46,9.46,9.28,9.28,319348,3210639.00
2012-06-29,9.28,9.43,9.17,9.39,409388,4096964.00
2012-07-02,9.42,9.50,9.40,9.47,314180,3189680.50
2012-07-03,9.47,9.67,9.37,9.56,575621,5901075.00
2012-07-04,9.62,9.62,9.39,9.40,473100,4809173.00
2012-07-05,9.40,9.40,9.02,9.12,695599,6847203.00
2012-07-06,9.12,9.23,8.92,9.20,493717,4827812.50
2012-07-09,9.20,9.20,8.63,8.78,535810,5175637.50
2012-07-10,8.66,8.79,8.62,8.66,248751,2334292.00
2012-07-11,8.75,8.77,8.62,8.65,207507,1945606.38
2012-07-12,8.75,8.75,8.56,8.70,610101,5694567.50
2012-07-13,8.70,8.74,8.56,8.63,295641,2753101.50
2012-07-16,8.52,8.55,7.70,7.70,1210400,10475570.00
2012-07-17,7.70,7.75,7.42,7.54,1687095,13881724.00
2012-07-18,7.46,7.63,7.42,7.60,591231,4852234.00
2012-07-19,7.60,7.78,7.55,7.66,860521,7231764.50
2012-07-20,7.57,7.69,7.50,7.57,492805,4084323.50
2012-07-23,7.47,7.56,7.36,7.48,724098,5880013.50
2012-07-24,7.48,7.65,7.38,7.55,424182,3489481.75
2012-07-25,7.56,7.65,7.45,7.50,390685,3222285.25
2012-07-26,7.53,7.55,7.39,7.40,591777,4820278.00
2012-07-27,7.50,7.50,7.37,7.41,329610,2671773.75
2012-07-30,7.45,7.49,7.16,7.28,626901,5002606.50
2012-07-31,7.25,7.25,7.06,7.12,377852,2959021.75
2012-08-01,7.08,7.30,7.08,7.28,495674,3934019.25
2012-08-02,7.23,7.35,7.18,7.29,306136,2437994.00
2012-08-03,7.30,7.42,7.20,7.42,480491,3859150.25
2012-08-06,7.31,7.58,7.31,7.55,679789,5551650.50
2012-08-07,7.55,7.68,7.50,7.62,895661,7445602.00
2012-08-08,7.59,7.61,7.45,7.51,505633,4165329.00
2012-08-09,7.51,7.69,7.46,7.66,519128,4302180.00
2012-08-10,7.60,7.72,7.57,7.62,535424,4466340.50
2012-08-13,7.63,7.63,7.40,7.45,640676,5255071.50
2012-08-14,7.40,7.48,7.12,7.45,819098,6565849.00
2012-08-15,7.40,7.43,7.28,7.34,445237,3572523.00
2012-08-16,7.24,7.37,7.24,7.33,184502,1479150.25
2012-08-17,7.33,7.40,7.30,7.38,270699,2180576.50
2012-08-20,7.26,7.43,7.26,7.40,413680,3317041.00
2012-08-21,7.42,7.63,7.34,7.57,1048074,8649356.00
2012-08-22,7.60,7.68,7.50,7.54,772148,6412984.00
2012-08-23,7.52,7.79,7.52,7.78,1457143,12180341.00
2012-08-24,7.71,7.90,7.51,7.62,1157088,9735945.00
2012-08-27,7.53,7.60,7.35,7.49,597522,4865315.00
2012-08-28,7.48,7.62,7.37,7.50,558568,4574542.00
2012-08-29,7.50,7.76,7.47,7.63,1201302,10007938.00
2012-08-30,7.61,7.67,7.13,7.35,1098149,8926143.00
2012-08-31,7.35,7.42,7.21,7.38,308739,2476558.75
2012-09-03,7.34,7.49,7.31,7.42,555652,4515269.50
2012-09-04,7.42,7.54,7.36,7.41,685081,5590133.50
2012-09-05,7.41,7.79,7.40,7.74,1815786,15179083.00
2012-09-06,7.71,7.78,7.62,7.78,1460240,12257668.00
2012-09-07,7.86,8.10,7.80,7.97,2694021,23348908.00
2012-09-10,7.93,8.19,7.93,8.06,1781564,15671945.00
2012-09-11,8.07,8.09,7.90,8.00,1275084,11044085.00
2012-09-12,8.02,8.08,7.86,8.04,836789,7253343.00
2012-09-13,7.99,8.04,7.88,7.89,714689,6182236.00
2012-09-14,8.04,8.06,7.75,7.82,875981,7481086.00
2012-09-17,7.91,7.91,7.45,7.60,726202,6064932.00
2012-09-18,7.58,7.60,7.48,7.58,562336,4636139.50
2012-09-19,7.59,7.64,7.53,7.58,383578,3184088.25
2012-09-20,7.53,7.55,7.26,7.26,589049,4762120.00
2012-09-21,7.26,7.35,7.10,7.20,396611,3155380.50
2012-09-24,7.11,7.35,7.10,7.25,294924,2327604.50
2012-09-25,7.28,7.30,7.17,7.27,250221,1989118.50
2012-09-26,7.20,7.25,6.93,6.95,509468,3952132.00
2012-09-27,6.95,7.27,6.91,7.11,611336,4745328.00
2012-09-28,7.09,7.34,7.05,7.29,1071178,8497657.00
2012-10-08,7.25,7.32,7.10,7.19,421509,3329643.25
2012-10-09,7.25,7.41,7.20,7.38,1018507,8194679.00
2012-10-10,7.31,7.50,7.30,7.47,634911,5171550.00
2012-10-11,7.48,7.49,7.28,7.31,840958,6780054.00
2012-10-12,7.34,7.44,7.21,7.28,395299,3154504.00
2012-10-15,7.24,7.27,6.99,7.06,567123,4408198.00
2012-10-16,7.08,7.19,7.02,7.11,315900,2465222.00
2012-10-17,7.14,7.19,7.06,7.13,308341,2414180.75
2012-10-18,7.13,7.33,7.13,7.26,550547,4368843.00
2012-10-19,7.28,7.33,7.26,7.30,373821,2989792.25
2012-10-22,7.23,7.36,7.20,7.32,620206,4955426.00
2012-10-23,7.31,7.39,7.28,7.30,760050,6097457.00
2012-10-24,7.35,7.67,7.30,7.41,2309598,18966782.00
2012-10-25,7.41,7.45,7.31,7.33,1052199,8498999.00
2012-10-26,7.26,7.35,6.86,6.88,1606529,12398596.00
2012-10-29,6.88,6.96,6.85,6.89,525280,3993640.75
2012-10-30,6.95,6.98,6.78,6.84,952570,7198271.50
2012-10-31,6.84,6.86,6.78,6.86,331499,2494710.50
2012-11-01,6.86,6.98,6.83,6.95,814094,6216177.50
2012-11-02,6.98,6.98,6.88,6.91,869342,6620615.50
2012-11-05,6.90,6.95,6.86,6.93,397888,3029900.75
2012-11-06,6.93,7.10,6.89,7.10,1285743,9877215.00
2012-11-07,7.03,7.07,6.96,7.02,623605,4821800.50
2012-11-08,6.98,6.98,6.78,6.79,692900,5240878.00
2012-11-09,6.76,6.83,6.67,6.67,837525,6225687.00
2012-11-12,6.75,6.75,6.67,6.73,280608,2076252.00
2012-11-13,6.71,6.71,6.59,6.59,355723,2608134.25
2012-11-14,6.59,6.71,6.56,6.67,381901,2803066.25
2012-11-15,6.71,6.75,6.49,6.49,407923,2996159.75
2012-11-16,6.50,6.55,6.47,6.54,322000,2322595.00
2012-11-19,6.51,6.68,6.46,6.60,270391,1966994.75
2012-11-20,6.62,6.64,6.48,6.57,301640,2190304.75
2012-11-21,6.63,6.64,6.40,6.56,982559,7070396.00
2012-11-22,6.49,6.55,6.45,6.53,410049,2954513.75
2012-11-23,6.55,6.59,6.45,6.48,513720,3713247.25
2012-11-26,6.48,6.51,6.34,6.34,383600,2724892.00
2012-11-27,6.34,6.38,6.08,6.10,636625,4388830.50
2012-11-28,6.09,6.09,5.96,6.00,528313,3547844.75
2012-11-29,6.00,6.03,5.91,5.92,320539,2139765.25
2012-11-30,5.94,6.03,5.93,5.97,210096,1401598.88
2012-12-03,6.00,6.03,5.73,5.75,243821,1605648.00
2012-12-04,5.80,5.88,5.64,5.88,444636,2865489.75
2012-12-05,5.82,6.22,5.82,6.12,831787,5658672.00
2012-12-06,6.16,6.17,6.05,6.10,265500,1807471.00
2012-12-07,6.12,6.28,6.10,6.25,611092,4221549.00
2012-12-10,6.29,6.35,6.22,6.33,601471,4209973.50
2012-12-11,6.30,6.35,6.24,6.30,491484,3447694.25
2012-12-12,6.23,6.32,6.17,6.22,581476,4037000.00
2012-12-13,6.25,6.32,6.13,6.16,449858,3109100.75
2012-12-14,6.15,6.47,6.15,6.44,1020542,7219719.50
2012-12-17,6.40,6.49,6.40,6.46,500930,3580149.25
2012-12-18,6.38,6.55,6.34,6.39,892073,6370625.00
2012-12-19,6.40,6.47,6.35,6.46,501572,3577816.50
2012-12-20,6.48,6.50,6.37,6.48,512844,3667619.00
2012-12-21,6.48,6.56,6.41,6.52,745235,5365781.50
2012-12-24,6.69,6.98,6.67,6.72,3168213,23792514.00
2012-12-25,6.63,6.88,6.58,6.83,2170934,16183677.00
2012-12-26,6.80,7.20,6.75,7.15,2829215,21733424.00
2012-12-27,7.14,7.17,6.93,6.93,1982708,15305680.00
2012-12-28,6.93,7.15,6.82,7.05,1465516,11294884.00
2012-12-31,7.03,7.28,6.99,7.20,1636431,12876307.00
2013-01-04,7.27,7.27,6.96,7.05,1625348,12604949.00
2013-01-07,7.02,7.13,6.93,7.10,909910,7054146.00
2013-01-08,7.12,7.25,7.02,7.20,1705431,13393452.00
2013-01-09,7.18,7.32,7.12,7.24,1337069,10615097.00
2013-01-10,7.21,7.34,7.13,7.24,1614649,12813605.00
2013-01-11,7.26,7.26,7.02,7.02,1280455,10056358.00
2013-01-14,6.95,7.34,6.95,7.33,2174897,17175610.00
2013-01-15,7.40,7.61,7.33,7.54,2469623,20246342.00
2013-01-16,7.60,7.60,7.28,7.35,2352112,19052498.00
2013-01-17,7.32,7.46,7.24,7.27,1127461,9057680.00
2013-01-18,7.21,7.36,7.12,7.30,1762933,14004490.00
2013-01-21,7.30,7.41,7.23,7.39,1454850,11653239.00
2013-01-22,7.35,7.42,7.18,7.20,1075027,8587830.00
2013-01-23,7.14,7.21,6.97,7.11,1130006,8781600.00
2013-01-24,7.11,7.22,6.81,6.85,1388510,10734402.00
2013-01-25,6.85,6.93,6.81,6.86,483280,3659995.00
2013-01-28,6.86,7.08,6.83,7.06,690478,5285160.00
2013-01-29,7.05,7.23,7.00,7.20,994920,7823905.00
2013-01-30,7.25,7.25,7.06,7.15,732208,5737399.50
2013-01-31,7.14,7.18,7.01,7.12,728557,5659669.00
2013-02-01,7.12,7.34,7.04,7.32,1200585,9485110.00
2013-02-04,7.31,7.46,7.26,7.45,2280839,18405960.00
2013-02-05,7.46,7.79,7.39,7.78,3165085,26378056.00
2013-02-06,7.74,7.93,7.65,7.81,1885902,16054403.00
2013-02-07,7.81,8.01,7.71,8.01,1654855,14244218.00
2013-02-08,8.07,8.07,7.93,8.01,1177320,10258720.00
2013-02-18,8.10,8.22,7.94,8.22,1450781,12800197.00
2013-02-19,8.15,8.28,7.83,7.87,1514908,13329599.00
2013-02-20,7.83,8.07,7.80,7.97,894863,7746420.00
2013-02-21,7.93,7.96,7.67,7.80,1324885,11231919.00
2013-02-22,7.79,7.82,7.70,7.72,563892,4763831.50
2013-02-25,7.84,7.88,7.74,7.85,586014,4993098.50
2013-02-26,7.98,8.57,7.92,8.13,2685377,23913976.00
2013-02-27,8.10,8.39,7.98,8.31,2167890,19279460.00
2013-02-28,8.24,8.39,8.10,8.35,1607930,14407923.00
2013-03-01,8.40,8.66,8.40,8.63,2886276,26667618.00
2013-03-04,8.54,8.66,8.15,8.18,1992001,18112266.00
2013-03-05,8.18,8.28,8.05,8.25,1301577,11544354.00
2013-03-06,8.23,8.39,8.18,8.24,1657548,14859866.00
2013-03-07,8.20,8.20,7.85,7.90,2327430,20227718.00
2013-03-08,7.93,8.10,7.75,7.82,987728,8485153.00
2013-03-11,7.88,8.04,7.86,7.94,1086315,9398700.00
2013-03-12,7.88,7.96,7.36,7.52,1574095,13136524.00
2013-03-13,7.52,7.58,7.37,7.58,626015,5106211.50
2013-03-14,7.58,7.65,7.43,7.48,646102,5324677.50
2013-03-15,7.50,7.70,7.40,7.51,812688,6719140.00
2013-03-18,7.51,7.51,7.40,7.41,318675,2593167.00
2013-03-19,7.41,7.51,7.19,7.25,1042724,8309742.00
2013-03-20,7.28,7.52,7.23,7.52,896196,7258529.00
2013-03-21,7.60,7.78,7.60,7.69,1397936,11747398.00
2013-03-22,7.62,7.77,7.62,7.76,687453,5779397.00
2013-03-25,7.75,7.76,7.41,7.55,1391513,11499660.00
2013-03-26,7.50,7.52,7.28,7.30,1442339,11581644.00
2013-03-27,7.29,7.41,7.25,7.32,617501,4954137.50
2013-03-28,7.30,7.30,6.97,6.98,1245217,9680888.00
2013-03-29,7.00,7.16,6.98,7.08,786555,6120139.00
2013-04-01,7.11,7.16,7.03,7.12,521861,4070232.25
2013-04-02,7.11,7.17,6.95,7.02,639297,4959731.00
2013-04-03,7.05,7.05,6.87,6.97,463001,3534768.50
2013-04-08,6.81,7.05,6.71,7.01,458492,3471690.75
2013-04-09,7.03,7.11,6.96,7.03,445202,3444078.25
2013-04-10,7.05,7.07,6.90,7.03,309905,2386153.75
2013-04-11,7.05,7.11,7.03,7.07,416152,3231081.75
2013-04-12,7.01,7.10,6.82,6.91,358202,2742814.75
2013-04-15,6.83,6.89,6.73,6.74,350331,2629295.50
2013-04-16,6.65,6.91,6.63,6.90,466005,3487779.50
2013-04-17,6.90,6.95,6.85,6.95,224577,1709174.00
2013-04-18,6.94,6.99,6.87,6.99,320024,2444105.75
2013-04-19,6.95,7.14,6.95,7.07,821941,6397557.50
2013-04-22,7.06,7.14,7.01,7.07,585226,4543315.50
2013-04-23,7.07,7.10,6.74,6.76,832784,6318515.50
2013-04-24,6.76,6.96,6.72,6.91,550387,4163636.25
2013-04-25,6.81,7.38,6.81,7.18,3782307,29707960.00
2013-04-26,7.21,7.40,7.15,7.34,4499956,35945676.00
2013-05-02,7.35,7.42,7.17,7.30,3179659,25394332.00
2013-05-03,7.38,7.58,7.30,7.41,3920800,31935424.00
2013-05-06,7.44,7.70,7.41,7.55,3322244,27504604.00
2013-05-07,7.58,7.67,7.47,7.53,2348247,19330600.00
2013-05-08,7.55,7.69,7.48,7.51,3214137,26568962.00
2013-05-09,7.53,7.74,7.41,7.66,3865382,32146740.00
2013-05-10,7.66,8.02,7.64,7.77,4386640,37468872.00
2013-05-13,7.81,7.95,7.71,7.90,2844963,24236084.00
2013-05-14,7.94,8.09,7.77,7.80,3185737,27422106.00
2013-05-15,7.86,8.13,7.75,8.10,4003570,34800888.00
2013-05-16,8.08,8.33,7.90,7.93,5880306,51754592.00
2013-05-17,7.90,8.15,7.81,8.03,3938360,34211624.00
2013-05-20,8.04,8.25,8.02,8.24,3081113,27257582.00
2013-05-21,8.30,8.35,8.12,8.28,3477202,31018728.00
2013-05-22,8.29,8.31,7.97,8.03,3662217,32203990.00
2013-05-23,8.00,8.18,7.94,8.03,2529485,22160946.00
2013-05-24,8.00,8.25,7.98,8.24,2881509,25442180.00
2013-05-27,8.27,8.51,8.21,8.47,3823362,34742968.00
2013-05-28,8.46,8.46,8.18,8.30,3316817,29837204.00
2013-05-29,8.31,8.39,8.20,8.31,1885592,16958606.00
2013-05-30,8.31,8.43,8.25,8.42,1954739,17716904.00
2013-05-31,8.42,8.48,8.30,8.34,1721800,15600169.00
2013-06-03,8.32,8.35,7.91,7.91,2694188,23929464.00
2013-06-04,8.21,8.76,8.12,8.31,6885239,62769500.00
2013-06-05,8.10,8.30,7.96,8.24,2675626,23571098.00
2013-06-06,8.40,8.50,8.10,8.10,1881645,16879012.00
2013-06-07,8.29,8.96,8.13,8.71,16243055,151010784.00
2013-06-13,8.20,8.25,7.79,7.79,10502268,87586104.00
2013-06-14,7.75,7.95,7.57,7.87,6399337,52964472.00
2013-06-17,7.81,7.89,7.63,7.73,3927092,32439404.00
2013-06-18,7.74,7.98,7.71,7.82,3005948,25052090.00
2013-06-19,7.88,7.88,7.68,7.83,3008250,24895924.00
2013-06-20,7.76,7.78,7.53,7.55,2677395,21853736.00
2013-06-21,7.36,7.50,7.10,7.48,2179830,17067938.00
2013-06-24,7.55,7.55,6.87,7.00,2271113,17382964.00
2013-06-25,7.01,7.05,6.46,6.96,2922462,21267594.00
2013-06-26,6.97,7.16,6.87,7.14,2118515,15953952.00
2013-06-27,7.19,7.29,6.86,6.93,2358141,17939762.00
2013-06-28,6.88,7.10,6.65,6.91,1223848,9080635.00
2013-07-01,6.89,7.19,6.80,7.18,1985017,14985837.00
2013-07-02,7.22,7.39,7.14,7.33,2486463,19357668.00
2013-07-03,7.28,7.44,7.08,7.39,2295171,17811864.00
2013-07-04,7.35,7.53,7.22,7.31,1853478,14669674.00
2013-07-05,7.37,7.40,7.15,7.15,1507941,11708119.00
2013-07-08,7.00,7.22,6.81,7.03,1726371,12952800.00
2013-07-09,6.91,7.78,6.91,7.46,4936265,39400240.00
2013-07-10,7.42,7.70,7.32,7.60,2871684,23058166.00
2013-07-11,7.60,7.83,7.51,7.74,3155987,25927626.00
2013-07-12,7.73,7.88,7.55,7.58,3065934,25194866.00
2013-07-15,7.75,8.39,7.71,8.39,6513721,57093556.00
2013-07-16,8.88,9.28,8.85,9.28,17889795,173031456.00
2013-07-17,9.46,9.86,9.28,9.58,20481044,206293248.00
2013-07-18,9.46,9.46,9.12,9.41,15322625,150839760.00
2013-07-19,9.50,9.67,8.95,8.99,15551256,153946080.00
2013-07-22,8.83,9.94,8.81,9.94,16863986,169972832.00
2013-07-23,10.33,10.98,10.05,10.98,25141537,279252736.00
2013-07-24,10.78,11.38,10.68,10.95,14859382,170276896.00
2013-07-25,10.79,10.95,10.05,10.40,11444120,125783280.00
2013-07-26,10.35,11.49,10.35,11.49,16230014,190911408.00
2013-07-29,11.80,12.07,10.83,10.91,16388430,196939888.00
2013-07-30,10.71,12.05,10.71,12.05,20075280,244376864.00
2013-07-31,11.80,11.95,11.40,11.70,11959488,145157536.00
2013-08-01,11.60,12.25,11.46,11.91,11503906,141572624.00
2013-08-02,11.73,12.18,11.00,11.00,19263472,231444512.00
2013-08-05,10.88,11.15,10.76,11.12,11777897,134493120.00
2013-08-06,11.06,11.55,10.92,11.23,11012819,128845000.00
2013-08-07,11.14,11.25,10.40,10.56,11073088,124096472.00
2013-08-08,10.56,10.85,10.45,10.67,6395928,71480080.00
2013-08-09,10.77,10.77,10.08,10.38,7868403,85947880.00
2013-08-12,10.29,10.57,10.21,10.54,6179400,67352072.00
2013-08-13,10.54,10.74,10.38,10.59,6469373,71902032.00
2013-08-14,10.70,10.71,10.30,10.54,5877394,64725132.00
2013-08-15,10.53,10.99,10.45,10.78,9359377,105826400.00
2013-08-16,10.67,11.15,10.10,10.12,9956220,111720472.00
2013-08-19,9.80,10.38,9.66,10.33,5089453,53733552.00
2013-08-20,10.30,10.70,10.16,10.63,6030829,66076840.00
2013-08-21,10.51,10.70,10.47,10.67,5107853,56661704.00
2013-08-22,10.66,10.79,10.50,10.79,5186395,57925308.00
2013-08-23,10.86,10.95,10.13,10.48,5874541,65213216.00
2013-08-26,10.45,10.73,10.23,10.73,4907240,54023744.00
2013-08-27,10.63,10.75,10.38,10.64,4486687,49605044.00
2013-08-28,10.50,10.53,10.03,10.04,6101011,65645856.00
2013-08-29,10.00,10.14,9.81,10.08,3658265,38369088.00
2013-08-30,10.08,10.12,9.43,9.60,4715205,48369020.00
2013-09-02,9.50,9.83,9.50,9.76,2574430,26273550.00
2013-09-03,9.76,10.04,9.60,9.95,2764595,28701292.00
2013-09-04,9.90,9.95,9.74,9.91,2409350,24898592.00
2013-09-05,9.87,10.16,9.75,9.99,3873006,40587136.00
2013-09-06,10.05,10.50,10.03,10.17,6525219,70364576.00
2013-09-09,10.06,10.15,9.81,9.96,3823609,39830592.00
2013-09-10,9.88,10.12,9.75,9.87,3524735,36733720.00
2013-09-11,9.93,10.00,9.52,9.69,2725817,27724810.00
2013-09-12,9.59,9.84,9.52,9.56,3141752,31848932.00
2013-09-13,9.60,9.78,9.45,9.78,3239367,32884994.00
2013-09-16,9.79,9.96,9.68,9.84,2891462,29980120.00
2013-09-17,9.80,9.84,9.49,9.51,2721999,27519848.00
2013-09-18,9.62,9.62,9.31,9.58,1868308,18617748.00
2013-09-23,9.55,9.96,9.55,9.96,3920771,40564808.00
2013-09-24,9.96,10.29,9.90,10.16,4895169,52069504.00
2013-09-25,10.05,10.24,9.90,10.01,3155174,33312348.00
2013-09-26,9.94,10.46,9.88,10.14,5142960,55162268.00
2013-09-27,10.14,10.24,9.87,9.95,2461318,25893398.00
2013-09-30,9.99,10.25,9.95,10.10,2703867,28747362.00
2013-10-08,10.10,10.39,9.96,10.38,3718184,39863668.00
2013-10-09,10.39,10.47,10.20,10.45,4035168,43862076.00
2013-10-10,10.40,10.40,10.00,10.01,3846844,41082420.00
2013-10-11,10.01,10.12,9.85,9.98,3269796,34239024.00
2013-10-14,9.98,10.09,9.75,10.08,3167735,32895374.00
2013-10-15,10.18,10.90,10.18,10.76,11866739,131420568.00
2013-10-16,10.58,10.69,10.10,10.20,5105635,55470128.00
2013-10-17,10.25,10.44,9.98,10.06,3216264,34453404.00
2013-10-18,10.08,11.12,10.01,11.12,12771904,145211904.00
2013-10-21,11.32,11.93,11.19,11.43,13750742,165432160.00
2013-10-22,11.30,11.88,11.05,11.20,8514442,102121728.00
2013-10-23,11.08,11.48,10.50,10.77,6415652,73329080.00
2013-10-24,10.79,10.86,10.35,10.38,4732802,52197424.00
2013-10-25,10.45,10.53,9.52,9.62,5867746,60944356.00
2013-10-28,9.60,9.73,9.30,9.53,3431832,34201072.00
2013-10-29,9.52,9.59,8.68,8.97,4318233,41563796.00
2013-10-30,8.93,9.12,8.75,9.11,2581803,24495612.00
2013-10-31,9.07,9.18,8.85,9.08,2230119,21317826.00
2013-11-01,9.05,9.40,8.94,9.33,2081729,20262772.00
2013-11-04,9.31,9.36,9.05,9.20,1908657,18526554.00
2013-11-05,9.20,9.39,9.05,9.35,1606554,15617816.00
2013-11-06,9.29,9.46,9.20,9.20,2701571,26588670.00
2013-11-07,9.20,9.20,8.91,8.92,1948623,18531762.00
2013-11-08,8.80,8.95,8.70,8.75,1596281,14833849.00
2013-11-11,8.68,8.90,8.68,8.84,1025971,9559323.00
2013-11-12,8.88,9.77,8.80,9.77,5938564,59328200.00
2013-11-13,9.50,9.68,9.33,9.34,3629881,36336040.00
2013-11-14,9.21,10.09,9.21,9.90,5645732,58496172.00
2013-11-15,9.98,10.45,9.86,10.10,5413774,57600696.00
2013-11-18,10.00,10.30,10.00,10.22,4814636,51184688.00
2013-11-19,10.16,10.53,10.11,10.25,3555100,38489800.00
2013-11-20,10.20,10.35,10.06,10.28,2575253,27575146.00
2013-11-21,10.26,10.37,10.02,10.18,2494390,26727904.00
2013-11-22,10.17,10.20,9.92,9.98,1961119,20650324.00
2013-11-25,9.95,10.52,9.94,10.30,4573968,49386012.00
2013-11-26,10.19,10.45,10.08,10.36,2771921,29830846.00
2013-11-27,10.33,10.73,10.26,10.67,4473211,49738928.00
2013-11-28,10.61,10.81,10.53,10.66,3095996,34571444.00
2013-11-29,10.65,11.07,10.60,10.91,3883498,44276480.00
2013-12-02,10.40,10.40,9.77,9.77,5960628,62251720.00
2013-12-03,9.47,9.77,9.00,9.63,4293254,42501112.00
2013-12-04,9.55,9.92,9.43,9.53,4282063,43639324.00
2013-12-05,9.50,9.65,9.46,9.49,2161561,21667116.00
2013-12-06,9.46,9.60,9.45,9.60,1973610,19774906.00
2013-12-09,9.59,9.82,9.59,9.79,2149911,22008926.00
2013-12-10,9.79,9.85,9.60,9.66,1303309,13294168.00
2013-12-11,9.69,9.89,9.64,9.80,2212178,22749024.00
2013-12-12,9.70,9.95,9.70,9.85,1972415,20446854.00
2013-12-13,9.85,10.71,9.74,10.40,5878428,63797264.00
2013-12-16,10.38,10.61,10.19,10.41,4629012,50492332.00
2013-12-17,10.46,11.50,10.38,11.50,11827928,139612992.00
2013-12-18,11.80,11.80,10.89,11.23,13509464,158478912.00
2013-12-19,11.00,11.28,10.59,10.60,7257228,82340808.00
2013-12-20,10.42,11.06,10.40,10.61,7287859,81955280.00
2013-12-23,10.62,10.65,9.81,10.02,4872218,51707212.00
2013-12-24,10.00,10.46,9.92,10.23,4056169,43542748.00
2013-12-25,10.21,10.79,10.02,10.72,6642340,73455704.00
2013-12-26,10.67,11.84,10.55,11.83,22391470,272428320.00
2013-12-27,11.46,12.18,11.29,12.02,22030105,270236288.00
2013-12-30,12.02,13.27,11.89,13.20,22951314,304999392.00
2013-12-31,12.80,12.84,12.01,12.21,15492928,199463040.00
2014-01-02,12.06,12.92,12.06,12.61,13451291,175926144.00
2014-01-03,12.50,12.64,11.83,12.20,10310711,131342208.00
2014-01-06,12.12,12.73,11.91,12.10,9304259,119175536.00
2014-01-07,11.98,12.45,11.50,12.33,7044789,87961872.00
2014-01-08,12.49,13.49,12.49,12.73,14042317,189808064.00
2014-01-09,12.51,13.16,12.17,12.37,9658346,127979440.00
2014-01-10,12.12,12.48,11.68,11.86,5819676,73079768.00
2014-01-13,11.97,12.26,11.81,12.09,4796960,60172220.00
2014-01-14,12.09,13.26,12.06,13.13,10643161,141857712.00
2014-01-15,12.98,13.68,12.80,13.11,11130231,152785872.00
2014-01-16,13.05,13.95,13.04,13.14,11036592,154272112.00
2014-01-17,13.04,13.87,12.88,13.69,9053352,126820304.00
2014-01-20,13.50,13.69,12.88,13.15,6989327,96015040.00
2014-01-21,13.02,13.99,12.90,13.89,9563710,133965176.00
2014-01-22,13.80,14.16,13.43,13.84,9567466,136884720.00
2014-01-23,13.80,13.95,13.58,13.63,9447879,134543984.00
2014-01-24,13.49,13.65,13.20,13.52,8483647,118085536.00
2014-01-27,13.36,13.65,13.11,13.12,8003386,110936472.00
2014-01-28,13.03,13.38,12.63,13.22,6561856,88900776.00
2014-01-29,13.08,13.44,12.93,13.23,5438308,74270456.00
2014-01-30,13.27,13.35,12.68,12.74,4002102,54122676.00
2014-02-07,12.63,13.28,12.50,13.27,3952786,53577284.00
2014-02-10,13.26,13.89,13.22,13.78,8280863,116804160.00
2014-02-11,13.74,14.21,13.32,13.60,8765776,125253568.00
2014-02-12,13.60,13.85,13.20,13.80,7098910,99718072.00
2014-02-13,13.64,13.75,12.80,12.91,6850800,94656552.00
2014-02-14,12.90,13.17,12.52,13.12,4553157,61264460.00
2014-02-17,13.14,13.60,13.11,13.57,5879687,81384112.00
2014-02-18,13.54,13.57,13.15,13.25,4757503,65944148.00
2014-02-19,13.25,13.33,12.81,13.13,3856998,52295436.00
2014-02-20,13.10,13.13,12.50,12.50,4355491,57601584.00
2014-02-21,12.56,12.75,12.20,12.38,3414268,44332852.00
2014-02-24,12.37,12.73,12.29,12.67,2557330,33306168.00
2014-02-25,12.74,13.10,11.51,11.63,6065706,78661800.00
2014-02-26,11.63,11.71,11.27,11.67,3234876,38858984.00
2014-02-27,11.70,11.92,11.40,11.45,3322723,40525552.00
2014-02-28,11.42,11.85,11.32,11.80,2326617,28126114.00
2014-03-03,11.80,12.04,11.70,12.04,2515927,31150514.00
2014-03-04,11.91,11.92,11.60,11.79,1876145,23024568.00
2014-03-05,11.81,12.22,11.81,11.95,2404525,30084700.00
2014-03-06,12.00,12.21,11.65,12.20,2257142,28056802.00
2014-03-07,12.20,12.28,11.89,11.95,1946135,24512240.00
2014-03-10,11.81,11.81,11.29,11.35,1999624,24058516.00
2014-03-11,11.31,11.58,11.30,11.55,1225950,14626790.00
2014-03-12,11.54,11.64,11.22,11.43,1085055,12971177.00
2014-03-13,11.47,11.74,11.38,11.69,1512945,18323296.00
2014-03-14,11.58,11.89,11.55,11.67,1542472,18827206.00
2014-03-17,11.71,12.15,11.68,12.13,2060132,25743688.00
2014-03-18,12.10,12.25,12.04,12.06,1982188,25043200.00
2014-03-19,12.10,12.17,11.96,12.17,1477836,18612124.00
2014-03-20,12.14,12.25,11.50,11.50,2142682,26515384.00
2014-03-21,11.41,12.01,11.37,11.97,1839086,22396842.00
2014-03-24,11.99,12.06,11.83,11.92,1257823,15662023.00
2014-03-25,11.95,12.38,11.81,12.19,3298614,41876124.00
2014-03-26,12.23,12.28,11.97,12.02,2123453,26788578.00
2014-03-27,11.98,12.01,11.43,11.45,2478834,30140204.00
2014-03-28,11.49,11.59,10.82,10.90,2856816,33239254.00
2014-03-31,10.90,11.02,10.69,10.84,1536244,17403776.00
2014-04-01,10.89,11.05,10.84,11.05,1520502,17451564.00
2014-04-02,11.04,11.04,10.70,10.78,1649551,18607942.00
2014-04-03,10.72,10.98,10.72,10.80,1348224,15311659.00
2014-04-04,10.79,11.02,10.72,11.01,1407275,16056617.00
2014-04-08,10.97,11.22,10.88,11.14,1624191,18791152.00
2014-04-09,11.12,11.38,11.12,11.34,1971751,23266984.00
2014-04-10,11.39,11.49,11.28,11.32,1973873,23437200.00
2014-04-11,11.23,11.25,11.01,11.23,1599928,18625314.00
2014-04-14,11.21,11.42,11.16,11.39,1241950,14696782.00
2014-04-15,11.35,11.45,11.24,11.29,1307183,15462369.00
2014-04-16,11.25,11.42,11.14,11.40,1042935,12287625.00
2014-04-17,11.45,11.48,11.31,11.33,1172895,13932004.00
2014-04-18,11.26,11.45,11.26,11.37,1106704,13128542.00
2014-04-21,11.24,11.39,11.00,11.02,1476984,17302176.00
2014-04-22,11.10,11.10,10.68,10.80,1443084,16388697.00
2014-04-23,10.77,10.88,10.75,10.80,777401,8788130.00
2014-04-24,10.80,10.80,10.57,10.69,1143035,12788561.00
2014-04-25,10.68,10.80,10.46,10.49,1134058,12611970.00
2014-04-28,10.46,10.58,10.18,10.20,1661973,18016554.00
2014-04-29,10.20,10.46,10.14,10.43,1033812,11174418.00
2014-04-30,10.43,10.65,10.40,10.63,1428491,15779471.00
2014-05-05,10.62,10.90,10.54,10.90,2372081,26619486.00
2014-05-06,10.82,11.24,10.79,11.19,2664141,30900852.00
2014-05-07,11.10,11.24,11.03,11.07,1648107,19204166.00
2014-05-08,11.10,11.42,11.10,11.15,1989663,23474160.00
2014-05-09,11.14,11.21,10.90,11.09,1056661,12211418.00
2014-05-12,11.18,11.38,11.10,11.24,1453450,17060082.00
2014-05-13,11.24,11.42,11.13,11.20,1119304,13172411.00
2014-05-14,11.13,11.37,11.02,11.31,951115,11121928.00
2014-05-15,11.25,11.30,11.01,11.04,939149,10939103.00
2014-05-16,11.14,11.14,10.69,10.99,1071823,12167376.00
2014-05-19,10.88,11.02,10.87,10.95,413549,4731527.50
2014-05-20,11.08,11.38,11.08,11.31,1620772,19101874.00
2014-05-21,11.20,11.82,11.17,11.78,2758982,33255930.00
2014-05-22,11.70,11.95,11.63,11.63,1981935,24426818.00
2014-05-23,11.73,12.36,11.66,12.28,3760929,46526236.00
2014-05-26,12.41,12.54,12.22,12.46,4025748,51188316.00
2014-05-27,12.42,12.43,12.13,12.32,2134776,26802264.00
2014-05-28,12.32,12.42,12.18,12.34,1949267,24609414.00
2014-05-29,12.43,12.50,11.97,11.98,2041402,25494370.00
2014-05-30,11.93,12.27,11.92,12.21,1675870,20843018.00
2014-06-03,12.22,12.67,12.18,12.21,2670853,33928420.00
2014-06-04,12.13,12.29,11.81,12.16,1470568,18072202.00
2014-06-05,11.98,12.50,11.98,12.48,2529925,31999560.00
2014-06-06,12.55,13.03,12.51,12.65,5722027,74714120.00
2014-06-09,12.54,12.91,12.50,12.53,2650606,34504016.00
2014-06-10,12.51,12.87,12.35,12.75,3148490,40789424.00
2014-06-11,12.79,13.27,12.61,13.27,4875873,64544992.00
2014-06-12,13.50,13.60,12.92,12.93,5495313,74217072.00
2014-06-13,12.80,13.13,12.65,13.06,4059839,53662852.00
2014-06-16,12.99,13.17,12.91,12.97,2520568,33631692.00
2014-06-17,13.00,13.25,12.77,12.94,2594353,34520836.00
2014-06-18,12.94,13.11,12.52,12.57,2671594,34886636.00
2014-06-19,12.51,12.62,11.81,12.00,3155717,39549548.00
2014-06-20,12.00,12.14,11.88,12.09,1704630,21001772.00
2014-06-23,12.14,12.50,12.08,12.46,2388046,30217604.00
2014-06-24,12.39,12.97,12.39,12.65,2498354,32458666.00
2014-06-25,12.61,12.83,12.58,12.70,1746113,22653814.00
2014-06-26,12.89,13.58,12.89,13.40,7523519,102767240.00
2014-06-27,13.26,13.81,13.26,13.66,6400168,88919704.00
2014-06-30,13.60,14.00,13.38,13.95,5411507,75898192.00
2014-07-01,13.95,13.95,13.50,13.61,4640195,64817788.00
2014-07-02,13.60,14.20,13.43,13.72,5637350,79412720.00
2014-07-03,13.59,13.82,13.40,13.49,4013234,55813380.00
2014-07-04,13.56,14.04,13.52,13.56,5190267,72846032.00
2014-07-07,13.60,13.95,13.32,13.95,5691869,79294712.00
2014-07-08,13.88,14.50,13.63,14.32,7233084,104158952.00
2014-07-09,14.25,14.37,13.60,13.66,5567662,79753488.00
2014-07-10,13.61,13.87,13.60,13.70,3016232,42314580.00
2014-07-11,13.57,13.88,13.55,13.69,3176227,44418820.00
2014-07-14,13.58,13.96,13.53,13.94,3172812,44649272.00
2014-07-15,13.85,13.97,13.41,13.54,3793532,52874816.00
2014-07-16,13.40,13.64,13.13,13.18,3055179,41637360.00
2014-07-17,13.15,13.28,13.06,13.25,1834312,24737090.00
2014-07-18,13.27,13.44,13.15,13.26,1488422,20251902.00
2014-07-21,13.20,13.29,12.90,13.11,1444654,19273072.00
2014-07-22,13.06,13.35,13.06,13.31,1829090,24811022.00
2014-07-23,13.30,13.38,12.56,12.71,3182199,41997128.00
2014-07-24,12.68,12.83,12.56,12.81,1704266,22175210.00
2014-07-25,12.83,12.94,12.67,12.81,1857487,24317622.00
2014-07-28,12.81,13.09,12.75,13.05,2039290,26990794.00
2014-07-29,13.07,13.15,12.96,13.06,1987116,26584512.00
2014-07-30,13.09,13.22,13.02,13.13,1883465,25284272.00
2014-07-31,13.07,13.21,13.06,13.21,2026417,27242354.00
2014-08-01,13.21,13.31,12.84,12.87,3111019,41647412.00
2014-08-04,12.99,13.08,12.88,13.03,1228074,16308969.00
2014-08-05,13.05,13.56,13.03,13.50,4334484,59250396.00
2014-08-06,13.50,13.79,13.43,13.78,5199650,72427928.00
2014-08-07,13.79,14.38,13.79,13.89,6730560,96803224.00
2014-08-08,13.88,14.17,13.81,13.96,2928211,41846332.00
2014-08-11,14.00,14.15,13.86,14.00,3001566,42881376.00
2014-08-12,13.97,14.45,13.97,14.30,3668502,53451328.00
2014-08-13,14.19,14.35,13.75,14.19,3684051,52830176.00
2014-08-14,14.17,14.26,13.92,13.92,2480428,35705684.00
2014-08-15,14.00,14.19,13.86,14.10,1828684,26220920.00
2014-08-18,14.11,14.68,14.00,14.61,4252736,62451064.00
2014-08-19,14.63,15.00,14.27,14.48,3644709,54443092.00
2014-08-20,14.43,14.53,14.28,14.41,2669287,39225312.00
2014-08-21,14.48,14.87,14.32,14.84,3562210,52881860.00
2014-08-22,14.86,15.07,14.60,14.83,3790685,57234396.00
2014-08-25,14.72,14.84,14.40,14.40,2903991,43196668.00
2014-08-26,14.45,14.71,14.10,14.11,2627819,38711752.00
2014-08-27,14.12,14.35,14.06,14.15,1638530,23764910.00
2014-08-28,14.20,14.25,14.01,14.06,1501082,21654682.00
2014-08-29,14.06,14.33,13.96,14.33,1550629,22446812.00
2014-09-01,14.40,14.68,14.35,14.68,2790687,41395416.00
2014-09-02,14.69,14.87,14.60,14.82,3343962,50339904.00
2014-09-03,14.79,14.97,14.55,14.84,4386050,66063608.00
2014-09-04,14.86,14.95,14.62,14.89,3572825,54033616.00
2014-09-05,14.89,14.96,14.80,14.89,2410532,36529040.00
2014-09-09,14.98,15.33,14.94,15.14,3525925,54522596.00
2014-09-10,15.04,15.34,14.90,15.14,2637695,40770896.00
2014-09-11,15.14,15.46,14.81,14.91,4202569,64819540.00
2014-09-12,14.85,15.19,14.85,15.19,2382380,36532512.00
2014-09-15,15.29,15.95,15.28,15.89,5498389,87702928.00
2014-09-16,15.80,15.84,14.95,15.09,5106279,80749296.00
2014-09-17,15.09,15.40,14.93,15.40,2847164,44091160.00
2014-09-18,15.30,15.64,15.19,15.50,2818637,44294120.00
2014-09-19,15.50,15.53,15.14,15.45,2459537,38499180.00
2014-09-22,15.41,15.41,14.86,14.86,2762770,42233924.00
2014-09-23,14.86,15.30,14.81,15.30,2691929,41367004.00
2014-09-24,15.18,15.56,15.13,15.45,2738943,43037344.00
2014-09-25,15.41,15.78,15.41,15.46,4653975,73992008.00
2014-09-26,15.31,15.94,15.31,15.92,3431918,54938976.00
2014-09-29,15.95,16.17,15.82,16.10,3873137,63229112.00
2014-09-30,16.05,16.18,15.86,16.00,2275986,37073784.00
2014-10-08,15.88,16.06,15.81,16.03,1998461,32485904.00
2014-10-09,16.03,16.21,15.62,15.84,3388226,54832600.00
2014-10-10,15.84,15.85,15.56,15.80,3253784,52052836.00
2014-10-13,15.63,15.70,15.21,15.61,2554519,40143692.00
2014-10-14,15.57,15.73,15.25,15.31,2614792,41297284.00
2014-10-15,15.38,15.90,15.22,15.84,4034720,63808188.00
2014-10-16,15.71,15.88,15.18,15.18,3023345,48074996.00
2014-10-17,15.15,15.25,14.48,14.72,4798899,72404752.00
2014-10-20,14.75,14.98,14.75,14.93,1697409,25795910.00
2014-10-21,14.98,15.02,14.60,14.69,2033223,30750618.00
2014-10-22,14.72,14.96,14.64,14.68,2012998,30413188.00
2014-10-23,14.69,14.79,14.22,14.48,2375446,35015584.00
2014-10-24,14.32,14.72,14.32,14.62,1713065,25522132.00
2014-10-27,14.67,15.11,14.59,15.05,2777985,42352376.00
2014-10-28,15.06,15.36,14.97,15.34,3535249,54805664.00
2014-10-29,15.35,15.60,15.23,15.48,2809314,44118896.00
2014-10-30,15.49,15.61,15.27,15.38,2720823,42858956.00
2014-10-31,15.39,15.49,15.06,15.28,2855504,44256468.00
2014-11-03,15.31,15.91,15.22,15.86,4552946,72678488.00
2014-11-04,15.94,16.26,15.71,15.88,5314217,86559696.00
2014-11-05,15.76,15.88,15.35,15.69,2264329,36221292.00
2014-11-06,15.80,16.26,15.63,16.26,3884150,63303940.00
2014-11-07,16.45,17.02,16.07,16.07,7091706,120181312.00
2014-11-10,16.11,16.48,16.00,16.21,2642019,43654184.00
2014-11-11,16.30,16.30,15.43,15.66,4746094,76022384.00
2014-11-12,15.53,15.92,15.52,15.72,3527380,56445600.00
2014-11-13,15.65,15.80,15.15,15.15,3663185,57086588.00
2014-11-14,15.06,15.14,14.86,15.06,1823707,27917350.00
2014-11-17,15.10,15.65,14.92,15.53,2314506,36341588.00
2014-11-18,15.50,15.56,15.27,15.42,1674974,26299308.00
2014-11-19,15.46,15.68,15.31,15.65,2236903,35382292.00
2014-11-20,15.52,15.57,15.41,15.51,1614282,25483990.00
2014-11-21,15.52,16.15,15.49,15.92,3119808,50729912.00
2014-11-24,15.96,16.30,15.96,16.01,2865172,46868928.00
2014-11-25,16.03,16.82,15.99,16.63,5243117,88128664.00
2014-11-26,16.65,16.87,16.27,16.57,4237916,71380384.00
2014-11-27,16.60,17.10,16.40,17.10,7237074,123784128.00
2014-11-28,17.10,17.59,16.82,16.92,6883897,120359560.00
2014-12-01,16.71,16.90,16.36,16.51,4343383,73359176.00
2014-12-02,16.38,17.03,16.38,16.79,4148133,70729648.00
2014-12-03,16.75,16.95,16.35,16.86,4677086,79186024.00
2014-12-04,16.82,17.16,16.75,16.85,4035264,69540120.00
2014-12-05,16.95,16.97,15.71,16.14,5303649,87719080.00
2014-12-08,16.06,16.49,15.82,16.05,3867134,63829692.00
2014-12-09,16.03,16.04,15.08,15.08,6967189,110833896.00
2014-12-10,15.08,15.69,14.93,15.60,4745242,74259816.00
2014-12-11,15.52,15.90,15.30,15.73,3046050,48739912.00
2014-12-12,15.74,16.08,15.74,15.98,2938964,47654388.00
2014-12-15,16.03,16.64,16.03,16.45,3479739,58206652.00
2014-12-16,16.49,16.53,16.11,16.41,2983767,49643268.00
2014-12-17,16.36,16.84,16.01,16.81,5487769,92211256.00
2014-12-18,16.70,16.88,16.44,16.54,3377072,57066444.00
2014-12-19,16.57,16.57,15.60,15.88,4024073,65280876.00
2014-12-22,15.89,15.90,14.60,14.65,4693055,71947720.00
2014-12-23,14.84,15.33,14.77,14.90,2722717,41773076.00
2014-12-24,14.94,15.35,14.94,15.22,1990589,30825442.00
2014-12-25,15.28,15.53,15.12,15.31,1753720,27333604.00
2014-12-26,15.35,15.53,15.20,15.35,1757379,27471588.00
2014-12-29,15.35,15.35,14.68,14.91,2901291,44073392.00
2014-12-30,14.80,14.95,14.41,14.55,2412582,36041396.00
2014-12-31,14.65,14.95,14.60,14.72,1594291,24008790.00
2015-01-05,14.69,14.69,14.35,14.60,2302546,34129608.00
2015-01-06,14.60,15.32,14.50,15.16,2892224,44217664.00
2015-01-07,15.15,15.28,14.86,14.99,1791196,27409482.00
2015-01-08,14.99,15.20,14.87,15.00,1751570,26883936.00
2015-01-09,14.90,15.26,14.88,14.88,2259998,34725432.00
2015-01-12,14.85,14.85,14.23,14.23,2174000,32068314.00
2015-01-13,14.23,14.60,14.22,14.52,2411346,35458420.00
2015-01-14,14.52,14.58,14.39,14.48,1768638,26136334.00
2015-01-15,14.47,14.80,14.45,14.64,1557180,23277736.00
2015-01-16,14.65,14.92,14.60,14.88,2432628,36689772.00
2015-01-19,14.66,15.28,14.42,14.54,4306723,65456432.00
2015-01-20,14.61,15.26,14.61,15.26,3567853,54703108.00
2015-01-21,15.35,15.53,15.20,15.50,4201914,65905940.00
2015-01-22,15.44,15.55,15.30,15.53,2492357,39221632.00
2015-01-23,15.55,15.60,15.21,15.28,2158452,33811864.00
2015-01-26,15.25,15.56,15.25,15.50,1799256,28345966.00
2015-01-27,15.51,15.59,15.20,15.49,2836482,44546016.00
2015-01-28,15.45,15.77,15.32,15.67,3772500,59966780.00
2015-01-29,15.51,15.83,15.38,15.59,2610234,41575896.00
2015-01-30,15.67,15.82,15.23,15.23,2220073,35017388.00
2015-02-02,14.95,15.35,14.93,15.16,1388435,21529906.00
2015-02-03,15.16,15.66,15.16,15.57,2304489,36385336.00
2015-02-04,15.72,15.92,15.50,15.66,3810344,61188864.00
2015-02-05,15.81,15.94,15.60,15.70,3095476,49702260.00
2015-02-06,15.78,15.81,15.12,15.20,2436692,38318088.00
2015-02-09,15.13,15.29,14.68,14.71,2556934,38857692.00
2015-02-10,14.71,14.97,14.61,14.95,1788093,27057216.00
2015-02-11,14.95,14.99,14.71,14.76,3114229,47147808.00
2015-02-12,14.85,15.09,14.81,15.07,2272716,34709200.00
2015-02-13,15.09,15.37,15.08,15.28,2751069,42879088.00
2015-02-16,15.30,15.67,15.29,15.66,2414455,38211012.00
2015-02-17,15.72,15.76,15.37,15.55,2175128,34396380.00
2015-02-25,15.51,15.88,15.51,15.80,4221599,67588688.00
2015-02-26,15.75,16.08,15.68,15.93,4222209,68466856.00
2015-02-27,16.00,16.23,15.90,16.14,4219599,69115168.00
2015-03-02,16.21,16.25,16.00,16.20,4421277,72683080.00
2015-03-03,16.00,16.07,15.70,15.72,5489004,88885832.00
2015-03-04,15.78,16.43,15.70,16.40,6892869,113083064.00
2015-03-05,16.40,16.40,16.02,16.27,3594020,59375460.00
2015-03-06,16.27,16.38,15.70,15.81,4517043,73409888.00
2015-03-09,15.82,17.35,15.64,16.99,9520764,162270144.00
2015-03-10,16.98,17.13,16.65,16.87,6250900,107152664.00
2015-03-11,16.78,16.80,16.50,16.63,4376925,74115304.00
2015-03-12,16.70,16.95,16.24,16.42,4417598,74634576.00
2015-03-13,16.50,16.95,16.41,16.88,4439577,75608376.00
2015-03-16,16.90,17.43,16.90,17.30,5506213,96581552.00
2015-03-17,17.41,17.75,17.12,17.44,6663345,117871224.00
2015-03-18,17.40,18.17,17.27,17.94,6724203,121626648.00
2015-03-19,18.10,18.18,17.68,17.96,5557495,101270664.00
2015-03-20,17.80,18.16,17.61,17.98,5344472,97197456.00
2015-03-23,18.15,18.86,18.06,18.86,7635370,144077744.00
2015-03-24,18.25,19.22,17.32,19.03,19200804,355799904.00
2015-03-25,18.71,19.89,18.45,19.52,17133823,335938816.00
2015-03-26,19.28,20.09,18.30,18.83,10780141,210011440.00
2015-03-27,18.71,19.03,18.42,18.73,5585117,106020704.00
2015-03-30,18.72,18.83,18.06,18.38,7313265,136917504.00
2015-03-31,18.37,18.67,18.22,18.38,5442119,102201776.00
2015-04-01,18.32,18.89,18.30,18.80,5436750,102982800.00
2015-04-02,18.86,19.29,18.60,19.05,7444784,143561344.00
2015-04-03,18.90,19.48,18.76,19.47,8208734,160856192.00
2015-04-07,19.98,20.65,19.91,20.09,8049557,164792880.00
2015-04-08,20.09,20.21,18.70,19.28,8004334,157991984.00
2015-04-09,19.10,19.98,18.22,19.80,7638428,147565408.00
2015-04-10,19.40,21.70,19.40,21.54,11536350,244800896.00
2015-04-13,21.71,21.89,20.73,21.60,8117501,176153712.00
2015-04-14,21.52,21.69,20.85,21.30,5514716,118634160.00
2015-04-15,21.30,21.58,20.04,20.30,6378247,134098376.00
2015-04-16,19.80,20.89,19.56,20.45,4268761,87870320.00
2015-04-17,20.42,20.67,19.89,20.28,5950978,121473128.00
2015-04-20,20.20,20.20,18.98,19.03,4783587,95408920.00
2015-04-21,19.03,19.90,19.03,19.90,4279400,85106000.00
2015-04-22,19.90,20.32,19.90,20.14,4826800,98751784.00
2015-04-23,20.28,20.85,20.00,20.26,6244969,129481104.00
2015-04-24,19.98,20.34,19.50,20.12,5163701,104542800.00
2015-04-27,20.30,20.85,20.09,20.23,5789956,119900384.00
2015-04-28,20.23,20.45,19.35,19.70,5135250,104035960.00
2015-04-29,19.61,20.54,19.52,20.50,5610040,115326160.00
2015-04-30,20.81,21.20,20.28,20.36,6916577,145871120.00
2015-05-04,20.45,21.39,20.45,21.28,6845437,146125280.00
2015-05-05,21.39,22.19,20.70,21.38,8792218,191641600.00
2015-05-06,21.69,23.16,21.20,22.06,9544119,215612400.00
2015-05-07,21.70,22.05,20.12,20.27,6849538,145049888.00
2015-05-08,20.51,21.78,20.41,21.70,6986163,149581168.00
2015-05-11,21.81,23.41,21.81,22.86,10807318,249149920.00
2015-05-12,22.70,23.31,22.20,23.14,9491791,219387984.00
2015-05-13,22.20,22.95,22.14,22.50,6673697,152441824.00
2015-05-14,22.45,23.95,22.23,23.54,7529781,177658032.00
2015-05-19,25.90,25.92,23.88,25.92,12866412,326859104.00
2015-05-20,26.68,28.54,26.68,28.54,5246430,149594816.00
2015-05-21,29.95,31.32,28.88,30.15,14816173,449194976.00
2015-05-22,30.70,33.20,27.80,32.01,14095018,430053632.00
2015-05-25,32.68,35.15,30.75,34.59,12922747,440036224.00
2015-05-26,33.73,37.13,33.70,35.65,10401794,373530432.00
2015-05-27,35.20,35.56,34.19,34.38,10046744,351708704.00
2015-05-28,34.66,35.50,31.01,31.10,9768765,331111616.00
2015-05-29,31.69,34.04,29.92,32.90,10647397,347390016.00
2015-06-01,32.24,36.00,32.20,35.53,10453492,362145760.00
2015-06-02,35.45,38.30,34.82,37.97,9355286,351289440.00
2015-06-03,38.03,38.20,35.20,36.70,7409328,276494976.00
2015-06-04,36.15,36.50,33.00,35.60,7394817,256740816.00
2015-06-05,35.80,36.24,33.72,34.53,7039786,249164448.00
2015-06-08,34.13,34.21,31.88,32.71,5960102,197306960.00
2015-06-09,33.00,35.14,32.50,34.17,7772000,267075104.00
2015-06-10,33.85,37.62,33.70,37.62,8193168,301090784.00
2015-06-11,37.92,40.85,37.92,38.70,9084311,359391040.00
2015-06-12,38.66,40.55,37.88,39.90,6954665,273543712.00
2015-06-15,40.00,41.50,38.60,38.91,7000430,282095840.00
2015-06-16,37.30,37.63,35.20,35.83,8204538,298323872.00
2015-06-17,35.92,37.79,33.39,37.10,6761937,239911808.00
2015-06-18,36.50,36.90,33.80,33.90,5009228,178023744.00
2015-06-19,32.90,33.30,30.51,30.51,4365231,139579200.00
2015-06-23,29.98,32.50,27.76,32.47,6629953,199978976.00
2015-06-24,32.52,33.58,31.21,32.28,5700946,184995632.00
2015-06-25,32.80,33.79,30.00,30.60,6100602,198273552.00
2015-06-26,29.60,29.69,27.54,27.54,5355389,151689376.00
2015-06-29,28.54,28.90,24.79,24.79,6263104,161401824.00
2015-06-30,23.79,26.88,22.31,26.86,7361515,180334544.00
2015-07-01,26.66,28.40,24.17,24.82,7183777,194072880.00
2015-07-02,24.33,25.48,22.34,22.34,8073247,189097728.00
2015-07-03,21.69,23.63,20.11,20.21,7583577,160648944.00
2015-07-06,22.23,22.23,18.19,18.84,9696574,193442688.00
2015-08-06,20.72,20.72,20.72,20.72,314896,6524645.00
2015-08-07,22.79,22.79,22.79,22.79,2778421,63320216.00
2015-08-10,24.20,25.07,23.80,25.07,12576565,306698848.00
2015-08-11,24.90,24.90,24.00,24.47,11856389,291149536.00
2015-08-12,24.02,24.99,23.88,24.00,8153965,199247184.00
2015-08-13,23.71,24.40,23.40,24.28,7287543,174001008.00
2015-08-14,24.45,24.57,24.01,24.07,6599472,160002768.00
2015-08-17,23.81,23.95,23.10,23.64,5493448,129132688.00
2015-08-18,23.78,24.50,21.28,21.51,10084970,237191104.00
2015-08-19,20.88,22.58,19.56,22.09,7536914,157866720.00
2015-08-20,21.57,22.12,20.76,20.84,4537512,97929256.00
2015-08-21,20.10,20.72,19.02,19.03,4897235,97236624.00
2015-08-24,18.00,18.34,17.13,17.13,3218867,55879888.00
2015-08-25,15.42,15.85,15.42,15.42,4586633,70946600.00
2015-08-26,15.50,16.59,15.03,15.49,8908961,140989552.00
2015-08-27,16.11,16.40,15.20,16.40,6274978,100090104.00
2015-08-28,16.73,17.98,16.60,17.86,7783413,132616536.00
2015-08-31,17.60,17.60,16.50,16.73,5937964,100857624.00
2015-09-01,16.20,16.55,15.06,15.06,4959834,78098720.00
2015-09-02,14.11,16.00,14.05,14.59,5238188,78617240.00
2015-09-07,14.70,15.88,14.70,15.40,4976599,76769232.00
2015-09-08,15.20,16.83,15.19,16.75,4872479,77499984.00
2015-09-09,16.96,17.78,16.82,17.63,7586188,131693064.00
2015-09-10,17.23,17.44,16.90,16.92,5114799,88117352.00
2015-09-11,16.88,17.46,16.88,17.39,4437210,76463520.00
2015-09-14,17.50,17.50,15.65,15.65,5938857,96392920.00
2015-09-15,15.12,15.90,14.69,15.00,4264952,65285844.00
2015-09-16,15.25,16.50,15.00,16.50,4969202,78117256.00
2015-09-17,16.49,17.40,16.10,16.38,7617921,128101832.00
2015-09-22,19.29,19.29,19.29,19.29,0,0.00
数据来源:通达信
