300462 华铭智能 日线 前复权
      日期	    开盘	    最高	    最低	    收盘	    成交量	    成交额
2015-05-27,18.81,20.52,18.81,20.52,4200,85329.00
2015-05-28,22.57,22.57,22.57,22.57,4800,108336.00
2015-05-29,24.83,24.83,24.83,24.83,3000,74490.00
2015-06-01,27.31,27.31,27.31,27.31,600,16386.00
2015-06-02,30.04,30.04,30.04,30.04,2000,60080.00
2015-06-03,33.04,33.04,33.04,33.04,1500,49560.00
2015-06-04,36.34,36.34,36.34,36.34,6200,225308.00
2015-06-05,39.97,39.97,39.97,39.97,3000,119910.00
2015-06-08,43.97,43.97,43.97,43.97,3400,149498.00
2015-06-09,48.37,48.37,48.37,48.37,9000,435330.00
2015-06-10,53.21,53.21,53.21,53.21,4200,223482.00
2015-06-11,58.53,58.53,58.53,58.53,3300,193149.00
2015-06-12,64.38,64.38,64.38,64.38,11000,708180.00
2015-06-15,70.82,70.82,70.82,70.82,34000,2407880.00
2015-06-16,77.90,77.90,77.90,77.90,103328,8049251.00
2015-06-17,85.69,85.69,75.05,78.90,9368203,755267520.00
2015-06-18,73.11,75.50,71.01,71.01,5630666,409149536.00
2015-06-19,65.50,71.50,64.41,64.41,4151965,276867392.00
2015-06-23,66.00,70.85,64.68,70.85,4247066,295215936.00
2015-06-24,75.99,76.49,66.28,68.36,5640238,401125888.00
2015-06-25,66.85,71.99,65.98,66.50,3133827,215261248.00
2015-06-26,63.90,63.90,59.85,59.85,2028435,125033736.00
2015-06-29,59.49,60.44,53.87,53.87,2587673,142421568.00
2015-06-30,51.00,58.25,48.48,56.38,3164620,166661344.00
2015-07-01,54.00,59.82,50.80,52.00,2821695,159880336.00
2015-07-02,52.00,53.00,47.36,48.00,2232424,112321944.00
2015-07-03,46.60,51.68,43.66,46.70,2343563,111634664.00
2015-07-06,51.37,51.37,43.52,47.18,2440392,118832952.00
2015-07-07,44.00,45.38,42.46,42.46,1153419,50053452.00
2015-07-08,38.21,39.80,38.21,38.21,2467816,94753296.00
2015-07-09,38.40,42.03,38.38,42.03,1984342,81693520.00
2015-07-10,46.23,46.23,45.00,46.23,604256,27886282.00
2015-07-13,50.85,50.85,50.00,50.85,1736661,88263952.00
2015-07-14,52.81,55.94,52.25,55.70,5109668,279314240.00
2015-07-15,51.71,52.60,50.13,50.13,2232300,112937128.00
2015-07-16,45.12,51.99,45.12,47.30,3256119,156503568.00
2015-07-17,47.75,50.67,46.38,49.00,3418323,165457296.00
2015-07-20,48.95,50.82,47.80,48.95,3084503,151495456.00
2015-07-21,47.92,52.66,47.00,52.59,3557051,177172192.00
2015-07-22,51.60,52.58,50.00,51.90,2855764,147055424.00
2015-07-23,51.89,57.09,51.60,57.09,3441443,188117872.00
2015-07-24,61.80,61.90,55.82,56.55,5839862,346178176.00
2015-07-27,54.01,57.53,50.90,50.90,3776818,203700176.00
2015-07-28,46.40,51.42,46.03,47.30,2471017,118619584.00
2015-07-29,49.00,52.03,47.35,52.03,2592879,128019768.00
2015-07-30,53.60,57.23,52.50,54.36,4736655,263799808.00
2015-07-31,53.90,59.80,52.72,59.80,5975450,350691360.00
2015-08-03,60.00,62.95,56.01,62.00,7086188,424358144.00
2015-08-04,60.13,61.88,55.80,59.00,5703317,329982048.00
2015-08-05,57.00,64.00,56.50,60.70,4842587,294079264.00
2015-08-06,58.99,60.69,54.78,56.88,4022323,229618176.00
2015-08-07,57.00,58.60,56.08,57.61,2566636,147612816.00
2015-08-10,58.38,61.20,57.14,60.55,3405186,202621744.00
2015-08-11,61.99,66.61,61.98,66.61,3594725,234090288.00
2015-08-12,66.80,67.89,61.48,61.62,4748738,306158496.00
2015-08-13,60.00,62.58,58.50,62.09,2696903,164065648.00
2015-08-14,65.68,66.61,62.68,62.83,3360777,216079312.00
2015-08-17,61.00,61.79,59.00,59.51,2100980,126416448.00
2015-08-18,60.08,62.00,53.56,53.85,2532029,146528656.00
2015-08-19,53.50,56.45,49.81,55.49,1975314,106165104.00
2015-08-20,54.00,58.82,53.50,55.72,2325656,133064544.00
2015-08-21,54.00,54.50,50.15,50.15,1928204,101341560.00
2015-08-24,47.39,47.70,45.14,45.14,1361462,62208252.00
2015-08-25,40.99,46.59,40.63,40.63,2477460,103784936.00
2015-08-26,41.47,44.65,39.81,41.85,2707125,115424056.00
2015-08-27,43.51,44.00,40.69,43.48,1831989,78456432.00
2015-08-28,44.00,46.46,43.00,46.30,2025294,90140512.00
2015-08-31,45.05,45.80,41.67,41.71,1429689,62799944.00
2015-09-01,41.81,45.88,40.05,44.08,3266058,143913104.00
2015-09-02,40.40,44.57,39.67,39.67,2801999,116039016.00
2015-09-07,41.50,43.57,41.00,41.65,1643108,69035592.00
2015-09-08,40.70,45.82,40.48,45.82,3182844,142920336.00
2015-09-09,47.80,50.39,46.20,48.81,3819826,183587424.00
2015-09-10,47.30,48.46,46.70,46.97,2153465,102171488.00
2015-09-11,46.10,48.00,46.10,47.87,1587756,75306888.00
2015-09-14,47.50,47.85,43.08,43.08,1606480,72211096.00
2015-09-15,41.98,42.33,38.77,39.12,1656007,66966548.00
2015-09-16,39.91,43.03,39.00,43.03,1496866,61803612.00
2015-09-17,43.20,46.96,42.71,43.73,2272659,101613760.00
2015-09-22,50.36,50.36,50.36,50.36,0,0.00
数据来源:通达信
