300477 合纵科技 日线 前复权
      日期	    开盘	    最高	    最低	    收盘	    成交量	    成交额
2015-06-10,12.73,15.28,12.73,15.28,6400,96892.00
2015-06-11,16.81,16.81,16.81,16.81,1500,25215.00
2015-06-12,18.49,18.49,18.49,18.49,1900,35131.00
2015-06-15,20.34,20.34,20.34,20.34,2200,44748.00
2015-06-16,22.37,22.37,22.37,22.37,1700,38029.00
2015-06-17,24.61,24.61,24.61,24.61,3900,95979.00
2015-06-18,27.07,27.07,27.07,27.07,5600,151592.00
2015-06-19,29.78,29.78,29.78,29.78,74825,2228288.50
2015-06-23,32.76,32.76,32.76,32.76,14900,488124.00
2015-06-24,36.04,36.04,36.04,36.04,5200,187408.00
2015-06-25,39.64,39.64,39.64,39.64,12800,507392.00
2015-06-26,43.60,43.60,42.16,43.60,4834185,210697760.00
2015-06-29,42.00,42.00,39.24,39.24,1499909,59916800.00
2015-06-30,35.32,42.60,35.32,39.57,11068743,405779648.00
2015-07-01,35.61,42.85,35.61,36.40,11455344,445280544.00
2015-07-02,34.06,35.36,32.76,32.76,5963620,200975456.00
2015-07-03,30.82,32.89,29.48,29.48,5269296,159253792.00
2015-07-06,32.43,32.43,26.54,28.43,6246635,189184336.00
2015-07-07,27.13,27.45,25.59,25.59,2566800,66895540.00
2015-07-08,23.03,24.78,23.03,23.03,6249815,145808560.00
2015-07-09,23.50,25.33,23.50,25.33,2225942,55007732.00
2015-07-10,27.86,27.86,27.86,27.86,329000,9165940.00
2015-07-13,30.65,30.65,30.65,30.65,721610,22117346.00
2015-07-14,33.00,33.72,32.10,33.72,4678545,156475712.00
2015-07-15,34.00,35.40,30.35,30.64,8671532,286794528.00
2015-07-16,28.50,33.50,27.81,32.41,5701448,178047600.00
2015-07-17,32.20,35.65,31.61,35.65,4623380,158655040.00
2015-07-20,36.70,37.48,34.30,36.30,6255924,224599696.00
2015-07-21,35.25,38.80,34.81,38.00,4797521,177034608.00
2015-07-22,37.21,39.00,36.18,37.76,4433625,166015936.00
2015-07-23,37.86,41.54,37.46,41.54,5915432,238253376.00
2015-07-24,42.00,44.98,40.50,41.10,8545123,367751040.00
2015-07-27,39.18,42.30,36.99,36.99,5237463,208110864.00
2015-07-28,33.91,37.79,33.29,34.90,5102863,178578416.00
2015-07-29,36.00,38.39,33.33,38.39,4622099,167013520.00
2015-07-30,38.40,41.95,37.00,37.80,6408541,252539360.00
2015-07-31,36.60,41.15,36.23,39.96,6310308,245791888.00
2015-08-03,39.60,43.96,38.42,43.96,8694043,360136224.00
2015-08-04,45.50,48.36,39.56,44.00,11580562,513366592.00
2015-08-05,42.03,48.40,40.13,48.40,10117210,467296768.00
2015-08-14,48.52,51.88,44.60,47.50,11190365,526475744.00
2015-08-17,45.88,46.60,42.75,42.75,5695977,248683088.00
2015-08-18,40.89,46.00,39.00,40.00,6092743,260496480.00
2015-08-19,39.18,42.68,36.61,41.38,5181190,205173184.00
2015-08-20,40.38,42.38,38.88,39.33,4016714,164219312.00
2015-08-21,37.00,41.00,37.00,37.05,3051991,117895584.00
2015-08-24,35.15,36.80,33.35,33.35,2249900,76143008.00
2015-08-25,30.02,33.80,30.02,30.02,4303881,134109928.00
2015-08-26,31.20,33.00,28.31,30.85,4820541,151782800.00
2015-08-27,31.60,32.88,29.34,31.95,3444242,107575776.00
2015-08-28,32.70,34.25,31.31,34.00,3739667,122375040.00
2015-08-31,33.52,33.88,31.09,31.70,3054233,99009032.00
2015-09-01,31.30,31.59,28.53,28.53,2350725,69132832.00
2015-09-02,26.26,29.55,26.15,27.30,2570288,70588456.00
2015-09-07,28.00,29.18,27.48,27.90,1990049,56583944.00
2015-09-08,27.77,30.69,27.53,30.69,3201302,95242168.00
2015-09-09,30.90,33.60,30.69,32.30,3248276,104568184.00
2015-09-10,31.20,35.47,31.12,34.69,4745451,159886000.00
2015-09-11,33.80,34.66,33.30,34.40,2046904,69694280.00
2015-09-14,34.90,34.90,30.96,30.96,1930334,62601812.00
2015-09-15,29.58,30.50,27.86,28.07,2194309,63027012.00
2015-09-16,28.50,30.88,28.29,30.87,3912328,115149336.00
2015-09-17,30.84,31.99,29.60,30.90,3869610,119663600.00
2015-09-22,33.52,33.52,33.52,33.52,0,0.00
数据来源:通达信
