300328 宜安科技 日线 前复权
      日期	    开盘	    最高	    最低	    收盘	    成交量	    成交额
2012-06-19,6.92,7.20,6.81,6.98,17854499,256268624.00
2012-06-20,7.06,7.70,6.93,7.70,14827528,220396592.00
2012-06-21,7.85,8.30,7.78,8.18,16825156,276292928.00
2012-06-25,8.05,8.15,7.48,7.73,11870305,190193488.00
2012-06-26,7.63,7.70,7.16,7.42,8367951,126885104.00
2012-06-27,7.36,8.17,7.35,7.80,11150220,177049408.00
2012-06-28,7.65,7.71,7.00,7.05,8856037,134039200.00
2012-06-29,6.93,7.28,6.87,7.24,6230692,91025880.00
2012-07-02,7.28,7.50,7.11,7.39,6579148,98789088.00
2012-07-03,7.49,8.08,7.49,7.64,9041782,143773824.00
2012-07-04,7.55,7.93,7.38,7.45,6604214,103325984.00
2012-07-05,7.39,8.12,7.16,7.88,8650624,135505152.00
2012-07-06,7.77,7.88,7.46,7.75,7038164,110837216.00
2012-07-09,7.57,8.10,7.57,7.65,7946074,127596168.00
2012-07-10,7.58,7.70,7.06,7.15,6129184,92731736.00
2012-07-11,7.06,7.20,6.63,6.81,4878608,69140672.00
2012-07-12,6.73,7.10,6.72,7.03,4262995,60741372.00
2012-07-13,6.91,6.98,6.43,6.50,5228998,72058840.00
2012-07-16,6.48,6.51,6.10,6.17,4308556,55271112.00
2012-07-17,6.10,6.27,6.05,6.18,2844475,36158684.00
2012-07-18,6.13,6.20,5.81,6.09,3932034,48499112.00
2012-07-19,6.03,6.27,5.98,6.13,3785714,48075404.00
2012-07-20,6.08,6.23,6.04,6.13,2201124,27855156.00
2012-07-23,6.04,6.04,5.83,5.90,2476182,30252820.00
2012-07-24,5.80,6.04,5.72,6.02,1891650,23268754.00
2012-07-25,5.93,6.31,5.91,6.12,4086354,52026372.00
2012-07-26,6.05,6.28,5.96,6.07,2773503,35081924.00
2012-07-27,6.12,6.27,6.00,6.18,3132378,39730880.00
2012-07-30,6.13,6.23,5.92,5.96,2449389,30533946.00
2012-07-31,5.91,5.96,5.48,5.49,2924064,34263428.00
2012-08-01,5.45,5.68,5.45,5.64,2132053,24680432.00
2012-08-02,5.55,5.69,5.49,5.54,1440723,16579868.00
2012-08-03,5.55,5.76,5.49,5.73,1903500,22323018.00
2012-08-06,5.65,6.03,5.63,5.97,2817493,34030200.00
2012-08-07,5.90,6.00,5.87,5.94,1978802,24225062.00
2012-08-08,5.94,6.18,5.80,6.07,3214291,39833820.00
2012-08-09,6.04,6.18,5.96,6.10,2739763,34274916.00
2012-08-10,6.08,6.12,5.98,6.01,1760542,21945454.00
2012-08-13,5.92,6.08,5.90,5.92,1572621,19484360.00
2012-08-14,5.86,6.12,5.84,6.12,1890214,23312348.00
2012-08-15,6.12,6.12,5.96,5.98,1273568,15832043.00
2012-08-16,6.00,6.07,5.88,5.94,1197138,14830834.00
2012-08-17,6.00,6.00,5.73,5.82,1357658,16411958.00
2012-08-20,5.72,5.83,5.66,5.79,1002410,11892775.00
2012-08-21,5.75,6.01,5.75,5.98,1391594,17033872.00
2012-08-22,5.99,6.09,5.95,6.05,1619115,20137434.00
2012-08-23,6.04,6.32,6.02,6.28,3041842,38720028.00
2012-08-24,6.23,6.23,6.04,6.05,2023218,25502278.00
2012-08-27,6.00,6.00,5.79,5.80,1202593,14548320.00
2012-08-28,5.80,5.98,5.77,5.87,917488,11141336.00
2012-08-29,5.87,6.38,5.85,6.17,4207203,53790040.00
2012-08-30,6.10,6.69,6.08,6.49,6855592,90691304.00
2012-08-31,6.38,6.58,6.33,6.56,3478350,46390604.00
2012-09-03,6.54,6.68,6.44,6.57,3498208,47324448.00
2012-09-04,6.50,7.09,6.49,6.80,5342444,74903896.00
2012-09-05,6.69,7.29,6.64,7.17,5198834,75424984.00
2012-09-06,7.19,7.28,6.96,7.15,3951607,57879168.00
2012-09-07,7.19,7.36,7.08,7.20,4307242,64031216.00
2012-09-10,7.18,7.74,7.09,7.72,4129670,63093420.00
2012-09-11,7.61,7.79,7.51,7.74,2199550,34477344.00
2012-09-12,7.77,7.79,7.48,7.56,2742435,42799420.00
2012-09-13,7.66,7.66,7.27,7.35,3398432,51509228.00
2012-09-14,7.34,7.38,7.13,7.20,3566009,53126036.00
2012-09-17,7.13,7.33,6.96,7.03,1401264,20656030.00
2012-09-18,7.06,7.32,7.04,7.18,1652142,24507016.00
2012-09-19,7.18,7.82,7.18,7.59,3500597,54279720.00
2012-09-20,7.55,7.70,7.43,7.63,3249911,50447524.00
2012-09-21,7.50,7.91,7.17,7.52,2730032,42476388.00
2012-09-24,7.30,7.70,7.06,7.70,1407190,21367864.00
2012-09-25,7.53,7.94,7.47,7.69,1954602,31003586.00
2012-09-26,7.53,7.90,7.30,7.56,1729894,27123924.00
2012-09-27,7.55,8.25,7.41,7.95,2441443,39227944.00
2012-09-28,7.90,8.44,7.73,8.29,2935922,49268076.00
2012-10-08,8.30,8.33,7.97,8.30,1704048,28506078.00
2012-10-09,8.20,8.49,8.14,8.24,2415792,40797964.00
2012-10-10,8.20,8.21,7.88,7.94,2309750,37808100.00
2012-10-11,7.90,7.90,7.50,7.50,2580526,40904000.00
2012-10-12,7.42,7.58,7.24,7.45,1892973,28773764.00
2012-10-15,7.25,7.26,6.72,6.98,2787131,39819352.00
2012-10-16,6.90,7.03,6.80,6.93,1225799,17482268.00
2012-10-17,6.93,7.18,6.90,7.03,1098044,15858903.00
2012-10-18,7.01,7.11,6.96,7.09,1015175,14708854.00
2012-10-19,7.06,7.11,6.86,6.92,1177659,16865712.00
2012-10-22,6.85,7.10,6.75,7.08,838007,12106865.00
2012-10-23,7.10,7.13,7.00,7.02,676199,9828114.00
2012-10-24,7.00,7.01,6.75,6.78,954199,13452371.00
2012-10-25,6.74,6.93,6.62,6.80,1037371,14458327.00
2012-10-26,6.87,7.12,6.83,7.05,1857594,26728522.00
2012-10-29,7.03,7.17,6.92,7.13,1231038,17821086.00
2012-10-30,7.13,7.15,7.00,7.01,763124,11089603.00
2012-10-31,7.05,7.05,6.74,6.89,818437,11505316.00
2012-11-01,6.93,7.32,6.86,7.32,1779393,26077868.00
2012-11-02,7.38,7.64,7.31,7.39,2664481,40842860.00
2012-11-05,7.33,7.63,7.21,7.50,1509710,23033818.00
2012-11-06,7.49,7.52,7.24,7.49,728878,11021020.00
2012-11-07,7.49,7.63,7.30,7.35,686969,10499578.00
2012-11-08,7.27,7.35,6.95,7.00,806946,11891059.00
2012-11-09,7.05,7.05,6.81,6.93,861407,12255469.00
2012-11-12,6.93,7.02,6.88,6.99,550376,7848911.00
2012-11-13,7.08,7.09,6.35,6.67,1361311,18660284.00
2012-11-14,6.55,6.68,6.49,6.66,351325,4781622.50
2012-11-15,6.48,6.90,6.48,6.79,888324,12402309.00
2012-11-16,6.76,6.84,6.53,6.60,291918,3997297.75
2012-11-19,6.48,6.75,6.48,6.74,411181,5593752.50
2012-11-20,6.76,6.79,6.66,6.66,208231,2886377.25
2012-11-21,6.66,6.80,6.50,6.77,217633,2983494.50
2012-11-22,6.78,6.78,6.51,6.57,343046,4654346.00
2012-11-23,6.75,6.75,6.56,6.59,205556,2805511.25
2012-11-26,6.65,6.86,6.59,6.69,572743,7930663.00
2012-11-27,6.57,6.58,6.15,6.38,477583,6285320.00
2012-11-28,6.31,6.31,6.08,6.11,287850,3681657.00
2012-11-29,6.04,6.23,5.85,5.95,332293,4160128.50
2012-11-30,5.95,6.09,5.93,6.09,261689,3244264.00
2012-12-03,6.05,6.13,5.95,6.10,210701,2632611.00
2012-12-04,6.12,6.28,5.99,6.24,322774,4076027.00
2012-12-05,6.23,6.74,6.09,6.56,816154,10962995.00
2012-12-06,6.51,6.68,6.50,6.62,503101,6840500.00
2012-12-07,6.55,6.84,6.55,6.80,645613,8956816.00
2012-12-10,6.88,6.98,6.77,6.87,605616,8601347.00
2012-12-11,6.86,6.91,6.75,6.84,370173,5185083.50
2012-12-12,6.77,6.86,6.60,6.74,224957,3109641.75
2012-12-13,6.74,7.04,6.68,6.87,756963,10793317.00
2012-12-14,6.82,7.20,6.81,7.12,949900,13865821.00
2012-12-17,7.20,7.24,6.68,6.72,1994269,28122504.00
2012-12-18,6.69,6.72,6.46,6.53,1863780,25321202.00
2012-12-19,6.46,6.63,6.41,6.58,1236002,16634523.00
2012-12-20,6.55,6.91,6.49,6.88,1709541,23749208.00
2012-12-21,6.87,7.17,6.73,7.10,1967535,28060048.00
2012-12-24,7.00,7.27,6.96,7.23,1422685,20862178.00
2012-12-25,7.13,7.35,7.12,7.25,1552801,23167956.00
2012-12-26,7.23,7.99,7.23,7.99,2866962,45461012.00
2012-12-27,8.29,8.29,7.65,7.69,2449418,39381580.00
2012-12-28,7.64,8.48,7.64,8.48,3659002,62192924.00
2012-12-31,8.77,8.95,8.09,8.30,6309480,110569912.00
2013-01-04,8.20,8.40,7.98,8.18,3855118,64629496.00
2013-01-07,8.13,8.14,7.81,8.12,3307642,54126472.00
2013-01-08,8.05,8.53,8.01,8.25,4147608,70461040.00
2013-01-09,8.10,8.18,7.90,8.09,2272752,37415140.00
2013-01-10,8.06,8.17,7.91,7.97,1475470,24267418.00
2013-01-11,7.97,8.34,7.96,7.99,2505374,41734644.00
2013-01-14,7.99,8.34,7.91,8.30,2210876,37304708.00
2013-01-15,8.28,8.45,8.17,8.37,2189382,37165272.00
2013-01-16,8.40,8.40,7.89,8.06,2607276,43382940.00
2013-01-17,8.05,8.12,7.82,7.91,1198761,19509992.00
2013-01-18,7.92,8.09,7.85,8.05,931564,15240954.00
2013-01-21,8.08,8.09,7.92,8.05,854555,13996029.00
2013-01-22,8.05,8.10,7.55,7.62,1736228,27804946.00
2013-01-23,7.59,7.75,7.40,7.70,884369,13672376.00
2013-01-24,7.57,7.69,7.25,7.50,1052865,16119290.00
2013-01-25,7.50,7.54,7.40,7.48,466446,7165999.50
2013-01-28,7.49,7.75,7.40,7.74,1671352,26182450.00
2013-01-29,7.73,7.87,7.71,7.82,1239294,19783708.00
2013-01-30,7.84,7.95,7.72,7.79,1942334,31314090.00
2013-01-31,7.70,7.76,7.26,7.28,2112289,31958724.00
2013-02-01,7.24,7.33,7.08,7.10,1857925,27384234.00
2013-02-04,7.10,7.17,6.79,6.90,1626417,23151030.00
2013-02-05,6.86,7.08,6.81,7.06,1074470,15461970.00
2013-02-06,7.06,7.09,6.93,6.98,1143575,16442293.00
2013-02-07,6.99,7.14,6.99,7.10,1093847,15909871.00
2013-02-08,7.06,7.29,7.05,7.22,1200410,17703812.00
2013-02-18,7.28,7.37,7.17,7.34,1332513,19971270.00
2013-02-19,7.31,7.35,7.06,7.11,1029319,15173063.00
2013-02-20,7.10,7.33,7.10,7.28,713153,10608089.00
2013-02-21,7.23,7.28,7.09,7.10,907757,13366383.00
2013-02-22,7.10,7.83,7.10,7.75,5257245,83102288.00
2013-02-25,7.65,7.99,7.60,7.98,3921119,63002532.00
2013-02-26,7.95,8.22,7.73,7.87,2394008,39093756.00
2013-02-27,7.89,7.95,7.69,7.70,957228,15223419.00
2013-02-28,7.68,7.88,7.53,7.85,1396747,22122192.00
2013-03-01,7.86,7.99,7.58,7.70,1584857,25077830.00
2013-03-04,7.67,7.68,7.26,7.30,1387663,21294394.00
2013-03-05,7.26,7.59,7.19,7.53,1284238,19489714.00
2013-03-06,7.53,8.30,7.53,8.30,3726526,61746492.00
2013-03-07,8.39,8.49,8.03,8.10,3103128,52241168.00
2013-03-08,8.10,8.44,7.88,8.39,2619564,44052628.00
2013-03-11,8.30,8.58,8.24,8.40,1909087,33002194.00
2013-03-12,8.25,8.38,7.81,7.99,1411873,23219810.00
2013-03-13,7.88,8.81,7.72,8.53,3540634,60741328.00
2013-03-14,8.40,9.40,8.35,9.00,3285856,59835116.00
2013-03-15,8.83,9.29,8.80,8.82,3072232,56802336.00
2013-03-18,8.80,9.30,8.57,9.18,2501954,46288488.00
2013-03-19,9.12,9.94,9.12,9.50,1965757,38274960.00
2013-03-20,9.49,9.70,9.22,9.61,1927915,37235504.00
2013-03-21,9.57,9.78,9.40,9.55,1576925,30633992.00
2013-03-22,9.49,9.60,9.24,9.48,1752339,33543100.00
2013-03-25,9.48,9.53,9.21,9.33,1034476,19722670.00
2013-03-26,9.30,9.59,8.95,9.20,2274555,42978972.00
2013-03-27,9.22,9.35,9.06,9.30,1150342,21606804.00
2013-03-28,9.22,9.22,8.91,8.91,1662301,30668540.00
2013-03-29,8.91,9.02,8.50,8.65,1677728,29940280.00
2013-04-01,8.55,8.95,8.54,8.74,1883440,33817344.00
2013-04-02,8.84,9.10,8.57,8.70,1179984,21352012.00
2013-04-03,8.70,8.70,8.16,8.35,1391409,23678012.00
2013-04-08,8.13,8.68,8.06,8.55,1206491,20575426.00
2013-04-09,8.55,8.65,8.46,8.55,486288,8500690.00
2013-04-10,8.45,8.79,8.45,8.53,656107,11630640.00
2013-04-11,8.52,8.66,8.36,8.39,405155,7042337.50
2013-04-12,8.09,8.56,8.09,8.15,974320,16646015.00
2013-04-15,8.19,8.23,7.86,8.02,662605,10877029.00
2013-04-16,7.95,8.20,7.83,8.19,1007380,16525096.00
2013-04-17,8.19,8.54,8.08,8.50,1196247,20399638.00
2013-04-18,8.40,8.68,8.37,8.46,527555,9202999.00
2013-04-19,8.46,8.79,8.46,8.58,1160604,20474804.00
2013-04-22,8.55,8.95,8.52,8.75,2151942,38540012.00
2013-04-23,8.80,8.80,8.14,8.15,1518004,26044492.00
2013-04-24,8.16,8.53,8.16,8.41,1020406,17475902.00
2013-04-25,8.44,8.89,8.36,8.50,1535042,27141846.00
2013-04-26,8.48,9.13,8.36,8.92,2442065,44144140.00
2013-05-02,8.90,9.30,8.75,9.20,2082116,38901520.00
2013-05-03,9.20,9.42,9.07,9.39,3235529,60836416.00
2013-05-06,9.30,9.48,9.16,9.32,2462428,46966880.00
2013-05-07,9.16,9.60,9.00,9.48,2385081,45232656.00
2013-05-08,9.45,9.50,9.21,9.41,1484011,28274876.00
2013-05-09,9.39,9.39,9.02,9.25,1789400,33541032.00
2013-05-10,9.19,9.88,9.13,9.76,2930353,57433044.00
2013-05-13,9.77,9.85,9.49,9.68,1604982,31478960.00
2013-05-14,9.62,9.62,8.86,8.95,2943262,54529020.00
2013-05-15,8.98,9.20,8.87,9.19,1102012,20427092.00
2013-05-16,9.19,9.43,8.66,8.83,2005087,37009952.00
2013-05-17,8.80,9.03,8.68,8.93,1567597,28510008.00
2013-05-20,8.96,9.54,8.95,9.41,2075898,39367240.00
2013-05-21,9.34,9.78,9.17,9.71,2049859,39577796.00
2013-05-22,9.71,9.79,8.98,9.04,3209582,61226492.00
2013-05-23,8.88,9.50,8.87,9.13,2931402,54822900.00
2013-05-24,9.53,10.06,9.42,10.06,4342273,87730352.00
2013-05-27,10.35,10.65,10.08,10.48,8099849,171097280.00
2013-05-28,10.41,10.41,9.81,9.91,3819938,78184184.00
2013-05-29,9.90,10.15,9.75,10.00,2816813,56960648.00
2013-05-30,9.86,10.62,9.71,10.39,3761720,78560416.00
2013-05-31,10.28,10.29,9.91,9.92,2468829,50855048.00
2013-06-03,10.08,10.08,9.50,9.59,2022004,40111836.00
2013-06-04,9.59,9.77,9.11,9.28,2240264,43045500.00
2013-06-05,9.30,9.52,9.21,9.52,1577952,30308488.00
2013-06-06,9.43,9.52,9.11,9.20,1529027,28757816.00
2013-06-07,9.13,9.51,9.13,9.51,1687754,32044610.00
2013-06-13,9.35,9.35,8.79,9.26,1652699,30480400.00
2013-06-14,9.27,9.77,9.20,9.74,2464884,47975292.00
2013-06-17,9.70,10.04,9.60,9.63,2530630,50367288.00
2013-06-18,9.55,9.65,8.96,9.36,2727820,51272224.00
2013-06-19,9.22,9.50,9.09,9.49,1436122,27126694.00
2013-06-20,9.43,9.47,8.82,8.84,1702722,31529034.00
2013-06-21,8.64,8.76,8.03,8.59,1629629,28072810.00
2013-06-24,8.58,8.58,7.73,7.84,1699027,28052524.00
2013-06-25,7.74,8.00,7.11,7.92,2131716,33413438.00
2013-06-26,7.99,8.35,7.80,8.31,1796079,29691444.00
2013-06-27,8.45,8.45,7.75,7.99,1877165,31257700.00
2013-06-28,7.85,7.99,7.50,7.62,1709680,27212616.00
2013-07-01,7.50,7.91,7.33,7.90,1736809,26902656.00
2013-07-02,7.90,8.19,7.85,8.18,2079510,34204952.00
2013-07-03,8.17,8.30,7.89,8.20,1775829,29281706.00
2013-07-04,8.10,8.40,8.00,8.14,1792254,29903390.00
2013-07-05,8.19,8.55,7.95,8.00,1843588,31152444.00
2013-07-08,7.64,7.85,7.35,7.54,2473814,38276892.00
2013-07-09,7.49,7.58,7.33,7.47,1698606,25802364.00
2013-07-10,7.47,7.68,7.42,7.68,1991347,30688768.00
2013-07-11,7.63,7.95,7.60,7.83,1637202,26078386.00
2013-07-12,7.68,8.21,7.59,7.99,3410093,55203484.00
2013-07-15,7.90,8.20,7.82,8.03,2215063,36128948.00
2013-07-16,8.03,8.18,7.93,8.08,2179380,35701836.00
2013-07-17,8.00,8.27,7.80,7.80,2429718,39835348.00
2013-07-18,7.83,7.83,7.55,7.66,2054567,32109484.00
2013-07-19,7.70,7.82,7.40,7.40,1987889,30864730.00
2013-07-22,7.26,7.91,7.16,7.71,1356902,20712614.00
2013-07-23,7.71,8.00,7.71,7.88,2131714,33958268.00
2013-07-24,7.94,7.94,7.63,7.82,2074511,32817390.00
2013-07-25,7.80,8.04,7.55,7.55,2200298,35041072.00
2013-07-26,7.48,7.75,7.35,7.60,1566850,23914508.00
2013-07-29,7.60,7.89,7.40,7.59,1626903,25655750.00
2013-07-30,7.59,7.80,7.17,7.47,1369937,20768164.00
2013-07-31,7.64,7.64,7.36,7.41,786552,12024970.00
2013-08-01,7.45,7.73,7.42,7.70,1881905,29247788.00
2013-08-02,7.79,8.30,7.74,7.97,3832246,62296816.00
2013-08-05,7.91,8.09,7.85,8.01,2057489,33389818.00
2013-08-06,7.97,8.04,7.89,7.99,1510252,24540332.00
2013-08-07,7.96,8.00,7.73,7.85,1599180,25496904.00
2013-08-08,7.84,8.25,7.77,8.15,2920337,48229956.00
2013-08-09,8.15,8.22,7.95,8.08,2085524,34314344.00
2013-08-12,8.10,8.13,7.88,8.03,2113991,34439008.00
2013-08-13,8.02,8.24,7.98,8.22,2597732,42918020.00
2013-08-14,8.23,8.23,8.02,8.08,2063741,34065544.00
2013-08-15,8.07,8.13,7.82,7.82,1816979,29320352.00
2013-08-16,7.73,7.93,7.55,7.56,1387005,21828456.00
2013-08-19,7.50,7.78,7.49,7.78,842770,13213349.00
2013-08-20,7.72,7.80,7.61,7.70,1074544,16880742.00
2013-08-21,7.73,7.83,7.65,7.77,759033,11971487.00
2013-08-22,7.78,7.84,7.73,7.84,1003152,15928461.00
2013-08-23,7.85,8.00,7.65,7.85,1684358,27007616.00
2013-08-26,7.86,8.00,7.85,8.00,1319524,21376510.00
2013-08-27,8.01,8.04,7.86,7.95,1301238,21046364.00
2013-08-28,7.88,7.88,7.71,7.71,1616736,25717388.00
2013-08-29,7.71,7.78,7.60,7.67,881779,13809209.00
2013-08-30,7.69,7.72,7.36,7.40,1539390,23576988.00
2013-09-02,7.40,7.47,7.32,7.45,1174830,17700614.00
2013-09-03,7.43,7.69,7.42,7.60,921378,14225136.00
2013-09-04,7.62,7.62,7.49,7.50,818876,12596086.00
2013-09-05,7.56,7.88,7.56,7.79,2897975,45825156.00
2013-09-06,7.91,7.93,7.69,7.81,1858064,29637570.00
2013-09-09,7.90,8.61,7.90,8.61,6971525,120769368.00
2013-09-10,8.55,9.01,8.55,8.69,5492659,97675080.00
2013-09-11,8.81,8.82,8.29,8.45,2695742,46454672.00
2013-09-12,8.36,8.50,8.21,8.32,2047657,34785020.00
2013-09-13,8.28,8.47,8.26,8.41,1610030,27490992.00
2013-09-16,8.49,8.57,8.26,8.32,1334355,22786272.00
2013-09-17,8.26,8.50,8.25,8.36,1872998,32087186.00
2013-09-18,8.30,8.46,8.10,8.26,1140084,19029164.00
2013-09-23,8.21,8.51,8.20,8.47,1543210,26391910.00
2013-09-24,8.42,8.51,8.25,8.42,1093077,18652960.00
2013-09-25,8.45,8.93,8.40,8.53,2204035,38827204.00
2013-09-26,8.60,8.68,8.19,8.21,1690961,28766176.00
2013-09-27,8.32,8.53,8.20,8.26,710160,12075143.00
2013-09-30,8.27,8.49,8.20,8.38,842945,14248662.00
2013-10-08,8.35,8.58,8.29,8.51,1283881,22100680.00
2013-10-09,8.49,8.58,8.36,8.51,2009311,34606272.00
2013-10-10,8.50,8.58,8.38,8.40,1534457,26425740.00
2013-10-11,8.44,8.49,8.15,8.33,1921541,32462268.00
2013-10-14,8.33,8.33,8.15,8.23,1937656,32376616.00
2013-10-15,8.26,8.31,8.17,8.31,1376133,23093896.00
2013-10-16,8.25,8.30,7.60,7.72,2010426,32317834.00
2013-10-17,7.70,7.93,7.62,7.67,1829650,28791892.00
2013-10-18,7.68,7.88,7.68,7.79,672201,10663113.00
2013-10-21,7.76,8.01,7.75,7.99,1529623,24694368.00
2013-10-22,7.99,7.99,7.73,7.79,1514266,24153278.00
2013-10-23,7.79,7.84,7.58,7.61,899543,14091233.00
2013-10-24,7.60,7.67,7.53,7.62,616715,9560992.00
2013-10-25,7.65,7.68,7.44,7.54,632416,9743890.00
2013-10-28,7.55,7.78,7.50,7.75,790210,12376601.00
2013-10-29,7.69,7.78,7.13,7.25,1370167,20520370.00
2013-10-30,7.25,7.52,7.18,7.46,1132982,16999280.00
2013-10-31,7.44,7.80,7.34,7.54,1229191,19086318.00
2013-11-01,7.49,7.57,7.27,7.52,736353,11176336.00
2013-11-04,7.51,7.74,7.44,7.64,829512,12867497.00
2013-11-05,7.64,7.85,7.64,7.74,1162420,18348776.00
2013-11-06,7.66,7.85,7.61,7.63,1010350,15933375.00
2013-11-07,7.59,7.65,7.44,7.46,788603,12143244.00
2013-11-08,7.45,7.49,7.18,7.37,816666,12207099.00
2013-11-11,7.35,8.00,7.26,7.76,1620983,25522426.00
2013-11-12,7.85,8.39,7.77,8.20,3847921,63850180.00
2013-11-13,8.15,8.19,7.96,8.09,2185452,35887624.00
2013-11-14,8.10,8.70,8.08,8.45,3768094,64978780.00
2013-11-15,8.50,9.11,8.45,9.05,5581635,100043744.00
2013-11-18,9.10,9.26,8.78,9.05,4722368,86661112.00
2013-11-19,9.00,9.45,8.88,9.10,3725113,69485744.00
2013-11-20,9.06,9.24,8.86,9.01,3083699,56298412.00
2013-11-21,9.07,9.13,8.71,8.75,2648522,47945276.00
2013-11-22,8.82,9.08,8.71,8.96,2566611,46701700.00
2013-11-25,8.91,9.69,8.86,9.50,3817714,72927456.00
2013-11-26,9.45,9.93,9.29,9.43,3714121,72414896.00
2013-11-27,9.43,9.77,9.36,9.61,2473881,48033284.00
2013-11-28,9.59,10.30,9.48,10.15,2992450,60320428.00
2013-11-29,10.10,10.96,10.10,10.50,4049922,86904632.00
2013-12-02,9.43,9.85,9.43,9.43,2097130,40350124.00
2013-12-03,8.80,9.21,8.47,8.99,4354669,77287304.00
2013-12-04,8.88,9.20,8.60,8.61,3194330,58058992.00
2013-12-05,8.48,8.73,8.37,8.50,3003820,51952932.00
2013-12-06,8.50,8.68,8.40,8.46,2503309,43474988.00
2013-12-09,8.46,8.94,8.46,8.79,2578089,45680348.00
2013-12-10,8.85,8.85,8.59,8.66,1853227,32765062.00
2013-12-11,8.70,9.03,8.65,8.85,2107512,37871396.00
2013-12-12,8.80,9.01,8.75,8.86,1567699,28360228.00
2013-12-13,8.87,9.05,8.78,8.92,1498091,27165656.00
2013-12-16,8.92,9.05,8.63,8.74,1598311,28685690.00
2013-12-17,8.85,8.85,8.48,8.64,960386,16994744.00
2013-12-18,8.61,8.68,8.42,8.56,829401,14421823.00
2013-12-19,8.63,8.70,8.51,8.51,744737,13031925.00
2013-12-20,8.55,8.65,8.49,8.58,739426,12865515.00
2013-12-23,8.59,8.59,8.18,8.40,868286,14774537.00
2013-12-24,8.40,8.75,8.40,8.63,1047427,18367726.00
2013-12-25,8.79,9.31,8.74,9.19,2588187,47847172.00
2013-12-26,9.18,9.32,9.03,9.07,2330487,43524700.00
2013-12-27,9.07,9.84,9.07,9.70,2970464,57422772.00
2013-12-30,9.66,9.90,9.55,9.69,2329194,45910320.00
2013-12-31,9.50,9.64,9.22,9.37,2249669,42836712.00
2014-01-02,9.26,9.62,9.21,9.52,1619277,31145222.00
2014-01-03,9.49,9.64,9.35,9.46,1698470,32748482.00
2014-01-06,9.37,9.38,8.74,8.82,1631756,30120580.00
2014-01-07,8.76,9.05,8.70,9.04,1299237,23514156.00
2014-01-08,9.08,9.31,9.05,9.15,1624887,30330068.00
2014-01-09,9.15,9.27,8.78,8.80,1567221,28914654.00
2014-01-10,8.75,9.15,8.71,8.90,896985,16267367.00
2014-01-13,8.93,9.22,8.89,9.08,1177401,21693216.00
2014-01-14,9.13,9.98,8.88,9.71,2880045,55454548.00
2014-01-15,9.77,10.09,9.59,9.88,3416658,68151584.00
2014-01-16,9.86,9.97,9.66,9.77,2450809,48820564.00
2014-01-17,9.76,10.35,9.71,10.16,4025760,82837696.00
2014-01-20,10.17,10.32,9.69,9.99,2798956,56680768.00
2014-01-21,10.07,10.34,9.80,10.28,2532841,51912984.00
2014-01-22,10.27,10.30,9.85,10.18,2449866,50271564.00
2014-01-23,10.10,10.55,10.04,10.32,2933948,61438476.00
2014-01-24,10.25,10.59,10.17,10.33,2578637,54281764.00
2014-01-27,10.05,10.09,9.80,9.80,2954599,59383128.00
2014-01-28,9.76,9.89,9.48,9.66,1897672,37161368.00
2014-01-29,9.95,10.64,9.81,10.36,3309470,68830968.00
2014-01-30,10.23,10.33,9.86,10.08,1669188,34299148.00
2014-02-07,9.86,10.23,9.85,10.20,2002820,40943264.00
2014-02-10,10.20,10.63,10.09,10.48,2998190,62974512.00
2014-02-11,10.48,11.04,10.32,10.80,4795333,104848696.00
2014-02-12,10.77,11.58,10.53,11.57,4565937,102938968.00
2014-02-13,11.36,11.75,11.03,11.06,3861833,89456224.00
2014-02-14,11.20,11.55,11.07,11.44,2360948,54305260.00
2014-02-17,11.65,12.19,11.55,11.91,2918066,69862816.00
2014-02-18,11.95,11.96,11.60,11.72,1819873,43370148.00
2014-02-19,11.68,11.77,11.11,11.34,2133232,49031420.00
2014-02-20,11.35,11.38,10.80,10.99,1605960,35942296.00
2014-02-21,10.96,11.35,10.91,11.16,1259868,28568946.00
2014-02-24,11.16,11.37,10.73,11.27,1581523,35411996.00
2014-02-25,11.27,11.80,10.77,11.13,3471613,79589704.00
2014-02-26,11.10,11.21,10.42,11.04,1863713,41500244.00
2014-02-27,11.15,11.15,10.24,10.43,3116500,67161752.00
2014-02-28,10.43,10.43,9.96,10.26,1238722,25617832.00
2014-03-03,10.34,10.34,10.16,10.29,1246589,25977906.00
2014-03-04,10.24,10.35,9.88,10.22,1358673,28028878.00
2014-03-05,10.31,10.33,10.05,10.31,1259372,26095722.00
2014-03-06,10.33,10.33,9.94,10.19,1156833,23855176.00
2014-03-07,10.15,10.48,10.15,10.29,1272156,26674972.00
2014-03-10,10.20,10.20,9.65,9.65,1245856,25026710.00
2014-03-11,9.77,9.85,9.40,9.73,681320,13412607.00
2014-03-12,9.70,9.79,9.46,9.60,602221,11777492.00
2014-03-13,9.63,9.82,9.60,9.82,380611,7512887.50
2014-03-14,9.73,9.90,9.63,9.88,631737,12523780.00
2014-03-17,9.92,10.33,9.81,10.28,944357,19469736.00
2014-03-18,10.24,10.40,10.16,10.25,669089,13969868.00
2014-03-19,10.25,10.25,9.86,10.01,571777,11645991.00
2014-03-20,9.96,10.10,9.17,9.26,1881455,36669792.00
2014-03-21,9.30,9.50,9.11,9.43,910716,17149718.00
2014-03-24,9.46,9.48,9.20,9.31,624818,11850537.00
2014-03-25,9.34,9.51,9.27,9.39,497242,9489435.00
2014-03-26,9.44,9.67,9.35,9.48,620104,11979366.00
2014-03-27,9.48,9.48,9.12,9.15,885692,16585820.00
2014-03-28,9.13,9.23,8.96,9.07,615762,11399828.00
2014-03-31,9.05,9.15,8.89,9.15,427914,7876980.50
2014-04-01,9.14,9.34,9.13,9.30,434020,8178613.50
2014-04-02,9.49,9.50,9.15,9.20,309570,5810649.00
2014-04-03,9.28,9.44,9.22,9.31,396598,7509630.50
2014-04-04,9.19,9.38,9.13,9.38,365279,6882954.50
2014-04-08,8.76,9.15,8.76,9.00,963939,17507028.00
2014-04-09,8.99,9.15,8.97,9.11,469147,8663755.00
2014-04-10,9.11,9.50,9.11,9.25,804522,15320621.00
2014-04-11,9.15,9.18,9.01,9.18,480684,8872633.00
2014-04-14,9.22,9.40,9.14,9.37,446643,8440026.00
2014-04-15,9.35,9.49,9.31,9.35,449090,8570735.00
2014-04-16,9.33,9.45,9.28,9.37,379389,7214053.00
2014-04-17,9.45,9.46,9.38,9.38,491923,9410445.00
2014-04-18,9.34,9.45,9.20,9.38,414391,7872982.50
2014-04-21,9.23,9.45,9.23,9.23,295794,5612486.00
2014-04-22,9.23,9.35,8.91,9.00,487955,8966252.00
2014-04-23,9.19,9.19,8.86,8.98,323964,5920668.00
2014-04-24,8.98,8.99,8.60,8.66,594788,10635197.00
2014-04-25,8.69,8.69,8.26,8.28,816131,14046972.00
2014-04-28,8.27,8.43,8.18,8.29,532857,9012929.00
2014-04-29,8.25,8.43,8.24,8.39,314176,5321555.00
2014-04-30,8.40,8.45,8.30,8.40,234291,3996870.75
2014-05-05,8.41,8.60,8.40,8.55,283932,4922144.00
2014-05-06,8.53,8.97,8.53,8.83,520273,9335113.00
2014-05-07,8.83,8.93,8.60,8.61,461104,8213466.00
2014-05-08,8.51,8.83,8.47,8.65,289660,5118307.00
2014-05-09,8.61,8.97,8.41,8.84,855420,15292346.00
2014-05-12,8.84,9.14,8.77,9.02,514282,9399980.00
2014-05-13,8.88,9.08,8.79,8.84,462171,8345207.50
2014-05-14,8.84,8.93,8.65,8.82,376125,6722182.00
2014-05-15,8.77,8.87,8.60,8.61,368693,6541347.50
2014-05-16,8.61,8.76,8.56,8.65,352351,6197593.00
2014-05-19,8.68,8.85,8.56,8.69,247080,4333598.50
2014-05-20,8.72,8.98,8.72,8.91,549356,9947609.00
2014-05-21,8.92,8.94,8.70,8.94,405756,7317681.00
2014-05-22,8.98,9.40,8.90,9.19,1140357,21289150.00
2014-05-23,9.23,9.28,9.07,9.26,776522,14493496.00
2014-05-26,9.20,9.44,9.20,9.31,707335,13371582.00
2014-05-27,9.31,9.34,9.19,9.21,497681,9353199.00
2014-05-28,9.24,9.53,9.20,9.46,710240,13597146.00
2014-05-29,9.40,9.48,9.21,9.25,608035,11538642.00
2014-05-30,9.20,9.53,9.18,9.46,831340,15832307.00
2014-06-03,9.46,9.69,9.41,9.58,790481,15300222.00
2014-06-04,9.56,9.56,9.17,9.25,725963,13699774.00
2014-06-05,9.26,9.39,9.18,9.36,453081,8529373.00
2014-06-06,9.39,9.40,9.21,9.23,502790,9460896.00
2014-06-09,9.27,9.37,9.16,9.22,456499,8517672.00
2014-06-10,9.26,9.39,9.16,9.36,523656,9843314.00
2014-06-11,9.36,9.47,9.30,9.45,661965,12594483.00
2014-06-12,9.40,10.06,9.40,9.74,1739777,34420564.00
2014-06-13,9.69,10.10,9.65,9.91,1269612,25592088.00
2014-06-16,9.90,10.07,9.78,9.84,1049220,20931534.00
2014-06-17,9.84,9.88,9.66,9.73,725597,14316004.00
2014-06-18,9.73,9.80,9.55,9.73,648226,12637185.00
2014-06-19,9.62,9.77,9.19,9.27,799008,15281499.00
2014-06-20,9.27,9.42,9.21,9.40,456389,8616675.00
2014-06-23,9.48,9.75,9.41,9.60,834519,16278348.00
2014-06-24,9.60,9.99,9.57,9.89,1300347,25819188.00
2014-06-25,9.84,10.07,9.72,10.00,1500850,30072304.00
2014-06-26,10.10,10.29,10.00,10.05,2369581,48747964.00
2014-06-27,10.02,10.28,10.02,10.20,1462571,30080542.00
2014-06-30,10.40,11.23,10.35,11.23,5079545,113351520.00
2014-07-01,11.40,11.40,10.88,11.00,3520210,78647632.00
2014-07-02,11.28,11.50,10.70,10.98,3219942,71940456.00
2014-07-03,10.79,11.04,10.68,10.79,2854884,62351852.00
2014-07-04,10.80,10.96,10.60,10.96,1840443,40080252.00
2014-07-07,10.96,10.96,10.72,10.82,1341147,29294428.00
2014-07-08,10.84,11.91,10.84,11.91,5446343,127364120.00
2014-07-09,12.00,13.11,12.00,12.66,7994120,202550544.00
2014-07-10,12.90,13.30,12.60,12.84,5202425,135574080.00
2014-07-11,12.65,13.02,12.53,12.80,3271158,84075120.00
2014-07-14,12.90,12.94,12.49,12.57,2667934,68010944.00
2014-07-15,12.35,13.10,12.06,12.85,4277039,108713000.00
2014-07-16,12.68,12.69,11.90,12.05,3684462,90518504.00
2014-07-17,12.15,12.29,11.67,11.99,1830232,44113108.00
2014-07-18,11.99,12.87,11.91,12.27,2582980,64705784.00
2014-07-21,12.16,12.39,11.90,12.12,1161530,28526358.00
2014-07-22,12.02,12.24,12.00,12.06,1053605,25696710.00
2014-07-23,12.10,12.10,11.06,11.11,2833453,65424536.00
2014-07-24,11.08,11.15,10.69,10.95,1406247,31009780.00
2014-07-25,10.99,11.15,10.79,11.08,987118,21838530.00
2014-07-28,11.08,11.28,11.08,11.22,1410319,31761926.00
2014-07-29,11.27,11.45,11.09,11.35,1484401,33705256.00
2014-07-30,11.29,11.35,11.12,11.35,1066653,24208452.00
2014-07-31,11.32,11.70,11.25,11.56,1713475,39841340.00
2014-08-01,11.55,11.59,11.10,11.14,1057160,24174828.00
2014-08-04,11.06,11.90,11.06,11.80,2054209,48335872.00
2014-08-05,11.80,11.95,11.54,11.80,1243234,29470962.00
2014-08-06,11.70,11.90,11.64,11.77,1020120,24246460.00
2014-08-07,11.78,11.78,11.40,11.42,999748,23381800.00
2014-08-08,11.33,11.50,11.28,11.44,678108,15559712.00
2014-08-11,11.45,11.45,11.27,11.42,995834,22834822.00
2014-08-12,11.45,11.99,11.41,11.92,2101629,49949072.00
2014-08-13,11.95,11.98,11.65,11.80,1207276,28683584.00
2014-08-14,11.78,12.50,11.73,12.11,2573134,63537856.00
2014-08-15,12.07,12.53,12.07,12.26,1650188,41063112.00
2014-08-18,12.49,12.65,12.30,12.43,1616926,40547488.00
2014-08-19,12.39,12.58,12.25,12.52,1711825,42925388.00
2014-08-20,12.40,12.50,12.00,12.25,1586254,39195636.00
2014-08-21,12.19,12.69,12.19,12.69,1688452,42525052.00
2014-08-22,12.55,13.00,12.55,12.75,1216334,31283110.00
2014-08-25,12.70,12.88,12.28,12.39,877811,22023380.00
2014-08-26,12.44,12.63,11.84,11.89,1208710,29407608.00
2014-08-27,12.05,12.43,11.95,12.35,903068,22239292.00
2014-08-28,12.30,12.50,12.13,12.18,469984,11605411.00
2014-08-29,12.30,12.35,12.05,12.32,533224,13197088.00
2014-09-01,12.65,12.77,12.42,12.60,1005687,25599190.00
2014-09-02,12.73,12.87,12.52,12.76,1183589,30280826.00
2014-09-03,12.76,14.04,12.76,14.04,3991620,110956280.00
2014-09-04,13.90,14.22,13.73,14.05,2630990,73990184.00
2014-09-05,14.12,14.12,13.68,13.92,1680056,47159884.00
2014-09-09,13.81,14.40,13.79,14.14,1737017,49574376.00
2014-09-10,13.99,14.79,13.73,14.50,2058745,59586624.00
2014-09-11,14.67,14.90,13.80,13.91,2397950,69260192.00
2014-09-12,13.80,15.31,13.64,15.31,2761002,81430648.00
2014-09-15,15.40,15.54,14.98,15.32,1726047,52878840.00
2014-09-16,15.30,15.30,14.30,14.40,2153963,63957044.00
2014-09-17,14.49,14.54,14.07,14.30,1123943,32319944.00
2014-09-18,14.30,15.30,14.18,14.60,1392750,41542116.00
2014-09-19,14.42,14.84,14.42,14.75,591907,17515800.00
2014-09-22,14.78,15.00,14.22,14.51,902531,26806492.00
2014-09-23,14.90,15.96,14.70,15.90,2001555,62448304.00
2014-09-24,15.65,16.98,15.51,16.74,2119521,70254712.00
2014-09-25,16.90,18.43,16.50,18.35,3621696,130447232.00
2014-09-26,18.73,18.73,17.65,17.99,2041524,74425000.00
2014-09-29,18.18,19.80,18.00,19.80,3133042,122082592.00
2014-09-30,20.40,20.71,19.34,19.89,3425918,138010736.00
2014-10-08,19.90,19.93,18.76,19.50,2551831,98657456.00
2014-10-09,19.20,19.39,18.66,19.00,2857791,108809944.00
2014-10-10,19.03,19.03,18.44,18.54,2201682,82609976.00
2014-10-13,18.45,18.98,18.45,18.70,1819135,68482528.00
2014-10-14,18.67,18.76,17.91,17.95,1912140,70340416.00
2014-10-15,17.99,18.13,17.25,17.77,2503254,88644608.00
2014-10-16,17.64,17.78,17.40,17.40,1646200,58171332.00
2014-10-17,17.40,17.80,17.24,17.53,1492540,52697208.00
2014-10-20,17.35,17.82,17.30,17.75,1175021,41791448.00
2014-10-21,17.80,18.25,17.65,17.65,1447308,52195964.00
2014-10-22,17.68,17.77,16.71,16.76,1966706,67377216.00
2014-10-23,16.48,16.59,15.91,16.10,1557073,50750620.00
2014-10-24,16.14,16.57,15.93,16.16,836336,27349488.00
2014-10-27,15.97,16.52,15.97,16.37,673273,22211960.00
2014-10-28,16.47,17.65,16.40,17.40,2151775,74370672.00
2014-10-29,17.40,17.73,17.19,17.46,1356600,47590824.00
2014-10-30,17.60,17.68,17.16,17.20,1038140,36300560.00
2014-10-31,17.16,17.38,16.46,16.68,1207243,40780112.00
2014-11-03,16.65,16.98,16.49,16.98,893252,30143696.00
2014-11-04,16.91,18.69,16.75,18.69,3656194,134068648.00
2014-11-05,18.70,19.51,18.30,18.47,2382806,90545984.00
2014-11-06,18.56,19.38,18.01,19.05,2466707,93380080.00
2014-11-07,19.08,19.47,18.66,18.97,1819445,69682544.00
2014-11-10,18.83,19.45,18.83,19.40,1685433,65230716.00
2014-11-11,19.40,19.41,18.15,18.15,1886196,70400624.00
2014-11-12,17.93,18.79,17.21,17.67,1757991,63081672.00
2014-11-13,17.40,17.65,16.23,16.36,2112890,70896304.00
2014-11-14,16.32,16.90,16.08,16.36,976352,32231072.00
2014-11-17,16.36,17.11,16.21,16.79,1031794,34766172.00
2014-11-18,16.75,17.10,16.58,16.84,823178,28023622.00
2014-11-19,16.85,17.17,16.82,16.92,768462,26252332.00
2014-11-20,16.83,16.90,16.30,16.44,1054873,35024896.00
2014-11-21,16.41,17.49,16.41,17.24,1603352,55139300.00
2014-11-24,17.21,17.91,17.21,17.83,1298908,45600972.00
2014-11-25,18.15,19.45,18.00,19.15,2406830,91915088.00
2014-11-26,19.05,19.05,18.43,18.83,1337213,50347904.00
2014-11-27,18.86,19.15,18.53,18.63,1318488,49796368.00
2014-11-28,18.63,19.60,18.46,19.40,2295968,88662592.00
2014-12-01,19.35,20.40,18.56,18.90,1837862,71074128.00
2014-12-02,18.60,19.58,18.60,18.82,1466411,56010980.00
2014-12-03,18.90,19.15,18.49,19.14,1568807,59184596.00
2014-12-04,19.20,20.10,19.16,19.64,1791708,70251576.00
2014-12-05,19.34,19.60,18.01,18.33,1963192,73732672.00
2014-12-08,18.14,18.14,17.41,17.62,1552641,55337012.00
2014-12-09,17.46,18.03,16.71,16.90,2060991,72457296.00
2014-12-10,16.71,17.83,16.70,17.78,840745,29579080.00
2014-12-11,17.58,18.13,17.51,17.95,762901,27335796.00
2014-12-12,17.81,18.20,17.74,18.11,598074,21676458.00
2014-12-15,18.43,19.90,18.23,18.96,2457264,94506984.00
2014-12-16,18.96,20.25,18.66,20.03,2659438,104905936.00
2014-12-17,19.97,20.10,19.23,19.25,1703523,66737604.00
2014-12-18,19.25,20.88,18.76,20.05,2018029,81346960.00
2014-12-19,20.00,20.79,19.39,19.83,1604280,64537564.00
2014-12-22,19.44,19.82,17.84,17.85,1914659,70604320.00
2014-12-23,17.75,18.39,17.12,17.20,1165527,41202256.00
2014-12-24,17.75,17.75,17.23,17.46,1028025,36014928.00
2014-12-25,17.50,18.15,17.38,18.10,826697,29665238.00
2014-12-26,18.00,18.53,17.70,18.19,632691,23033566.00
2014-12-29,18.01,18.18,16.40,16.50,1690384,57909536.00
2014-12-30,16.69,16.75,15.02,15.25,1477796,46510008.00
2014-12-31,15.09,15.59,14.69,15.45,1118838,34042228.00
2015-01-05,15.48,15.49,14.54,14.94,818481,24599998.00
2015-01-06,14.80,15.63,14.80,15.63,957180,29425584.00
2015-01-07,15.74,15.74,14.84,15.22,1037808,31483060.00
2015-01-08,14.94,15.50,14.94,15.33,968557,29982974.00
2015-01-09,15.33,15.69,15.17,15.50,969756,30373576.00
2015-01-12,15.56,16.63,15.40,16.55,1379766,44635840.00
2015-01-13,16.70,16.72,16.16,16.39,696100,23040120.00
2015-01-14,16.54,16.57,15.91,16.00,494900,16034043.00
2015-01-15,15.93,16.65,15.90,16.06,500355,16314628.00
2015-01-16,16.00,16.19,15.75,16.10,633993,20380514.00
2015-01-19,15.80,16.87,15.40,15.91,1349101,43437288.00
2015-01-20,15.83,16.65,15.83,16.58,1127166,37084360.00
2015-01-21,16.60,18.10,16.56,17.97,2295032,80811216.00
2015-01-22,17.69,18.20,17.65,17.98,1006246,36343080.00
2015-02-10,18.90,19.19,17.28,18.00,2722106,99098920.00
2015-02-11,17.75,17.90,17.46,17.79,974023,34685848.00
2015-02-12,17.66,17.85,17.20,17.27,867601,30459982.00
2015-02-13,17.27,18.05,17.27,18.05,1057984,37948268.00
2015-02-16,18.14,18.32,17.85,18.05,999438,36152060.00
2015-02-17,18.23,18.60,17.83,18.51,932472,34076972.00
2015-02-25,18.53,19.10,18.40,18.60,1118847,42201968.00
2015-02-26,18.58,18.65,18.01,18.30,743519,27366188.00
2015-02-27,18.34,18.50,18.06,18.45,561756,20676796.00
2015-03-02,18.45,18.70,18.01,18.33,1076459,39383180.00
2015-03-03,18.50,20.17,18.50,20.17,1714525,67927464.00
2015-03-04,21.40,22.20,20.42,21.17,3598583,154350288.00
2015-03-05,20.83,23.30,20.83,23.30,3953931,177979312.00
2015-03-06,23.52,25.63,23.45,24.34,5011152,247017088.00
2015-03-09,23.90,24.11,22.88,23.31,2596786,122628072.00
2015-03-10,23.27,24.33,23.15,23.32,1909606,90231128.00
2015-03-11,23.32,23.94,22.22,23.70,1840210,85697344.00
2015-03-12,23.55,23.55,22.14,22.40,2045930,92890208.00
2015-03-13,22.28,22.84,22.25,22.32,1219688,55099208.00
2015-03-16,22.43,23.29,22.40,23.02,2235150,102791056.00
2015-03-17,23.21,23.35,22.40,22.67,2341132,107387128.00
2015-03-18,22.67,24.66,22.67,24.24,2919605,139408928.00
2015-03-19,24.25,26.15,23.41,25.62,3791305,186794240.00
2015-03-20,25.88,25.89,25.05,25.31,2084658,106256680.00
2015-03-23,25.57,25.74,24.71,25.69,2942591,149144656.00
2015-03-24,26.10,26.10,24.00,25.11,2940194,147645424.00
2015-03-25,24.81,27.58,24.47,26.65,3195324,164700128.00
2015-03-26,27.15,29.33,26.32,29.33,5249471,301828448.00
2015-03-27,29.45,32.20,28.86,28.88,4603642,281112512.00
2015-03-30,29.46,30.33,27.56,28.37,3266968,186732592.00
2015-03-31,27.90,31.22,27.45,31.22,3470007,204553040.00
2015-04-01,30.40,33.15,30.02,31.65,3335684,211191536.00
2015-04-02,34.65,34.83,33.15,34.83,3259546,226199072.00
2015-04-03,36.30,38.32,34.91,38.32,1842804,137169152.00
2015-04-07,42.16,42.16,39.40,42.16,5839501,486261152.00
2015-04-08,42.18,42.18,37.94,39.00,5562921,446131104.00
2015-04-09,37.80,42.90,37.80,42.90,17456966,728646272.00
2015-04-10,42.96,43.19,39.78,39.78,15559406,633696768.00
2015-04-13,38.21,38.60,37.14,37.87,9225714,349783072.00
2015-04-14,37.18,37.58,35.79,35.90,8454403,307822464.00
2015-04-15,36.01,36.19,32.31,32.31,7802481,262063504.00
2015-04-16,31.99,34.14,30.99,32.51,6469292,211341008.00
2015-04-17,32.84,33.40,32.18,32.32,4309000,140673808.00
2015-04-20,32.43,32.66,30.60,30.60,5695975,178726672.00
2015-04-21,30.83,32.93,30.63,32.90,5410300,172848864.00
2015-04-22,33.00,34.34,32.80,33.51,5522500,186342400.00
2015-04-23,34.00,34.55,33.33,34.30,4906894,166484736.00
2015-04-24,33.88,34.13,32.80,33.08,3812072,127141336.00
2015-04-27,33.00,34.61,33.00,33.30,4502304,152096768.00
2015-04-28,33.20,33.48,31.20,31.52,3705299,118853400.00
2015-04-29,31.40,33.25,30.72,32.88,3475217,112640640.00
2015-04-30,32.97,33.50,32.36,33.12,3688146,121695552.00
2015-05-04,33.12,33.46,32.20,32.50,2569275,83888608.00
2015-05-05,32.54,32.70,31.47,31.68,2556632,81804336.00
2015-05-06,31.68,32.70,31.48,31.60,2918152,93794424.00
2015-05-07,31.03,31.69,28.80,29.20,4241897,127535912.00
2015-05-08,29.72,31.25,29.70,31.25,3366170,103436528.00
2015-05-11,31.92,33.96,31.58,33.65,5472785,180630608.00
2015-05-12,34.00,34.85,33.00,33.95,5921427,200665456.00
2015-05-13,33.95,34.86,32.30,34.60,6226260,211247888.00
2015-05-14,34.10,36.87,34.06,36.87,7474769,268970144.00
2015-05-15,36.80,36.80,34.88,35.40,4804103,171063296.00
2015-05-18,35.18,37.56,34.65,37.36,7008246,253869840.00
2015-05-19,37.20,38.35,36.41,37.14,5810493,215505232.00
2015-05-20,37.14,40.43,37.00,37.97,7091071,273494464.00
2015-05-21,37.90,40.43,37.50,40.07,7510012,295314848.00
2015-05-22,40.20,41.00,36.80,38.67,7305279,283560768.00
2015-05-25,37.89,39.65,36.21,37.89,6252200,235573072.00
2015-05-26,37.60,41.68,37.45,41.68,6029221,241057168.00
2015-05-27,43.00,45.85,42.79,45.22,8695551,386634080.00
2015-05-28,44.30,48.31,43.09,44.37,9891337,452722688.00
2015-05-29,44.35,48.81,43.68,48.81,9041521,430173344.00
2015-06-01,51.00,53.69,50.00,53.69,6949673,367833824.00
2015-06-02,58.00,58.80,51.40,52.42,11912551,645473408.00
2015-06-03,52.81,53.00,48.23,50.05,9943856,494807168.00
2015-06-04,49.00,50.93,45.05,47.75,8150093,384092736.00
2015-06-05,47.79,49.94,45.00,46.99,6568999,313620256.00
2015-06-08,47.02,48.00,42.71,43.95,7071789,313665920.00
2015-06-09,43.94,45.55,43.00,45.00,4558760,203420768.00
2015-06-10,44.88,48.12,44.80,47.50,6381440,298730144.00
2015-06-11,47.51,49.50,47.50,49.00,5846429,285201856.00
2015-06-12,49.00,49.78,47.00,47.50,4726227,225184592.00
2015-06-15,47.00,47.30,42.79,42.90,5483089,243670224.00
2015-06-16,42.45,42.45,38.97,39.16,4537950,181081024.00
2015-06-17,38.65,43.08,38.65,43.08,4722089,191972400.00
2015-06-18,42.51,45.44,39.70,40.36,5022103,217799888.00
2015-06-19,38.50,40.00,36.41,37.34,3809031,145941840.00
2015-06-23,37.02,39.85,34.00,39.66,4650102,173550352.00
2015-06-24,39.64,40.79,37.53,38.96,3958340,155960480.00
2015-06-25,38.95,39.18,35.23,35.65,4132085,153966336.00
2015-06-26,34.98,34.98,32.09,32.09,3657042,119633328.00
2015-06-29,33.00,33.38,28.88,28.88,3955730,116850816.00
2015-06-30,27.88,31.75,25.99,31.20,5722244,163165456.00
2015-07-01,30.16,32.50,28.08,28.08,5241078,159914928.00
2015-07-02,27.79,28.00,25.27,25.27,4521690,119219832.00
2015-07-03,26.50,26.50,22.74,22.74,5529148,132141136.00
2015-07-06,25.01,25.01,20.47,20.63,8482086,192518144.00
2015-07-07,19.15,20.01,18.57,18.57,2862798,54197864.00
2015-07-15,20.43,20.43,20.43,20.43,95302,1947019.88
2015-07-16,21.56,22.47,19.00,22.47,11282913,246818992.00
2015-07-17,23.49,24.72,23.31,24.72,5924658,143709648.00
2015-07-20,27.19,27.19,27.19,27.19,1118963,30424604.00
2015-07-21,29.91,29.91,28.61,29.91,8747425,257818080.00
2015-07-22,30.31,32.90,29.81,32.55,14907311,465525504.00
2015-07-23,31.50,35.43,31.00,33.96,11545259,382263872.00
2015-07-24,33.38,35.29,31.60,32.63,10589460,354495040.00
2015-07-27,31.40,34.52,29.37,29.40,10538793,338782528.00
2015-07-28,26.91,30.64,26.46,28.79,9096079,257587200.00
2015-07-29,29.55,31.67,28.79,31.67,9368202,282213440.00
2015-07-30,32.00,34.84,32.00,33.60,11622790,399102176.00
2015-07-31,32.50,35.89,32.50,34.29,11591283,400528288.00
2015-08-03,32.90,34.95,30.86,31.50,8621658,281371200.00
2015-08-04,32.70,34.65,32.63,34.65,8898216,305693664.00
2015-08-05,38.12,38.12,37.16,38.12,6702077,255447888.00
2015-08-06,38.78,39.90,34.80,35.55,18036836,681302016.00
2015-08-07,35.90,38.50,35.55,37.46,11519952,428441472.00
2015-08-10,37.00,39.73,36.10,38.61,15728429,595001408.00
2015-08-11,38.00,38.55,36.60,36.93,11145738,417970976.00
2015-08-12,36.00,38.45,35.81,36.81,7674560,287181088.00
2015-08-13,36.01,36.98,34.30,36.30,8463664,301353952.00
2015-08-14,36.62,37.80,35.71,35.81,6707711,246913648.00
2015-08-17,34.86,35.60,34.17,34.68,5612537,194884448.00
2015-08-18,34.82,38.15,34.82,35.90,16707147,623249664.00
2015-08-19,35.60,37.80,32.31,36.51,13348772,453942048.00
2015-08-20,35.80,35.80,32.90,32.98,7716852,265874688.00
2015-08-21,31.73,32.16,29.68,29.68,6475643,199392480.00
2015-08-24,26.71,28.00,26.71,26.71,3252000,87200456.00
2015-08-25,24.04,24.50,24.04,24.04,3237700,77953848.00
2015-08-26,24.49,24.97,21.64,21.64,8539146,194325232.00
2015-08-27,22.00,22.99,19.76,22.27,6391946,140256112.00
2015-08-28,22.80,24.50,22.30,24.50,7537130,175470704.00
2015-08-31,23.90,25.58,23.35,23.35,7206206,178479072.00
2015-09-01,22.70,23.19,21.02,21.02,4437048,95605376.00
2015-09-02,19.45,22.00,18.92,18.92,5664643,112609168.00
2015-09-07,19.86,20.50,18.60,19.45,5635502,111510944.00
2015-09-08,19.45,21.40,18.90,21.40,5680887,114915984.00
2015-09-09,21.80,23.28,21.70,22.89,7695990,173485840.00
2015-09-10,22.10,22.82,21.87,21.98,4839343,107973472.00
2015-09-11,21.80,22.99,21.70,22.51,4667583,104562504.00
2015-09-14,23.00,23.00,20.26,20.26,4117946,87610648.00
2015-09-15,19.00,19.69,18.23,18.23,3987300,74788360.00
2015-09-16,18.40,20.05,18.00,20.05,5157960,97622192.00
2015-09-17,20.05,21.70,19.31,19.50,7296066,148556480.00
2015-09-22,21.36,21.36,21.36,21.36,0,0.00
数据来源:通达信
