300275 梅安森 日线 前复权
      日期	    开盘	    最高	    最低	    收盘	    成交量	    成交额
2011-11-02,13.23,14.08,13.15,13.88,10732329,420660128.00
2011-11-03,14.22,15.09,14.01,14.01,7090109,294819168.00
2011-11-04,14.01,14.42,13.87,14.21,3891321,158826192.00
2011-11-07,13.86,14.08,13.52,13.96,2707812,107641568.00
2011-11-08,13.87,15.11,13.79,14.62,4679479,195386176.00
2011-11-09,14.51,14.92,14.30,14.91,3262642,137412016.00
2011-11-10,14.63,15.43,14.62,15.00,3565447,153587088.00
2011-11-11,15.01,15.11,14.26,14.35,2913691,122530088.00
2011-11-14,14.57,14.84,14.42,14.68,2494932,105091704.00
2011-11-15,14.52,14.74,14.36,14.58,1639643,68624904.00
2011-11-16,14.57,14.99,14.24,14.39,1459542,61658008.00
2011-11-17,14.30,15.17,14.30,14.88,2878868,122871576.00
2011-11-18,15.19,15.93,15.12,15.29,4427018,196340208.00
2011-11-21,15.16,15.33,14.12,15.01,2033356,86782376.00
2011-11-22,14.74,14.88,14.07,14.38,1760034,73192520.00
2011-11-23,14.52,15.11,14.45,14.54,1385511,58783708.00
2011-11-24,14.22,14.54,14.10,14.42,1030706,42566616.00
2011-11-25,14.36,14.50,13.76,13.80,1359999,55115252.00
2011-11-28,13.80,14.15,13.76,13.79,737820,29577188.00
2011-11-29,13.93,14.36,13.86,14.23,1055995,43118344.00
2011-11-30,14.29,14.42,13.01,13.33,1397467,55465516.00
2011-12-01,13.83,13.85,13.07,13.15,1550203,60536872.00
2011-12-02,12.95,12.99,12.58,12.76,772167,28546136.00
2011-12-05,12.64,12.93,12.20,12.35,427986,15442153.00
2011-12-06,12.43,12.90,12.26,12.74,520148,19044424.00
2011-12-07,12.61,13.10,12.61,13.01,641804,24023032.00
2011-12-08,13.07,13.31,12.66,13.03,645846,24316972.00
2011-12-09,13.03,13.61,13.02,13.22,634030,24468640.00
2011-12-12,13.11,13.68,13.11,13.29,611510,23722082.00
2011-12-13,13.21,13.22,12.80,13.04,462109,17345952.00
2011-12-14,12.93,13.23,12.68,12.76,277503,10376288.00
2011-12-15,12.69,12.90,12.43,12.43,312875,11456805.00
2011-12-16,12.49,12.60,11.61,12.32,908283,31797930.00
2011-12-19,11.96,12.37,11.77,12.30,517865,17994434.00
2011-12-20,12.10,12.50,12.10,12.26,483718,17305738.00
2011-12-21,12.34,12.43,11.90,11.90,380860,13428417.00
2011-12-22,11.71,11.85,11.16,11.61,514369,17092240.00
2011-12-23,11.72,11.85,11.43,11.61,196793,6637720.50
2011-12-27,11.36,11.65,11.18,11.64,531334,17680380.00
2011-12-28,11.54,11.90,11.26,11.80,398570,13541337.00
2011-12-29,12.04,12.04,11.65,11.82,158420,5414778.00
2011-12-30,11.73,12.05,11.73,11.93,189258,6509548.00
2012-01-04,12.01,12.15,11.48,11.48,300716,10418017.00
2012-01-05,11.48,11.48,10.64,11.18,704721,22584648.00
2012-01-06,11.10,11.36,10.51,11.01,550278,17352744.00
2012-01-09,10.80,11.36,10.67,11.35,440564,14289500.00
2012-01-10,11.35,11.66,11.21,11.54,766413,25489276.00
2012-01-11,11.47,11.79,11.40,11.60,407764,13701203.00
2012-01-12,11.61,11.65,11.40,11.54,413037,13812471.00
2012-01-13,11.54,11.54,10.68,11.01,725098,23111254.00
2012-01-16,10.93,10.93,10.29,10.30,259587,7995808.50
2012-01-17,10.46,10.93,10.11,10.89,260782,8038871.00
2012-01-18,10.89,10.94,10.29,10.46,317491,9753616.00
2012-01-19,10.22,10.75,10.22,10.29,250121,7599697.00
2012-01-20,10.29,10.47,10.22,10.25,418702,12575947.00
2012-01-30,10.31,10.63,10.26,10.49,318807,9715139.00
2012-01-31,10.47,10.53,10.22,10.45,169572,5138426.00
2012-02-01,10.40,10.85,10.40,10.65,376307,11720938.00
2012-02-02,10.61,10.82,10.48,10.78,683836,21173946.00
2012-02-03,10.75,11.08,10.70,11.04,810355,25793238.00
2012-02-06,11.10,11.11,10.85,10.95,809415,25802990.00
2012-02-07,10.88,10.95,10.50,10.56,521452,16205348.00
2012-02-08,10.59,10.90,10.51,10.88,509035,15871769.00
2012-02-09,10.90,11.35,10.90,11.16,830062,26880064.00
2012-02-10,11.15,11.21,10.95,11.18,461583,14893691.00
2012-02-13,11.11,11.85,11.04,11.58,905891,30494196.00
2012-02-14,11.52,11.75,11.48,11.67,507932,17197952.00
2012-02-15,11.64,11.88,11.62,11.72,770567,26242316.00
2012-02-16,11.64,11.76,11.36,11.53,1782299,59778408.00
2012-02-17,11.49,11.55,11.32,11.51,737034,24495486.00
2012-02-20,11.58,11.61,11.32,11.36,746796,24946082.00
2012-02-21,11.36,11.92,11.28,11.90,1471869,49743520.00
2012-02-22,11.83,12.08,11.72,12.03,1256158,43444692.00
2012-02-23,12.03,12.50,12.01,12.35,1735419,61907660.00
2012-02-24,12.27,12.43,12.15,12.40,744473,26569404.00
2012-02-27,12.40,12.60,12.29,12.29,428948,15427628.00
2012-02-28,12.25,12.43,11.94,12.22,635352,22466896.00
2012-02-29,12.12,12.39,12.08,12.18,378430,13428559.00
2012-03-01,12.12,12.21,12.01,12.16,334725,11743078.00
2012-03-02,12.10,12.39,12.10,12.39,400324,14256301.00
2012-03-05,12.39,12.79,12.39,12.71,749305,27472306.00
2012-03-06,13.04,13.16,12.72,12.82,1441730,53956992.00
2012-03-07,12.51,13.86,12.51,13.57,1801477,69520512.00
2012-03-08,13.51,13.97,13.33,13.93,1577575,62608528.00
2012-03-09,14.02,14.15,13.73,13.96,1170970,47049044.00
2012-03-12,13.93,14.22,13.67,13.87,1068697,42675188.00
2012-03-13,13.87,14.00,13.65,13.92,701019,27889344.00
2012-03-14,13.97,14.48,13.33,13.66,1551188,62685864.00
2012-03-15,13.72,14.35,13.44,14.20,1189352,47282368.00
2012-03-16,14.13,14.40,13.79,14.20,1131322,45939180.00
2012-03-19,14.21,14.21,13.62,13.92,1144369,45703036.00
2012-03-20,13.86,13.86,13.18,13.21,1322264,51061640.00
2012-03-21,13.22,13.35,12.83,13.33,1146556,43397152.00
2012-03-22,13.31,13.31,12.99,13.27,546958,20821462.00
2012-03-23,13.18,13.33,12.79,13.25,706410,26615048.00
2012-03-26,13.10,13.28,13.00,13.24,443040,16851846.00
2012-03-27,13.29,13.33,13.02,13.02,437036,16649016.00
2012-03-29,12.24,12.50,11.67,11.90,2341419,81401776.00
2012-03-30,11.80,11.96,11.68,11.87,929781,31816506.00
2012-04-05,11.91,12.36,11.73,12.24,508678,17896470.00
2012-04-06,12.42,12.42,11.96,12.11,671023,23825864.00
2012-04-09,12.15,12.58,11.97,12.48,779280,27969622.00
2012-04-10,12.48,12.53,12.12,12.51,631055,22622802.00
2012-04-11,12.40,12.61,12.26,12.54,488375,17600354.00
2012-04-12,12.57,12.78,12.46,12.78,567424,20769706.00
2012-04-13,12.95,12.95,12.57,12.67,651942,16970642.00
2012-04-16,12.67,12.78,12.47,12.54,573537,14788417.00
2012-04-17,12.54,12.54,12.23,12.31,419998,10581691.00
2012-04-18,12.35,12.86,12.32,12.65,1055176,27338166.00
2012-04-19,12.71,12.90,12.65,12.77,659357,17214904.00
2012-04-20,12.80,13.36,12.80,13.07,1114373,29926900.00
2012-04-23,12.85,13.06,12.49,12.56,1079983,27971824.00
2012-04-24,12.25,12.47,11.72,12.34,1320248,32774194.00
2012-04-25,12.34,12.56,12.27,12.47,565262,14383079.00
2012-04-26,12.50,12.60,12.23,12.32,322132,8169062.50
2012-04-27,12.25,12.47,12.23,12.32,136842,3446733.50
2012-05-02,12.47,12.56,12.13,12.46,505056,12794269.00
2012-05-03,12.42,12.77,12.33,12.77,444316,11421784.00
2012-05-04,12.73,13.12,12.73,13.08,855715,22736892.00
2012-05-07,13.00,13.41,12.89,13.38,636716,17260644.00
2012-05-08,13.38,13.43,13.13,13.22,459470,12458194.00
2012-05-09,13.12,13.17,12.97,13.07,404567,10764494.00
2012-05-10,13.00,13.28,13.00,13.13,318341,8564425.00
2012-05-11,13.02,13.26,12.87,13.02,519658,13774040.00
2012-05-14,13.06,13.10,12.90,12.98,310861,8280461.00
2012-05-15,12.78,12.82,12.42,12.66,370732,9504519.00
2012-05-16,12.66,12.70,12.42,12.50,221760,5662112.50
2012-05-17,12.50,12.64,12.30,12.59,141303,3621497.50
2012-05-18,12.50,12.50,12.17,12.34,255431,6421910.00
2012-05-21,12.21,12.57,12.21,12.48,245048,6210326.50
2012-05-22,12.58,13.04,12.53,13.00,417689,11026239.00
2012-05-23,12.97,13.10,12.84,12.93,350647,9291883.00
2012-05-24,12.96,13.22,12.78,12.78,609936,16313576.00
2012-05-25,12.80,12.86,12.35,12.62,260582,6709945.50
2012-05-28,12.33,13.04,12.33,13.04,196940,5127700.50
2012-05-29,12.98,13.37,12.98,13.32,368739,9975514.00
2012-05-30,13.72,14.02,13.62,13.86,1134595,31897402.00
2012-05-31,13.72,14.05,13.72,13.91,727134,20642608.00
2012-06-01,13.92,14.07,13.77,13.91,317123,8984388.00
2012-06-04,13.72,13.87,13.42,13.45,462581,12884004.00
2012-06-05,13.36,13.56,13.22,13.26,319270,8737100.00
2012-06-06,13.23,13.82,13.23,13.82,395461,11006363.00
2012-06-07,13.83,14.02,13.52,13.58,571289,16036727.00
2012-06-08,13.77,13.80,13.47,13.71,310073,8666132.00
2012-06-11,13.81,13.92,13.64,13.92,422957,11929145.00
2012-06-12,13.92,14.20,13.83,14.12,501722,14374100.00
2012-06-13,14.17,14.32,13.97,14.16,382609,11068480.00
2012-06-14,13.99,14.22,13.78,13.81,556801,15853718.00
2012-06-15,13.80,14.08,13.64,13.81,370601,10459124.00
2012-06-18,13.86,14.45,13.86,14.30,451994,13139612.00
2012-06-19,14.19,14.30,14.05,14.16,267707,7730422.00
2012-06-20,14.22,14.45,14.09,14.32,256925,7493417.00
2012-06-21,14.32,14.35,14.02,14.31,284612,8232209.50
2012-06-25,14.30,14.30,13.87,13.87,336091,9594086.00
2012-06-26,13.58,13.87,13.12,13.71,552559,15211556.00
2012-06-27,13.83,14.07,13.49,13.62,458929,12909890.00
2012-06-28,13.62,13.81,13.22,13.32,230002,6356674.50
2012-06-29,13.22,13.52,12.87,13.47,529718,14246686.00
2012-07-02,13.56,13.87,13.56,13.73,162572,4557019.00
2012-07-03,13.73,14.12,13.63,13.92,253390,7222925.00
2012-07-04,13.90,14.72,13.90,14.24,842996,24790256.00
2012-07-05,14.32,14.41,13.98,14.37,472505,13655311.00
2012-07-06,14.64,14.65,14.10,14.45,440316,12868292.00
2012-07-09,14.42,14.97,14.37,14.77,861973,25803196.00
2012-07-10,14.69,14.69,14.00,14.09,410532,11894659.00
2012-07-11,13.97,14.19,13.83,14.12,522576,14910598.00
2012-07-12,14.36,14.62,14.00,14.39,562077,16508931.00
2012-07-13,14.47,14.78,14.32,14.72,933974,27823264.00
2012-07-16,14.94,14.94,14.03,14.20,897146,26366094.00
2012-07-17,14.27,14.27,13.47,13.97,890451,25118692.00
2012-07-18,13.97,14.02,13.69,13.77,423100,11914770.00
2012-07-19,13.92,14.22,13.82,14.00,392115,11235564.00
2012-07-20,13.99,13.99,13.53,13.57,385282,10745196.00
2012-07-23,13.48,13.78,13.31,13.78,132402,3667413.25
2012-07-24,13.71,13.85,13.48,13.72,145074,4066505.50
2012-07-25,13.52,14.21,13.52,13.72,276689,7798648.00
2012-07-26,13.87,13.87,13.17,13.23,451445,12424053.00
2012-07-27,13.40,13.40,12.63,12.72,677078,17791450.00
2012-07-30,12.72,12.92,12.45,12.72,272286,7023657.00
2012-07-31,12.53,12.63,12.40,12.49,208900,5332551.00
2012-08-01,12.57,12.82,12.38,12.68,237344,6156301.00
2012-08-02,12.72,12.76,12.41,12.61,140432,3610966.50
2012-08-03,12.67,13.02,12.57,13.02,299093,7874150.50
2012-08-06,12.87,13.57,12.87,13.57,502024,13614320.00
2012-08-07,13.70,14.02,13.55,13.80,573959,16161222.00
2012-08-08,13.72,13.78,13.33,13.57,375566,10364843.00
2012-08-09,13.57,13.87,13.30,13.84,729250,20224040.00
2012-08-10,13.63,13.87,13.59,13.65,256836,7171091.00
2012-08-13,13.64,13.64,13.43,13.53,234998,6501267.00
2012-08-14,13.47,13.85,13.18,13.72,287734,7889922.50
2012-08-15,13.72,13.79,13.57,13.71,245454,6864442.50
2012-08-16,13.70,14.71,13.49,14.12,513764,14794059.00
2012-08-17,13.84,14.21,13.52,13.86,271230,7612999.50
2012-08-20,13.76,14.16,13.58,14.07,343412,9776047.00
2012-08-21,14.23,14.62,14.12,14.42,540049,15850710.00
2012-08-22,14.37,14.56,14.23,14.37,341122,9979614.00
2012-08-23,14.32,14.51,14.32,14.51,671645,19715134.00
2012-08-24,14.47,14.47,13.98,14.05,309254,8904784.00
2012-08-27,14.02,14.02,13.56,13.59,156836,4403408.50
2012-08-28,13.59,13.71,12.98,13.47,448860,12221278.00
2012-08-29,13.41,13.67,13.34,13.34,172241,4748167.50
2012-08-30,13.32,13.52,12.72,13.05,218410,5848334.50
2012-08-31,13.17,13.18,12.81,13.18,183260,4884437.50
2012-09-03,13.36,13.71,13.19,13.59,606034,16698067.00
2012-09-04,13.72,13.77,13.47,13.72,575342,15996268.00
2012-09-05,13.72,14.16,13.52,13.57,533319,14992748.00
2012-09-06,13.72,13.72,13.46,13.62,430476,11970748.00
2012-09-07,13.77,14.12,13.69,13.97,1078659,30704204.00
2012-09-10,13.97,14.08,13.72,13.88,1056447,29956590.00
2012-09-11,13.81,13.87,13.61,13.62,365439,10205564.00
2012-09-12,13.67,13.80,13.55,13.72,390356,10893582.00
2012-09-13,13.76,13.76,13.37,13.47,351774,9724377.00
2012-09-14,13.45,13.64,13.09,13.32,442117,11949815.00
2012-09-17,13.17,13.31,12.77,12.83,319543,8465075.00
2012-09-18,12.67,13.01,12.67,12.78,384861,10084046.00
2012-09-19,12.75,13.31,12.75,13.16,308967,8245728.50
2012-09-20,13.03,13.20,12.81,12.89,429468,11343111.00
2012-09-21,12.95,13.01,12.77,12.92,211154,5564594.50
2012-09-24,12.67,12.92,12.45,12.86,284667,7374475.00
2012-09-25,12.66,12.89,12.62,12.67,96200,2496250.00
2012-09-26,12.72,12.72,12.24,12.25,107899,2755872.50
2012-09-27,12.22,12.53,12.22,12.47,330207,8349902.00
2012-09-28,12.43,12.57,12.23,12.57,243209,6192389.00
2012-10-08,12.62,12.80,12.47,12.57,144214,3700584.75
2012-10-09,12.70,13.01,12.63,12.94,240312,6318066.50
2012-10-10,12.80,13.07,12.80,12.96,247915,6559436.50
2012-10-11,13.13,13.37,13.12,13.12,728620,19711698.00
2012-10-12,12.89,13.19,12.87,13.06,364053,9655009.00
2012-10-15,12.96,13.20,12.42,12.99,257869,6793099.50
2012-10-16,12.93,13.07,12.83,12.86,219170,5799991.50
2012-10-17,12.96,12.96,12.82,12.87,212404,5587061.50
2012-10-18,12.87,13.11,12.87,13.00,298758,7928083.00
2012-10-19,13.06,13.06,12.73,12.78,256200,6737174.50
2012-10-22,12.78,12.89,12.65,12.83,243812,6358561.00
2012-10-23,12.90,12.94,12.73,12.80,170271,4467190.00
2012-10-24,12.71,12.72,12.34,12.47,437953,11171337.00
2012-10-25,12.50,12.50,11.80,11.84,490653,12188710.00
2012-10-26,11.91,11.91,10.81,11.08,907393,20870974.00
2012-10-29,11.06,11.28,10.95,11.07,370274,8422055.00
2012-10-30,11.16,11.20,11.08,11.12,315889,7193879.00
2012-10-31,11.10,11.12,10.73,11.02,372771,8374749.50
2012-11-01,11.02,11.40,10.98,11.22,1137026,26191678.00
2012-11-02,11.22,12.10,11.19,11.70,948857,22482550.00
2012-11-05,11.67,11.67,11.32,11.53,460702,10804716.00
2012-11-06,11.46,11.55,11.17,11.52,373193,8679529.00
2012-11-07,11.40,11.57,11.38,11.45,227260,5341006.50
2012-11-08,11.37,11.45,11.34,11.39,373767,8715156.00
2012-11-09,11.40,11.52,11.29,11.30,272798,6365148.50
2012-11-12,11.30,11.30,10.87,10.98,592803,13361516.00
2012-11-13,10.97,10.97,10.79,10.88,120340,2684531.25
2012-11-14,10.72,10.94,10.72,10.92,96829,2154479.50
2012-11-15,10.98,11.00,10.67,10.71,165467,3654829.25
2012-11-16,10.68,10.70,10.12,10.41,445522,9439837.00
2012-11-19,10.22,10.43,10.12,10.40,208799,4404351.50
2012-11-20,10.40,10.77,10.27,10.67,322152,6933444.00
2012-11-21,10.64,10.75,10.37,10.72,175031,3778091.75
2012-11-22,10.72,10.80,10.57,10.73,177471,3904436.00
2012-11-23,10.72,10.85,10.64,10.79,267730,5919455.50
2012-11-26,10.83,11.37,10.83,11.11,494136,11299156.00
2012-11-27,10.86,10.99,10.72,10.82,305913,6764840.50
2012-11-28,10.76,10.96,10.40,10.50,377362,8148799.50
2012-11-29,10.47,10.97,10.47,10.67,399206,8764652.00
2012-11-30,10.61,10.92,10.61,10.92,135261,2999787.25
2012-12-03,10.83,11.07,10.38,10.40,596425,13012117.00
2012-12-04,10.28,10.28,9.71,10.05,1289602,26211790.00
2012-12-05,9.92,10.50,9.86,10.42,655931,13789829.00
2012-12-06,10.34,10.50,10.15,10.15,524180,11049966.00
2012-12-07,10.08,10.47,10.08,10.46,253956,5382386.00
2012-12-10,10.45,11.15,10.38,10.91,703375,15540787.00
2012-12-11,10.88,10.95,10.67,10.82,251301,5561746.00
2012-12-12,10.80,10.97,10.72,10.91,191143,4263558.00
2012-12-13,10.80,10.87,10.52,10.66,194896,4273220.00
2012-12-14,10.50,11.10,10.50,11.04,411119,9231934.00
2012-12-17,11.12,11.34,10.98,11.24,494483,11322823.00
2012-12-18,11.41,11.42,10.97,11.12,275258,6282620.50
2012-12-19,11.12,11.27,11.05,11.21,158161,3609047.25
2012-12-20,11.16,11.46,11.07,11.32,523452,12115605.00
2012-12-21,11.30,11.65,11.26,11.58,1279145,29906160.00
2012-12-24,11.63,11.90,11.47,11.62,691798,16598671.00
2012-12-25,11.68,12.01,11.58,11.88,728958,17676932.00
2012-12-26,11.99,12.72,11.87,12.70,1420408,35980792.00
2012-12-27,12.75,12.92,12.40,12.62,792452,20322726.00
2012-12-28,12.47,12.84,12.28,12.81,476679,12257073.00
2012-12-31,12.80,12.97,12.55,12.97,729020,18974992.00
2013-01-04,12.96,13.05,12.64,12.82,452993,11834547.00
2013-01-07,12.66,12.74,12.52,12.74,598551,15439230.00
2013-01-08,12.67,13.72,12.58,13.40,1327828,35815960.00
2013-01-09,13.38,13.96,13.22,13.77,1417952,39727920.00
2013-01-10,13.85,14.47,13.68,14.43,2266111,65168552.00
2013-01-11,14.25,14.65,14.10,14.25,1498310,43747412.00
2013-01-14,14.22,14.72,14.01,14.44,1434836,42308748.00
2013-01-15,14.44,14.86,14.17,14.47,1346595,39935280.00
2013-01-16,14.52,14.71,14.21,14.28,1565018,46052024.00
2013-01-17,14.17,14.32,13.63,13.73,1559209,44232640.00
2013-01-18,13.96,14.17,13.75,13.83,1117181,31719508.00
2013-01-21,13.83,14.26,13.77,14.22,886428,25241178.00
2013-01-22,14.22,14.44,13.77,13.79,1017345,29183938.00
2013-01-23,14.17,14.17,13.77,14.07,3615909,102750752.00
2013-01-24,13.95,14.11,12.80,13.12,2510600,69209264.00
2013-01-25,13.09,13.34,12.97,13.00,821628,22024320.00
2013-01-28,13.06,13.62,12.95,13.55,1323731,36221836.00
2013-01-29,13.62,13.71,13.48,13.60,933492,25905382.00
2013-01-30,13.53,13.67,13.16,13.38,970456,26478782.00
2013-01-31,13.40,13.43,13.22,13.40,388414,10566505.00
2013-02-01,13.40,13.71,13.29,13.70,708159,19566938.00
2013-02-04,13.70,13.97,13.45,13.50,743588,20632126.00
2013-02-05,13.47,13.70,13.47,13.67,702124,19477298.00
2013-02-06,13.67,14.02,13.63,13.90,924031,26096626.00
2013-02-07,14.05,14.45,13.91,14.33,1806927,52506288.00
2013-02-08,14.67,14.92,14.33,14.46,1185789,35000264.00
2013-02-18,14.43,14.57,14.03,14.21,1207538,34958896.00
2013-02-19,14.10,14.21,13.85,13.97,644682,18387940.00
2013-02-20,13.85,14.22,13.85,14.17,736731,21220274.00
2013-02-21,14.17,14.17,13.49,13.72,1562568,43886352.00
2013-02-22,13.62,13.76,13.48,13.50,663232,18466186.00
2013-02-25,13.52,13.79,13.47,13.74,615364,17104502.00
2013-02-26,13.72,14.00,13.51,13.70,1114090,31485186.00
2013-02-27,13.72,13.94,13.62,13.73,646257,18105166.00
2013-02-28,13.74,14.01,13.53,14.00,808090,22661482.00
2013-03-01,13.97,14.30,13.93,14.30,1102699,31885410.00
2013-03-04,14.17,14.47,13.65,13.72,1173667,33451770.00
2013-03-05,13.82,14.27,13.67,14.22,765769,21973370.00
2013-03-06,14.28,14.84,14.28,14.84,1716460,51337396.00
2013-03-07,14.79,14.82,14.25,14.52,1215584,36018336.00
2013-03-08,14.42,14.60,14.15,14.24,757511,22188938.00
2013-03-11,14.32,14.32,14.08,14.22,822966,23853666.00
2013-03-12,14.31,14.32,13.26,13.67,1972076,55305096.00
2013-03-13,13.48,13.71,13.31,13.66,599902,16532622.00
2013-03-14,13.66,13.76,13.39,13.62,399966,11128311.00
2013-03-15,13.62,14.05,13.54,13.87,860752,24412828.00
2013-03-18,13.87,13.93,13.57,13.77,508650,14275286.00
2013-03-19,13.76,13.96,13.60,13.88,473658,13335790.00
2013-03-20,13.88,14.40,13.88,14.33,678039,19637780.00
2013-03-21,14.25,14.53,14.25,14.32,747753,21992098.00
2013-03-22,14.31,14.37,14.10,14.28,563747,16348871.00
2013-03-25,14.28,14.46,14.17,14.25,467620,13625598.00
2013-03-26,14.25,14.35,13.84,14.13,324959,9317873.00
2013-03-27,14.13,14.26,14.03,14.18,526647,15215059.00
2013-03-28,14.17,14.17,13.31,13.72,697361,19449246.00
2013-03-29,13.73,13.73,13.46,13.62,226367,6276226.50
2013-04-01,13.66,13.94,13.62,13.88,307310,8671648.00
2013-04-02,13.91,13.91,13.62,13.72,327181,9183092.00
2013-04-03,13.52,13.77,13.45,13.61,254973,7051635.50
2013-04-08,13.38,13.69,13.22,13.68,219841,6068761.50
2013-04-09,13.68,13.85,13.63,13.70,301559,8474402.00
2013-04-10,13.68,13.82,13.54,13.77,270637,7566485.50
2013-04-11,13.81,13.84,13.20,13.22,740331,20235852.00
2013-04-12,13.30,13.60,13.28,13.35,720720,19777762.00
2013-04-15,13.33,13.37,13.21,13.36,171557,4647530.50
2013-04-16,13.22,13.32,12.97,13.32,221360,5942083.50
2013-04-17,13.31,13.31,13.15,13.31,239118,6466343.50
2013-04-18,13.31,13.64,13.24,13.33,961226,26250198.00
2013-04-19,13.33,14.06,13.30,14.06,2734879,38075708.00
2013-04-22,14.06,14.35,13.97,14.21,2347253,33519378.00
2013-04-23,14.21,14.21,13.31,13.67,2112458,29107206.00
2013-04-24,13.67,14.77,13.44,14.64,3953824,56725332.00
2013-04-25,14.37,14.53,13.16,13.56,5789195,79906512.00
2013-04-26,13.27,13.37,12.64,12.77,2606119,33872536.00
2013-05-02,12.67,12.97,12.36,12.81,1073669,13718284.00
2013-05-03,12.77,12.86,12.47,12.75,2281037,29249712.00
2013-05-06,12.75,12.86,12.61,12.86,2549390,32821978.00
2013-05-07,12.87,12.97,12.39,12.56,2175668,27790764.00
2013-05-08,12.50,12.70,12.43,12.56,2428710,30730394.00
2013-05-09,12.56,12.99,12.53,12.98,3263707,42154040.00
2013-05-10,12.98,13.22,12.77,12.91,2090262,27369796.00
2013-05-13,13.13,13.15,12.77,12.98,1440089,18780012.00
2013-05-14,12.94,12.98,12.52,12.62,1535400,19671276.00
2013-05-15,12.66,12.85,12.48,12.84,1153236,14780796.00
2013-05-16,12.82,12.95,12.50,12.69,2019675,25940040.00
2013-05-17,12.57,12.78,12.45,12.71,1947020,24803310.00
2013-05-20,12.79,13.13,12.78,13.03,2609631,34313708.00
2013-05-21,13.03,13.56,12.88,13.55,3567292,48030300.00
2013-05-22,13.50,13.96,13.20,13.31,3396342,46278972.00
2013-05-23,13.37,13.45,12.98,13.12,1801880,24007694.00
2013-05-24,13.06,13.31,13.02,13.26,1593731,21166282.00
2013-05-27,13.27,13.62,13.17,13.47,2891327,39212904.00
2013-05-28,13.55,13.57,12.82,13.17,2376861,31381724.00
2013-05-29,13.07,13.32,13.07,13.22,1643450,21857714.00
2013-05-30,13.13,13.50,13.13,13.42,2141321,28901446.00
2013-05-31,13.43,14.26,13.43,13.99,5540452,77834448.00
2013-06-03,14.08,14.23,13.70,13.73,2609248,36480740.00
2013-06-04,13.80,13.86,12.75,13.33,2378577,31994934.00
2013-06-05,13.26,13.31,12.95,13.19,1038301,13736922.00
2013-06-06,12.98,13.30,12.75,13.00,1270965,16661669.00
2013-06-07,12.92,13.03,11.87,12.46,2213621,27653416.00
2013-06-18,12.57,13.04,12.48,12.75,2757941,35571808.00
2013-06-19,12.65,12.85,12.38,12.85,1199552,15393411.00
2013-06-20,12.80,12.80,12.28,12.47,842477,10690035.00
2013-06-21,12.16,12.16,11.57,11.87,2315347,27581524.00
2013-06-24,11.82,11.82,10.67,10.67,1727612,19226740.00
2013-06-25,10.38,10.56,9.59,10.29,3019984,30533980.00
2013-06-26,10.22,10.55,9.97,10.47,2407552,25184208.00
2013-06-27,10.49,10.58,9.81,9.87,2146864,22122336.00
2013-06-28,9.72,9.72,9.34,9.47,2466920,23715956.00
2013-07-01,9.75,10.20,9.62,10.05,3532522,35516912.00
2013-07-02,9.98,10.33,9.90,10.24,2913419,29898856.00
2013-07-03,10.25,10.27,9.83,10.11,2437392,24804186.00
2013-07-04,10.05,10.31,9.87,10.17,2304497,23629428.00
2013-07-05,10.17,10.56,10.00,10.02,3756180,39249476.00
2013-07-08,9.77,9.77,9.09,9.17,2726621,25841612.00
2013-07-09,9.18,9.27,8.90,8.98,3596821,32890000.00
2013-07-10,9.04,9.43,8.97,9.33,2135014,19907432.00
2013-07-11,9.31,9.98,9.27,9.77,3563973,34665280.00
2013-07-12,9.73,10.15,9.60,9.67,2418053,24284058.00
2013-07-15,9.75,10.04,9.75,10.00,2009460,20251720.00
2013-07-16,10.06,10.22,9.98,10.20,2343603,24020050.00
2013-07-17,10.24,10.72,10.13,10.54,3998892,42513684.00
2013-07-18,10.44,10.96,10.33,10.89,3639747,39207624.00
2013-07-19,10.96,11.35,10.58,10.60,4285656,47595464.00
2013-07-22,10.49,11.23,10.37,11.12,3791399,41976012.00
2013-07-23,11.20,11.97,11.08,11.89,5819142,67607584.00
2013-07-24,11.84,13.09,11.75,13.02,10126531,129765104.00
2013-07-25,12.91,13.27,12.27,12.31,5926486,76037840.00
2013-07-26,12.27,12.43,11.48,12.12,3839769,46669548.00
2013-07-29,11.89,12.31,11.77,11.94,2243873,27117282.00
2013-07-30,11.88,12.04,11.07,11.45,3194665,37009904.00
2013-07-31,11.51,11.72,11.22,11.27,1985146,23036844.00
2013-08-01,11.37,12.17,11.23,12.10,3725702,44305496.00
2013-08-02,12.13,12.82,12.13,12.29,4981455,62863412.00
2013-08-05,12.29,12.63,12.17,12.47,2982265,37565476.00
2013-08-06,12.47,12.61,12.22,12.30,3066783,38331192.00
2013-08-07,12.26,12.37,11.69,11.75,2790525,33635376.00
2013-08-08,11.72,12.10,11.59,12.05,1941487,23446216.00
2013-08-09,12.12,12.13,11.62,11.85,1772446,21264496.00
2013-08-12,11.85,12.41,11.75,12.38,3430248,41952764.00
2013-08-13,12.39,12.55,12.15,12.24,2270787,28205984.00
2013-08-14,12.24,12.42,11.95,12.20,2298446,28299980.00
2013-08-15,12.17,12.23,11.90,11.92,1779006,21636700.00
2013-08-16,11.86,12.35,11.39,11.58,1964462,23738242.00
2013-08-19,11.57,12.00,11.50,11.96,1422274,17063564.00
2013-08-20,11.89,12.42,11.80,12.27,2914645,35922668.00
2013-08-21,12.26,13.51,12.14,13.25,8086965,106571480.00
2013-08-22,13.25,13.25,12.73,12.99,5794832,75944048.00
2013-08-23,12.97,13.08,12.37,12.70,4249053,54766320.00
2013-08-26,12.70,13.05,12.57,12.98,2936590,38137848.00
2013-08-27,12.91,12.96,12.57,12.76,3139492,40405132.00
2013-08-28,12.69,13.02,12.46,12.78,3929281,50671128.00
2013-08-29,12.80,13.49,12.80,13.17,5142214,68881520.00
2013-08-30,13.03,13.07,11.91,11.97,4706129,59374768.00
2013-09-02,12.02,12.26,11.77,12.25,1524724,18584430.00
2013-09-03,12.24,12.46,12.13,12.42,1505932,18726150.00
2013-09-04,12.37,12.41,12.04,12.09,1707726,21010340.00
2013-09-05,12.10,12.35,12.04,12.24,1301302,16050369.00
2013-09-06,12.20,12.28,12.09,12.21,1480950,18226338.00
2013-09-09,12.17,12.21,11.93,12.03,2098697,25485846.00
2013-09-10,12.04,12.12,11.75,11.81,2941761,35403000.00
2013-09-11,11.96,11.96,11.40,11.45,2073425,24203142.00
2013-09-12,11.49,11.68,11.47,11.48,1192345,13927906.00
2013-09-13,11.49,11.74,11.42,11.70,1103137,12956874.00
2013-09-16,11.71,11.72,11.45,11.47,1745981,20344424.00
2013-09-17,11.48,11.55,11.09,11.11,1601246,18295140.00
2013-09-18,11.05,11.35,10.96,11.33,1319721,14903240.00
2013-09-23,11.34,11.61,11.24,11.60,1601844,18543120.00
2013-09-24,11.58,11.82,11.52,11.63,1792059,21118224.00
2013-09-25,11.64,11.64,11.27,11.28,1693942,19578410.00
2013-09-26,11.23,11.44,11.23,11.28,926864,10610707.00
2013-09-27,11.47,11.81,11.44,11.66,2672013,31594762.00
2013-09-30,11.56,11.85,11.52,11.83,1772406,20952084.00
2013-10-08,11.87,11.98,11.72,11.97,1928544,23092178.00
2013-10-09,11.86,12.11,11.82,12.08,2154616,26169140.00
2013-10-10,11.97,12.08,11.67,11.70,1813695,21751986.00
2013-10-11,11.72,12.45,11.72,12.45,3786462,46842060.00
2013-10-14,12.58,13.02,12.49,12.95,5182435,67176456.00
2013-10-15,13.04,13.36,12.87,13.03,5076483,67094460.00
2013-10-16,13.17,14.22,13.16,14.11,10937972,153109264.00
2013-10-17,14.11,15.53,13.84,15.53,13183160,202420608.00
2013-10-18,15.88,16.25,14.89,15.60,10059353,156903488.00
2013-10-21,15.42,17.17,15.34,17.17,10871835,182181744.00
2013-10-22,16.80,17.45,15.97,16.47,10082640,169538464.00
2013-10-23,16.24,16.36,14.81,15.22,9945191,154255360.00
2013-10-24,15.02,15.57,14.57,14.85,5773355,87219600.00
2013-10-25,14.77,14.92,13.97,14.35,6868313,99898096.00
2013-10-28,14.40,14.60,14.09,14.35,3712557,53933316.00
2013-10-29,14.40,14.63,13.07,13.60,6260805,86897072.00
2013-10-30,13.49,13.98,13.40,13.79,4211085,58204368.00
2013-10-31,13.76,13.79,13.12,13.17,3271643,44185680.00
2013-11-01,13.11,13.32,12.80,13.17,2198613,29017540.00
2013-11-04,13.32,13.53,13.15,13.36,2005223,26972614.00
2013-11-05,13.14,13.80,13.14,13.76,2987491,40952480.00
2013-11-06,13.74,13.93,13.17,13.32,3247244,44511504.00
2013-11-07,13.37,13.45,12.98,13.02,1543373,20541936.00
2013-11-08,12.88,13.12,12.43,12.67,2053658,26226536.00
2013-11-11,12.53,13.26,12.49,13.18,2053143,26956962.00
2013-11-12,13.17,13.44,13.02,13.33,1596877,21397738.00
2013-11-13,13.23,13.54,13.20,13.24,1615507,21857116.00
2013-11-14,13.13,13.82,13.13,13.74,2477184,33968988.00
2013-11-15,13.86,14.53,13.73,14.25,4463376,63822112.00
2013-11-18,14.30,14.43,13.90,14.32,4537555,64703452.00
2013-11-19,14.27,14.32,13.92,14.32,3150625,44889436.00
2013-11-20,14.46,14.46,14.07,14.19,2270419,32551034.00
2013-11-21,14.17,14.17,13.44,13.55,3646494,50478672.00
2013-11-22,13.77,14.92,13.69,14.92,9296519,138593584.00
2013-11-25,14.92,16.07,14.92,15.22,15872707,247255408.00
2013-11-26,14.87,15.02,14.57,14.95,8235140,122893888.00
2013-11-27,14.82,14.90,14.42,14.90,6252157,92661104.00
2013-11-28,14.79,15.16,14.70,14.92,4950282,74846768.00
2013-11-29,14.94,15.24,14.64,15.18,6047501,91069696.00
2013-12-02,14.32,14.37,13.65,13.65,5448106,76147584.00
2013-12-03,13.04,13.60,12.37,13.42,5263334,69053248.00
2013-12-04,13.27,13.69,13.07,13.17,3673002,49921044.00
2013-12-05,13.05,13.34,12.67,13.14,4227024,55121276.00
2013-12-06,13.12,13.15,12.81,13.02,1638441,21486714.00
2013-12-09,13.07,13.44,12.88,13.40,2205659,29465486.00
2013-12-10,13.41,13.57,13.14,13.45,2037433,27458736.00
2013-12-11,13.41,13.77,13.17,13.49,2289881,31250140.00
2013-12-12,13.52,13.92,13.52,13.79,3136536,43595492.00
2013-12-13,13.68,13.92,13.59,13.73,1867075,25916352.00
2013-12-16,13.69,13.73,12.95,13.18,3683111,49255976.00
2013-12-17,13.18,13.26,12.92,13.02,1277449,16818754.00
2013-12-18,13.02,13.14,12.90,13.11,1034310,13630282.00
2013-12-19,13.12,13.22,12.83,12.84,1321787,17371986.00
2013-12-20,13.03,13.77,13.02,13.46,4762562,64740720.00
2013-12-23,13.07,13.64,12.89,13.56,2704252,36165948.00
2013-12-24,13.46,14.82,13.42,14.67,7759491,111923448.00
2013-12-25,14.65,14.86,14.39,14.82,4651064,68695912.00
2013-12-26,14.91,14.93,14.41,14.43,3975154,58655028.00
2013-12-27,14.47,15.48,14.42,15.11,6320690,96430408.00
2013-12-30,15.16,15.44,14.78,14.88,4321067,65622204.00
2013-12-31,14.78,14.96,14.12,14.50,2709279,39590092.00
2014-01-02,14.47,15.25,14.37,15.22,3549763,53403392.00
2014-01-03,15.17,15.20,14.77,15.15,3348568,50710288.00
2014-01-06,14.92,14.96,14.20,14.28,3497704,51280572.00
2014-01-07,14.21,14.63,14.12,14.56,1830503,26748556.00
2014-01-08,14.58,15.25,14.58,15.11,4499899,68211888.00
2014-01-09,15.02,15.64,14.41,14.42,5979296,91727744.00
2014-01-10,14.21,14.96,14.02,14.60,3371413,49345884.00
2014-01-13,14.56,15.46,14.47,15.12,5083107,77516056.00
2014-01-14,15.10,15.65,15.10,15.46,6000585,92833528.00
2014-01-15,15.37,16.03,15.25,15.84,7303444,115636904.00
2014-01-16,15.77,16.07,15.33,15.50,5280681,83002376.00
2014-01-17,15.45,16.03,15.27,15.68,5386911,85566096.00
2014-01-20,15.63,15.63,14.55,14.78,4770826,72717216.00
2014-01-21,14.67,15.24,14.63,15.21,2914896,44155196.00
2014-01-22,15.27,15.97,15.16,15.71,5114684,80450288.00
2014-01-23,15.52,16.27,15.33,15.97,6572239,105660160.00
2014-01-24,15.89,16.19,15.71,15.93,5887590,94611328.00
2014-01-27,15.92,16.55,15.78,16.47,7037424,114774368.00
2014-01-28,16.41,16.52,15.27,15.84,7016270,111785664.00
2014-01-29,15.84,16.37,15.49,16.17,6019677,96885304.00
2014-01-30,16.08,16.22,15.53,15.67,3845769,61642524.00
2014-02-07,15.45,15.96,15.28,15.84,3238449,51558048.00
2014-02-10,16.00,16.75,15.82,16.55,6198400,101785552.00
2014-02-11,16.47,16.65,15.97,16.24,4864681,79880696.00
2014-02-12,16.24,17.24,16.24,16.94,6779295,114851264.00
2014-02-13,16.95,17.13,16.17,16.32,5556129,93676008.00
2014-02-14,16.09,16.70,16.08,16.70,3610092,59732312.00
2014-02-17,16.82,17.65,16.72,17.62,7161708,123983408.00
2014-02-18,17.44,18.83,17.22,18.38,7018891,128011256.00
2014-02-19,18.27,18.79,17.92,18.48,5736579,106163248.00
2014-02-20,18.46,18.46,17.19,17.38,5805084,103139120.00
2014-02-21,17.22,17.94,16.94,17.61,3656393,64473232.00
2014-02-24,17.37,17.68,16.79,17.66,4903630,85056448.00
2014-02-25,17.64,18.12,15.88,16.00,6575806,112939640.00
2014-02-26,15.69,16.17,15.14,16.01,3158829,49976628.00
2014-02-27,15.97,16.76,15.81,15.81,4580978,75526456.00
2014-02-28,15.59,16.66,15.59,16.51,3843337,62804376.00
2014-03-03,16.63,17.04,16.42,16.82,2621964,44236588.00
2014-03-04,16.63,16.92,16.23,16.86,2796003,46612292.00
2014-03-05,16.84,17.37,16.79,17.10,3190445,55209020.00
2014-03-06,16.99,17.82,16.87,17.52,4504915,79230768.00
2014-03-07,17.47,18.30,17.37,17.54,4649067,83670680.00
2014-03-10,17.32,18.15,17.05,17.16,3714490,65841976.00
2014-03-11,17.07,17.26,15.67,16.19,3474635,57597752.00
2014-03-12,16.10,16.41,15.61,16.26,1876693,30245484.00
2014-03-13,16.26,16.70,16.05,16.69,1344189,22302882.00
2014-03-14,16.61,16.87,16.28,16.61,1495259,24959474.00
2014-03-17,16.61,17.42,16.47,17.27,2989727,51633252.00
2014-03-18,17.28,17.87,17.28,17.53,3165407,56035928.00
2014-03-19,17.53,17.67,17.10,17.64,2002020,35075220.00
2014-03-20,17.63,18.00,17.17,17.17,2830107,50143632.00
2014-03-21,16.97,17.27,16.37,17.19,2204518,37515452.00
2014-03-24,17.07,17.25,16.30,16.55,2338273,39334492.00
2014-03-25,15.82,16.16,15.18,15.63,4268482,67639008.00
2014-03-26,15.63,16.30,15.57,16.27,2540722,40898164.00
2014-03-27,16.07,17.47,15.77,17.11,10899708,184927136.00
2014-03-28,17.61,17.85,16.77,17.25,8136955,141643680.00
2014-03-31,17.24,17.47,16.79,17.11,4251146,73215560.00
2014-04-01,17.32,17.97,16.47,17.43,10076516,173831744.00
2014-04-02,17.27,17.57,16.87,17.07,5197612,89648432.00
2014-04-03,17.16,18.79,16.91,18.67,14685932,269650432.00
2014-04-04,18.35,19.32,17.79,18.50,13435725,249539952.00
2014-04-08,18.57,19.14,18.17,18.81,9085753,170526736.00
2014-04-09,19.05,19.32,18.39,18.90,7339195,138447088.00
2014-04-10,18.87,20.12,18.82,19.88,15677166,307475168.00
2014-04-11,19.37,19.62,18.25,18.67,9549844,180449280.00
2014-04-14,18.50,18.95,17.97,18.61,9184682,169892736.00
2014-04-15,18.60,18.74,18.18,18.45,8696488,161555072.00
2014-04-16,18.55,18.69,18.05,18.43,6154265,113610400.00
2014-04-17,18.61,19.07,18.16,18.44,10708689,199442528.00
2014-04-18,18.57,18.74,18.04,18.07,10866845,200609536.00
2014-04-21,18.37,18.42,17.68,17.77,9655377,174193072.00
2014-04-22,17.85,18.00,17.59,17.86,5039094,90378560.00
2014-04-23,17.88,18.30,17.72,17.82,5429073,98015592.00
2014-04-24,18.17,18.17,17.67,17.86,5871817,105977464.00
2014-04-25,17.89,18.15,17.77,17.91,7195864,130218840.00
2014-04-28,17.93,18.63,17.83,17.95,13853075,252061920.00
2014-04-29,18.12,18.42,17.93,18.12,14685827,267183264.00
2014-04-30,18.14,18.14,17.77,17.84,5154866,92944224.00
2014-05-05,17.95,17.95,17.09,17.17,5697701,99296832.00
2014-05-06,17.18,17.56,16.91,17.09,4615928,79101496.00
2014-05-07,17.27,17.42,17.05,17.13,2299790,39513800.00
2014-05-08,17.09,17.23,16.86,16.93,3826777,65130852.00
2014-05-09,16.48,16.82,16.12,16.41,6266626,102517360.00
2014-05-12,16.38,16.74,16.00,16.26,8663766,140692432.00
2014-05-13,16.26,16.43,16.11,16.27,5089300,83001064.00
2014-05-14,16.29,16.49,16.13,16.26,3249118,52938216.00
2014-05-15,16.30,16.41,16.14,16.22,3889353,63352228.00
2014-05-16,16.37,16.61,16.18,16.41,2974258,48618436.00
2014-05-19,16.42,16.84,16.20,16.45,13252214,218441536.00
2014-05-20,16.59,16.94,15.77,16.08,15956678,260353680.00
2014-05-21,16.11,16.27,15.73,15.97,10183652,162802496.00
2014-05-22,15.98,16.10,15.46,15.46,14460234,227237328.00
2014-05-23,15.24,15.41,14.88,15.29,8322387,126521808.00
2014-05-26,15.26,15.52,15.19,15.51,4548478,69974288.00
2014-05-27,15.42,15.46,15.07,15.21,3492757,53305044.00
2014-05-28,15.21,15.79,15.20,15.35,14211327,219695456.00
2014-05-29,15.31,15.32,14.62,14.64,6131162,91935824.00
2014-05-30,14.62,14.69,14.23,14.47,5867043,84663656.00
2014-06-03,14.47,14.67,14.44,14.48,2938867,42771436.00
2014-06-04,14.52,14.65,14.30,14.65,4284097,62272344.00
2014-06-05,14.66,14.91,14.55,14.82,3933144,58075448.00
2014-06-06,14.83,15.05,14.73,14.83,3070231,45760420.00
2014-06-09,14.82,14.82,14.27,14.33,2867441,41686944.00
2014-06-10,14.36,14.79,14.28,14.74,3074173,44865464.00
2014-06-11,14.79,14.93,14.74,14.89,2905731,43198348.00
2014-06-12,14.87,14.87,14.64,14.68,2064125,30459600.00
2014-06-13,14.76,15.33,14.68,15.13,4573027,69066752.00
2014-06-16,15.45,15.57,15.19,15.41,5597953,86447584.00
2014-06-17,15.39,15.39,15.11,15.13,2683663,40879776.00
2014-06-18,15.25,15.69,15.20,15.30,4587982,71249704.00
2014-06-19,15.31,15.33,14.16,14.37,3384281,49925004.00
2014-06-20,14.49,14.56,14.29,14.47,1495004,21628034.00
2014-06-23,14.40,14.90,14.40,14.88,2476082,36599488.00
2014-06-24,14.83,14.97,14.71,14.83,1506755,22402884.00
2014-06-25,14.94,14.94,14.47,14.60,1608831,23562720.00
2014-06-26,14.63,15.09,14.63,15.07,2914932,43724612.00
2014-06-27,15.03,15.46,14.92,15.28,3535739,53811624.00
2014-06-30,15.23,15.51,15.11,15.37,3052226,46817028.00
2014-07-01,15.37,15.42,15.13,15.38,2804541,42881484.00
2014-07-02,15.33,15.47,14.94,15.21,4003176,60774880.00
2014-07-03,15.25,15.46,15.10,15.42,3542665,54407136.00
2014-07-04,15.47,15.58,15.31,15.44,2904104,44956764.00
2014-07-07,15.45,15.47,15.12,15.25,2000061,30534514.00
2014-07-08,15.25,15.57,15.17,15.52,2973804,46015036.00
2014-07-09,15.56,15.65,15.23,15.25,2727706,42201832.00
2014-07-10,15.30,15.36,14.97,15.03,2203401,33469792.00
2014-07-11,15.08,15.23,15.01,15.15,1627301,24618144.00
2014-07-14,15.18,15.22,14.88,15.19,1900218,28669340.00
2014-07-15,15.08,15.41,14.70,14.89,5605973,84350240.00
2014-07-16,15.13,15.13,14.55,14.60,2422557,35727448.00
2014-07-17,14.67,14.67,14.36,14.47,1409764,20449148.00
2014-07-18,14.46,14.79,14.38,14.56,1201906,17647312.00
2014-07-21,14.57,14.57,14.16,14.27,1671884,23927116.00
2014-07-22,14.22,14.43,14.20,14.38,995166,14298812.00
2014-07-23,14.32,14.40,13.73,13.77,2293752,32209498.00
2014-07-24,13.75,13.82,13.19,13.32,2285216,30633444.00
2014-07-25,13.37,13.49,13.20,13.47,2162357,28900086.00
2014-07-28,13.50,13.81,13.42,13.72,2170505,29610332.00
2014-07-29,13.70,14.02,13.70,14.00,2422424,33767916.00
2014-07-30,14.04,14.21,13.99,14.08,2183272,30903768.00
2014-07-31,14.08,14.35,13.98,14.29,2083192,29560190.00
2014-08-01,14.23,14.39,13.95,14.04,2065398,29339144.00
2014-08-04,14.27,14.77,14.17,14.61,3852949,55951680.00
2014-08-05,14.57,14.91,14.29,14.67,3083333,44962520.00
2014-08-06,14.52,14.64,14.42,14.53,1669229,24319420.00
2014-08-07,14.50,15.41,14.34,15.06,7504168,111601176.00
2014-08-08,14.97,15.14,14.85,15.03,2323312,34949780.00
2014-08-11,15.02,15.11,14.85,15.01,2185554,32774182.00
2014-08-12,15.12,15.16,14.92,15.04,1932203,29138056.00
2014-08-13,15.04,15.16,14.79,14.99,1984879,29756676.00
2014-08-14,14.98,15.95,14.82,15.32,6185340,93817008.00
2014-08-15,15.33,15.45,15.19,15.32,4535825,69501600.00
2014-08-18,15.26,15.42,15.10,15.37,3907016,59745916.00
2014-08-19,15.38,15.63,15.29,15.46,3076849,47652928.00
2014-08-20,15.38,15.50,15.20,15.24,2646851,40810708.00
2014-08-21,15.26,15.34,14.95,15.20,2686094,40733148.00
2014-08-22,15.09,15.53,15.02,15.43,3762017,57696852.00
2014-08-25,15.43,15.85,15.33,15.47,5393875,84025112.00
2014-08-26,15.36,15.65,15.03,15.15,3107862,47552496.00
2014-08-27,16.43,16.67,15.97,16.35,14433927,235362560.00
2014-08-28,16.05,16.23,15.66,16.12,6689846,107090440.00
2014-08-29,16.02,16.74,15.97,16.37,6752213,111411280.00
2014-09-01,16.28,18.01,16.18,18.01,8819088,154006288.00
2014-09-02,18.67,18.82,18.21,18.57,10167426,188026384.00
2014-09-03,18.57,18.57,18.04,18.27,6636752,121278248.00
2014-09-04,18.12,18.35,18.09,18.29,4167915,76219856.00
2014-09-05,18.33,18.43,17.88,18.20,5030019,91587720.00
2014-09-09,18.22,18.22,17.57,17.99,5618783,100432520.00
2014-09-10,17.95,18.65,17.73,18.47,7430539,136956624.00
2014-09-11,18.30,18.94,18.15,18.32,4946424,91734776.00
2014-09-12,18.32,19.05,18.16,18.98,5069643,94709000.00
2014-09-15,19.10,19.32,18.64,19.03,3814260,72227856.00
2014-09-16,19.07,19.10,17.84,18.13,4384516,81039128.00
2014-09-17,18.24,18.30,17.38,17.97,3475204,61944732.00
2014-09-18,17.95,18.26,17.85,17.98,1514364,27336406.00
2014-09-19,18.07,18.36,17.92,18.28,1856519,33787388.00
2014-09-22,18.32,18.45,18.00,18.25,1872557,34273256.00
2014-09-23,18.22,18.76,18.10,18.76,2487947,45820592.00
2014-09-24,18.69,19.25,18.49,19.07,3276967,62547484.00
2014-09-25,19.03,19.53,18.92,19.26,2957889,57162416.00
2014-09-26,19.23,19.52,19.01,19.08,2032084,39074724.00
2014-09-29,19.09,19.36,18.72,18.88,2354011,44881192.00
2014-09-30,18.92,19.21,18.74,19.20,1682561,31829068.00
2014-10-08,19.27,19.46,18.96,19.41,2522358,48569000.00
2014-10-09,19.40,19.47,18.87,19.07,2339192,44766308.00
2014-10-10,19.01,19.95,18.67,19.73,4823356,93449944.00
2014-10-13,19.66,21.27,19.25,20.90,6274491,127828656.00
2014-10-14,20.74,21.54,20.17,20.55,3423825,71436464.00
2014-10-15,20.46,21.51,20.18,21.27,4109029,86460192.00
2014-10-16,21.55,22.25,20.98,21.18,4192857,90410480.00
2014-10-17,20.96,21.22,19.62,20.67,4049773,82729912.00
2014-10-20,20.65,21.07,20.39,20.82,2109376,43878832.00
2014-10-21,20.67,21.05,20.67,20.93,2060105,43052332.00
2014-10-22,20.94,21.97,20.75,21.72,3657557,79052016.00
2014-10-23,21.54,21.57,19.88,20.24,5028345,102726584.00
2014-10-24,19.97,20.33,19.65,20.26,2525177,50613712.00
2014-10-27,19.72,20.26,19.57,20.16,1907557,38005860.00
2014-10-28,20.10,20.97,20.10,20.96,2297581,47602956.00
2014-10-29,20.87,22.16,20.87,21.77,4788656,104303440.00
2014-10-30,21.67,22.14,21.46,21.72,2236823,48978492.00
2014-10-31,21.61,22.64,20.54,21.13,5365551,114449448.00
2014-11-03,21.13,21.27,20.67,21.27,2364613,49614100.00
2014-11-04,21.27,21.92,21.15,21.37,2490146,53626424.00
2014-11-05,21.38,21.79,21.12,21.22,1598962,34416500.00
2014-11-06,21.08,21.70,21.08,21.61,1421332,30558370.00
2014-11-07,21.61,21.93,20.37,20.55,5159558,108860016.00
2014-11-10,20.29,20.32,19.31,19.99,5110713,101430696.00
2014-11-11,19.58,19.97,18.84,19.08,2856504,55520052.00
2014-11-12,18.97,19.46,18.97,19.37,1923438,37077144.00
2014-11-13,19.75,19.75,18.74,18.86,2313129,43887872.00
2014-11-14,18.85,19.02,18.37,18.85,1555077,29126546.00
2014-11-17,18.87,19.68,18.85,19.51,1424616,27756400.00
2014-11-18,19.34,19.48,19.18,19.39,782782,15134814.00
2014-11-19,19.54,20.42,19.25,19.47,4478026,89018528.00
2014-11-20,19.49,19.56,18.98,19.16,1724961,33093424.00
2014-11-21,19.22,19.39,19.10,19.37,1144840,22106624.00
2014-11-24,19.38,19.63,18.57,18.82,4246908,80281512.00
2014-11-25,18.87,19.18,18.57,19.14,2666515,50314020.00
2014-11-26,20.47,21.06,20.08,21.06,14976748,312524544.00
2014-11-27,21.12,21.42,20.48,21.19,8652460,181530384.00
2014-11-28,21.16,21.46,20.61,21.17,5389203,113440224.00
2014-12-01,21.06,21.96,20.08,20.17,5729549,120104224.00
2014-12-02,19.97,21.22,19.96,20.83,4537339,94220392.00
2014-12-03,20.77,20.89,20.15,20.60,4383424,90111160.00
2014-12-04,20.67,22.66,20.67,22.13,8724147,191595488.00
2014-12-05,22.37,22.49,21.17,22.34,6374787,140703776.00
2014-12-08,22.33,22.33,20.85,20.92,7231374,156246128.00
2014-12-09,20.47,20.47,18.83,18.97,7746131,149329744.00
2014-12-10,18.87,19.64,18.67,19.34,3683714,71122632.00
2014-12-11,19.36,19.59,19.01,19.43,2134067,41382888.00
2014-12-12,19.35,20.06,19.28,19.78,2975853,58845440.00
2014-12-15,19.53,20.02,19.38,19.94,3467698,68740304.00
2014-12-16,19.93,20.23,19.57,19.73,2449929,48650348.00
2014-12-17,19.67,19.73,18.97,19.25,2999594,57487132.00
2014-12-18,19.22,19.45,18.70,19.27,4171067,79342624.00
2014-12-19,19.18,19.18,17.72,18.25,4919714,90226240.00
2014-12-22,18.21,18.21,16.42,16.42,5057032,83772368.00
2014-12-23,16.33,16.76,15.39,15.62,3678746,58739900.00
2014-12-24,15.67,16.32,15.67,15.97,2499152,40161948.00
2014-12-25,16.16,16.37,15.88,16.17,2057281,33231226.00
2014-12-26,16.13,16.26,15.87,15.93,2344790,37571992.00
2014-12-29,15.62,15.77,14.97,15.21,2602815,39801768.00
2014-12-30,15.21,15.37,14.57,14.84,3154907,46750036.00
2014-12-31,14.85,15.24,14.75,15.04,2521750,37722492.00
2015-01-05,15.18,15.20,14.67,15.05,2794777,41954988.00
2015-01-06,15.05,16.16,14.83,16.03,4283564,67012288.00
2015-01-07,15.92,16.07,15.60,15.83,2051905,32458898.00
2015-01-08,15.97,16.33,15.87,16.18,2677471,43236804.00
2015-01-09,16.13,16.34,15.78,15.82,2286173,36696880.00
2015-01-12,15.73,15.82,15.17,15.58,1850126,28683676.00
2015-01-13,15.55,16.36,15.37,16.32,3278635,52303560.00
2015-01-14,16.32,16.45,15.93,16.08,1916690,30947742.00
2015-01-15,16.08,16.19,15.48,15.68,2082410,33108854.00
2015-01-16,16.13,16.16,15.61,16.04,3115914,49856264.00
2015-01-19,15.77,16.57,15.48,15.83,3441960,55351276.00
2015-01-20,15.88,16.78,15.83,16.74,4938296,81113064.00
2015-01-21,16.74,17.37,16.72,17.20,5017809,85350064.00
2015-01-22,17.20,17.42,16.89,17.27,2586285,44440088.00
2015-01-23,17.29,17.29,16.80,16.86,2195426,37341084.00
2015-01-26,16.47,17.59,16.27,17.52,5197908,88654208.00
2015-01-27,17.52,18.14,17.37,18.06,5226976,93254064.00
2015-01-28,17.84,18.27,17.67,17.82,2969908,53299408.00
2015-01-29,17.66,18.45,17.37,18.41,4175767,75559120.00
2015-01-30,18.20,18.51,17.80,17.98,2760597,50238028.00
2015-02-02,17.92,18.16,17.35,17.66,2175999,39031676.00
2015-02-03,17.43,18.14,17.43,17.69,3475672,62114548.00
2015-02-04,17.72,18.02,17.60,17.72,1886843,33677904.00
2015-02-05,17.82,18.47,17.38,17.94,4104655,74066688.00
2015-02-06,17.88,18.04,17.08,17.23,2764926,48253928.00
2015-02-09,16.99,17.43,16.74,16.77,2528971,42834744.00
2015-02-10,16.73,17.27,16.57,17.26,1407117,23895000.00
2015-02-11,17.31,17.32,16.98,17.13,1658144,28547140.00
2015-02-12,17.31,18.14,16.83,17.95,4863981,85989600.00
2015-02-13,17.98,19.16,17.97,18.92,6919895,129721776.00
2015-02-16,18.97,19.17,18.60,19.07,3286662,62220328.00
2015-02-17,19.08,19.12,18.65,19.07,1863014,35209872.00
2015-02-25,19.10,19.65,18.98,19.49,3365360,65532012.00
2015-02-26,19.47,19.60,18.46,19.04,3039667,57875128.00
2015-02-27,18.86,19.17,18.67,18.91,2371505,44846708.00
2015-03-02,18.97,19.55,18.78,19.40,4128668,79565712.00
2015-03-03,19.29,20.07,19.02,19.40,4008733,79086456.00
2015-03-04,19.28,19.97,19.26,19.87,3376208,66670208.00
2015-03-05,20.02,20.02,19.43,19.72,2419233,47764460.00
2015-03-06,19.77,19.80,18.72,18.85,4262988,81283408.00
2015-03-09,18.94,19.32,18.77,19.13,2030541,38821996.00
2015-03-10,19.02,19.45,19.00,19.38,2107083,40693700.00
2015-03-11,19.23,19.46,18.50,18.53,3985478,74967584.00
2015-03-12,18.69,18.89,18.30,18.56,2582858,48083960.00
2015-03-13,18.75,19.15,18.53,19.04,3047057,57651732.00
2015-03-16,19.42,19.77,19.37,19.73,4384559,86251136.00
2015-03-17,19.87,20.72,19.46,20.16,6123856,122783536.00
2015-03-18,20.04,20.52,19.78,20.33,5423346,109780352.00
2015-03-19,20.20,20.74,19.97,20.39,4462005,90841040.00
2015-03-20,20.39,21.87,20.07,21.27,9432088,198911936.00
2015-03-23,21.27,22.26,20.95,22.12,10988338,236358080.00
2015-03-24,21.50,21.76,20.08,21.27,12734574,271092960.00
2015-03-25,20.92,21.24,20.27,20.76,8052284,167313136.00
2015-03-26,20.57,20.62,19.87,20.35,7200268,146052624.00
2015-03-27,20.27,20.97,20.18,20.65,4811591,99871240.00
2015-03-30,20.65,20.66,19.94,20.18,5603571,113137152.00
2015-03-31,20.26,21.15,20.17,20.95,7296375,151315424.00
2015-04-01,20.99,21.65,20.67,21.63,6031752,127467688.00
2015-04-02,21.49,21.97,21.12,21.80,7543312,163141040.00
2015-04-03,21.47,22.16,21.25,21.95,6325139,138213584.00
2015-04-07,21.95,22.84,21.95,22.62,7616624,170996848.00
2015-04-08,22.71,22.87,20.72,21.63,9305322,205479296.00
2015-04-09,21.55,21.72,19.92,21.72,7763505,162332000.00
2015-04-10,21.67,23.90,21.22,23.90,8534228,200629552.00
2015-04-13,25.00,26.23,24.26,25.47,14405513,362679392.00
2015-04-14,24.97,26.13,24.55,25.62,8754272,221393520.00
2015-04-15,25.40,25.56,23.98,24.07,6044175,149450192.00
2015-04-16,23.38,24.93,23.11,24.32,4361667,105960920.00
2015-04-17,24.10,24.92,23.67,24.49,5447491,132921448.00
2015-04-20,23.97,26.36,23.82,24.86,9875033,248010672.00
2015-04-21,24.60,26.17,24.60,25.92,9821300,250325184.00
2015-04-22,25.98,27.97,25.59,25.79,8783300,232283840.00
2015-04-23,25.77,26.87,25.67,26.77,7327341,192346640.00
2015-04-24,26.24,26.49,25.49,26.18,5100003,133085664.00
2015-04-27,26.07,26.37,24.97,25.01,5171500,131186392.00
2015-04-28,25.12,25.15,23.17,23.79,6367102,152318080.00
2015-04-29,23.69,25.14,22.98,24.88,3356020,82344200.00
2015-04-30,24.93,25.64,24.61,25.09,3146704,79307784.00
2015-05-04,25.08,25.50,24.43,25.49,3335984,84117944.00
2015-05-05,25.52,26.47,24.97,25.07,4223494,108146720.00
2015-05-06,25.49,26.26,24.81,25.15,5138098,131611120.00
2015-05-07,25.07,25.98,24.00,25.64,3953331,98939944.00
2015-05-08,25.80,28.20,25.80,28.20,8939550,243459584.00
2015-05-11,28.28,30.38,28.25,29.36,6947706,205139712.00
2015-05-12,29.13,29.93,28.64,29.47,5206979,152994624.00
2015-05-13,28.86,30.49,27.00,29.50,5194432,150360640.00
2015-05-14,29.90,31.87,29.90,30.34,5389181,166716336.00
2015-05-15,29.51,30.68,29.00,30.28,3423634,102013096.00
2015-05-18,29.80,31.70,29.80,31.23,3296783,102266576.00
2015-05-19,31.30,34.35,31.30,34.35,5320348,176468832.00
2015-05-20,35.30,37.79,33.97,35.43,7612188,271072544.00
2015-05-21,35.12,37.50,35.00,36.60,5341250,194482528.00
2015-05-22,37.00,37.50,34.59,35.02,7357237,261872000.00
2015-05-25,33.89,35.00,33.01,34.42,5396037,183291840.00
2015-05-26,34.19,37.00,34.19,36.33,4690235,168017072.00
2015-05-27,36.35,37.60,34.70,35.86,4910640,175420032.00
2015-05-28,35.78,36.00,32.50,33.11,5160321,179892032.00
2015-05-29,32.98,35.00,31.01,34.15,4435660,147777632.00
2015-06-01,34.15,36.20,34.15,35.99,4748006,168767056.00
2015-06-02,36.50,39.28,35.60,38.84,5382438,200996752.00
2015-06-03,38.40,39.70,36.50,37.13,5318916,201359712.00
2015-06-04,37.30,38.40,33.65,35.75,3720754,134241408.00
2015-06-05,36.45,36.98,34.18,35.63,3993401,142608256.00
2015-06-08,35.70,39.19,34.90,39.19,7003060,263472736.00
2015-06-09,38.96,40.50,37.50,38.31,5579836,215121328.00
2015-06-10,38.25,40.09,37.50,40.09,6218107,243420704.00
2015-06-11,40.03,43.50,39.58,40.27,6221736,255506464.00
2015-06-12,40.58,43.69,39.61,42.02,6151158,256805440.00
2015-06-15,42.20,44.98,42.20,42.46,7147252,312104032.00
2015-06-16,42.49,42.49,38.21,38.30,6056353,241109472.00
2015-06-17,38.88,40.00,35.30,39.01,5227100,195497856.00
2015-06-18,38.35,38.81,35.50,35.70,3078991,115616432.00
2015-06-19,35.74,35.80,32.13,33.36,5585408,188020912.00
2015-06-23,33.36,34.18,30.71,33.30,3053588,99613144.00
2015-06-24,33.73,34.60,32.00,33.65,4076733,136212336.00
2015-06-25,33.70,35.70,32.86,34.45,5932737,204455136.00
2015-06-26,32.80,34.97,31.01,31.01,5611994,185660992.00
2015-06-29,31.70,31.77,27.91,27.91,4704268,133663064.00
2015-06-30,26.05,30.70,25.12,29.58,8039434,218359200.00
2015-07-01,29.35,30.60,27.01,27.30,3846663,113888184.00
2015-07-02,27.50,27.50,24.57,24.57,3011200,76836488.00
2015-07-03,22.11,25.44,22.11,22.11,4758649,108771264.00
2015-07-06,24.00,24.20,19.90,19.90,4708011,100658768.00
2015-07-07,17.91,17.95,17.91,17.91,7377000,132124696.00
2015-07-08,16.12,18.10,16.12,17.30,15657969,257400096.00
2015-07-09,16.70,19.03,16.52,19.03,5685801,104373768.00
2015-07-10,20.10,20.93,20.10,20.93,2421210,50452896.00
2015-07-13,22.15,23.02,21.00,23.02,7391103,166872848.00
2015-07-14,23.43,24.88,22.12,23.17,13394584,313855648.00
2015-07-15,22.30,22.77,20.85,20.85,6693319,143484512.00
2015-07-16,19.03,22.30,18.78,20.86,6550526,136014528.00
2015-07-17,21.30,22.48,20.71,22.02,8733051,189987152.00
2015-07-20,22.02,23.30,21.01,23.30,10044675,223019744.00
2015-07-21,22.70,23.83,22.23,23.39,6718158,155669232.00
2015-07-22,23.80,24.00,22.21,23.84,9374758,218057552.00
2015-07-23,23.60,24.84,23.30,24.31,8777703,212436896.00
2015-07-24,24.30,25.88,23.96,24.29,11440997,284170688.00
2015-07-27,23.54,24.80,21.86,21.86,6690994,155781104.00
2015-07-28,19.88,21.85,19.67,19.78,9418876,190144944.00
2015-07-29,20.50,20.95,17.98,20.95,6723854,131655616.00
2015-07-30,22.53,22.53,20.42,20.55,9639823,210406192.00
2015-07-31,20.16,20.99,19.30,19.72,4232743,84848728.00
2015-08-03,19.40,19.76,17.75,17.77,3524493,65241160.00
2015-08-04,17.90,19.55,17.88,19.55,4886009,92389792.00
2015-08-05,19.73,20.77,19.55,19.90,6464318,130246160.00
2015-08-06,19.00,21.75,18.90,21.54,5445875,113751632.00
2015-08-07,21.54,23.15,21.31,22.71,6577721,147016640.00
2015-08-10,23.01,24.10,23.01,23.88,5605478,133094144.00
2015-08-11,24.51,24.60,23.00,23.11,6936564,164656416.00
2015-08-12,22.51,23.10,22.30,22.80,4728119,107131936.00
2015-08-13,23.48,25.08,22.80,24.00,6483399,153379520.00
2015-08-14,24.00,24.50,23.31,23.60,5698286,136096400.00
2015-08-17,24.79,25.96,24.78,25.96,5543750,141575552.00
2015-08-18,27.00,27.67,23.36,23.46,13003406,339874784.00
2015-08-19,21.98,25.81,21.50,25.80,9567633,223173632.00
2015-08-20,25.00,25.75,23.83,24.20,6724044,166890704.00
2015-08-21,23.02,24.10,21.90,22.10,5206702,119122320.00
2015-08-24,19.90,21.00,19.89,19.89,3571431,71180080.00
2015-08-25,17.90,18.48,17.90,17.90,2664254,47847104.00
2015-08-26,16.88,18.70,16.11,16.18,6997298,118972256.00
2015-08-27,16.50,17.45,14.91,17.00,4820997,78833856.00
2015-08-28,17.38,18.36,16.50,18.18,6747023,116473496.00
2015-08-31,17.78,17.78,16.36,16.36,4522901,76767808.00
2015-09-01,16.34,16.34,14.72,14.72,3916446,58649480.00
2015-09-02,13.25,15.16,13.25,13.25,4601812,63329836.00
2015-09-07,13.45,14.26,13.25,13.82,3969049,54710364.00
2015-09-08,13.58,15.17,13.55,15.04,3825772,54401816.00
2015-09-09,15.05,16.12,15.05,15.99,4510809,70887688.00
2015-09-10,15.50,16.15,15.50,15.58,2462616,38950988.00
2015-09-11,15.62,16.20,15.43,15.74,2953915,46589120.00
2015-09-14,15.75,15.93,14.17,14.17,4060328,59696036.00
2015-09-15,13.22,13.73,12.75,12.80,4681901,61391648.00
2015-09-16,12.95,14.08,12.80,14.08,4893079,65553760.00
2015-09-17,14.00,14.96,13.78,14.01,5270660,75763376.00
2015-09-22,14.90,14.90,14.90,14.90,0,0.00
数据来源:通达信
