300321 同大股份 日线 前复权
      日期	    开盘	    最高	    最低	    收盘	    成交量	    成交额
2012-05-23,23.38,24.29,23.37,23.46,5486770,133532280.00
2012-05-24,23.96,24.51,23.72,23.76,4901739,121327896.00
2012-05-25,22.96,23.10,22.24,22.36,3064858,71047848.00
2012-05-28,22.36,22.52,21.66,22.36,1543971,35143780.00
2012-05-29,22.34,22.64,22.08,22.61,1588626,36578456.00
2012-05-30,22.51,22.51,22.16,22.39,1228377,28195432.00
2012-05-31,22.31,22.62,21.97,22.49,1239531,28472700.00
2012-06-01,22.35,22.86,22.24,22.58,1164974,27150862.00
2012-06-04,22.09,23.23,21.88,22.54,1578273,36898784.00
2012-06-05,22.44,22.64,22.02,22.29,901351,20630888.00
2012-06-06,22.21,22.39,21.95,22.05,652872,14861642.00
2012-06-07,22.22,22.33,21.80,21.84,689278,15658836.00
2012-06-08,22.06,22.16,21.58,22.01,764542,17238358.00
2012-06-11,22.05,22.42,21.86,22.33,624392,14253477.00
2012-06-12,22.29,22.74,22.17,22.40,873106,20236560.00
2012-06-13,22.48,22.86,22.26,22.76,901849,20967434.00
2012-06-14,22.73,23.17,22.52,22.68,987147,23214344.00
2012-06-15,22.88,23.16,22.54,23.06,878786,20654142.00
2012-06-18,23.06,23.26,22.96,23.16,857013,20335284.00
2012-06-19,23.11,23.16,22.74,23.06,688152,16204678.00
2012-06-20,22.89,23.33,22.89,23.09,534989,12703772.00
2012-06-21,22.94,23.08,22.61,23.03,561641,13178013.00
2012-06-25,22.96,24.51,22.88,23.90,1916648,46873576.00
2012-06-26,23.67,24.85,23.24,24.61,1930070,47776104.00
2012-06-27,24.34,26.33,24.12,25.10,2321582,59928112.00
2012-06-28,24.87,25.49,24.36,24.36,1358114,34708604.00
2012-06-29,24.34,25.66,24.07,25.48,1565424,40131504.00
2012-07-02,25.36,25.76,25.02,25.54,1222422,31835468.00
2012-07-03,25.36,26.01,25.15,25.60,1214352,31789768.00
2012-07-04,25.36,25.66,24.84,25.24,1324113,34256440.00
2012-07-05,25.17,25.26,24.66,25.15,961072,24602514.00
2012-07-06,25.18,25.26,24.16,25.19,1196158,30385874.00
2012-07-09,24.86,25.01,24.47,24.56,638941,16163628.00
2012-07-10,24.18,24.44,23.71,24.19,751886,18545664.00
2012-07-11,24.16,24.16,23.68,23.99,261294,6404239.00
2012-07-12,23.39,23.41,21.71,23.07,1061229,24966012.00
2012-07-13,22.77,23.00,22.34,22.34,615610,14289598.00
2012-07-16,22.23,22.23,21.61,21.76,526346,11825300.00
2012-07-17,21.76,22.04,21.64,21.87,303863,6830526.00
2012-07-18,21.60,22.14,21.46,22.07,459871,10285106.00
2012-07-19,21.96,23.04,21.92,22.32,480831,11081031.00
2012-07-20,22.37,22.85,22.14,22.37,369330,8492475.00
2012-07-23,22.21,22.72,21.96,22.56,404641,9340670.00
2012-07-24,22.26,22.79,22.26,22.56,326957,7590046.50
2012-07-25,22.38,23.34,22.37,22.60,682533,16057277.00
2012-07-26,22.54,22.79,22.16,22.34,461549,10678608.00
2012-07-27,22.32,22.45,21.97,22.30,314713,7192585.00
2012-07-30,22.25,22.36,21.80,21.86,220568,4996104.00
2012-07-31,21.59,21.93,20.81,20.82,515547,11300788.00
2012-08-01,20.75,21.51,20.66,21.22,352872,7684702.00
2012-08-02,21.12,21.31,20.81,21.02,254180,5528674.00
2012-08-03,21.16,21.86,20.96,21.66,359021,7955438.00
2012-08-06,21.53,22.16,21.43,22.02,472404,10650220.00
2012-08-07,22.13,22.22,21.86,22.00,331150,7501255.00
2012-08-08,21.94,22.16,21.71,21.95,334249,7524105.00
2012-08-09,22.11,22.57,21.96,22.46,589214,13560132.00
2012-08-10,22.56,22.79,22.28,22.52,351556,8130303.50
2012-08-13,22.36,22.56,21.96,22.15,254807,5840209.50
2012-08-14,22.04,22.32,21.71,22.30,349867,7897750.50
2012-08-15,21.66,22.20,21.66,22.05,207626,4695832.00
2012-08-16,21.97,22.16,21.81,22.10,163060,3690117.00
2012-08-17,21.96,22.53,21.96,22.29,373466,8553427.00
2012-08-20,22.23,22.50,22.01,22.35,313341,7191085.00
2012-08-21,21.37,22.50,21.37,22.37,848512,19206676.00
2012-08-22,22.16,22.40,21.97,22.20,540656,12343079.00
2012-08-23,22.15,22.71,22.13,22.39,1542811,35617980.00
2012-08-24,22.29,22.36,21.57,21.66,740084,16704970.00
2012-08-27,21.69,21.69,20.78,20.85,411950,8932495.00
2012-08-28,21.03,21.31,20.79,21.19,569921,12324856.00
2012-08-29,21.01,21.50,21.01,21.26,399434,8755690.00
2012-08-30,21.17,21.46,20.36,20.80,466834,10034747.00
2012-08-31,20.66,21.13,20.59,20.95,231453,4977800.00
2012-09-03,20.95,21.50,20.91,21.44,419164,9195237.00
2012-09-04,21.34,21.50,21.17,21.19,516798,11323730.00
2012-09-05,21.17,21.66,21.09,21.54,524419,11577400.00
2012-09-06,21.61,22.16,21.54,21.73,370844,8301492.50
2012-09-07,21.91,22.56,21.74,22.21,894273,20450238.00
2012-09-10,22.21,22.55,22.15,22.35,508189,11680867.00
2012-09-11,22.22,22.27,21.91,22.12,495360,11258319.00
2012-09-12,22.25,22.25,21.76,21.99,451607,10210825.00
2012-09-13,22.04,22.10,21.82,21.84,307699,6970186.50
2012-09-14,21.78,22.15,21.47,21.85,501887,11268897.00
2012-09-17,21.87,21.87,20.86,20.91,470363,10283558.00
2012-09-18,20.91,21.09,20.85,20.99,239014,5157493.00
2012-09-19,20.88,21.09,20.72,21.04,250625,5407950.00
2012-09-20,20.91,21.02,20.02,20.33,494483,10378492.00
2012-09-21,20.25,20.32,19.92,20.23,205919,4292597.00
2012-09-24,19.98,20.14,19.67,20.11,246579,5062523.00
2012-09-25,19.86,20.22,19.79,19.91,200515,4133264.75
2012-09-26,19.69,19.86,19.01,19.08,389217,7787746.50
2012-09-27,19.26,19.61,18.99,19.49,272076,5442393.00
2012-09-28,19.36,19.80,19.36,19.76,241863,4890406.00
2012-10-08,19.58,19.75,19.45,19.55,139353,2818252.00
2012-10-09,19.66,20.19,19.65,20.19,352503,7268326.00
2012-10-10,20.11,20.32,19.97,20.27,213440,4442110.00
2012-10-11,19.84,19.84,19.16,19.30,896196,17983410.00
2012-10-12,19.26,19.45,19.06,19.32,365768,7283296.50
2012-10-15,19.34,19.34,18.62,18.91,391778,7652660.00
2012-10-16,18.75,19.00,18.70,18.93,210530,4111733.75
2012-10-17,18.93,19.10,18.72,19.00,193458,3777521.75
2012-10-18,18.96,19.21,18.79,19.19,440972,8710550.00
2012-10-19,19.26,19.26,19.06,19.17,306596,5995212.00
2012-10-22,19.12,19.40,19.05,19.40,267428,5268468.50
2012-10-23,19.39,19.45,19.06,19.14,215099,4235128.50
2012-10-24,19.08,19.19,18.90,19.02,197424,3846170.00
2012-10-25,18.98,19.13,18.78,18.78,203511,3939742.75
2012-10-26,18.78,18.78,18.16,18.38,349430,6582434.50
2012-10-29,18.29,18.31,17.99,18.09,210618,3914108.50
2012-10-30,18.01,18.25,18.01,18.12,163627,3035479.75
2012-10-31,18.04,18.22,17.99,18.21,197756,3662552.75
2012-11-01,18.19,18.56,18.13,18.50,292606,5519456.50
2012-11-02,18.57,18.68,18.51,18.64,192723,3666493.25
2012-11-05,18.68,18.68,18.36,18.47,169908,3206329.75
2012-11-06,18.40,18.40,17.96,18.30,212235,3950429.25
2012-11-07,18.26,18.51,18.18,18.43,232891,4379921.00
2012-11-08,18.28,18.28,17.64,17.91,370995,6775861.50
2012-11-09,17.75,18.08,17.66,18.07,225720,4124996.75
2012-11-12,17.89,18.11,17.80,17.96,270229,4958968.00
2012-11-13,17.88,19.08,17.53,18.53,1385715,26062328.00
2012-11-14,18.37,18.98,18.13,18.85,1388820,26446224.00
2012-11-15,18.75,19.25,18.51,19.00,1626556,31581216.00
2012-11-16,18.89,18.98,17.96,18.36,945777,17729582.00
2012-11-19,18.27,20.24,18.09,20.24,2349361,46698372.00
2012-11-20,19.96,20.35,19.82,20.23,2242634,45888112.00
2012-11-21,20.09,21.86,19.68,21.41,2748462,57643056.00
2012-11-22,20.97,21.23,20.59,20.94,1554366,33185616.00
2012-11-23,20.88,21.66,20.68,21.24,1497631,32427594.00
2012-11-26,21.12,21.35,20.67,20.67,606890,13000653.00
2012-11-27,21.41,22.27,20.89,20.89,2194400,47870188.00
2012-11-28,19.90,20.98,18.80,20.48,1496174,30393964.00
2012-11-29,20.08,20.36,19.08,19.38,643346,12963098.00
2012-11-30,19.48,19.73,18.98,19.56,408692,8118773.00
2012-12-03,19.44,19.65,18.13,18.37,519035,10057810.00
2012-12-04,17.89,18.58,17.67,18.41,486476,9008526.00
2012-12-05,18.33,19.34,18.18,18.98,759527,14723181.00
2012-12-06,18.86,19.18,18.62,18.80,395043,7621348.50
2012-12-07,18.86,19.45,18.52,19.30,778517,15176420.00
2012-12-10,19.26,20.38,19.26,20.20,1013649,20493230.00
2012-12-11,20.13,20.23,19.70,19.74,643680,13072775.00
2012-12-12,19.86,20.58,19.60,20.39,1062033,21905956.00
2012-12-13,20.34,20.34,19.73,19.83,495261,10084434.00
2012-12-14,19.82,20.68,19.70,20.50,883520,18341854.00
2012-12-17,20.25,20.53,20.18,20.43,447215,9287928.00
2012-12-18,20.41,20.58,20.14,20.17,547739,11375686.00
2012-12-19,20.16,20.37,20.07,20.23,351535,7261514.00
2012-12-20,20.04,22.17,20.04,21.24,1520070,32910832.00
2012-12-21,21.00,22.38,21.00,21.90,1745391,38969200.00
2012-12-24,21.89,22.88,21.86,22.53,1330411,30357536.00
2012-12-25,22.58,23.08,22.37,22.80,2005322,46587308.00
2012-12-26,22.68,24.47,22.49,24.16,2239096,53886024.00
2012-12-27,23.96,23.96,22.68,22.68,1677000,39898136.00
2012-12-28,22.78,23.54,22.68,23.11,1161397,27368082.00
2012-12-31,23.08,23.43,22.29,22.68,1033565,23838640.00
2013-01-04,22.59,23.75,22.51,23.31,1090650,25638484.00
2013-01-07,23.08,23.64,22.84,23.57,928789,21983198.00
2013-01-08,23.41,24.33,23.20,23.38,1490705,35958980.00
2013-01-09,23.07,23.07,22.23,22.51,1144011,26358414.00
2013-01-10,22.32,22.85,22.23,22.39,823738,18880022.00
2013-01-11,23.01,24.28,22.97,23.34,2447004,59224600.00
2013-01-14,22.80,23.73,22.01,23.67,2255942,52964504.00
2013-01-15,23.86,24.08,23.32,23.66,1486367,35764132.00
2013-01-16,23.68,23.78,22.83,23.18,1045079,24746766.00
2013-01-17,23.18,23.26,22.69,22.76,660961,15454203.00
2013-01-18,22.76,23.06,22.38,22.99,646963,15013579.00
2013-01-21,23.18,23.18,22.60,22.70,937421,21706292.00
2013-01-22,22.64,22.66,21.56,21.58,1253131,28072790.00
2013-01-23,21.53,21.75,21.10,21.48,629074,13712967.00
2013-01-24,21.53,21.78,20.72,20.97,896798,19352586.00
2013-01-25,20.87,21.18,20.87,21.01,387416,8308231.50
2013-01-28,21.23,21.43,20.96,21.42,623386,13508312.00
2013-01-29,21.53,22.67,21.43,22.17,1241926,28143002.00
2013-01-30,22.15,22.15,21.26,21.62,763139,16830788.00
2013-01-31,21.58,21.67,21.10,21.18,454634,9839635.00
2013-02-01,21.08,21.37,20.81,21.30,378220,8193104.50
2013-02-04,21.48,21.48,20.78,20.82,488609,10459389.00
2013-02-05,20.60,21.12,20.49,21.07,419970,8955069.00
2013-02-06,21.13,21.56,20.98,21.49,595572,12879410.00
2013-02-07,21.56,22.58,21.37,21.83,515586,11519884.00
2013-02-08,21.88,22.18,21.78,22.12,430611,9680831.00
2013-02-18,22.26,22.26,21.88,22.00,375500,8410443.00
2013-02-19,21.98,21.99,21.24,21.30,406938,8913617.00
2013-02-20,21.34,21.74,21.08,21.71,364560,8000412.00
2013-02-21,21.59,21.62,21.10,21.28,318111,6938423.00
2013-02-22,21.23,21.49,21.16,21.34,203901,4435952.00
2013-02-25,21.34,21.56,21.26,21.48,293607,6408741.00
2013-02-26,21.39,21.60,21.02,21.14,370184,8078659.00
2013-02-27,21.10,21.39,20.86,20.96,307260,6585338.50
2013-02-28,21.03,21.30,20.83,21.30,236425,5099215.50
2013-03-01,21.41,21.68,21.31,21.61,397840,8731729.00
2013-03-04,21.51,21.63,20.86,21.02,393794,8577122.00
2013-03-05,20.97,21.30,20.56,21.26,268692,5745204.50
2013-03-06,21.28,21.64,21.20,21.59,427184,9382544.00
2013-03-07,21.68,21.83,21.31,21.39,697883,15375278.00
2013-03-08,21.63,21.81,21.41,21.67,481718,10623275.00
2013-03-11,21.67,22.32,21.58,22.24,997145,22409336.00
2013-03-12,22.25,22.91,21.35,21.74,1175815,26519628.00
2013-03-13,21.80,21.80,21.08,21.74,487863,10650050.00
2013-03-14,21.68,21.86,21.49,21.75,591601,13106232.00
2013-03-15,21.76,21.88,21.31,21.66,620666,13726629.00
2013-03-18,21.58,21.58,20.45,20.45,792187,16905306.00
2013-03-19,21.24,21.24,19.60,20.18,616815,12792103.00
2013-03-20,20.08,20.52,20.08,20.49,522509,10828896.00
2013-03-21,20.36,20.67,20.34,20.47,378879,7935667.00
2013-03-22,20.46,20.53,20.32,20.49,290871,6060463.50
2013-03-25,20.42,20.51,20.28,20.37,237996,4949338.00
2013-03-26,20.35,20.45,20.05,20.35,256283,5286495.00
2013-03-27,20.29,20.37,20.16,20.23,334462,6913787.00
2013-03-28,20.17,20.17,19.30,19.42,478202,9562107.00
2013-03-29,19.42,19.61,19.30,19.45,144882,2874790.50
2013-04-01,19.45,19.70,19.30,19.50,147492,2946879.75
2013-04-02,19.55,19.83,19.13,19.18,348383,6901046.00
2013-04-03,19.28,19.38,19.00,19.19,212116,4153702.75
2013-04-08,19.08,19.08,18.43,18.88,212453,4054862.50
2013-04-09,18.77,19.02,18.77,19.01,206449,3995650.00
2013-04-10,18.89,19.03,18.79,18.91,158900,3074955.75
2013-04-11,19.03,19.04,18.86,18.90,126436,2448940.25
2013-04-12,18.96,18.98,18.75,18.76,122700,2367659.50
2013-04-15,18.58,18.81,18.44,18.57,142011,2700884.25
2013-04-16,18.48,18.79,18.36,18.72,155474,2941918.25
2013-04-17,18.64,18.92,18.61,18.88,135680,2601356.75
2013-04-18,18.97,19.04,18.83,18.95,190941,3698764.50
2013-04-19,18.95,19.31,18.95,19.31,413983,8113005.00
2013-04-22,18.94,19.00,18.66,19.00,618132,11868401.00
2013-04-23,18.99,19.01,18.44,18.50,375041,7153529.50
2013-04-24,18.53,18.88,18.49,18.84,282959,5419960.00
2013-04-25,18.74,18.96,18.51,18.52,231048,4419513.00
2013-04-26,18.58,18.70,18.45,18.46,171853,3258889.50
2013-05-02,18.25,18.75,17.99,18.64,211480,4006210.50
2013-05-03,18.66,18.95,18.66,18.81,277888,5345613.50
2013-05-06,18.87,19.18,18.85,19.09,298969,5824294.50
2013-05-07,19.09,19.19,18.80,18.98,245469,4776796.00
2013-05-08,19.06,19.35,18.94,19.30,452855,8874394.00
2013-05-09,19.30,19.45,19.08,19.33,369769,7274568.50
2013-05-10,19.29,19.69,19.29,19.61,457445,9123091.00
2013-05-13,19.59,19.66,19.37,19.55,314621,6271378.50
2013-05-14,19.54,19.54,19.20,19.30,240380,4747795.00
2013-05-15,19.30,20.30,19.17,20.07,649629,13160843.00
2013-05-16,19.99,20.27,19.64,19.79,569471,11568610.00
2013-05-17,19.83,19.95,19.59,19.85,323503,6549932.00
2013-05-20,19.85,20.36,19.85,20.28,536183,11029905.00
2013-05-21,20.33,20.56,20.18,20.53,580299,12070491.00
2013-05-22,20.48,20.53,19.93,20.00,550063,11340784.00
2013-05-23,19.97,20.56,19.79,20.27,586361,12104355.00
2013-05-24,20.19,20.97,20.03,20.92,834533,17611456.00
2013-05-27,20.73,21.02,20.23,20.72,1354338,28328750.00
2013-05-28,20.45,20.68,20.01,20.17,734167,15133292.00
2013-05-29,20.13,20.95,20.12,20.67,830682,17426526.00
2013-05-30,20.58,20.93,20.41,20.89,635714,13391327.00
2013-05-31,20.73,20.73,19.88,20.37,1699185,35358180.00
2013-06-03,20.22,20.33,19.68,19.83,743893,15154135.00
2013-06-04,19.86,19.86,19.21,19.67,569024,11355327.00
2013-06-05,19.53,19.75,19.48,19.56,205534,4112617.75
2013-06-06,19.56,19.58,19.23,19.33,249519,4954166.50
2013-06-07,19.28,20.08,19.28,19.51,737780,14835270.00
2013-06-13,19.38,19.38,18.64,19.33,608434,11782295.00
2013-06-14,19.13,19.95,19.13,19.88,477470,9605949.00
2013-06-17,19.88,20.69,19.69,20.53,1161512,24060680.00
2013-06-18,20.29,20.29,19.17,19.25,2839274,56318372.00
2013-06-19,19.25,19.26,18.83,19.12,826303,16053912.00
2013-06-20,19.07,19.48,18.64,19.32,982310,19291388.00
2013-06-21,18.86,18.86,18.23,18.43,1826106,34361992.00
2013-06-24,18.48,18.50,17.29,17.30,992616,18121450.00
2013-06-25,17.23,17.27,15.71,16.58,1801683,30407150.00
2013-06-26,16.47,16.93,16.17,16.86,1627755,27522374.00
2013-06-27,16.75,17.17,16.53,16.56,1522056,26207774.00
2013-06-28,16.38,16.58,16.02,16.24,964913,16087975.00
2013-07-01,16.23,16.73,16.14,16.64,576436,9701979.00
2013-07-02,16.63,17.13,16.59,17.01,902036,15653881.00
2013-07-03,16.82,18.70,16.79,18.16,2569870,47352296.00
2013-07-04,17.78,18.51,17.78,18.23,1754095,32718680.00
2013-07-05,18.34,18.34,17.56,17.58,1227991,22578850.00
2013-07-08,17.36,17.36,16.46,16.58,951113,16335951.00
2013-07-09,16.46,16.82,16.46,16.71,548509,9403111.00
2013-07-10,16.78,17.48,16.69,17.33,714867,12553445.00
2013-07-11,17.34,17.81,17.08,17.61,849431,15085750.00
2013-07-12,17.60,18.11,17.44,17.45,756923,13672575.00
2013-07-15,17.53,17.87,17.53,17.82,791993,14285537.00
2013-07-16,17.87,18.51,17.74,18.11,798745,14736953.00
2013-07-17,18.16,18.60,17.86,17.96,1008982,18697872.00
2013-07-18,18.04,18.15,17.76,17.97,773596,14122416.00
2013-07-19,17.91,18.21,17.33,17.33,805190,14585298.00
2013-07-22,17.34,17.85,17.33,17.84,549193,9840444.00
2013-07-23,18.00,18.19,17.81,18.19,847345,15529789.00
2013-07-24,18.19,18.83,18.03,18.52,1465799,27443796.00
2013-07-25,18.56,18.67,17.62,18.09,1264642,23227890.00
2013-07-26,17.83,18.15,17.61,18.00,667015,12134451.00
2013-07-29,17.90,18.31,17.79,18.08,610457,11194953.00
2013-07-30,18.19,18.29,17.62,18.27,775673,14196457.00
2013-07-31,18.05,18.48,17.99,18.21,529079,9806581.00
2013-08-01,18.05,18.88,18.04,18.77,1283938,24220604.00
2013-08-02,18.87,19.15,18.52,18.61,1044487,19881624.00
2013-08-05,18.52,18.99,18.52,18.99,896278,17107584.00
2013-08-06,18.84,19.27,18.84,19.01,890058,17250052.00
2013-08-07,19.01,19.02,18.51,18.63,837474,15895221.00
2013-08-08,18.63,18.94,18.53,18.79,718592,13708844.00
2013-08-09,18.79,19.06,18.61,18.97,662129,12684270.00
2013-08-12,18.98,19.37,18.92,19.24,851042,16565107.00
2013-08-13,19.18,19.43,19.12,19.25,696139,13599066.00
2013-08-14,19.96,21.20,19.96,21.20,1415587,30066776.00
2013-08-15,21.59,21.79,19.97,20.21,3329660,70157640.00
2013-08-16,19.55,19.88,18.85,19.02,2385220,47230088.00
2013-08-19,18.81,19.70,18.74,19.47,1215837,23904962.00
2013-08-20,19.39,19.79,19.32,19.58,916447,18181448.00
2013-08-21,19.59,19.81,19.59,19.72,702623,14043804.00
2013-08-22,19.75,20.46,19.63,20.06,1320916,27015684.00
2013-08-23,20.06,20.39,19.59,20.09,1374609,27951854.00
2013-08-26,20.09,20.28,20.01,20.21,979391,19991470.00
2013-08-27,20.19,20.29,19.81,20.17,828040,16841848.00
2013-08-28,20.07,20.07,19.62,19.68,1095016,22026722.00
2013-08-29,19.69,19.91,19.53,19.75,529089,10603888.00
2013-08-30,19.76,19.88,18.75,18.85,944449,18584300.00
2013-09-02,19.02,19.46,18.90,19.30,611805,11983529.00
2013-09-03,19.38,19.56,19.31,19.48,472737,9349029.00
2013-09-04,19.62,19.62,19.13,19.38,414763,8142974.00
2013-09-05,19.45,19.59,19.22,19.51,517269,10221218.00
2013-09-06,19.41,19.59,19.26,19.54,641495,12652013.00
2013-09-09,19.48,20.09,19.48,19.84,678171,13654770.00
2013-09-10,19.83,20.10,19.70,19.87,603326,12148877.00
2013-09-11,19.91,20.01,19.37,19.46,734182,14532836.00
2013-09-12,19.34,19.63,19.34,19.48,465898,9211771.00
2013-09-13,19.50,19.61,19.34,19.51,562486,11124490.00
2013-09-16,19.56,19.68,19.41,19.60,520705,10331281.00
2013-09-17,19.57,19.95,19.52,19.52,661782,13218837.00
2013-09-18,19.54,19.86,19.51,19.81,438171,8750614.00
2013-09-23,19.90,20.49,19.87,20.38,1103153,22596860.00
2013-09-24,20.51,20.51,19.96,20.32,651139,13355068.00
2013-09-25,20.33,20.43,20.07,20.29,704759,14476502.00
2013-09-26,20.29,20.36,19.93,19.94,454051,9251863.00
2013-09-27,19.94,20.22,19.87,20.02,397637,8108661.50
2013-09-30,20.16,20.49,19.97,20.37,649001,13325512.00
2013-10-08,20.46,20.65,20.24,20.61,565062,11710584.00
2013-10-09,20.62,21.06,20.51,20.99,848418,17964146.00
2013-10-10,20.97,21.09,20.53,20.63,724074,15282563.00
2013-10-11,20.70,21.10,20.66,21.03,660966,14010489.00
2013-10-14,21.11,21.40,20.94,21.39,769732,16510919.00
2013-10-15,21.37,21.37,20.74,21.12,646685,13797167.00
2013-10-16,21.21,21.21,20.41,20.50,643025,13430759.00
2013-10-17,20.48,21.07,20.48,20.84,582399,12313321.00
2013-10-18,20.74,21.16,20.74,21.11,439650,9363504.00
2013-10-21,21.30,22.69,21.21,21.94,1187074,26520122.00
2013-10-22,21.80,22.60,21.70,21.71,1105738,24790574.00
2013-10-23,21.81,22.48,21.26,21.52,1268708,28122026.00
2013-10-24,21.52,22.59,20.92,21.87,1581835,35352144.00
2013-10-25,21.87,23.10,21.52,22.61,2467767,56494744.00
2013-10-28,22.61,24.90,22.59,24.90,3576080,87675600.00
2013-10-29,24.71,26.36,23.69,25.36,4535062,115141480.00
2013-10-30,24.95,27.93,24.76,27.93,4111468,110673824.00
2013-10-31,28.28,30.61,26.67,26.74,6847495,199969056.00
2013-11-01,25.39,29.44,24.86,29.44,5915896,161800320.00
2013-11-04,28.52,32.21,27.92,30.46,6111096,184408768.00
2013-11-05,29.72,30.84,29.51,30.41,3971259,121341208.00
2013-11-06,30.15,31.16,28.09,28.21,5619078,168633264.00
2013-11-07,27.60,29.77,27.42,28.61,4178760,121294024.00
2013-11-08,28.41,29.51,27.51,28.31,3235359,93021944.00
2013-11-11,28.07,31.13,28.02,29.91,5498299,165792592.00
2013-11-12,29.92,30.72,28.80,29.20,4841701,144536208.00
2013-11-13,28.63,30.94,28.32,30.31,5304226,159779696.00
2013-11-14,29.81,32.01,29.31,30.96,5148022,159076736.00
2013-11-15,30.51,31.70,30.39,30.71,4186488,131174432.00
2013-11-18,30.24,30.79,29.56,30.12,3570918,108197400.00
2013-11-19,29.83,32.37,29.83,31.73,4688677,148110784.00
2013-11-20,31.91,31.91,30.53,31.03,2746220,85814400.00
2013-11-21,30.71,30.94,29.29,29.33,3569448,107653912.00
2013-11-22,29.46,30.36,29.34,29.51,2205889,66399264.00
2013-11-25,29.81,32.49,29.56,32.49,4902076,155940672.00
2013-11-26,32.71,35.77,32.50,35.77,4569311,157939520.00
2013-11-27,36.13,39.38,35.87,39.00,8819104,337387584.00
2013-11-28,39.00,42.93,38.17,42.93,7010873,289675520.00
2013-11-29,44.34,47.20,43.02,45.86,7458984,339621248.00
2013-12-02,41.25,41.25,41.25,41.25,380600,15810124.00
2013-12-03,37.10,39.11,37.10,37.10,8266630,311395584.00
2013-12-04,36.31,38.16,34.72,35.06,7622170,283039008.00
2013-12-05,34.34,35.91,33.61,35.01,5075808,177037568.00
2013-12-06,35.04,36.00,34.32,35.64,4843317,172791600.00
2013-12-09,35.72,38.60,35.64,38.36,6750762,253316960.00
2013-12-10,37.71,37.81,34.50,34.50,6380945,227317792.00
2013-12-11,34.49,34.49,32.92,33.26,3792211,127681280.00
2013-12-12,33.22,34.48,33.03,33.71,2725271,93230904.00
2013-12-13,33.71,37.11,33.23,37.11,7425429,270936736.00
2013-12-16,37.71,40.85,37.32,38.16,8079291,319694368.00
2013-12-17,39.19,40.15,37.16,38.60,5965192,234125872.00
2013-12-18,37.91,37.94,34.71,34.71,4594770,162230192.00
2013-12-19,33.47,34.65,33.01,33.06,3882753,132769632.00
2013-12-20,32.92,33.89,32.39,32.44,3068493,102494968.00
2013-12-23,31.51,33.01,30.49,32.94,2975519,95611792.00
2013-12-24,32.74,35.29,32.74,33.99,3922539,135317680.00
2013-12-25,35.01,37.42,35.01,37.42,5325698,195466848.00
2013-12-26,38.08,38.08,34.59,34.68,6006394,219931824.00
2013-12-27,32.86,37.51,32.86,36.92,4334860,155634912.00
2013-12-30,36.40,40.09,36.22,38.05,4812888,183777360.00
2013-12-31,37.61,38.65,35.36,36.31,3242433,120329376.00
2014-01-02,36.46,39.29,36.04,38.54,3734469,143404704.00
2014-01-03,38.50,40.04,37.72,38.28,3897468,151938176.00
2014-01-06,38.31,38.31,34.42,34.42,3416382,123186320.00
2014-01-07,33.99,35.39,33.97,35.01,1820951,64042572.00
2014-01-08,35.68,37.67,35.39,36.66,2443331,90297728.00
2014-01-09,36.66,36.92,34.51,34.83,2209972,79326488.00
2014-01-10,34.91,35.50,33.91,34.56,1302498,45737252.00
2014-01-13,34.76,35.68,34.56,34.97,1241115,43809728.00
2014-01-14,35.00,35.80,34.81,35.72,1412909,50244144.00
2014-01-15,35.54,38.97,35.32,38.46,3869802,144977664.00
2014-01-16,37.96,37.99,36.51,37.15,2924733,109772056.00
2014-01-17,36.59,37.08,35.91,36.28,1509388,55506468.00
2014-01-20,36.26,36.46,33.97,34.55,1879721,66354036.00
2014-01-21,34.41,35.58,34.41,35.56,1230541,43616280.00
2014-01-22,35.21,35.57,34.41,35.33,1942466,68737600.00
2014-01-23,35.34,36.57,35.33,36.15,2165651,78571680.00
2014-01-24,35.64,37.17,35.52,36.39,2386106,87111600.00
2014-01-27,35.71,35.71,33.22,33.43,3532443,120819472.00
2014-01-28,33.61,33.64,32.31,32.72,1722413,56952956.00
2014-01-29,32.69,33.49,32.69,33.15,1146485,38348808.00
2014-01-30,33.16,33.29,31.71,32.12,1048240,34132004.00
2014-02-07,31.64,32.59,31.41,32.52,868004,28275694.00
2014-02-10,33.20,33.66,32.61,33.60,1472856,49305384.00
2014-02-11,33.61,34.18,32.82,33.12,1327267,44774224.00
2014-02-12,33.15,34.36,33.01,34.29,1984877,67867528.00
2014-02-13,34.28,34.47,32.87,32.87,1543730,52451048.00
2014-02-14,32.81,33.71,32.41,33.67,1302097,43526236.00
2014-02-17,33.70,34.25,33.29,34.22,1950896,66516504.00
2014-02-18,34.13,34.13,33.49,33.72,1383132,46985296.00
2014-02-19,33.70,33.76,32.81,33.06,1142708,38340136.00
2014-02-20,33.06,33.30,31.76,32.26,860696,28160126.00
2014-02-21,32.33,33.03,32.06,32.56,762122,25063704.00
2014-02-24,32.61,32.61,31.84,32.26,659153,21348006.00
2014-02-25,32.32,32.67,29.21,29.34,1458919,45851716.00
2014-02-26,29.11,29.12,27.99,28.66,868821,25020206.00
2014-02-27,28.59,29.15,27.31,27.57,1014987,29041294.00
2014-02-28,28.11,28.36,27.34,28.32,693747,19511990.00
2014-03-03,28.31,29.26,28.09,29.16,853716,24986882.00
2014-03-04,28.83,29.11,28.52,28.97,649995,18864652.00
2014-03-05,29.02,30.00,28.91,29.56,967783,28901094.00
2014-03-06,29.23,30.07,29.04,29.66,856826,25547934.00
2014-03-07,29.66,31.37,29.46,30.56,1450252,44948256.00
2014-03-10,29.61,29.91,28.59,28.60,848506,24940174.00
2014-03-11,28.41,29.15,28.27,28.85,467021,13522587.00
2014-03-12,28.73,29.21,28.46,28.92,457719,13330201.00
2014-03-13,28.69,29.18,28.52,28.94,428539,12494425.00
2014-03-14,28.71,28.93,28.22,28.43,526767,15174249.00
2014-03-17,28.51,29.81,28.51,29.66,810681,23975316.00
2014-03-18,29.61,31.10,29.61,30.19,1290749,39784564.00
2014-03-19,30.31,30.40,29.51,30.30,704109,21221692.00
2014-03-20,30.13,30.55,29.00,29.00,751901,22720852.00
2014-03-21,28.57,29.68,28.56,29.47,578694,17007170.00
2014-03-24,29.41,29.77,28.62,28.64,674489,19803788.00
2014-03-25,28.79,28.89,28.42,28.81,735617,21320052.00
2014-03-26,27.53,27.59,26.37,27.05,2223673,60624864.00
2014-03-27,27.02,27.02,25.95,26.00,1280085,34130608.00
2014-03-28,25.81,26.10,25.34,25.41,883426,22969020.00
2014-03-31,25.49,25.87,25.09,25.52,544402,14049140.00
2014-04-01,25.67,26.06,25.59,26.02,573127,15027032.00
2014-04-02,26.05,26.17,25.57,25.76,492482,12833299.00
2014-04-03,26.00,26.11,25.54,25.94,541798,14192875.00
2014-04-04,25.94,26.15,25.73,26.15,565349,14829234.00
2014-04-08,26.15,26.38,25.84,26.22,518714,13677125.00
2014-04-09,26.23,26.90,26.23,26.82,747174,20132080.00
2014-04-10,26.87,27.00,26.59,26.62,879397,23823338.00
2014-04-11,26.34,26.54,26.07,26.23,557321,14788352.00
2014-04-14,26.18,26.62,26.11,26.60,344092,9200222.00
2014-04-15,26.60,26.70,26.42,26.69,433287,11638871.00
2014-04-16,26.61,26.61,26.01,26.31,431875,11470657.00
2014-04-17,26.31,26.54,26.31,26.36,313297,8368273.00
2014-04-18,26.36,26.58,26.14,26.48,362374,9687170.00
2014-04-21,26.37,26.87,26.21,26.39,704969,18996600.00
2014-04-22,26.36,26.86,25.75,26.13,516249,13749151.00
2014-04-23,25.95,26.47,25.77,25.90,295783,7782302.50
2014-04-24,25.91,25.91,25.21,25.53,439523,11371449.00
2014-04-25,25.60,25.81,25.22,25.26,360311,9305213.00
2014-04-28,25.11,25.14,23.74,23.76,647886,15900542.00
2014-04-29,23.61,24.15,23.54,24.09,366352,8853766.00
2014-04-30,24.09,24.48,24.00,24.38,346862,8527784.00
2014-05-05,24.22,24.69,24.03,24.69,359093,8856330.00
2014-05-06,24.71,25.66,24.61,25.42,738569,18873976.00
2014-05-07,25.40,25.91,25.13,25.16,480990,12395366.00
2014-05-08,25.17,25.97,25.11,25.30,440087,11382813.00
2014-05-09,25.26,25.47,24.81,24.99,320753,8141651.00
2014-05-12,25.31,25.86,25.16,25.73,557854,14423480.00
2014-05-13,25.69,26.04,25.46,25.61,454561,11844808.00
2014-05-14,25.76,25.88,25.58,25.86,377878,9848626.00
2014-05-15,25.79,26.83,25.71,26.41,1436770,38302132.00
2014-05-16,26.21,26.54,25.74,26.01,795410,20955972.00
2014-05-19,25.76,26.01,25.46,25.76,448560,11671343.00
2014-05-20,25.91,26.72,25.91,26.21,824352,22005646.00
2014-05-21,26.21,26.91,26.04,26.87,702817,18891190.00
2014-05-22,26.76,27.21,26.61,26.63,785827,21374046.00
2014-05-23,26.63,27.21,26.51,27.17,895677,24378784.00
2014-05-26,27.26,28.78,27.23,28.39,1753290,49936148.00
2014-05-27,28.46,29.20,28.01,28.01,1290608,37212436.00
2014-05-28,27.91,28.71,27.86,28.59,960318,27486398.00
2014-05-29,28.50,28.68,28.02,28.08,797932,22792878.00
2014-05-30,28.21,28.67,27.87,28.57,825255,23603012.00
2014-06-03,28.61,31.45,28.61,30.77,2449747,75480424.00
2014-06-04,30.55,31.41,30.01,31.19,1974081,61332584.00
2014-06-05,31.02,32.45,30.88,31.43,2192132,70337104.00
2014-06-06,31.38,31.82,30.84,31.05,1339597,41929880.00
2014-06-09,31.08,31.73,29.97,30.17,1421941,44251776.00
2014-06-10,30.32,30.80,29.86,30.62,981376,30026548.00
2014-06-11,30.52,31.04,30.37,30.64,680058,20995168.00
2014-06-12,30.67,30.82,30.14,30.27,598748,18339328.00
2014-06-13,29.97,31.10,29.97,30.71,577625,17820772.00
2014-06-16,30.82,32.02,30.64,31.38,1044810,32966870.00
2014-06-17,31.25,32.68,31.14,32.30,1514494,49089980.00
2014-06-18,32.28,32.80,30.62,31.47,1336479,42727040.00
2014-06-19,31.22,31.37,29.30,29.30,1020279,31204176.00
2014-06-20,30.59,32.25,30.32,32.03,1927094,61259992.00
2014-06-23,32.97,34.65,32.34,33.54,2287209,77577680.00
2014-06-24,32.88,33.54,32.54,32.97,1608954,53134072.00
2014-06-25,32.70,34.12,32.70,33.73,1686433,57109248.00
2014-06-26,33.61,35.30,33.32,35.03,2114101,73290080.00
2014-06-27,34.77,35.11,34.06,34.62,1509928,52393036.00
2014-06-30,34.36,34.52,33.52,33.80,1289771,43904416.00
2014-07-01,33.97,34.46,33.73,34.16,805534,27617286.00
2014-07-02,34.17,34.40,33.32,33.90,1275116,43181768.00
2014-07-03,33.75,34.62,33.52,34.31,1363421,46877108.00
2014-07-04,34.37,36.42,34.37,35.82,1843662,65866264.00
2014-07-07,35.67,36.01,34.63,34.72,1164189,40991588.00
2014-07-08,34.69,36.77,34.38,36.44,1822212,65850116.00
2014-07-09,36.02,37.00,35.42,36.72,1901547,68830472.00
2014-07-10,36.32,36.87,36.02,36.55,995993,36405360.00
2014-07-11,36.55,36.56,35.42,36.32,1039421,37817148.00
2014-07-14,35.70,36.37,34.22,36.25,1581681,55985976.00
2014-07-15,35.94,36.06,34.30,34.99,1028064,36169960.00
2014-07-16,34.52,35.20,33.32,33.43,764541,26193966.00
2014-07-17,33.48,34.32,33.33,34.10,428554,14526121.00
2014-07-18,33.76,34.29,32.87,33.32,652240,21941220.00
2014-07-21,33.15,33.28,31.94,32.35,680155,22126868.00
2014-07-22,32.32,32.82,31.93,32.50,437756,14307825.00
2014-07-23,32.42,32.67,31.42,31.46,666144,21293840.00
2014-07-24,31.23,31.65,30.84,31.24,592646,18630632.00
2014-07-25,31.24,32.48,31.22,32.48,642135,20618086.00
2014-07-28,32.47,32.99,32.27,32.99,500805,16470480.00
2014-07-29,33.00,33.37,32.65,33.17,457188,15220243.00
2014-07-30,33.10,33.27,32.82,33.17,375570,12476003.00
2014-07-31,33.13,34.77,33.00,34.57,759970,26079704.00
2014-08-01,34.12,34.62,33.94,34.42,431625,14887140.00
2014-08-04,34.09,34.57,34.09,34.27,356941,12298242.00
2014-08-05,34.26,35.21,34.12,34.91,513091,17892982.00
2014-08-06,34.62,34.97,34.20,34.54,393567,13629369.00
2014-08-07,34.37,34.80,34.02,34.11,270324,9345820.00
2014-08-08,34.15,34.78,34.06,34.78,443760,15393126.00
2014-08-11,34.82,35.37,34.79,35.26,422906,14913254.00
2014-08-12,35.31,35.58,35.13,35.50,511265,18186288.00
2014-08-13,35.50,36.20,35.25,36.09,871434,31371466.00
2014-08-14,36.32,36.81,35.77,36.56,1055025,38504488.00
2014-08-15,36.41,36.59,35.92,36.42,623369,22694112.00
2014-08-18,36.22,36.51,35.61,36.37,883232,31988664.00
2014-08-19,36.41,37.20,36.14,36.50,733095,27028456.00
2014-08-20,35.52,36.78,34.50,36.56,2076060,74002840.00
2014-08-21,35.97,36.49,35.52,36.02,1011698,36528824.00
2014-08-22,35.43,37.71,35.42,36.70,1268971,46385492.00
2014-08-25,36.61,36.80,35.96,36.00,599862,21824048.00
2014-08-26,35.87,36.05,34.52,35.37,640538,22776154.00
2014-08-27,34.52,36.11,34.52,35.60,443078,15858105.00
2014-08-28,35.37,35.66,34.92,35.17,276801,9825166.00
2014-08-29,35.17,35.82,34.83,35.82,337441,12045744.00
2014-09-01,36.12,37.10,35.82,37.06,740870,27384216.00
2014-09-02,37.32,37.68,36.93,37.55,675857,25458858.00
2014-09-03,37.61,37.97,37.23,37.78,775879,29267560.00
2014-09-04,38.11,39.87,37.44,39.87,1501284,58770496.00
2014-09-05,39.97,40.95,39.02,40.46,1373074,55305032.00
2014-09-09,40.12,42.32,39.62,42.24,1330036,54895892.00
2014-09-10,41.92,44.81,41.83,43.72,1516213,65775136.00
2014-09-11,43.56,43.87,42.02,42.32,947104,40732040.00
2014-09-12,41.77,42.21,41.37,41.91,1086041,45413696.00
2014-09-15,41.82,42.21,41.25,41.26,983849,41312228.00
2014-09-16,40.64,41.70,39.84,39.96,1407627,57651932.00
2014-09-17,39.92,40.80,39.48,40.72,777993,31404130.00
2014-09-18,41.02,41.21,40.34,41.18,613095,25189014.00
2014-09-19,41.10,41.81,40.94,41.80,434719,18085936.00
2014-09-22,41.64,42.77,41.22,41.47,675715,28474852.00
2014-09-23,41.41,42.01,41.29,41.97,471549,19793858.00
2014-09-24,41.97,43.08,41.73,42.95,667208,28432528.00
2014-09-25,43.12,43.82,42.83,43.29,704963,30608750.00
2014-09-26,43.27,43.72,42.34,42.72,574491,24820912.00
2014-09-29,41.92,43.52,41.92,43.29,747032,32132134.00
2014-09-30,43.28,44.62,43.04,44.61,693489,30711050.00
2014-10-08,44.82,46.92,44.72,45.47,1141302,52894176.00
2014-10-09,45.22,45.80,44.82,45.72,572061,26005370.00
2014-10-10,45.32,47.12,45.01,45.77,889444,41321304.00
2014-10-13,45.02,49.81,44.06,48.42,2025209,96530856.00
2014-10-14,48.42,49.50,48.08,48.91,1107884,54283368.00
2014-10-15,48.82,49.27,48.40,48.88,640830,31355866.00
2014-10-16,48.17,49.80,47.82,47.82,1085983,53117812.00
2014-10-17,46.83,49.11,46.83,48.70,1155068,55720252.00
2014-10-20,48.62,50.37,48.60,49.37,1212113,60334768.00
2014-10-21,49.21,49.81,47.62,48.14,1038717,50647820.00
2014-10-22,47.72,48.70,47.12,47.56,669814,32203596.00
2014-10-23,47.10,48.00,46.02,46.49,573543,27093620.00
2014-10-24,46.02,47.32,46.02,46.52,492723,23172812.00
2014-10-27,47.22,49.16,46.53,48.28,711453,34477664.00
2014-10-28,47.97,50.69,47.97,50.68,947004,47203052.00
2014-10-29,50.62,51.82,50.29,51.82,782753,40225780.00
2014-10-30,52.26,52.62,51.34,52.30,802015,41840108.00
2014-10-31,52.50,52.50,50.98,51.69,542366,28130802.00
2014-11-03,51.02,51.93,50.62,51.12,693962,35627832.00
2014-11-04,51.52,51.75,50.12,50.45,402706,20517886.00
2014-11-05,49.72,53.80,49.70,53.74,1119380,58686592.00
2014-11-06,53.32,54.62,53.28,54.42,925633,50086452.00
2014-11-07,54.12,55.70,51.32,53.10,979717,53458272.00
2014-11-10,51.82,54.78,51.82,54.47,676831,36554984.00
2014-11-11,54.48,55.28,51.94,54.42,865399,46708704.00
2014-11-12,52.92,57.77,52.82,57.37,1352549,76165160.00
2014-11-13,56.80,57.62,55.42,56.79,943958,53404052.00
2014-11-14,55.32,57.57,54.02,56.79,1119181,63241036.00
2014-11-17,56.02,57.45,56.02,56.92,746449,42628352.00
2014-11-18,56.92,57.20,55.33,56.22,585535,32824266.00
2014-11-19,55.65,57.22,55.65,56.91,583425,33165014.00
2014-11-20,56.72,57.08,54.87,54.99,635279,35495692.00
2014-11-21,53.52,56.30,53.51,56.30,937402,51815320.00
2014-11-24,56.70,56.70,55.30,56.08,426003,23907460.00
2014-11-25,55.75,56.55,54.92,55.52,551071,30820922.00
2014-11-26,54.57,55.99,54.57,55.50,559383,31008060.00
2014-11-27,55.32,56.02,55.32,55.97,547112,30559844.00
2014-11-28,56.30,60.79,56.30,60.42,1613359,95491208.00
2014-12-01,59.42,61.02,58.62,60.60,916988,54881508.00
2014-12-02,59.84,63.29,59.84,61.94,1050938,65508456.00
2014-12-03,61.57,64.32,61.26,63.55,1028671,64474564.00
2014-12-04,63.56,65.82,61.62,62.12,1069383,67941024.00
2014-12-05,61.50,62.02,58.32,59.15,868515,52099728.00
2014-12-08,59.16,59.31,55.62,55.62,1189024,68039688.00
2014-12-09,54.63,55.12,50.04,50.04,1697337,87495904.00
2014-12-10,50.04,52.32,48.85,52.22,885192,45474292.00
2014-12-11,51.82,52.30,50.82,51.84,567650,29417438.00
2014-12-12,51.12,54.98,51.12,54.82,744774,40145572.00
2014-12-15,54.42,58.12,54.42,57.89,951071,54083552.00
2014-12-16,57.62,59.62,57.62,57.83,621689,36348692.00
2014-12-17,57.64,57.64,52.82,55.80,1117531,61482644.00
2014-12-18,54.62,55.72,53.82,54.97,558957,30752334.00
2014-12-19,52.83,57.82,52.62,57.80,823166,45580300.00
2014-12-22,57.38,57.38,52.68,56.12,552371,30873744.00
2014-12-23,54.43,57.77,54.42,56.22,639379,35970172.00
2014-12-24,56.61,59.21,56.14,58.77,953095,55551348.00
2014-12-25,58.78,60.27,57.48,58.72,860340,50938724.00
2014-12-26,56.82,57.63,54.84,56.82,715910,40743876.00
2014-12-29,56.60,56.60,52.83,52.83,591100,32141726.00
2014-12-30,51.62,52.32,49.22,51.82,1138424,57468128.00
2014-12-31,51.82,54.51,49.63,53.95,612586,32675406.00
2015-01-05,53.00,53.93,50.90,52.33,308237,16277075.00
2015-01-06,51.84,54.07,51.10,53.66,530847,28290836.00
2015-01-07,53.80,53.82,51.62,52.72,506227,26626814.00
2015-01-08,51.83,53.20,51.82,52.11,404411,21313018.00
2015-01-09,52.82,54.99,52.01,53.94,1569791,84776304.00
2015-01-12,53.94,53.95,52.32,52.87,325001,17409834.00
2015-01-13,52.80,54.52,52.80,53.12,322801,17229728.00
2015-01-14,53.62,56.51,53.60,54.78,840266,46415304.00
2015-01-15,54.17,54.17,52.82,53.40,716949,38363456.00
2015-01-16,53.01,53.59,52.32,52.71,842430,44464884.00
2015-01-19,52.22,53.21,50.83,50.85,600501,31348760.00
2015-01-20,50.37,52.32,50.37,52.14,502357,26177886.00
2015-01-21,52.14,53.34,52.14,52.58,642413,33964452.00
2015-01-22,52.91,53.52,52.49,53.39,581279,30882182.00
2015-01-23,52.87,58.75,52.87,58.75,2071778,116776232.00
2015-01-26,58.82,58.82,56.51,58.42,1392323,80243216.00
2015-01-27,57.82,58.22,56.32,57.32,708696,40675888.00
2015-01-28,57.19,60.55,56.74,58.82,1036768,61177628.00
2015-01-29,58.69,58.69,56.88,57.12,546225,31413284.00
2015-01-30,57.42,57.70,54.82,54.83,494303,27659374.00
2015-02-02,54.12,57.77,52.87,56.90,820924,46032908.00
2015-02-03,56.48,58.79,56.48,58.20,745639,43321504.00
2015-02-04,58.20,58.38,57.20,57.96,541952,31393620.00
2015-02-05,57.54,59.77,57.54,59.07,694573,41076536.00
2015-02-06,58.62,59.29,57.02,57.12,452911,26324304.00
2015-02-09,56.71,58.54,56.42,57.51,329505,18936088.00
2015-02-10,57.51,58.07,56.63,57.47,256551,14683481.00
2015-02-11,57.82,58.19,57.05,57.94,324421,18807136.00
2015-02-12,58.12,58.30,57.62,57.64,335495,19484496.00
2015-02-13,57.10,58.48,57.10,57.92,443118,25788070.00
2015-02-16,57.00,59.62,57.00,58.22,468024,27493194.00
2015-02-17,58.32,62.20,57.84,61.02,1032942,61992292.00
2015-02-25,60.32,60.82,58.32,58.59,550172,32807580.00
2015-02-26,58.22,59.20,57.93,58.52,380449,22279574.00
2015-02-27,58.50,58.70,57.78,58.21,358107,20888050.00
2015-03-02,58.23,59.65,58.08,59.05,521256,30908266.00
2015-03-03,58.80,60.15,57.45,58.86,717308,42472072.00
2015-03-04,58.33,60.82,58.25,59.89,702785,42284364.00
2015-03-05,58.87,60.02,58.77,59.02,506319,29960454.00
2015-03-06,58.50,59.77,58.43,58.45,385762,22803320.00
2015-03-09,58.21,58.66,57.53,58.26,385629,22507362.00
2015-03-10,58.21,58.73,57.91,58.17,491633,28742260.00
2015-03-11,58.35,58.35,57.19,57.76,526009,30396412.00
2015-03-12,56.33,57.87,56.33,57.12,337982,19422090.00
2015-03-13,57.32,58.12,57.30,58.06,335336,19411976.00
2015-03-16,58.32,59.72,58.15,59.22,651851,38507324.00
2015-03-17,59.75,62.82,59.71,62.32,1086394,66814884.00
2015-03-18,62.62,62.62,60.73,61.60,726804,44743884.00
2015-03-19,62.82,62.83,61.20,61.84,554792,34371008.00
2015-03-20,61.93,64.30,60.63,64.02,893849,55589272.00
2015-03-23,65.22,70.44,64.09,70.39,1334281,91349240.00
2015-03-24,69.52,74.82,68.58,72.00,1445395,102871928.00
2015-03-25,71.61,73.01,69.82,72.09,756714,54308108.00
2015-03-26,70.21,72.01,68.32,69.00,925128,64580032.00
2015-03-27,69.40,70.82,68.52,70.81,464472,32535026.00
2015-03-30,70.03,71.29,69.86,70.79,474667,33504560.00
2015-03-31,70.52,74.82,70.13,72.81,719679,52388960.00
2015-04-01,72.81,76.27,71.85,75.94,854411,64019236.00
2015-04-02,76.82,83.55,76.82,83.28,1854441,149134064.00
2015-04-03,83.62,91.32,81.80,91.19,1546647,134078800.00
2015-04-07,94.82,98.11,89.82,96.82,1795303,168934736.00
2015-04-08,87.12,87.12,87.12,87.12,321600,28075680.00
2015-04-09,78.39,80.39,78.39,78.50,3468192,274050720.00
2015-04-10,78.22,79.42,76.32,78.08,3500573,273532128.00
2015-04-13,77.17,78.31,76.12,77.48,2069125,159960640.00
2015-04-14,76.93,77.77,75.18,75.18,1685820,129073112.00
2015-04-15,74.65,74.65,69.87,70.03,2150184,155404256.00
2015-04-16,69.97,72.82,68.50,70.70,1539531,108888232.00
2015-04-17,70.73,71.60,68.82,69.27,1413569,99349504.00
2015-04-20,69.81,70.81,68.44,69.06,1103563,77050896.00
2015-04-21,68.70,71.92,68.58,71.60,1259600,89474864.00
2015-04-22,72.02,74.82,71.57,74.82,1941400,142661568.00
2015-04-23,75.39,81.80,74.12,78.28,3266979,254200000.00
2015-04-24,77.00,79.81,75.87,77.82,1433407,111549952.00
2015-04-27,77.82,78.10,74.82,76.18,1138145,86918320.00
2015-04-28,75.82,76.17,69.41,70.18,1011419,73249632.00
2015-04-29,68.92,72.79,68.83,72.00,567858,40804732.00
2015-04-30,72.32,73.72,71.84,72.77,709255,51861156.00
2015-05-04,71.93,72.97,69.81,70.74,795842,56444276.00
2015-05-05,71.82,71.82,69.32,70.80,632996,44620696.00
2015-05-06,70.71,74.82,70.03,71.35,908564,66008796.00
2015-05-07,71.82,72.29,69.82,69.99,626484,44274736.00
2015-05-08,70.29,74.80,70.29,74.78,1198651,87733632.00
2015-05-11,75.57,79.82,74.83,79.60,1704117,133212560.00
2015-05-12,80.82,81.31,77.12,79.57,1275192,100720000.00
2015-05-13,79.02,79.02,76.54,77.02,729514,56497368.00
2015-05-14,76.92,80.70,76.01,80.22,1318863,103540752.00
2015-05-15,79.51,79.78,76.94,78.67,780817,61478620.00
2015-05-18,76.52,81.16,76.42,80.81,1590725,127134832.00
2015-05-19,81.07,82.31,79.42,82.12,1562411,126809296.00
2015-05-20,82.22,89.72,82.22,84.04,1353990,117451944.00
2015-05-21,83.92,88.85,83.50,88.80,1074728,92435064.00
2015-05-22,89.74,93.70,86.92,92.80,1500940,137269984.00
2015-05-25,91.70,91.70,85.85,91.70,1181957,105949112.00
2015-05-26,89.82,93.81,89.66,93.31,1263019,116780536.00
2015-05-27,92.12,102.66,91.92,102.66,1606354,156290672.00
2015-05-28,104.82,109.82,97.76,97.76,1874802,196817680.00
2015-05-29,97.45,99.82,87.97,97.79,1363339,128121752.00
2015-06-01,96.78,103.82,96.78,102.82,1135570,113664576.00
2015-06-02,100.82,113.12,100.39,113.12,1712446,188623312.00
2015-06-03,114.80,116.32,106.97,112.82,985015,108993048.00
2015-06-04,108.82,111.82,101.62,109.82,923771,98357432.00
2015-06-05,109.92,113.12,103.22,112.72,927788,101783536.00
2015-06-08,117.22,124.01,117.07,124.01,1050180,129567304.00
2015-06-09,136.39,136.39,123.84,131.72,1709933,227371936.00
2015-06-10,131.00,144.89,127.92,144.89,1098263,150938656.00
2015-06-11,148.00,156.00,145.06,155.00,945279,141857344.00
2015-06-12,158.00,159.80,151.06,158.98,800245,124719992.00
2015-06-15,157.90,158.93,143.08,143.08,1247707,183300448.00
2015-06-16,136.90,140.69,128.78,139.53,851152,114293096.00
2015-06-17,139.53,152.98,137.21,150.99,934619,136572768.00
2015-06-18,156.00,158.48,152.00,153.50,1504745,234240816.00
2015-06-19,138.15,145.90,138.15,138.15,1677271,234128848.00
2015-06-23,138.00,138.00,124.34,126.18,1251704,158409488.00
2015-06-24,125.90,137.99,125.03,133.97,833203,108283424.00
2015-06-25,134.99,134.99,123.89,124.00,597804,78040904.00
2015-06-26,119.00,119.00,111.60,111.60,527200,59278408.00
2015-06-29,122.66,122.66,100.44,100.44,773500,83426184.00
2015-06-30,93.06,104.00,90.40,98.27,1158618,109911736.00
2015-07-01,94.21,102.98,88.44,88.44,937468,91880576.00
2015-07-02,85.00,89.56,79.60,79.60,1084361,87776344.00
2015-07-03,71.68,75.50,71.64,71.64,967662,70056856.00
2015-07-06,77.40,77.70,64.48,64.48,1204079,82159224.00
2015-07-07,58.03,58.03,58.03,58.03,62400,3621072.00
2015-07-08,52.23,57.98,52.23,52.71,4459773,234592672.00
2015-07-09,50.60,57.98,50.60,57.98,1175711,66218432.00
2015-07-10,62.40,63.78,60.00,63.78,818594,51722504.00
2015-07-13,70.16,70.16,68.90,70.16,1110878,77697352.00
2015-07-14,73.30,77.18,72.00,76.91,1810855,137998752.00
2015-07-15,73.90,78.00,69.22,69.22,1356732,99471192.00
2015-07-16,62.33,75.28,62.32,72.45,1110073,77867432.00
2015-07-17,72.44,79.70,71.05,79.70,940217,72277272.00
2015-07-20,80.30,87.44,75.02,83.91,1262226,104337552.00
2015-07-21,80.01,83.00,78.10,79.43,1749281,141471552.00
2015-07-22,75.50,78.95,75.00,77.00,2069991,158062752.00
2015-07-23,77.00,84.70,75.53,84.70,1903709,151644944.00
2015-07-24,84.20,87.60,78.50,82.00,1841641,154946016.00
2015-07-27,79.18,82.43,73.80,73.80,1093307,85713728.00
2015-07-28,67.79,73.45,66.42,66.43,1454285,98520528.00
2015-07-29,67.89,72.98,63.33,72.98,1201321,81137600.00
2015-07-30,70.01,74.80,68.98,68.99,1018001,73080384.00
2015-07-31,67.20,69.70,66.02,66.70,796627,53594400.00
2015-08-03,66.41,66.41,60.03,60.04,981001,61168492.00
2015-08-04,61.88,65.70,60.06,65.48,844876,53164300.00
2015-08-05,64.90,68.47,64.50,65.55,962079,63821400.00
2015-08-06,63.01,66.30,63.01,64.58,671931,43445848.00
2015-08-07,65.07,69.07,65.07,68.05,1092164,73576296.00
2015-08-10,69.00,74.00,69.00,72.72,1064163,76093168.00
2015-08-11,72.74,75.88,72.05,74.01,1135172,83466288.00
2015-08-12,72.70,74.55,71.82,71.82,688339,50299724.00
2015-08-13,71.81,73.60,69.47,73.15,936841,67626256.00
2015-08-14,73.70,74.55,72.00,73.33,996281,73318288.00
2015-08-17,72.01,73.30,69.00,71.65,902389,63905672.00
2015-08-18,71.59,73.37,64.49,64.49,1101757,76826744.00
2015-08-19,62.67,65.96,60.60,65.88,884531,56554080.00
2015-08-20,65.50,66.98,64.00,64.12,638833,41649552.00
2015-08-21,62.30,63.09,58.00,58.68,571993,34694152.00
2015-08-24,56.00,56.08,52.81,52.81,600564,31917270.00
2015-08-25,47.53,50.69,47.53,47.53,827905,39880768.00
2015-08-26,47.58,51.35,45.50,48.30,1623609,79011160.00
2015-08-27,49.90,51.20,47.10,50.22,1069018,53033268.00
2015-08-28,51.38,55.00,50.50,54.48,1045219,54813724.00
2015-08-31,53.79,53.79,51.10,52.18,664782,34626384.00
2015-09-01,51.40,54.20,47.10,54.20,1231637,63381984.00
2015-09-02,51.50,56.50,50.11,52.40,724975,38285348.00
2015-09-07,52.91,55.54,51.16,53.00,925338,49530748.00
2015-09-08,52.00,56.00,51.07,55.70,1116183,58922908.00
2015-09-09,56.03,57.99,55.53,56.76,969137,55035612.00
2015-09-10,56.01,56.40,54.90,55.29,586890,32584516.00
2015-09-11,55.29,55.95,54.11,55.29,425440,23488140.00
2015-09-14,55.30,55.71,49.76,49.76,491339,25358726.00
2015-09-15,47.20,48.34,44.78,47.90,1254617,57500864.00
2015-09-16,46.61,52.69,46.61,52.69,1108220,54645568.00
2015-09-17,52.20,54.98,50.33,50.50,888466,46900200.00
2015-09-22,55.10,55.10,55.10,55.10,0,0.00
数据来源:通达信
