300258 精锻科技 日线 前复权
      日期	    开盘	    最高	    最低	    收盘	    成交量	    成交额
2011-08-26,12.90,13.68,12.57,13.55,17825277,640398656.00
2011-08-29,13.13,14.38,12.94,13.80,12900152,490787680.00
2011-08-30,13.69,14.00,13.20,13.30,8224681,309936864.00
2011-08-31,13.26,13.27,12.10,12.90,6799749,241334432.00
2011-09-01,12.67,13.05,12.43,12.47,3782980,133687256.00
2011-09-02,12.42,12.94,12.02,12.94,5212144,182180624.00
2011-09-05,12.73,13.04,12.46,12.54,3829820,136173712.00
2011-09-06,12.33,12.33,11.25,11.25,4307579,141086416.00
2011-09-07,11.27,11.53,11.26,11.49,2873686,91657432.00
2011-09-08,11.49,11.49,10.73,10.78,4033409,124838288.00
2011-09-09,10.72,11.02,10.64,10.81,2111061,63925368.00
2011-09-13,10.36,10.53,9.90,10.02,2478142,70185384.00
2011-09-14,10.10,10.26,9.64,10.23,2469922,69349832.00
2011-09-15,10.20,10.72,10.11,10.49,3642150,106552168.00
2011-09-16,10.49,10.66,9.95,9.99,2603390,74966560.00
2011-09-19,9.99,10.00,9.30,9.30,1710181,45698276.00
2011-09-20,9.30,9.52,9.03,9.32,1586771,41536148.00
2011-09-21,9.32,9.76,9.26,9.68,2120552,56990876.00
2011-09-22,9.50,9.60,9.08,9.09,1945951,51226388.00
2011-09-23,8.87,9.06,8.75,8.99,1368007,34377772.00
2011-09-26,8.90,9.30,8.90,9.09,1663028,42746492.00
2011-09-27,9.23,9.34,8.97,9.20,1227100,31635668.00
2011-09-28,9.30,9.32,8.83,8.97,1238609,31692520.00
2011-09-29,8.99,9.79,8.97,9.40,4081966,108411912.00
2011-09-30,9.31,10.16,9.30,9.99,4767930,130416576.00
2011-10-11,10.11,10.42,9.86,10.25,4645688,131934216.00
2011-10-12,10.24,10.46,9.64,10.45,4219841,120412288.00
2011-10-13,10.26,10.48,10.12,10.25,3522522,101544048.00
2011-10-14,10.24,10.24,9.85,10.05,2441087,68562328.00
2011-10-17,10.08,11.10,10.08,11.10,5840268,176249856.00
2011-10-18,10.98,10.98,10.33,10.35,3831547,115028480.00
2011-10-19,10.33,10.50,10.10,10.49,2436037,70596624.00
2011-10-20,10.39,10.39,9.85,10.02,2025973,56852488.00
2011-10-21,9.90,10.11,9.00,9.06,2391675,63004704.00
2011-10-24,9.04,9.46,8.76,9.41,2143125,54986428.00
2011-10-25,9.41,9.97,9.26,9.76,2960994,80439688.00
2011-10-26,9.61,9.87,9.57,9.66,2249335,61525912.00
2011-10-27,9.66,9.79,9.47,9.76,2393700,64838176.00
2011-10-28,9.94,9.97,9.67,9.94,2529891,70003672.00
2011-10-31,9.98,10.50,9.98,10.23,2876761,82724488.00
2011-11-01,10.05,10.23,9.90,10.17,2100776,59447880.00
2011-11-02,9.92,10.48,9.86,10.46,2866002,81747880.00
2011-11-03,10.46,10.57,10.22,10.24,2977786,86498208.00
2011-11-04,10.26,10.34,10.02,10.23,1981646,56486920.00
2011-11-07,10.09,10.24,10.02,10.02,1201489,34040132.00
2011-11-08,9.94,10.09,9.50,9.52,1924027,53081800.00
2011-11-09,9.52,9.74,9.38,9.74,1773294,47775612.00
2011-11-10,9.53,9.94,9.53,9.73,1950299,53577996.00
2011-11-11,9.76,9.84,9.55,9.64,1164315,31686556.00
2011-11-14,9.69,10.34,9.69,10.32,3023997,86090968.00
2011-11-15,10.33,10.40,10.14,10.24,2337519,67257560.00
2011-11-16,10.29,10.43,10.14,10.30,2822769,81241008.00
2011-11-17,10.25,11.00,10.25,10.69,5239017,156259824.00
2011-11-18,10.52,10.68,10.00,10.02,3014901,87145640.00
2011-11-21,9.98,10.02,9.53,9.71,1773657,48240644.00
2011-11-22,9.57,9.68,9.35,9.60,1627723,43442688.00
2011-11-23,9.65,9.78,9.28,9.70,1957853,52766980.00
2011-11-24,9.59,9.66,9.28,9.42,1509911,40083584.00
2011-11-25,9.43,9.67,9.33,9.35,1480336,39588908.00
2011-11-28,9.20,9.36,8.85,9.03,3729353,94638272.00
2011-11-29,9.08,9.40,9.03,9.40,2183168,56473112.00
2011-11-30,9.38,9.38,8.45,8.80,2299324,58049516.00
2011-12-01,9.08,9.20,8.94,8.97,1745778,44643620.00
2011-12-02,8.94,9.14,8.81,8.92,1145130,28984392.00
2011-12-05,8.92,8.92,8.21,8.29,1329644,32039330.00
2011-12-06,8.41,8.41,8.17,8.37,1133704,26579868.00
2011-12-07,8.32,8.44,8.29,8.37,778417,18403658.00
2011-12-08,8.38,8.44,7.99,8.35,1560932,36365980.00
2011-12-09,8.26,8.31,7.99,8.00,1427872,32756758.00
2011-12-12,7.99,8.07,7.90,7.92,743034,16795746.00
2011-12-13,7.86,7.90,7.46,7.50,1444064,31216852.00
2011-12-14,7.47,7.63,7.41,7.44,940064,20127838.00
2011-12-15,7.43,7.44,7.24,7.27,933591,19429258.00
2011-12-16,7.26,7.63,7.26,7.62,1152483,24389686.00
2011-12-19,7.61,7.94,7.43,7.93,2157928,47219888.00
2011-12-20,7.92,8.01,7.69,7.69,974466,21676544.00
2011-12-21,7.79,7.90,7.35,7.38,841416,18265390.00
2011-12-22,7.34,7.38,6.96,7.20,1206448,24543526.00
2011-12-23,7.16,7.41,7.16,7.23,881327,18300818.00
2011-12-26,7.24,7.44,7.16,7.20,591176,12312283.00
2011-12-27,7.10,7.19,6.96,6.98,600669,12076870.00
2011-12-28,6.92,6.96,6.69,6.90,659962,12803160.00
2011-12-29,6.90,6.96,6.84,6.88,534156,10520736.00
2011-12-30,6.88,7.49,6.88,7.27,1743096,35944548.00
2012-01-04,7.29,7.42,7.02,7.02,994724,20496974.00
2012-01-05,7.01,7.08,6.78,6.83,592050,11642645.00
2012-01-06,6.86,7.20,6.74,7.02,845878,16762265.00
2012-01-09,7.02,7.31,6.88,7.30,1099451,22465428.00
2012-01-10,7.30,7.56,7.23,7.52,2234057,47032340.00
2012-01-11,7.46,7.53,7.37,7.47,1358281,28739850.00
2012-01-12,7.39,7.55,7.29,7.32,966268,20307626.00
2012-01-13,7.32,7.33,6.74,6.76,1204712,24080866.00
2012-01-16,6.69,6.70,6.16,6.18,921882,16928528.00
2012-01-17,6.18,6.57,6.09,6.57,1003088,18354976.00
2012-01-18,6.59,6.65,6.18,6.18,1039281,19021510.00
2012-01-19,6.18,6.43,6.02,6.33,749220,13547173.00
2012-01-20,6.40,6.69,6.34,6.57,1106662,20859068.00
2012-01-30,6.57,7.02,6.55,6.84,1500039,29328536.00
2012-01-31,6.85,6.91,6.68,6.86,696963,13527876.00
2012-02-01,6.86,7.00,6.74,6.82,811929,16005908.00
2012-02-02,6.85,7.00,6.80,6.97,759922,15011605.00
2012-02-03,7.00,7.13,6.90,7.10,999826,20009616.00
2012-02-06,7.05,7.16,6.99,7.07,856206,17216536.00
2012-02-07,7.01,7.05,6.77,6.81,895687,17567948.00
2012-02-08,6.80,6.98,6.77,6.96,718941,14144755.00
2012-02-09,6.93,7.19,6.93,6.98,1118534,22528068.00
2012-02-10,6.99,7.09,6.94,7.02,807952,16158839.00
2012-02-13,6.97,7.36,6.87,7.23,1439539,29442632.00
2012-02-14,7.28,7.33,7.17,7.31,824739,17024176.00
2012-02-15,7.24,7.41,7.20,7.37,780368,16260814.00
2012-02-16,7.38,7.44,7.17,7.30,830636,17264310.00
2012-02-17,7.37,7.38,7.14,7.21,646462,13354849.00
2012-02-20,7.31,7.43,7.24,7.32,1045716,21810474.00
2012-02-21,7.32,7.43,7.16,7.40,1056974,21993766.00
2012-02-23,7.78,8.17,7.78,8.17,2026205,46399928.00
2012-02-24,8.42,8.83,8.17,8.38,5812634,138960288.00
2012-02-27,8.37,8.50,8.25,8.30,3124465,73950400.00
2012-02-28,8.20,8.26,7.92,8.09,2454667,56214616.00
2012-02-29,8.05,8.06,7.85,7.87,1633497,36597708.00
2012-03-01,7.85,8.02,7.79,7.99,1088148,24516568.00
2012-03-02,7.94,8.11,7.94,8.07,1261193,28687336.00
2012-03-05,8.12,8.22,8.04,8.05,1264583,29110752.00
2012-03-06,8.01,8.01,7.64,7.77,1505537,33181098.00
2012-03-07,7.68,7.90,7.62,7.76,989302,21875504.00
2012-03-08,7.77,7.92,7.77,7.84,850654,18966014.00
2012-03-09,7.86,8.04,7.85,8.03,982763,22187696.00
2012-03-12,8.04,8.20,7.98,8.16,1246661,28583420.00
2012-03-13,8.16,8.17,8.02,8.16,1345670,30854358.00
2012-03-14,8.17,8.27,7.56,7.58,2949072,66759372.00
2012-03-15,7.58,7.66,7.36,7.43,1587735,33699484.00
2012-03-16,7.39,7.66,7.38,7.64,1662802,35461272.00
2012-03-19,7.64,7.80,7.53,7.77,987768,21413326.00
2012-03-20,7.75,7.76,7.46,7.46,783401,16804700.00
2012-03-21,7.49,7.55,7.35,7.50,649190,13750658.00
2012-03-22,7.50,7.59,7.40,7.50,562955,11989712.00
2012-03-23,7.40,7.53,7.22,7.28,751861,15762183.00
2012-03-26,7.24,7.31,7.09,7.20,566018,11628866.00
2012-03-27,7.24,7.32,7.08,7.08,518771,10608286.00
2012-03-28,7.11,7.12,6.75,6.84,916116,17915426.00
2012-03-29,6.82,6.93,6.70,6.83,764718,14811648.00
2012-03-30,6.96,7.39,6.96,7.22,1728830,35674076.00
2012-04-05,7.04,7.66,7.02,7.59,1698394,35837884.00
2012-04-06,7.57,7.93,7.44,7.91,2238632,49117280.00
2012-04-09,7.80,8.00,7.63,7.66,1278531,28468496.00
2012-04-10,7.65,7.85,7.42,7.76,1460933,31685596.00
2012-04-11,7.64,7.79,7.57,7.72,881186,19297340.00
2012-04-12,7.73,7.96,7.68,7.87,1152778,25600696.00
2012-04-13,7.87,8.18,7.80,8.06,1928282,43781908.00
2012-04-16,7.90,7.98,7.79,7.83,1712631,38221388.00
2012-04-17,7.84,7.84,7.52,7.52,1390980,30050926.00
2012-04-18,7.52,7.78,7.52,7.74,903590,19747068.00
2012-04-19,7.76,7.92,7.68,7.73,764342,16870740.00
2012-04-20,7.73,8.04,7.69,7.95,1377728,30943004.00
2012-04-23,8.02,8.08,7.61,7.80,1265059,27999918.00
2012-04-24,7.75,7.83,7.46,7.63,916562,19792414.00
2012-04-25,7.56,7.68,7.54,7.63,902093,19535084.00
2012-04-26,7.63,7.88,7.63,7.86,1002769,22083624.00
2012-04-27,7.89,8.30,7.79,8.16,2212103,50836392.00
2012-05-02,8.26,8.32,8.05,8.19,1675618,38832040.00
2012-05-03,8.12,8.48,8.09,8.42,1493909,35395772.00
2012-05-04,8.48,8.50,8.32,8.42,1323381,31475292.00
2012-05-07,8.40,8.47,8.35,8.45,1209275,28750108.00
2012-05-08,8.44,8.44,8.17,8.20,1235513,28859466.00
2012-05-09,8.13,8.28,8.06,8.24,835936,19349324.00
2012-05-10,8.24,8.46,8.21,8.32,983901,23294618.00
2012-05-11,8.37,8.37,8.04,8.05,920345,21237936.00
2012-05-14,8.13,8.21,8.02,8.13,765809,17582650.00
2012-05-15,7.98,8.19,7.96,8.10,500894,11434130.00
2012-05-16,8.06,8.13,7.94,7.96,507835,11612723.00
2012-05-17,7.98,8.14,7.85,8.08,574739,13052133.00
2012-05-18,8.04,8.06,7.79,7.82,641411,14365961.00
2012-05-21,7.79,7.92,7.71,7.82,541422,11966586.00
2012-05-22,7.95,8.03,7.70,7.77,736196,10707119.00
2012-05-23,7.72,7.74,7.49,7.67,978779,13971260.00
2012-05-24,7.64,7.74,7.56,7.66,487075,6972747.50
2012-05-25,7.67,7.72,7.48,7.50,417992,5924261.00
2012-05-28,7.42,7.85,7.37,7.82,930838,13268145.00
2012-05-29,7.82,7.96,7.70,7.89,873155,12845056.00
2012-05-30,7.81,7.89,7.70,7.85,611077,8914239.00
2012-05-31,7.80,8.00,7.72,7.85,1156499,16893590.00
2012-06-01,7.85,7.92,7.73,7.77,789062,11507310.00
2012-06-04,7.62,7.62,7.17,7.20,1548398,21449282.00
2012-06-05,7.20,7.33,7.10,7.17,723959,9777706.00
2012-06-06,7.25,7.30,7.13,7.18,391117,5278630.50
2012-06-07,7.26,7.29,7.12,7.13,427835,5774744.00
2012-06-08,7.19,7.38,7.17,7.26,965871,13188336.00
2012-06-11,7.24,7.47,7.24,7.44,724583,10019471.00
2012-06-12,7.39,7.45,7.31,7.39,355418,4903232.00
2012-06-13,7.41,7.60,7.38,7.54,862441,12163689.00
2012-06-14,7.49,7.77,7.49,7.59,931550,13384003.00
2012-06-15,7.68,7.72,7.49,7.57,476961,6798127.00
2012-06-18,7.50,7.67,7.48,7.61,994010,14141264.00
2012-06-19,7.59,7.62,7.41,7.44,726651,10223079.00
2012-06-20,7.47,7.92,7.40,7.88,2291485,33189922.00
2012-06-21,7.87,7.87,7.55,7.69,1377926,19781438.00
2012-06-25,7.64,7.75,7.36,7.37,861989,12241352.00
2012-06-26,7.26,7.40,7.19,7.23,680371,9287732.00
2012-06-27,7.24,7.42,7.24,7.30,530995,7291287.50
2012-06-28,7.36,7.37,7.23,7.23,480792,6568918.50
2012-06-29,7.19,7.42,7.15,7.37,504630,6915424.50
2012-07-02,7.47,7.52,7.34,7.40,989688,13712106.00
2012-07-03,7.43,7.68,7.37,7.51,884950,12492516.00
2012-07-04,7.52,7.60,7.49,7.54,1398879,19729448.00
2012-07-05,7.54,7.54,7.06,7.17,1462953,19655528.00
2012-07-06,7.39,7.70,7.37,7.51,2107602,29607894.00
2012-07-09,7.47,7.47,7.09,7.12,1855459,25262574.00
2012-07-10,7.04,7.12,6.84,6.92,1362609,17757996.00
2012-07-11,6.92,7.07,6.86,6.94,502476,6546105.50
2012-07-12,6.94,7.00,6.80,7.00,1467762,19068622.00
2012-07-13,7.01,7.01,6.74,6.75,1220620,15694436.00
2012-07-16,6.75,6.75,6.32,6.35,1456883,17644818.00
2012-07-17,6.33,6.43,6.25,6.35,839768,10051314.00
2012-07-18,6.35,6.35,6.13,6.29,1191593,13974081.00
2012-07-19,6.28,6.50,6.25,6.45,1318030,15906379.00
2012-07-20,6.41,6.47,6.39,6.41,614051,7437385.50
2012-07-23,6.30,6.43,6.17,6.35,530527,6372389.00
2012-07-24,6.20,6.45,6.17,6.39,533915,6401235.50
2012-07-25,6.39,6.47,6.32,6.35,549416,6634845.50
2012-07-26,6.42,6.42,6.23,6.29,514227,6145912.00
2012-07-27,6.29,6.45,6.29,6.45,745588,8958559.00
2012-07-30,6.70,7.13,6.69,6.90,5128403,67307992.00
2012-07-31,6.72,6.92,6.59,6.77,2742514,34768876.00
2012-08-01,6.81,7.25,6.81,7.21,4421076,58997220.00
2012-08-02,7.09,7.30,7.04,7.25,3134841,42280204.00
2012-08-03,7.29,7.32,7.09,7.21,2695299,36338216.00
2012-08-06,7.15,7.36,6.99,7.29,2670730,36050652.00
2012-08-07,7.24,7.28,7.14,7.21,2092953,28265064.00
2012-08-08,7.22,7.25,7.02,7.21,1936049,25918768.00
2012-08-09,7.10,7.44,7.09,7.35,2797535,38536008.00
2012-08-10,7.28,7.47,7.18,7.39,2168808,29746506.00
2012-08-13,7.37,7.45,7.10,7.10,2041651,27998088.00
2012-08-14,7.08,7.22,6.89,7.20,1535477,20333108.00
2012-08-15,7.17,7.20,7.04,7.05,993402,13255961.00
2012-08-16,7.03,7.11,6.95,7.04,586157,7750986.00
2012-08-17,7.09,7.10,6.97,7.05,628644,8295381.50
2012-08-20,7.04,7.07,6.87,7.00,893963,11668590.00
2012-08-21,7.03,7.33,6.99,7.26,1715000,23210660.00
2012-08-22,7.37,7.44,7.15,7.25,1364535,18582398.00
2012-08-23,7.31,7.31,7.01,7.15,2196109,29475032.00
2012-08-24,7.17,7.28,6.89,6.89,1950510,25896156.00
2012-08-27,6.92,6.92,6.54,6.62,1254472,15670894.00
2012-08-28,6.55,6.89,6.55,6.69,670465,8453851.00
2012-08-29,6.64,6.78,6.62,6.62,762488,9613599.00
2012-08-30,6.58,6.58,6.30,6.40,1832823,22167478.00
2012-08-31,6.39,6.53,6.34,6.50,761750,9278253.00
2012-09-03,6.50,6.64,6.42,6.58,764306,9452530.00
2012-09-04,6.60,6.80,6.57,6.67,1778802,22446478.00
2012-09-05,6.65,6.89,6.64,6.77,1230548,15689967.00
2012-09-06,6.79,6.84,6.72,6.84,1043057,13297252.00
2012-09-07,6.88,7.17,6.83,7.12,2479683,32850858.00
2012-09-10,7.06,7.60,7.03,7.58,3597017,49603596.00
2012-09-11,7.48,7.53,7.32,7.37,1909217,26562808.00
2012-09-12,7.48,7.74,7.37,7.49,1700252,24021266.00
2012-09-13,7.53,7.53,7.15,7.15,1577757,21664770.00
2012-09-14,7.20,7.50,7.17,7.30,1492135,20570556.00
2012-09-17,7.33,7.33,7.04,7.13,1424805,19176352.00
2012-09-18,7.19,7.28,7.03,7.15,702379,9433412.00
2012-09-19,7.18,7.38,7.07,7.38,1011522,13805492.00
2012-09-20,7.34,7.38,6.98,7.00,1228831,16461088.00
2012-09-21,6.99,7.18,6.87,7.04,735300,9735449.00
2012-09-24,6.99,7.44,6.89,7.34,1293979,17604514.00
2012-09-25,7.27,7.55,7.25,7.37,1815469,25327050.00
2012-09-26,7.37,7.42,7.10,7.10,1145696,15420237.00
2012-09-27,7.04,7.43,6.97,7.34,998609,13570562.00
2012-09-28,7.36,7.73,7.31,7.68,2534771,35970116.00
2012-10-08,7.64,7.72,7.55,7.69,1193045,17011036.00
2012-10-09,7.66,7.90,7.65,7.87,1823472,26586324.00
2012-10-10,7.85,8.14,7.77,7.78,2840774,42125304.00
2012-10-11,7.95,8.33,7.81,7.99,2947455,44401580.00
2012-10-12,8.03,8.16,7.87,7.98,1523546,22808104.00
2012-10-15,7.90,8.00,7.48,7.63,1928473,27618648.00
2012-10-16,7.62,7.81,7.60,7.72,1215092,17505872.00
2012-10-17,7.78,7.78,7.54,7.69,918671,13156493.00
2012-10-18,7.69,8.13,7.66,8.02,1560761,23238366.00
2012-10-19,8.02,8.09,7.90,7.98,861988,12835107.00
2012-10-22,7.92,8.23,7.90,8.22,1257513,19100232.00
2012-10-23,8.34,8.34,8.03,8.07,1171534,17753180.00
2012-10-24,7.96,8.02,7.74,7.84,1268471,18661880.00
2012-10-25,7.84,8.00,7.75,7.87,980747,14498393.00
2012-10-26,7.97,7.97,7.61,7.93,876577,12698913.00
2012-10-29,7.95,7.97,7.75,7.97,484281,7135533.50
2012-10-30,7.84,7.87,7.64,7.64,974024,14073598.00
2012-10-31,7.59,7.60,7.37,7.49,1138614,15890514.00
2012-11-01,7.52,7.92,7.43,7.88,1247519,18089546.00
2012-11-02,7.86,8.02,7.84,7.98,837295,12442002.00
2012-11-05,7.92,8.07,7.81,7.86,610950,9106299.00
2012-11-06,7.90,7.92,7.61,7.80,826320,11974001.00
2012-11-07,7.78,8.07,7.77,8.01,992177,14819216.00
2012-11-08,7.97,7.98,7.81,7.83,907288,13385435.00
2012-11-09,7.79,7.86,7.67,7.73,320527,4629064.50
2012-11-12,7.72,7.80,7.64,7.75,313934,4516192.50
2012-11-13,7.67,7.69,7.49,7.53,446255,6332346.00
2012-11-14,7.48,7.69,7.48,7.66,239860,3413025.00
2012-11-15,7.64,7.67,7.50,7.55,148231,2102385.75
2012-11-16,7.53,7.59,7.45,7.59,228972,3216119.50
2012-11-19,7.52,7.64,7.52,7.61,183371,2607084.75
2012-11-20,7.61,7.69,7.55,7.55,220500,3147125.50
2012-11-21,7.48,7.71,7.48,7.67,369008,5265763.00
2012-11-22,7.74,7.74,7.60,7.64,356795,5093638.00
2012-11-23,7.70,7.86,7.61,7.75,443340,6428581.50
2012-11-26,7.67,7.75,7.55,7.65,406221,5808269.00
2012-11-27,7.57,7.67,7.51,7.60,742076,10548936.00
2012-11-28,7.52,7.53,7.06,7.37,592982,8140960.00
2012-11-29,7.32,7.38,7.25,7.31,305185,4189699.25
2012-11-30,7.24,7.40,7.20,7.34,271176,3717923.50
2012-12-03,7.36,7.49,7.23,7.36,475290,6592406.50
2012-12-04,7.40,7.40,7.14,7.39,211777,2876276.25
2012-12-05,7.48,7.75,7.37,7.75,517751,7414696.00
2012-12-06,7.76,7.87,7.60,7.69,203140,2922789.50
2012-12-07,7.72,7.99,7.65,7.92,1214569,17961360.00
2012-12-10,7.95,8.12,7.94,8.00,668393,10026517.00
2012-12-11,8.00,8.07,7.87,7.97,350788,5238243.50
2012-12-12,7.97,8.00,7.82,7.89,257951,3806650.75
2012-12-13,7.84,7.87,7.44,7.44,1109705,15825122.00
2012-12-14,7.40,7.72,7.37,7.67,1601934,22781932.00
2012-12-17,7.69,7.91,7.48,7.85,1718908,24552948.00
2012-12-18,7.81,7.92,7.69,7.70,938036,13638403.00
2012-12-19,7.76,8.09,7.67,7.98,1578207,23431476.00
2012-12-20,7.97,8.29,7.85,8.13,2926886,43970948.00
2012-12-21,8.15,8.47,8.00,8.34,3213988,49273716.00
2012-12-24,8.34,8.47,8.22,8.27,1985193,30890366.00
2012-12-25,8.20,8.70,8.20,8.53,2929704,46763960.00
2012-12-26,8.54,8.73,8.48,8.64,1930325,31007998.00
2012-12-27,8.66,8.77,8.29,8.29,1541585,24273446.00
2012-12-28,8.26,8.45,8.26,8.35,1270759,19802394.00
2012-12-31,8.37,8.50,8.30,8.47,1089661,17091006.00
2013-01-04,8.52,8.64,8.37,8.59,1381913,21914564.00
2013-01-07,8.58,8.58,8.43,8.55,1016589,16108247.00
2013-01-08,8.53,8.73,8.44,8.66,1747247,28036374.00
2013-01-09,8.59,8.68,8.25,8.39,1733872,27328544.00
2013-01-10,8.35,8.48,8.30,8.37,1052444,16446078.00
2013-01-11,8.53,8.96,8.53,8.67,3820310,62514740.00
2013-01-14,8.63,9.36,8.59,9.20,3664978,61991804.00
2013-01-15,9.28,9.42,9.04,9.25,2872973,49206924.00
2013-01-16,9.25,9.56,9.08,9.28,2437212,42145900.00
2013-01-17,9.34,9.63,9.12,9.36,2423945,42101476.00
2013-01-18,9.35,9.47,9.15,9.30,1606553,27690030.00
2013-01-21,9.30,9.33,9.08,9.19,1355870,23123618.00
2013-01-22,9.19,9.33,8.97,8.99,1537244,26093208.00
2013-01-23,8.97,9.05,8.86,8.97,1373940,22892578.00
2013-01-24,9.03,9.12,8.53,8.55,2195073,35858360.00
2013-01-25,8.54,8.62,8.41,8.60,1274544,20190772.00
2013-01-28,8.59,8.94,8.52,8.87,2385579,38993228.00
2013-01-29,8.90,8.99,8.80,8.83,1625018,26838936.00
2013-01-30,8.81,8.85,8.53,8.59,1636640,26349880.00
2013-01-31,8.44,8.75,8.44,8.74,1122021,18170018.00
2013-02-01,8.71,8.74,8.58,8.73,598814,9680218.00
2013-02-04,8.74,8.82,8.38,8.52,1594107,25453870.00
2013-02-05,8.49,8.68,8.37,8.55,941020,15018603.00
2013-02-06,8.58,9.08,8.58,8.95,1970752,32629898.00
2013-02-07,9.07,9.12,8.89,8.99,1024643,17180144.00
2013-02-08,8.99,9.13,8.94,9.10,1093695,18441138.00
2013-02-18,9.15,9.47,9.14,9.18,1407787,24227256.00
2013-02-19,9.20,9.30,8.87,8.90,1463585,24521770.00
2013-02-20,8.93,9.17,8.85,9.14,997531,16756301.00
2013-02-21,9.13,9.13,8.69,8.90,1134242,18801886.00
2013-02-22,8.88,8.92,8.69,8.69,749186,12272541.00
2013-02-25,8.64,8.76,8.54,8.60,2256978,36247768.00
2013-02-26,8.66,8.74,8.48,8.48,1245866,20017930.00
2013-02-27,8.58,8.75,8.46,8.75,1162536,18679788.00
2013-02-28,8.80,8.93,8.58,8.92,1395216,22800572.00
2013-03-01,8.91,9.01,8.75,8.94,1486048,24513606.00
2013-03-04,8.85,8.98,8.57,8.70,1485488,24166760.00
2013-03-05,8.69,9.23,8.65,9.15,2241923,37586712.00
2013-03-06,9.15,9.41,9.14,9.18,2520444,43335180.00
2013-03-07,9.16,9.34,8.95,9.09,1389926,23669714.00
2013-03-08,9.09,9.28,8.97,8.98,966988,16274217.00
2013-03-11,9.01,9.20,8.88,9.14,899509,15196489.00
2013-03-12,9.14,9.20,8.67,8.75,1416418,23408464.00
2013-03-13,8.68,8.86,8.65,8.65,929796,15144427.00
2013-03-14,8.65,8.82,8.65,8.78,585111,9545982.00
2013-03-15,8.78,9.10,8.74,8.97,1232468,20591068.00
2013-03-18,8.75,8.75,8.20,8.48,2129058,33662204.00
2013-03-19,8.32,8.53,8.29,8.33,776361,12116552.00
2013-03-20,8.25,8.58,8.25,8.57,673737,10677594.00
2013-03-21,8.59,8.69,8.54,8.62,596015,9563372.00
2013-03-22,8.62,8.64,8.54,8.63,402694,6440658.50
2013-03-25,8.64,8.64,8.34,8.39,991478,15665912.00
2013-03-26,8.35,8.38,8.14,8.25,977453,15016700.00
2013-03-27,8.22,8.41,8.20,8.27,608253,9424909.00
2013-03-28,8.14,8.30,7.92,7.94,702347,10559849.00
2013-03-29,7.95,8.08,7.87,8.02,549176,8150817.50
2013-04-01,8.00,8.04,7.84,7.90,1339754,19858686.00
2013-04-02,7.83,7.92,7.53,7.63,1339851,19333888.00
2013-04-03,7.62,7.72,7.41,7.47,599690,8461590.00
2013-04-08,7.46,7.57,7.27,7.53,471144,6538987.00
2013-04-09,7.53,7.67,7.47,7.62,557415,7913255.00
2013-04-10,7.64,7.69,7.47,7.68,519726,7340312.50
2013-04-11,7.68,7.74,7.60,7.67,386024,5535370.00
2013-04-12,7.67,7.76,7.53,7.53,447890,6443751.50
2013-04-15,7.49,7.59,7.25,7.32,345954,4793161.50
2013-04-16,7.25,7.42,7.15,7.40,230285,3152875.00
2013-04-17,7.42,7.42,7.31,7.39,556377,7662638.50
2013-04-18,7.39,7.49,7.28,7.45,259022,3603661.50
2013-04-19,7.40,7.73,7.40,7.72,732448,10503994.00
2013-04-22,7.71,7.74,7.62,7.69,622066,8938482.00
2013-04-23,7.74,7.75,7.37,7.44,680442,9570117.00
2013-04-24,7.46,7.62,7.38,7.60,782812,11004803.00
2013-04-25,7.64,7.64,7.37,7.39,555471,7776101.50
2013-04-26,7.33,7.52,7.09,7.17,753945,10298007.00
2013-05-02,7.13,7.24,7.08,7.19,321665,4315522.50
2013-05-03,7.23,7.55,7.20,7.39,678336,9362751.00
2013-05-06,7.37,7.65,7.37,7.59,1296169,18225080.00
2013-05-07,7.58,7.64,7.49,7.61,562791,7973008.00
2013-05-08,7.60,7.72,7.59,7.72,797490,11417025.00
2013-05-09,7.71,7.93,7.63,7.77,1096325,15970218.00
2013-05-10,7.74,7.80,7.65,7.80,716146,10342543.00
2013-05-13,7.84,7.93,7.70,7.84,530813,7743352.00
2013-05-14,7.84,7.88,7.60,7.72,412188,5944665.00
2013-05-15,7.70,7.84,7.63,7.84,837513,12101024.00
2013-05-16,7.78,7.97,7.74,7.80,1284236,18876676.00
2013-05-17,7.77,7.92,7.65,7.85,1062391,15445993.00
2013-05-20,7.82,8.06,7.80,8.05,1528766,22849162.00
2013-05-21,8.03,8.17,7.95,8.11,1129991,16994838.00
2013-05-22,8.09,8.13,7.87,7.89,1186948,17705838.00
2013-05-23,7.82,8.08,7.78,7.89,1131125,16765584.00
2013-05-24,7.95,8.13,7.84,8.13,1544112,23200696.00
2013-05-27,8.19,8.42,8.15,8.34,2667447,41257864.00
2013-05-28,8.34,8.35,8.04,8.10,1767501,26841520.00
2013-05-29,8.19,8.30,8.07,8.20,1395487,21335616.00
2013-05-30,8.22,8.58,8.16,8.53,2842763,44796016.00
2013-05-31,8.66,8.91,8.55,8.65,3733175,49817504.00
2013-06-03,8.51,8.66,8.37,8.43,2089655,27196722.00
2013-06-04,8.39,8.39,8.03,8.19,1599926,20066570.00
2013-06-05,8.19,8.25,8.07,8.23,623520,7828120.50
2013-06-06,8.19,8.19,7.93,8.01,637282,7919497.50
2013-06-07,7.99,8.05,7.67,7.81,859630,10458821.00
2013-06-13,7.80,7.80,7.13,7.49,709191,8181872.50
2013-06-14,7.49,7.69,7.33,7.65,1175270,13679311.00
2013-06-17,7.56,7.63,7.45,7.46,1046962,12165696.00
2013-06-18,7.53,7.69,7.39,7.69,901427,10475818.00
2013-06-19,7.69,7.78,7.47,7.66,706159,8273400.00
2013-06-20,7.49,7.62,7.25,7.27,830205,9509219.00
2013-06-21,7.23,7.23,6.73,7.07,1150629,12475367.00
2013-06-24,7.07,7.32,6.66,6.68,864665,9205035.00
2013-06-25,6.53,7.05,6.49,7.03,1148487,12153841.00
2013-06-26,7.03,7.23,6.91,7.19,905439,9877268.00
2013-06-27,7.22,7.23,6.79,6.86,1387201,14969737.00
2013-06-28,6.86,6.99,6.69,6.79,585626,6176646.00
2013-07-01,6.77,7.02,6.77,7.01,316125,3367632.50
2013-07-02,7.04,7.11,6.88,7.08,1318427,14214994.00
2013-07-03,7.06,7.06,6.80,6.92,924757,9856287.00
2013-07-04,6.87,7.11,6.83,6.97,1069285,11547710.00
2013-07-05,6.93,7.03,6.74,6.79,960851,10240579.00
2013-07-08,6.71,6.71,6.38,6.39,948161,9570344.00
2013-07-09,6.39,6.52,6.34,6.45,512450,5111820.00
2013-07-10,6.45,6.61,6.39,6.60,1242298,12549415.00
2013-07-11,6.62,6.84,6.57,6.77,1682018,17446496.00
2013-07-12,6.80,6.83,6.65,6.72,1339901,13979336.00
2013-07-15,6.76,6.90,6.67,6.88,2001110,21085574.00
2013-07-16,6.85,6.97,6.73,6.97,1124468,11929829.00
2013-07-17,6.93,6.99,6.70,6.73,1211790,12777841.00
2013-07-18,6.70,6.79,6.56,6.68,1205236,12442227.00
2013-07-19,6.73,6.92,6.65,6.73,1687599,17779286.00
2013-07-22,6.76,7.09,6.71,7.05,2007010,21509794.00
2013-07-23,7.01,7.33,7.01,7.21,2209749,24524296.00
2013-07-24,7.17,7.41,7.07,7.36,1766632,19661058.00
2013-07-25,7.43,7.44,7.03,7.06,1610023,17833682.00
2013-07-26,7.13,7.13,6.92,7.02,741792,8045725.50
2013-07-29,6.99,7.14,6.86,6.89,884616,9567803.00
2013-07-30,6.89,6.97,6.70,6.78,669898,7054095.00
2013-07-31,6.79,6.95,6.78,6.83,710678,7519646.50
2013-08-01,6.86,7.23,6.79,7.19,1417518,15391502.00
2013-08-02,7.18,7.23,7.09,7.15,1477920,16332146.00
2013-08-05,7.15,7.59,7.07,7.43,2336383,26547566.00
2013-08-06,7.45,7.52,7.27,7.39,1865051,21231436.00
2013-08-07,7.37,7.37,7.11,7.14,1552834,17256140.00
2013-08-08,7.19,7.61,7.19,7.39,2386776,27351352.00
2013-08-09,7.40,7.51,7.23,7.29,1957215,22159380.00
2013-08-12,7.36,7.43,7.23,7.40,1986078,22455170.00
2013-08-13,7.42,7.59,7.37,7.55,2055117,23721432.00
2013-08-14,7.59,7.59,7.40,7.47,1584981,18274414.00
2013-08-15,7.48,7.51,7.26,7.26,1339984,15271421.00
2013-08-16,7.23,7.49,7.17,7.17,1397171,15743933.00
2013-08-19,7.16,7.35,7.13,7.35,1142746,12788959.00
2013-08-20,7.29,7.43,7.26,7.32,1147116,12999228.00
2013-08-21,7.35,7.55,7.29,7.53,2046311,23533310.00
2013-08-22,7.53,7.55,7.45,7.50,1186776,13725470.00
2013-08-23,7.52,7.76,7.46,7.61,2947470,34557416.00
2013-08-26,7.61,7.71,7.55,7.71,1333817,15696988.00
2013-08-27,7.71,7.78,7.55,7.59,1783804,20927164.00
2013-08-28,7.51,7.54,7.39,7.42,1596894,18346586.00
2013-08-29,7.42,7.51,7.35,7.45,966658,11102483.00
2013-08-30,7.45,7.46,7.14,7.17,1496126,16797546.00
2013-09-02,7.14,7.27,7.07,7.19,1024464,11347516.00
2013-09-03,7.19,7.36,7.19,7.32,697079,7863058.00
2013-09-04,7.33,7.37,7.27,7.29,580438,6538173.00
2013-09-05,7.31,7.38,7.28,7.33,1008043,11387074.00
2013-09-06,7.30,7.37,7.25,7.35,1107515,12470913.00
2013-09-09,7.35,7.49,7.26,7.47,1201289,13675628.00
2013-09-10,7.45,7.54,7.32,7.40,1119136,12722144.00
2013-09-11,7.37,7.40,7.25,7.31,1173442,13194830.00
2013-09-12,7.30,7.35,7.27,7.33,700724,7906231.00
2013-09-13,7.35,7.37,7.25,7.35,860593,9709343.00
2013-09-16,7.35,7.43,7.31,7.37,984195,11173982.00
2013-09-17,7.33,7.35,7.16,7.17,1532234,17067342.00
2013-09-18,7.17,7.25,7.15,7.23,468992,5204988.00
2013-09-23,7.29,7.37,7.16,7.34,1264232,14208501.00
2013-09-24,7.37,7.37,7.17,7.23,1816850,20293876.00
2013-09-25,7.19,7.31,7.19,7.22,1111433,12414149.00
2013-09-26,7.24,7.24,7.00,7.01,1499006,16458755.00
2013-09-27,7.01,7.07,6.95,7.03,888091,9601439.00
2013-09-30,6.99,7.12,6.97,7.10,592423,6455749.00
2013-10-08,7.10,7.21,7.05,7.20,925515,10188719.00
2013-10-09,7.20,7.43,7.17,7.33,1788056,20226650.00
2013-10-10,7.33,7.45,7.26,7.37,1544998,17532006.00
2013-10-11,7.39,7.44,7.29,7.39,1476140,16759244.00
2013-10-14,7.39,7.57,7.39,7.56,1927409,22342816.00
2013-10-15,7.56,7.61,7.44,7.51,1805728,20968344.00
2013-10-16,7.51,7.51,7.31,7.40,1261911,14307413.00
2013-10-17,7.43,7.71,7.39,7.55,1725901,20190890.00
2013-10-18,7.55,7.77,7.55,7.71,2083983,24687336.00
2013-10-21,7.74,8.51,7.74,8.22,5420918,68438304.00
2013-10-22,8.21,8.21,7.77,7.84,7938712,96778984.00
2013-10-23,7.85,8.02,7.66,7.98,4038090,48839580.00
2013-10-24,7.97,7.97,7.77,7.81,1806432,21795086.00
2013-10-25,7.76,7.91,7.67,7.75,1314863,15760240.00
2013-10-28,7.75,7.92,7.68,7.89,1395817,16829048.00
2013-10-29,7.89,8.05,7.31,7.63,2443866,29148428.00
2013-10-30,7.63,7.71,7.51,7.66,1181675,13864317.00
2013-10-31,7.69,8.15,7.62,8.12,3146685,38390848.00
2013-11-01,8.07,8.07,7.85,7.95,2167454,26524006.00
2013-11-04,7.91,8.16,7.87,7.99,1934942,23963286.00
2013-11-05,7.99,8.29,7.93,8.21,2870962,36133036.00
2013-11-06,8.22,8.23,7.96,7.99,1984720,24722764.00
2013-11-07,7.98,7.98,7.68,7.73,1720226,20634844.00
2013-11-08,7.72,7.78,7.53,7.57,1098973,12917312.00
2013-11-11,7.60,7.87,7.55,7.83,1209142,14435635.00
2013-11-12,7.89,8.17,7.80,8.11,2128903,26251324.00
2013-11-13,8.02,8.27,7.89,7.96,2289542,28504380.00
2013-11-14,7.96,8.45,7.77,8.28,3349768,42138992.00
2013-11-15,8.28,8.53,8.19,8.44,3884125,50314148.00
2013-11-18,8.46,8.53,8.29,8.41,4176827,53991000.00
2013-11-19,8.33,8.71,8.31,8.36,3588671,46792408.00
2013-11-20,8.33,8.41,8.15,8.28,2802262,35522944.00
2013-11-21,8.25,8.52,8.15,8.52,2718205,34929016.00
2013-11-22,8.46,8.75,8.41,8.46,3463555,45729912.00
2013-11-25,8.34,8.58,8.33,8.47,2165400,28109336.00
2013-11-26,8.55,9.13,8.49,8.93,4544398,61760372.00
2013-11-27,8.85,8.99,8.79,8.91,3113695,42419552.00
2013-11-28,8.86,9.04,8.83,8.93,2441306,33456468.00
2013-11-29,8.89,9.26,8.87,8.99,4528771,63053740.00
2013-12-02,8.46,8.69,8.07,8.09,5259981,67320712.00
2013-12-03,7.93,8.32,7.88,8.25,2600488,32568368.00
2013-12-04,8.25,8.70,8.19,8.37,2797616,36606524.00
2013-12-05,8.33,8.45,8.19,8.22,1885971,24057224.00
2013-12-06,8.21,8.51,8.19,8.39,2079178,26910098.00
2013-12-09,8.29,8.69,8.29,8.57,1773970,23354978.00
2013-12-10,8.63,8.71,8.47,8.62,1747788,23035776.00
2013-12-11,8.63,8.91,8.57,8.73,2344160,31283400.00
2013-12-12,8.73,8.90,8.63,8.87,2664019,35837664.00
2013-12-13,8.79,8.98,8.76,8.85,2243142,30530728.00
2013-12-16,8.85,8.85,8.41,8.42,2661558,35012720.00
2013-12-17,8.41,8.49,8.07,8.19,2503340,31674606.00
2013-12-18,8.19,8.35,8.15,8.29,1056500,13401900.00
2013-12-19,8.30,8.35,8.21,8.30,1053958,13457796.00
2013-12-20,8.26,8.35,7.93,8.05,1451648,18143942.00
2013-12-23,7.93,8.11,7.85,8.02,891942,10929815.00
2013-12-24,8.02,8.18,7.96,8.09,1053116,13099094.00
2013-12-25,8.09,8.35,8.09,8.35,1628306,20668006.00
2013-12-26,8.37,8.37,8.13,8.14,1470347,18655052.00
2013-12-27,8.14,8.51,8.14,8.49,2107026,27240836.00
2013-12-30,8.58,8.59,8.41,8.51,1563812,20391146.00
2013-12-31,8.51,8.53,8.27,8.35,1867976,23994572.00
2014-01-02,8.35,8.63,8.26,8.59,2383365,31255884.00
2014-01-03,8.56,8.63,8.40,8.45,2043360,26643606.00
2014-01-06,8.46,8.47,8.27,8.27,1790375,22909944.00
2014-01-07,8.23,8.43,8.14,8.41,1354881,17258334.00
2014-01-08,8.46,8.78,8.46,8.64,3649747,48469512.00
2014-01-09,8.68,8.69,8.25,8.27,2543327,33237086.00
2014-01-10,8.27,8.30,7.99,8.04,1971665,24620318.00
2014-01-13,8.03,8.17,7.99,8.17,1201422,14965121.00
2014-01-14,8.13,8.53,8.06,8.53,2564881,33082108.00
2014-01-15,8.51,8.76,8.45,8.71,4658867,62003800.00
2014-01-16,8.67,8.77,8.55,8.68,2488654,33087688.00
2014-01-17,8.69,8.93,8.61,8.71,2401048,32248960.00
2014-01-20,8.77,8.81,8.39,8.48,3540702,46765452.00
2014-01-21,8.48,9.15,8.48,9.09,5978544,81773648.00
2014-01-22,8.98,9.11,8.86,9.09,5052601,69852056.00
2014-01-23,9.06,9.30,9.01,9.11,5388987,75806344.00
2014-01-24,9.06,9.43,9.06,9.27,4727823,67421232.00
2014-01-27,9.31,9.43,9.12,9.17,3405411,48358172.00
2014-01-28,9.08,9.23,8.87,9.05,3244173,44780768.00
2014-01-29,9.06,9.29,9.02,9.29,2901357,40719688.00
2014-01-30,9.27,9.34,9.04,9.15,2233958,31299126.00
2014-02-07,9.05,9.61,8.93,9.59,3950006,57163840.00
2014-02-10,9.59,9.94,9.46,9.83,4815479,71749288.00
2014-02-11,9.74,9.88,9.52,9.62,3769955,55885272.00
2014-02-12,9.62,9.77,9.45,9.73,3283320,48525336.00
2014-02-13,9.67,9.76,9.40,9.42,3279775,48086592.00
2014-02-14,9.42,9.69,9.32,9.61,2948818,42939712.00
2014-02-17,9.63,9.89,9.63,9.85,3491925,52443412.00
2014-02-18,9.85,9.90,9.67,9.75,3781754,56542412.00
2014-02-19,9.71,9.85,9.50,9.63,3446146,50826268.00
2014-02-20,9.54,9.66,9.11,9.23,4138152,59187208.00
2014-02-21,9.19,9.41,9.09,9.26,1781983,25306212.00
2014-02-24,9.23,9.38,9.18,9.37,2193686,31314882.00
2014-02-25,9.39,9.43,8.61,8.79,4489207,62417964.00
2014-02-26,8.79,8.79,8.46,8.75,1840260,24432530.00
2014-02-27,8.77,8.97,8.43,8.48,2767481,37109584.00
2014-02-28,8.49,8.75,8.40,8.71,1733281,22743616.00
2014-03-03,8.71,8.83,8.64,8.81,2702931,36288300.00
2014-03-04,8.71,8.77,8.53,8.73,2123270,28205468.00
2014-03-05,8.73,8.89,8.64,8.77,2013117,27152392.00
2014-03-06,8.73,8.87,8.55,8.80,1678109,22461798.00
2014-03-07,8.80,8.87,8.71,8.78,1632925,22051584.00
2014-03-10,8.69,8.69,8.25,8.31,2158476,27961374.00
2014-03-11,8.33,8.39,8.13,8.22,1836186,23275110.00
2014-03-12,8.19,8.34,8.09,8.20,1296493,16354790.00
2014-03-13,8.23,8.37,8.18,8.35,1458859,18589684.00
2014-03-14,8.32,8.37,8.16,8.23,1133939,14412031.00
2014-03-17,8.31,8.58,8.24,8.55,1825081,23726214.00
2014-03-18,8.55,8.77,8.47,8.57,2156114,28604296.00
2014-03-19,8.53,8.74,8.53,8.71,1704954,22628566.00
2014-03-20,8.71,8.75,8.36,8.40,1506964,19857718.00
2014-03-21,8.33,8.62,8.20,8.54,1412309,18328376.00
2014-03-24,8.57,8.65,8.49,8.56,1455774,19150488.00
2014-03-25,8.49,8.97,8.49,8.73,3358577,45184704.00
2014-03-26,8.75,8.81,8.61,8.71,1351686,18087768.00
2014-03-27,8.67,8.67,8.37,8.38,2147866,28007436.00
2014-03-28,8.32,8.38,8.11,8.14,1772906,22410156.00
2014-03-31,8.13,8.19,7.90,7.96,2353017,29005400.00
2014-04-01,7.97,8.18,7.97,8.05,1817868,22611010.00
2014-04-02,8.09,8.10,7.99,8.07,1297053,16043897.00
2014-04-03,8.10,8.17,8.04,8.06,1089760,13579751.00
2014-04-04,8.01,8.17,8.01,8.15,873767,10902188.00
2014-04-08,8.14,8.27,8.09,8.27,1219677,15379596.00
2014-04-09,8.25,8.35,8.23,8.31,1494352,19070472.00
2014-04-10,8.35,8.39,8.26,8.27,1542839,19768688.00
2014-04-11,8.22,8.30,8.14,8.27,1394848,17633128.00
2014-04-14,8.26,8.39,8.26,8.38,1312581,16853040.00
2014-04-15,8.34,8.47,8.29,8.31,1431506,18399690.00
2014-04-16,8.27,8.31,8.17,8.27,902332,11436259.00
2014-04-17,8.29,8.43,8.29,8.41,1555333,20010674.00
2014-04-18,8.41,8.51,8.31,8.50,1735827,22549456.00
2014-04-21,8.43,8.47,8.23,8.26,1471544,18915484.00
2014-04-22,8.25,8.29,8.04,8.14,1188496,14852153.00
2014-04-23,8.15,8.23,8.10,8.16,992099,12473332.00
2014-04-24,8.11,8.19,7.96,8.01,756464,9375949.00
2014-04-25,8.01,8.05,7.79,7.79,1627951,19747464.00
2014-04-28,7.79,7.79,7.48,7.56,1331018,15542985.00
2014-04-29,7.56,7.72,7.49,7.68,716985,8422293.00
2014-04-30,7.68,7.78,7.64,7.78,673115,8013762.50
2014-05-05,7.73,7.83,7.66,7.81,836985,9997993.00
2014-05-06,7.73,7.89,7.69,7.82,1348700,16238369.00
2014-05-07,7.77,7.81,7.61,7.64,937851,11138953.00
2014-05-08,7.63,7.82,7.58,7.65,981814,11668310.00
2014-05-09,7.65,7.74,7.54,7.63,976363,11466032.00
2014-05-12,7.71,7.85,7.59,7.83,1496433,17881336.00
2014-05-13,7.82,7.85,7.77,7.79,699476,8408951.00
2014-05-14,7.76,7.93,7.75,7.87,1212641,14709885.00
2014-05-15,7.88,7.89,7.65,7.66,1077173,12814089.00
2014-05-16,7.65,7.68,7.51,7.60,930587,10883742.00
2014-05-19,7.58,7.70,7.58,7.69,680976,8016067.00
2014-05-20,7.76,7.83,7.71,7.73,880661,10545949.00
2014-05-21,7.78,7.81,7.67,7.81,559548,6685202.00
2014-05-22,7.85,7.98,7.81,7.81,1392046,16949152.00
2014-05-23,7.85,7.98,7.83,7.96,1991899,24271618.00
2014-05-26,8.06,8.27,8.05,8.19,3021085,38004840.00
2014-05-27,8.24,8.31,8.13,8.19,1908268,24105894.00
2014-05-28,8.18,8.41,8.14,8.41,2376813,30390590.00
2014-05-29,8.43,8.43,8.23,8.24,1542679,19774156.00
2014-05-30,8.20,8.32,8.13,8.25,1379808,17460068.00
2014-06-03,8.26,8.29,8.10,8.11,920498,11575979.00
2014-06-04,8.11,8.19,8.01,8.19,1051874,13081276.00
2014-06-05,8.15,8.27,8.13,8.25,1590084,20053966.00
2014-06-06,8.27,8.36,8.19,8.24,1484088,18882022.00
2014-06-09,8.23,8.44,8.15,8.33,2169274,27854606.00
2014-06-10,8.31,8.51,8.26,8.48,1691322,21929944.00
2014-06-11,8.50,8.59,8.43,8.55,1810157,23693172.00
2014-06-12,8.52,8.55,8.37,8.38,1231051,15984144.00
2014-06-13,8.42,8.64,8.33,8.61,1613840,21139650.00
2014-06-16,8.63,8.74,8.58,8.65,1790178,23768786.00
2014-06-17,8.64,8.64,8.49,8.52,1247545,16372298.00
2014-06-18,8.57,8.61,8.29,8.36,1436846,18445356.00
2014-06-19,8.39,8.42,8.11,8.21,1029880,12906953.00
2014-06-20,8.21,8.35,8.14,8.33,834412,10498399.00
2014-06-23,8.33,8.60,8.30,8.56,1818303,23443416.00
2014-06-24,8.58,8.65,8.53,8.62,1595810,20789544.00
2014-06-25,8.63,8.82,8.48,8.80,2226757,29288484.00
2014-06-26,8.78,9.45,8.75,9.19,7223159,100388728.00
2014-06-27,9.15,9.35,9.15,9.32,4463243,62674412.00
2014-06-30,9.43,9.50,9.13,9.28,3549261,49789448.00
2014-07-01,9.33,9.46,9.24,9.32,3839858,54360968.00
2014-07-02,9.32,9.37,9.17,9.27,3012059,42312192.00
2014-07-03,9.29,9.33,9.15,9.28,2307247,32385120.00
2014-07-04,9.27,9.27,9.14,9.23,2458399,34327448.00
2014-07-07,9.27,9.43,9.13,9.42,3216473,45364008.00
2014-07-08,9.41,9.49,9.21,9.37,2628760,37261520.00
2014-07-09,9.35,9.51,9.15,9.16,3392936,48242040.00
2014-07-10,9.13,9.29,9.05,9.07,2019458,28071770.00
2014-07-11,9.07,9.28,9.01,9.24,1759175,24604736.00
2014-07-14,9.25,9.55,9.24,9.49,2772715,39650528.00
2014-07-15,9.47,9.51,9.09,9.25,3281611,46132464.00
2014-07-16,9.22,9.27,9.11,9.18,1408208,19568656.00
2014-07-17,9.15,9.33,9.13,9.29,1939742,27235654.00
2014-07-18,9.23,9.42,9.23,9.35,2182772,30933246.00
2014-07-21,9.34,9.35,9.13,9.27,1354536,18949104.00
2014-07-22,9.27,9.37,9.22,9.37,1753532,24831636.00
2014-07-23,9.41,9.46,9.18,9.23,2133341,29951974.00
2014-07-24,9.23,9.23,8.91,8.91,2351390,32284244.00
2014-07-25,8.91,9.01,8.83,8.99,1763695,23840780.00
2014-07-28,9.00,9.16,8.95,9.09,1976610,27142302.00
2014-07-29,9.11,9.18,9.07,9.13,2095187,29023748.00
2014-07-30,9.13,9.17,9.07,9.13,1348096,18671650.00
2014-07-31,9.15,9.51,9.09,9.48,3217500,45634704.00
2014-08-01,9.48,9.60,9.37,9.46,2552742,36645740.00
2014-08-04,9.45,9.61,9.33,9.59,2274571,32738768.00
2014-08-05,9.61,9.79,9.51,9.77,3214980,47210108.00
2014-08-06,9.72,9.75,9.63,9.69,1688173,24793998.00
2014-08-07,9.72,9.73,9.44,9.44,2290046,33331998.00
2014-08-08,9.47,9.59,9.35,9.58,2247561,32314592.00
2014-08-11,9.61,9.87,9.53,9.87,2765954,40823984.00
2014-08-12,9.83,10.86,9.75,10.53,8020707,126612560.00
2014-08-13,10.49,10.80,10.33,10.63,4932698,78829672.00
2014-08-14,10.62,10.86,10.35,10.37,4206488,67788088.00
2014-08-15,10.43,10.53,10.30,10.46,2324249,36763580.00
2014-08-18,10.57,10.68,10.48,10.62,2176663,34877428.00
2014-08-19,10.57,10.69,10.49,10.57,3014528,48320276.00
2014-08-20,10.56,10.98,10.56,10.81,3350656,55042704.00
2014-08-21,10.82,10.83,10.39,10.61,2837416,45574252.00
2014-08-22,10.56,10.91,10.53,10.80,2532689,41046264.00
2014-08-25,10.79,10.79,10.57,10.59,1736705,27969154.00
2014-08-26,10.60,10.64,10.28,10.38,1996172,31564772.00
2014-08-27,10.49,10.69,10.39,10.56,1587504,25405600.00
2014-08-28,10.56,10.67,10.33,10.57,1425550,22728878.00
2014-08-29,10.56,10.67,10.56,10.63,1013489,16263842.00
2014-09-01,10.71,11.24,10.59,11.21,2786554,46672600.00
2014-09-02,11.26,11.29,11.09,11.25,1889760,32126744.00
2014-09-03,11.25,11.67,11.17,11.27,2768983,47973124.00
2014-09-04,11.49,11.89,11.23,11.74,2849735,49999736.00
2014-09-05,11.72,11.81,11.61,11.71,1296368,22980952.00
2014-09-09,11.67,12.08,11.61,11.76,904031,16076713.00
2014-09-10,11.75,11.85,11.63,11.69,978814,17395340.00
2014-09-11,11.83,12.06,11.56,11.65,1792826,31942946.00
2014-09-12,11.63,11.81,11.56,11.79,1299190,23003242.00
2014-09-15,11.67,12.01,11.45,11.71,2469301,43840892.00
2014-09-16,11.81,11.81,11.21,11.43,2545421,44415720.00
2014-09-17,11.43,11.55,10.91,11.47,2219359,37720624.00
2014-09-18,11.39,11.50,11.08,11.49,2065693,35295012.00
2014-09-19,11.47,11.63,11.29,11.51,957372,16670043.00
2014-09-22,11.42,11.56,11.15,11.16,1226781,21000948.00
2014-09-23,11.16,11.33,10.59,11.11,2346968,39231068.00
2014-09-24,11.01,11.49,10.93,11.39,1582434,26927090.00
2014-09-25,11.39,11.55,11.14,11.21,1516288,26035466.00
2014-09-26,11.15,11.93,11.15,11.89,2806365,49733512.00
2014-09-29,11.93,12.01,11.79,11.96,988898,17838004.00
2014-09-30,11.90,12.05,11.90,11.96,1091709,19750582.00
2014-10-08,11.96,11.99,11.67,11.88,1095778,19563878.00
2014-10-09,11.88,12.17,11.69,12.02,1890179,34164964.00
2014-10-10,11.95,12.03,11.67,11.99,2067720,36967952.00
2014-10-13,11.87,12.06,11.73,11.91,1079525,19363394.00
2014-10-14,11.87,12.33,11.86,12.03,2094446,38256132.00
2014-10-15,11.98,12.27,11.67,12.18,2023630,36798988.00
2014-10-16,12.13,12.15,11.68,11.70,1392455,25191798.00
2014-10-17,11.67,11.89,11.17,11.70,1726579,30068324.00
2014-10-20,11.77,11.93,11.61,11.88,1333123,23823764.00
2014-10-21,11.99,12.23,11.84,11.84,1825832,33199280.00
2014-10-22,11.83,12.02,11.50,11.57,1875206,33313054.00
2014-10-23,11.56,11.81,11.27,11.39,1302653,22675736.00
2014-10-24,11.41,11.61,11.29,11.43,1099160,19108958.00
2014-10-27,11.43,11.61,11.09,11.55,787572,13663715.00
2014-10-28,11.57,12.02,11.57,11.99,1610427,28902690.00
2014-10-29,11.99,12.29,11.95,12.07,2011726,36926316.00
2014-10-30,12.19,12.22,11.90,12.17,1662815,30406182.00
2014-10-31,12.15,12.89,12.12,12.86,3033775,57594464.00
2014-11-03,12.75,13.22,12.75,13.05,2819467,55595004.00
2014-11-04,12.91,13.03,12.59,12.73,1270577,24503058.00
2014-11-05,12.63,12.72,12.43,12.69,945944,18000136.00
2014-11-06,12.66,13.09,12.56,13.09,1226354,23754742.00
2014-11-07,13.17,13.49,12.37,12.72,2356342,46807848.00
2014-11-10,12.72,13.13,12.59,13.03,1212260,23544304.00
2014-11-11,13.15,13.15,12.28,12.53,2019919,38560984.00
2014-11-12,12.23,12.95,12.23,12.88,1321329,25345036.00
2014-11-13,12.87,12.87,12.46,12.55,1096067,20856978.00
2014-11-14,12.46,12.67,12.37,12.65,814185,15460797.00
2014-11-17,12.59,13.16,12.46,13.03,1524692,29859700.00
2014-11-18,13.13,13.18,12.80,13.02,1049651,20624046.00
2014-11-19,13.02,13.99,12.85,13.87,3652260,74677352.00
2014-11-20,13.76,13.76,13.47,13.67,1526090,31395566.00
2014-11-21,13.53,13.74,13.53,13.61,951251,19588196.00
2014-11-24,13.71,13.81,13.49,13.65,1010082,20810396.00
2014-11-25,13.65,13.95,13.43,13.77,1775018,36562432.00
2014-11-26,13.77,13.77,13.43,13.52,1385861,28347048.00
2014-11-27,13.58,13.87,13.46,13.63,1422589,29362094.00
2014-11-28,13.63,13.67,13.28,13.61,1454009,29598890.00
2014-12-01,13.61,13.61,13.16,13.23,2060171,41309112.00
2014-12-02,13.11,13.59,13.11,13.52,1092750,22157566.00
2014-12-03,13.49,13.49,13.13,13.37,1721271,34551064.00
2014-12-04,13.36,13.66,13.29,13.59,2002765,40878232.00
2014-12-05,13.49,13.50,13.15,13.31,2127049,42765696.00
2014-12-08,13.19,13.41,12.85,12.86,1842442,36567800.00
2014-12-09,12.83,13.09,11.69,11.89,2423836,46167740.00
2014-12-10,12.03,12.63,11.95,12.61,1180849,22078666.00
2014-12-11,12.61,12.75,12.35,12.63,1056067,20049582.00
2014-12-12,12.57,12.73,12.49,12.63,770302,14676864.00
2014-12-15,12.57,12.81,12.57,12.73,819388,15746600.00
2014-12-16,12.76,12.89,12.58,12.71,1065383,20438376.00
2014-12-17,12.71,12.71,12.15,12.21,1361857,25340454.00
2014-12-18,12.21,12.28,11.86,11.89,1096389,20024492.00
2014-12-19,11.95,12.05,11.23,11.45,2269325,39440688.00
2014-12-22,11.43,11.53,10.84,11.10,1638554,27532754.00
2014-12-23,11.16,11.56,10.97,11.21,1092725,18662666.00
2014-12-24,11.32,11.84,11.32,11.77,1416231,24993264.00
2014-12-25,11.68,11.96,11.59,11.89,795780,14155839.00
2014-12-26,11.88,11.89,11.58,11.69,1323987,23439210.00
2014-12-29,11.76,11.76,10.94,11.13,2015612,34025820.00
2014-12-30,11.06,11.16,10.73,11.01,1619293,26730864.00
2014-12-31,11.03,11.40,10.93,11.40,1067194,18158544.00
2015-01-05,11.40,11.41,11.10,11.23,793732,13462439.00
2015-01-06,11.17,11.82,11.12,11.75,1282831,22465566.00
2015-01-07,11.69,11.73,11.45,11.60,1043413,18280626.00
2015-01-08,11.68,11.82,11.61,11.73,863851,15328557.00
2015-01-09,11.59,11.66,11.28,11.29,1351648,23353806.00
2015-01-12,11.15,11.28,11.09,11.12,719678,12182042.00
2015-01-13,11.12,11.35,11.07,11.33,835840,14125693.00
2015-01-14,11.24,11.29,11.09,11.21,626633,10621503.00
2015-01-15,11.20,11.33,11.15,11.17,434644,7383226.00
2015-01-16,11.21,11.46,11.17,11.29,751952,12877834.00
2015-01-19,11.06,11.55,11.05,11.12,1212127,20735954.00
2015-01-20,11.18,11.67,11.15,11.64,1250720,21725758.00
2015-01-21,11.76,12.17,11.65,11.93,1990597,35986084.00
2015-01-22,12.23,12.23,11.99,12.10,1223875,22407944.00
2015-01-23,12.10,12.10,11.73,11.77,1072693,19238388.00
2015-01-26,11.77,12.00,11.77,11.96,1111794,20019266.00
2015-01-27,11.96,12.07,11.23,11.76,1932868,33988592.00
2015-01-28,11.63,11.75,11.49,11.67,1050679,18527062.00
2015-01-29,11.56,11.81,11.49,11.69,863222,15288783.00
2015-01-30,11.75,11.75,11.49,11.50,698591,12303789.00
2015-02-02,11.43,11.57,11.26,11.49,545656,9487036.00
2015-02-03,11.62,11.94,11.56,11.83,1267315,22612540.00
2015-02-04,11.99,11.99,11.63,11.67,1158988,20602330.00
2015-02-05,11.76,11.81,11.49,11.51,1411434,24881750.00
2015-02-06,11.51,11.58,11.23,11.24,1059349,18180034.00
2015-02-09,11.16,11.35,11.02,11.06,1386023,23367634.00
2015-02-10,11.03,11.25,11.03,11.23,591652,9996713.00
2015-02-11,11.28,11.45,11.24,11.43,701808,12093830.00
2015-02-12,11.49,11.60,11.43,11.53,720406,12574939.00
2015-02-13,11.56,11.80,11.55,11.74,1122355,19918824.00
2015-02-16,11.85,11.95,11.59,11.90,1110876,19878608.00
2015-02-17,11.91,12.05,11.76,11.87,1094760,19698896.00
2015-02-25,11.89,11.91,11.68,11.73,1094587,19453392.00
2015-02-26,11.72,12.64,11.69,12.36,2180252,40311208.00
2015-02-27,12.37,12.59,12.23,12.53,2156586,40565856.00
2015-03-02,12.55,12.77,12.39,12.71,1566438,29990076.00
2015-03-03,12.88,12.89,12.39,12.40,1514772,28902712.00
2015-03-04,12.29,12.61,12.29,12.59,1073033,20228490.00
2015-03-05,12.55,12.68,12.38,12.58,1046915,19791644.00
2015-03-06,12.59,12.74,12.40,12.43,1251137,23690172.00
2015-03-09,12.49,12.49,12.27,12.48,1190764,22343584.00
2015-03-10,12.48,12.68,12.44,12.61,1476023,28147718.00
2015-03-11,12.67,12.69,12.30,12.41,1442502,27188912.00
2015-03-12,12.42,12.48,12.19,12.19,1264905,23552044.00
2015-03-13,12.20,12.41,12.19,12.32,1383399,25753088.00
2015-03-16,12.37,12.95,12.37,12.83,2436884,47031844.00
2015-03-17,12.96,13.19,12.78,13.03,2485980,48843796.00
2015-03-18,13.03,13.23,12.91,13.21,2178322,43261176.00
2015-03-19,13.21,13.21,12.99,13.17,1861151,36862340.00
2015-03-20,13.17,13.57,13.17,13.37,2121590,42888732.00
2015-03-23,13.51,13.67,13.35,13.62,2387575,48967884.00
2015-03-24,13.63,13.73,12.96,13.28,3498786,70564952.00
2015-03-25,13.24,14.62,12.89,14.62,5860738,126679272.00
2015-03-26,14.69,15.63,14.43,14.87,7108625,160802528.00
2015-03-27,14.75,15.06,14.39,15.01,3228994,71853584.00
2015-03-30,15.02,15.55,14.73,14.86,2563021,58286332.00
2015-03-31,14.86,15.32,14.73,15.15,3426376,78141000.00
2015-04-01,15.23,16.29,15.18,15.69,3580656,85510872.00
2015-04-02,15.62,16.17,15.39,15.89,2820632,66991184.00
2015-04-03,15.73,16.19,15.57,15.84,2592977,62113676.00
2015-04-07,15.89,16.80,15.74,16.46,3225328,79208784.00
2015-04-08,16.56,16.89,15.55,16.39,4050729,99532640.00
2015-04-09,16.90,17.19,15.76,17.03,5671047,142615392.00
2015-04-10,16.83,17.62,16.56,17.47,4254978,110561016.00
2015-04-13,17.58,18.26,17.23,17.59,3345828,90044464.00
2015-04-14,17.30,18.03,16.83,16.87,3569929,93402520.00
2015-04-15,16.70,16.75,15.69,15.83,3764298,91559904.00
2015-04-16,15.67,16.47,15.53,15.97,2547888,61406504.00
2015-04-17,15.97,16.17,15.77,15.96,2417556,58248000.00
2015-04-20,15.87,15.87,14.56,15.09,3611685,84068296.00
2015-04-21,15.03,15.73,15.03,15.66,2891600,67538592.00
2015-04-22,15.66,16.29,15.66,15.96,3399300,82447784.00
2015-04-23,16.02,16.23,15.69,15.69,4630932,111687672.00
2015-04-24,15.49,16.47,15.37,16.35,4549677,109512120.00
2015-04-27,16.59,16.75,16.04,16.27,3029217,74701904.00
2015-04-28,16.36,16.36,15.62,15.76,2438172,58358460.00
2015-04-29,15.56,16.45,15.56,16.29,2625742,64006028.00
2015-04-30,16.33,16.46,16.13,16.13,2296241,56635140.00
2015-05-04,16.09,16.43,15.77,16.43,2063511,50701568.00
2015-05-05,16.46,16.47,15.46,15.53,2791521,67008244.00
2015-05-06,15.59,15.95,15.15,15.19,1954696,46117648.00
2015-05-07,15.09,15.37,14.56,14.77,1937678,43847724.00
2015-05-08,14.83,15.43,14.82,15.39,2201294,50459952.00
2015-05-11,15.69,16.33,15.55,16.16,3153729,75837840.00
2015-05-12,16.18,17.19,16.05,17.00,4436819,110666928.00
2015-05-13,16.61,16.89,16.33,16.69,3238663,81538672.00
2015-05-14,16.69,17.57,16.63,17.40,3834002,99144984.00
2015-05-15,17.41,17.41,16.49,16.87,3434830,87408392.00
2015-05-18,16.96,18.15,16.81,17.89,4369209,115435424.00
2015-05-19,17.64,18.13,17.27,18.07,4308617,114495568.00
2015-05-20,18.13,19.13,18.07,18.18,5115176,143549024.00
2015-05-21,18.21,19.39,18.21,19.34,5066325,145290400.00
2015-05-22,19.36,19.83,18.75,19.45,5231796,151775824.00
2015-05-25,19.49,20.15,18.98,20.15,4727237,140726064.00
2015-05-26,20.19,22.02,19.91,21.98,6168261,195014672.00
2015-05-27,22.02,23.42,21.90,23.22,5942017,203032624.00
2015-05-28,23.50,23.50,20.90,20.90,10196620,228703936.00
2015-05-29,20.75,22.14,19.00,21.64,8711321,181455520.00
2015-06-01,21.45,23.10,21.19,22.79,8686544,193643888.00
2015-06-02,22.79,23.98,22.52,23.60,11365590,264633680.00
2015-06-03,23.20,23.50,22.00,22.89,9037486,207340736.00
2015-06-04,22.32,22.87,20.60,22.02,7366226,159367664.00
2015-06-05,22.50,22.56,21.42,21.70,7677444,168959744.00
2015-06-08,21.88,21.95,20.25,20.73,8101676,168927520.00
2015-06-09,20.78,21.51,20.58,21.02,5274155,110750528.00
2015-06-10,21.02,22.05,20.61,21.90,8262604,177897856.00
2015-06-11,22.03,22.85,21.74,22.77,7477203,168311616.00
2015-06-12,22.85,23.65,22.50,22.79,9356519,215685872.00
2015-06-15,22.55,22.70,21.18,21.27,8268750,179986544.00
2015-06-16,21.00,21.21,20.37,20.40,5238654,108122472.00
2015-06-17,20.45,21.44,19.50,21.20,5361170,109185136.00
2015-06-18,21.21,21.25,19.55,19.59,4465440,91315496.00
2015-06-19,19.25,19.36,17.63,17.63,4460478,82397184.00
2015-06-23,17.30,18.28,16.83,18.19,5494150,97456976.00
2015-06-24,18.57,18.67,17.81,18.59,5050922,92667280.00
2015-06-25,18.62,18.63,17.13,17.46,4094160,73726872.00
2015-06-26,17.01,17.14,15.71,15.71,4678260,75829720.00
2015-06-29,16.20,16.20,14.14,14.14,6591237,96637368.00
2015-06-30,14.08,15.55,12.78,15.55,10555690,150802848.00
2015-07-01,15.29,16.78,15.02,16.14,15754433,256592368.00
2015-07-02,16.60,16.60,14.53,14.90,8064008,126330344.00
2015-07-03,14.19,15.77,13.41,13.65,11322141,158502816.00
2015-07-06,15.02,15.02,12.29,13.05,11652016,157408560.00
2015-07-07,12.60,12.60,11.75,11.75,4845840,57959320.00
2015-07-08,10.58,12.93,10.58,12.80,19319422,220672064.00
2015-07-09,12.00,14.08,11.84,14.08,14939260,203044928.00
2015-07-10,15.00,15.49,14.52,15.49,7721823,118418696.00
2015-07-13,16.30,17.04,15.50,17.04,17541159,288008544.00
2015-07-14,16.60,18.15,16.05,16.41,18917293,323422784.00
2015-07-15,15.81,16.10,14.77,14.77,9558386,144823088.00
2015-07-16,14.77,15.65,13.49,15.30,8638201,129555552.00
2015-07-17,15.31,16.77,15.31,16.59,7620869,123371792.00
2015-07-20,16.76,17.18,16.08,16.50,7639822,127110168.00
2015-07-21,16.46,16.89,16.01,16.50,5117796,84691872.00
2015-07-22,16.30,16.75,15.96,16.50,5677381,92572128.00
2015-07-23,16.34,17.30,16.15,17.08,7546581,126694816.00
2015-07-24,17.00,18.20,16.70,16.89,12080069,211132080.00
2015-07-27,16.32,17.49,15.20,15.20,7130791,117252336.00
2015-07-28,14.48,16.11,13.69,15.21,7514662,111278328.00
2015-07-29,15.88,16.18,14.58,16.18,4599780,70859976.00
2015-07-30,16.25,16.38,15.21,15.23,4649090,74236680.00
2015-07-31,14.97,15.39,14.51,14.72,2757375,41132068.00
2015-08-03,14.41,14.71,13.50,13.75,3543921,49486448.00
2015-08-04,13.75,14.75,13.61,14.69,3617052,51595316.00
2015-08-05,14.87,15.00,14.25,14.50,3619513,53002812.00
2015-08-06,14.05,14.75,14.00,14.35,2424153,34987648.00
2015-08-07,14.47,14.97,14.47,14.88,3638746,53867840.00
2015-08-10,15.50,16.14,15.20,15.95,5658480,88538976.00
2015-08-11,16.10,16.57,15.91,16.15,5556045,90589880.00
2015-08-12,16.00,16.39,15.66,15.71,3687979,59231904.00
2015-08-13,15.73,16.15,15.36,16.00,4102158,65099620.00
2015-08-14,16.18,16.20,15.80,15.90,7021094,112072680.00
2015-08-17,15.91,16.17,15.51,16.16,5868080,93068912.00
2015-08-18,16.25,16.25,14.54,14.54,5546793,85643680.00
2015-08-19,14.05,15.33,14.05,15.04,5788607,84442936.00
2015-08-20,14.80,15.00,14.37,14.49,4680737,68629832.00
2015-08-21,14.15,14.46,13.45,13.45,3245105,45219352.00
2015-08-24,12.81,13.09,12.11,12.11,3845501,47302044.00
2015-08-25,11.00,13.32,10.90,10.90,5677008,64897408.00
2015-08-26,11.20,11.80,10.71,11.08,5305897,59795092.00
2015-08-27,11.49,11.70,10.90,11.56,3221462,36564892.00
2015-08-28,11.80,12.32,11.61,12.32,5271967,62707016.00
2015-08-31,12.32,12.32,11.61,11.61,3244940,38506436.00
2015-09-01,11.50,12.70,10.70,11.91,6956138,81412416.00
2015-09-02,11.21,12.41,11.10,11.33,4802859,56279772.00
2015-09-07,11.50,11.98,11.35,11.55,3419089,40003472.00
2015-09-08,11.37,12.32,11.37,12.23,3551479,41972472.00
2015-09-09,12.14,12.74,12.13,12.53,6244577,78047392.00
2015-09-10,12.26,12.51,12.10,12.22,3641087,44857564.00
2015-09-11,12.16,12.41,12.10,12.35,2136099,26220600.00
2015-09-14,12.35,12.49,11.12,11.12,4338920,50327184.00
2015-09-15,10.98,11.25,10.53,10.73,2282809,24741720.00
2015-09-16,10.89,11.80,10.69,11.80,3427217,38431288.00
2015-09-17,11.65,12.12,11.35,11.35,4839430,56801252.00
2015-09-22,12.04,12.04,12.04,12.04,0,0.00
数据来源:通达信
