300163 先锋新材 日线 前复权
      日期	    开盘	    最高	    最低	    收盘	    成交量	    成交额
2011-01-13,17.45,17.90,13.85,13.85,10690631,336561984.00
2011-01-14,13.16,13.37,12.53,12.57,6099690,163359264.00
2011-01-17,12.30,12.30,11.84,11.95,3131872,78664656.00
2011-01-18,11.70,12.49,11.62,12.28,2881028,72841096.00
2011-01-19,12.22,12.47,12.06,12.44,1859725,47457100.00
2011-01-20,12.35,12.35,11.80,11.85,1642758,41455448.00
2011-01-21,11.73,12.09,11.69,11.87,848721,21012366.00
2011-01-24,11.90,12.05,11.50,11.50,963366,23661012.00
2011-01-25,11.30,11.54,11.15,11.50,922275,21838258.00
2011-01-26,11.45,12.00,11.45,11.85,963827,23750444.00
2011-01-27,11.77,11.99,11.56,11.94,890217,22013710.00
2011-01-28,11.96,12.23,11.82,12.09,924586,23175938.00
2011-01-31,12.05,12.22,11.90,12.12,944639,23762056.00
2011-02-01,12.23,12.23,11.91,12.05,619322,15519304.00
2011-02-09,11.94,12.15,11.84,11.99,621427,15576039.00
2011-02-10,12.00,12.79,11.90,12.72,2033850,53183596.00
2011-02-14,12.80,12.95,12.52,12.91,1916895,50886508.00
2011-02-15,12.89,13.12,12.65,12.94,1628511,43541176.00
2011-02-16,12.87,13.17,12.75,13.05,1246431,33687432.00
2011-02-17,13.12,13.12,12.65,12.82,1228338,32914146.00
2011-02-18,12.63,13.75,12.63,13.65,3053825,84515456.00
2011-02-21,13.47,13.94,13.43,13.76,2292578,65122848.00
2011-02-22,13.58,13.65,12.95,12.95,1746996,48202368.00
2011-02-23,12.85,13.20,12.82,13.09,818579,22127002.00
2011-02-24,13.03,13.18,12.79,12.97,855010,22982692.00
2011-02-25,12.97,12.98,12.70,12.83,569086,15144418.00
2011-02-28,12.82,13.12,12.77,13.11,508343,13711896.00
2011-03-01,13.05,13.14,12.89,12.93,713064,19237108.00
2011-03-02,12.90,13.02,12.73,12.86,489497,13064004.00
2011-03-03,12.81,13.05,12.37,12.37,1023301,26828816.00
2011-03-04,12.48,12.57,12.27,12.51,543910,14041154.00
2011-03-07,12.55,12.69,12.52,12.62,728379,19112960.00
2011-03-08,12.60,12.95,12.56,12.90,744393,19846054.00
2011-03-09,12.75,12.91,12.65,12.87,634866,16823298.00
2011-03-10,12.58,12.84,12.58,12.82,947430,24997546.00
2011-03-11,12.69,13.27,12.68,13.06,1801992,48956336.00
2011-03-14,13.07,13.39,12.96,13.30,1186232,32436650.00
2011-03-15,13.26,13.27,12.65,13.06,1012740,27239442.00
2011-03-16,12.94,13.17,12.90,13.15,779708,21115704.00
2011-03-17,13.11,13.24,12.98,13.11,1115079,30327794.00
2011-03-18,13.13,13.29,12.94,13.10,663201,18016506.00
2011-03-21,13.09,13.09,12.80,12.80,566158,15181063.00
2011-03-22,12.80,13.15,12.69,12.94,712725,19086610.00
2011-03-23,12.90,13.09,12.90,13.02,550616,14847416.00
2011-03-24,13.08,13.08,12.87,12.93,550531,14779008.00
2011-03-25,12.90,12.96,12.76,12.82,439640,11722212.00
2011-03-28,12.72,12.90,12.56,12.73,691784,18269436.00
2011-03-29,12.78,12.78,12.18,12.21,815726,21054802.00
2011-03-30,12.24,12.30,11.80,11.80,511340,12742543.00
2011-03-31,11.80,11.98,11.77,11.84,312702,7731011.50
2011-04-01,11.92,12.19,11.86,12.00,578244,14491612.00
2011-04-06,11.87,12.07,11.70,11.89,387156,9574903.00
2011-04-07,12.01,12.03,11.83,11.90,280096,6958602.00
2011-04-08,11.95,12.03,11.90,11.96,336801,8393374.00
2011-04-11,12.00,12.01,11.72,11.72,439038,10847243.00
2011-04-12,11.72,11.84,11.62,11.71,303455,7443367.00
2011-04-13,11.69,12.06,11.69,12.03,923578,22855442.00
2011-04-14,11.90,11.96,11.80,11.90,364444,9026837.00
2011-04-18,11.95,11.95,11.60,11.71,452352,11057761.00
2011-04-19,11.75,11.79,11.56,11.75,319758,7762994.50
2011-04-20,11.75,11.96,11.72,11.95,376304,9287519.00
2011-04-21,11.95,12.23,11.85,12.15,426790,10699282.00
2011-04-22,12.15,12.15,11.96,12.04,186050,4666239.00
2011-04-25,11.89,12.10,11.64,11.64,288478,6976170.00
2011-04-26,11.57,11.59,10.85,10.86,766113,17600284.00
2011-04-27,10.51,10.79,9.89,9.89,1388280,29432284.00
2011-04-28,9.88,9.97,9.64,9.68,820390,16642205.00
2011-04-29,9.64,9.81,9.64,9.79,354541,7148502.00
2011-05-03,9.85,10.30,9.80,10.29,719570,15040147.00
2011-05-04,10.27,10.27,10.09,10.20,414141,8720334.00
2011-05-05,10.15,10.57,10.12,10.34,284471,6105561.50
2011-05-06,10.20,10.56,10.20,10.39,193670,4176322.50
2011-05-09,10.41,10.43,10.31,10.34,206488,4416276.00
2011-05-10,10.34,10.38,10.22,10.38,166897,3559543.75
2011-05-11,10.27,10.47,10.26,10.40,267489,5760499.50
2011-05-12,10.31,10.41,10.15,10.16,159909,3399015.75
2011-05-16,10.16,10.20,9.99,10.09,186710,3908084.75
2011-05-17,9.93,10.06,9.81,10.01,159157,3280753.50
2011-05-18,10.03,10.03,9.85,9.85,205553,4221200.00
2011-05-19,9.95,9.95,9.73,9.74,186309,3777274.00
2011-05-20,9.75,9.84,9.66,9.74,185802,3748087.50
2011-05-23,9.70,9.76,9.40,9.52,392280,7833073.00
2011-05-24,9.40,9.86,9.40,9.77,530865,10610081.00
2011-05-25,9.70,9.70,9.29,9.44,220049,4320570.00
2011-05-26,9.44,9.49,9.22,9.30,191887,3708323.25
2011-05-27,9.22,9.30,9.06,9.22,157700,2995810.75
2011-05-30,9.15,9.33,9.05,9.16,115675,2220733.75
2011-05-31,9.17,9.35,9.15,9.31,136050,2607298.75
2011-06-01,9.27,9.43,9.22,9.40,163371,3179725.00
2011-06-02,9.36,9.62,9.09,9.60,379218,7386825.00
2011-06-03,9.60,9.99,9.58,9.92,815439,16685141.00
2011-06-07,9.90,9.90,9.74,9.86,202711,4117461.75
2011-06-08,9.76,9.87,9.56,9.85,153475,3078824.75
2011-06-09,9.84,9.84,9.58,9.66,73621,1473436.50
2011-06-10,9.50,9.66,9.34,9.62,107175,2107402.50
2011-06-13,9.52,9.67,9.40,9.52,206462,4078606.00
2011-06-14,9.49,9.57,9.44,9.52,332516,6536366.00
2011-06-15,9.49,9.51,9.36,9.49,163202,3184842.25
2011-06-16,9.34,9.49,9.21,9.44,172850,3348227.00
2011-06-17,9.29,9.43,9.25,9.35,86500,1669680.25
2011-06-20,9.25,9.26,9.12,9.26,101720,1942092.63
2011-06-21,9.26,9.37,9.23,9.32,42810,825345.00
2011-06-22,9.40,9.40,9.21,9.30,59550,1148990.00
2011-06-23,9.30,9.72,9.17,9.63,536473,10605364.00
2011-06-24,9.59,9.82,9.47,9.79,674669,13553367.00
2011-06-27,9.70,10.13,9.70,9.86,686535,14133959.00
2011-06-28,9.86,9.86,9.78,9.85,218796,4450829.00
2011-06-29,9.80,9.91,9.68,9.75,129236,2619746.75
2011-06-30,9.80,9.88,9.67,9.84,179221,3648432.50
2011-07-01,9.86,9.91,9.76,9.77,214768,4375206.50
2011-07-04,9.77,10.19,9.77,10.03,944352,19520220.00
2011-07-05,10.04,10.12,9.95,10.05,244005,5060921.50
2011-07-06,10.11,10.13,9.97,10.07,288142,5996495.00
2011-07-07,10.05,10.37,9.91,10.21,852596,17985606.00
2011-07-08,10.23,10.24,10.06,10.10,358310,7511394.00
2011-07-11,10.02,10.22,9.96,10.07,317732,6610171.50
2011-07-12,10.01,10.12,9.80,9.83,326121,6722720.00
2011-07-13,9.77,10.07,9.77,10.05,236200,4872658.50
2011-07-14,10.12,10.30,10.00,10.30,638183,13420711.00
2011-07-15,10.36,10.71,10.29,10.56,1262094,27429924.00
2011-07-18,10.56,10.63,10.44,10.48,763767,16612117.00
2011-07-19,10.39,10.47,10.21,10.38,281865,6003062.00
2011-07-21,10.52,10.54,10.34,10.35,419058,9036910.00
2011-07-22,10.35,10.79,10.34,10.69,859572,18905282.00
2011-07-25,10.60,10.71,10.05,10.40,708547,15253024.00
2011-07-26,10.37,10.37,10.10,10.35,260722,5530076.00
2011-07-27,10.34,10.64,10.19,10.63,664294,14433545.00
2011-07-28,10.49,11.38,10.49,11.03,1324047,30325270.00
2011-07-29,11.02,11.10,10.70,10.74,705985,15781555.00
2011-08-01,10.71,11.03,10.70,10.91,573666,12881992.00
2011-08-02,10.94,11.27,10.81,11.27,916796,20845740.00
2011-08-03,11.16,11.54,11.07,11.37,1103602,25806256.00
2011-08-04,11.37,11.44,11.05,11.22,701200,16219748.00
2011-08-05,10.90,10.93,10.55,10.88,829456,18489128.00
2011-08-08,10.70,10.87,10.06,10.18,566926,12173405.00
2011-08-09,10.07,10.07,9.60,9.90,1498503,30506974.00
2011-08-10,10.07,10.15,9.83,9.85,704340,14586876.00
2011-08-11,9.60,10.03,9.41,10.03,625685,12679401.00
2011-08-12,10.10,10.27,10.00,10.06,548066,11467579.00
2011-08-15,10.09,10.34,10.06,10.30,465743,9859383.00
2011-08-16,10.29,10.32,9.95,10.08,667004,13946542.00
2011-08-17,10.11,10.20,9.94,10.11,309591,6459941.00
2011-08-19,9.76,9.76,9.45,9.71,679994,13514701.00
2011-08-22,9.94,9.94,9.60,9.60,444189,8968274.00
2011-08-23,9.65,9.98,9.65,9.96,574212,11644169.00
2011-08-24,10.12,10.88,10.09,10.49,1650300,35988356.00
2011-08-25,10.37,10.52,10.20,10.51,1044872,22363534.00
2011-08-26,10.39,10.76,10.35,10.63,801993,17570496.00
2011-08-29,10.45,10.85,10.45,10.65,837244,18524616.00
2011-08-30,10.67,10.80,10.24,10.27,789662,17086522.00
2011-08-31,10.34,10.34,10.00,10.17,328719,6910786.00
2011-09-01,10.17,10.36,10.06,10.20,324734,6866950.00
2011-09-02,10.32,10.32,9.99,9.99,231860,4827614.50
2011-09-05,9.90,9.90,9.55,9.59,376019,7538563.50
2011-09-06,9.59,9.64,9.45,9.53,191400,3781817.00
2011-09-07,9.56,9.83,9.56,9.83,273022,5511586.50
2011-09-08,9.88,9.96,9.67,9.75,245421,5005867.50
2011-09-09,9.75,9.90,9.55,9.58,145340,2908837.25
2011-09-13,9.63,9.63,9.31,9.44,189154,3706042.50
2011-09-14,9.44,9.61,9.37,9.61,184563,3626689.50
2011-09-15,9.68,9.73,9.56,9.57,148004,2957927.75
2011-09-16,9.57,9.66,9.50,9.58,142449,2829023.25
2011-09-19,9.55,9.55,9.22,9.23,188549,3654647.75
2011-09-20,9.31,9.31,9.15,9.26,123960,2374645.50
2011-09-21,9.28,9.61,9.23,9.58,194778,3838738.50
2011-09-22,9.45,9.55,9.30,9.33,134296,2625870.00
2011-09-23,9.15,9.29,9.11,9.22,158128,3017315.00
2011-09-26,9.25,9.26,9.13,9.20,117246,2239749.25
2011-09-27,9.22,9.30,9.10,9.26,76490,1463638.38
2011-09-28,10.21,10.22,10.21,10.22,1114612,23560724.00
2011-09-29,10.22,11.27,10.20,10.72,3974937,86784192.00
2011-09-30,10.70,10.70,10.31,10.50,1997510,43294348.00
2011-10-10,10.62,10.74,10.25,10.52,1751446,38017356.00
2011-10-11,10.77,11.20,10.15,10.40,2134943,47234344.00
2011-10-12,10.10,11.24,10.10,11.15,2500902,55869328.00
2011-10-13,11.03,11.29,10.85,11.13,1943216,44404900.00
2011-10-14,11.10,11.50,10.95,11.39,2105487,48906528.00
2011-10-17,11.44,11.90,11.17,11.19,2926606,69705840.00
2011-10-18,10.99,11.64,10.97,11.06,2415376,56572944.00
2011-10-19,11.05,11.30,10.55,10.65,1712730,38489248.00
2011-10-20,10.65,10.85,10.35,10.81,1293111,28433432.00
2011-10-21,10.75,10.75,10.10,10.10,1192977,25554774.00
2011-10-24,10.12,10.47,9.55,10.39,1503663,31037746.00
2011-10-25,10.35,11.05,10.28,11.05,2066428,45806312.00
2011-10-26,10.85,11.15,10.70,10.84,1777548,39997856.00
2011-10-27,10.79,11.04,10.68,10.80,906627,20256072.00
2011-10-28,10.97,11.36,10.79,11.13,1907279,43679376.00
2011-10-31,11.15,11.64,11.05,11.51,2041982,47572840.00
2011-11-01,11.42,11.74,11.24,11.68,1819798,42933580.00
2011-11-02,11.41,11.77,11.15,11.69,1508264,35679640.00
2011-11-03,11.78,11.95,11.31,11.32,1724650,41423420.00
2011-11-04,11.37,11.41,11.10,11.25,1040275,24142316.00
2011-11-07,11.16,11.60,11.13,11.41,1233741,29094226.00
2011-11-08,11.39,11.47,10.93,10.99,999368,23012332.00
2011-11-09,11.02,11.32,10.78,11.28,1011553,23169748.00
2011-11-10,11.05,11.59,10.93,11.21,1355012,31750730.00
2011-11-11,11.24,11.30,10.84,10.97,847798,19270046.00
2011-11-14,11.06,11.55,11.06,11.50,1058447,24870174.00
2011-11-15,11.50,11.79,11.35,11.59,1029933,24530504.00
2011-11-16,11.59,11.59,10.90,10.92,1023840,23678510.00
2011-11-17,10.91,11.21,10.86,11.01,621190,14116328.00
2011-11-18,10.89,10.89,10.50,10.60,630435,13876485.00
2011-11-21,10.56,10.80,10.56,10.80,382183,8425946.00
2011-11-22,10.74,10.90,10.56,10.90,316155,7006792.00
2011-11-23,10.95,10.97,10.59,10.64,495764,11008555.00
2011-11-24,10.21,10.63,10.21,10.45,464044,9995198.00
2011-11-25,10.40,10.65,10.30,10.34,358706,7773391.50
2011-11-28,10.34,10.47,10.22,10.36,284235,6077928.50
2011-11-29,10.45,10.63,10.39,10.60,385706,8396970.00
2011-11-30,10.53,10.61,9.65,9.74,664377,13813037.00
2011-12-01,10.04,10.24,9.91,9.91,511810,10676193.00
2011-12-02,9.81,9.87,9.55,9.65,326137,6539311.00
2011-12-05,9.49,9.56,9.21,9.28,298774,5819498.50
2011-12-06,9.20,9.48,9.20,9.41,178605,3467854.75
2011-12-07,9.41,9.54,9.34,9.48,206573,4053810.25
2011-12-08,9.44,9.67,9.40,9.50,196957,3901950.00
2011-12-09,9.34,9.56,9.34,9.49,128180,2518459.00
2011-12-12,9.46,9.54,9.40,9.44,139316,2737483.00
2011-12-13,9.39,9.42,9.14,9.17,248318,4756090.50
2011-12-14,9.12,9.25,9.00,9.05,187843,3576421.50
2011-12-15,9.01,9.01,8.34,8.55,325489,5899481.50
2011-12-16,8.49,8.92,8.46,8.85,200214,3612172.50
2011-12-19,8.84,8.84,8.43,8.77,254744,4585915.50
2011-12-20,8.68,8.96,8.65,8.74,219467,4029905.00
2011-12-21,8.84,8.87,8.55,8.56,168284,3055077.75
2011-12-22,8.46,8.46,8.01,8.18,346718,5918272.50
2011-12-23,8.10,8.32,8.09,8.17,209726,3582890.25
2011-12-26,8.17,8.21,8.08,8.09,133805,2274100.25
2011-12-27,8.09,8.14,7.69,7.70,197589,3233174.75
2011-12-28,7.62,7.62,7.40,7.58,191059,2996107.50
2011-12-29,7.41,7.63,7.41,7.59,130038,2064715.25
2011-12-30,7.51,7.88,7.51,7.77,162231,2640778.75
2012-01-04,7.70,7.86,7.46,7.46,177588,2838766.75
2012-01-05,7.43,7.43,6.95,6.96,202853,3043413.50
2012-01-06,6.95,7.07,6.75,7.05,119918,1741805.38
2012-01-09,7.05,7.40,6.92,7.35,192112,2907302.00
2012-01-10,7.39,7.68,7.36,7.60,382713,6049006.00
2012-01-11,7.60,8.10,7.55,7.69,381215,6180477.00
2012-01-12,7.69,7.80,7.57,7.63,335520,5393217.50
2012-01-13,7.56,7.62,7.00,7.07,469645,7128788.00
2012-01-16,6.96,7.22,6.91,6.91,160950,2362371.50
2012-01-17,6.91,7.34,6.89,7.25,411601,6145647.00
2012-01-18,7.34,7.34,6.86,6.89,315800,4725360.00
2012-01-19,6.86,7.34,6.75,7.23,402286,5980474.00
2012-01-20,7.24,7.33,7.15,7.22,278499,4227818.50
2012-01-30,7.23,7.43,7.16,7.23,353132,5389064.00
2012-01-31,7.23,7.28,7.11,7.20,170841,2576673.75
2012-02-01,7.23,7.34,7.15,7.15,228514,3471497.25
2012-02-02,7.20,7.32,7.14,7.32,255326,3867411.75
2012-02-03,7.32,7.48,7.30,7.46,466046,7230786.00
2012-02-06,7.48,7.62,7.45,7.58,419583,6612205.00
2012-02-07,7.51,7.51,7.33,7.38,296626,4601428.00
2012-02-08,7.38,7.64,7.37,7.64,335845,5288491.50
2012-02-09,7.65,7.78,7.60,7.64,429355,6918565.50
2012-02-10,7.67,7.79,7.64,7.69,354842,5723469.50
2012-02-13,7.64,7.89,7.52,7.81,439606,7149646.50
2012-02-14,7.81,7.88,7.72,7.77,311091,5049789.50
2012-02-15,7.77,7.92,7.70,7.92,344562,5639263.00
2012-02-16,7.90,7.99,7.81,7.88,303341,5011721.50
2012-02-17,7.96,7.96,7.78,7.84,249110,4090243.00
2012-02-20,7.94,8.03,7.79,7.84,340960,5611227.50
2012-02-21,7.90,7.99,7.75,7.95,431542,7089801.50
2012-02-22,7.94,8.23,7.88,8.20,892217,15088628.00
2012-02-23,8.15,8.45,8.15,8.38,1049561,18218234.00
2012-02-27,8.44,8.55,8.25,8.29,829432,14480378.00
2012-02-28,8.24,8.26,8.06,8.19,391228,6678709.50
2012-02-29,8.16,8.30,8.12,8.15,288150,4935730.50
2012-03-01,8.20,8.27,8.14,8.23,281798,4829241.50
2012-03-02,8.23,8.37,8.23,8.37,349263,6046516.50
2012-03-05,8.42,8.46,8.32,8.32,372109,6508319.00
2012-03-06,8.32,8.32,8.05,8.12,339312,5770678.00
2012-03-07,8.06,8.19,8.04,8.13,253033,4291966.00
2012-03-08,8.12,8.27,8.10,8.22,430455,7354838.00
2012-03-09,8.27,8.44,8.23,8.44,780402,13573385.00
2012-03-12,8.48,8.74,8.36,8.42,549469,9695682.00
2012-03-13,8.57,8.62,8.44,8.61,794764,14148716.00
2012-03-14,8.61,8.69,7.99,8.02,1051148,18589490.00
2012-03-15,8.05,8.10,7.89,8.00,397094,6632280.50
2012-03-16,8.07,8.23,7.99,8.23,399600,6788548.00
2012-03-19,8.22,8.36,8.17,8.35,386213,6674991.00
2012-03-20,8.39,8.39,8.10,8.10,439400,7503440.00
2012-03-21,8.17,8.19,7.95,8.05,354373,5960213.00
2012-03-22,8.02,8.12,8.00,8.06,178955,3011651.75
2012-03-23,8.05,8.12,7.91,7.97,127300,2131997.00
2012-03-26,7.90,7.98,7.90,7.98,117930,1956686.63
2012-03-27,8.03,8.20,7.95,7.96,163001,2738259.50
2012-03-28,7.95,7.95,7.43,7.49,305949,4902542.50
2012-03-29,7.45,7.45,7.20,7.23,199614,3064732.00
2012-03-30,7.30,7.30,7.11,7.29,317132,4806530.00
2012-04-05,7.14,7.47,7.14,7.44,174087,2680666.50
2012-04-06,7.42,7.47,7.35,7.44,104671,1626669.13
2012-04-09,7.40,7.46,7.25,7.29,58552,903425.94
2012-04-10,7.38,7.38,7.06,7.34,102057,1534948.13
2012-04-11,7.29,7.35,7.20,7.34,93055,1424787.75
2012-04-12,7.34,7.62,7.34,7.55,243246,3818208.25
2012-04-13,7.56,7.67,7.45,7.61,209648,3331477.50
2012-04-17,8.15,8.15,7.70,7.79,490467,8059581.50
2012-04-18,7.62,7.84,7.36,7.73,837550,13237799.00
2012-04-19,7.72,7.72,7.52,7.57,462624,7332801.50
2012-04-20,7.56,7.60,7.48,7.58,374475,5918610.00
2012-04-23,7.54,7.55,7.07,7.11,605589,9236649.00
2012-04-24,6.99,7.14,6.89,7.03,351424,5198463.00
2012-04-25,6.99,7.09,6.97,7.04,322798,4755322.50
2012-04-26,6.99,7.08,6.99,7.00,190738,2813295.00
2012-04-27,6.97,7.17,6.94,7.11,184150,2726364.75
2012-05-02,7.24,7.25,7.09,7.15,230780,3452407.75
2012-05-03,7.16,7.16,7.06,7.13,155361,2321452.25
2012-05-04,7.17,7.24,7.15,7.24,182136,2755337.25
2012-05-07,7.26,7.40,7.24,7.34,219702,3375558.25
2012-05-08,7.34,7.44,7.27,7.40,259659,4013939.00
2012-05-09,7.30,7.39,7.11,7.14,209809,3183956.25
2012-05-10,7.14,7.32,7.14,7.24,161685,2455752.50
2012-05-11,7.19,7.27,7.17,7.18,183999,2782806.75
2012-05-14,7.20,7.27,7.07,7.10,203847,3075082.00
2012-05-15,7.04,7.05,6.96,7.03,173415,2547753.50
2012-05-16,7.03,7.10,6.98,7.00,131952,1954833.50
2012-05-17,7.06,7.23,6.96,7.17,243520,3623812.00
2012-05-18,7.07,7.17,7.00,7.09,369160,5367439.00
2012-05-21,7.13,7.13,6.95,6.95,181326,2621107.75
2012-05-22,7.08,7.08,6.98,7.07,119528,1730957.00
2012-05-23,7.00,7.06,6.95,6.98,183297,2636394.00
2012-05-24,6.95,7.10,6.94,6.97,245734,3545074.25
2012-05-25,6.89,6.94,6.80,6.92,240444,3403708.00
2012-05-28,6.92,7.11,6.81,7.09,360481,5185036.00
2012-05-29,7.05,7.30,7.04,7.28,478498,7073747.50
2012-05-30,7.30,7.30,7.19,7.26,185958,2767321.75
2012-05-31,7.20,7.57,7.10,7.49,786509,12047423.00
2012-06-01,7.40,7.49,7.27,7.35,298100,4500303.50
2012-06-04,7.18,7.34,7.01,7.11,197300,2904752.00
2012-06-05,7.07,7.14,7.01,7.09,154215,2235717.75
2012-06-06,7.09,7.10,6.98,7.02,91909,1331037.75
2012-06-07,7.02,7.10,6.97,7.01,81100,1171331.13
2012-06-08,7.04,7.09,6.89,6.90,136600,1959104.88
2012-06-11,6.95,7.09,6.86,7.09,346638,4982683.50
2012-06-12,7.07,7.08,6.98,6.98,128281,1848428.00
2012-06-13,7.01,7.15,6.99,7.14,257108,3747908.25
2012-06-14,7.16,7.21,7.03,7.09,237200,3480955.00
2012-06-15,7.09,7.17,7.00,7.10,164231,2397367.75
2012-06-18,7.17,7.27,7.12,7.25,412717,6117571.50
2012-06-19,7.25,7.25,7.15,7.16,148073,2186755.00
2012-06-20,7.19,7.37,7.17,7.32,783751,11721543.00
2012-06-21,7.32,7.35,7.10,7.20,361322,5338543.50
2012-06-25,7.22,7.22,6.90,6.90,256993,3724121.00
2012-06-26,6.89,6.98,6.83,6.97,106352,1514848.50
2012-06-27,6.93,7.07,6.93,7.04,169800,2451206.00
2012-06-28,7.04,7.07,6.95,7.03,157020,2268143.50
2012-06-29,6.87,7.14,6.87,7.10,150918,2196533.25
2012-07-02,7.12,7.22,7.06,7.15,255230,3744098.50
2012-07-03,7.18,7.37,7.11,7.21,725415,10826375.00
2012-07-04,7.20,7.38,7.19,7.26,314300,4690315.00
2012-07-05,7.25,7.25,7.00,7.00,227106,3314790.75
2012-07-06,7.08,7.18,6.86,7.16,279272,4019872.00
2012-07-09,7.05,7.14,6.90,6.95,189500,2749736.00
2012-07-10,7.04,7.05,6.90,6.95,109265,1564881.50
2012-07-11,7.02,7.02,6.95,7.01,77806,1118395.75
2012-07-12,7.09,7.13,6.89,7.05,305482,4395870.00
2012-07-13,7.01,7.06,6.90,6.95,403648,5764253.50
2012-07-16,6.95,6.95,6.23,6.23,789800,10444408.00
2012-07-17,6.15,6.15,5.95,6.11,271083,3393664.00
2012-07-18,6.09,6.14,5.96,6.06,167749,2097044.63
2012-07-19,6.06,6.19,5.95,6.18,240215,3041899.25
2012-07-20,6.18,6.31,6.09,6.20,287584,3686560.50
2012-07-23,6.20,6.30,6.15,6.25,523198,6740425.00
2012-07-24,6.27,6.57,6.25,6.38,603098,7961347.00
2012-07-25,6.57,6.57,6.27,6.31,356579,4696602.50
2012-07-26,6.30,6.30,6.11,6.15,207097,2650826.50
2012-07-27,6.20,6.23,6.10,6.14,111856,1418380.25
2012-07-30,6.10,6.15,5.95,5.96,139550,1741754.00
2012-07-31,6.00,6.00,5.76,5.80,122400,1484167.38
2012-08-01,5.88,5.94,5.80,5.89,142677,1733784.50
2012-08-02,5.77,5.90,5.76,5.82,131100,1575829.00
2012-08-03,5.89,5.92,5.79,5.92,157354,1904187.00
2012-08-06,5.86,6.07,5.80,6.06,252337,3119232.00
2012-08-07,6.07,6.41,6.05,6.17,253025,3250793.25
2012-08-08,6.19,6.19,6.02,6.09,176981,2229112.00
2012-08-09,6.10,6.19,6.07,6.19,159989,2031562.25
2012-08-10,6.18,6.22,6.15,6.20,126333,1612098.00
2012-08-13,6.20,6.21,6.05,6.06,106674,1345090.88
2012-08-14,6.06,6.20,6.06,6.16,233286,2962571.00
2012-08-15,6.15,6.19,6.09,6.19,121335,1541264.38
2012-08-16,6.20,6.20,5.90,6.00,492471,6083889.50
2012-08-17,5.94,5.98,5.90,5.94,76440,938146.19
2012-08-20,5.86,6.02,5.86,5.97,93600,1148566.50
2012-08-21,5.98,6.22,5.92,6.21,434143,5501558.50
2012-08-22,6.23,6.26,6.12,6.26,340614,4360415.00
2012-08-23,6.23,6.32,6.18,6.32,434905,5624038.50
2012-08-24,6.28,6.33,6.15,6.30,314200,4034700.75
2012-08-27,6.26,6.32,6.14,6.15,242690,3096787.75
2012-08-28,6.21,6.21,6.11,6.16,374812,4768819.50
2012-08-29,6.07,6.20,6.07,6.16,284059,3617488.25
2012-08-30,6.11,6.17,5.88,6.02,189370,2350275.00
2012-08-31,6.07,6.14,5.95,6.12,136500,1709295.63
2012-09-03,6.07,6.17,6.07,6.12,276100,3498063.00
2012-09-04,6.19,6.19,6.05,6.11,322306,4082486.50
2012-09-05,6.09,6.28,6.01,6.26,850968,10899362.00
2012-09-06,6.23,6.38,6.17,6.32,911771,11805626.00
2012-09-07,6.37,6.60,6.32,6.55,1662268,22150956.00
2012-09-10,6.50,6.60,6.46,6.54,625869,8422579.00
2012-09-11,6.67,6.93,6.59,6.65,1157846,15984478.00
2012-09-12,6.61,6.66,6.46,6.57,686822,9286133.00
2012-09-13,6.55,6.59,6.48,6.50,331925,4473899.00
2012-09-14,6.52,6.67,6.45,6.55,359462,4856265.50
2012-09-17,6.58,6.63,6.25,6.30,331716,4356722.50
2012-09-18,6.35,6.35,6.17,6.18,302707,3897430.25
2012-09-19,6.22,6.22,6.05,6.07,1050826,13220611.00
2012-09-20,6.07,6.08,5.79,5.80,407943,4984715.00
2012-09-21,5.80,5.88,5.75,5.76,340391,4096677.75
2012-09-24,5.73,5.82,5.62,5.76,209233,2478946.00
2012-09-25,5.74,5.79,5.70,5.71,129268,1540008.75
2012-09-26,5.70,5.71,5.45,5.49,254709,2948668.75
2012-09-27,5.52,5.64,5.47,5.58,204971,2364828.75
2012-09-28,5.55,5.82,5.50,5.80,538398,6394386.50
2012-10-08,5.78,5.82,5.65,5.70,290700,3438674.00
2012-10-09,5.73,5.86,5.71,5.84,1381310,16559003.00
2012-10-10,5.81,6.02,5.72,6.02,2853110,34343292.00
2012-10-11,5.93,5.95,5.75,5.77,1358431,16465156.00
2012-10-12,5.83,5.83,5.70,5.74,551279,6581177.50
2012-10-15,5.70,5.71,5.46,5.55,645974,7447104.00
2012-10-16,5.56,5.59,5.45,5.52,402671,4627751.50
2012-10-17,5.52,5.62,5.50,5.58,296294,3416672.50
2012-10-18,5.56,5.68,5.54,5.67,465497,5440879.50
2012-10-19,5.65,5.70,5.61,5.67,293982,3452969.75
2012-10-22,5.62,5.72,5.60,5.71,272801,3204495.75
2012-10-23,5.71,5.73,5.62,5.62,352495,4144892.50
2012-10-24,5.58,5.65,5.58,5.62,253010,2944664.75
2012-10-25,5.60,5.67,5.52,5.62,655025,7611609.50
2012-10-26,5.60,5.61,5.47,5.49,369769,4239048.00
2012-10-29,5.55,5.55,5.46,5.46,177888,2032029.88
2012-10-30,5.55,5.55,5.44,5.48,270540,3064746.00
2012-10-31,5.47,5.48,5.40,5.45,233869,2635440.25
2012-11-01,5.43,5.53,5.43,5.52,617449,7039294.00
2012-11-02,5.54,5.55,5.49,5.51,441249,5043833.50
2012-11-05,5.53,5.55,5.45,5.46,282100,3213375.00
2012-11-06,5.47,5.47,5.32,5.37,422912,4707479.00
2012-11-07,5.39,5.40,5.34,5.37,257512,2871340.00
2012-11-08,5.33,5.34,5.23,5.23,281899,3098234.00
2012-11-09,5.21,5.25,5.21,5.24,196574,2135797.00
2012-11-12,5.21,5.30,5.21,5.30,227559,2495312.50
2012-11-13,5.30,5.31,5.22,5.23,200971,2194343.00
2012-11-14,5.23,5.59,5.22,5.35,468102,5196629.50
2012-11-15,5.34,5.38,5.22,5.25,260060,2870563.25
2012-11-16,5.23,5.34,5.23,5.26,253048,2768612.00
2012-11-19,5.25,5.30,5.18,5.30,227866,2480430.25
2012-11-20,5.27,5.40,5.27,5.37,287283,3184109.75
2012-11-21,5.37,5.51,5.34,5.50,565473,6375640.00
2012-11-22,5.44,5.52,5.39,5.45,313855,3538835.50
2012-11-23,5.44,5.47,5.40,5.42,160500,1807872.50
2012-11-26,5.42,5.42,5.18,5.20,330815,3641165.50
2012-11-27,5.20,5.22,4.96,5.00,321947,3377368.75
2012-11-28,5.01,5.14,4.90,5.14,582469,6126423.00
2012-11-29,5.09,5.20,4.94,4.95,217456,2293337.75
2012-11-30,4.97,5.08,4.97,5.07,201186,2109015.75
2012-12-03,4.96,5.07,4.90,4.93,162449,1681034.63
2012-12-04,4.92,5.05,4.88,5.02,191922,1981395.38
2012-12-05,5.02,5.24,4.96,5.23,540923,5800648.50
2012-12-06,5.24,5.27,5.16,5.20,302226,3272403.25
2012-12-07,5.22,5.37,5.20,5.35,452954,4995958.50
2012-12-10,5.36,5.49,5.30,5.48,715421,8024619.00
2012-12-11,5.51,5.51,5.36,5.38,483575,5436547.50
2012-12-12,5.35,5.46,5.35,5.40,270750,3033894.00
2012-12-13,5.35,5.45,5.29,5.39,318740,3558536.50
2012-12-14,5.38,5.61,5.36,5.60,929734,10679352.00
2012-12-17,5.59,5.78,5.59,5.66,1027252,12112538.00
2012-12-18,5.69,5.73,5.61,5.64,535343,6270980.00
2012-12-19,5.61,5.67,5.61,5.64,308967,3610981.50
2012-12-20,5.59,5.77,5.59,5.70,508619,5990048.50
2012-12-21,5.78,5.78,5.60,5.71,866979,10236200.00
2012-12-24,5.71,5.85,5.71,5.83,825991,9913726.00
2012-12-25,5.80,5.99,5.76,5.96,1162086,14182533.00
2012-12-26,5.91,6.25,5.91,6.22,1332432,16919882.00
2012-12-27,6.19,6.31,6.08,6.09,1206100,15362793.00
2012-12-28,6.09,6.22,6.05,6.21,855217,10885601.00
2012-12-31,6.26,6.26,6.11,6.17,677816,8633812.00
2013-01-04,6.18,6.24,6.10,6.17,850849,10834700.00
2013-01-07,6.19,6.44,6.16,6.33,1144340,14909516.00
2013-01-08,6.26,6.44,6.25,6.34,1047448,13703504.00
2013-01-09,6.27,6.42,6.24,6.27,793481,10360768.00
2013-01-10,6.27,6.33,6.23,6.33,846394,10978853.00
2013-01-11,6.34,6.41,6.15,6.18,770995,9999699.00
2013-01-14,6.19,6.44,6.11,6.42,1225573,16024212.00
2013-01-15,6.42,6.58,6.39,6.55,1225793,16413976.00
2013-01-16,6.60,6.87,6.46,6.82,2336757,32129372.00
2013-01-17,6.90,7.30,6.64,6.92,2252885,31973130.00
2013-01-18,6.99,7.04,6.77,6.92,1797833,25582898.00
2013-01-21,6.86,6.94,6.70,6.87,1538928,21615732.00
2013-01-22,6.79,6.91,6.41,6.70,1816805,24838460.00
2013-01-23,6.70,6.90,6.57,6.67,1195304,16500959.00
2013-01-24,6.64,6.72,6.24,6.40,1674900,22368416.00
2013-01-25,6.42,6.42,6.29,6.36,563970,7378320.50
2013-01-28,6.38,6.42,6.30,6.40,1587937,20878178.00
2013-01-29,6.38,6.52,6.38,6.43,881944,11712097.00
2013-01-30,6.31,6.43,6.28,6.34,796565,10425668.00
2013-01-31,6.36,6.43,6.30,6.39,488118,6419734.00
2013-02-01,6.38,6.40,6.30,6.37,469289,6143688.50
2013-02-04,6.37,6.41,6.32,6.41,496788,6532014.00
2013-02-05,6.40,6.49,6.33,6.48,553386,7336676.00
2013-02-06,6.47,6.60,6.40,6.57,822440,11097874.00
2013-02-07,6.52,6.62,6.50,6.57,477580,6471471.00
2013-02-08,6.53,6.66,6.52,6.63,476584,6492254.00
2013-02-18,6.63,6.69,6.49,6.66,499227,6837001.50
2013-02-19,6.66,6.75,6.51,6.54,516729,7047244.50
2013-02-20,6.51,6.65,6.40,6.65,431055,5820050.50
2013-02-21,6.61,6.71,6.45,6.48,766658,10418126.00
2013-02-22,6.46,6.56,6.43,6.48,366130,4897953.50
2013-02-25,6.48,6.54,6.40,6.43,496970,6608611.00
2013-02-26,6.40,6.51,6.37,6.40,401718,5354478.50
2013-02-27,6.38,6.48,6.38,6.40,244016,3233237.25
2013-02-28,6.39,6.54,6.39,6.52,461498,6174698.00
2013-03-01,6.57,6.70,6.51,6.67,722147,9856268.00
2013-03-04,6.67,6.72,6.40,6.50,855801,11647516.00
2013-03-05,6.50,6.68,6.43,6.67,547366,7419061.50
2013-03-06,6.70,6.98,6.70,6.93,1470036,20861292.00
2013-03-07,6.89,6.96,6.76,6.87,1157698,16371302.00
2013-03-08,6.87,6.90,6.68,6.75,658065,9137355.00
2013-03-11,6.74,6.74,6.56,6.60,1025353,14021450.00
2013-03-12,6.58,6.63,6.28,6.33,650951,8618595.00
2013-03-13,6.35,6.38,6.16,6.32,333495,4299832.50
2013-03-14,6.33,6.36,6.24,6.30,190541,2476681.25
2013-03-15,6.30,6.56,6.30,6.35,669976,8919050.00
2013-03-18,6.33,6.37,6.05,6.08,618721,7899563.00
2013-03-19,6.17,6.17,5.95,6.08,240397,3014612.25
2013-03-20,6.03,6.52,6.03,6.28,496696,6415816.50
2013-03-21,6.22,6.42,6.22,6.42,590815,7699085.00
2013-03-22,6.42,6.60,6.33,6.37,520728,6876154.00
2013-03-25,6.36,6.40,6.29,6.33,354550,4634114.50
2013-03-26,6.31,6.34,6.15,6.15,449692,5750655.00
2013-03-27,6.16,6.22,6.12,6.18,286064,3646997.50
2013-03-28,6.13,6.17,5.92,5.94,396257,4929244.00
2013-03-29,5.94,5.99,5.75,5.80,504210,6091322.00
2013-04-01,5.78,5.85,5.71,5.83,271946,3261942.25
2013-04-02,5.86,6.04,5.80,6.02,700963,8555686.00
2013-04-03,6.05,6.14,5.75,5.81,641419,7831275.00
2013-04-08,5.48,5.50,5.29,5.45,808251,9013701.00
2013-04-09,5.42,5.58,5.40,5.53,364360,4151575.00
2013-04-10,5.53,5.57,5.43,5.47,252136,2862766.75
2013-04-11,5.54,5.54,5.45,5.48,348123,3959936.25
2013-04-12,5.48,5.49,5.37,5.37,161961,1818581.25
2013-04-15,5.39,5.39,5.24,5.29,200800,2202691.25
2013-04-16,5.28,5.38,5.21,5.36,276435,3038974.50
2013-04-17,5.33,5.40,5.30,5.40,273474,3030134.25
2013-04-18,5.38,5.45,5.31,5.42,138899,1559025.75
2013-04-19,5.43,5.55,5.43,5.54,319402,3649443.50
2013-04-22,5.62,5.62,5.52,5.56,254153,2926859.75
2013-04-23,5.56,5.61,5.32,5.40,319502,3589770.25
2013-04-24,5.42,5.54,5.36,5.51,243415,2767708.75
2013-04-25,5.48,5.53,5.40,5.50,291500,3315415.00
2013-04-26,5.47,5.47,5.35,5.35,173911,1942966.38
2013-05-02,5.31,5.38,5.30,5.36,227610,2518223.00
2013-05-03,5.38,5.85,5.38,5.48,369541,4228548.50
2013-05-06,5.48,5.63,5.48,5.59,380912,4398215.50
2013-05-07,5.56,5.66,5.55,5.64,322218,3739513.25
2013-05-08,5.64,5.71,5.61,5.70,364201,4272686.50
2013-05-09,5.73,5.76,5.64,5.74,420795,4974102.00
2013-05-10,5.75,5.75,5.67,5.72,407368,4820968.00
2013-05-13,5.71,5.75,5.69,5.72,305738,3619967.75
2013-05-14,5.70,5.74,5.55,5.63,217803,2541797.25
2013-05-15,5.64,5.79,5.61,5.79,443223,5261761.50
2013-05-16,5.79,5.84,5.71,5.75,670137,8024392.50
2013-05-17,5.79,5.86,5.75,5.85,550212,6623903.50
2013-05-20,5.85,5.99,5.83,5.98,589755,7244181.00
2013-05-21,6.00,6.09,5.94,6.08,538550,6648902.50
2013-05-22,6.09,6.09,5.92,5.95,485643,5960391.50
2013-05-23,5.92,6.07,5.91,5.96,421113,5163946.00
2013-05-24,5.95,6.19,5.95,6.17,737674,9219737.00
2013-05-27,6.16,6.28,6.13,6.18,524359,6648453.50
2013-05-28,6.21,6.21,5.99,6.05,486368,6040428.50
2013-05-29,6.10,6.15,6.01,6.14,458827,5736613.50
2013-05-30,6.13,6.22,6.10,6.21,560132,7077597.50
2013-05-31,6.22,6.22,6.08,6.09,510371,6435045.00
2013-06-03,6.09,6.10,5.97,6.00,488020,6034296.50
2013-06-04,6.18,6.18,5.89,5.94,613777,7570653.50
2013-06-05,5.93,5.99,5.87,5.95,312306,3795796.50
2013-06-06,5.93,5.94,5.81,5.85,422010,5075021.50
2013-06-07,5.85,5.94,5.70,5.74,286326,3419414.75
2013-06-13,5.71,5.71,5.40,5.58,243474,2776129.00
2013-06-14,5.58,5.77,5.58,5.72,403132,4713000.00
2013-06-17,5.69,5.83,5.66,5.81,469233,5565049.50
2013-06-18,5.79,6.08,5.78,6.07,1322856,16111372.00
2013-06-19,5.99,6.23,5.96,6.21,1820984,22883984.00
2013-06-20,6.18,6.25,6.06,6.11,1469618,18516256.00
2013-06-21,5.98,6.09,5.82,6.05,1185976,14400874.00
2013-06-24,5.96,5.98,5.43,5.81,1088742,12862951.00
2013-06-25,5.65,6.16,5.45,5.99,1257822,14698060.00
2013-06-26,5.83,6.18,5.76,6.16,2419318,29504248.00
2013-06-27,6.11,6.28,5.95,5.98,1648404,20693772.00
2013-06-28,5.85,5.95,5.61,5.66,1044375,12356295.00
2013-07-01,5.69,5.84,5.61,5.79,661955,7782231.00
2013-07-02,5.84,5.95,5.71,5.93,734502,8831421.00
2013-07-03,5.92,6.54,5.80,6.54,3139957,40408824.00
2013-07-04,6.50,6.78,6.37,6.72,3317976,45182360.00
2013-07-05,6.70,7.02,6.56,6.57,2789371,38879592.00
2013-07-08,6.38,6.39,6.17,6.23,2096732,26932844.00
2013-07-09,6.27,6.35,6.08,6.30,1688923,21556384.00
2013-07-10,6.26,6.39,6.21,6.37,2083842,26857480.00
2013-07-11,6.38,6.44,6.24,6.36,2033494,26416686.00
2013-07-12,6.36,6.69,6.28,6.47,2479566,33073364.00
2013-07-15,6.40,6.64,6.38,6.60,1652572,21978282.00
2013-07-16,6.55,6.59,6.40,6.42,1900364,25117946.00
2013-07-17,6.42,6.42,6.26,6.33,1532956,19859544.00
2013-07-18,6.28,6.55,6.28,6.55,1518866,20127094.00
2013-07-19,6.55,6.71,6.20,6.20,2479903,32950962.00
2013-07-22,6.10,6.34,6.01,6.32,979912,12421693.00
2013-07-23,6.32,6.49,6.30,6.47,1069467,14044230.00
2013-07-24,6.44,6.69,6.38,6.68,1963884,26396384.00
2013-07-25,6.66,6.69,6.43,6.49,1408689,18800298.00
2013-07-26,6.42,6.75,6.35,6.74,1548415,20793216.00
2013-07-29,6.72,6.98,6.57,6.58,2023735,28023960.00
2013-07-30,6.63,6.73,6.33,6.68,1179117,15768595.00
2013-07-31,6.65,6.78,6.57,6.60,894924,12210825.00
2013-08-01,6.61,6.94,6.53,6.87,1744745,24309902.00
2013-08-02,6.81,7.14,6.80,6.98,2264422,32186694.00
2013-08-05,6.97,7.02,6.88,7.00,1255081,17809908.00
2013-08-06,7.00,7.01,6.89,6.91,1017909,14425797.00
2013-08-07,6.88,6.93,6.54,6.59,1772250,24184862.00
2013-08-08,6.54,6.65,6.49,6.55,1225321,16486310.00
2013-08-09,6.55,6.65,6.45,6.54,931258,12453804.00
2013-08-12,6.51,6.71,6.51,6.63,1115718,15140818.00
2013-08-13,6.63,6.72,6.63,6.67,606648,8277661.50
2013-08-14,6.68,6.72,6.60,6.66,692928,9446024.00
2013-08-15,6.68,6.89,6.66,6.68,1061509,14680927.00
2013-08-16,6.66,6.75,6.37,6.40,1086861,14569998.00
2013-08-19,6.36,6.53,6.36,6.52,592328,7823232.00
2013-08-20,6.52,6.59,6.46,6.52,602555,8037346.00
2013-08-21,6.51,6.63,6.47,6.61,521000,6995379.00
2013-08-22,6.53,6.64,6.53,6.54,521985,7011685.00
2013-08-23,6.54,6.59,6.30,6.40,961862,12642131.00
2013-08-26,6.37,6.54,6.37,6.54,652831,8651295.00
2013-08-27,6.53,6.68,6.52,6.63,622315,8401203.00
2013-08-28,6.65,6.65,6.51,6.54,609498,8192203.00
2013-08-29,6.58,6.61,6.48,6.54,414246,5526886.50
2013-08-30,6.52,6.57,6.28,6.32,611379,8047742.50
2013-09-02,6.32,6.42,6.28,6.41,325881,4227836.50
2013-09-03,6.45,6.50,6.40,6.49,222790,2949485.25
2013-09-04,6.48,6.55,6.45,6.50,271446,3612822.25
2013-09-05,6.53,6.54,6.43,6.50,366713,4878933.50
2013-09-06,6.47,6.63,6.47,6.61,961000,12892122.00
2013-09-09,6.61,6.69,6.58,6.65,678290,9203471.00
2013-09-10,6.67,6.67,6.50,6.56,675998,9076207.00
2013-09-11,6.57,6.59,6.34,6.36,977370,12849954.00
2013-09-12,6.37,6.45,6.33,6.37,493925,6438554.50
2013-09-13,6.36,6.48,6.35,6.45,333139,4369182.00
2013-09-16,6.43,6.68,6.43,6.63,1106653,14933482.00
2013-09-17,6.60,6.70,6.55,6.60,798223,10805370.00
2013-09-18,6.61,6.79,6.59,6.75,867231,11870829.00
2013-09-23,6.79,6.87,6.73,6.81,1149810,15959883.00
2013-09-24,6.84,6.84,6.68,6.74,935000,12865379.00
2013-09-25,6.71,6.84,6.66,6.68,630418,8678065.00
2013-09-26,6.70,6.75,6.60,6.68,433725,5938779.50
2013-09-27,6.61,6.84,6.61,6.81,727111,10029676.00
2013-09-30,6.82,7.08,6.76,7.03,1619064,22967480.00
2013-10-08,7.03,7.07,6.90,7.05,816991,11700323.00
2013-10-09,7.01,7.10,6.98,7.07,699331,10055498.00
2013-10-10,7.07,7.32,6.92,6.95,1671080,24428202.00
2013-10-11,7.00,7.06,6.90,6.99,745949,10630260.00
2013-10-14,6.97,7.22,6.96,7.17,792233,11512658.00
2013-10-15,7.17,7.33,6.98,7.28,1876427,27585054.00
2013-10-16,7.28,7.28,6.91,6.94,1059859,15288735.00
2013-10-17,6.95,7.65,6.61,7.65,2810245,42407300.00
2013-10-18,7.91,7.98,7.25,7.28,4486333,69615664.00
2013-10-21,7.20,7.73,7.14,7.51,3321466,49941616.00
2013-10-22,7.40,7.67,7.25,7.30,1993473,30250494.00
2013-10-23,7.37,7.57,7.25,7.34,1718101,26016786.00
2013-10-24,7.25,7.34,7.10,7.15,1102649,16173102.00
2013-10-25,7.15,7.24,7.07,7.08,864071,12609637.00
2013-10-28,7.06,7.19,7.03,7.12,463528,6731622.00
2013-10-29,7.17,7.17,6.50,6.67,1332146,18531858.00
2013-10-30,6.67,6.85,6.60,6.80,714732,9821718.00
2013-10-31,6.78,7.50,6.75,7.50,2459915,37015996.00
2013-11-01,7.50,7.64,7.23,7.44,2718812,41165644.00
2013-11-04,7.45,7.65,7.29,7.53,2470711,37516540.00
2013-11-05,7.46,7.69,7.31,7.55,1987534,30460776.00
2013-11-06,7.49,7.89,7.45,7.50,2428419,37905604.00
2013-11-07,7.46,7.54,7.30,7.30,1536055,23208410.00
2013-11-08,7.25,7.28,6.97,7.10,1255368,18274222.00
2013-11-11,7.10,7.83,7.02,7.83,2504058,39002116.00
2013-11-12,8.31,8.63,8.30,8.63,2520686,43628992.00
2013-11-13,8.68,9.28,8.49,8.89,10325293,184837440.00
2013-11-14,8.80,9.80,8.65,9.80,11484284,217803632.00
2013-11-15,9.69,10.55,9.56,9.96,11792340,239579312.00
2013-11-18,9.71,10.01,9.51,9.72,8354416,164365680.00
2013-11-19,9.56,9.84,9.41,9.65,6608525,128685304.00
2013-11-20,9.61,9.94,9.51,9.75,6614706,130487320.00
2013-11-21,9.63,9.70,9.35,9.49,5027871,96859880.00
2013-11-22,9.55,10.05,9.55,9.64,7327063,146284928.00
2013-11-25,9.41,9.83,9.03,9.83,6003629,114651168.00
2013-11-26,9.70,10.70,9.66,10.02,8887247,184687184.00
2013-11-27,9.96,10.35,9.71,9.93,5851767,119301280.00
2013-11-28,9.86,10.74,9.86,10.59,7214532,150834880.00
2013-11-29,10.38,10.84,10.30,10.39,8431523,179645792.00
2013-12-02,9.34,9.53,9.34,9.34,2748928,52219184.00
2013-12-03,8.39,8.72,8.39,8.55,6589085,113630296.00
2013-12-04,8.46,8.87,8.25,8.25,5474755,95605472.00
2013-12-05,8.20,8.34,8.10,8.22,2758991,46220484.00
2013-12-06,8.22,8.41,8.21,8.30,1700977,28803828.00
2013-12-09,8.33,8.67,8.33,8.56,2587620,44976312.00
2013-12-10,8.60,8.70,8.25,8.33,2765947,47343352.00
2013-12-11,8.23,8.52,8.23,8.34,1683762,28751512.00
2013-12-12,8.30,8.59,8.28,8.45,1945288,33504212.00
2013-12-13,8.44,8.88,8.36,8.79,3994775,70622384.00
2013-12-16,8.70,8.84,8.48,8.51,2187431,38433608.00
2013-12-17,8.54,8.68,8.21,8.65,2631265,45163344.00
2013-12-18,8.53,8.64,8.30,8.39,1416148,24288630.00
2013-12-19,8.42,8.60,8.38,8.39,1557702,26956324.00
2013-12-20,8.34,8.46,8.21,8.23,1109371,18766772.00
2013-12-23,8.12,8.23,7.84,7.93,1437874,23354466.00
2013-12-24,7.95,8.32,7.92,8.18,1433213,23867444.00
2013-12-25,8.45,9.01,8.44,9.01,2253747,40691664.00
2013-12-26,9.11,9.90,9.10,9.50,9707520,187755056.00
2013-12-27,9.19,10.10,9.19,9.60,7674987,150427456.00
2013-12-30,9.60,9.85,9.31,9.35,5000873,96876288.00
2013-12-31,9.23,9.29,8.86,8.95,3588989,65936784.00
2014-01-02,8.93,9.24,8.86,9.21,2709374,50173772.00
2014-01-03,9.17,10.02,9.00,9.75,6383847,124680168.00
2014-01-06,9.58,9.65,8.76,8.76,3713359,68611040.00
2014-01-07,8.59,8.78,8.48,8.59,3250976,56933580.00
2014-01-08,8.65,8.94,8.65,8.90,3413033,61226304.00
2014-01-09,8.74,8.75,8.13,8.13,3544224,61719140.00
2014-01-10,8.14,8.40,8.13,8.28,2093454,35085084.00
2014-01-13,8.30,8.60,8.19,8.41,1546543,26539070.00
2014-01-14,8.41,8.65,8.30,8.60,1952388,33740836.00
2014-01-15,8.61,8.80,8.54,8.69,2394907,42288716.00
2014-01-16,8.64,8.88,8.64,8.73,2236781,39791288.00
2014-01-17,8.69,8.72,8.59,8.59,1569746,27628578.00
2014-01-20,8.60,8.67,8.16,8.17,1988422,33635528.00
2014-01-21,8.63,8.99,8.55,8.79,4295249,76893376.00
2014-01-22,8.64,9.14,8.62,9.04,3804199,68912040.00
2014-01-23,8.95,9.25,8.91,9.04,3354186,62021252.00
2014-01-24,9.00,9.30,8.95,9.16,2996041,55900428.00
2014-01-27,9.13,9.50,9.02,9.36,2964606,56002848.00
2014-01-28,9.35,9.35,9.02,9.15,2117337,39399416.00
2014-01-29,9.11,9.25,9.09,9.24,1474891,27531838.00
2014-01-30,9.20,9.21,8.98,9.14,1328917,24581592.00
2014-02-07,9.01,9.44,9.01,9.39,1943750,36599596.00
2014-02-10,9.49,9.65,9.36,9.57,2450113,47331920.00
2014-02-11,9.58,9.64,9.25,9.41,2839189,54450108.00
2014-02-12,9.45,9.93,9.29,9.89,3777009,73517064.00
2014-02-13,9.76,9.90,9.33,9.40,2931562,57692680.00
2014-02-14,9.45,10.07,9.40,9.98,3479699,69266896.00
2014-02-17,9.99,10.15,9.86,10.12,3302076,67191496.00
2014-02-18,10.11,10.11,9.83,9.90,2669726,53859252.00
2014-02-19,9.85,9.95,9.70,9.85,1928666,38391880.00
2014-02-20,9.77,9.88,9.45,9.49,1967230,38268688.00
2014-02-21,9.48,9.69,9.36,9.55,998026,19284926.00
2014-02-24,9.50,9.72,9.50,9.67,1442355,28160932.00
2014-02-25,9.68,9.89,8.85,8.95,2688742,51814352.00
2014-02-26,8.97,8.98,8.50,8.90,1597006,28577070.00
2014-02-27,8.98,9.08,8.45,8.51,2070202,36962020.00
2014-02-28,8.43,8.68,8.43,8.64,811065,14091419.00
2014-03-03,8.70,8.83,8.60,8.83,869713,15510313.00
2014-03-04,8.83,8.90,8.66,8.86,933229,16706843.00
2014-03-05,8.90,8.92,8.75,8.76,868535,15628313.00
2014-03-06,8.76,8.93,8.62,8.89,808308,14501048.00
2014-03-07,8.80,9.14,8.80,8.90,1000471,18277712.00
2014-03-10,8.90,8.90,8.48,8.60,1081275,19087790.00
2014-06-09,8.98,9.47,8.95,9.47,1460238,27478846.00
2014-06-10,10.29,10.41,9.76,10.24,7011206,143327248.00
2014-06-11,10.08,10.19,9.93,10.13,4048886,82628824.00
2014-06-12,10.10,10.45,9.94,10.39,4262642,88267456.00
2014-06-13,10.43,10.73,10.24,10.28,3803541,80186104.00
2014-06-16,10.35,10.38,10.01,10.21,4105928,84854584.00
2014-06-17,10.11,10.26,9.66,9.77,6757722,67563432.00
2014-06-18,9.70,9.77,9.36,9.39,4786134,46320656.00
2014-06-19,9.38,9.62,8.74,8.91,5479398,50723692.00
2014-06-20,8.96,9.00,8.76,9.00,2717002,24476494.00
2014-06-23,9.00,9.23,8.98,9.23,3697944,34141320.00
2014-06-24,9.18,9.30,9.16,9.18,2081541,19370616.00
2014-06-25,9.18,9.19,8.90,8.96,2615644,23810128.00
2014-06-26,8.98,9.26,8.98,9.22,2872346,26599160.00
2014-06-27,9.25,9.44,9.13,9.31,3008098,28231328.00
2014-06-30,9.43,9.47,9.26,9.47,3261920,30928016.00
2014-07-01,9.51,9.51,9.32,9.43,2567240,24388110.00
2014-07-02,9.43,9.50,9.23,9.43,3119396,29517726.00
2014-07-03,9.40,9.78,9.33,9.67,5651812,54900376.00
2014-07-04,9.62,9.96,9.53,9.89,5662403,55968124.00
2014-07-07,9.81,9.95,9.66,9.92,3603143,35734844.00
2014-07-08,9.86,9.98,9.70,9.93,3245075,32278504.00
2014-07-09,9.90,9.94,9.58,9.59,3438585,33956764.00
2014-07-10,9.55,9.74,9.55,9.60,1875768,18295988.00
2014-07-11,9.75,10.57,9.71,10.18,13603618,141654032.00
2014-07-14,10.05,10.47,9.91,10.46,9045961,93345960.00
2014-07-15,10.35,10.41,10.13,10.32,5118558,53073464.00
2014-07-16,10.30,11.07,10.22,10.87,13502386,145979296.00
2014-07-17,10.77,10.87,10.50,10.80,6221533,67161608.00
2014-07-18,10.65,10.98,10.22,10.25,7067968,75285248.00
2014-07-21,10.27,11.06,10.27,11.00,9085500,97994752.00
2014-07-22,10.98,11.34,10.82,11.13,10492349,117534704.00
2014-07-23,10.95,11.53,10.91,11.08,8077684,91298584.00
2014-07-24,11.10,11.12,9.96,10.18,7713989,80828888.00
2014-07-25,10.23,10.43,9.99,10.20,4359638,44963112.00
2014-07-28,10.23,10.43,10.05,10.28,4549512,46976900.00
2014-07-29,10.30,10.56,10.18,10.49,4749580,49886168.00
2014-07-30,10.55,10.57,10.32,10.47,3913924,41299028.00
2014-07-31,10.54,10.75,10.40,10.73,3846761,40942708.00
2014-08-01,10.65,10.82,10.43,10.46,3894598,41902868.00
2014-08-04,10.47,10.64,10.41,10.60,2729352,29032692.00
2014-08-05,10.60,10.87,10.45,10.81,4938906,53326260.00
2014-08-06,10.73,10.97,10.68,10.78,3822506,41788328.00
2014-08-07,10.79,10.88,10.56,10.65,3459819,37310036.00
2014-08-08,10.65,10.74,10.59,10.69,2025761,21812536.00
2014-08-11,10.70,10.86,10.62,10.79,3118858,33915960.00
2014-08-12,10.85,10.97,10.75,10.95,4341392,47711780.00
2014-08-13,10.95,10.97,10.56,10.83,3555384,38583080.00
2014-08-14,10.80,11.19,10.74,10.92,5496668,61050256.00
2014-08-15,10.97,11.16,10.97,11.14,3629655,40566512.00
2014-08-18,11.13,11.55,11.11,11.38,6028782,69373216.00
2014-08-19,11.45,11.53,11.15,11.26,4554288,51960068.00
2014-08-20,11.30,11.48,11.24,11.32,3381537,38731468.00
2014-08-21,11.30,11.36,11.01,11.19,3380836,38027484.00
2014-08-22,11.18,11.34,11.10,11.33,3212813,36466976.00
2014-08-25,11.33,11.53,11.18,11.43,4306494,49443492.00
2014-08-26,11.43,12.40,11.35,11.93,10485647,126398912.00
2014-08-27,11.80,12.39,11.69,12.27,8214508,100540696.00
2014-08-28,12.35,12.35,11.65,11.78,5178726,62465420.00
2014-08-29,11.70,11.80,11.36,11.80,3557665,41540960.00
2014-09-01,11.80,12.15,11.75,12.10,3761427,45531236.00
2014-09-02,12.19,12.20,11.99,12.16,3281359,40066308.00
2014-09-03,12.18,12.25,11.92,12.11,3986592,48597148.00
2014-09-04,12.04,13.33,12.04,13.33,11618128,152180240.00
2014-09-05,13.33,13.43,13.05,13.25,7700722,102791608.00
2014-09-09,13.24,13.56,13.03,13.21,6280577,83781544.00
2014-09-10,13.09,13.36,13.05,13.26,4317608,57458564.00
2014-09-11,13.27,13.41,12.87,12.99,5354212,71029440.00
2014-09-12,12.85,13.13,12.85,13.09,2537773,33250970.00
2014-09-15,13.06,13.49,12.99,13.37,4043264,54204264.00
2014-09-16,13.35,13.48,12.60,12.61,4016008,52701824.00
2014-09-17,12.65,12.78,12.31,12.59,3142791,39585408.00
2014-09-18,12.49,12.70,12.48,12.61,1765851,22456140.00
2014-09-19,12.61,12.98,12.60,12.82,2373595,30609672.00
2014-09-22,12.79,13.14,12.70,12.82,2237765,29118968.00
2014-09-23,12.73,13.10,12.70,13.07,2137741,27916248.00
2014-09-24,13.08,13.37,12.97,13.26,3403084,45326620.00
2014-09-25,13.35,13.36,12.98,13.09,3085109,40920996.00
2014-09-26,13.10,13.16,12.85,13.15,2442671,32117056.00
2014-09-29,13.25,14.12,13.08,13.67,4994294,67486840.00
2014-09-30,13.50,14.07,13.18,13.33,11811340,162113024.00
2014-10-08,13.30,13.66,13.10,13.43,4994004,66904800.00
2014-10-09,13.40,13.53,13.13,13.40,4507452,60645272.00
2014-10-10,13.36,13.36,13.15,13.26,2737896,36519160.00
2014-10-13,13.24,13.24,12.80,13.09,3056141,39967888.00
2014-10-14,13.04,13.30,12.95,13.17,3206992,42546336.00
2014-10-15,13.19,13.25,12.95,13.13,1889851,24933394.00
2014-10-16,13.06,13.53,12.98,13.19,4372093,58487212.00
2014-10-17,13.15,13.15,12.50,12.77,4689909,60280444.00
2014-10-20,12.72,12.97,12.65,12.79,1644110,21185938.00
2014-10-21,12.73,12.89,12.68,12.68,1663144,21443664.00
2014-10-22,12.69,12.86,12.30,12.31,2033187,25843088.00
2014-10-23,12.31,12.40,11.68,11.94,2668176,32396590.00
2014-10-24,11.94,12.37,11.78,11.85,3195891,38802780.00
2014-10-27,11.76,12.14,11.72,12.12,1496120,18066980.00
2014-10-28,12.14,12.80,12.14,12.46,3303561,41397888.00
2014-10-29,12.52,12.81,12.42,12.61,2833665,35936400.00
2014-10-30,12.60,13.00,12.55,12.86,4758258,61446476.00
2014-10-31,12.86,12.90,12.60,12.80,2597310,33344434.00
2014-11-03,12.72,13.35,12.72,13.19,4509198,59290372.00
2014-11-04,13.11,13.35,12.95,13.21,2478382,32784202.00
2014-11-05,13.15,13.65,13.05,13.29,7882792,106066040.00
2014-11-06,13.21,13.72,13.21,13.39,5696975,76957464.00
2014-11-07,13.43,13.50,12.93,12.98,4231681,56152732.00
2014-11-10,12.98,13.16,12.77,13.15,2931114,38294368.00
2014-11-11,13.20,13.28,12.28,12.57,5638234,73207352.00
2014-11-12,12.36,13.20,12.26,12.75,3698916,47302680.00
2014-11-13,12.67,13.05,12.23,12.31,2720666,34126780.00
2014-11-14,12.37,12.40,11.98,12.27,1979064,24347268.00
2014-11-17,12.27,12.60,12.15,12.55,2171090,27243108.00
2014-11-18,12.55,12.76,12.41,12.48,1907340,24252130.00
2014-11-19,12.45,12.67,12.41,12.53,1316617,16623770.00
2014-11-20,12.50,12.57,12.31,12.40,1310924,16440690.00
2014-11-21,12.38,12.85,12.30,12.74,6095305,77354024.00
2014-11-24,12.77,13.06,12.61,12.96,3805358,49159032.00
2014-11-25,13.08,13.45,12.83,13.15,8177598,108299680.00
2014-11-26,13.15,13.41,12.81,12.94,4790913,62797292.00
2014-11-27,13.03,13.05,12.81,12.88,3527422,45961956.00
2014-11-28,12.89,13.04,12.73,12.91,3348165,43586324.00
2014-12-01,12.92,13.34,12.80,13.19,8479163,111968864.00
2014-12-02,13.14,13.22,13.00,13.20,4210814,55643288.00
2014-12-03,13.22,13.32,12.85,13.09,3981708,52142608.00
2014-12-04,13.09,13.30,12.98,13.10,3844570,50862308.00
2014-12-05,13.11,13.11,11.90,12.18,5381013,67581256.00
2014-12-08,12.15,12.25,11.96,11.99,3146366,38228500.00
2014-12-09,11.93,11.98,11.06,11.10,5620074,65294976.00
2014-12-10,11.07,11.59,11.02,11.46,3412562,38973532.00
2014-12-11,11.42,11.60,11.30,11.51,1990550,22997456.00
2014-12-12,11.52,11.68,11.47,11.64,2380078,27768896.00
2014-12-15,11.56,11.85,11.56,11.81,2255359,26710286.00
2014-12-16,11.83,11.83,11.54,11.65,1967888,23141100.00
2014-12-17,11.59,11.64,11.12,11.21,2963325,33794708.00
2014-12-18,11.19,11.37,11.08,11.11,1918700,21671684.00
2014-12-19,11.03,11.15,10.50,10.60,3326769,36100644.00
2014-12-22,10.51,10.60,9.80,9.84,2706268,27323694.00
2014-12-23,9.85,10.07,9.83,9.89,1882329,18911390.00
2014-12-24,9.99,10.23,9.97,10.22,1462248,14920790.00
2014-12-25,10.30,10.78,10.30,10.68,3652853,39008676.00
2014-12-26,10.70,10.76,10.50,10.58,2202925,23630706.00
2014-12-29,10.55,10.65,10.35,10.38,1656355,17479070.00
2014-12-30,10.28,10.37,10.02,10.11,1441033,14757872.00
2014-12-31,10.12,10.37,10.05,10.33,976430,10089474.00
2015-01-05,10.33,10.44,9.90,10.40,1345141,13977542.00
2015-01-06,10.25,10.81,10.25,10.76,2500373,26805994.00
2015-01-07,10.76,10.76,10.48,10.59,1431735,15331901.00
2015-01-08,10.64,10.66,10.52,10.63,1270463,13612044.00
2015-01-09,10.63,10.73,10.49,10.61,1542809,16540085.00
2015-01-12,10.55,10.55,10.14,10.21,1216445,12614592.00
2015-01-13,10.24,10.45,10.16,10.39,890381,9295158.00
2015-01-14,10.43,10.46,10.26,10.31,963017,10078216.00
2015-01-15,10.34,10.43,10.29,10.32,865579,9044524.00
2015-01-16,10.35,10.58,10.34,10.54,1462309,15450639.00
2015-01-19,10.39,10.76,10.16,10.37,2409975,25544070.00
2015-01-20,10.42,10.74,10.40,10.72,2519341,26989156.00
2015-01-21,10.75,11.01,10.73,10.98,2976556,32743998.00
2015-01-22,11.00,11.15,10.87,11.15,3059526,34035948.00
2015-01-23,11.15,11.27,10.91,10.94,1601306,17800182.00
2015-01-26,10.90,11.28,10.90,11.23,1815979,20402492.00
2015-01-27,11.24,11.45,11.06,11.33,2551711,29015248.00
2015-01-28,11.30,11.50,11.21,11.42,2165169,24903644.00
2015-01-29,11.29,11.50,11.24,11.35,1653904,18974880.00
2015-01-30,11.36,11.39,11.10,11.15,1401913,15863068.00
2015-02-02,10.99,11.25,10.99,11.16,1236950,13915044.00
2015-02-03,11.19,11.35,11.16,11.27,1379726,15711217.00
2015-02-04,11.26,11.34,11.21,11.27,1529207,17386748.00
2015-02-05,11.28,11.53,11.25,11.33,1821817,20938500.00
2015-02-06,11.32,11.37,10.88,11.00,1363262,15281433.00
2015-02-09,10.94,11.03,10.79,10.82,733302,8078428.50
2015-02-10,10.75,10.96,10.75,10.94,822321,9028205.00
2015-02-11,10.97,11.00,10.91,10.98,887349,9802372.00
2015-02-12,11.00,11.15,11.00,11.15,799537,8960117.00
2015-02-13,11.22,11.45,11.18,11.44,1432639,16420003.00
2015-02-16,11.40,11.58,11.40,11.58,1641849,19064556.00
2015-02-17,11.58,11.71,11.40,11.67,2119262,24708780.00
2015-02-25,11.67,11.70,11.51,11.62,1911531,22379788.00
2015-02-26,11.64,11.68,11.56,11.68,1349815,15834279.00
2015-02-27,11.69,11.86,11.69,11.86,1893021,22527840.00
2015-03-02,11.89,12.17,11.84,12.12,3561515,43062068.00
2015-03-03,12.08,12.09,11.70,11.75,4498536,54071460.00
2015-03-04,11.70,12.06,11.65,12.03,3214520,38660584.00
2015-03-05,12.01,12.26,11.96,12.25,4321233,52856456.00
2015-03-06,12.29,12.34,11.88,11.94,3875488,47007304.00
2015-03-09,11.92,12.10,11.77,12.10,2418576,29177384.00
2015-03-10,12.10,12.32,12.03,12.13,4181903,51390316.00
2015-03-11,12.18,12.47,12.05,12.40,5642961,69873896.00
2015-03-12,12.33,12.45,12.13,12.21,4736845,58509888.00
2015-03-13,12.24,12.51,12.23,12.49,3589837,44896392.00
2015-03-16,12.65,12.87,12.52,12.82,4049823,51989712.00
2015-03-17,12.89,12.97,12.63,12.83,4066232,52498264.00
2015-03-18,12.83,13.23,12.79,13.19,4737781,62258028.00
2015-03-19,13.22,13.52,12.90,13.13,5372418,71396168.00
2015-03-20,13.14,13.38,13.14,13.37,4925143,65786736.00
2015-03-23,13.44,13.58,13.31,13.54,4608518,62490196.00
2015-03-24,13.78,14.09,13.11,13.71,8660500,119166712.00
2015-03-25,13.65,14.34,13.56,14.11,8802168,122988400.00
2015-03-26,14.38,14.38,13.40,13.88,8474923,118767656.00
2015-03-27,13.83,14.17,13.61,14.06,6361808,89358968.00
2015-03-30,13.80,13.95,13.64,13.84,8097273,112458632.00
2015-03-31,13.84,14.35,13.75,14.34,9522388,135230304.00
2015-04-01,14.42,15.18,14.30,14.93,9794479,146250816.00
2015-04-02,14.90,15.68,14.84,15.38,8142365,124006456.00
2015-04-03,15.20,15.83,14.90,15.68,8431497,130220384.00
2015-04-07,15.80,17.26,15.60,17.26,11765679,197265616.00
2015-04-08,18.28,19.00,16.71,19.00,23498489,430724928.00
2015-04-09,18.86,20.91,18.30,20.91,18109587,360726336.00
2015-04-10,21.30,23.01,20.90,21.90,13935792,306414176.00
2015-04-13,21.90,24.10,20.80,24.10,12084225,280232832.00
2015-04-14,24.10,26.18,23.10,23.90,11263036,279718112.00
2015-04-15,23.40,23.68,22.00,22.90,8379369,192792736.00
2015-04-16,21.90,23.90,21.90,22.87,5710628,131694000.00
2015-04-17,22.85,23.90,22.60,23.38,6028158,141379984.00
2015-04-20,23.32,25.73,22.78,25.73,10512238,265828144.00
2015-04-21,26.45,28.31,26.45,28.31,3809300,104418752.00
2015-04-22,31.15,31.15,31.15,31.15,623500,19486344.00
2015-04-23,31.90,33.10,29.80,31.08,9491055,295466464.00
2015-04-24,29.92,32.39,29.66,30.75,5829062,181194368.00
2015-04-27,30.79,31.68,28.70,28.90,6437061,192216096.00
2015-04-28,28.32,28.89,26.50,26.91,7211322,199613376.00
2015-04-29,27.17,29.61,27.17,29.61,2966956,87157736.00
2015-04-30,32.58,32.58,32.58,32.58,1961807,64111852.00
2015-05-04,31.88,34.89,30.77,30.77,8687062,282590048.00
2015-05-05,30.80,32.28,30.70,31.10,6593566,207603904.00
2015-05-06,31.25,34.16,31.25,32.30,5156539,169790304.00
2015-05-07,34.90,35.54,32.35,35.54,6301030,220816720.00
2015-05-08,38.57,39.10,37.40,39.10,9290559,359504704.00
2015-05-11,39.90,41.45,37.90,39.40,7936858,313912704.00
2015-05-12,39.36,43.35,38.38,43.35,5573900,230562448.00
2015-05-13,42.90,47.70,39.60,46.03,5086118,233703248.00
2015-05-14,45.40,48.70,43.90,46.00,3149935,146670016.00
2015-05-15,44.91,50.61,43.10,50.61,5221591,249946448.00
2015-05-18,51.00,53.37,48.60,48.60,4764017,242547184.00
2015-05-19,48.49,53.18,47.50,50.90,3942642,197342720.00
2015-05-20,49.90,51.90,45.91,47.68,6906112,338161440.00
2015-05-21,46.41,48.88,46.25,47.81,5201412,246974560.00
2015-05-22,47.77,48.51,45.90,47.80,4851213,229357776.00
2015-05-25,48.50,50.92,46.41,49.80,5911952,290713952.00
2015-05-26,49.88,53.44,48.35,52.40,4049591,206681616.00
2015-05-27,52.01,53.90,50.71,51.20,2614421,136080320.00
2015-05-28,50.50,50.90,46.07,46.56,5486768,266832048.00
2015-05-29,46.05,49.48,41.89,47.37,5304648,250182832.00
2015-06-01,47.50,50.92,46.80,49.90,6547629,320603168.00
2015-06-02,50.00,54.90,47.90,54.90,6272927,334647648.00
2015-06-03,56.90,59.90,54.90,58.80,6956913,404603488.00
2015-06-04,58.90,59.76,53.10,57.11,4309790,248509920.00
2015-06-05,57.90,61.70,56.00,59.44,3920527,233910480.00
2015-06-08,58.90,61.23,56.41,59.44,4473783,266657344.00
2015-06-09,57.90,59.40,54.91,58.83,7425210,420939584.00
2015-06-10,56.90,62.26,55.90,59.60,7483483,434070208.00
2015-06-11,57.58,60.93,57.58,58.90,4088630,242870016.00
2015-06-12,58.90,60.57,58.01,58.50,3874650,230820416.00
2015-06-15,58.50,59.60,55.56,56.86,4997884,288089280.00
2015-06-16,55.92,55.95,51.31,52.09,4901919,263428496.00
2015-06-17,52.14,55.90,49.03,53.35,4535173,239867760.00
2015-06-18,54.61,55.40,48.01,48.01,5978368,309158272.00
2015-06-19,45.79,47.90,43.20,43.20,5930270,263136832.00
2015-06-23,41.90,44.90,38.87,44.90,6470498,270948928.00
2015-06-24,44.90,44.90,40.40,40.90,6524881,274940096.00
2015-06-25,40.90,41.35,36.80,36.83,7884581,301453920.00
2015-06-26,34.90,34.90,33.14,33.14,3675284,123414408.00
2015-06-29,32.78,32.78,29.82,29.82,5449667,164894560.00
2015-09-22,29.82,29.82,29.82,29.82,0,0.00
数据来源:通达信
