300056 三维丝 日线 前复权
      日期	    开盘	    最高	    最低	    收盘	    成交量	    成交额
2010-02-26,11.73,13.47,11.44,12.76,8891732,320109440.00
2010-03-01,12.29,12.84,12.11,12.65,5102636,189580240.00
2010-03-02,12.50,12.63,12.18,12.32,3470528,128128624.00
2010-03-03,12.25,13.41,12.25,12.84,4185103,160289520.00
2010-03-04,12.70,12.70,11.86,11.89,3184309,116254976.00
2010-03-05,11.73,11.87,11.56,11.74,1807279,63114400.00
2010-03-08,11.73,12.08,11.73,11.87,1068186,38003068.00
2010-03-09,11.88,12.28,11.87,12.17,1641809,59076780.00
2010-03-10,12.24,12.26,11.93,12.00,972095,35011792.00
2010-03-11,11.97,12.49,11.73,12.37,1928794,69776536.00
2010-03-12,12.25,13.25,12.20,12.53,3409059,129258496.00
2010-03-15,12.49,12.92,12.33,12.72,1887365,71220576.00
2010-03-16,12.46,12.56,11.97,12.09,1939641,70804128.00
2010-03-17,12.08,12.33,12.01,12.33,1372913,49957084.00
2010-03-18,12.34,12.51,12.23,12.46,1084548,40032280.00
2010-03-19,12.45,12.46,12.11,12.27,1018634,37178372.00
2010-03-22,12.25,12.28,11.98,12.16,1117843,40344900.00
2010-03-23,12.15,12.32,11.99,12.18,940493,34078408.00
2010-03-24,12.22,12.60,12.09,12.51,2021051,74845160.00
2010-03-25,12.49,13.17,12.46,12.98,3099662,118716848.00
2010-03-26,12.93,13.05,12.52,12.87,1738915,66105476.00
2010-03-29,12.88,13.40,12.64,13.31,2353966,91174288.00
2010-03-30,13.33,13.53,13.11,13.11,1973302,78093984.00
2010-03-31,13.10,13.44,13.10,13.24,1817023,71439768.00
2010-04-01,13.36,14.02,13.17,13.19,2602458,105092496.00
2010-04-02,13.01,13.11,12.88,12.99,1402391,54105412.00
2010-04-06,13.06,13.33,12.97,13.33,1392724,54501016.00
2010-04-07,13.59,13.64,13.37,13.58,1582452,63578808.00
2010-04-08,13.48,13.98,13.31,13.33,1800664,72986736.00
2010-04-09,13.26,13.85,13.20,13.78,1402286,56719836.00
2010-04-12,13.82,14.51,13.65,14.42,1924739,80520824.00
2010-04-13,14.50,14.60,13.08,13.95,2382671,98057184.00
2010-04-14,13.93,14.02,13.56,13.73,706730,28816036.00
2010-04-15,13.81,13.97,12.94,13.19,1168900,46504384.00
2010-04-19,13.16,13.47,13.01,13.06,818980,32336282.00
2010-04-20,13.12,13.29,12.29,13.28,692576,26527342.00
2010-04-21,13.40,13.66,13.12,13.57,816606,32772060.00
2010-04-22,13.55,14.09,13.36,13.94,1150593,47394980.00
2010-04-23,13.74,14.47,13.74,14.27,1338343,56592720.00
2010-04-26,14.27,15.38,14.27,14.54,1386638,60345032.00
2010-04-27,14.26,14.46,13.66,13.92,819781,33811480.00
2010-04-28,13.40,13.81,12.77,13.46,1083359,42726240.00
2010-04-29,13.46,13.67,12.46,12.56,546327,21439630.00
2010-04-30,12.55,12.64,11.78,12.60,582243,21301386.00
2010-05-04,12.29,12.84,12.28,12.58,221697,8310807.50
2010-05-05,12.56,13.19,12.46,13.08,324250,12374120.00
2010-05-06,13.08,13.43,12.69,12.69,372260,14436316.00
2010-05-07,12.36,12.77,12.08,12.46,271993,10097506.00
2010-05-10,12.59,12.62,11.17,11.68,677381,23535356.00
2010-05-11,11.83,11.83,11.03,11.07,323315,10992056.00
2010-05-12,11.05,11.05,10.24,10.37,381260,12023873.00
2010-05-13,10.54,10.76,10.13,10.72,347027,10875892.00
2010-05-14,10.69,10.92,10.55,10.74,249300,8034016.00
2010-05-17,10.67,11.03,10.20,10.26,459166,14602611.00
2010-05-18,10.26,10.68,10.17,10.50,311358,9697973.00
2010-05-19,10.39,11.07,10.39,10.72,255088,8226875.50
2010-05-20,10.51,10.90,10.27,10.51,220170,7002692.00
2010-05-21,10.29,11.09,10.17,11.06,378580,12167607.00
2010-05-24,11.06,11.61,11.00,11.52,537370,18199944.00
2010-05-25,11.50,11.50,11.21,11.30,353680,11983359.00
2010-05-26,11.04,11.21,10.62,10.99,1618207,52548060.00
2010-05-27,10.89,12.14,10.63,12.14,1820281,62872140.00
2010-05-28,12.43,13.05,12.42,12.65,1987346,74657264.00
2010-05-31,12.77,13.05,12.43,12.67,1158942,44030168.00
2010-06-01,12.43,12.84,11.85,12.60,942159,34467504.00
2010-06-02,12.59,12.65,11.90,12.59,718901,26468482.00
2010-06-03,12.69,13.40,12.68,12.70,1282602,49544112.00
2010-06-04,12.70,12.94,12.35,12.81,843499,31612412.00
2010-06-07,12.63,13.29,12.44,13.12,1194138,46157544.00
2010-06-08,13.08,13.19,12.89,13.17,742388,28864736.00
2010-06-09,13.18,13.62,13.02,13.10,1154813,45816800.00
2010-06-10,13.12,13.81,13.05,13.54,930003,37272904.00
2010-06-11,13.59,13.81,13.25,13.25,613700,24457930.00
2010-06-17,13.45,13.47,12.42,12.42,642323,24584192.00
2010-06-18,12.39,12.55,11.25,11.47,729652,26146698.00
2010-06-21,11.56,12.00,11.03,11.90,328265,11409014.00
2010-06-22,11.80,12.42,11.80,12.15,449888,16406998.00
2010-06-23,12.19,13.34,12.09,13.17,841056,31989090.00
2010-06-24,13.25,13.35,12.94,13.30,475655,18619562.00
2010-06-25,13.22,13.29,12.45,12.89,615981,23513504.00
2010-06-28,12.92,12.93,12.25,12.32,347001,12911506.00
2010-06-29,12.32,12.59,11.56,11.57,440464,15669617.00
2010-06-30,11.39,11.81,11.39,11.76,459173,15908363.00
2010-07-01,11.72,11.97,11.07,11.80,493267,16921802.00
2010-07-02,11.76,12.15,11.39,12.15,549538,19340502.00
2010-07-05,12.00,12.18,11.66,11.85,284617,10124298.00
2010-07-06,12.01,12.35,11.90,12.11,379284,13709585.00
2010-07-07,12.11,12.24,12.01,12.22,177134,6403630.50
2010-07-09,12.20,13.12,12.10,12.95,592100,22597604.00
2010-07-12,12.95,12.97,12.71,12.84,308096,11775701.00
2010-07-13,12.63,13.26,12.08,13.12,526670,20277080.00
2010-07-14,13.12,13.22,12.77,12.91,397553,15381662.00
2010-07-15,12.94,13.06,12.08,12.08,328840,12335610.00
2010-07-16,12.02,12.22,11.90,12.21,219369,7888324.00
2010-07-19,12.08,12.59,12.08,12.53,215476,7951253.00
2010-07-20,12.69,13.12,12.53,12.94,471929,18004342.00
2010-07-21,13.08,13.41,13.02,13.03,611693,24018816.00
2010-07-22,13.03,13.43,13.03,13.17,511723,20098916.00
2010-07-23,13.28,13.53,13.00,13.36,543486,21518974.00
2010-07-26,13.27,13.27,12.98,13.15,417185,16261458.00
2010-07-27,13.12,13.42,12.98,13.25,457418,18006912.00
2010-07-28,13.12,13.45,13.12,13.43,468189,18496666.00
2010-07-29,13.43,13.43,13.04,13.18,726933,28513008.00
2010-07-30,13.18,13.18,12.74,12.95,627530,24030630.00
2010-08-02,12.98,13.26,12.86,13.24,518766,20192716.00
2010-08-03,13.26,13.31,12.96,12.98,512155,19949856.00
2010-08-04,12.97,13.05,12.48,12.88,722908,27389068.00
2010-08-05,12.74,13.00,12.74,12.84,707905,27169100.00
2010-08-06,12.82,13.04,12.36,13.01,776915,29412900.00
2010-08-09,12.89,14.30,12.80,13.94,2078992,82679888.00
2010-08-10,13.81,13.82,13.01,13.08,1315315,52466044.00
2010-08-11,13.01,13.26,12.91,13.14,543447,21132052.00
2010-08-12,12.95,13.15,12.63,12.92,512464,19765920.00
2010-08-13,12.84,13.18,12.81,13.06,420968,16253982.00
2010-08-16,12.97,13.45,12.94,13.34,800424,31483198.00
2010-08-17,13.43,13.50,13.26,13.43,452219,17956202.00
2010-08-18,13.43,13.57,13.12,13.36,329404,13027884.00
2010-08-19,13.48,13.55,13.15,13.18,494381,19476708.00
2010-08-20,13.18,13.22,12.75,12.78,427354,16401945.00
2010-08-23,12.81,13.07,12.67,12.70,457523,17494764.00
2010-08-24,12.62,13.05,12.60,12.93,476916,18316102.00
2010-08-25,12.93,13.09,12.83,12.96,444786,17150802.00
2010-08-26,13.02,13.41,12.90,13.20,548895,21546408.00
2010-08-27,13.20,13.94,13.05,13.77,1386363,55917016.00
2010-08-30,13.80,14.72,13.69,14.51,1480320,62625504.00
2010-08-31,14.51,14.61,14.15,14.57,1125868,47737872.00
2010-09-01,14.50,14.57,13.51,13.91,1233065,51145288.00
2010-09-02,13.99,14.14,13.48,13.94,700970,28968464.00
2010-09-03,13.95,14.33,13.77,14.16,759495,31737934.00
2010-09-06,14.23,14.23,13.53,13.71,1009759,41326124.00
2010-09-07,13.78,13.80,13.46,13.79,550719,22271890.00
2010-09-08,13.74,13.91,13.66,13.81,454115,18623790.00
2010-09-09,13.81,14.15,13.71,13.74,703466,29070364.00
2010-09-10,13.64,14.16,13.64,14.09,536931,22155856.00
2010-09-13,14.14,14.36,14.05,14.17,674256,28381960.00
2010-09-14,14.16,14.61,14.16,14.54,855267,36650132.00
2010-09-15,14.68,14.68,14.33,14.51,1063099,45680472.00
2010-09-16,14.51,14.51,13.67,13.78,633025,26349768.00
2010-09-17,13.78,14.06,13.74,14.00,405170,16743015.00
2010-09-20,14.00,14.26,13.47,13.47,315855,12994512.00
2010-09-21,13.26,13.53,13.16,13.19,258249,10242440.00
2010-09-27,13.19,13.56,13.19,13.56,242303,9668069.00
2010-09-28,13.53,13.60,13.15,13.22,203349,8083151.50
2010-09-29,13.19,13.39,12.91,13.05,159976,6249980.00
2010-09-30,13.05,13.47,12.93,13.34,216278,8499052.00
2010-10-08,13.18,13.59,13.18,13.53,267134,10701562.00
2010-10-11,13.47,13.49,12.46,12.72,959477,36963828.00
2010-10-12,12.58,12.83,12.48,12.63,851771,32165162.00
2010-10-13,12.56,12.82,12.56,12.66,494315,18689254.00
2010-10-14,12.73,13.07,12.68,12.72,571927,21927242.00
2010-10-15,12.50,12.73,12.02,12.20,838546,30859106.00
2010-10-18,12.10,12.11,11.56,11.89,534610,18838626.00
2010-10-19,11.90,12.73,11.86,12.62,574284,21387222.00
2010-10-20,12.53,13.23,12.35,12.95,812009,31278992.00
2010-10-21,12.94,12.94,12.48,12.73,242458,9121946.00
2010-10-22,12.73,13.29,12.70,13.08,482866,18829968.00
2010-10-25,13.39,13.60,13.02,13.25,377454,14960326.00
2010-10-26,13.22,13.44,12.81,13.05,267661,10350104.00
2010-10-27,13.19,13.19,13.00,13.06,334143,13013417.00
2010-10-28,13.01,13.01,12.45,12.74,422282,15866298.00
2010-10-29,12.68,13.24,12.68,13.00,347237,13430241.00
2010-11-01,13.05,14.26,13.05,13.77,609117,24798748.00
2010-11-02,13.80,14.02,13.47,13.48,554281,22383436.00
2010-11-03,13.33,13.46,12.94,13.29,426923,16763138.00
2010-11-04,13.20,13.42,13.07,13.25,266187,10432511.00
2010-11-05,13.47,14.58,13.40,14.34,1121097,46926320.00
2010-11-09,14.51,15.21,14.12,14.47,1414289,61121148.00
2010-11-10,14.47,14.47,14.13,14.39,1171726,49527388.00
2010-11-11,14.33,15.01,14.23,14.44,1047594,45591256.00
2010-11-12,14.35,14.68,13.41,13.53,1062682,44455636.00
2010-11-15,13.74,14.51,13.48,14.39,558045,23348360.00
2010-11-16,14.43,14.59,13.47,13.72,605210,25400244.00
2010-11-17,13.31,13.91,13.29,13.29,412528,16654528.00
2010-11-18,13.81,13.81,13.33,13.51,133758,5363502.00
2010-11-19,13.77,14.39,13.52,14.39,444566,18370324.00
2010-11-22,14.18,14.87,14.18,14.86,1071648,46900692.00
2010-11-23,14.92,15.32,14.62,15.03,1012192,44900436.00
2010-11-24,14.89,15.31,14.81,15.24,669068,29920680.00
2010-11-25,15.31,15.31,14.16,15.06,633419,27969746.00
2010-11-26,14.96,15.03,14.53,14.95,347960,15334868.00
2010-11-29,15.01,15.01,14.65,15.01,424438,18672076.00
2010-11-30,15.03,15.03,14.02,14.80,543630,23249602.00
2010-12-01,14.50,14.65,14.28,14.64,142453,6121149.50
2010-12-02,14.68,14.72,14.40,14.44,165004,7111499.00
2010-12-03,14.27,14.57,14.10,14.14,186289,7867402.00
2010-12-06,14.37,14.37,13.78,14.04,166696,6926531.50
2010-12-07,13.82,14.19,13.75,14.17,263714,10967517.00
2010-12-08,14.02,14.37,13.87,14.00,191428,7982201.50
2010-12-09,13.91,13.99,13.43,13.46,188630,7666487.50
2010-12-10,13.40,13.74,13.29,13.66,288821,11608448.00
2010-12-13,14.01,14.31,13.66,14.14,461603,19290776.00
2010-12-14,14.15,14.33,13.92,14.33,380226,15969458.00
2010-12-15,14.47,14.47,13.98,14.06,199762,8399735.00
2010-12-16,14.08,14.66,14.08,14.66,701636,30151042.00
2010-12-17,14.57,14.65,14.33,14.64,373655,15990574.00
2010-12-20,14.61,14.78,13.81,14.14,439967,18513954.00
2010-12-21,14.17,14.30,13.94,14.21,161277,6782172.50
2010-12-22,14.28,14.28,13.88,13.88,182340,7597276.50
2010-12-23,13.76,14.06,13.65,13.67,173798,7124176.00
2010-12-24,13.66,13.66,13.36,13.40,204400,8187016.50
2010-12-27,13.74,13.77,12.76,12.78,217347,8509264.00
2010-12-28,12.67,12.81,12.51,12.63,208581,7839722.50
2010-12-29,12.69,12.83,12.40,12.82,205371,7697359.50
2010-12-30,12.74,12.74,12.43,12.60,369173,13793231.00
2010-12-31,12.58,12.81,12.49,12.81,300493,11358666.00
2011-01-04,12.87,12.98,12.63,12.93,304874,11639966.00
2011-01-05,12.93,13.04,12.79,12.98,234062,9020240.00
2011-01-06,12.98,13.36,12.98,13.14,395765,15504809.00
2011-01-07,13.17,13.17,12.98,13.12,265222,10301407.00
2011-01-10,13.33,13.33,12.89,12.95,334508,12913904.00
2011-01-11,12.94,13.17,12.91,13.01,135975,5239230.50
2011-01-12,12.93,13.11,12.93,13.01,66325,2568150.00
2011-01-13,13.01,13.11,12.88,12.98,165957,6402905.00
2011-01-14,12.97,12.97,12.60,12.77,218890,8290221.00
2011-01-17,12.86,12.86,11.94,12.19,131200,4803401.00
2011-01-18,12.08,12.51,11.97,12.28,201800,7289264.50
2011-01-19,12.25,12.42,12.09,12.28,146365,5369783.00
2011-01-20,12.25,12.27,11.73,11.80,88904,3196694.25
2011-01-21,11.74,11.98,11.74,11.78,67672,2383781.00
2011-01-24,11.80,11.95,11.25,11.32,152657,5227674.00
2011-01-25,11.31,11.31,11.03,11.06,106959,3554739.75
2011-01-26,11.34,11.34,10.72,11.03,264600,8720075.00
2011-01-27,10.99,11.34,10.80,11.34,308799,10180895.00
2011-01-28,11.28,11.38,11.04,11.38,167149,5607615.50
2011-01-31,11.31,11.38,11.15,11.38,123392,4152833.25
2011-02-01,11.38,11.52,11.34,11.45,151034,5159014.50
2011-02-09,11.41,11.50,11.14,11.22,111259,3770192.00
2011-02-10,11.24,11.74,11.02,11.72,335665,11434920.00
2011-02-11,11.66,11.91,11.56,11.87,433071,15140395.00
2011-02-14,11.76,12.12,11.76,12.06,251243,8965100.00
2011-02-15,12.01,12.14,11.94,11.97,179591,6459087.00
2011-02-16,11.80,12.14,11.80,12.08,124267,4458195.50
2011-02-17,12.01,12.18,11.94,12.10,186929,6699172.00
2011-02-18,12.04,12.25,12.03,12.20,456089,16487211.00
2011-02-21,11.97,12.42,11.97,12.41,620681,22604830.00
2011-02-22,12.38,12.38,11.90,11.91,486015,17469012.00
2011-02-23,11.78,12.03,11.58,11.69,421683,14770415.00
2011-02-24,11.63,11.80,11.50,11.70,287557,9998701.00
2011-02-25,11.66,11.66,11.48,11.52,540573,18650942.00
2011-02-28,11.54,11.83,11.45,11.77,370655,12915932.00
2011-03-01,11.76,12.18,11.73,12.07,406966,14598871.00
2011-03-02,11.96,12.03,11.82,11.92,143661,5097184.50
2011-03-03,11.94,12.13,11.77,11.85,200854,7160475.50
2011-03-04,11.76,11.86,11.68,11.76,101600,3563971.00
2011-03-07,11.80,12.06,11.76,11.92,181387,6438903.50
2011-03-08,11.93,12.07,11.85,12.00,178608,6349711.50
2011-03-09,12.02,12.06,11.89,11.90,185469,6596187.00
2011-03-10,11.89,12.13,11.88,12.08,286927,10277223.00
2011-03-11,12.01,12.22,11.98,12.10,317699,11437185.00
2011-03-14,12.08,12.44,12.01,12.43,579071,21275336.00
2011-03-15,12.39,12.45,11.87,12.14,351910,12813392.00
2011-03-16,11.93,12.16,11.93,12.08,227560,8189521.50
2011-03-17,12.07,12.07,11.59,11.69,229380,8056698.00
2011-03-18,11.83,11.83,11.56,11.69,157670,5479985.50
2011-03-21,11.69,11.69,11.38,11.50,152519,5225013.50
2011-03-22,11.55,11.55,11.40,11.45,171114,5857041.50
2011-03-23,11.45,11.64,11.39,11.62,222367,7624522.00
2011-03-24,11.71,11.76,11.59,11.61,123732,4308468.50
2011-03-25,11.66,11.66,11.46,11.52,175569,6036312.00
2011-03-28,11.51,11.65,11.17,11.21,317553,10804756.00
2011-03-29,11.11,11.24,10.76,10.81,378060,12462783.00
2011-03-30,10.81,10.84,10.06,10.69,463279,14815832.00
2011-03-31,10.64,10.76,10.58,10.70,327063,10464364.00
2011-04-01,10.74,10.77,10.65,10.75,368382,11804822.00
2011-04-06,10.76,10.81,10.27,10.27,337145,10531972.00
2011-04-07,10.28,10.48,10.19,10.31,176100,5442508.00
2011-04-08,10.31,10.39,10.23,10.33,350845,10856467.00
2011-04-11,10.39,10.42,10.13,10.13,384815,11861471.00
2011-04-12,10.12,10.20,10.01,10.08,247200,7501468.00
2011-04-13,10.08,11.13,10.03,11.13,561825,17954148.00
2011-04-14,11.26,11.34,10.73,11.10,512484,17110724.00
2011-04-15,11.10,11.10,10.70,10.75,232550,7509071.00
2011-04-18,10.69,10.93,10.62,10.78,190796,6130364.00
2011-04-19,10.69,10.85,10.43,10.43,223659,7042494.00
2011-04-20,10.52,10.53,10.17,10.30,248673,7689314.50
2011-04-21,10.33,10.51,10.31,10.44,237168,7384123.00
2011-04-22,10.44,10.98,10.44,10.62,297314,9558560.00
2011-04-25,10.62,10.85,10.52,10.58,203091,6489503.50
2011-04-26,10.41,10.68,10.35,10.47,131539,4123384.00
2011-04-27,10.65,10.65,9.77,9.85,142830,4372442.00
2011-04-28,9.97,10.11,9.74,9.75,201839,5988315.00
2011-04-29,9.72,9.92,9.61,9.91,58558,1724301.38
2011-05-03,10.03,10.91,9.82,10.59,286733,8906438.00
2011-05-04,10.48,10.48,10.21,10.30,105106,3257058.00
2011-05-05,10.19,10.67,10.19,10.45,82768,2599034.50
2011-05-06,10.58,10.69,10.27,10.58,170680,5401422.50
2011-05-09,10.51,10.67,10.38,10.44,269243,8491098.00
2011-05-10,10.44,10.54,10.32,10.33,131627,4090501.75
2011-05-11,10.40,10.47,10.26,10.27,175715,5429508.50
2011-05-12,10.27,10.27,9.93,9.95,149203,4503493.00
2011-05-13,9.92,10.17,9.92,10.14,100536,3045525.00
2011-05-16,10.09,10.33,10.09,10.14,228500,6999346.50
2011-05-17,10.06,10.18,9.93,10.06,137955,4161194.25
2011-05-18,9.98,10.13,9.96,10.04,85850,2579234.50
2011-05-19,10.06,10.12,9.98,9.98,85736,2583758.75
2011-05-20,9.93,9.99,9.72,9.87,143950,4269786.00
2011-05-23,9.82,9.99,9.68,9.69,134070,3963315.00
2011-05-24,9.81,10.41,9.40,10.16,255937,7640211.50
2011-05-25,10.16,10.16,9.89,9.89,117932,3543059.25
2011-05-27,9.92,9.92,9.58,9.68,100870,2933437.75
2011-05-30,9.72,9.99,9.58,9.66,80220,2349823.75
2011-05-31,9.68,9.92,9.61,9.88,75297,2206492.75
2011-06-01,9.88,9.98,9.78,9.97,87192,2599139.75
2011-06-03,9.97,10.19,9.81,10.09,157443,4733190.00
2011-06-07,10.24,10.24,10.08,10.13,152895,4668815.00
2011-06-08,10.13,10.20,9.96,10.13,70484,2129728.50
2011-06-09,10.11,10.22,9.92,9.96,85833,2589274.75
2011-06-10,9.96,9.96,9.73,9.89,102847,2992156.00
2011-06-13,9.98,9.98,9.63,9.92,50059,1466214.75
2011-06-14,9.79,10.09,9.79,10.07,54809,1625623.50
2011-06-15,10.12,10.58,10.00,10.24,372321,11424095.00
2011-06-16,10.30,10.39,10.13,10.24,113775,3449874.50
2011-06-17,10.36,10.38,10.08,10.13,154003,4644480.50
2011-06-20,10.13,10.34,10.10,10.16,127190,3825170.50
2011-06-21,10.17,10.31,9.81,10.08,127820,3792975.00
2011-06-22,10.13,10.13,9.85,10.05,63509,1869851.88
2011-06-23,9.88,10.30,9.86,10.28,168571,5081972.50
2011-06-24,10.28,10.46,10.20,10.41,295516,9073337.00
2011-06-27,10.40,10.55,10.38,10.41,248670,7687822.50
2011-06-28,10.36,10.74,10.33,10.59,185074,5763599.50
2011-06-29,10.48,10.67,10.36,10.49,175523,5474151.50
2011-06-30,10.49,10.60,10.38,10.51,230743,7175229.50
2011-07-01,10.62,10.62,10.47,10.51,203063,6316675.00
2011-07-04,10.62,10.69,10.50,10.65,352061,11029473.00
2011-07-05,10.65,10.93,10.65,10.70,339863,10807824.00
2011-07-06,10.70,10.70,10.39,10.70,224486,7037170.00
2011-07-07,10.69,10.85,10.52,10.80,651218,20663602.00
2011-07-08,10.79,10.88,10.66,10.69,209566,6664008.50
2011-07-11,10.60,10.67,10.52,10.65,267939,8395456.00
2011-07-12,10.52,10.58,10.32,10.34,254533,7872755.50
2011-07-13,10.31,10.56,10.18,10.56,386901,11942460.00
2011-07-14,10.55,10.92,10.48,10.91,633439,20036356.00
2011-07-15,10.92,11.02,10.80,10.93,504633,16285499.00
2011-07-18,10.99,11.28,10.83,10.91,371747,12104839.00
2011-07-19,10.84,10.86,10.65,10.67,310014,9836829.00
2011-07-20,10.86,10.98,10.74,10.92,359435,11557398.00
2011-07-21,10.75,11.02,10.72,10.77,243358,7821817.50
2011-07-22,10.77,10.80,10.64,10.69,326941,10356494.00
2011-07-25,10.52,10.67,10.07,10.16,255786,7852213.00
2011-07-26,10.13,10.17,9.78,9.95,186337,5497509.50
2011-07-27,9.93,10.14,9.87,10.12,353481,10537637.00
2011-07-28,10.07,10.22,10.02,10.09,141409,4225972.50
2011-07-29,10.12,10.19,10.01,10.13,145954,4368999.00
2011-08-01,10.06,10.24,10.06,10.16,201072,6052651.00
2011-08-02,10.08,10.10,9.78,10.06,340730,9980678.00
2011-08-03,9.96,10.40,9.89,10.27,275729,8333841.50
2011-08-04,10.27,10.44,10.09,10.13,224613,6816922.00
2011-08-05,9.99,9.99,9.68,9.80,285307,8312636.00
2011-08-08,9.56,9.82,9.09,9.35,609266,17108240.00
2011-08-09,9.10,9.43,9.02,9.29,458937,12593832.00
2011-08-10,9.44,9.50,9.10,9.16,598224,16536143.00
2011-08-11,8.98,9.32,8.81,9.26,565107,15319768.00
2011-08-12,9.32,9.48,9.32,9.43,435127,12139890.00
2011-08-15,9.46,9.65,9.46,9.56,371099,10526086.00
2011-08-16,9.51,9.63,9.44,9.52,301131,8505883.00
2011-08-17,9.45,10.09,9.45,9.87,687991,20155858.00
2011-08-18,9.79,9.91,9.47,9.59,243459,6984897.00
2011-08-19,9.40,9.64,9.31,9.61,257034,7218819.00
2011-08-22,9.65,9.80,9.55,9.71,375639,10806444.00
2011-08-23,9.77,10.05,9.73,10.03,478369,14074727.00
2011-08-24,9.87,10.02,9.78,9.82,779645,22857794.00
2011-08-25,9.85,9.88,9.54,9.76,633665,18233756.00
2011-08-26,9.82,9.95,9.74,9.86,431033,12596367.00
2011-08-29,9.89,9.89,9.54,9.71,757359,21741578.00
2011-08-30,9.73,9.74,9.40,9.41,484788,13802179.00
2011-08-31,9.47,9.54,9.28,9.40,239436,6668858.50
2011-09-01,9.40,9.46,9.24,9.32,200076,5543076.50
2011-09-02,9.30,9.36,9.21,9.25,139800,3844315.25
2011-09-05,9.12,9.14,8.85,8.88,335871,8944624.00
2011-09-06,8.85,8.94,8.71,8.85,441346,11543102.00
2011-09-07,8.83,8.99,8.83,8.97,213366,5659362.00
2011-09-08,9.03,9.31,8.90,8.93,325017,8807006.00
2011-09-09,9.01,9.09,8.74,8.80,239406,6294821.50
2011-09-13,8.71,8.71,8.53,8.54,237222,6059918.50
2011-09-14,8.64,8.65,8.44,8.62,123123,3142990.75
2011-09-15,8.62,8.89,8.62,8.81,216545,5663856.50
2011-09-16,8.84,8.98,8.75,8.81,142384,3734397.00
2011-09-19,8.77,8.77,8.57,8.59,77999,2004002.13
2011-09-20,8.50,8.65,8.47,8.57,255620,6516711.50
2011-09-21,8.49,8.81,8.47,8.79,354509,9147312.00
2011-09-22,8.74,8.87,8.51,8.51,360190,9381081.00
2011-09-23,8.40,8.40,8.21,8.35,221763,5481758.00
2011-09-26,8.31,8.39,8.05,8.13,235010,5728223.50
2011-09-27,8.15,8.25,8.08,8.20,134945,3276205.75
2011-09-28,8.20,8.25,8.02,8.03,169700,4128836.00
2011-09-29,7.90,7.98,7.74,7.79,249651,5825373.50
2011-09-30,7.79,7.90,7.67,7.79,116901,2706564.00
2011-10-10,7.87,7.88,7.77,7.82,134685,3137128.50
2011-10-11,8.05,8.05,7.48,7.58,414900,9622066.00
2011-10-12,7.56,7.86,7.32,7.86,285798,6527159.00
2011-10-13,7.83,8.01,7.77,7.93,254998,6023924.00
2011-10-14,7.89,7.91,7.70,7.87,169113,3929313.50
2011-10-17,7.88,7.97,7.78,7.85,232452,5458111.50
2011-10-18,7.72,7.84,7.48,7.50,188515,4329326.50
2011-10-19,7.50,7.56,7.32,7.35,204567,4538651.50
2011-10-20,7.35,7.35,7.06,7.06,214439,4588405.50
2011-10-21,7.11,7.25,7.01,7.04,253790,5405861.50
2011-10-24,7.08,7.11,6.68,7.07,502343,10376560.00
2011-10-25,7.14,7.52,7.02,7.48,455202,9928066.00
2011-10-26,7.37,7.86,7.37,7.67,674921,15508623.00
2011-10-27,7.69,7.97,7.66,7.77,668846,15652578.00
2011-10-28,7.88,8.58,7.75,8.58,1483314,36396232.00
2011-10-31,8.82,9.40,8.82,9.26,3990804,108083432.00
2011-11-01,9.08,9.22,8.96,9.17,1988586,53720696.00
2011-11-02,8.90,9.78,8.88,9.63,2203136,60278972.00
2011-11-03,9.50,9.71,9.19,9.19,1912172,53058588.00
2011-11-04,9.16,9.36,8.92,9.15,1289034,34819300.00
2011-11-07,9.09,9.27,8.98,9.19,908667,24749780.00
2011-11-08,9.24,9.24,8.92,8.97,739541,19915820.00
2011-11-09,9.06,9.28,8.89,9.22,1030623,27911512.00
2011-11-10,9.12,9.61,8.99,8.99,1641631,45612588.00
2011-11-11,9.08,9.16,8.90,9.01,876965,23553474.00
2011-11-14,9.26,9.61,9.21,9.33,1540565,43049100.00
2011-11-15,9.22,9.57,9.22,9.47,1164279,32525442.00
2011-11-16,9.52,9.52,8.99,9.13,950875,26048994.00
2011-11-17,9.09,9.57,9.09,9.48,1941285,54301800.00
2011-11-18,9.37,9.53,9.03,9.06,1239308,33937512.00
2011-11-21,9.02,9.15,8.35,8.54,1410635,36011044.00
2011-11-22,8.40,8.66,8.40,8.63,566439,14407365.00
2011-11-23,8.63,8.73,8.54,8.59,482402,12400884.00
2011-11-24,8.52,8.74,8.32,8.68,624803,15919339.00
2011-11-25,8.66,8.72,8.43,8.57,450142,11536190.00
2011-11-28,8.67,8.77,8.52,8.63,589280,15166367.00
2011-11-29,8.70,8.74,8.57,8.69,393507,10106511.00
2011-11-30,8.61,8.77,7.81,7.96,936458,23269614.00
2011-12-01,8.29,8.43,8.19,8.29,677978,16803064.00
2011-12-02,8.31,8.38,7.98,8.05,408667,9941960.00
2011-12-05,8.17,8.17,7.54,7.69,498130,11520990.00
2011-12-06,7.60,7.98,7.53,7.86,376065,8752566.00
2011-12-07,7.83,8.11,7.77,7.88,661246,15614119.00
2011-12-08,7.88,8.17,7.51,8.01,910628,21343130.00
2011-12-09,7.72,8.50,7.72,8.40,1667554,40999428.00
2011-12-12,8.38,8.52,8.26,8.40,834196,20846720.00
2011-12-13,8.36,8.78,8.20,8.57,1554766,39470684.00
2011-12-14,8.40,8.59,7.88,7.94,1336695,32913040.00
2011-12-15,7.71,8.14,7.64,7.91,774717,18396464.00
2011-12-16,7.82,8.55,7.82,8.41,1457754,35474104.00
2011-12-19,8.43,8.95,8.27,8.80,2387662,61389708.00
2011-12-20,8.71,8.81,8.41,8.47,1938162,49581368.00
2011-12-21,8.59,8.63,7.87,7.87,2309925,56618408.00
2011-12-22,7.74,8.18,7.42,8.05,1945994,45188640.00
2011-12-23,7.91,8.18,7.87,7.99,1200256,28773336.00
2011-12-26,7.90,8.04,7.61,7.63,741052,17382698.00
2011-12-27,7.59,7.62,7.01,7.08,872009,19391426.00
2011-12-28,7.01,7.18,6.90,7.08,768166,16226574.00
2011-12-29,7.08,7.23,7.01,7.23,422209,9049015.00
2011-12-30,7.25,7.54,7.21,7.46,527972,11723534.00
2012-01-04,7.53,7.59,7.14,7.14,541752,12020421.00
2012-01-05,7.11,7.25,6.83,6.93,582826,12224685.00
2012-01-06,6.92,7.32,6.61,7.21,465205,9635616.00
2012-01-09,7.15,7.54,7.10,7.50,984253,21482806.00
2012-01-10,7.40,7.74,7.40,7.68,815599,18545254.00
2012-01-11,7.66,7.84,7.56,7.62,654477,15025083.00
2012-01-13,7.48,7.61,6.83,6.92,915513,19507220.00
2012-01-16,6.90,6.91,6.67,6.75,686420,14011651.00
2012-01-17,6.73,7.23,6.73,7.16,475517,9974709.00
2012-01-18,7.09,7.31,6.45,6.49,920956,18827002.00
2012-01-19,6.46,6.65,6.41,6.65,482781,9525942.00
2012-01-20,6.65,6.82,6.63,6.78,438298,8849568.00
2012-01-30,6.89,6.89,6.64,6.65,357303,7222165.00
2012-01-31,6.72,6.72,6.49,6.67,343366,6778114.50
2012-02-01,6.67,6.92,6.58,6.81,831011,17024980.00
2012-02-02,6.82,7.14,6.77,7.09,828302,17351310.00
2012-02-03,6.99,7.36,6.99,7.32,1022403,22061358.00
2012-02-06,7.35,7.51,7.22,7.34,919466,20191766.00
2012-02-07,7.26,7.32,7.08,7.21,707717,15223827.00
2012-02-08,7.13,7.45,7.12,7.44,812620,17860386.00
2012-02-09,7.41,7.81,7.39,7.53,1288043,29421984.00
2012-02-10,7.59,7.70,7.51,7.68,879664,20039946.00
2012-02-13,7.57,8.01,7.54,7.87,1210980,28415738.00
2012-02-14,7.77,7.88,7.67,7.69,967909,22423322.00
2012-02-15,7.61,7.81,7.61,7.77,608945,14036803.00
2012-02-16,7.77,7.77,7.60,7.65,724935,16637306.00
2012-02-17,7.67,7.74,7.46,7.66,770493,17490582.00
2012-02-20,7.77,7.94,7.63,7.94,1362648,31836200.00
2012-02-21,7.94,8.20,7.81,8.15,978322,23243834.00
2012-02-22,8.13,8.27,8.06,8.24,1199363,29142246.00
2012-02-23,8.25,8.33,8.10,8.22,962260,23540518.00
2012-02-24,8.23,8.52,8.20,8.50,1226030,30701450.00
2012-02-27,8.57,9.06,8.57,8.67,1933928,50451628.00
2012-02-28,8.59,8.76,8.12,8.67,2324054,58643976.00
2012-02-29,8.26,8.36,8.01,8.04,1709269,41469588.00
2012-03-01,8.15,8.31,8.03,8.05,1181924,28730066.00
2012-03-02,8.06,8.25,8.06,8.20,1321817,32056188.00
2012-03-05,8.27,8.32,8.15,8.17,1022948,25055960.00
2012-03-06,8.10,8.14,7.83,7.88,1041195,24649562.00
2012-03-07,7.75,8.02,7.75,7.84,789994,18634712.00
2012-03-08,7.84,7.94,7.84,7.88,1382451,32566280.00
2012-03-09,7.95,8.03,7.90,8.01,1440384,34246748.00
2012-03-12,7.99,8.17,7.98,8.13,1112484,26799382.00
2012-03-13,8.15,8.26,8.08,8.24,1106016,26909674.00
2012-03-14,8.24,8.29,7.51,7.53,2955498,70643656.00
2012-03-15,7.59,7.61,7.34,7.47,1401192,31263084.00
2012-03-16,7.50,7.66,7.43,7.62,1012676,22860042.00
2012-03-19,7.63,7.73,7.54,7.73,871509,19890630.00
2012-03-20,7.70,7.76,7.43,7.44,851503,19182184.00
2012-03-21,7.47,7.50,7.22,7.38,1054548,23176564.00
2012-03-22,7.32,7.44,7.31,7.42,574846,12694788.00
2012-03-23,7.39,7.40,7.21,7.24,820415,17895710.00
2012-03-26,7.25,7.35,7.24,7.29,325433,7107783.00
2012-03-28,7.20,7.31,6.82,6.83,681439,14237016.00
2012-03-29,6.83,6.91,6.66,6.78,501654,10234460.00
2012-03-30,6.86,6.86,6.63,6.69,565267,11387676.00
2012-04-05,6.72,7.01,6.70,6.97,736140,15200523.00
2012-04-06,6.97,7.06,6.87,6.97,545580,11402460.00
2012-04-09,6.95,6.99,6.85,6.86,365985,7570407.50
2012-04-10,6.82,6.91,6.64,6.87,533883,10829520.00
2012-04-11,6.72,6.94,6.72,6.89,457544,9405837.00
2012-04-12,6.90,7.08,6.90,7.06,618169,12965573.00
2012-04-13,7.10,7.16,7.03,7.07,483954,10282215.00
2012-04-16,7.00,7.10,6.97,7.06,394604,8320084.50
2012-04-17,7.01,7.09,6.92,6.96,386372,8091944.50
2012-04-18,6.96,7.17,6.80,7.15,503115,10660391.00
2012-04-19,7.15,7.20,7.10,7.17,495636,10624119.00
2012-04-20,7.20,7.24,7.12,7.23,527141,11359170.00
2012-04-23,7.08,7.13,6.70,6.76,972698,20071062.00
2012-04-24,6.66,6.82,6.60,6.74,586565,11792124.00
2012-04-25,6.76,6.88,6.74,6.80,291677,5978193.00
2012-04-26,6.86,6.86,6.70,6.75,388695,7886313.50
2012-04-27,6.69,6.83,6.69,6.83,714177,14502686.00
2012-05-02,6.88,7.00,6.87,6.96,570721,11859621.00
2012-05-03,6.94,6.94,6.80,6.88,496078,5648466.50
2012-05-04,6.97,7.23,6.91,7.07,1518193,17923554.00
2012-05-07,7.00,7.34,6.99,7.31,1925538,23043164.00
2012-05-08,7.34,7.41,7.19,7.28,1781223,21471728.00
2012-05-09,7.19,7.31,7.07,7.11,1400693,16632140.00
2012-05-10,7.15,7.22,7.03,7.11,1070909,12623075.00
2012-05-11,7.11,7.18,7.03,7.06,907865,10687022.00
2012-05-14,7.11,7.30,7.01,7.13,1375953,16280082.00
2012-05-15,7.11,7.11,6.88,6.96,926699,10713027.00
2012-05-16,6.89,7.00,6.76,6.76,863720,9879986.00
2012-05-17,6.84,6.89,6.75,6.86,484327,5490473.50
2012-05-18,6.81,7.46,6.76,7.13,3472299,41415520.00
2012-05-21,7.07,7.21,6.82,6.88,1828201,21034476.00
2012-05-22,6.90,6.98,6.88,6.96,732904,8418961.00
2012-05-23,6.96,6.98,6.78,6.78,917552,10465354.00
2012-05-24,6.75,6.88,6.75,6.81,522180,5900896.50
2012-05-25,6.83,6.97,6.69,6.70,787018,8891914.00
2012-05-28,6.70,6.83,6.66,6.82,684136,7668182.00
2012-05-29,6.82,7.03,6.81,6.93,787703,9036369.00
2012-05-30,6.94,7.36,6.89,7.16,3166816,37853860.00
2012-05-31,7.24,7.90,7.16,7.70,7692804,97124392.00
2012-06-01,7.58,7.64,7.28,7.42,4986360,61236896.00
2012-06-04,7.19,7.61,7.16,7.26,3462969,42392672.00
2012-06-05,7.33,7.69,7.33,7.69,4701671,58695060.00
2012-06-06,7.81,7.99,7.66,7.78,5509550,71254248.00
2012-06-07,7.86,8.18,7.73,7.76,4693254,61421116.00
2012-06-08,7.76,7.78,7.31,7.41,4864705,60440884.00
2012-06-11,7.35,8.18,7.25,8.18,7179112,92493912.00
2012-06-12,8.50,8.61,8.00,8.07,12450195,171491648.00
2012-06-13,8.09,8.56,7.91,8.37,8532809,116347792.00
2012-06-14,8.31,8.39,8.13,8.14,4877354,66138344.00
2012-06-15,8.13,8.53,7.94,8.38,6530140,88516608.00
2012-06-18,8.38,8.69,8.22,8.51,6293868,87888288.00
2012-06-19,8.49,8.49,8.16,8.17,4930453,67490536.00
2012-06-20,8.18,8.68,8.13,8.29,4605091,64051460.00
2012-06-21,8.19,8.19,7.83,7.91,3957251,51945012.00
2012-06-25,7.78,7.98,7.57,7.58,2107563,27046906.00
2012-06-26,7.62,7.63,7.26,7.56,1898511,23435770.00
2012-06-27,7.56,7.73,7.46,7.58,2190848,27488812.00
2012-06-28,7.54,7.68,7.38,7.40,2003165,24949186.00
2012-06-29,7.28,7.56,7.22,7.50,1602924,19627300.00
2012-07-02,7.57,7.85,7.56,7.73,2494136,31789134.00
2012-07-03,7.74,7.81,7.61,7.71,2054003,26204942.00
2012-07-04,7.73,7.78,7.39,7.54,2060329,25802210.00
2012-07-05,7.59,7.63,7.30,7.34,1955743,24062424.00
2012-07-06,7.38,7.41,6.89,7.17,3187730,37621664.00
2012-07-09,7.05,7.17,6.78,6.78,2233848,25799366.00
2012-07-10,6.77,6.90,6.71,6.83,1207453,13637713.00
2012-07-11,6.81,6.98,6.76,6.96,828587,9416672.00
2012-07-12,6.96,7.16,6.91,7.06,1554312,18195506.00
2012-07-13,6.43,6.56,6.33,6.33,3338127,35344608.00
2012-07-16,5.94,6.22,5.68,5.74,4050282,39891156.00
2012-07-17,5.74,5.84,5.63,5.78,843642,8108891.00
2012-07-18,5.78,5.78,5.58,5.74,1205899,11397957.00
2012-07-19,5.71,5.86,5.63,5.79,1383607,13332857.00
2012-07-20,5.75,5.80,5.65,5.66,972124,9303210.00
2012-07-23,5.65,5.75,5.58,5.66,751050,7150879.00
2012-07-24,5.60,5.78,5.59,5.71,700614,6648615.50
2012-07-25,5.69,5.88,5.63,5.75,1094428,10526732.00
2012-07-26,5.74,5.84,5.61,5.64,768860,7371831.00
2012-07-27,5.68,5.71,5.59,5.61,607958,5730126.50
2012-07-30,5.59,5.69,5.27,5.32,1266712,11383356.00
2012-07-31,5.29,5.40,5.20,5.28,603810,5334646.00
2012-08-01,5.28,5.42,5.25,5.34,387463,3482673.00
2012-08-02,5.39,5.43,5.25,5.38,447780,4017819.25
2012-08-03,5.43,5.48,5.30,5.46,553330,5009913.50
2012-08-06,5.41,5.67,5.38,5.66,740891,6895242.00
2012-08-07,5.69,5.74,5.63,5.72,781077,7418804.50
2012-08-08,5.68,5.99,5.63,5.78,1360949,13237254.00
2012-08-09,5.71,5.93,5.66,5.93,1164847,11333362.00
2012-08-10,5.89,5.90,5.77,5.84,1006075,9777255.00
2012-08-13,5.80,5.85,5.68,5.69,655380,6302189.00
2012-08-14,5.69,5.74,5.52,5.73,701062,6620746.50
2012-08-15,5.75,5.75,5.64,5.66,453449,4302349.50
2012-08-16,5.63,5.67,5.53,5.59,470116,4390054.50
2012-08-17,5.55,5.66,5.55,5.61,266926,2502088.75
2012-08-20,5.58,5.69,5.49,5.63,348131,3238614.00
2012-08-21,5.66,5.84,5.59,5.83,666198,6400868.50
2012-08-22,5.89,6.31,5.85,5.94,1609395,16153165.00
2012-08-23,5.88,5.99,5.83,5.97,705527,6943761.50
2012-08-24,5.93,5.98,5.87,5.98,875145,8640309.00
2012-08-27,5.92,6.18,5.88,6.06,2213222,22441910.00
2012-08-28,6.01,6.11,5.89,6.06,953121,9525900.00
2012-08-29,6.04,6.13,5.89,5.97,1372426,13751134.00
2012-08-30,5.99,5.99,5.50,5.64,1102269,10545885.00
2012-08-31,5.62,5.72,5.59,5.64,380865,3581022.50
2012-09-03,5.62,5.74,5.51,5.71,739162,6994882.00
2012-09-04,5.71,5.78,5.63,5.66,691869,6585466.00
2012-09-05,5.66,5.84,5.58,5.81,760031,7280774.50
2012-09-06,5.83,6.03,5.81,6.00,949205,9403944.00
2012-09-07,6.06,6.26,5.98,6.10,2454082,25018706.00
2012-09-10,6.07,6.31,6.02,6.23,1829047,18827484.00
2012-09-11,6.88,6.88,6.52,6.66,8757983,98721472.00
2012-09-12,6.50,6.61,6.36,6.50,3964890,42643084.00
2012-09-13,6.51,6.81,6.25,6.26,3199555,34361224.00
2012-09-14,6.29,6.44,6.18,6.24,1971812,20618194.00
2012-09-17,6.24,6.30,5.84,5.86,1686852,16956006.00
2012-09-18,5.85,5.91,5.72,5.78,766201,7444607.50
2012-09-19,5.79,5.93,5.68,5.82,1032870,9978966.00
2012-09-20,5.81,5.83,5.44,5.46,1297360,12099455.00
2012-09-21,5.44,5.92,5.43,5.48,1413346,13144018.00
2012-09-24,5.38,5.63,5.28,5.48,669078,6076109.00
2012-09-25,5.47,5.49,5.38,5.42,337658,3069118.25
2012-09-26,5.33,5.44,5.09,5.09,727622,6381219.00
2012-09-27,5.09,5.43,5.08,5.25,1007799,8854175.00
2012-09-28,5.21,5.36,5.19,5.33,768331,6815440.00
2012-10-08,5.29,5.42,5.25,5.34,725931,6496875.00
2012-10-09,5.34,5.73,5.27,5.56,1243267,11422828.00
2012-10-10,5.66,5.68,5.53,5.60,1036883,9673833.00
2012-10-11,5.58,5.64,5.44,5.46,760951,7037144.50
2012-10-12,5.46,5.54,5.32,5.48,647625,5898433.00
2012-10-15,5.36,5.56,5.22,5.31,1092418,9721508.00
2012-10-16,5.41,5.46,5.25,5.31,1010449,9053680.00
2012-10-17,5.28,5.35,5.28,5.35,342520,3051750.75
2012-10-18,5.34,5.46,5.34,5.45,751463,6821350.00
2012-10-19,5.44,5.49,5.39,5.44,603961,5490805.00
2012-10-22,5.41,5.43,5.33,5.38,746363,6723467.50
2012-10-23,5.39,5.48,5.34,5.36,868745,7859459.00
2012-10-24,5.31,5.36,5.28,5.28,493080,4381212.00
2012-10-25,5.31,5.34,5.18,5.21,606303,5358326.50
2012-10-26,5.19,5.23,5.04,5.07,847283,7273704.50
2012-10-29,5.07,5.11,4.94,4.98,506045,4269982.00
2012-10-30,5.05,5.06,4.98,5.00,301815,2545011.00
2012-10-31,5.04,5.44,5.04,5.18,2382996,21004120.00
2012-11-01,5.11,5.23,5.05,5.18,1467945,12727992.00
2012-11-02,5.19,5.21,5.13,5.16,760578,6587478.50
2012-11-05,5.15,5.18,5.08,5.12,442349,3796823.00
2012-11-06,5.14,5.14,4.88,4.96,1290800,10775108.00
2012-11-07,4.98,5.02,4.85,4.96,648825,5397695.50
2012-11-08,4.91,4.91,4.78,4.81,701259,5736220.50
2012-11-09,4.77,4.84,4.75,4.75,415019,3346833.75
2012-11-12,4.81,5.25,4.81,4.97,1803440,15210963.00
2012-11-13,4.99,5.05,4.84,4.85,1175106,9787660.00
2012-11-14,4.85,4.98,4.73,4.97,1245280,10188524.00
2012-11-15,4.91,5.14,4.86,4.93,1599032,13409103.00
2012-11-16,5.03,5.45,5.03,5.45,6948739,63012784.00
2012-11-19,5.43,5.79,5.19,5.61,10310731,95195880.00
2012-11-20,5.51,6.08,5.43,5.74,10108186,95359880.00
2012-11-21,5.60,5.65,5.33,5.54,6552804,60335608.00
2012-11-22,5.49,5.67,5.43,5.49,5073749,46954604.00
2012-11-23,5.45,5.47,5.28,5.36,3706503,33209964.00
2012-11-26,5.31,5.53,5.21,5.41,4896170,44081076.00
2012-11-27,5.29,5.29,4.84,4.84,3966209,33142346.00
2012-11-28,4.71,4.71,4.50,4.54,3029828,23481776.00
2012-11-29,4.54,4.66,4.49,4.53,1930073,14922467.00
2012-11-30,4.46,4.58,4.46,4.54,1195006,9139727.00
2012-12-03,4.53,4.54,4.19,4.21,1888591,14129095.00
2012-12-04,4.19,4.34,4.15,4.34,2043307,14679600.00
2012-12-05,4.33,4.59,4.29,4.58,2825182,21387126.00
2012-12-06,5.06,5.06,4.84,5.06,2608513,22143550.00
2012-12-07,5.28,5.43,5.02,5.31,9003626,78285848.00
2012-12-10,5.20,5.59,5.19,5.43,7255103,65931552.00
2012-12-11,5.31,5.47,5.19,5.29,4815967,42688916.00
2012-12-12,5.24,5.60,5.21,5.48,6919129,62761960.00
2012-12-13,5.47,5.47,5.16,5.16,4296417,37938024.00
2012-12-14,5.09,5.44,5.09,5.34,4936059,44028972.00
2012-12-17,5.34,5.53,5.24,5.44,4485979,40475240.00
2012-12-18,5.40,5.54,5.29,5.35,3881148,35177900.00
2012-12-19,5.33,5.59,5.28,5.41,3676863,33578028.00
2012-12-20,5.38,5.73,5.26,5.53,5546823,51155236.00
2012-12-21,5.56,5.56,5.36,5.49,3419763,31160016.00
2012-12-24,5.41,5.51,5.35,5.41,2200026,19946182.00
2012-12-25,5.40,5.61,5.34,5.58,3976797,36732472.00
2012-12-26,5.56,5.94,5.49,5.91,7063180,67266320.00
2012-12-27,5.89,5.89,5.56,5.57,5259128,50031636.00
2012-12-28,5.51,5.66,5.33,5.54,3693737,33974892.00
2012-12-31,5.47,5.69,5.44,5.55,2102413,19614830.00
2013-01-04,5.57,5.63,5.43,5.48,1854617,17112928.00
2013-01-07,5.39,5.68,5.39,5.66,2863492,26778194.00
2013-01-08,5.63,5.87,5.51,5.84,4657615,44472304.00
2013-01-09,5.76,5.92,5.69,5.76,4038994,39157228.00
2013-01-10,5.80,5.99,5.73,5.81,3509719,34129132.00
2013-01-11,5.81,5.84,5.59,5.59,2797709,26706524.00
2013-01-14,6.18,6.18,6.18,6.18,3399700,34982912.00
2013-01-15,6.83,6.83,6.83,6.83,1183608,13398443.00
2013-01-16,7.53,7.53,7.53,7.53,1840530,22914598.00
2013-01-17,8.31,8.31,7.97,8.11,24218189,328502304.00
2013-01-18,7.88,8.69,7.71,7.94,16426957,221759632.00
2013-01-21,7.87,8.76,7.86,8.76,10195221,140759360.00
2013-01-22,9.13,9.43,8.24,8.46,17980681,262996688.00
2013-01-23,8.61,9.24,8.27,8.88,15530640,223347536.00
2013-01-24,8.51,8.94,8.20,8.56,12585342,176537344.00
2013-01-25,8.47,9.31,8.39,8.72,15466789,224864160.00
2013-01-28,8.58,9.06,8.41,8.94,11744972,168713040.00
2013-01-29,9.08,9.86,8.69,9.38,20873028,318151008.00
2013-01-30,9.09,9.34,8.93,9.05,13605788,202999168.00
2013-01-31,9.13,9.22,8.44,8.74,12232276,177537200.00
2013-02-01,8.49,8.79,8.19,8.53,8705381,122259408.00
2013-02-04,8.46,8.62,8.16,8.30,6921907,94765656.00
2013-02-05,8.20,8.48,8.13,8.34,5136213,70249120.00
2013-02-06,8.31,8.61,8.26,8.36,5362494,74473120.00
2013-02-07,8.46,8.52,8.34,8.36,4785537,66365452.00
2013-02-08,8.36,8.67,8.20,8.57,7771230,108523768.00
2013-02-18,8.69,8.97,8.59,8.84,8999258,130292368.00
2013-02-19,8.81,8.81,8.41,8.44,5887280,82960080.00
2013-02-20,8.41,8.79,8.41,8.63,6870423,97971072.00
2013-02-21,8.63,8.63,8.20,8.26,4906916,68056736.00
2013-02-22,8.16,8.38,8.02,8.28,4887887,65772596.00
2013-02-25,8.45,9.14,8.39,9.14,13562802,199004320.00
2013-02-26,9.19,9.89,8.94,9.38,18559799,285098592.00
2013-02-27,9.34,9.57,8.95,9.25,8892247,134585632.00
2013-02-28,9.18,9.53,8.80,9.39,13817644,207102720.00
2013-03-01,9.19,9.81,9.13,9.70,15023110,235351216.00
2013-03-04,9.66,10.13,9.19,9.39,13091225,208124160.00
2013-03-05,9.47,9.47,8.86,9.34,7350936,111250736.00
2013-03-06,9.40,9.55,9.14,9.24,5994747,91231968.00
2013-03-07,9.23,9.29,8.65,8.69,6569992,96598192.00
2013-03-08,8.68,8.68,8.24,8.25,5745396,79467064.00
2013-03-11,8.23,8.49,8.23,8.34,3354548,46392772.00
2013-03-12,8.38,8.41,7.58,7.88,6315574,82735376.00
2013-03-13,7.81,7.81,7.43,7.56,5933574,74199744.00
2013-03-14,7.41,7.68,7.38,7.41,5074706,62826068.00
2013-03-15,7.38,7.64,7.26,7.40,5920477,73016208.00
2013-03-18,7.40,7.71,7.38,7.55,5539425,69107240.00
2013-03-19,7.56,7.60,7.04,7.36,4707613,56792404.00
2013-03-20,7.40,7.66,7.29,7.63,5579051,69227016.00
2013-03-21,7.63,8.18,7.54,7.94,9919222,129846192.00
2013-03-22,7.87,7.96,7.73,7.89,4997013,64579892.00
2013-03-25,7.93,8.00,7.73,7.74,3796781,48979144.00
2013-03-26,7.63,7.72,7.33,7.34,4577113,56071944.00
2013-03-27,7.35,7.47,7.18,7.27,3296117,39953448.00
2013-03-28,7.25,7.25,6.94,6.96,3001583,35093228.00
2013-03-29,7.03,7.11,6.96,7.00,1966284,22893978.00
2013-04-01,7.06,7.33,7.04,7.24,2986498,35550160.00
2013-04-02,7.19,7.64,7.19,7.30,5272056,64635568.00
2013-04-03,7.05,7.16,6.69,6.91,4081242,46687080.00
2013-04-08,6.75,6.85,6.38,6.81,3486353,38412592.00
2013-04-09,6.76,6.96,6.75,6.89,2560688,29250030.00
2013-04-10,6.81,6.94,6.67,6.94,2654819,30015944.00
2013-04-11,6.94,7.22,6.89,7.00,4316534,50423996.00
2013-04-12,6.93,6.99,6.75,6.75,2274287,25846446.00
2013-04-15,6.64,6.84,6.59,6.68,1804865,20118848.00
2013-04-16,6.61,6.91,6.53,6.91,2691573,30262376.00
2013-04-17,6.91,6.99,6.83,6.96,2569892,29459286.00
2013-04-18,6.90,7.38,6.88,7.23,5684740,67354032.00
2013-04-19,7.19,7.33,7.11,7.26,4471370,53602344.00
2013-04-22,7.19,7.41,7.14,7.39,4184127,50253760.00
2013-04-23,7.38,7.44,6.63,7.04,4084690,48357244.00
2013-04-24,7.00,7.31,6.97,7.26,3192446,37912532.00
2013-04-25,7.26,7.27,6.93,6.95,2745605,32397262.00
2013-04-26,6.90,7.04,6.53,6.83,2949665,32986294.00
2013-05-02,6.75,7.03,6.71,6.98,2126365,24228456.00
2013-05-03,6.98,7.28,6.93,7.15,2971743,35311304.00
2013-05-06,7.16,7.81,7.16,7.65,7648555,96110696.00
2013-05-07,7.61,8.44,7.61,8.09,13413392,179536384.00
2013-05-08,8.34,8.49,7.91,8.31,11989706,162150944.00
2013-05-09,8.34,9.05,8.23,8.88,15119322,215469344.00
2013-07-11,9.79,9.79,8.53,8.93,18054530,268761280.00
2013-07-12,8.53,9.14,8.46,8.73,11846129,170878528.00
2013-07-15,8.98,9.07,8.71,8.78,8681070,125932688.00
2013-07-16,8.72,8.98,8.56,8.68,6976937,100054464.00
2013-07-17,8.68,8.71,8.09,8.13,7803034,107466152.00
2013-07-18,8.11,8.49,8.09,8.36,6139940,83809328.00
2013-07-19,8.28,9.09,8.25,8.83,16291167,233373184.00
2013-07-22,8.71,9.69,8.54,9.68,15171429,228149696.00
2013-07-23,9.56,9.81,9.27,9.55,13073119,203121360.00
2013-07-24,9.47,10.53,9.31,10.53,14355636,231349056.00
2013-07-25,10.71,10.79,9.65,9.70,15674725,261271200.00
2013-07-26,9.59,10.69,9.28,10.18,12968926,210877408.00
2013-07-29,9.53,9.96,9.45,9.51,8394586,132898792.00
2013-07-30,9.46,9.70,8.78,9.14,6777200,102356960.00
2013-07-31,9.24,9.90,9.15,9.40,7570997,118325040.00
2013-08-01,9.34,9.88,9.32,9.76,8096428,127959856.00
2013-08-02,9.78,10.04,9.53,9.56,8973954,142905040.00
2013-08-05,9.48,9.76,9.34,9.62,5602015,87475408.00
2013-08-06,9.58,9.71,9.46,9.55,5500486,86211360.00
2013-08-07,9.53,9.53,8.90,9.04,6973666,104688264.00
2013-08-08,9.03,9.33,8.89,9.12,4031239,60492736.00
2013-08-09,9.09,9.19,8.79,8.96,4157671,61114900.00
2013-08-12,9.31,9.45,9.03,9.13,6077847,92241992.00
2013-08-13,9.05,9.35,8.99,9.20,4094098,61588260.00
2013-08-14,9.17,9.22,8.99,9.06,3413769,50803192.00
2013-08-15,9.01,9.15,8.85,8.89,3123574,46209216.00
2013-08-16,8.74,9.05,8.54,8.59,3775004,54803300.00
2013-08-19,8.47,8.89,8.47,8.88,2956212,42673592.00
2013-08-20,8.85,9.06,8.85,9.02,2824494,41610552.00
2013-08-21,9.03,9.46,8.96,9.31,6275454,95675344.00
2013-08-22,9.34,9.56,9.28,9.31,6552111,101055088.00
2013-08-23,9.34,9.49,8.88,9.43,6751181,102355344.00
2013-08-26,9.57,9.62,9.34,9.57,7514541,116959728.00
2013-08-27,9.57,9.57,9.38,9.46,4872511,75501952.00
2013-08-28,9.40,9.40,9.09,9.09,5290979,80294928.00
2013-08-29,8.99,9.33,8.98,9.01,3504638,52496528.00
2013-08-30,9.03,9.14,8.46,8.56,4889576,70156072.00
2013-09-02,8.60,8.92,8.44,8.90,3095551,44301896.00
2013-09-03,8.83,9.01,8.78,8.98,2521431,36858464.00
2013-09-04,8.99,9.07,8.84,8.87,2894336,42366332.00
2013-09-05,8.89,9.78,8.88,9.78,13094323,205208560.00
2013-09-06,9.96,9.96,9.49,9.84,12477214,199371552.00
2013-09-09,9.78,10.74,9.67,10.69,14338207,238589312.00
2013-09-10,10.75,11.31,10.50,10.95,15779228,283167392.00
2013-09-11,10.74,10.83,10.08,10.53,10731340,183827632.00
2013-09-12,10.41,10.83,10.16,10.20,7357992,125176320.00
2013-09-13,10.59,10.71,10.28,10.43,8600558,147618240.00
2013-09-16,10.24,10.53,10.11,10.31,5627738,94696104.00
2013-09-17,10.25,10.51,9.91,9.93,5634338,94065224.00
2013-09-18,9.96,10.75,9.88,10.73,8643674,147397904.00
2013-09-23,10.66,11.21,10.56,10.81,10343306,183809776.00
2013-09-24,10.81,11.23,10.67,10.95,9090504,163414352.00
2013-09-25,10.91,10.91,10.40,10.46,7604846,131950936.00
2013-09-26,10.40,10.63,10.24,10.28,4159980,71155704.00
2013-09-27,10.28,10.67,10.28,10.46,3932560,67397480.00
2013-09-30,10.71,11.20,10.62,11.10,7952560,142627872.00
2013-10-08,11.74,12.23,11.62,11.63,15785764,308624352.00
2013-10-09,11.37,12.82,11.37,12.82,21986302,438065216.00
2013-10-10,12.40,13.39,12.14,12.95,18458275,381268608.00
2013-10-11,12.72,13.40,12.69,12.78,10529434,221944832.00
2013-10-14,12.78,14.08,12.59,14.08,12044535,261297168.00
2013-10-15,14.44,15.51,13.86,15.51,18637380,453996096.00
2013-10-16,15.46,17.03,14.98,16.09,19288601,499166944.00
2013-10-17,15.91,17.72,15.87,17.72,16013906,442714592.00
2013-10-18,18.09,19.01,16.65,18.01,19824766,571524672.00
2013-10-21,17.77,19.83,17.53,19.83,11491363,352517152.00
2013-10-22,20.81,21.84,20.41,20.61,20886749,718603776.00
2013-10-23,20.68,22.19,19.16,21.27,19939209,671639232.00
2013-10-24,20.21,20.21,19.12,19.14,17818451,558856704.00
2013-10-25,18.96,21.08,18.96,20.40,20876609,689368640.00
2013-10-28,20.46,20.89,18.87,20.02,13713009,446283456.00
2013-10-29,19.14,19.46,17.99,17.99,14049122,422883040.00
2013-10-30,17.34,18.59,16.88,17.96,16508795,474851328.00
2013-10-31,17.65,18.08,17.02,17.02,12622837,358166432.00
2013-11-01,16.65,17.13,15.63,15.70,14398176,379999200.00
2013-11-04,16.14,17.21,16.14,16.65,16187559,435575232.00
2013-11-05,16.12,18.21,16.01,17.89,17207838,468256064.00
2013-11-06,17.47,19.34,17.43,18.15,20943701,627305728.00
2013-11-07,18.15,18.99,17.76,18.52,13825094,414324256.00
2013-11-08,18.14,18.71,17.63,18.29,12925868,381865408.00
2013-11-11,18.46,18.48,16.66,16.84,12058199,342851424.00
2013-11-12,16.83,17.91,16.38,17.91,12730063,353870592.00
2013-11-13,17.46,18.73,17.40,17.65,13448618,392455488.00
2013-11-14,17.64,18.62,17.43,18.09,13889549,407156480.00
2013-11-15,17.95,19.28,17.94,19.14,16665497,506666528.00
2013-11-18,19.28,19.46,18.84,19.38,13792419,428158816.00
2013-11-19,19.51,20.53,18.91,19.78,15040144,480867424.00
2013-11-20,19.78,19.78,19.16,19.63,9184226,289147744.00
2013-11-21,19.43,19.43,18.63,19.29,12262020,376270048.00
2013-11-22,19.21,19.30,18.53,18.53,9192034,280843232.00
2013-11-25,18.33,18.50,17.91,18.03,7594500,223889568.00
2013-11-26,18.03,18.47,18.03,18.19,6571867,194287488.00
2013-11-27,18.38,19.33,17.73,19.21,14120819,426042560.00
2013-11-28,19.21,19.21,18.58,18.61,9222155,280981888.00
2013-11-29,18.59,19.38,18.59,19.20,10976501,337981632.00
2013-12-02,17.46,17.87,17.26,17.26,8545881,241393712.00
2013-12-03,15.73,16.64,15.51,16.32,12150465,315444640.00
2013-12-04,16.33,16.99,15.78,15.81,10272330,274817856.00
2013-12-05,15.83,17.11,15.83,16.46,10903193,292614240.00
2013-12-06,16.62,16.93,16.06,16.38,6973684,186494448.00
2013-12-09,16.81,17.01,16.46,16.96,8456131,230105424.00
2013-12-10,16.77,16.78,16.12,16.24,7064757,187402176.00
2013-12-11,16.09,16.55,16.09,16.31,4885263,129479232.00
2013-12-12,16.28,16.61,16.03,16.42,5124211,136372400.00
2013-12-13,16.14,16.36,16.03,16.17,4159472,108974568.00
2013-12-16,16.08,17.40,16.06,17.26,12948409,352503840.00
2013-12-17,17.21,17.24,16.37,16.46,7160876,193832352.00
2013-12-18,16.40,16.58,15.71,15.87,5033721,130618288.00
2013-12-19,16.03,16.40,15.76,15.84,3594626,93749248.00
2013-12-20,15.92,16.18,15.64,15.93,3017701,77796544.00
2013-12-23,15.96,15.96,15.08,15.08,4971733,123891736.00
2013-12-24,14.92,15.49,14.78,15.15,3925382,96708528.00
2013-12-25,15.14,16.04,15.14,15.94,6810271,173636800.00
2013-12-26,15.83,15.94,15.21,15.24,5715344,144075344.00
2013-12-27,15.15,15.63,14.93,15.41,3695068,92493128.00
2014-02-13,16.97,16.97,16.97,16.97,579750,15948922.00
2014-02-14,18.64,18.69,17.87,18.69,18901212,564113536.00
2014-02-17,18.96,19.89,18.78,19.40,15601524,489385440.00
2014-02-18,19.42,19.42,18.66,18.87,10661666,326717984.00
2014-02-19,18.88,19.15,18.41,18.51,8940375,272021376.00
2014-02-20,18.37,18.49,17.56,17.84,7837452,227172976.00
2014-02-21,17.97,19.64,17.97,19.46,16150560,497516736.00
2014-02-24,20.34,21.03,19.71,20.61,16482678,544136320.00
2014-02-25,20.09,20.45,18.59,19.00,12904708,409998496.00
2014-02-26,18.53,19.98,18.09,19.98,11332374,354771680.00
2014-02-27,20.12,20.28,18.33,18.35,10542777,329558016.00
2014-02-28,17.90,18.96,17.78,18.81,6538328,195480416.00
2014-03-03,18.53,20.71,18.53,20.71,10192593,327016832.00
2014-03-04,21.03,21.84,20.64,21.18,17345799,595959872.00
2014-03-05,21.22,21.36,20.29,20.49,8698600,291362528.00
2014-03-06,20.53,20.71,19.51,20.14,7318472,238182592.00
2014-03-07,19.99,20.15,19.20,20.08,6656204,213541184.00
2014-03-10,20.04,21.01,19.25,19.59,8734409,286532640.00
2014-03-11,18.84,19.10,18.21,18.48,7041290,211652896.00
2014-03-12,18.34,18.71,17.91,18.30,4333542,128574064.00
2014-03-13,18.40,19.46,18.31,19.34,5663634,172940768.00
2014-03-14,19.04,19.09,18.40,18.59,4500162,136517072.00
2014-03-17,18.48,19.13,18.43,18.99,3634276,111067800.00
2014-03-18,18.99,20.52,18.84,20.23,8964315,286615328.00
2014-03-19,19.84,19.99,19.37,19.51,5888176,187058064.00
2014-03-20,19.39,19.75,17.54,17.90,6518446,196919872.00
2014-03-21,17.46,18.34,17.15,18.10,4217858,121397872.00
2014-03-24,18.12,18.62,17.94,18.01,3206286,94620360.00
2014-03-25,17.84,18.21,17.50,17.81,2880876,83031448.00
2014-03-26,17.90,18.47,17.88,18.39,3901895,114977120.00
2014-03-27,18.40,18.41,17.31,17.58,4994495,144164512.00
2014-03-28,17.32,17.51,16.03,16.23,5121916,138603872.00
2014-03-31,16.16,16.70,15.96,16.44,2521786,66885720.00
2014-04-01,16.78,17.08,16.68,16.84,2989846,81729280.00
2014-04-02,16.84,16.87,15.78,15.99,4777958,125033496.00
2014-04-03,15.90,16.24,15.54,15.92,2960168,76545152.00
2014-04-04,15.93,16.24,15.84,16.21,2854836,74652864.00
2014-04-08,15.63,15.93,14.78,15.83,5396268,134306368.00
2014-04-09,15.65,16.14,15.61,15.96,3979296,102937368.00
2014-04-10,16.42,16.64,16.06,16.08,5701141,151918192.00
2014-04-11,15.68,15.69,15.31,15.47,4439834,111662568.00
2014-04-14,15.41,15.92,15.40,15.72,2756580,70072816.00
2014-04-15,15.78,15.78,15.40,15.42,2489496,63034652.00
2014-04-16,15.46,15.64,15.34,15.42,1935146,48647800.00
2014-04-17,15.53,15.64,15.45,15.55,1988692,50193748.00
2014-04-18,15.44,15.73,15.44,15.73,2314689,58755284.00
2014-04-21,15.59,15.76,15.40,15.44,2484544,62693176.00
2014-04-22,15.34,15.53,14.16,14.74,4041475,97839400.00
2014-04-23,14.71,15.20,14.15,15.19,4280594,101995000.00
2014-04-24,15.09,15.16,14.69,14.79,3096797,75080376.00
2014-04-25,15.23,15.24,14.18,14.40,3046984,73686088.00
2014-04-28,14.15,14.15,12.94,12.94,4542495,98861712.00
2014-04-29,12.83,13.05,12.66,13.03,3483544,73217744.00
2014-04-30,13.02,13.27,12.91,13.06,2380744,50818964.00
2014-05-05,12.93,13.28,12.93,13.27,2086069,44714480.00
2014-05-06,13.34,13.69,13.33,13.48,3672267,80725560.00
2014-05-07,13.23,13.47,12.93,12.96,2532313,54064532.00
2014-05-08,12.81,13.18,12.66,12.75,2739731,57563460.00
2014-05-09,12.89,13.04,12.39,12.81,2825600,58644352.00
2014-05-12,12.85,13.24,12.81,13.19,2702261,57484768.00
2014-05-13,13.20,13.43,13.03,13.16,2381871,51260824.00
2014-05-14,13.03,13.03,12.70,12.87,2404685,50258116.00
2014-05-15,12.85,13.01,12.28,12.28,2804759,57450320.00
2014-05-16,12.21,12.27,11.77,12.18,2997685,58751884.00
2014-05-19,12.30,12.52,12.14,12.33,2369883,47683140.00
2014-05-20,12.53,12.82,12.40,12.46,3050967,62605972.00
2014-05-21,12.34,12.69,12.16,12.68,2541860,51781892.00
2014-05-22,12.66,13.03,12.50,12.53,3326741,69297312.00
2014-05-23,12.64,13.80,12.64,13.80,9407833,206284736.00
2014-05-26,13.96,15.09,13.80,14.89,12031285,282326656.00
2014-05-27,14.59,15.15,14.53,14.79,6816967,164230032.00
2014-05-28,14.82,15.53,14.82,15.46,7791791,192079328.00
2014-05-29,15.46,15.46,14.78,14.88,6302436,153821984.00
2014-05-30,14.69,15.17,14.40,14.80,6788251,101040336.00
2014-06-03,14.63,14.79,14.33,14.35,5380722,78770128.00
2014-06-04,14.50,15.80,14.46,15.80,24698064,382146400.00
2014-06-05,15.90,16.98,15.35,16.30,27277830,442835296.00
2014-06-06,16.10,16.53,15.81,16.10,14084806,229337840.00
2014-06-09,15.91,16.22,15.47,15.61,10831218,171920864.00
2014-06-10,15.51,16.45,15.31,16.31,13639643,218134752.00
2014-06-11,16.13,16.87,16.01,16.13,15181566,251624608.00
2014-06-12,15.90,16.01,15.58,15.87,8759723,139000512.00
2014-06-13,15.90,16.30,15.73,16.01,8872822,142977824.00
2014-06-16,16.00,16.43,15.91,16.13,9170601,148943072.00
2014-06-17,16.13,16.13,15.55,15.78,7967223,126300920.00
2014-06-18,15.93,15.94,15.16,15.18,6923873,107996048.00
2014-06-19,15.16,15.59,13.80,14.41,8642924,128920456.00
2014-06-20,14.48,14.58,14.15,14.57,5209480,75439896.00
2014-06-23,14.59,15.17,14.59,15.00,5851620,87722112.00
2014-06-24,15.00,15.37,14.82,15.10,4964647,75721648.00
2014-06-25,15.00,15.74,14.75,15.60,8418202,129567864.00
2014-06-26,15.77,15.78,15.51,15.62,8966030,141349008.00
2014-06-27,15.56,15.90,15.30,15.62,8324543,130762272.00
2014-06-30,15.65,15.65,15.36,15.50,5551782,86612888.00
2014-07-01,15.52,15.80,15.31,15.66,6917866,108563488.00
2014-07-02,15.60,15.82,15.32,15.49,6028699,94036952.00
2014-07-03,15.53,16.25,15.36,16.09,13331397,213290480.00
2014-07-04,15.99,16.15,15.65,15.71,7638574,121668936.00
2014-07-07,15.65,15.79,15.29,15.36,5336055,82867728.00
2014-07-08,15.37,15.78,15.25,15.69,6310564,98734008.00
2014-07-09,15.70,16.66,15.55,15.99,16184928,262717344.00
2014-07-10,15.81,16.50,15.56,16.02,13156150,212793600.00
2014-07-11,15.85,16.39,15.70,15.91,8337119,134409120.00
2014-07-14,16.01,17.51,16.00,17.51,19531131,328980896.00
2014-07-15,17.36,17.51,16.70,17.03,18553717,317724864.00
2014-07-16,16.97,17.35,16.53,16.80,13389060,229193504.00
2014-07-17,16.61,17.00,16.35,16.84,8978943,150323760.00
2014-07-18,16.79,17.02,16.50,16.51,6970084,117381016.00
2014-07-21,16.51,16.65,16.14,16.55,6462677,106542112.00
2014-07-22,16.41,17.00,16.41,16.65,6711695,112750312.00
2014-07-23,16.53,16.68,15.80,15.81,9144296,148824624.00
2014-07-24,15.70,15.70,14.90,15.18,7932082,121737752.00
2014-07-25,15.28,15.98,15.22,15.76,6711862,106070960.00
2014-07-28,15.80,16.08,15.50,16.01,6553731,104408160.00
2014-07-29,16.02,16.70,15.93,16.51,7804156,128795088.00
2014-07-30,16.65,16.88,16.37,16.59,7606718,127092032.00
2014-07-31,16.61,16.84,16.46,16.66,6250039,104750704.00
2014-08-01,16.59,17.80,16.43,16.88,13517020,233670672.00
2014-08-04,17.30,17.49,16.93,17.13,8528366,147292288.00
2014-08-05,16.97,17.40,16.57,17.29,9767769,167766384.00
2014-08-06,17.10,17.40,17.00,17.19,5922505,102347512.00
2014-08-07,17.25,17.67,17.02,17.03,7819045,136185584.00
2014-08-08,17.03,17.08,16.62,16.76,7086807,119753216.00
2014-08-11,16.61,17.69,16.61,17.69,14257118,248769856.00
2014-08-12,17.62,17.77,17.41,17.70,9484976,167705856.00
2014-08-13,17.57,18.10,17.40,17.54,8009449,142677760.00
2014-08-14,17.45,18.27,17.44,17.75,11272874,203870272.00
2014-08-15,17.64,17.97,17.61,17.87,7225732,129420008.00
2014-12-02,19.67,19.67,19.67,19.67,94903,1876232.25
2014-12-03,21.65,21.65,21.65,21.65,444344,9664482.00
2014-12-04,23.45,23.45,21.70,22.31,25044786,565316160.00
2014-12-05,21.80,22.08,20.50,20.76,16846552,357954432.00
2014-12-08,20.29,20.63,19.72,20.00,11882228,240764944.00
2014-12-09,19.85,19.85,18.30,18.89,15475086,296659584.00
2014-12-10,19.11,20.79,18.70,20.79,14044406,283108640.00
2014-12-11,21.48,22.40,21.01,21.24,19819838,432966816.00
2014-12-12,20.80,23.18,20.46,22.48,19961263,440851040.00
2014-12-15,21.93,22.83,21.70,22.16,11480495,256877968.00
2014-12-16,21.99,22.23,21.30,21.59,10127339,221116688.00
2014-12-17,21.60,21.60,20.55,20.61,9158326,191870976.00
2014-12-18,20.21,22.35,20.21,21.31,11244490,244811568.00
2014-12-19,21.18,21.30,20.20,20.78,7192609,148848352.00
2014-12-22,20.78,22.87,19.98,22.36,19814255,441259200.00
2014-12-23,21.90,23.40,21.60,21.87,14825528,335153824.00
2014-12-24,21.42,23.86,21.41,23.65,16944395,388884608.00
2014-12-25,23.33,24.78,22.80,24.38,14195112,339350944.00
2014-12-26,24.22,24.79,23.55,23.58,10265337,247744144.00
2014-12-29,23.55,24.14,22.43,22.90,9888715,231137440.00
2014-12-30,22.99,23.15,21.26,21.55,9628155,214163632.00
2014-12-31,21.55,22.34,21.43,21.88,7129657,155895840.00
2015-01-05,21.91,22.07,20.66,21.20,7783096,165095680.00
2015-01-06,20.93,22.44,20.72,22.34,9903762,215258720.00
2015-01-07,22.21,22.21,21.41,21.48,6502327,141636800.00
2015-01-08,21.43,22.04,21.29,21.31,4862269,105816632.00
2015-01-09,21.05,21.61,20.85,21.02,5251063,111902368.00
2015-01-12,20.87,21.25,20.20,20.23,5265041,109746488.00
2015-01-13,20.66,20.95,20.31,20.84,4731407,98244520.00
2015-01-14,20.64,20.83,19.81,19.96,5129140,104293456.00
2015-01-15,20.20,21.97,20.15,21.25,12158961,263248032.00
2015-01-16,20.99,21.67,20.71,21.48,9930029,211133072.00
2015-01-19,20.50,21.89,20.22,20.78,8845105,188013680.00
2015-01-20,20.87,21.81,20.87,21.74,8111887,175084208.00
2015-01-21,22.13,22.65,21.78,22.12,10059953,223622576.00
2015-01-22,22.13,22.84,21.95,22.84,11145865,252536032.00
2015-01-23,23.10,23.18,21.95,22.06,7556890,170340880.00
2015-01-26,21.86,22.88,21.78,22.70,6272945,142315344.00
2015-01-27,22.85,23.08,22.03,22.82,8677326,196598048.00
2015-01-28,22.60,22.85,22.31,22.52,4510903,102323232.00
2015-01-29,22.50,22.55,21.91,22.46,3588742,80313920.00
2015-01-30,22.40,23.67,22.36,22.75,10967349,254508240.00
2015-02-02,22.15,23.60,22.11,23.07,7764914,178157664.00
2015-02-03,23.32,23.88,22.91,23.50,8872292,208378224.00
2015-02-04,23.56,25.18,23.40,24.37,14146316,344728672.00
2015-02-05,24.49,25.40,24.15,24.89,12592475,315291072.00
2015-02-06,24.61,24.95,23.40,23.42,9332540,224199168.00
2015-02-09,23.00,24.00,22.41,22.69,6528327,152060896.00
2015-02-10,22.70,23.28,22.30,23.27,4880425,112063456.00
2015-02-11,23.35,24.55,23.20,24.10,6067849,146535168.00
2015-02-12,23.70,24.19,23.65,23.69,4734756,113529992.00
2015-02-13,23.80,26.03,23.78,25.53,15526598,390831328.00
2015-02-16,25.62,26.26,25.03,25.91,11935200,309176832.00
2015-02-17,26.06,26.17,25.32,25.84,7563029,195398096.00
2015-02-25,26.39,28.43,26.08,27.30,12809780,354238784.00
2015-02-26,27.70,27.98,26.22,27.13,9150717,248241888.00
2015-02-27,26.86,27.78,26.65,27.34,6081920,165917904.00
2015-03-02,30.08,30.08,29.40,30.08,27002247,814302144.00
2015-03-03,32.70,33.10,31.61,33.10,22559136,739960640.00
2015-03-04,31.82,32.89,31.31,32.04,24320040,778331264.00
2015-03-05,31.90,33.03,30.75,31.08,22997701,734057280.00
2015-03-06,30.68,31.07,29.12,29.28,13765432,413119136.00
2015-03-09,29.06,30.15,28.93,29.86,9330590,278233376.00
2015-03-10,29.81,30.52,29.30,29.70,8599162,259229328.00
2015-03-11,29.40,29.48,28.60,29.17,9299016,269729408.00
2015-03-12,28.92,29.17,27.90,28.50,8422558,240670464.00
2015-03-13,28.49,29.60,28.20,29.60,9725909,281648480.00
2015-03-16,29.80,30.37,29.00,30.10,14007154,419374144.00
2015-03-17,30.10,30.45,29.41,29.74,11800723,353144896.00
2015-03-18,29.75,30.79,29.75,30.53,12619006,385406304.00
2015-03-19,30.35,30.35,29.50,29.87,11286615,337079040.00
2015-03-20,29.80,30.18,29.52,29.83,9339863,279012768.00
2015-03-23,30.20,30.67,29.69,30.20,13030232,394135232.00
2015-03-24,30.25,31.90,28.50,31.57,21322468,656788928.00
2015-03-25,30.92,32.25,30.90,31.19,15915475,504279616.00
2015-03-26,30.88,30.89,28.43,29.07,13019870,386566880.00
2015-03-27,28.76,30.20,28.71,29.38,7189094,213303360.00
2015-03-30,29.03,29.66,29.03,29.45,5398940,159032944.00
2015-03-31,29.46,30.28,29.19,29.94,7869297,236092032.00
2015-04-01,30.14,31.24,29.95,30.83,9747495,301238368.00
2015-04-02,31.28,33.16,30.75,31.90,15874092,509110336.00
2015-04-03,31.30,32.19,30.98,31.37,11117858,351870592.00
2015-04-07,32.20,32.75,31.58,31.74,10852157,347335328.00
2015-04-08,31.74,31.74,29.90,30.40,12520153,384932224.00
2015-04-09,30.11,30.36,27.92,29.51,8221194,241147792.00
2015-04-10,29.20,29.99,28.70,29.89,5793989,173167360.00
2015-04-13,30.09,31.65,30.09,31.08,11796859,368876608.00
2015-04-14,31.08,31.58,30.48,30.80,8306634,258183200.00
2015-04-15,30.90,30.96,28.60,28.60,7702814,227269488.00
2015-04-16,28.61,30.06,28.61,29.12,5209167,153921056.00
2015-04-17,29.45,29.78,28.95,29.22,5617050,165561312.00
2015-04-20,28.96,29.76,28.20,28.52,6204767,180158976.00
2015-04-21,28.53,30.05,28.53,30.01,6423700,190532208.00
2015-04-22,30.52,31.43,30.43,30.49,8002200,246810256.00
2015-04-23,30.55,31.30,30.48,30.92,8240660,255626752.00
2015-04-24,30.36,32.66,30.20,32.37,14514560,461604256.00
2015-04-27,33.91,35.10,32.10,32.16,14814889,493763296.00
2015-04-28,31.68,32.45,30.30,30.68,8141136,251930624.00
2015-05-11,33.76,33.76,32.00,32.91,13384047,438446624.00
2015-05-12,33.00,36.21,32.28,36.21,17601249,603589440.00
2015-05-13,35.20,37.28,34.60,35.15,15426610,557504832.00
2015-05-14,35.03,35.68,34.60,34.88,8369681,293428512.00
2015-05-15,34.64,34.64,32.81,33.30,8666751,289922752.00
2015-05-18,33.74,35.24,33.74,34.00,8804639,303252480.00
2015-05-19,34.00,35.78,33.80,35.45,9658760,338627104.00
2015-05-20,35.70,38.00,35.25,35.37,11353794,416900160.00
2015-05-21,35.48,37.68,35.48,37.00,11838938,433183008.00
2015-05-22,37.70,40.70,37.46,40.65,18045310,705015232.00
2015-05-25,39.01,44.72,38.80,44.31,17973865,758704832.00
2015-05-26,44.33,47.30,43.50,45.65,10497403,481939392.00
2015-05-27,45.66,45.99,43.38,44.72,10549357,468894944.00
2015-05-28,44.44,45.89,40.41,40.84,9508156,417291744.00
2015-05-29,40.84,44.45,36.80,43.58,11838699,498904704.00
2015-06-01,46.00,47.94,44.00,47.94,9026195,419015840.00
2015-06-02,47.75,52.73,47.75,49.39,11975090,600073856.00
2015-06-03,49.80,49.86,46.41,47.00,8412164,402690752.00
2015-06-04,46.96,47.00,42.38,46.55,9512544,428391200.00
2015-09-22,46.55,46.55,46.55,46.55,0,0.00
数据来源:通达信
