300419 浩丰科技 日线 前复权
      日期	    开盘	    最高	    最低	    收盘	    成交量	    成交额
2015-01-22,34.37,41.29,34.37,41.29,15361,635175.75
2015-01-23,45.44,45.44,45.44,45.44,2200,100408.00
2015-01-26,50.00,50.00,50.00,50.00,15100,758020.00
2015-01-27,55.02,55.02,55.02,55.02,15100,833822.00
2015-01-28,60.54,60.54,60.54,60.54,16000,971840.00
2015-01-29,66.61,66.61,66.61,66.61,36400,2431884.00
2015-01-30,73.29,73.29,73.29,73.29,76650,5633008.50
2015-02-02,80.64,80.64,80.64,80.64,83150,6721846.00
2015-02-03,88.72,88.72,88.72,88.72,98700,8776404.00
2015-02-04,97.61,97.61,97.61,97.61,91050,8905600.00
2015-02-05,107.39,107.39,107.39,107.39,222211,23907682.00
2015-02-06,113.30,118.15,99.82,118.15,8271279,914853568.00
2015-02-09,106.92,108.80,106.32,106.32,802900,85815800.00
2015-02-10,95.82,104.24,95.82,98.80,3579452,355144576.00
2015-02-11,100.80,105.19,99.60,100.17,2605757,266596704.00
2015-02-12,102.70,110.21,101.80,110.21,1672285,179056560.00
2015-02-13,115.02,121.25,113.58,121.25,2452350,291076992.00
2015-02-16,128.57,131.29,121.32,124.80,3246992,409599936.00
2015-02-17,124.80,128.79,120.94,122.80,2494974,312728768.00
2015-02-25,119.28,121.38,110.50,110.50,2559518,296610528.00
2015-02-26,109.80,113.68,108.29,111.60,1481312,164896640.00
2015-02-27,111.29,113.48,107.60,111.41,1306879,145576048.00
2015-03-02,110.30,115.70,107.90,113.80,1735045,193856544.00
2015-03-03,112.80,112.80,107.80,107.81,1898433,208698496.00
2015-03-04,107.85,111.88,107.85,109.63,1355145,149808208.00
2015-03-05,108.80,111.30,107.30,108.39,1143071,124532792.00
2015-03-06,107.80,109.28,101.81,102.80,1373707,144522944.00
2015-03-09,101.80,105.74,99.82,103.85,900757,93279632.00
2015-03-10,103.59,107.79,102.81,105.10,917663,97263768.00
2015-03-11,104.65,106.39,103.50,103.64,746747,78299624.00
2015-03-12,103.81,106.39,102.40,103.22,889584,92925312.00
2015-03-13,103.62,113.56,103.62,113.56,2120570,235603392.00
2015-03-16,114.40,117.78,110.85,115.70,2154384,246306352.00
2015-03-17,116.70,116.70,111.99,114.17,1467481,167698864.00
2015-03-18,113.32,125.40,112.46,120.70,1756346,211455440.00
2015-03-19,118.78,122.09,117.35,121.70,1035751,123684032.00
2015-03-20,121.55,133.19,120.80,130.95,1765685,228861072.00
2015-03-23,125.25,144.07,125.25,144.07,2683451,366827488.00
2015-03-24,150.79,158.50,150.79,158.50,1718784,268185216.00
2015-03-25,170.80,174.37,160.70,160.82,2401462,402268768.00
2015-03-26,162.80,171.80,148.86,154.80,1966217,317996000.00
2015-03-27,152.80,167.20,150.85,159.80,1209740,193890096.00
2015-03-30,157.85,161.30,143.80,143.80,1691573,248836288.00
2015-03-31,142.80,147.70,140.65,143.80,923819,133531928.00
2015-04-01,143.30,148.79,140.83,146.71,1267845,183779712.00
2015-04-02,145.72,161.40,145.60,161.40,1611525,251328752.00
2015-04-03,159.81,163.00,155.80,159.53,974816,155433552.00
2015-04-07,159.00,169.60,159.00,166.70,1262944,207277200.00
2015-04-08,164.80,165.74,152.81,159.50,1190902,189335552.00
2015-04-09,158.80,164.27,143.59,159.62,876773,135876384.00
2015-04-10,155.80,164.68,154.80,158.18,570376,91457920.00
2015-04-13,157.80,173.97,153.68,169.80,1259470,207536608.00
2015-04-14,169.31,178.78,165.80,169.78,1097696,190338656.00
2015-04-15,166.00,179.49,160.80,166.91,1036055,175701456.00
2015-04-16,164.80,183.62,161.81,183.62,826691,147686368.00
2015-04-17,189.00,196.80,174.40,174.40,1120374,206611872.00
2015-04-20,170.80,183.93,169.90,180.60,894920,158381680.00
2015-04-21,178.80,198.68,178.80,198.68,798300,154855120.00
2015-04-22,204.92,218.57,202.87,218.57,589900,125758152.00
2015-04-23,225.96,240.45,218.68,240.45,1343410,310279040.00
2015-08-14,216.41,216.41,216.41,216.41,19300,4176713.00
2015-08-17,194.77,194.77,194.77,194.77,6500,1266005.00
2015-08-18,175.29,175.29,175.29,175.29,27600,4838004.00
2015-08-19,157.76,157.76,157.76,157.76,40100,6326176.00
2015-08-20,145.10,165.49,141.98,149.80,6016265,870702912.00
2015-08-21,142.20,143.55,134.82,134.82,2548007,350809024.00
2015-08-24,122.51,126.19,121.34,121.34,795501,96853160.00
2015-08-25,109.21,110.64,109.21,109.21,1197850,130916968.00
2015-08-26,101.33,114.00,98.29,98.29,3543816,355107296.00
2015-08-27,100.00,103.00,88.46,93.00,4310783,399761312.00
2015-08-28,92.94,99.00,88.00,98.88,4113103,386036288.00
2015-08-31,96.30,96.49,88.99,88.99,2842743,258140480.00
2015-09-01,84.80,85.37,80.09,80.09,1794828,146515360.00
2015-09-02,73.50,83.75,72.08,72.10,2446774,184486768.00
2015-09-07,74.88,79.31,73.89,78.87,2796309,218801344.00
2015-09-08,77.45,86.76,76.21,86.76,2386327,194144960.00
2015-09-09,90.00,94.85,86.06,92.70,3319550,298896256.00
2015-09-10,85.00,90.00,85.00,87.10,2223289,196461552.00
2015-09-11,87.10,90.95,87.10,90.18,1831765,163546192.00
2015-09-14,90.20,90.30,81.16,81.16,1686732,142959600.00
2015-09-15,76.86,78.50,73.04,73.04,1507356,113475104.00
2015-09-16,74.00,80.34,73.51,80.00,1516094,116466456.00
2015-09-17,80.02,85.89,79.00,79.12,1931961,158809616.00
2015-09-22,90.37,90.37,90.37,90.37,0,0.00
数据来源:通达信
