300286 安科瑞 日线 前复权
      日期	    开盘	    最高	    最低	    收盘	    成交量	    成交额
2012-01-13,8.53,8.75,8.03,8.06,5800368,213559760.00
2012-01-16,7.41,7.70,7.18,7.18,2695021,86848192.00
2012-01-17,7.18,7.95,7.18,7.80,1974059,65524176.00
2012-01-18,7.75,7.85,6.98,7.06,1794378,58486244.00
2012-01-19,7.00,7.44,6.88,7.32,1097166,34701880.00
2012-01-20,7.32,8.02,7.25,7.75,1317703,44736912.00
2012-01-30,7.83,8.59,7.72,8.59,1560944,56435272.00
2012-01-31,8.65,9.16,8.51,8.59,2240735,85278840.00
2012-02-01,8.62,9.40,8.58,9.05,1851679,71433304.00
2012-02-02,8.91,9.09,8.79,9.04,1088045,42087876.00
2012-02-03,8.96,9.35,8.86,9.01,1345665,52834676.00
2012-02-06,9.01,9.82,8.95,9.42,1425689,57680128.00
2012-02-07,9.33,9.48,8.90,9.17,1334271,52740292.00
2012-02-08,9.03,9.45,8.97,9.43,864485,34363572.00
2012-02-09,9.33,9.62,9.20,9.33,942865,38103704.00
2012-02-10,9.31,9.75,9.31,9.35,1051858,42965280.00
2012-02-13,9.27,9.58,9.03,9.48,995057,40003992.00
2012-02-14,9.45,10.03,9.36,10.03,1343163,56178444.00
2012-02-15,9.95,10.10,9.80,10.04,806506,34431996.00
2012-02-16,9.93,10.18,9.63,9.75,1124681,47629812.00
2012-02-20,9.45,9.73,9.16,9.25,1844480,74744400.00
2012-02-21,9.25,9.32,8.93,9.27,1389016,54813808.00
2012-02-22,9.27,9.52,9.17,9.47,1080682,43663072.00
2012-02-23,9.41,9.91,9.41,9.60,1262976,52584208.00
2012-02-24,9.58,9.62,9.41,9.59,905972,37086492.00
2012-02-27,9.59,9.97,9.53,9.68,1031760,43305644.00
2012-02-28,9.55,9.63,9.24,9.38,891324,36155996.00
2012-02-29,9.31,9.39,9.06,9.20,686116,27205660.00
2012-03-01,9.20,9.35,9.12,9.23,393991,15710310.00
2012-03-02,9.32,9.52,9.22,9.52,624507,25219832.00
2012-03-05,9.53,9.88,9.41,9.75,823776,34099756.00
2012-03-06,9.72,9.72,9.43,9.57,509642,20977706.00
2012-03-07,9.46,10.60,9.40,10.35,1527360,65885828.00
2012-03-08,10.25,10.49,10.12,10.46,847892,37307704.00
2012-03-09,10.50,10.77,10.24,10.37,1160018,52174292.00
2012-03-12,10.28,10.53,10.26,10.40,631397,27977814.00
2012-03-13,10.38,10.84,10.31,10.64,759660,34411612.00
2012-03-14,10.55,10.81,9.53,9.68,1457891,63736688.00
2012-03-15,9.70,10.12,9.61,9.80,740703,31285978.00
2012-03-16,9.90,10.15,9.65,10.02,603402,25727388.00
2012-03-19,10.00,10.11,9.83,10.11,546681,23392880.00
2012-03-20,10.11,10.49,9.98,9.98,495469,21693102.00
2012-03-21,9.98,10.04,9.13,9.52,907506,37119688.00
2012-03-22,9.47,9.58,9.23,9.48,316066,12825355.00
2012-03-23,9.45,9.59,9.20,9.38,392167,15867427.00
2012-03-26,9.38,9.40,9.03,9.12,372730,14715335.00
2012-03-27,9.15,9.27,9.12,9.25,286452,11374529.00
2012-03-28,9.22,9.22,8.57,8.70,679065,25637124.00
2012-03-29,8.90,9.50,8.87,8.95,1354797,53871820.00
2012-03-30,8.80,8.93,8.55,8.64,762604,28664574.00
2012-04-05,8.66,8.99,8.53,8.89,542446,20553574.00
2012-04-06,8.82,8.98,8.78,8.82,414883,15921663.00
2012-04-09,8.84,9.10,8.73,8.83,413486,15966309.00
2012-04-10,8.80,8.81,8.28,8.75,563735,20869598.00
2012-04-11,8.53,8.69,8.48,8.63,291651,10850517.00
2012-04-12,8.68,8.87,8.60,8.82,382010,14509609.00
2012-04-13,8.82,8.98,8.78,8.95,793777,30488600.00
2012-04-16,8.85,8.89,8.69,8.74,337088,12818687.00
2012-04-17,8.74,8.77,8.58,8.69,307551,11537792.00
2012-04-18,8.73,8.81,8.48,8.78,657822,24696960.00
2012-04-19,8.68,8.87,8.57,8.83,999781,37744452.00
2012-04-20,8.81,8.93,8.71,8.86,721193,27530022.00
2012-04-23,8.78,8.78,8.03,8.03,1054316,38211464.00
2012-04-24,7.90,8.10,7.65,7.85,539928,18569856.00
2012-04-25,7.85,7.89,7.76,7.88,257391,8803672.00
2012-04-26,7.98,7.98,7.79,7.80,333722,11436690.00
2012-04-27,7.80,7.95,7.63,7.87,363569,12421546.00
2012-05-02,7.99,7.99,7.82,7.92,433936,14993943.00
2012-05-03,7.92,7.97,7.85,7.96,368548,12744057.00
2012-05-04,7.96,8.40,7.95,8.33,760170,27320466.00
2012-05-07,8.25,8.75,8.25,8.72,901845,33562200.00
2012-05-08,8.72,8.82,8.57,8.73,648309,24427842.00
2012-05-09,8.68,9.10,8.63,8.99,1050617,40540964.00
2012-05-10,9.15,9.22,8.88,8.98,1009693,39223888.00
2012-05-11,8.98,8.98,8.65,8.72,738370,27972888.00
2012-05-14,8.76,8.82,8.53,8.58,470541,17714226.00
2012-05-15,8.60,8.67,8.48,8.59,582629,21677272.00
2012-05-16,8.39,8.47,7.98,8.00,1134724,19696474.00
2012-05-17,7.90,8.05,7.80,7.99,818929,13870888.00
2012-05-18,7.97,7.97,7.80,7.85,567978,9520277.00
2012-05-21,7.91,7.91,7.48,7.54,758315,12336735.00
2012-05-22,7.60,7.66,7.50,7.64,670700,10907978.00
2012-05-23,7.61,7.65,7.32,7.41,717526,11430260.00
2012-05-24,7.38,7.44,7.30,7.39,491581,7748538.00
2012-05-25,7.38,7.43,7.13,7.16,705319,10907157.00
2012-05-28,7.17,7.23,6.90,7.20,486244,7360108.00
2012-05-29,7.21,7.36,7.14,7.33,602039,9405333.00
2012-05-30,7.33,7.48,7.29,7.44,663030,10504108.00
2012-05-31,7.37,7.56,7.34,7.43,571264,9096097.00
2012-06-01,7.58,8.23,7.58,7.81,2000314,33866264.00
2012-06-04,7.55,7.65,7.33,7.35,986617,15773217.00
2012-06-05,7.34,7.42,7.15,7.18,592613,9242834.00
2012-06-06,7.19,7.30,7.16,7.18,349738,5417385.50
2012-06-07,7.20,7.31,6.98,7.03,548283,8385054.50
2012-06-08,7.05,7.12,6.99,7.08,510284,7726527.00
2012-06-11,7.07,7.28,7.01,7.27,539816,8298286.00
2012-06-12,7.26,7.32,7.11,7.27,492771,7632545.00
2012-06-13,7.31,7.68,7.19,7.57,953698,15262254.00
2012-06-14,7.57,7.64,7.49,7.50,429509,6940338.00
2012-06-15,7.46,7.68,7.44,7.61,617567,10015547.00
2012-06-18,7.61,7.71,7.56,7.67,663245,10791686.00
2012-06-19,7.61,7.65,7.44,7.52,605250,9745415.00
2012-06-20,7.54,7.90,7.48,7.73,1380493,22873852.00
2012-06-21,7.72,7.72,7.42,7.50,648745,10440756.00
2012-06-25,7.50,7.50,7.27,7.28,390242,6135493.00
2012-06-26,7.25,7.29,7.09,7.27,401889,6182817.00
2012-06-27,7.27,7.55,7.27,7.34,623476,9895352.00
2012-06-28,7.34,7.62,7.34,7.41,589818,9473151.00
2012-06-29,7.38,7.43,7.06,7.33,853787,13195225.00
2012-07-02,7.43,7.58,7.31,7.48,582450,9301326.00
2012-07-03,7.48,7.76,7.43,7.70,1241589,20266266.00
2012-07-04,7.66,7.72,7.53,7.55,647156,10523847.00
2012-07-05,7.58,7.58,7.27,7.32,600806,9462028.00
2012-07-06,7.37,7.43,7.08,7.38,606205,9411075.00
2012-07-09,7.30,7.34,7.03,7.03,684055,10507926.00
2012-07-10,6.98,7.10,6.87,6.87,452943,6780295.50
2012-07-11,6.87,6.95,6.83,6.93,314906,4666314.00
2012-07-12,6.89,7.04,6.80,6.99,445357,6630106.50
2012-07-13,6.94,6.97,6.76,6.81,416523,6149857.00
2012-07-16,6.86,6.87,6.15,6.17,722950,10099538.00
2012-07-17,6.17,6.22,6.05,6.22,345815,4605953.00
2012-07-18,6.16,6.22,6.09,6.20,201083,2682208.50
2012-07-19,6.20,6.45,6.13,6.39,430531,5914152.50
2012-07-20,6.35,6.44,6.34,6.37,278227,3838123.25
2012-07-23,6.33,6.33,6.14,6.19,260899,3507028.75
2012-07-24,6.14,6.36,6.08,6.28,186005,2515371.50
2012-07-25,6.23,6.45,6.23,6.31,318976,4396711.50
2012-07-26,6.28,6.41,6.26,6.28,252973,3461987.00
2012-07-27,6.37,6.37,6.08,6.22,322900,4352452.50
2012-07-30,6.25,6.26,6.03,6.04,328056,4342737.50
2012-07-31,5.99,5.99,5.74,5.79,282020,3597814.00
2012-08-01,5.78,5.96,5.73,5.88,393209,5037501.00
2012-08-02,5.88,5.89,5.73,5.79,343426,4339172.00
2012-08-03,5.82,5.98,5.75,5.98,332151,4274302.50
2012-08-06,5.98,6.27,5.94,6.23,614096,8149232.00
2012-08-07,6.28,6.28,6.15,6.21,327025,4408052.50
2012-08-08,6.22,6.28,6.14,6.21,319670,4303480.00
2012-08-09,6.15,6.39,6.13,6.37,543871,7381904.00
2012-08-10,6.37,6.40,6.23,6.25,356720,4861023.50
2012-08-13,6.27,6.28,6.08,6.09,261832,3519547.25
2012-08-14,6.13,6.16,5.96,6.16,414157,5448931.00
2012-08-15,6.08,6.12,6.01,6.05,272902,3591799.50
2012-08-16,5.98,6.15,5.98,6.09,140766,1850470.88
2012-08-17,6.12,6.13,6.03,6.12,219300,2900373.00
2012-08-20,6.07,6.15,5.98,6.14,230208,3033302.00
2012-08-21,6.13,6.42,6.09,6.36,702004,9606046.00
2012-08-22,6.34,6.47,6.31,6.47,702536,9743023.00
2012-08-23,6.47,6.79,6.47,6.71,1083988,15591913.00
2012-08-24,6.55,6.66,6.33,6.34,819298,11489045.00
2012-08-27,6.33,6.36,6.17,6.17,417400,5632622.50
2012-08-28,6.13,6.38,6.13,6.30,379641,5181606.50
2012-08-29,6.33,6.43,6.23,6.33,556420,7675527.00
2012-08-30,6.30,6.41,6.01,6.15,611256,8240751.00
2012-08-31,6.16,6.35,6.16,6.34,548886,7432085.00
2012-09-03,6.32,6.54,6.31,6.54,689289,9601991.00
2012-09-04,6.60,6.68,6.38,6.43,634245,8937527.00
2012-09-05,6.43,6.77,6.39,6.72,1315684,18933392.00
2012-09-06,6.82,6.85,6.66,6.83,1208511,17580104.00
2012-09-07,6.91,7.21,6.83,7.07,1598243,24008244.00
2012-09-10,7.06,7.18,7.00,7.10,1033367,15725582.00
2012-09-11,7.04,7.27,7.00,7.22,1240848,19099668.00
2012-09-12,7.23,7.29,7.05,7.23,886012,13609771.00
2012-09-13,7.22,7.24,6.85,6.86,1188629,17886602.00
2012-09-14,6.93,6.99,6.79,6.88,501145,7434599.00
2012-09-17,6.83,6.85,6.58,6.59,485237,7020220.50
2012-09-18,6.55,6.70,6.51,6.62,339936,4867716.00
2012-09-19,6.60,6.72,6.60,6.70,278159,4000210.25
2012-09-20,6.67,6.67,6.14,6.17,700368,9617564.00
2012-09-21,6.16,6.22,6.03,6.05,440155,5843402.50
2012-09-24,6.04,6.23,5.98,6.16,431196,5727314.50
2012-09-25,6.10,6.23,6.10,6.16,382446,5118950.00
2012-09-26,6.16,6.21,5.88,5.95,431590,5644367.50
2012-09-27,5.90,6.22,5.90,6.13,460599,6115468.50
2012-09-28,6.09,6.41,6.08,6.40,574293,7855309.50
2012-10-08,6.37,7.09,6.37,7.09,2028693,30246454.00
2012-10-09,7.26,7.70,7.07,7.58,4110157,65151196.00
2012-10-10,7.42,7.55,7.35,7.48,1927065,30701940.00
2012-10-11,7.44,7.72,7.33,7.40,1869768,30102504.00
2012-10-12,7.39,7.40,6.93,7.13,1223541,18714526.00
2012-10-15,7.09,7.16,6.92,7.12,827223,12523600.00
2012-10-16,7.09,7.23,7.04,7.17,879160,13479375.00
2012-10-17,7.24,7.25,7.01,7.12,600147,9169995.00
2012-10-18,7.12,7.58,7.05,7.36,1424863,22476786.00
2012-10-19,7.33,7.50,7.28,7.33,860017,13639354.00
2012-10-22,7.28,7.41,7.23,7.38,424516,6658200.50
2012-10-23,7.50,7.51,7.12,7.14,645421,10069421.00
2012-10-24,7.09,7.19,6.98,7.06,334699,5108388.00
2012-10-25,7.05,7.19,6.88,6.91,516020,7770949.00
2012-10-26,6.90,7.03,6.85,7.02,512797,7643741.00
2012-10-29,7.02,7.08,6.81,6.93,390449,5813961.50
2012-10-30,6.94,6.95,6.79,6.92,192552,2853090.00
2012-10-31,6.99,7.07,6.88,7.06,329549,4960458.00
2012-11-01,7.05,7.35,7.02,7.31,939798,14586729.00
2012-11-02,7.23,7.38,7.23,7.30,730212,11427594.00
2012-11-05,7.25,7.40,7.18,7.38,803854,12589842.00
2012-11-06,7.38,7.38,7.10,7.15,485251,7467764.50
2012-11-07,7.13,7.27,7.11,7.16,374071,5765466.00
2012-11-08,7.11,7.68,6.94,7.25,1709883,27064338.00
2012-11-09,7.28,7.97,7.05,7.88,3648307,60071064.00
2012-11-12,7.73,7.91,7.65,7.88,2189024,36503356.00
2012-11-13,7.77,7.86,7.57,7.57,1340846,21860200.00
2012-11-14,7.56,7.58,7.27,7.43,1807647,28565786.00
2012-11-15,7.38,7.54,6.88,6.98,867364,13588860.00
2012-11-16,6.95,7.29,6.95,7.17,943152,14552400.00
2012-11-19,7.09,7.23,7.00,7.18,716538,10981343.00
2012-11-20,7.17,7.58,7.17,7.40,982658,15573292.00
2012-11-21,7.38,7.46,7.15,7.41,811940,12736372.00
2012-11-22,7.41,7.43,7.18,7.26,530530,8294212.00
2012-11-23,7.23,7.33,7.10,7.14,610459,9438552.00
2012-11-26,7.14,7.20,7.00,7.05,610149,9250243.00
2012-11-27,6.99,7.09,6.61,6.63,550149,8009881.50
2012-11-28,6.55,6.55,6.42,6.47,322308,4514009.50
2012-11-29,6.41,6.58,6.41,6.43,489193,6840517.50
2012-11-30,6.43,6.45,6.28,6.44,567415,7840895.00
2012-12-03,6.43,6.43,5.94,6.01,734284,9838076.00
2012-12-04,5.94,6.12,5.88,6.08,351601,4581660.50
2012-12-05,6.07,6.42,6.06,6.37,1136065,15405323.00
2012-12-06,6.37,6.41,6.18,6.27,650050,8830701.00
2012-12-07,6.36,6.58,6.23,6.51,960298,13272890.00
2012-12-10,6.61,6.71,6.45,6.62,840819,11961291.00
2012-12-11,6.62,6.65,6.54,6.59,672031,9552828.00
2012-12-12,6.59,6.67,6.50,6.62,819335,11652103.00
2012-12-13,6.63,6.63,6.47,6.59,877218,12390816.00
2012-12-14,6.56,6.97,6.50,6.92,1936335,28190532.00
2012-12-17,6.90,7.07,6.81,6.94,1111263,16492606.00
2012-12-18,6.96,6.96,6.83,6.90,659783,9801402.00
2012-12-19,6.88,7.07,6.83,6.98,612326,9155004.00
2012-12-20,6.94,7.32,6.93,7.20,1280232,19628312.00
2012-12-21,7.28,7.41,7.09,7.34,1750065,27310052.00
2012-12-24,7.32,7.68,7.24,7.52,1718933,27631944.00
2012-12-25,7.44,7.76,7.44,7.68,1471696,24026176.00
2012-12-26,7.66,8.45,7.63,8.24,2730442,46752992.00
2012-12-27,8.23,8.97,8.17,8.25,2699562,48478116.00
2012-12-28,8.46,8.48,8.01,8.39,1968114,34636744.00
2012-12-31,8.33,8.71,8.06,8.10,1438831,25280108.00
2013-01-04,8.20,8.42,7.98,8.27,1496010,25979916.00
2013-01-07,8.14,8.37,8.03,8.28,902518,15682320.00
2013-01-08,8.26,8.67,8.25,8.45,1885208,33845692.00
2013-01-09,8.44,8.65,8.24,8.46,1726840,31039628.00
2013-01-10,8.46,8.55,8.28,8.37,1016078,18114870.00
2013-01-11,8.37,8.67,8.23,8.28,1750149,31371016.00
2013-01-14,8.28,8.61,8.28,8.59,1781134,32118732.00
2013-01-15,8.60,8.92,8.57,8.78,1790426,33046710.00
2013-01-16,8.73,8.77,8.34,8.48,1675401,30333242.00
2013-01-17,8.43,8.55,8.27,8.28,871166,15515402.00
2013-01-18,8.31,8.57,8.31,8.43,881758,15798420.00
2013-01-21,8.48,8.57,8.38,8.45,799210,14362597.00
2013-01-22,8.47,8.47,7.98,8.07,918910,16064775.00
2013-01-23,8.08,8.22,7.78,7.92,864321,14627167.00
2013-01-24,7.98,8.12,7.48,7.67,787383,13074061.00
2013-01-25,7.68,7.76,7.63,7.72,364362,5991700.00
2013-01-28,7.72,8.02,7.72,7.99,744969,12494642.00
2013-01-29,8.01,8.21,7.88,8.07,855597,14663667.00
2013-01-30,8.17,8.17,7.81,7.94,597428,10140065.00
2013-01-31,7.94,7.94,7.64,7.80,422673,7000161.50
2013-02-01,7.79,7.97,7.73,7.93,622923,10485807.00
2013-02-04,7.91,8.37,7.83,8.06,823308,14251260.00
2013-02-05,8.03,8.06,7.73,7.99,792361,13324837.00
2013-02-06,7.98,8.12,7.93,8.01,375831,6426383.00
2013-02-07,8.07,8.32,7.98,8.23,815062,14103595.00
2013-02-08,8.22,8.42,8.22,8.33,711043,12608374.00
2013-02-18,8.40,8.48,8.30,8.38,690699,12312708.00
2013-02-19,8.37,8.38,8.07,8.18,697135,12149793.00
2013-02-20,8.23,8.47,8.18,8.40,880629,15633699.00
2013-02-21,8.33,8.40,8.16,8.20,588174,10340236.00
2013-02-22,8.24,8.37,8.20,8.27,435545,7674684.50
2013-02-25,8.30,8.55,8.25,8.43,971207,17360898.00
2013-02-26,8.43,8.55,8.28,8.30,932514,16720002.00
2013-02-27,8.36,8.58,8.30,8.39,878396,15689442.00
2013-02-28,8.42,8.42,8.23,8.39,1030620,18279082.00
2013-03-01,8.42,8.57,8.39,8.52,1344336,24260002.00
2013-03-04,8.50,8.73,8.23,8.34,777306,13890811.00
2013-03-05,8.37,8.67,8.25,8.60,1408749,25389134.00
2013-03-06,8.90,8.90,8.63,8.70,1413660,26106596.00
2013-03-07,8.70,8.77,8.42,8.42,1031188,18782938.00
2013-03-08,8.39,8.61,8.39,8.48,868961,15721630.00
2013-03-11,8.46,8.57,8.38,8.45,470151,8476966.00
2013-03-12,8.45,8.64,8.01,8.20,810249,14301762.00
2013-03-13,8.23,8.23,7.88,7.97,417466,7117864.00
2013-03-14,8.02,8.07,7.96,8.02,343730,5868691.00
2013-03-15,8.02,8.22,7.98,8.08,647000,11179216.00
2013-03-18,8.10,8.10,7.89,7.94,252497,4285419.50
2013-03-19,7.94,8.13,7.74,7.87,395800,6648830.00
2013-03-20,7.87,8.11,7.85,8.09,773311,13226203.00
2013-03-21,8.08,8.27,8.03,8.18,1012704,17534688.00
2013-03-22,8.18,8.35,8.04,8.31,1072997,18693592.00
2013-03-25,8.33,8.57,8.22,8.39,877267,15578420.00
2013-03-26,8.39,8.42,8.18,8.36,522768,9223970.00
2013-03-27,8.37,8.95,8.36,8.82,2905773,53619208.00
2013-03-28,8.78,8.78,8.39,8.41,991862,18009214.00
2013-03-29,8.21,8.22,7.51,7.51,1873932,30758042.00
2013-04-01,7.45,7.45,7.15,7.26,1232247,19166546.00
2013-04-02,7.24,7.32,6.98,7.03,1062779,16296729.00
2013-04-03,7.08,7.14,6.93,7.00,660550,9977197.00
2013-04-08,6.93,7.15,6.89,7.14,459994,6935470.00
2013-04-09,7.14,7.34,7.10,7.25,605739,9385560.00
2013-04-10,7.19,7.27,7.06,7.15,428445,6573065.00
2013-04-11,7.23,7.24,7.13,7.13,278234,4294906.00
2013-04-12,7.12,7.17,6.93,6.96,385002,5824427.00
2013-04-15,6.93,6.93,6.72,6.76,346821,5063158.50
2013-04-16,6.73,6.88,6.62,6.84,229551,3339301.75
2013-04-17,6.88,6.94,6.84,6.94,286392,4244388.00
2013-04-18,6.83,7.00,6.83,6.93,365766,5466118.50
2013-04-19,6.94,7.29,6.93,7.20,672292,10347283.00
2013-04-22,7.28,7.28,7.18,7.25,418969,6477232.00
2013-04-23,7.28,7.28,6.97,7.02,416715,6314904.50
2013-04-24,7.03,7.25,6.98,7.16,404738,6216031.00
2013-04-25,7.22,7.22,7.03,7.05,565787,8659650.00
2013-04-26,7.03,7.07,6.87,6.88,314866,4721516.50
2013-05-02,6.92,7.12,6.78,7.10,295639,4441598.00
2013-05-03,7.08,7.22,7.08,7.18,396216,6100788.50
2013-05-06,7.19,7.40,7.17,7.37,655065,10290281.00
2013-05-07,7.38,7.47,7.30,7.33,429600,6674040.50
2013-05-08,7.35,7.63,7.35,7.58,679560,10777865.00
2013-05-09,7.60,7.65,7.46,7.57,579798,9210537.00
2013-05-10,7.50,7.80,7.50,7.74,771616,12507948.00
2013-05-13,7.72,7.78,7.66,7.72,413784,6704822.00
2013-05-14,7.69,7.73,7.40,7.48,678692,10740729.00
2013-05-15,7.48,7.67,7.40,7.65,573621,9108143.00
2013-05-16,7.64,7.85,7.53,7.56,990937,16074187.00
2013-05-17,7.60,7.74,7.48,7.69,1064516,17100254.00
2013-05-20,7.72,8.05,7.67,8.00,1664582,27815190.00
2013-05-21,8.07,8.28,7.92,8.15,982276,16703907.00
2013-05-22,8.11,8.19,7.96,7.99,785404,13231192.00
2013-05-23,7.94,8.23,7.89,7.98,728957,12363702.00
2013-05-24,8.09,8.24,8.01,8.21,712746,12189537.00
2013-05-27,8.31,8.40,8.11,8.25,923385,15964230.00
2013-05-28,8.20,8.25,8.00,8.06,622315,10549408.00
2013-05-29,8.10,8.20,7.93,8.08,793074,13405813.00
2013-05-30,8.08,8.18,8.01,8.15,783620,13320112.00
2013-05-31,8.18,8.20,8.04,8.05,582196,9943829.00
2013-06-03,8.01,8.12,7.98,8.07,462127,7811861.50
2013-06-04,8.03,8.07,7.67,7.68,791791,13015832.00
2013-06-05,7.68,7.91,7.68,7.83,528150,8676944.00
2013-06-06,7.80,7.87,7.75,7.79,350601,5752094.50
2013-06-07,7.85,7.92,7.63,7.71,509466,8280939.50
2013-06-13,7.60,7.84,7.55,7.76,544285,8784976.00
2013-06-14,7.80,8.18,7.80,8.16,1431559,24278330.00
2013-06-17,8.12,8.40,8.05,8.12,1404247,24250398.00
2013-06-18,8.18,8.34,7.97,8.34,1002506,17155416.00
2013-06-19,8.28,8.28,8.05,8.24,538079,9214634.00
2013-06-20,8.10,8.48,8.10,8.28,1763877,30892628.00
2013-06-21,8.14,8.45,7.86,8.42,1227105,21301428.00
2013-06-24,8.43,8.68,7.99,8.18,1287982,22709060.00
2013-06-25,8.06,8.15,7.32,7.74,1466234,23794198.00
2013-06-26,7.68,8.03,7.61,8.03,1276611,21100796.00
2013-06-27,8.04,8.14,7.64,7.65,949486,15816930.00
2013-06-28,7.50,7.68,7.18,7.45,703922,11080724.00
2013-07-01,7.38,7.67,7.38,7.64,530045,8429397.00
2013-07-02,7.61,7.95,7.60,7.84,679243,11175874.00
2013-07-03,7.70,8.18,7.68,8.11,1189345,20020444.00
2013-07-04,8.12,8.28,7.94,8.22,1359075,23179890.00
2013-07-05,8.20,8.24,7.97,8.00,1364053,23209876.00
2013-07-08,8.60,8.84,8.38,8.84,5561268,101009848.00
2013-07-09,8.55,8.79,8.50,8.69,3014023,54320304.00
2013-07-10,8.69,9.18,8.63,9.15,3649887,68084032.00
2013-07-11,9.17,9.43,8.95,9.25,2362109,45183568.00
2013-07-12,9.31,9.65,9.14,9.27,2365836,46599392.00
2013-07-15,9.38,9.63,9.19,9.57,1688148,33449970.00
2013-07-16,9.57,9.95,9.51,9.69,1631312,33021804.00
2013-07-17,9.59,9.95,9.52,9.58,2032007,41258552.00
2013-07-18,9.55,9.80,9.50,9.63,964273,19388336.00
2013-07-19,9.61,9.75,9.22,9.27,1391958,27707758.00
2013-07-22,9.27,9.89,9.27,9.89,1367082,27347496.00
2013-07-23,9.90,10.40,9.90,10.07,1621061,34279292.00
2013-07-24,10.10,11.04,9.85,11.00,2139442,46937528.00
2013-07-25,10.81,11.25,10.49,10.58,2469854,55371796.00
2013-07-26,10.45,10.70,10.18,10.59,1712303,37096108.00
2013-07-29,10.53,11.04,10.49,10.74,1517872,34049248.00
2013-07-30,10.61,10.77,9.90,10.07,1497140,31650870.00
2013-07-31,10.27,10.56,9.91,10.05,1183385,25069666.00
2013-08-01,10.10,11.10,10.07,11.10,2618822,58744032.00
2013-08-02,11.46,11.74,11.25,11.50,3716745,88597800.00
2013-08-05,11.70,11.81,11.40,11.51,2344305,55993836.00
2013-08-06,11.70,12.50,11.52,11.94,3321184,82689664.00
2013-08-07,11.85,11.92,11.53,11.70,1994869,48243436.00
2013-08-08,11.63,12.58,11.63,12.40,2407525,60832976.00
2013-08-09,12.40,12.49,11.77,12.04,1997022,49965884.00
2013-08-12,12.07,12.35,11.65,12.19,1529878,38172972.00
2013-08-13,12.20,12.43,11.90,12.15,1282813,32333270.00
2013-08-14,12.11,12.24,11.80,12.09,1018924,25282768.00
2013-08-15,11.94,12.09,11.66,11.72,1119926,27432772.00
2013-08-16,11.65,12.24,11.50,11.50,1208068,29695246.00
2013-08-19,11.61,12.18,11.51,12.17,1088295,26866892.00
2013-08-20,12.28,12.28,11.80,12.08,1302126,32256710.00
2013-08-21,12.08,12.09,11.84,11.93,636273,15745157.00
2013-08-22,12.05,12.34,11.94,12.10,993439,24880564.00
2013-08-23,12.13,12.28,11.55,11.88,1639968,40146592.00
2013-08-26,11.78,12.05,11.61,11.95,1046355,25745790.00
2013-08-27,11.93,12.69,11.92,12.60,2171570,55309000.00
2013-08-28,12.43,12.53,11.80,11.80,1808442,45692388.00
2013-08-29,11.83,11.98,11.55,11.84,1113487,27037906.00
2013-08-30,11.91,11.91,11.12,11.40,1965419,46468004.00
2013-09-02,11.34,11.58,11.20,11.51,517377,12271153.00
2013-09-03,11.53,11.80,11.40,11.69,633491,15237972.00
2013-09-04,11.60,12.05,11.41,11.65,777309,18778164.00
2013-09-05,11.57,11.94,11.54,11.90,888603,21737846.00
2013-09-06,11.90,11.97,11.65,11.81,705830,17184990.00
2013-09-09,11.84,12.08,11.75,11.84,634792,15602418.00
2013-09-10,11.85,12.04,11.41,11.85,920660,22307102.00
2013-09-11,11.73,11.85,11.49,11.67,453822,10897343.00
2013-09-12,11.55,12.01,11.55,11.86,732039,17987626.00
2013-09-13,11.93,12.27,11.87,12.24,1197857,30036350.00
2013-09-16,12.35,13.50,12.21,13.50,1956358,53131576.00
2013-09-17,13.90,14.04,13.14,13.43,2152003,60124776.00
2013-09-18,13.35,13.78,13.10,13.72,1427681,39531024.00
2013-09-23,13.75,14.00,13.43,13.85,1063308,30091838.00
2013-09-24,13.84,13.94,13.36,13.63,886885,24896476.00
2013-09-25,13.51,13.73,13.14,13.19,1180358,32508394.00
2013-09-26,13.13,13.31,12.61,12.75,926964,24955992.00
2013-09-27,12.77,13.52,12.77,13.47,916871,25015498.00
2013-09-30,13.68,14.22,13.49,14.10,1331887,38154228.00
2013-10-08,14.20,14.35,13.81,14.12,1023941,29672046.00
2013-10-09,13.98,14.18,13.89,14.05,764894,22101182.00
2013-10-10,14.01,14.16,13.43,13.50,986546,28091818.00
2013-10-11,13.65,13.65,12.61,13.10,1999538,53964140.00
2013-10-14,13.10,13.32,12.76,13.30,834220,22616818.00
2013-10-15,13.28,13.85,13.18,13.63,994732,27909402.00
2013-10-16,13.56,13.66,12.95,13.05,796022,21592424.00
2013-10-17,13.10,13.35,13.00,13.11,373335,10119798.00
2013-10-18,13.10,13.25,12.95,13.15,373592,10064766.00
2013-10-21,13.15,13.68,13.08,13.62,686598,19127536.00
2013-10-22,13.58,13.72,13.10,13.15,706064,19372660.00
2013-10-23,13.06,13.13,12.35,12.53,1056829,27666560.00
2013-10-24,12.53,12.77,12.45,12.71,582991,15200701.00
2013-10-25,12.59,12.60,12.07,12.25,1251660,31542392.00
2013-10-28,12.19,12.38,11.96,12.34,469236,11848048.00
2013-10-29,12.21,12.52,11.66,12.06,830722,20724642.00
2013-10-30,12.06,13.02,11.96,12.93,1310409,34035752.00
2013-10-31,12.71,13.85,12.71,13.02,2176645,59635948.00
2013-11-01,12.60,12.99,12.03,12.73,1096457,28227966.00
2013-11-04,12.73,13.25,12.50,13.02,836852,22269328.00
2013-11-05,12.93,13.27,12.80,13.26,540177,14592357.00
2013-11-06,13.24,13.70,13.15,13.25,1339119,37203756.00
2013-11-07,13.20,13.31,12.88,12.94,740252,19950022.00
2013-11-08,12.94,13.00,12.30,12.55,547326,14343606.00
2013-11-11,12.53,13.54,12.49,13.41,1028069,27847768.00
2013-11-12,13.38,13.91,13.31,13.53,1366136,38343316.00
2013-11-13,13.42,14.86,13.30,14.56,3440530,101183632.00
2013-11-14,14.46,14.90,14.25,14.90,2636235,79104928.00
2013-11-15,14.71,15.25,14.63,14.84,2507721,76881664.00
2013-11-18,14.74,15.22,14.74,14.96,1789384,54943784.00
2013-11-19,14.86,15.33,14.50,14.54,1657462,50744704.00
2013-11-20,14.47,14.70,14.20,14.60,1043755,30949552.00
2013-11-21,14.53,15.20,14.38,14.76,1163839,35501948.00
2013-11-22,14.68,16.04,14.68,15.56,2484399,78200648.00
2013-11-25,15.56,17.15,15.46,16.86,3306783,111660728.00
2013-11-26,16.65,18.25,16.65,17.55,3447872,122983464.00
2013-11-27,17.61,18.60,17.13,18.10,3102383,114080128.00
2013-11-28,18.25,19.95,17.94,19.95,4985093,198263600.00
2013-11-29,20.86,21.98,20.20,21.27,7793694,338056288.00
2013-12-02,19.10,19.10,19.10,19.10,621300,24230700.00
2013-12-03,17.15,17.85,17.15,17.15,6114789,216938368.00
2013-12-04,17.20,17.93,16.32,16.40,5983760,210038480.00
2013-12-05,15.98,16.35,15.64,15.74,3207074,104873288.00
2013-12-06,15.77,16.24,15.45,16.04,2704761,88165280.00
2013-12-09,16.14,17.58,16.10,17.58,4491908,155814096.00
2013-12-10,17.75,17.75,16.10,16.33,3498674,119541424.00
2013-12-11,16.05,16.46,15.84,16.18,1955083,64620584.00
2013-12-12,16.18,16.73,16.04,16.40,2165020,73230856.00
2013-12-13,16.45,18.08,16.23,17.53,4167591,148590320.00
2013-12-16,17.25,18.00,17.10,17.47,3192968,115041112.00
2013-12-17,17.47,17.62,16.35,16.48,2486218,85422144.00
2013-12-18,16.56,16.80,14.79,15.36,2465261,78168392.00
2013-12-19,15.55,16.35,15.50,15.65,1798827,58575784.00
2013-12-20,15.75,15.75,15.16,15.50,1424546,44939756.00
2013-12-23,15.53,16.84,15.29,16.73,2846909,94280928.00
2013-12-24,17.30,18.44,17.04,18.44,4898375,182521408.00
2013-12-25,20.33,20.33,20.33,20.33,187780,7783481.00
2013-12-26,22.40,22.40,22.15,22.40,3813570,173891504.00
2013-12-27,22.20,24.60,22.01,23.73,9242720,438494976.00
2013-12-30,23.50,26.09,23.29,25.21,6518318,325061216.00
2013-12-31,24.60,24.73,23.43,23.88,4868540,238195344.00
2014-01-02,24.25,26.31,24.10,26.31,4611637,238347120.00
2014-01-03,27.04,28.20,25.43,25.72,6341716,343976416.00
2014-01-06,25.37,25.60,23.71,24.44,4294612,214804752.00
2014-01-07,24.60,25.22,23.85,24.68,3261083,162453216.00
2014-01-08,24.93,27.10,24.53,26.13,4878975,257114560.00
2014-01-09,25.75,25.97,23.48,23.50,4915363,246840960.00
2014-01-10,23.71,24.00,22.78,23.38,3079312,146095776.00
2014-01-13,23.54,23.75,23.10,23.68,2102154,100472824.00
2014-01-14,23.79,24.56,23.79,24.32,2645725,130176808.00
2014-01-15,24.31,24.84,23.76,24.73,2715379,133878040.00
2014-01-16,24.59,27.24,24.35,26.64,5976590,319220288.00
2014-01-17,26.32,26.50,25.19,25.42,3202747,168404320.00
2014-01-20,25.12,26.19,24.11,24.55,2040133,104005456.00
2014-01-21,24.78,25.10,22.89,24.25,3614912,175415648.00
2014-01-22,24.06,24.82,23.10,24.77,2838528,138654592.00
2014-01-23,24.60,25.58,24.16,24.98,2674354,135580768.00
2014-01-24,25.10,27.35,24.90,25.61,4064125,214898400.00
2014-01-27,25.61,28.21,25.36,28.21,4465489,247471168.00
2014-01-28,28.86,29.08,25.35,26.59,5116105,280667968.00
2014-01-29,27.05,28.33,25.85,27.50,3737015,205836432.00
2014-01-30,27.44,30.29,27.00,30.29,4042336,239352064.00
2014-02-07,30.47,31.83,29.49,31.11,4625306,287840064.00
2014-02-10,30.95,31.70,30.09,31.17,3198529,199373376.00
2014-02-11,31.26,34.00,30.62,32.80,3604570,235226672.00
2014-02-12,32.60,36.12,32.26,36.12,3802158,266636912.00
2014-02-13,36.50,37.32,34.21,34.72,3556093,259074400.00
2014-02-14,35.18,38.23,34.78,38.23,2810406,211140432.00
2014-02-17,39.10,41.50,37.35,37.55,5083948,400058560.00
2014-02-18,37.65,38.85,37.20,38.48,3579333,274844000.00
2014-02-19,38.02,38.45,34.60,36.29,3863616,283288544.00
2014-02-20,36.29,38.35,35.70,36.85,2832847,213206352.00
2014-02-21,38.60,40.58,35.10,35.56,6456177,501642848.00
2014-02-24,34.71,35.10,33.40,34.83,4221869,293197760.00
2014-02-25,34.45,35.49,31.31,31.40,4526534,304896416.00
2014-02-26,31.10,34.58,30.83,34.58,4937463,330794176.00
2014-02-27,35.25,35.54,31.10,31.10,8564800,280740064.00
2014-02-28,29.46,30.30,28.53,29.78,7533743,223111312.00
2014-03-03,29.74,31.10,29.48,29.99,6215919,188931728.00
2014-03-04,29.20,30.80,28.50,29.62,5837257,173212496.00
2014-03-05,29.40,32.60,29.11,32.60,9379269,297247648.00
2014-03-06,33.55,35.88,33.40,35.88,15242100,540300544.00
2014-03-07,36.60,36.98,34.00,36.40,12699327,453632736.00
2014-03-10,35.60,35.66,32.80,33.69,6808763,234885424.00
2014-03-11,34.30,37.08,33.75,35.85,11709307,423606144.00
2014-03-12,34.30,34.30,32.25,32.25,4158460,135927088.00
2014-03-13,29.11,33.29,29.10,32.21,8089145,251253552.00
2014-03-14,31.20,31.80,30.31,30.50,5835313,181563216.00
2014-03-17,30.28,31.89,28.80,31.47,4919522,152992960.00
2014-03-18,31.45,33.30,31.00,31.82,6293056,204463696.00
2014-03-19,31.30,33.02,30.95,32.50,5241708,169543744.00
2014-03-20,32.31,32.31,29.23,29.30,5544312,172636272.00
2014-03-21,28.06,30.17,28.06,29.94,3558922,106072480.00
2014-03-24,30.22,30.24,28.21,28.31,4499685,130418448.00
2014-03-25,28.20,28.20,26.80,27.39,4400395,121031840.00
2014-03-26,27.40,28.00,27.10,27.68,3297167,91567672.00
2014-03-27,27.41,27.59,25.08,25.10,5339216,139491744.00
2014-03-28,25.04,25.40,23.52,23.93,4749966,116093608.00
2014-03-31,24.01,24.29,23.20,23.62,2799230,67185952.00
2014-04-01,23.85,24.47,23.71,24.47,3270079,79757656.00
2014-04-02,24.35,24.57,23.28,23.78,3397940,81183968.00
2014-04-03,23.67,24.93,23.41,24.33,3963774,97309056.00
2014-04-04,24.29,25.08,24.07,24.82,3502711,87241168.00
2014-04-08,24.31,25.02,24.00,24.94,2844747,70353632.00
2014-04-09,24.92,26.48,24.92,26.18,5536905,143849376.00
2014-04-10,26.00,26.15,25.22,25.30,4802846,124175776.00
2014-04-11,24.81,25.10,24.35,24.40,3009444,74695344.00
2014-04-14,24.30,24.97,24.25,24.66,2139578,53116496.00
2014-04-15,24.61,24.66,24.07,24.27,1970266,48183772.00
2014-04-16,24.25,24.51,24.08,24.19,1332185,32615818.00
2014-04-17,24.20,24.68,24.11,24.57,1743343,43032120.00
2014-04-18,24.58,24.77,24.30,24.64,1539882,38213588.00
2014-04-21,24.59,24.78,23.92,23.97,2056508,50756324.00
2014-04-22,23.81,24.08,22.02,22.90,3451335,79951072.00
2014-04-23,22.80,22.98,22.41,22.55,1266125,28902674.00
2014-04-24,22.67,24.83,22.20,24.83,4336818,104246968.00
2014-04-25,25.70,26.78,25.42,25.46,10371273,271999296.00
2014-04-28,25.22,25.22,22.89,22.89,5384817,128407032.00
2014-04-29,22.89,24.00,21.38,23.60,5406605,124208088.00
2014-04-30,23.30,23.45,22.61,22.70,3838082,88763552.00
2014-05-05,22.54,23.27,22.09,23.13,3024980,69719376.00
2014-05-06,23.00,23.79,22.81,23.20,3480874,82140456.00
2014-05-07,22.83,23.17,22.25,22.25,2676338,61153168.00
2014-05-08,21.87,22.75,21.70,21.91,2168439,48557016.00
2014-05-09,21.94,22.43,21.61,21.96,1944833,43304752.00
2014-05-12,22.01,22.49,21.65,22.40,2205346,49265300.00
2014-05-13,22.42,24.66,22.17,23.57,5659086,135292144.00
2014-05-14,23.08,23.15,22.64,22.80,3138496,72386488.00
2014-05-15,22.74,23.19,21.93,22.05,2637514,60029736.00
2014-05-16,21.51,22.26,21.46,21.97,1697245,37403660.00
2014-05-19,21.86,22.28,21.76,22.16,1226952,27312076.00
2014-05-20,22.35,23.04,22.08,22.16,1768779,40131676.00
2014-05-21,22.02,22.45,21.65,22.44,1666880,37203776.00
2014-05-22,22.43,22.85,22.15,22.23,2167946,49327496.00
2014-05-23,22.21,22.89,22.03,22.82,2337969,53266020.00
2014-05-26,23.18,23.94,22.96,23.36,3248885,76792872.00
2014-05-27,23.37,23.58,22.71,22.89,2256272,52489672.00
2014-05-28,23.10,23.99,22.91,23.94,4044061,95937912.00
2014-05-29,24.00,24.04,23.21,23.26,2460675,58282272.00
2014-05-30,23.20,23.56,22.96,23.11,1517782,35565232.00
2014-06-03,23.12,23.43,22.77,22.80,1462255,34089956.00
2014-06-04,22.65,22.85,22.30,22.54,1537843,34937352.00
2014-06-05,22.50,23.53,22.50,23.46,2601779,60691580.00
2014-06-06,23.49,23.87,23.05,23.30,2782542,65630448.00
2014-06-09,23.10,23.23,22.62,22.74,1674644,38795896.00
2014-06-10,22.72,23.24,22.55,23.14,1712098,39681044.00
2014-06-11,23.08,23.55,22.94,23.50,2417956,56672348.00
2014-06-12,23.50,23.79,23.20,23.65,2601763,61724096.00
2014-06-13,23.65,25.17,23.60,24.45,5513390,136295040.00
2014-06-16,24.70,26.92,24.35,26.92,7181954,186450848.00
2014-06-17,27.80,27.80,25.58,26.09,7063790,188238512.00
2014-06-18,26.07,26.27,24.90,25.10,4080162,104695392.00
2014-06-19,25.16,25.77,24.21,24.69,4005968,101104200.00
2014-06-20,24.33,25.17,24.33,24.93,2185581,54673956.00
2014-06-23,24.94,26.08,24.94,25.73,3943278,101992264.00
2014-06-24,25.70,25.90,25.10,25.20,2684130,68532384.00
2014-06-25,25.25,25.30,24.34,24.45,2507387,62058460.00
2014-06-26,24.59,26.00,24.59,25.80,4596991,118655352.00
2014-06-27,25.59,26.76,25.59,25.84,5102255,134818080.00
2014-06-30,25.98,26.08,25.30,26.05,3035795,78728552.00
2014-07-01,26.35,26.36,25.74,25.97,2267550,59422220.00
2014-07-02,25.97,26.26,25.41,25.99,2526869,65896860.00
2014-07-03,26.01,26.07,25.61,25.64,1972604,51144228.00
2014-07-04,25.64,25.88,25.41,25.85,1797905,46557364.00
2014-07-07,26.04,26.29,25.50,25.66,1923614,50201292.00
2014-07-08,25.62,25.62,24.85,25.26,2135682,54200464.00
2014-07-09,25.35,25.59,24.48,24.52,2307447,58234632.00
2014-07-10,24.41,24.64,23.96,24.10,1796341,44088320.00
2014-07-11,24.03,24.62,24.02,24.49,1219286,29947410.00
2014-07-14,24.70,24.93,24.25,24.88,1321875,32796848.00
2014-07-15,24.94,24.98,24.42,24.55,1036727,25763646.00
2014-07-16,24.65,24.65,23.82,23.90,1495053,36388540.00
2014-07-17,23.69,23.89,23.20,23.26,1363469,32263364.00
2014-07-18,23.26,23.64,23.20,23.24,678767,16026659.00
2014-07-21,23.20,23.55,22.60,23.27,1204817,27988502.00
2014-07-22,23.30,23.72,23.13,23.66,867320,20566948.00
2014-07-23,23.64,23.65,22.64,22.67,1249459,28948370.00
2014-07-24,22.73,22.74,22.10,22.27,1063432,23919956.00
2014-07-25,22.43,22.58,22.17,22.42,590551,13335128.00
2014-07-28,22.48,23.18,22.48,23.10,968163,22401226.00
2014-07-29,23.10,24.65,23.10,24.44,2868629,70271456.00
2014-07-30,24.55,24.55,24.00,24.11,1449059,35288988.00
2014-07-31,23.75,24.28,23.70,24.20,1180973,28684310.00
2014-08-01,24.20,24.20,23.56,23.61,1509467,36334244.00
2014-08-04,23.70,24.02,23.41,23.93,899498,21598954.00
2014-08-05,23.98,24.69,23.60,24.53,2334655,57340260.00
2014-08-06,24.40,24.79,24.24,24.49,1576411,38985576.00
2014-08-07,24.49,24.75,24.10,24.15,1414649,34845108.00
2014-08-08,23.98,24.53,23.98,24.34,991970,24340908.00
2014-08-11,24.35,24.96,24.34,24.63,1624969,40515756.00
2014-08-12,24.55,24.79,24.51,24.63,1529808,37973536.00
2014-08-13,24.63,26.27,24.30,25.84,4992344,129878880.00
2014-08-14,25.85,26.29,25.68,25.70,3891316,101954680.00
2014-08-15,25.66,25.84,25.15,25.69,2024761,51938884.00
2014-08-18,25.67,26.22,25.32,26.14,2509905,65596456.00
2014-08-19,26.27,27.76,26.15,27.10,4818277,131556232.00
2014-08-20,27.11,27.20,26.33,26.43,2535516,67808616.00
2014-08-21,26.40,26.43,25.38,26.15,2451747,63911148.00
2014-08-22,26.09,26.36,25.81,26.23,1732843,45712272.00
2014-08-25,26.25,26.94,26.15,26.15,2199902,58667340.00
2014-08-26,26.11,26.11,24.85,24.90,2079302,53187508.00
2014-08-27,24.95,25.58,24.95,25.29,1267434,32384386.00
2014-08-28,25.40,25.40,24.61,24.80,1317023,33015738.00
2014-08-29,24.81,25.16,24.70,25.10,744161,18716680.00
2014-09-01,25.10,25.60,25.09,25.56,1120709,28784254.00
2014-09-02,25.69,26.26,25.67,25.90,1889564,49332764.00
2014-09-03,25.95,26.28,25.58,26.25,2720680,71242232.00
2014-09-04,26.25,27.04,26.01,26.83,3905662,104763936.00
2014-09-05,26.80,26.81,26.30,26.59,2282474,60963536.00
2014-09-09,26.59,26.70,26.06,26.47,1844298,49087976.00
2014-09-10,26.36,26.96,26.21,26.80,2188036,58877140.00
2014-09-11,27.19,29.50,27.10,29.50,4145977,121488688.00
2014-09-12,31.28,31.30,29.65,29.78,11894315,364087296.00
2014-09-15,29.21,29.82,28.91,29.30,4998573,147173728.00
2014-09-16,29.30,30.29,28.89,28.90,6030514,180263968.00
2014-09-17,29.00,29.19,27.16,28.00,3887934,109079040.00
2014-09-18,28.00,28.28,27.55,28.19,2527683,71164672.00
2014-09-19,28.15,28.43,27.81,28.16,2206756,62431560.00
2014-09-22,27.89,28.08,27.27,27.27,2293381,63703224.00
2014-09-23,27.28,28.05,27.26,27.89,1772834,49645124.00
2014-09-24,27.96,28.28,27.72,28.19,1859792,52594484.00
2014-09-25,28.22,28.53,27.71,27.77,2079832,58535524.00
2014-09-26,27.70,29.15,27.55,29.14,3832713,110543472.00
2014-09-29,29.28,29.47,28.71,28.93,2575514,75128824.00
2014-09-30,28.95,29.10,28.70,28.94,1810433,52565236.00
2014-10-08,29.00,29.31,28.80,29.29,2123649,62282072.00
2014-10-09,29.31,29.46,28.36,28.77,2439821,70993880.00
2014-10-10,28.50,28.61,27.91,27.94,2180874,61970896.00
2014-10-13,27.86,27.90,27.21,27.73,1683405,46680560.00
2014-10-14,27.74,28.15,27.54,27.93,1626147,45687568.00
2014-10-15,27.72,28.15,27.60,28.10,1324548,37183272.00
2014-10-16,27.98,28.60,27.55,27.58,1864024,53014384.00
2014-10-17,27.31,27.50,26.25,26.60,2506021,67365672.00
2014-10-20,26.60,27.50,26.60,27.26,1190181,32635548.00
2014-10-21,27.40,27.40,26.80,26.85,1174936,31898170.00
2014-10-22,27.11,27.11,26.40,26.45,1011637,27257794.00
2014-10-23,26.48,26.55,25.40,25.49,1401610,36456716.00
2014-10-24,25.40,25.74,25.28,25.50,862485,22242750.00
2014-10-27,25.50,26.30,25.33,26.06,710159,18550146.00
2014-10-28,26.03,26.62,26.03,26.58,1055140,28146234.00
2014-10-29,26.60,27.08,26.60,26.85,1241368,33580304.00
2014-10-30,26.99,27.00,26.50,26.56,1216629,32730090.00
2014-10-31,26.55,26.70,25.95,26.07,1267801,33552856.00
2014-11-03,26.12,27.08,26.10,27.08,1485221,39975260.00
2014-11-04,27.12,27.25,26.40,26.47,1054991,28437626.00
2014-11-05,26.39,26.90,26.36,26.54,711858,19159868.00
2014-11-06,26.60,27.38,26.46,27.38,1644202,44806264.00
2014-11-07,27.39,27.46,26.78,26.98,1534445,41896208.00
2014-11-10,26.88,27.37,26.87,27.00,1030764,28114086.00
2014-11-11,27.19,27.28,25.48,25.51,2130317,55851864.00
2014-11-12,25.48,26.19,25.47,25.89,956098,24828094.00
2014-11-13,25.90,25.90,23.80,24.35,2054958,51047592.00
2014-11-14,24.38,24.55,23.90,24.19,978420,23875658.00
2014-11-17,24.48,24.89,24.01,24.58,1029692,25536274.00
2014-11-18,24.55,25.07,24.40,24.95,782171,19611754.00
2014-11-19,24.81,25.29,24.68,25.15,978730,24643752.00
2014-11-20,25.15,25.15,24.66,24.73,707153,17660746.00
2014-11-21,24.89,25.18,24.82,25.00,944659,23856308.00
2014-11-24,25.28,25.35,24.80,24.89,1152620,29007070.00
2014-11-25,24.97,25.29,24.86,25.22,1372776,34697848.00
2014-11-26,25.22,26.06,25.03,25.90,1840829,47536928.00
2014-11-27,25.90,26.28,25.51,25.98,1658946,43218708.00
2014-11-28,25.97,26.10,25.56,25.70,1451525,37612476.00
2014-12-01,25.68,25.70,24.81,24.94,1236497,31285196.00
2014-12-02,24.94,25.42,24.88,25.18,1094703,27821756.00
2014-12-03,25.18,25.28,24.41,25.04,1784272,44411788.00
2014-12-04,24.88,25.50,24.88,25.32,1572367,40076320.00
2014-12-05,25.33,25.35,23.92,24.65,2090030,51631472.00
2014-12-08,24.65,24.65,24.00,24.08,1613471,39302816.00
2014-12-09,24.05,24.05,22.80,22.80,2309567,54202792.00
2014-12-10,22.81,23.67,22.79,23.59,1148987,27013254.00
2014-12-11,23.59,24.05,23.11,23.94,936415,22427542.00
2014-12-12,23.94,24.14,23.81,23.99,837513,20227174.00
2014-12-15,23.99,24.56,23.99,24.40,991818,24348620.00
2014-12-16,24.38,24.64,24.03,24.08,1063757,25891220.00
2014-12-17,24.08,24.10,23.37,23.52,1054496,25080314.00
2014-12-18,23.29,23.70,23.07,23.08,843437,19861158.00
2014-12-19,23.02,23.19,22.40,22.64,1043488,23995104.00
2014-12-22,22.64,23.01,20.80,21.01,1108101,24158386.00
2014-12-23,20.80,22.24,20.80,21.29,807262,17587016.00
2014-12-24,21.35,22.12,21.35,21.99,625603,13797764.00
2014-12-25,22.20,22.28,21.81,21.94,588311,13038295.00
2014-12-26,21.96,21.99,21.67,21.82,550481,12109258.00
2014-12-29,21.80,21.80,20.96,21.10,814433,17382354.00
2014-12-30,20.99,22.60,20.99,21.46,838508,18190262.00
2014-12-31,21.10,21.59,20.38,21.25,687222,14597283.00
2015-01-05,21.41,21.47,20.42,21.31,1063893,22491332.00
2015-01-06,21.14,22.14,20.83,21.99,1219439,26737776.00
2015-01-07,21.80,22.08,21.63,21.89,865518,19031550.00
2015-01-08,21.81,22.45,21.69,22.18,1215710,27146180.00
2015-01-09,22.20,22.49,21.75,21.75,1007552,22513574.00
2015-01-12,21.60,21.60,21.05,21.30,756734,16259432.00
2015-01-13,21.24,21.80,21.11,21.70,947170,20588324.00
2015-01-14,21.70,21.99,21.45,21.50,697498,15268975.00
2015-01-15,21.80,21.90,21.27,21.33,699401,15172771.00
2015-01-16,21.32,21.94,21.32,21.94,1037012,22729018.00
2015-01-19,21.94,22.95,21.50,22.23,2073494,46694296.00
2015-01-20,22.38,23.20,22.30,23.19,2144480,49691108.00
2015-01-21,23.30,23.53,22.90,23.21,1936633,45344888.00
2015-01-22,23.22,23.68,23.13,23.63,1696826,40015032.00
2015-01-23,23.65,23.67,22.80,22.87,2517977,58548028.00
2015-01-26,22.78,23.05,22.70,22.88,2090829,48191796.00
2015-01-27,22.94,22.99,22.72,22.85,1669857,38471784.00
2015-01-28,22.96,23.38,22.83,23.38,3092979,72126696.00
2015-01-29,23.28,23.28,22.77,22.89,1451783,33562020.00
2015-01-30,22.90,23.17,22.50,22.52,1220782,28023282.00
2015-02-02,22.48,23.17,22.30,22.86,1047090,24177994.00
2015-02-03,22.80,23.65,22.70,23.47,2244972,52791652.00
2015-02-04,23.40,23.50,23.18,23.31,1374120,32332316.00
2015-02-05,23.46,24.10,23.13,23.60,2725830,65090320.00
2015-02-06,23.30,23.39,22.41,22.49,2046936,47012060.00
2015-02-09,22.20,22.35,21.70,21.81,1216102,26937924.00
2015-02-10,21.81,22.10,21.70,22.00,667964,14798494.00
2015-02-11,22.00,22.15,21.86,22.06,782548,17402810.00
2015-02-12,22.13,22.50,22.07,22.30,1051303,23749206.00
2015-02-13,22.49,22.87,22.40,22.70,1204183,27584446.00
2015-02-16,22.76,23.46,22.74,23.37,1934124,45408988.00
2015-02-17,23.37,23.52,23.02,23.28,1390522,32579528.00
2015-02-25,23.60,23.90,23.21,23.48,2226063,52992460.00
2015-02-26,23.47,23.69,23.18,23.59,1572553,37218260.00
2015-02-27,23.61,24.19,23.47,24.00,2365195,57077484.00
2015-03-02,24.41,24.76,23.88,24.58,3090749,75958680.00
2015-03-03,24.70,24.84,24.11,24.12,2994870,74034496.00
2015-03-04,24.01,24.70,24.00,24.62,1983854,48967932.00
2015-03-05,24.63,25.13,24.51,24.71,2093878,52235920.00
2015-03-06,24.81,24.81,23.80,24.04,1907971,46534092.00
2015-03-09,23.97,24.90,23.80,24.90,2482787,61339724.00
2015-03-10,25.10,25.10,24.55,24.85,2184037,54209744.00
2015-03-11,24.86,24.97,24.28,24.37,1931461,47266276.00
2015-03-12,24.50,24.57,23.81,24.20,1617040,38978272.00
2015-03-13,24.16,26.15,23.94,25.97,5966725,150772528.00
2015-03-16,26.30,28.53,25.75,27.49,7755940,210990416.00
2015-03-17,27.99,28.89,27.10,27.49,5357121,147982528.00
2015-03-18,27.46,27.90,27.00,27.67,3011305,83163248.00
2015-03-19,27.60,28.51,27.44,27.99,4348904,122017656.00
2015-03-20,27.90,28.33,27.50,27.90,3551077,99149072.00
2015-03-23,28.50,30.65,28.02,30.65,6097201,182068432.00
2015-03-24,30.13,33.72,30.12,33.72,10531460,345959680.00
2015-03-25,35.08,37.09,34.01,37.09,7844813,281909632.00
2015-03-26,38.25,38.25,33.40,34.15,7883617,279008384.00
2015-03-27,34.10,35.78,34.09,34.66,4043678,141149232.00
2015-03-30,34.11,35.72,32.99,33.40,5457629,185872576.00
2015-03-31,33.62,34.56,32.70,34.29,5331754,179302912.00
2015-04-01,34.00,35.97,33.68,35.96,6159688,216229920.00
2015-04-02,36.08,36.85,34.83,35.60,5768367,205256864.00
2015-04-03,35.25,35.69,34.56,35.60,5079508,177285824.00
2015-04-07,35.59,35.94,34.80,35.32,4379913,153877264.00
2015-04-08,35.31,35.32,32.60,33.75,6772683,228116144.00
2015-04-09,33.95,33.95,31.50,32.77,4613175,149539008.00
2015-04-10,32.77,34.30,32.77,33.78,4067547,137759664.00
2015-04-13,33.94,34.50,32.88,34.48,4084733,138193920.00
2015-04-14,34.48,34.60,33.08,33.31,2304584,77763520.00
2015-04-15,33.20,33.30,30.63,30.91,3234346,102661696.00
2015-04-16,30.60,31.90,30.18,31.15,1970911,61589420.00
2015-04-17,31.38,31.65,31.00,31.44,1856215,58163820.00
2015-04-20,31.35,32.35,30.93,31.17,2282220,72558176.00
2015-04-21,31.45,32.70,31.22,32.61,3062600,99032160.00
2015-04-22,33.01,33.50,32.68,33.08,2514600,83329256.00
2015-04-23,33.39,33.72,32.69,33.25,2608527,86865496.00
2015-04-24,33.80,36.30,33.80,35.66,6470878,228123552.00
2015-04-27,35.41,36.80,33.90,34.30,4603999,160840608.00
2015-04-28,33.63,34.27,30.96,31.47,3942423,126919520.00
2015-04-29,31.30,32.50,31.01,31.91,1999187,63770600.00
2015-04-30,31.80,32.87,31.78,31.92,2081700,67352112.00
2015-05-04,31.90,33.50,31.50,33.15,2584907,84492072.00
2015-05-05,33.16,34.45,33.15,33.80,3423503,115077784.00
2015-05-06,33.60,34.55,32.10,32.48,2687043,90951848.00
2015-05-07,32.39,32.39,30.38,31.16,2045176,64099080.00
2015-05-08,31.37,32.52,31.36,32.50,2456084,78441344.00
2015-05-11,33.28,34.53,33.00,34.50,3864032,130814368.00
2015-05-12,34.71,35.28,33.72,34.50,4329261,149718688.00
2015-05-13,34.40,36.50,33.10,36.22,6172922,216479664.00
2015-05-14,39.82,39.84,38.10,39.84,2359799,93882032.00
2015-05-15,40.80,42.00,37.90,38.60,7386972,292747584.00
2015-05-18,38.48,40.98,38.48,39.54,4530895,179920560.00
2015-05-19,39.50,39.98,37.88,38.44,8599972,332873408.00
2015-05-20,38.35,40.36,38.32,38.99,7660465,301072992.00
2015-05-21,38.99,42.28,38.49,40.99,10548027,421371680.00
2015-05-22,41.12,42.50,39.00,40.80,9205634,373160352.00
2015-05-25,39.60,42.47,38.71,42.23,8089774,332819648.00
2015-05-26,42.05,43.51,42.05,42.60,7281124,312046592.00
2015-05-27,42.75,43.23,40.71,41.60,6297054,262135840.00
2015-05-28,41.59,44.62,40.00,40.00,8186751,351463392.00
2015-05-29,39.62,41.47,38.22,41.00,5512179,221329120.00
2015-06-01,41.44,44.35,41.00,44.20,5564639,238646784.00
2015-06-02,45.76,48.62,43.88,48.62,7631107,356946080.00
2015-06-03,50.00,52.66,47.00,51.55,7843798,397022016.00
2015-06-04,50.12,51.30,46.40,50.70,5051456,246505792.00
2015-06-05,50.70,52.46,47.08,48.50,4938851,247169024.00
2015-06-08,49.49,50.48,45.30,46.30,4454741,212113536.00
2015-06-09,46.50,48.03,45.01,46.37,3498908,162537488.00
2015-06-10,46.49,48.54,45.81,47.90,3826683,181247808.00
2015-06-11,47.69,48.18,46.52,47.75,3270302,154449424.00
2015-06-12,47.82,52.53,46.56,51.63,6083348,302775968.00
2015-06-15,51.58,54.50,51.11,52.41,5323580,282391456.00
2015-06-16,51.06,51.45,47.17,48.00,3896774,191502608.00
2015-06-17,48.30,48.99,45.18,48.28,2884908,136229312.00
2015-06-18,48.00,48.38,43.45,43.45,3460926,158118112.00
2015-06-19,41.49,43.28,39.11,39.11,3426772,138739040.00
2015-06-23,38.59,40.18,35.50,38.20,3413986,129800672.00
2015-06-24,38.81,40.00,36.55,37.80,6357076,241760048.00
2015-06-25,38.00,38.50,35.01,35.78,3533507,132407520.00
2015-06-26,34.08,34.61,32.20,32.20,3770907,123556632.00
2015-06-29,32.49,32.60,28.98,28.98,4070816,121052680.00
2015-06-30,26.98,31.25,26.08,29.89,6223632,175690352.00
2015-07-01,29.00,30.98,26.90,26.90,5119834,150983936.00
2015-07-02,25.50,27.77,24.21,24.21,4558165,115946224.00
2015-07-03,23.00,25.97,21.90,22.50,5212409,121225392.00
2015-07-06,24.75,24.75,20.25,20.28,6705344,145689088.00
2015-07-07,19.00,19.48,18.25,18.25,2077700,38507328.00
2015-07-08,16.43,17.99,16.43,17.09,13857077,229913200.00
2015-07-09,16.55,18.80,16.16,18.80,9183036,164232496.00
2015-07-17,20.68,20.68,20.68,20.68,42815,885414.19
2015-07-20,22.75,22.75,22.75,22.75,527673,12004561.00
2015-07-21,25.03,25.03,24.00,25.03,13962004,344408032.00
2015-07-22,26.00,27.53,25.28,27.53,15197326,401668864.00
2015-07-23,27.00,28.42,26.60,28.09,11834084,325611808.00
2015-07-24,28.00,29.90,27.58,27.89,8877248,254102464.00
2015-07-27,27.20,28.37,25.10,25.10,6748997,181537936.00
2015-07-28,23.05,25.59,22.59,22.66,6367069,148392784.00
2015-07-29,23.60,24.93,22.02,24.93,5527252,129532072.00
2015-07-30,25.10,26.39,23.68,23.90,6348872,162053008.00
2015-07-31,23.42,24.60,22.50,23.55,4086772,97666840.00
2015-08-03,23.49,23.54,21.20,21.20,4772630,104478120.00
2015-08-04,21.38,23.32,21.31,23.32,4060261,91208624.00
2015-08-05,23.35,24.36,23.18,23.40,5119914,121616776.00
2015-08-06,23.48,25.60,23.10,24.79,5538519,136334096.00
2015-08-07,24.80,26.07,24.79,26.04,6880369,175574992.00
2015-08-10,25.83,27.84,25.56,27.13,8282767,219238416.00
2015-08-11,26.90,27.29,26.16,26.42,6280432,167693360.00
2015-08-12,26.38,26.54,25.25,25.36,4191474,108497632.00
2015-08-13,25.19,26.45,25.19,26.28,4777180,123305704.00
2015-08-14,26.50,26.98,26.03,26.12,5192460,138306224.00
2015-08-17,26.00,26.00,25.11,25.91,4269692,109133160.00
2015-08-18,26.15,26.60,23.32,23.32,5639949,142230176.00
2015-08-19,22.22,24.33,21.02,24.02,5230562,119129680.00
2015-08-20,23.80,24.35,22.62,22.80,3444500,81332992.00
2015-08-21,22.60,23.46,21.65,22.26,3714445,84492496.00
2015-08-24,21.10,21.10,20.03,20.03,2736537,55325340.00
2015-08-25,18.06,18.93,18.03,18.03,2977500,54192868.00
2015-08-26,18.10,18.96,16.36,17.14,4966189,88649896.00
2015-08-27,17.80,18.85,16.87,18.85,3686283,65984820.00
2015-08-28,19.28,20.74,18.88,20.70,4747825,93394632.00
2015-08-31,20.28,20.28,18.73,18.73,3616745,70462216.00
2015-09-01,18.38,18.38,16.95,17.00,2657431,46527416.00
2015-09-02,16.00,18.10,15.80,16.36,2852128,48663216.00
2015-09-07,17.00,17.88,16.80,17.29,2610155,45403548.00
2015-09-08,17.08,18.99,17.08,18.96,2704790,48607192.00
2015-09-09,19.44,20.15,19.04,19.71,3923879,77077432.00
2015-09-10,19.20,19.70,19.02,19.08,2389301,46299968.00
2015-09-11,19.10,19.56,18.58,19.39,2517116,48281288.00
2015-09-14,19.44,19.96,17.45,17.45,3380130,63055852.00
2015-09-15,17.10,17.85,16.21,16.36,2783240,47102200.00
2015-09-16,16.68,18.00,16.50,18.00,2622552,45314648.00
2015-09-17,18.14,19.09,17.65,17.65,3790603,70051712.00
2015-09-22,19.20,19.20,19.20,19.20,0,0.00
数据来源:通达信
