300339 润和软件 日线 前复权
      日期	    开盘	    最高	    最低	    收盘	    成交量	    成交额
2012-07-18,8.85,8.85,7.25,7.48,15097310,377211616.00
2012-07-19,7.65,7.95,7.42,7.54,9312678,227639072.00
2012-07-20,7.52,7.78,7.49,7.58,6108734,148457872.00
2012-07-23,7.35,7.38,6.78,7.25,6049779,137162784.00
2012-07-24,7.38,8.02,7.35,8.02,8184989,203476848.00
2012-07-25,8.06,8.52,8.04,8.05,10016196,261939392.00
2012-07-26,7.79,8.35,7.53,8.29,7909991,199832816.00
2012-07-27,8.27,8.42,7.77,7.78,5746012,147789728.00
2012-07-30,7.62,7.91,7.26,7.60,3949261,96070328.00
2012-07-31,7.44,7.52,6.88,6.92,4571863,104659256.00
2012-08-01,6.87,7.25,6.87,7.01,3174857,71542248.00
2012-08-02,7.00,7.25,6.86,7.15,2802568,63622352.00
2012-08-03,7.09,7.48,7.04,7.42,3376143,78902584.00
2012-08-06,7.32,7.81,7.26,7.67,3289915,78920072.00
2012-08-07,7.62,7.84,7.52,7.52,2398729,58108160.00
2012-08-08,7.51,7.77,7.25,7.39,3236850,77756912.00
2012-08-09,7.35,7.88,7.33,7.78,3465660,84430224.00
2012-08-10,7.71,8.04,7.71,7.82,3184427,79922504.00
2012-08-13,7.78,8.01,7.78,7.81,2473045,62254444.00
2012-08-14,7.81,7.98,7.58,7.95,1758349,43892172.00
2012-08-15,7.96,8.15,7.92,7.95,2118815,54167856.00
2012-08-16,7.85,7.93,7.65,7.65,1323887,32752068.00
2012-08-17,7.68,7.80,7.54,7.77,1051923,25806186.00
2012-08-20,7.71,8.13,7.71,8.04,1937493,49115804.00
2012-08-21,7.97,8.31,7.92,8.24,2535156,65411484.00
2012-08-22,8.23,8.34,8.05,8.20,1783795,46451524.00
2012-08-23,8.22,8.58,8.22,8.40,1993655,53107004.00
2012-08-24,8.28,8.46,7.99,8.00,1610032,41957344.00
2012-08-27,7.98,8.13,7.92,7.95,1046050,26602910.00
2012-08-28,7.88,8.28,7.83,8.23,1310505,33721476.00
2012-08-29,8.22,8.81,8.13,8.45,2009497,54163428.00
2012-08-30,8.34,8.73,7.87,8.12,2492716,65071088.00
2012-08-31,8.05,8.34,7.88,8.30,1469785,37910692.00
2012-09-03,8.27,8.58,8.22,8.51,1696858,45569340.00
2012-09-04,8.47,8.93,8.47,8.47,2285051,62811976.00
2012-09-05,8.42,8.88,8.28,8.60,1669005,45377644.00
2012-09-06,8.63,8.82,8.38,8.79,1916604,52151884.00
2012-09-07,8.78,9.18,8.72,9.00,2135236,60517300.00
2012-09-10,9.07,9.24,8.89,9.21,1770524,50753580.00
2012-09-11,9.15,9.21,8.88,8.95,1098656,31270044.00
2012-09-12,8.99,9.05,8.68,8.78,1522762,42658108.00
2012-09-13,8.83,8.83,8.50,8.51,1820863,49651624.00
2012-09-14,8.52,8.71,8.43,8.54,1727189,46863188.00
2012-09-17,8.52,8.59,8.26,8.30,1157161,30942040.00
2012-09-18,8.27,8.53,8.27,8.39,842736,22548460.00
2012-09-19,8.39,8.49,8.17,8.18,921637,24318104.00
2012-09-20,8.19,8.19,7.63,7.72,1668177,42009528.00
2012-09-21,7.71,7.88,7.68,7.81,1007854,24981982.00
2012-09-24,7.80,8.00,7.71,7.98,557194,14057195.00
2012-09-25,7.90,8.03,7.80,7.94,544510,13767647.00
2012-09-26,7.90,7.90,7.45,7.58,666573,16160469.00
2012-09-27,7.49,7.78,7.49,7.72,321893,7850052.50
2012-09-28,7.73,7.80,7.59,7.70,632426,15381887.00
2012-10-08,7.70,7.78,7.47,7.56,670462,16091924.00
2012-10-09,7.56,7.98,7.54,7.98,1083789,26782426.00
2012-10-10,7.97,8.26,7.85,8.20,1081507,27666688.00
2012-10-11,8.13,8.38,7.94,7.97,726699,18792922.00
2012-10-12,8.05,8.12,7.77,8.04,916011,22872174.00
2012-10-15,7.97,8.00,7.77,7.88,370541,9224166.00
2012-10-16,7.87,8.15,7.86,8.09,639021,16284470.00
2012-10-17,8.08,8.16,7.97,8.13,361860,9251003.00
2012-10-18,8.13,8.23,8.02,8.18,420608,10821503.00
2012-10-19,8.30,8.43,8.19,8.20,614474,16098269.00
2012-10-22,8.16,8.22,7.97,8.20,319097,8181866.50
2012-10-23,8.20,8.22,8.00,8.13,286528,7325225.50
2012-10-24,8.16,8.21,8.03,8.04,368715,9429534.00
2012-10-25,8.07,8.17,7.77,7.79,471000,11884029.00
2012-10-26,7.78,7.83,7.57,7.67,688003,16788746.00
2012-10-29,7.68,7.97,7.58,7.91,415148,10322273.00
2012-10-30,7.95,8.02,7.85,7.90,292624,7350823.50
2012-10-31,7.90,8.06,7.86,8.03,246895,6205263.50
2012-11-01,8.03,8.19,8.00,8.14,501393,12834762.00
2012-11-02,8.16,8.27,8.08,8.15,410242,10585833.00
2012-11-05,8.14,8.19,7.86,7.87,526258,13252102.00
2012-11-06,7.90,7.96,7.84,7.93,492912,12337288.00
2012-11-07,7.92,7.99,7.88,7.91,193177,4836744.00
2012-11-08,7.87,7.93,7.70,7.77,383472,9483580.00
2012-11-09,7.76,7.82,7.70,7.80,251613,6186673.00
2012-11-12,7.78,7.87,7.74,7.80,266804,6590682.00
2012-11-13,7.82,7.96,7.70,7.86,360160,8933702.00
2012-11-14,7.80,8.02,7.79,7.96,355808,8900610.00
2012-11-15,7.93,7.93,7.46,7.46,487035,11817406.00
2012-11-16,7.41,7.52,7.23,7.37,331416,7752057.50
2012-11-19,7.39,7.49,7.24,7.47,294440,6862645.50
2012-11-20,7.53,7.53,7.35,7.38,254178,5976266.00
2012-11-21,7.36,7.43,7.24,7.40,356182,8319897.00
2012-11-22,7.38,7.38,7.07,7.11,515115,11790928.00
2012-11-23,7.15,7.22,7.07,7.18,263194,5978810.00
2012-11-26,7.18,7.20,6.94,6.96,189983,4281995.50
2012-11-27,6.99,6.99,6.75,6.78,271976,5928213.50
2012-11-28,6.74,6.79,6.70,6.78,176494,3795385.25
2012-11-29,6.83,6.83,6.47,6.50,180094,3858394.00
2012-11-30,6.54,6.66,6.27,6.47,284839,5923283.00
2012-12-03,6.39,6.48,6.14,6.30,199073,4039455.50
2012-12-04,6.30,6.43,6.14,6.42,137232,2763495.75
2012-12-05,6.31,6.88,6.31,6.76,503674,10797342.00
2012-12-06,6.76,6.84,6.65,6.72,254489,5491492.00
2012-12-07,6.66,6.87,6.66,6.84,295295,6388823.00
2012-12-10,6.88,6.96,6.80,6.95,294467,6477389.00
2012-12-11,6.93,6.93,6.80,6.84,237101,5179890.50
2012-12-12,6.78,7.19,6.73,7.07,503889,11262516.00
2012-12-13,7.03,7.19,6.97,7.16,644539,14619408.00
2012-12-14,7.17,7.50,7.10,7.42,486504,11332376.00
2012-12-17,7.40,7.63,7.35,7.52,518372,12321569.00
2012-12-18,7.52,7.57,7.27,7.33,400908,9409740.00
2012-12-19,7.23,7.59,7.20,7.59,425002,10071642.00
2012-12-20,7.58,8.07,7.50,7.81,650760,16126712.00
2012-12-21,7.82,8.18,7.79,8.09,945688,24016458.00
2012-12-24,8.10,8.62,8.07,8.57,1622582,42969680.00
2012-12-25,8.49,8.70,8.34,8.59,1697947,45516752.00
2012-12-26,8.53,8.88,8.43,8.74,942677,25858636.00
2012-12-27,8.74,8.83,8.17,8.18,980848,26108746.00
2012-12-28,8.19,8.73,8.10,8.49,1437469,38269392.00
2012-12-31,8.50,8.56,8.23,8.50,710355,18668766.00
2013-01-04,8.52,9.09,8.43,8.87,1549184,42518688.00
2013-01-07,8.83,8.93,8.66,8.92,977018,27083866.00
2013-01-08,8.92,9.56,8.90,9.13,1372618,39581848.00
2013-01-09,8.97,9.06,8.57,8.72,1263026,34943488.00
2013-01-10,8.78,8.89,8.61,8.73,632377,17396808.00
2013-01-11,9.64,9.64,9.64,9.64,1393690,42131248.00
2013-01-14,10.07,10.42,9.67,10.20,7321392,230768112.00
2013-01-15,9.90,10.10,9.77,9.96,4012271,124382512.00
2013-01-16,9.79,10.12,9.70,9.89,2677408,83401184.00
2013-01-17,9.80,9.81,9.45,9.47,2632627,79330848.00
2013-01-18,9.51,9.65,9.42,9.55,1398103,41756240.00
2013-01-21,9.54,9.89,9.53,9.85,2461805,74753000.00
2013-01-22,9.73,9.82,8.90,9.28,1795235,52915048.00
2013-01-23,9.13,9.46,9.13,9.42,1032749,30176964.00
2013-01-24,9.36,9.50,8.87,8.97,1407471,40548200.00
2013-01-25,9.00,9.12,8.90,8.98,682423,19380186.00
2013-01-28,9.01,9.27,9.01,9.22,1227436,35280884.00
2013-01-29,9.22,9.63,9.17,9.41,1340792,39683248.00
2013-01-30,9.40,9.47,8.99,9.12,1328079,38191900.00
2013-01-31,9.13,9.13,8.90,9.02,905451,25601086.00
2013-02-01,8.97,9.21,8.97,9.10,605032,17332644.00
2013-02-04,9.14,9.32,8.93,9.07,654366,18681136.00
2013-02-05,9.09,9.62,9.07,9.53,1819468,53821680.00
2013-02-06,9.57,9.60,9.41,9.52,824358,24584302.00
2013-02-07,9.49,9.76,9.45,9.66,1015381,30684724.00
2013-02-08,9.67,9.82,9.58,9.77,1372963,41881996.00
2013-02-18,9.76,9.77,9.43,9.53,1310692,39216728.00
2013-02-19,9.50,9.56,9.27,9.28,921668,27096530.00
2013-02-20,9.30,9.46,9.19,9.43,747533,21946502.00
2013-02-21,9.38,9.47,9.10,9.15,903474,26297468.00
2013-02-22,9.07,9.27,9.07,9.14,536070,15477216.00
2013-02-25,9.14,9.30,9.03,9.23,738992,21301516.00
2013-02-26,9.20,9.46,9.14,9.20,851472,24925038.00
2013-02-27,9.24,9.29,9.05,9.09,699062,20043984.00
2013-02-28,9.13,9.33,9.04,9.30,926461,26805228.00
2013-03-01,9.32,9.52,9.27,9.51,1098040,32426478.00
2013-03-04,9.50,9.50,9.12,9.14,1127561,32973466.00
2013-03-05,9.15,9.35,9.12,9.35,758009,21983604.00
2013-03-06,9.38,9.71,9.38,9.57,2056461,61810844.00
2013-03-07,9.64,9.80,9.30,9.37,2091809,62829084.00
2013-03-08,9.40,9.56,9.26,9.31,921080,27253056.00
2013-03-11,9.28,9.45,9.20,9.22,681983,19903310.00
2013-03-12,9.22,9.26,8.50,8.65,1540798,42829412.00
2013-03-13,8.64,8.70,8.44,8.66,534653,14432387.00
2013-03-14,8.63,8.78,8.57,8.76,418466,11477770.00
2013-03-15,8.75,8.97,8.57,8.80,688494,19118120.00
2013-03-18,8.80,9.02,8.80,8.92,786111,22035708.00
2013-03-19,9.03,9.18,8.89,8.93,1568751,44520676.00
2013-03-20,8.93,9.86,8.90,9.73,3272105,97103824.00
2013-03-21,9.70,9.82,9.63,9.82,1712894,52209424.00
2013-03-22,9.83,10.01,9.70,9.78,1469847,45358492.00
2013-03-25,9.78,9.96,9.66,9.88,1293912,39867048.00
2013-03-26,9.88,10.03,9.61,9.97,1276802,39243124.00
2013-03-27,9.97,10.00,9.63,9.69,996045,30646976.00
2013-03-28,9.57,9.62,9.16,9.20,1439443,42401184.00
2013-03-29,9.24,9.36,9.09,9.30,912407,26562288.00
2013-04-01,9.23,10.00,9.15,9.81,1650886,50427064.00
2013-04-02,9.95,10.09,9.50,9.61,1611756,49539240.00
2013-04-03,9.55,9.70,9.27,9.62,882482,26219404.00
2013-04-08,9.42,10.53,9.37,10.30,2326072,73294640.00
2013-04-09,10.31,10.63,10.20,10.40,2177165,70889784.00
2013-04-10,10.41,10.44,10.03,10.14,1314395,41887940.00
2013-04-11,10.22,10.29,9.84,9.87,1252646,39514660.00
2013-04-12,9.76,9.96,9.70,9.78,826874,25440566.00
2013-04-15,9.73,10.06,9.68,9.81,822304,25452124.00
2013-04-16,9.69,10.03,9.47,10.03,1297792,39548152.00
2013-04-17,9.96,10.28,9.93,10.26,1388154,43942584.00
2013-04-18,10.05,10.23,9.97,10.10,1536109,48541960.00
2013-04-19,10.27,11.12,10.27,10.95,3111747,104680192.00
2013-04-22,10.95,11.68,10.79,11.60,3130062,109105824.00
2013-04-23,11.47,11.54,11.13,11.26,2202335,77516704.00
2013-04-24,11.23,12.13,11.20,12.03,2673453,98033384.00
2013-04-25,12.13,12.43,11.11,11.17,2949361,108243216.00
2013-04-26,11.19,11.37,10.57,10.77,1768759,60075256.00
2013-05-02,10.71,11.32,10.67,11.29,1292503,44620940.00
2013-05-03,11.40,11.86,11.32,11.81,1959322,70882408.00
2013-05-06,11.89,12.23,11.74,11.94,2023873,75643872.00
2013-05-07,11.67,11.87,11.42,11.53,2037961,73464872.00
2013-05-08,11.59,12.41,11.57,12.29,2630990,98571672.00
2013-05-09,12.12,12.75,12.07,12.71,2775101,107140856.00
2013-05-10,12.57,13.19,11.90,11.93,2858919,110276576.00
2013-05-13,11.87,13.00,11.80,12.90,2417589,93096776.00
2013-05-14,12.74,12.97,12.06,12.18,2257165,86899104.00
2013-05-15,12.19,12.36,11.65,12.17,2475340,92553944.00
2013-05-16,12.08,12.23,10.97,11.39,8422628,150783872.00
2013-05-17,11.07,11.51,11.07,11.35,5090930,89152184.00
2013-05-20,11.38,11.80,11.22,11.66,4815476,86578840.00
2013-05-21,11.80,12.13,11.63,12.05,4992221,91800360.00
2013-05-22,12.06,12.06,11.20,11.21,5679041,101282472.00
2013-05-23,11.09,11.55,10.98,11.12,3832382,66671548.00
2013-05-24,11.18,11.48,11.13,11.44,3284002,57686296.00
2013-05-27,11.51,11.68,11.30,11.47,3185646,56490944.00
2013-05-28,11.43,11.53,10.70,10.77,4848296,82197192.00
2013-05-29,10.87,11.03,10.77,10.90,2214504,37457228.00
2013-05-30,10.82,11.21,10.77,11.10,2922011,50150088.00
2013-05-31,11.17,11.49,11.03,11.07,3609763,63077060.00
2013-06-03,11.07,11.16,10.69,10.81,2815223,47264456.00
2013-06-04,10.73,10.77,10.14,10.24,2934134,47331692.00
2013-06-05,10.24,10.39,10.15,10.27,1432643,22829848.00
2013-06-06,10.20,10.35,10.07,10.15,1305686,20718958.00
2013-06-07,10.15,10.30,9.94,10.17,1282028,20200464.00
2013-06-13,9.97,10.49,9.65,10.39,2405867,37905108.00
2013-06-14,10.43,10.75,10.42,10.67,2669750,44114728.00
2013-06-17,10.67,11.28,10.37,11.13,4540871,76890000.00
2013-06-18,10.94,11.09,10.64,10.91,3203148,53943588.00
2013-06-19,10.81,10.86,10.50,10.69,1704201,28236542.00
2013-06-20,10.70,10.84,9.84,9.86,2201732,35472588.00
2013-06-21,9.61,9.69,9.20,9.43,2072363,30502372.00
2013-06-24,9.47,9.65,8.72,8.91,2042766,29513594.00
2013-06-25,8.73,9.26,8.18,9.18,2167781,29694800.00
2013-06-26,9.18,10.13,9.13,10.13,2871833,43229040.00
2013-06-27,10.67,11.19,10.67,11.19,12975609,222997520.00
2013-06-28,11.19,11.81,10.80,11.22,14217404,248902880.00
2013-07-01,11.17,12.07,10.90,11.88,11045736,196077024.00
2013-07-02,11.64,12.05,11.45,11.61,11230150,203379088.00
2013-07-03,11.77,12.81,11.71,12.81,11388607,215676976.00
2013-07-04,12.80,12.81,12.04,12.31,10492924,201076000.00
2013-07-05,12.37,12.41,11.70,11.74,6968215,130342216.00
2013-07-08,11.30,11.49,10.70,10.99,5143304,88311728.00
2013-07-09,11.01,11.59,10.84,11.47,5423201,94821032.00
2013-07-10,11.55,11.60,11.27,11.45,4298054,75972544.00
2013-07-11,11.47,11.67,11.00,11.35,4883933,85731136.00
2013-07-12,11.26,12.15,11.17,11.70,6515793,119101368.00
2013-07-15,11.74,12.47,11.50,12.35,6800253,127286000.00
2013-07-16,12.17,12.21,11.86,12.15,6217277,115593176.00
2013-07-17,12.02,12.74,11.90,12.36,7587794,145808096.00
2013-07-18,12.11,13.11,11.69,12.89,9744001,187991104.00
2013-07-19,12.70,13.26,11.97,11.97,10646077,209593024.00
2013-07-22,11.63,12.29,11.57,12.23,7114969,132207640.00
2013-07-23,12.21,12.83,12.17,12.72,7364428,142142400.00
2013-07-24,12.63,14.03,12.57,14.03,15177033,315764544.00
2013-07-25,13.72,13.89,12.59,12.59,16745581,339879008.00
2013-07-26,12.23,12.83,11.71,12.31,10781919,204080608.00
2013-07-29,12.17,12.29,11.64,11.67,5621357,103468200.00
2013-07-30,11.75,11.95,10.87,11.19,6892848,120136048.00
2013-07-31,11.22,11.74,11.09,11.41,5238636,93038008.00
2013-08-01,11.39,12.59,11.34,12.38,9756477,183597504.00
2013-08-02,12.40,12.94,12.37,12.44,10011617,195239264.00
2013-08-05,12.37,12.53,12.07,12.48,7897642,149818528.00
2013-08-06,12.45,13.34,12.34,12.81,10394806,207537392.00
2013-08-07,12.63,12.75,12.11,12.23,7107281,135584976.00
2013-08-08,12.13,12.60,11.87,12.21,5332248,101126608.00
2013-08-09,12.30,12.47,11.57,11.75,6741993,124011016.00
2013-08-12,11.77,12.14,11.57,11.89,4546774,83276600.00
2013-08-13,11.89,12.22,11.75,12.03,3953556,73496216.00
2013-08-14,12.06,12.53,11.73,12.33,8647176,162799120.00
2013-08-15,12.23,12.39,11.84,11.87,5533331,103750880.00
2013-08-16,11.64,12.41,11.63,11.71,6325519,117451040.00
2013-08-19,11.55,12.39,11.55,12.35,6458611,121179680.00
2013-08-20,12.39,12.79,12.18,12.68,10118288,196469696.00
2013-08-21,12.64,13.72,12.44,13.32,14113436,286584480.00
2013-08-22,13.10,14.55,13.02,13.94,15775512,335535488.00
2013-08-23,13.87,14.06,13.07,13.55,11635120,243809984.00
2013-08-26,13.60,13.89,13.28,13.57,7242874,151435776.00
2013-08-27,13.69,14.03,13.07,13.93,10230368,214140944.00
2013-08-28,13.67,13.79,13.31,13.49,8025486,167483120.00
2013-08-29,13.39,14.43,13.33,14.17,12052224,260001904.00
2013-08-30,14.14,14.14,12.72,12.72,10020340,205716016.00
2013-09-02,12.50,13.03,12.07,12.73,3719153,72826888.00
2013-09-03,12.69,13.27,12.53,13.13,4501952,90239824.00
2013-09-04,13.07,13.08,12.65,12.75,4412590,87287512.00
2013-09-05,12.69,13.34,12.50,13.06,6858570,138004016.00
2013-09-06,12.87,13.00,12.63,12.79,6877860,135621712.00
2013-09-09,12.79,12.91,12.23,12.60,6089507,117395960.00
2013-09-10,12.56,12.77,12.30,12.48,4672113,90391912.00
2013-09-11,12.30,12.50,11.44,11.77,9540436,173487072.00
2013-09-12,11.71,12.16,11.63,11.95,3656948,67582920.00
2013-09-13,11.97,12.21,11.73,12.10,3958197,73756464.00
2013-09-16,12.00,12.40,11.93,12.23,4075433,76846592.00
2013-09-17,12.17,12.24,11.72,11.73,3204802,58969716.00
2013-09-18,11.70,11.99,11.63,11.95,2030103,37162972.00
2013-09-23,11.97,12.35,11.95,12.33,3534195,66679868.00
2013-09-24,12.33,12.66,12.23,12.55,5348758,103511312.00
2013-09-25,12.54,12.54,12.16,12.21,3292506,62404032.00
2013-09-26,12.20,12.29,11.71,11.71,3366251,62496860.00
2013-09-27,11.73,12.03,11.73,12.00,1924237,35452528.00
2013-09-30,12.19,12.53,12.19,12.28,3274936,62453516.00
2013-10-08,12.16,13.39,12.16,13.10,7321685,144962256.00
2013-10-09,12.99,13.59,12.92,13.22,6455164,131986664.00
2013-10-10,13.14,13.60,12.84,12.97,5502565,112412288.00
2013-10-11,13.10,13.42,12.79,12.83,3991210,80227416.00
2013-10-14,12.83,13.40,12.77,13.19,4052601,82141112.00
2013-10-15,13.17,13.86,13.04,13.43,6710739,139748848.00
2013-10-16,13.28,13.37,12.23,12.39,5767147,112023456.00
2013-10-17,12.49,12.59,12.20,12.21,3050105,58251504.00
2013-10-18,12.27,13.38,12.11,13.11,4962512,98206392.00
2013-10-21,13.13,13.63,13.13,13.43,5956292,122955696.00
2013-10-22,13.64,14.00,12.91,12.93,6304784,130659768.00
2013-10-23,12.83,13.03,12.10,12.32,4342677,83102480.00
2013-10-24,12.32,12.87,12.23,12.54,2908080,56504508.00
2013-10-25,12.69,12.75,11.77,12.07,3466536,65106552.00
2013-10-28,12.29,12.69,12.18,12.41,4847272,92879816.00
2013-10-29,12.45,13.02,11.83,12.82,7422536,143780032.00
2013-10-30,13.01,13.97,12.77,13.69,12305329,255029584.00
2013-10-31,13.48,13.70,13.00,13.02,7130969,146295888.00
2013-11-01,12.94,14.19,12.77,13.82,12748887,269617984.00
2013-11-04,13.63,14.65,13.45,14.22,11161200,243977120.00
2013-11-05,14.05,14.57,13.65,14.40,9079331,196074896.00
2013-11-06,14.17,14.31,13.38,13.50,9425694,201786880.00
2013-11-07,13.43,13.89,13.12,13.45,6243832,130251664.00
2013-11-08,13.25,13.43,12.83,12.83,6274560,125762224.00
2013-11-11,12.83,13.09,12.50,12.90,5312405,104677264.00
2013-11-12,12.90,13.13,12.63,13.00,4702169,93607248.00
2013-11-13,13.13,13.43,12.97,12.97,6289080,127986168.00
2013-11-14,12.68,13.70,12.50,13.61,8332161,169185584.00
2013-11-15,13.55,14.49,13.45,14.10,11260644,242626688.00
2013-11-18,14.11,15.12,13.83,14.83,12810178,285186496.00
2013-11-19,14.70,15.06,14.37,14.73,8433109,190016736.00
2013-11-20,14.67,15.09,14.60,14.87,6540998,149288752.00
2013-11-21,14.86,14.87,14.18,14.37,8123889,179857696.00
2013-11-22,14.40,15.43,14.30,15.28,12501288,288579424.00
2013-11-25,15.17,16.22,15.00,15.98,11887735,288989280.00
2013-11-26,15.85,16.49,15.53,15.62,10208785,249780144.00
2013-11-27,15.57,16.05,15.37,15.75,6764285,162990400.00
2013-11-28,15.77,16.62,15.75,16.17,8930266,222741312.00
2013-11-29,16.17,16.63,15.93,16.25,7765518,194009520.00
2013-12-02,15.17,15.31,14.59,14.59,7377742,168305136.00
2013-12-03,13.24,14.59,13.10,13.95,9753998,203407184.00
2013-12-04,13.69,14.20,13.45,13.58,6873513,146922208.00
2013-12-05,13.50,13.96,13.07,13.70,6068537,126342912.00
2013-12-06,13.64,13.95,13.56,13.70,3342513,70821144.00
2013-12-09,13.72,14.15,13.72,13.94,3338665,71614864.00
2013-12-10,14.02,14.02,13.53,13.60,3279713,69103616.00
2013-12-11,13.63,14.01,13.63,13.87,3057299,65100260.00
2013-12-12,13.89,14.40,13.75,14.18,3968438,86199232.00
2013-12-13,14.07,14.47,13.91,13.99,4390534,95378480.00
2013-12-16,14.05,14.16,13.58,13.76,3204995,68141096.00
2013-12-17,13.71,13.81,12.97,13.33,3216230,66339524.00
2013-12-18,13.28,13.48,13.14,13.23,1574665,32249696.00
2013-12-19,13.27,13.53,13.10,13.20,2009541,41395436.00
2013-12-20,13.24,13.32,12.69,12.78,3073753,61148368.00
2013-12-23,12.80,12.82,12.11,12.54,2802123,54041520.00
2013-12-24,12.57,12.95,12.43,12.76,2723183,53585868.00
2013-12-25,12.80,13.41,12.80,13.41,4314517,88067776.00
2013-12-26,13.31,13.61,12.97,13.06,3462868,71412600.00
2013-12-27,13.20,13.69,13.07,13.55,3367576,70196432.00
2013-12-30,13.65,14.00,13.57,13.71,3159623,67018408.00
2013-12-31,13.72,13.75,13.17,13.44,2300307,47423892.00
2014-01-02,13.41,13.81,13.24,13.71,3070909,64689776.00
2014-01-03,13.71,14.27,13.71,14.08,4836235,103776424.00
2014-01-06,13.98,14.30,13.65,14.30,5096251,109881224.00
2014-01-07,14.17,14.41,13.99,14.31,3208179,70193384.00
2014-01-08,14.31,14.77,14.27,14.41,4555967,101510408.00
2014-01-09,14.31,14.50,13.69,13.69,3805777,82884120.00
2014-01-10,13.63,13.63,13.11,13.11,2243868,46203356.00
2014-01-13,13.13,13.39,12.98,13.25,1747559,35642608.00
2014-01-14,13.25,13.75,13.17,13.71,3444388,71270776.00
2014-01-15,13.63,14.23,13.57,14.15,3751851,81225584.00
2014-01-16,14.06,14.30,13.82,14.02,3024182,65172896.00
2014-01-17,14.02,14.27,13.87,14.01,2794266,60494612.00
2014-01-20,14.02,14.19,13.24,13.44,2970389,62839016.00
2014-04-18,14.82,14.82,14.23,14.82,4902549,111028672.00
2014-04-21,14.82,15.34,14.19,14.23,10120301,229516912.00
2014-04-22,14.10,15.22,13.95,14.97,7251610,162940448.00
2014-04-23,14.99,15.05,14.58,14.89,4842785,110329616.00
2014-04-24,14.63,14.81,13.82,13.84,8026570,175848848.00
2014-04-25,13.57,14.53,13.43,13.67,6921637,148967488.00
2014-04-28,13.37,13.37,12.27,12.27,7067311,135677648.00
2014-04-29,11.98,12.93,11.95,12.40,5212096,99874808.00
2014-04-30,12.42,13.03,12.30,12.74,5497220,108129432.00
2014-05-05,12.53,12.81,12.51,12.69,2025899,39489736.00
2014-05-06,12.68,13.53,12.68,13.27,7279150,148093408.00
2014-05-07,13.07,13.45,13.00,13.09,3045434,61841056.00
2014-05-08,13.03,13.87,12.97,13.45,7602217,157467200.00
2014-05-09,13.38,13.49,12.83,13.23,3532670,71665768.00
2014-05-12,13.36,13.82,13.04,13.50,6042228,125586368.00
2014-05-13,13.41,13.95,13.41,13.57,3826891,80621056.00
2014-05-14,13.74,13.95,13.51,13.87,4385435,92757720.00
2014-05-15,13.71,14.02,13.37,13.37,3400910,71588360.00
2014-05-16,13.33,13.49,12.87,13.10,3718634,75192280.00
2014-05-19,13.17,13.21,12.90,13.02,1309575,26369526.00
2014-05-20,13.15,13.71,13.15,13.29,4551578,94079152.00
2014-05-21,13.29,13.67,12.93,13.51,7085210,95136856.00
2014-05-22,13.38,14.09,13.32,13.66,11017833,152547376.00
2014-05-23,13.66,13.98,13.54,13.90,7900581,109696808.00
2014-05-26,13.97,14.37,13.82,13.92,10193996,144820144.00
2014-05-27,13.97,14.02,13.58,13.65,5429554,75182664.00
2014-05-28,13.66,14.76,13.66,14.58,15807205,228133504.00
2014-05-29,14.60,14.75,14.25,14.48,10107669,147164272.00
2014-05-30,14.37,14.68,14.19,14.40,7489474,108706496.00
2014-06-03,14.43,14.50,14.05,14.05,4903741,70413408.00
2014-06-04,14.06,14.09,13.55,13.79,5472665,75831912.00
2014-06-05,13.55,14.45,13.55,14.40,8206695,117291424.00
2014-06-06,14.40,14.53,14.18,14.35,5832493,84212656.00
2014-06-09,14.20,14.42,14.06,14.12,4080862,58434704.00
2014-06-10,14.12,14.74,14.04,14.60,9300539,135989168.00
2014-06-11,14.54,15.15,14.51,14.75,9178473,136701296.00
2014-06-12,14.61,14.93,14.50,14.80,5762844,85325472.00
2014-06-13,14.70,15.13,14.49,14.85,7913469,118037408.00
2014-06-16,14.70,16.30,14.70,15.83,15803881,245126864.00
2014-06-17,15.70,16.21,15.47,15.90,10137127,160926496.00
2014-06-18,15.79,16.48,15.60,16.02,9376907,152014992.00
2014-06-19,16.00,17.48,15.90,16.25,18773677,313572352.00
2014-06-20,16.37,16.68,15.70,16.48,9835529,160942080.00
2014-06-23,16.44,17.88,16.30,17.67,13740517,239136896.00
2014-06-24,17.48,17.85,17.21,17.53,7900823,139058320.00
2014-06-25,17.35,17.49,16.65,17.03,8139977,139935008.00
2014-06-26,17.03,17.82,16.96,17.60,8249423,144777936.00
2014-06-27,17.60,18.73,17.50,18.39,9421751,171639600.00
2014-06-30,18.35,18.89,17.53,18.10,8893766,162711856.00
2014-07-01,18.15,18.25,17.28,17.59,8985924,159608848.00
2014-07-02,17.69,18.09,17.01,17.60,7190095,126429104.00
2014-07-14,17.90,17.91,16.42,16.66,10170260,171609152.00
2014-07-15,16.66,16.70,15.30,16.08,13676031,217062256.00
2014-07-16,15.88,16.50,15.74,15.90,8342104,135376512.00
2014-07-17,15.75,16.27,15.66,16.00,3092636,49754508.00
2014-07-18,15.88,16.74,15.82,16.50,6401960,106217960.00
2014-07-21,16.48,16.78,16.22,16.68,2918688,48629452.00
2014-07-22,16.60,16.96,16.46,16.88,4593503,77555464.00
2014-07-23,16.71,16.88,15.31,15.66,6989665,112858104.00
2014-07-24,15.60,15.60,14.90,15.02,5840242,89638608.00
2014-07-25,15.10,15.52,15.01,15.39,3462840,53134072.00
2014-07-28,15.41,16.11,15.09,16.03,6313657,99136712.00
2014-07-29,15.90,16.60,15.87,16.33,5478645,90328064.00
2014-07-30,16.40,16.56,15.90,16.48,3903479,64018608.00
2014-07-31,16.59,17.23,16.55,17.08,6349614,108929504.00
2014-08-01,17.17,17.17,16.48,16.50,3067130,51765388.00
2014-08-04,16.50,16.88,16.45,16.66,2316008,38888720.00
2014-08-05,16.69,17.34,16.30,17.15,4783280,81509408.00
2014-08-06,17.10,17.32,16.92,17.12,2790541,48135148.00
2014-08-07,17.12,17.25,16.61,16.69,2530664,43228912.00
2014-08-08,16.73,17.12,16.73,17.00,2600293,44393132.00
2014-08-11,17.08,18.08,17.08,18.08,7157373,127383640.00
2014-08-12,18.11,19.90,18.11,19.04,9478909,183019040.00
2014-08-13,19.20,19.30,18.31,18.50,4636389,86847176.00
2014-08-14,18.36,18.89,18.36,18.38,3860237,72140480.00
2014-08-15,18.38,19.15,18.33,18.99,4533112,85927792.00
2014-08-18,18.99,19.65,18.91,19.33,5372617,104863304.00
2014-08-19,19.33,20.15,19.21,19.85,5618878,111421704.00
2014-08-20,19.78,19.84,19.20,19.25,3670492,72093512.00
2014-08-21,19.35,19.50,18.89,19.35,3281054,63284048.00
2014-08-22,19.35,19.60,19.16,19.42,3419513,66825836.00
2014-08-25,19.28,20.09,19.28,19.64,4481050,88747088.00
2014-08-26,19.74,19.83,18.50,18.53,3600247,69262024.00
2014-08-27,18.68,20.26,18.50,20.11,6449166,127088936.00
2014-08-28,20.00,20.84,19.78,19.79,5301891,107802928.00
2014-08-29,19.85,20.89,19.69,20.79,3800914,77946352.00
2014-09-01,20.79,21.11,20.50,20.95,3282520,68511048.00
2014-09-02,20.90,21.05,20.57,20.85,3373466,70570512.00
2014-09-03,20.85,20.99,20.20,20.48,4636492,95808632.00
2014-09-04,20.37,20.68,20.35,20.40,2637589,54253628.00
2014-09-05,20.41,20.56,19.88,20.36,3995090,81088280.00
2014-09-09,20.35,20.42,19.81,20.13,4713563,95271424.00
2014-09-10,20.10,20.70,19.93,20.60,4019012,82585128.00
2014-09-11,20.50,21.03,20.17,20.40,3859299,80192344.00
2014-09-12,20.80,22.00,20.65,21.84,8177060,176207824.00
2014-09-15,21.88,22.77,21.80,22.14,9255813,206830096.00
2014-09-16,21.91,22.45,21.60,21.65,5425809,119933840.00
2014-09-17,21.64,22.77,21.35,22.75,4984210,110097096.00
2014-09-18,22.85,23.98,22.56,23.85,6555318,154645600.00
2014-09-19,23.87,24.31,23.08,23.59,5059767,120289712.00
2014-09-22,23.38,23.89,22.61,22.86,4827841,112035760.00
2014-09-23,22.65,23.59,22.40,23.36,3584463,83070800.00
2014-09-24,23.38,24.85,23.32,24.74,5738633,139479136.00
2014-09-25,24.40,24.68,24.01,24.09,4009996,97678440.00
2014-09-26,24.10,25.60,23.70,25.25,5880300,146687600.00
2014-09-29,25.25,26.18,24.98,25.50,4059286,103983992.00
2014-09-30,25.70,25.90,25.25,25.46,2741363,70199592.00
2014-10-08,25.65,25.65,24.78,25.20,3880790,97785056.00
2014-10-09,25.28,25.48,24.48,24.85,4209871,105368192.00
2014-10-10,24.62,24.68,23.75,23.90,5630050,136035616.00
2014-10-13,23.62,23.79,22.70,23.41,5014571,116756616.00
2014-10-14,23.20,23.97,23.20,23.50,3856636,91865928.00
2014-10-15,23.49,23.65,22.91,23.49,3334038,77913192.00
2014-10-16,23.30,23.50,22.11,22.15,6871191,157252816.00
2014-10-17,21.90,22.86,21.90,22.76,4156642,93919152.00
2014-10-20,22.77,24.29,22.77,24.18,7437749,177783792.00
2014-10-21,24.05,24.85,23.81,24.04,5187479,127081232.00
2014-10-22,23.80,25.15,23.78,24.57,4981573,122649872.00
2014-10-23,24.45,24.47,23.42,23.71,3616523,86738232.00
2014-10-24,23.70,24.51,23.65,24.21,2932619,71253144.00
2014-10-27,24.16,24.78,23.50,24.40,3036308,73463776.00
2014-10-28,24.55,25.53,24.42,25.32,4907403,123662504.00
2014-10-29,25.65,26.59,25.29,25.38,7467172,194053296.00
2014-10-30,25.10,25.60,24.72,25.14,3387121,85870552.00
2014-10-31,25.13,25.26,24.01,24.46,4516841,111341768.00
2014-11-03,24.31,24.67,24.07,24.45,2606388,63738248.00
2014-11-04,24.46,24.46,23.05,23.40,5492139,129537632.00
2014-11-05,23.35,23.36,22.81,22.93,3572461,82492008.00
2014-11-06,23.38,23.99,23.20,23.84,4076858,96244512.00
2014-11-07,23.70,24.93,23.55,24.32,6783495,167048912.00
2014-11-10,24.58,24.58,23.62,23.82,2732634,65571124.00
2014-11-11,23.68,23.80,22.40,22.95,4824362,110803528.00
2014-11-12,22.89,22.89,21.90,22.34,6091925,136477152.00
2014-11-13,22.20,22.77,21.48,21.98,4665981,103704488.00
2014-11-14,21.88,22.35,21.40,21.60,3098043,67856456.00
2014-11-17,21.70,22.57,21.43,22.50,3437946,77020016.00
2014-11-18,22.45,22.78,22.12,22.30,2203871,49705884.00
2014-11-19,22.41,23.40,22.25,23.08,3664211,84364896.00
2014-11-20,22.95,22.95,22.51,22.86,2020988,46148488.00
2014-11-21,22.87,23.60,22.87,23.40,3930097,92403208.00
2014-11-24,23.46,23.94,22.90,23.75,4394226,103358960.00
2014-11-25,23.61,25.09,23.57,24.93,5673893,140572080.00
2014-11-26,24.77,25.45,24.55,25.08,3839524,96461712.00
2014-11-27,25.50,25.99,24.54,24.66,3579788,90654312.00
2014-11-28,24.07,27.14,24.07,27.14,10294784,270714144.00
2014-12-01,27.50,29.40,26.68,28.38,9443617,264568512.00
2014-12-02,28.20,29.74,27.53,28.06,6650664,190038224.00
2014-12-03,27.60,27.80,25.30,27.28,9645009,255403536.00
2014-12-04,26.79,28.56,26.49,27.85,6761313,187419872.00
2014-12-05,27.62,27.62,25.66,26.10,5056806,133994640.00
2014-12-08,25.74,25.74,23.90,24.76,7910853,194551408.00
2014-12-09,24.45,24.47,22.48,22.53,7358344,172674016.00
2014-12-10,22.65,24.75,22.65,24.08,4791426,113949248.00
2014-12-11,23.90,25.05,23.70,23.70,4856475,118440200.00
2014-12-12,24.00,25.09,23.74,24.78,4881739,119984344.00
2014-12-15,24.56,26.90,24.51,26.49,7473256,193404880.00
2014-12-16,26.10,26.40,25.27,25.80,5560611,142940720.00
2014-12-17,25.38,26.05,24.70,26.05,5357645,135799168.00
2014-12-18,25.74,26.40,25.20,25.29,3363737,87227968.00
2014-12-19,24.90,24.90,23.40,23.66,5952415,142773552.00
2014-12-22,23.58,23.58,21.28,21.28,6646478,144174352.00
2014-12-23,20.90,21.86,19.50,20.21,6226788,129137520.00
2014-12-24,20.40,20.95,20.16,20.91,3916274,80827888.00
2014-12-25,20.92,21.07,20.23,20.45,4492863,92967016.00
2014-12-26,20.45,20.82,19.85,19.90,4714658,96018256.00
2014-12-29,19.70,19.75,18.39,18.85,6139133,115818360.00
2014-12-30,18.90,19.10,18.30,18.50,3948168,73978960.00
2014-12-31,18.54,19.10,18.40,19.07,3097362,58704412.00
2015-01-05,19.07,19.08,17.65,18.29,5167112,94539368.00
2015-01-06,18.01,20.00,18.01,19.81,6614516,126970944.00
2015-01-07,19.79,20.01,19.03,19.60,6833411,133687584.00
2015-01-08,19.48,20.35,19.38,20.21,9326054,187412048.00
2015-01-09,20.16,21.20,19.93,20.07,7345009,152586624.00
2015-01-12,19.94,20.87,19.70,20.10,4720423,96366624.00
2015-01-13,19.98,22.12,19.86,22.12,7177560,155157328.00
2015-01-14,22.90,22.96,21.73,21.82,13071470,292779424.00
2015-01-15,21.38,22.25,21.16,21.33,4537328,98598416.00
2015-01-16,21.24,22.80,21.05,22.49,13162520,289478944.00
2015-01-19,21.68,23.48,21.38,21.85,11859425,269045280.00
2015-01-20,21.88,23.40,21.88,23.34,10185601,233989488.00
2015-01-21,23.45,23.88,22.65,23.08,9806425,227356576.00
2015-01-22,22.79,23.38,22.73,23.16,5618173,129855288.00
2015-01-23,23.16,23.32,21.86,22.06,8141322,182608224.00
2015-04-22,24.28,24.28,24.28,24.28,47500,1159366.50
2015-04-23,26.72,26.72,26.72,26.72,134560,3608899.25
2015-04-24,29.40,29.40,29.40,29.40,68469,2019835.50
2015-04-27,32.35,32.35,32.35,32.35,187263,6076684.50
2015-04-28,35.60,35.60,35.60,35.60,307575,10980428.00
2015-04-29,39.17,39.17,39.17,39.17,228868,8987646.00
2015-04-30,43.10,43.10,43.10,43.10,246505,10649016.00
2015-05-04,47.42,47.42,47.42,47.42,10856870,515918464.00
2015-05-05,49.90,52.17,47.92,50.51,35558066,1820383616.00
2015-05-06,49.90,55.57,49.90,52.70,25724043,1374742272.00
2015-05-07,52.91,57.56,51.71,54.10,17950600,982488704.00
2015-05-08,54.90,59.52,54.23,59.52,14419739,822293440.00
2015-05-11,64.10,65.48,63.30,65.48,11531116,752953920.00
2015-05-12,69.90,72.04,66.21,69.52,21457127,1486509440.00
2015-05-13,66.00,70.29,64.90,64.99,15489093,1048007424.00
2015-05-14,64.60,68.40,63.97,66.13,11414858,756910656.00
2015-05-15,64.40,67.89,61.72,66.05,10943667,711090176.00
2015-05-18,68.40,72.67,67.41,72.67,12502992,882080448.00
2015-05-19,75.50,77.57,66.56,69.20,15085517,1061834240.00
2015-05-20,69.21,72.45,67.91,68.45,12532851,887327232.00
2015-05-21,67.80,69.90,64.85,67.80,14824681,1000073600.00
2015-05-22,67.56,68.57,62.09,64.96,11672008,760441344.00
2015-05-25,62.35,66.90,61.40,64.50,10920563,700690112.00
2015-05-26,66.49,70.00,65.51,69.21,12081683,817596480.00
2015-05-27,68.88,68.88,65.30,66.70,10481558,698466752.00
2015-05-28,66.40,68.37,60.51,60.51,11244166,730927488.00
2015-05-29,60.15,65.00,58.52,63.66,12451554,775972800.00
2015-06-01,65.50,70.03,65.50,70.03,7996941,550832448.00
2015-06-02,77.03,77.03,77.03,77.03,1613706,124303776.00
2015-06-03,83.00,84.73,75.59,81.70,16696671,1349531392.00
2015-06-04,79.80,89.87,79.00,89.87,14760034,1250070784.00
2015-06-05,91.70,93.88,81.01,81.09,14656068,1251332736.00
2015-06-08,78.00,78.99,72.98,74.89,11931660,901779072.00
2015-06-09,74.80,77.89,71.11,73.54,7284110,543830464.00
2015-06-10,73.60,78.84,73.15,77.12,6452908,490890112.00
2015-06-11,75.78,77.10,74.30,76.15,5929374,447970080.00
2015-06-12,75.80,80.40,75.70,76.00,6393921,496229984.00
2015-06-15,75.16,75.57,68.40,68.40,9256008,654920256.00
2015-06-16,66.00,66.99,61.57,64.11,8413467,540056064.00
2015-06-17,64.50,70.46,63.50,69.80,7081459,470124864.00
2015-06-18,68.88,68.88,62.82,62.82,5751540,378566048.00
2015-06-19,60.30,64.30,57.10,58.95,6630113,406752288.00
2015-06-23,60.00,61.70,53.88,60.00,6626746,386685280.00
2015-06-24,60.30,61.88,57.25,59.52,6057125,362288832.00
2015-06-25,60.00,60.90,55.00,55.80,5822079,343612704.00
2015-06-26,53.05,54.00,50.22,50.22,7204116,373001984.00
2015-06-29,51.00,51.47,45.20,45.20,9485996,438724224.00
2015-06-30,43.00,49.28,40.68,48.09,10267847,461729088.00
2015-07-01,47.00,50.92,43.28,43.49,10457045,503454400.00
2015-07-13,45.30,47.84,43.80,47.84,14088205,659009536.00
2015-07-14,48.00,52.62,47.00,49.52,18538058,936642560.00
2015-07-15,47.00,47.69,44.57,44.57,5721099,259586096.00
2015-07-16,40.11,44.00,40.11,40.11,16688949,683447872.00
2015-07-17,40.20,44.00,40.20,43.68,12346444,524388608.00
2015-07-20,43.81,47.33,42.01,44.98,12693225,572331584.00
2015-07-21,43.90,47.50,42.28,46.74,11648617,526052608.00
2015-07-22,47.00,50.20,46.60,49.40,13810030,668996800.00
2015-07-23,48.50,50.84,47.50,50.39,13354364,659618496.00
2015-07-24,50.39,52.80,47.36,48.28,11626663,586718272.00
2015-07-27,46.08,47.50,43.45,43.45,8436286,383720832.00
2015-07-28,39.11,41.30,39.11,39.11,11698823,460639264.00
2015-07-29,39.55,40.10,35.20,39.26,15644480,576123840.00
2015-07-30,38.21,39.89,35.35,35.45,12614054,477646272.00
2015-07-31,33.88,35.45,32.02,32.70,10307820,349221888.00
2015-08-03,30.90,32.19,29.43,29.43,12103457,364859552.00
2015-08-04,29.90,32.37,29.51,32.37,13314485,423825376.00
2015-08-05,35.61,35.61,34.00,35.38,23354673,824791360.00
2015-08-06,33.90,35.47,32.60,33.94,16600729,565727040.00
2015-08-07,35.10,37.33,34.61,37.33,19887911,725898752.00
2015-08-10,38.08,40.69,36.68,39.75,17379003,666130880.00
2015-08-11,38.89,40.50,38.21,38.65,13107943,516604288.00
2015-08-12,37.80,38.57,36.40,36.79,9510188,358245632.00
2015-08-13,36.48,38.60,36.43,38.49,8015982,300241632.00
2015-08-14,38.91,40.48,38.30,38.58,10242574,402419520.00
2015-08-17,38.10,38.25,35.80,37.40,8536599,316153952.00
2015-08-18,37.80,39.29,33.80,34.50,12552894,468122112.00
2015-08-19,33.25,36.44,31.88,35.90,8969809,307249056.00
2015-08-20,35.45,37.88,35.02,35.55,10076731,368179488.00
2015-08-21,35.01,35.38,32.00,32.00,7418432,247587040.00
2015-08-24,30.00,30.67,28.80,28.80,5097791,148012976.00
2015-08-25,26.15,27.59,25.92,25.92,9654389,256430576.00
2015-08-26,25.93,28.51,25.00,26.20,10563760,280827520.00
2015-08-27,27.69,27.99,25.60,27.85,7817630,211729376.00
2015-08-28,28.51,30.25,27.81,30.08,10427110,300364640.00
2015-08-31,29.60,29.62,27.50,27.50,6511128,187101968.00
2015-09-01,27.16,27.16,24.75,24.75,6939601,177085472.00
2015-09-02,23.01,26.50,22.54,23.20,7953884,190767200.00
2015-09-07,24.05,25.52,23.58,24.72,7872113,195229440.00
2015-09-08,24.50,27.19,24.01,27.19,8656578,222436576.00
2015-09-09,28.00,29.91,27.80,29.30,14012231,409100800.00
2015-09-10,28.42,29.28,28.21,28.33,8903959,255031248.00
2015-09-11,28.50,29.97,28.29,29.00,8460763,246551600.00
2015-09-14,29.13,29.25,26.10,26.10,7343645,199861440.00
2015-09-15,25.08,26.50,24.02,24.50,5377913,135120320.00
2015-09-16,25.30,26.95,25.25,26.95,9160172,242663200.00
2015-09-17,28.00,29.65,27.42,27.87,14669785,423151104.00
2015-09-22,31.79,31.79,31.79,31.79,0,0.00
数据来源:通达信
