300012 华测检测 日线 前复权
      日期	    开盘	    最高	    最低	    收盘	    成交量	    成交额
2009-10-30,7.78,14.45,7.78,9.53,15202270,693107648.00
2009-11-02,8.51,8.77,8.51,8.51,4007108,166072096.00
2009-11-03,8.02,8.22,7.64,7.83,4635494,177679024.00
2009-11-04,8.18,8.22,7.90,8.12,3217124,126114288.00
2009-11-05,8.11,8.53,7.93,8.23,3096004,124551984.00
2009-11-06,8.23,8.38,7.98,8.07,2048863,81000992.00
2009-11-09,8.09,8.09,7.89,8.01,1284542,49963816.00
2009-11-10,8.06,8.06,7.74,7.78,1622468,62311136.00
2009-11-11,7.70,7.87,7.64,7.81,1139573,43074644.00
2009-11-12,7.85,7.98,7.76,7.95,1221534,47057760.00
2009-11-13,7.98,8.67,7.96,8.37,3203672,130269440.00
2009-11-16,8.43,8.62,8.12,8.53,2224003,90938552.00
2009-11-17,8.47,8.67,8.37,8.47,1734983,71734312.00
2009-11-18,8.43,8.88,8.43,8.76,2455765,103475680.00
2009-11-19,8.79,9.70,8.79,9.60,4646038,210193344.00
2009-11-20,9.56,9.73,9.23,9.72,4001677,182513088.00
2009-11-23,9.78,10.31,9.60,9.85,3115179,148111920.00
2009-11-24,9.85,9.85,8.80,8.80,3349445,150423856.00
2009-11-25,8.67,9.29,8.67,9.21,2246125,97876104.00
2009-11-26,9.13,9.93,8.90,9.53,3952735,179227280.00
2009-11-27,9.45,9.78,9.12,9.39,2683784,122538088.00
2009-11-30,9.46,9.63,9.01,9.61,2211732,99555624.00
2009-12-01,9.53,9.68,9.31,9.52,2091593,95424384.00
2009-12-03,9.87,10.54,9.78,10.54,4020165,197272720.00
2009-12-04,10.62,11.38,9.87,11.03,8231161,423004928.00
2009-12-07,10.36,11.11,10.36,10.86,3293162,169422256.00
2009-12-08,10.79,11.25,10.25,11.09,4110128,213586544.00
2009-12-09,11.09,11.95,10.96,11.16,5185127,284110400.00
2009-12-10,10.98,11.11,10.61,10.72,2916622,150486240.00
2009-12-11,10.58,10.77,10.01,10.23,2200951,109407832.00
2009-12-14,10.29,10.34,9.63,9.93,1823939,86612480.00
2009-12-15,10.06,10.36,9.93,10.00,1182101,57174588.00
2009-12-16,9.99,9.99,9.63,9.70,1461558,68451200.00
2009-12-17,9.64,9.76,8.92,8.96,1727704,76622808.00
2009-12-18,8.78,9.34,8.41,8.97,2306596,98805544.00
2009-12-21,8.98,9.13,8.81,9.05,1136460,49441772.00
2009-12-22,9.09,9.09,8.45,8.62,1271927,53493408.00
2009-12-23,8.56,8.98,8.56,8.87,1355656,57964704.00
2009-12-24,8.76,9.09,8.67,9.09,1311171,56653892.00
2009-12-25,9.06,9.07,8.67,8.69,1118631,47612988.00
2009-12-28,8.65,8.89,8.60,8.70,955670,40493960.00
2009-12-29,8.74,8.80,8.50,8.70,818493,34326212.00
2009-12-30,8.73,9.08,8.65,8.80,1437548,61769128.00
2009-12-31,8.87,8.96,8.76,8.93,812753,34908924.00
2010-01-04,9.05,9.05,8.85,8.93,710119,30625602.00
2010-01-05,8.92,8.96,8.65,8.80,904597,38311868.00
2010-01-06,8.75,8.82,8.58,8.58,982675,41325012.00
2010-01-07,8.56,8.61,8.34,8.37,978501,40286620.00
2010-01-08,8.38,8.38,8.00,8.14,1114458,44152732.00
2010-01-11,8.12,8.36,8.05,8.24,763981,30499906.00
2010-01-12,8.27,8.52,8.19,8.47,954772,39018636.00
2010-01-13,8.35,8.54,8.29,8.53,871159,35745088.00
2010-01-14,8.54,9.16,8.54,9.01,1867024,80810584.00
2010-01-15,9.01,9.09,8.78,8.88,984892,42337160.00
2010-01-18,8.88,8.98,8.79,8.92,718877,30828882.00
2010-01-19,8.92,8.96,8.66,8.66,779014,32913300.00
2010-01-20,8.63,8.63,8.14,8.15,1017849,41120820.00
2010-01-21,8.16,8.30,8.01,8.20,511976,20394862.00
2010-01-22,8.12,8.12,7.76,7.83,861378,33077242.00
2010-01-25,7.76,7.89,7.64,7.72,698857,26381572.00
2010-01-26,7.90,7.98,7.58,7.65,569441,21624712.00
2010-01-27,7.64,8.11,7.64,7.83,1112213,42749856.00
2010-01-28,7.57,8.07,7.57,7.98,930602,35673484.00
2010-01-29,7.89,8.22,7.85,8.08,998858,39382224.00
2010-02-01,7.32,8.58,7.32,8.07,4061915,155227936.00
2010-02-02,8.58,8.73,8.38,8.40,2462634,101861712.00
2010-02-04,8.18,8.33,8.05,8.09,1718140,68383592.00
2010-02-05,7.91,8.18,7.80,7.91,1439223,56225044.00
2010-02-08,7.91,8.31,7.89,8.27,1197938,47428444.00
2010-02-09,8.23,8.29,7.96,8.09,730501,28830222.00
2010-02-10,8.18,8.49,8.12,8.41,1295022,52457160.00
2010-02-11,8.43,8.83,8.34,8.75,1592914,66727036.00
2010-02-12,8.75,9.12,8.65,9.01,1576374,67876064.00
2010-02-22,8.89,8.99,8.65,8.76,983514,41770804.00
2010-02-23,8.76,8.94,8.59,8.92,853765,36270692.00
2010-02-24,8.87,9.34,8.87,9.32,1217747,53904220.00
2010-02-25,9.36,9.52,9.12,9.41,1513694,68079472.00
2010-02-26,9.24,9.33,8.82,8.88,2779959,121521216.00
2010-03-01,8.79,9.05,8.69,9.03,1369693,58844668.00
2010-03-02,8.99,9.51,8.93,9.42,1855415,83335440.00
2010-03-03,9.39,9.41,9.12,9.29,1014792,45193244.00
2010-03-04,9.23,9.31,8.64,8.67,1780857,76512512.00
2010-03-05,8.71,8.93,8.71,8.90,768259,32873462.00
2010-03-08,8.92,9.18,8.85,9.14,986595,43020756.00
2010-03-09,9.11,9.18,8.89,9.02,923560,40263252.00
2010-03-10,9.01,9.33,9.01,9.22,1489469,66029624.00
2010-03-11,9.16,9.25,8.83,9.21,1200064,52451716.00
2010-03-12,9.11,9.61,9.07,9.31,2423368,109965328.00
2010-03-15,9.32,9.97,9.32,9.87,2944897,137158656.00
2010-03-16,9.81,9.89,9.55,9.86,1842422,85865192.00
2010-03-17,9.76,10.03,9.67,10.01,1532998,72542248.00
2010-03-18,10.01,10.34,9.89,10.23,2062124,100431088.00
2010-03-19,10.20,10.23,9.98,10.15,1888572,91395040.00
2010-03-23,9.79,10.09,9.47,9.97,2815035,132769648.00
2010-03-24,9.98,10.30,9.85,10.05,1562100,75699472.00
2010-03-25,10.09,10.60,9.98,10.37,1853552,91725168.00
2010-03-26,10.23,10.23,9.72,9.95,1096370,52397972.00
2010-03-29,10.03,10.03,9.59,9.79,1077123,50451540.00
2010-03-30,9.81,10.31,9.72,10.19,1219130,58793516.00
2010-03-31,10.19,10.55,10.12,10.21,1521245,75035048.00
2010-04-01,10.23,10.58,10.15,10.22,1831264,91347944.00
2010-04-02,10.05,10.16,9.87,9.99,1103499,52794912.00
2010-04-06,10.01,10.45,9.89,10.33,1014940,49742324.00
2010-04-07,10.35,10.89,10.29,10.89,2364933,120013320.00
2010-04-08,10.78,10.89,10.38,10.39,1698290,86689848.00
2010-04-09,10.39,10.82,10.35,10.69,1290303,65625752.00
2010-04-13,11.09,11.24,9.67,10.18,2467389,122904856.00
2010-04-14,10.00,10.18,9.70,9.89,1405437,66720876.00
2010-04-15,9.76,9.85,9.33,9.40,1544121,70735024.00
2010-04-16,9.43,9.72,9.35,9.59,668193,30825926.00
2010-04-19,9.63,10.15,9.56,10.03,1923488,91531616.00
2010-04-20,9.87,10.36,9.34,10.29,2175209,104925656.00
2010-04-21,10.28,10.49,10.05,10.42,1706083,84547976.00
2010-04-22,10.13,10.95,10.13,10.75,2961614,99819120.00
2010-04-23,10.75,10.94,10.40,10.45,2325813,78003664.00
2010-04-26,10.48,10.78,10.26,10.63,1348729,45016848.00
2010-04-27,10.48,10.78,10.12,10.61,1726373,57182104.00
2010-04-28,10.49,10.98,10.41,10.74,1626380,55098328.00
2010-04-29,10.85,10.98,9.89,10.05,1250949,41566700.00
2010-04-30,9.94,9.94,8.99,9.02,1754367,51427636.00
2010-05-04,8.72,9.18,8.68,9.05,446148,12799032.00
2010-05-05,8.85,9.45,8.73,9.39,567567,16649983.00
2010-05-06,9.28,9.58,8.97,8.98,594327,17596022.00
2010-05-07,8.68,9.08,8.45,8.54,867917,24234440.00
2010-05-10,8.55,8.71,7.72,8.01,767457,19827194.00
2010-05-11,8.19,8.20,7.48,7.64,847089,21218028.00
2010-05-12,7.56,7.77,7.48,7.64,636402,15567277.00
2010-05-13,7.65,7.74,7.18,7.68,1958762,47269232.00
2010-05-14,7.60,7.66,7.29,7.42,1213291,29349426.00
2010-05-17,7.28,7.31,6.78,6.80,1629231,36966520.00
2010-05-18,6.75,6.85,6.35,6.75,1490423,31952952.00
2010-05-19,6.62,6.98,6.49,6.93,2595484,57709728.00
2010-05-20,6.79,7.27,6.71,7.15,2980714,67955544.00
2010-05-21,6.95,7.71,6.85,7.59,2150138,50975424.00
2010-05-24,7.52,7.95,7.51,7.82,3181979,79382392.00
2010-05-25,7.70,7.78,7.45,7.46,1607273,39338752.00
2010-05-26,7.41,7.65,7.33,7.43,1191798,28734544.00
2010-05-27,7.53,7.83,7.05,7.74,1775315,43890408.00
2010-05-28,7.78,7.91,7.68,7.78,1594922,39920368.00
2010-05-31,7.77,7.88,7.39,7.39,1256551,30871140.00
2010-06-01,7.22,7.38,6.59,6.89,1716957,38727036.00
2010-06-02,6.78,7.08,6.63,7.03,786890,17497366.00
2010-06-03,7.07,7.34,6.98,7.09,1268763,29370084.00
2010-06-04,7.13,7.52,6.91,7.48,1563138,36533028.00
2010-06-07,7.31,8.29,7.15,8.29,4669272,118003584.00
2010-06-08,8.31,8.61,8.04,8.50,3652333,96866200.00
2010-06-09,8.54,8.74,8.18,8.38,4293863,115940160.00
2010-06-10,8.28,8.61,8.28,8.56,2298134,62225244.00
2010-06-11,8.61,8.87,8.46,8.78,2881875,79587664.00
2010-06-18,8.09,8.34,7.84,7.84,2115820,54610904.00
2010-06-21,7.62,8.48,7.28,8.45,2061091,53270440.00
2010-06-22,8.44,8.73,8.29,8.42,1339124,36399280.00
2010-06-23,8.19,8.56,7.99,8.22,2030945,53615100.00
2010-06-24,8.28,8.39,8.10,8.24,1380047,36436644.00
2010-06-25,8.14,8.24,7.50,7.68,2478815,62079580.00
2010-06-28,7.58,7.69,7.25,7.25,1962027,46944420.00
2010-06-29,7.24,7.34,6.52,6.68,1989905,44370572.00
2010-06-30,6.54,6.88,6.39,6.83,1307143,27957484.00
2010-07-01,6.68,6.81,6.44,6.44,836424,17925254.00
2010-07-02,6.37,6.96,6.17,6.92,2271806,48504824.00
2010-07-05,6.72,6.87,6.52,6.75,1442610,31490618.00
2010-07-06,6.75,7.07,6.69,6.98,1490254,33412286.00
2010-07-07,7.04,7.05,6.81,6.98,987527,22119780.00
2010-07-08,6.98,7.05,6.63,6.74,1254437,27588990.00
2010-07-09,6.72,7.02,6.61,6.98,1385987,30902212.00
2010-07-12,6.98,7.11,6.90,6.95,1039708,23514564.00
2010-07-13,6.92,7.34,6.79,7.23,1890367,43523284.00
2010-07-14,7.21,7.27,6.98,7.08,1244189,28629608.00
2010-07-15,6.93,7.06,6.64,6.64,1022490,22672694.00
2010-07-16,6.55,6.80,6.49,6.74,573402,12324227.00
2010-07-19,6.81,6.90,6.65,6.82,620165,13671799.00
2010-07-20,6.83,7.20,6.82,7.08,1417843,32119888.00
2010-07-21,7.11,7.27,7.02,7.10,1100965,25433452.00
2010-07-22,7.12,7.23,7.02,7.17,1018249,23474656.00
2010-07-23,7.21,7.44,7.21,7.35,1545017,36581304.00
2010-07-26,7.32,7.43,7.24,7.42,1162403,27553686.00
2010-07-27,7.42,7.56,7.25,7.55,1558997,37119408.00
2010-07-28,7.46,7.63,7.38,7.59,2128200,51410472.00
2010-07-29,7.58,7.63,7.40,7.48,1322503,31989224.00
2010-07-30,7.45,7.50,7.28,7.44,1208605,28727772.00
2010-08-02,7.46,7.82,7.45,7.82,2210340,54660988.00
2010-08-03,7.78,7.81,7.50,7.56,2225817,54736228.00
2010-08-04,7.52,7.70,7.30,7.67,1120420,26984194.00
2010-08-05,7.67,7.88,7.54,7.62,1900632,47193804.00
2010-08-06,7.62,7.94,7.62,7.92,1792693,44996280.00
2010-08-09,7.98,8.16,7.89,8.13,1652573,42475100.00
2010-08-10,8.18,8.19,7.74,7.75,1693695,42875356.00
2010-08-11,7.65,7.80,7.62,7.74,780090,19340922.00
2010-08-12,7.68,7.94,7.64,7.79,1340496,33693704.00
2010-08-13,7.79,7.91,7.72,7.90,699945,17619720.00
2010-08-16,7.93,8.22,7.82,8.18,1986790,51659484.00
2010-08-17,8.21,8.21,7.97,8.07,1441154,37229576.00
2010-08-19,8.02,8.04,7.71,7.84,2094929,52769292.00
2010-08-20,7.82,7.85,7.45,7.52,1674862,40813220.00
2010-08-23,7.50,7.54,7.34,7.45,1376574,32911988.00
2010-08-24,7.46,7.61,7.36,7.60,932204,22549578.00
2010-08-25,7.55,7.55,7.28,7.28,682280,16220684.00
2010-08-26,7.32,7.45,7.22,7.29,429495,10139021.00
2010-08-27,7.38,7.66,7.25,7.60,768850,18570690.00
2010-08-30,7.54,7.91,7.53,7.85,1501530,37351080.00
2010-08-31,7.78,7.94,7.78,7.86,1124355,28344504.00
2010-09-01,7.88,7.92,7.42,7.55,1468704,36307468.00
2010-09-02,7.55,7.85,7.55,7.62,862199,21291244.00
2010-09-03,7.67,7.88,7.67,7.81,1614153,40352756.00
2010-09-06,7.95,8.12,7.82,8.07,2691918,69158144.00
2010-09-07,7.98,8.27,7.95,8.15,2582293,67206720.00
2010-09-08,8.18,8.24,7.99,8.13,1301978,33699220.00
2010-09-09,8.15,8.26,7.99,8.23,1749765,45630796.00
2010-09-10,8.32,8.92,8.25,8.61,3016601,83247144.00
2010-09-13,8.61,8.98,8.52,8.98,2049758,57608376.00
2010-09-14,8.93,9.13,8.79,8.97,2196370,62872276.00
2010-09-15,8.85,9.06,8.32,8.47,1923864,54119248.00
2010-09-16,8.49,8.61,8.25,8.56,1594091,42878240.00
2010-09-17,8.62,8.62,8.32,8.44,706016,19091702.00
2010-09-20,8.50,8.57,8.13,8.27,711972,18814020.00
2010-09-21,8.27,8.27,8.05,8.20,516303,13486421.00
2010-09-27,8.40,8.45,7.95,8.22,528534,13857579.00
2010-09-28,8.24,8.41,8.15,8.16,493954,13103547.00
2010-09-29,8.14,8.31,8.12,8.16,389456,10185504.00
2010-09-30,8.16,8.37,8.12,8.33,342686,9055685.00
2010-10-08,8.33,8.63,8.33,8.51,811856,22132050.00
2010-10-11,8.60,8.78,8.46,8.59,1271567,35237040.00
2010-10-12,8.59,8.59,8.25,8.28,1071364,28824300.00
2010-10-13,8.26,8.58,8.02,8.58,1434210,37909704.00
2010-10-14,8.52,8.97,8.52,8.65,1255830,35002464.00
2010-10-15,8.72,8.72,8.25,8.30,1012543,27412240.00
2010-10-18,8.30,8.34,7.88,8.08,1145550,29459546.00
2010-10-19,8.11,8.92,8.02,8.83,2525641,70047016.00
2010-10-20,8.71,9.34,8.55,9.08,2616723,75390696.00
2010-10-21,9.08,9.31,8.79,9.18,1590240,46220000.00
2010-10-22,9.32,9.78,9.22,9.45,1859319,56110836.00
2010-10-25,9.35,10.28,9.35,10.13,2193900,69396088.00
2010-10-26,10.59,10.59,9.85,9.91,1661003,52810064.00
2010-10-27,9.85,10.15,9.72,9.92,1287013,40529504.00
2010-10-28,9.85,10.62,9.85,10.47,1182523,38493272.00
2010-10-29,10.38,11.08,10.32,10.54,1765142,60246240.00
2010-11-01,10.55,11.22,10.55,11.19,2182439,75736160.00
2010-11-02,11.09,11.09,10.57,10.57,1370455,46825396.00
2010-11-03,10.58,10.64,10.15,10.15,1361862,44555960.00
2010-11-04,10.11,10.25,9.81,10.12,1366536,43317424.00
2010-11-05,10.45,10.45,9.87,10.40,1013895,32443026.00
2010-11-08,10.38,10.92,10.25,10.87,891226,29836636.00
2010-11-09,10.78,11.11,10.63,10.72,934520,31825272.00
2010-11-10,10.73,11.27,10.66,11.17,1210737,42094376.00
2010-11-11,11.11,11.78,10.98,11.18,1262936,45708072.00
2010-11-12,11.23,11.25,10.17,10.41,1128449,38063460.00
2010-11-15,10.51,10.88,10.22,10.78,887017,29921448.00
2010-11-16,10.80,11.20,10.41,10.61,1808555,61873956.00
2010-11-17,10.54,10.67,9.80,10.31,2026417,66668112.00
2010-11-18,10.23,10.55,10.12,10.23,751012,24413296.00
2010-11-19,10.38,10.77,10.12,10.77,821741,27195558.00
2010-11-22,10.72,11.28,10.72,11.28,1333613,46660940.00
2010-11-23,11.38,11.38,10.98,11.05,980884,34327836.00
2010-11-24,11.17,11.38,11.07,11.24,905881,31997672.00
2010-11-25,11.24,11.66,10.85,11.07,1082284,38473408.00
2010-11-26,11.04,12.05,10.94,11.87,1425111,51513752.00
2010-11-29,11.72,12.68,11.72,12.68,2543032,98419184.00
2010-11-30,12.45,13.41,11.79,12.55,3179370,123419032.00
2010-12-01,12.62,12.82,12.22,12.65,1227941,48159980.00
2010-12-02,12.79,13.10,12.55,12.58,1070662,42881136.00
2010-12-03,12.45,12.54,12.02,12.12,978181,37324212.00
2010-12-06,12.08,12.20,11.78,12.14,753530,28278848.00
2010-12-07,12.08,12.28,11.98,12.24,483635,18417868.00
2010-12-08,12.31,12.50,12.15,12.35,682468,26340610.00
2010-12-09,12.35,12.35,11.88,11.92,645706,24571122.00
2010-12-10,11.91,12.28,11.73,12.23,515609,19487732.00
2010-12-13,12.41,12.43,11.89,12.38,1192192,45883084.00
2010-12-14,12.32,12.32,12.06,12.16,1165447,44411256.00
2010-12-16,12.13,12.53,12.02,12.26,828616,32074054.00
2010-12-17,12.12,12.42,12.12,12.26,426974,16368585.00
2010-12-20,12.43,12.48,12.01,12.35,1348409,51890976.00
2010-12-21,12.38,12.40,12.20,12.27,770426,29705404.00
2010-12-22,12.28,12.75,12.20,12.45,1086011,42454048.00
2010-12-23,12.38,12.45,12.05,12.18,799729,30475906.00
2010-12-24,12.17,12.17,11.45,11.54,858772,31928554.00
2010-12-27,11.54,11.71,11.12,11.15,808641,28944172.00
2010-12-28,11.12,11.12,10.78,11.04,572188,19703242.00
2010-12-29,10.90,11.26,10.90,11.25,266395,9302802.00
2010-12-30,11.25,11.58,11.13,11.45,612736,22070374.00
2010-12-31,11.45,11.78,11.45,11.58,567041,20753188.00
2011-01-04,11.74,11.75,11.38,11.55,828890,30287860.00
2011-01-05,11.55,12.28,11.55,12.04,718353,27008560.00
2011-01-06,12.04,12.12,11.83,11.88,494067,18472762.00
2011-01-07,11.88,12.11,11.36,11.45,449948,16516881.00
2011-01-10,11.38,11.62,10.90,10.98,378907,13248673.00
2011-01-11,10.98,10.98,10.62,10.78,1008915,34234908.00
2011-01-12,10.80,11.11,10.45,10.74,389833,13168263.00
2011-01-13,10.62,10.97,10.57,10.76,110089,3740010.25
2011-01-14,10.64,10.65,10.40,10.54,394134,13062194.00
2011-01-17,10.54,10.62,9.68,9.82,290592,9136549.00
2011-01-18,9.82,9.92,9.45,9.78,498201,15405740.00
2011-01-19,9.88,9.97,9.72,9.82,476931,14833642.00
2011-01-20,9.84,10.08,9.45,9.57,317167,9801692.00
2011-01-21,9.57,9.61,9.02,9.28,649102,18968502.00
2011-01-24,9.12,9.20,8.97,8.97,547989,15863666.00
2011-01-25,8.98,9.32,8.92,9.29,715567,20810032.00
2011-01-26,9.32,9.44,9.16,9.30,185004,5480854.00
2011-01-27,9.28,9.63,9.18,9.45,525316,15617505.00
2011-01-28,9.42,9.84,9.35,9.82,561356,17354148.00
2011-01-31,9.82,10.00,9.80,9.85,390057,12234496.00
2011-02-01,9.75,9.91,9.69,9.89,117461,3648162.00
2011-02-09,9.45,9.88,9.45,9.72,111507,3439435.50
2011-02-10,9.85,10.12,9.47,10.07,196202,6156939.00
2011-02-11,9.95,10.28,9.95,10.24,224058,7216267.00
2011-02-14,10.25,10.58,10.15,10.26,233021,7579010.50
2011-02-15,10.22,10.38,10.13,10.13,307733,9929789.00
2011-02-16,10.12,10.28,10.05,10.24,370885,11921672.00
2011-02-17,10.24,10.64,10.18,10.48,411222,13470262.00
2011-02-18,10.66,10.66,10.31,10.35,279941,9213232.00
2011-02-21,10.32,10.60,10.21,10.53,297789,9903868.00
2011-02-22,10.48,10.70,10.03,10.07,638038,20792074.00
2011-02-23,9.93,10.16,9.93,10.10,225955,7181883.00
2011-02-24,10.18,10.28,9.78,10.00,447262,14177829.00
2011-02-25,9.95,9.95,9.62,9.86,782618,24194532.00
2011-02-28,9.65,9.88,9.47,9.78,517285,15911106.00
2011-03-01,9.88,10.10,9.75,9.97,355000,11174125.00
2011-03-02,10.08,10.08,9.73,9.80,261047,8135954.50
2011-03-03,9.75,9.75,8.95,9.05,2420937,71669600.00
2011-03-04,9.00,9.23,8.94,9.11,2528093,72880032.00
2011-03-07,9.18,9.18,9.01,9.12,1011061,29214668.00
2011-03-08,9.10,9.53,9.10,9.38,1384565,40965864.00
2011-03-09,9.32,9.43,9.29,9.42,766972,22782836.00
2011-03-10,9.45,9.65,9.38,9.50,1024942,31042546.00
2011-03-11,9.41,9.60,9.39,9.58,726997,22009620.00
2011-03-14,9.53,9.64,9.38,9.49,472399,14224322.00
2011-03-15,9.41,9.78,9.18,9.55,2031864,61212912.00
2011-03-16,9.55,9.67,9.39,9.51,643782,19390038.00
2011-03-17,9.50,9.61,9.31,9.42,669018,20133168.00
2011-03-18,9.38,10.41,9.30,10.12,2433020,77109824.00
2011-03-21,9.96,10.04,9.45,9.58,2668993,82102944.00
2011-03-22,9.64,9.72,9.45,9.68,801531,24351430.00
2011-03-23,9.68,9.95,9.68,9.95,1238912,38730316.00
2011-03-24,9.95,10.11,9.68,9.86,1318342,40993728.00
2011-03-25,9.66,9.88,9.59,9.72,555901,17168040.00
2011-03-28,9.89,9.89,9.56,9.75,1013089,31128040.00
2011-03-29,9.75,9.78,9.02,9.08,1526478,44592908.00
2011-03-30,9.11,9.18,8.47,8.72,980087,27256258.00
2011-03-31,8.72,8.90,8.71,8.72,509635,14213100.00
2011-04-01,8.78,8.84,8.64,8.75,196371,5474621.00
2011-04-06,8.76,8.86,8.65,8.65,372799,10355866.00
2011-04-07,8.67,8.85,8.65,8.80,367164,10268446.00
2011-04-08,8.81,8.97,8.74,8.92,300237,8499368.00
2011-04-11,8.95,8.96,8.73,8.76,403753,11311874.00
2011-04-12,8.75,8.82,8.65,8.66,284140,7888445.50
2011-04-13,8.66,8.84,8.62,8.83,383515,10736953.00
2011-04-14,8.85,8.85,8.70,8.76,398444,11104252.00
2011-04-15,8.74,8.76,8.62,8.67,211710,5858335.50
2011-04-18,8.68,8.74,8.60,8.64,250006,6898346.00
2011-04-20,8.62,8.81,8.61,8.81,276611,7676743.00
2011-04-21,8.82,8.96,8.78,8.89,349555,9887889.00
2011-04-22,8.85,9.05,8.58,8.68,434643,12130283.00
2011-04-25,8.71,8.74,8.29,8.45,442041,12029988.00
2011-04-26,8.45,8.48,7.99,8.03,716908,18628830.00
2011-04-27,8.16,8.16,7.79,7.81,801400,20302218.00
2011-04-28,7.90,7.90,7.46,7.48,483745,7791196.50
2011-04-29,7.48,7.49,7.06,7.29,1047728,16256624.00
2011-05-03,7.35,7.52,7.30,7.42,682677,10712614.00
2011-05-04,7.45,7.45,7.24,7.24,399560,6204607.00
2011-05-05,7.30,7.41,7.08,7.24,492964,7633636.50
2011-05-06,7.25,7.38,7.20,7.33,265269,4101639.25
2011-05-09,7.35,7.61,7.35,7.48,764083,12203657.00
2011-05-10,7.48,7.51,7.36,7.47,330615,5209344.50
2011-05-11,7.47,7.53,7.37,7.43,210469,3319688.50
2011-05-12,7.39,7.39,7.21,7.21,425950,6569317.00
2011-05-13,7.15,7.28,7.08,7.20,319927,4864414.00
2011-05-16,7.30,7.30,7.10,7.13,166210,2536431.75
2011-05-17,7.15,7.17,7.00,7.10,413620,6236356.00
2011-05-18,7.11,7.17,7.06,7.14,261035,3950067.75
2011-05-19,7.15,7.23,7.12,7.14,438694,6700134.00
2011-05-20,6.95,7.23,6.95,7.11,276773,4182935.75
2011-05-23,7.05,7.15,6.90,6.92,483476,7220483.00
2011-05-24,6.91,7.45,6.81,7.25,913105,14017811.00
2011-05-25,7.24,7.34,6.96,6.99,507200,7692945.00
2011-05-26,7.00,7.17,6.81,6.90,585949,8683504.00
2011-05-27,6.88,6.89,6.55,6.74,828786,11895505.00
2011-05-30,6.71,6.95,6.60,6.79,462971,6747146.50
2011-05-31,6.90,7.04,6.80,7.04,538620,7951535.00
2011-06-01,7.07,7.29,6.97,7.28,1267572,19358156.00
2011-06-02,7.25,7.25,7.03,7.22,671043,10220911.00
2011-06-03,7.27,7.98,7.27,7.76,3030527,50078964.00
2011-06-07,7.69,7.89,7.51,7.80,2076040,33692632.00
2011-06-08,7.80,7.80,7.60,7.67,1160529,18806078.00
2011-06-09,7.68,7.68,7.36,7.38,1033760,16448903.00
2011-06-10,7.33,7.42,7.24,7.38,627366,9757932.00
2011-06-13,7.37,7.63,7.25,7.54,920868,14624147.00
2011-06-14,7.50,7.60,7.50,7.56,482734,7724021.50
2011-06-15,7.60,7.60,7.37,7.41,415625,6590495.00
2011-06-16,7.25,7.45,7.25,7.31,430950,6714546.50
2011-06-17,7.30,7.42,7.27,7.30,526334,8216510.50
2011-06-20,7.45,7.59,7.23,7.54,1167032,18543924.00
2011-06-21,7.59,7.73,7.47,7.67,927828,14922294.00
2011-06-22,7.73,7.77,7.56,7.65,714645,11519109.00
2011-06-23,7.74,8.00,7.60,7.98,1935133,32196514.00
2011-06-24,7.97,8.19,7.86,8.02,1853581,31388202.00
2011-06-27,7.99,8.23,7.95,8.07,1288416,21955212.00
2011-06-28,8.15,8.38,7.99,8.28,1400639,24247020.00
2011-06-29,8.35,8.35,8.14,8.22,765489,13231258.00
2011-06-30,8.24,8.28,8.11,8.17,1002784,17314412.00
2011-07-01,8.13,8.29,8.05,8.08,1181087,20303472.00
2011-07-04,8.06,8.25,8.06,8.24,890839,15399530.00
2011-07-06,8.24,8.52,8.21,8.35,1807862,31836212.00
2011-07-07,8.30,8.43,8.19,8.37,1289040,22618614.00
2011-07-08,8.35,8.54,8.26,8.48,696364,12283341.00
2011-07-11,8.48,8.56,8.35,8.45,529281,9425956.00
2011-07-12,8.42,8.42,8.22,8.28,809389,14093764.00
2011-07-13,8.21,8.42,8.21,8.40,638067,11230885.00
2011-07-14,8.46,8.75,8.40,8.70,840123,15141457.00
2011-07-15,8.69,8.85,8.65,8.71,665862,12251056.00
2011-07-18,8.70,8.95,8.67,8.71,651255,12053642.00
2011-07-19,8.67,8.69,8.51,8.53,764765,13785414.00
2011-07-20,8.53,8.75,8.48,8.53,741277,13399702.00
2011-07-21,8.54,8.54,8.14,8.16,935673,16336979.00
2011-07-22,8.16,8.33,8.16,8.33,614921,10716972.00
2011-07-25,8.28,8.35,8.06,8.17,817128,14089055.00
2011-07-26,8.17,8.23,8.08,8.19,283864,4887303.00
2011-07-27,8.24,8.33,8.11,8.33,414520,7218076.00
2011-07-28,8.28,8.30,8.16,8.29,377027,6527476.50
2011-07-29,8.21,8.30,8.12,8.12,387857,6701933.50
2011-08-01,8.18,8.25,8.10,8.15,422642,7285083.00
2011-08-02,8.13,8.24,7.88,8.20,604327,10251833.00
2011-08-03,8.11,8.37,8.03,8.30,631850,11036079.00
2011-08-04,8.23,8.37,8.21,8.24,260902,4552466.00
2011-08-05,8.05,8.05,7.85,7.93,353539,5952758.00
2011-08-08,7.84,7.93,7.30,7.55,752080,12231644.00
2011-08-09,7.45,7.62,7.17,7.58,657445,10318674.00
2011-08-10,8.05,8.36,7.94,7.97,1345375,22906812.00
2011-08-11,7.86,8.81,7.85,8.69,3007458,54358608.00
2011-08-12,8.69,8.84,8.58,8.74,2039265,37352820.00
2011-08-15,8.80,8.88,8.62,8.76,959385,17694386.00
2011-08-16,8.79,9.11,8.66,9.11,1811412,33904288.00
2011-08-17,9.11,9.45,8.90,9.32,2323756,44964988.00
2011-08-18,9.32,9.35,9.04,9.16,1013407,19478066.00
2011-08-19,8.97,9.04,8.84,9.03,865738,16291719.00
2011-08-22,8.99,9.28,8.85,9.01,854778,16258704.00
2011-08-23,9.01,9.54,8.95,9.53,1770336,34418780.00
2011-08-24,9.50,9.68,9.35,9.65,1387163,27815692.00
2011-08-25,9.60,9.64,9.29,9.43,996709,19698446.00
2011-08-26,9.45,9.60,9.33,9.49,553366,10950464.00
2011-08-29,9.44,9.60,9.05,9.54,577887,11393773.00
2011-08-30,9.53,10.06,9.46,10.04,1386057,28312590.00
2011-08-31,10.26,10.49,9.73,9.77,3206948,67836856.00
2011-09-01,9.73,9.73,9.35,9.35,1823882,36201816.00
2011-09-02,9.21,9.36,8.92,9.10,1365656,26193062.00
2011-09-05,9.08,9.18,8.85,8.87,717162,13549255.00
2011-09-06,8.72,8.95,8.70,8.85,826390,15298177.00
2011-09-07,8.86,9.10,8.84,9.07,518428,9766863.00
2011-09-08,9.10,9.26,9.08,9.15,585614,11259721.00
2011-09-09,9.20,9.24,8.91,9.10,465963,8829462.00
2011-09-13,8.91,9.26,8.87,8.99,378048,7192390.00
2011-09-14,9.04,9.15,8.60,8.99,394284,7311883.50
2011-09-15,9.00,9.10,8.90,9.03,283361,5374458.00
2011-09-16,9.16,9.20,8.87,8.93,261650,4963813.50
2011-09-19,8.93,8.93,8.69,8.72,172391,3171882.25
2011-09-20,8.73,8.88,8.60,8.71,205200,3773164.00
2011-09-21,8.64,9.04,8.62,8.99,633118,11770827.00
2011-09-22,8.95,8.95,8.60,8.62,299390,5515699.50
2011-09-23,8.67,8.80,8.47,8.73,289400,5282578.00
2011-09-26,8.85,8.85,8.57,8.63,122799,2239839.25
2011-09-27,8.68,8.68,8.45,8.65,196191,3551577.25
2011-09-28,8.75,8.75,8.50,8.56,206843,3730085.25
2011-09-29,8.50,8.51,8.17,8.24,448401,7868547.50
2011-09-30,8.10,8.35,8.10,8.18,242597,4213666.50
2011-10-10,8.29,8.29,7.70,7.80,382730,6370743.50
2011-10-11,8.00,8.27,7.55,7.65,231180,3790978.75
2011-10-12,7.64,8.15,7.60,8.03,453173,7653436.50
2011-10-13,8.10,8.25,8.03,8.22,586985,10137799.00
2011-10-14,8.22,8.29,8.08,8.29,447596,7707271.50
2011-10-17,8.30,8.39,8.16,8.31,291418,5104725.50
2011-10-18,8.21,8.32,8.01,8.06,247703,4241428.00
2011-10-19,8.06,8.22,7.85,8.21,559108,9529608.00
2011-10-20,8.08,8.23,7.95,8.10,613029,10468094.00
2011-10-21,8.00,8.22,8.00,8.15,118524,2034461.63
2011-10-24,8.16,8.54,7.98,8.25,531318,9231923.00
2011-10-25,8.33,8.78,8.19,8.69,722722,12964521.00
2011-10-26,8.61,9.04,8.40,8.76,1720430,31395752.00
2011-10-27,8.76,8.85,8.57,8.67,752531,13774211.00
2011-10-28,8.71,9.03,8.63,8.77,685063,12638364.00
2011-10-31,8.77,9.08,8.66,9.08,1269640,23788656.00
2011-11-01,9.00,9.20,8.70,8.89,748769,14036596.00
2011-11-02,8.80,9.24,8.69,9.24,956295,18212608.00
2011-11-03,9.30,9.50,9.10,9.18,1163897,22814560.00
2011-11-04,9.13,9.43,9.06,9.11,432011,8322487.50
2011-11-07,9.30,9.60,9.11,9.18,1184880,23147230.00
2011-11-08,9.06,9.18,8.81,8.91,577295,10940873.00
2011-11-09,8.92,9.25,8.88,9.25,688726,13088009.00
2011-11-10,9.01,9.67,9.01,9.46,2810631,55795436.00
2011-11-11,9.46,9.53,9.29,9.44,833000,16428904.00
2011-11-14,9.53,9.69,9.41,9.64,1244104,24943330.00
2011-11-15,9.65,9.70,9.51,9.57,460579,9271842.00
2011-11-16,9.66,9.69,9.28,9.28,987421,19518404.00
2011-11-17,9.30,9.48,9.27,9.29,653815,12805553.00
2011-11-18,9.24,9.49,9.05,9.34,847599,16349769.00
2011-11-21,9.34,9.34,9.05,9.17,335949,6484819.50
2011-11-22,9.19,9.20,9.07,9.15,477696,9167644.00
2011-11-23,9.19,9.23,9.05,9.19,495226,9502105.00
2011-11-24,9.08,9.23,9.05,9.15,262851,5037206.50
2011-11-25,9.15,9.30,9.08,9.19,344188,6637863.50
2011-11-28,9.22,9.29,9.08,9.26,384267,7388144.50
2011-11-29,9.26,9.63,9.25,9.59,850293,16903498.00
2011-11-30,9.59,9.62,9.06,9.14,1263890,24700114.00
2011-12-01,9.40,9.48,9.13,9.16,961023,18799382.00
2011-12-02,9.14,9.24,8.60,8.78,1013733,18778480.00
2011-12-05,8.56,8.82,8.41,8.67,635170,11648301.00
2011-12-06,8.64,8.74,8.30,8.55,554383,9870810.00
2011-12-07,8.58,8.81,8.54,8.74,211729,3878387.25
2011-12-08,8.66,8.93,8.60,8.74,153270,2815051.75
2011-12-09,8.70,8.76,8.45,8.59,493542,8905031.00
2011-12-12,8.59,8.65,8.55,8.64,115422,2089159.13
2011-12-13,8.58,8.59,8.30,8.40,587910,10426472.00
2011-12-14,8.50,8.51,8.33,8.45,112167,1991868.00
2011-12-15,8.32,8.50,8.14,8.44,328709,5780522.00
2011-12-16,8.40,8.78,8.35,8.77,289672,5202446.50
2011-12-19,8.70,8.94,8.55,8.93,238231,4379559.50
2011-12-20,8.90,8.99,8.80,8.85,273162,5095418.00
2011-12-21,8.85,8.95,8.51,8.63,583900,10736275.00
2011-12-22,8.51,8.74,8.40,8.59,262718,4696755.00
2011-12-23,8.50,8.85,8.50,8.61,233533,4263827.00
2011-12-26,8.68,8.95,8.65,8.71,588342,10844825.00
2011-12-27,8.65,8.73,8.50,8.69,329576,5957023.50
2011-12-28,8.41,8.73,7.78,8.16,924283,15995677.00
2011-12-29,8.13,8.38,8.01,8.36,515865,8910636.00
2011-12-30,8.33,8.50,8.25,8.41,672084,11821471.00
2012-01-04,8.39,8.46,8.23,8.30,142761,2501334.50
2012-01-05,8.30,8.34,7.90,7.95,484100,8260301.00
2012-01-06,7.90,8.05,7.66,7.95,278347,4632099.00
2012-01-09,7.83,8.23,7.65,8.18,549671,9291867.00
2012-01-10,8.25,8.44,8.01,8.40,587960,10208570.00
2012-01-11,8.40,8.54,8.33,8.42,327547,5812957.50
2012-01-12,8.42,8.55,8.10,8.24,325080,5688596.00
2012-01-13,8.18,8.23,7.78,7.80,444802,7460995.50
2012-01-16,7.64,7.72,7.25,7.31,1896907,29838216.00
2012-01-18,7.67,7.80,7.29,7.33,1031604,16269974.00
2012-01-19,7.25,7.40,6.87,7.31,704194,10624620.00
2012-01-20,7.27,7.54,7.12,7.52,429387,6729867.50
2012-01-30,7.45,7.63,7.36,7.60,248845,3979864.75
2012-01-31,7.60,8.10,7.55,8.02,729658,12061577.00
2012-02-01,7.90,8.20,7.90,8.13,351004,5988297.00
2012-02-02,8.06,8.35,8.00,8.19,655126,11201176.00
2012-02-03,8.14,8.24,8.05,8.14,427622,7329080.00
2012-02-06,8.19,8.31,8.05,8.25,379939,6573153.00
2012-02-07,8.14,8.16,7.98,8.01,214640,3649912.00
2012-02-08,8.00,8.27,7.95,8.25,306879,5268369.50
2012-02-09,8.26,8.38,8.15,8.27,279019,4872976.50
2012-02-10,8.24,8.45,8.24,8.32,194191,3426524.25
2012-02-13,8.27,8.48,8.11,8.46,191465,3379310.00
2012-02-14,8.50,8.51,8.30,8.43,214072,3775420.75
2012-02-15,8.42,8.55,8.34,8.51,304128,5446693.50
2012-02-16,8.53,8.69,8.45,8.55,308746,5555827.50
2012-02-17,8.63,8.68,8.49,8.52,241550,4348558.00
2012-02-20,8.66,8.70,8.50,8.62,443587,8041706.00
2012-02-21,8.60,8.70,8.55,8.66,193774,3513676.75
2012-02-22,8.70,9.05,8.61,9.05,455690,8468004.00
2012-02-23,9.05,9.12,8.70,8.92,348924,6546505.00
2012-02-24,8.81,9.01,8.81,8.96,185319,3476694.25
2012-02-27,8.96,9.17,8.92,8.98,920869,17533152.00
2012-02-28,8.93,9.02,8.75,8.89,369373,6855200.50
2012-02-29,8.73,8.93,8.73,8.85,274201,5124469.00
2012-03-01,8.85,9.11,8.85,8.98,576323,10922240.00
2012-03-02,8.92,9.36,8.92,9.25,570790,11018337.00
2012-03-05,9.30,9.43,9.17,9.19,946019,18533530.00
2012-03-06,9.15,9.24,9.00,9.15,244700,4670035.00
2012-03-07,9.09,9.41,9.08,9.19,483521,9400802.00
2012-03-08,9.18,9.25,9.16,9.22,393186,7592751.00
2012-03-09,9.19,9.40,9.11,9.30,546751,10618467.00
2012-03-12,9.30,9.50,9.26,9.30,580287,11385173.00
2012-03-13,9.32,9.43,9.29,9.43,862042,16891312.00
2012-03-14,9.48,9.77,9.19,9.22,1061155,21111368.00
2012-03-15,9.22,9.30,8.80,9.05,577394,10946248.00
2012-03-16,9.03,9.30,9.03,9.30,678477,13017586.00
2012-03-19,9.30,9.53,9.22,9.45,541318,10653234.00
2012-03-20,9.40,9.51,9.05,9.07,669401,12889029.00
2012-03-21,9.08,9.20,8.93,9.09,445024,8471122.00
2012-03-22,8.98,9.05,8.98,9.04,222053,4216485.50
2012-03-23,8.95,9.08,8.81,8.87,237496,4465101.50
2012-03-26,8.78,9.03,8.78,8.93,192735,3618547.75
2012-03-27,9.00,9.15,8.95,8.97,344059,6511152.00
2012-03-28,8.92,9.04,8.57,8.73,581951,10722050.00
2012-03-29,8.70,8.70,8.36,8.47,421494,7560994.50
2012-03-30,8.39,8.60,8.39,8.55,148061,2657314.00
2012-04-05,8.65,8.79,8.48,8.70,260218,4722060.00
2012-04-06,8.74,8.79,8.68,8.78,122063,2238899.00
2012-04-09,8.73,8.86,8.68,8.83,178618,3294298.00
2012-04-10,8.83,8.87,8.65,8.87,195650,3599237.00
2012-04-11,8.85,8.93,8.73,8.92,247718,4626812.50
2012-04-12,8.93,9.14,8.93,9.07,302305,5759817.00
2012-04-13,8.99,9.27,8.95,9.23,292480,5631615.00
2012-04-16,9.23,9.33,9.07,9.20,203524,3940818.25
2012-04-18,9.18,9.36,9.11,9.33,524104,10219671.00
2012-04-19,9.36,9.44,9.11,9.16,722514,13936780.00
2012-04-20,9.17,9.20,9.05,9.15,631166,12099454.00
2012-04-23,9.15,9.53,8.98,9.15,1024710,19610210.00
2012-04-24,9.19,9.25,8.80,9.19,731747,13858176.00
2012-04-25,9.15,9.24,9.08,9.13,296774,5686434.50
2012-04-26,9.25,9.51,9.17,9.45,531631,10308460.00
2012-04-27,9.49,9.70,9.33,9.55,591387,11702009.00
2012-05-02,9.74,9.82,9.48,9.54,491538,9771163.00
2012-05-03,9.51,9.68,9.31,9.64,334154,6624498.50
2012-05-04,9.67,9.80,9.57,9.77,590996,11854124.00
2012-05-07,9.77,9.84,9.65,9.82,634694,12807746.00
2012-05-08,9.82,9.83,9.60,9.65,429662,8595689.00
2012-05-09,9.63,9.66,9.53,9.53,421135,8402201.00
2012-05-10,9.53,9.65,9.46,9.48,340750,6738202.00
2012-05-11,9.45,9.57,9.43,9.49,218439,4297650.50
2012-05-14,9.52,9.59,9.40,9.47,174811,3433039.00
2012-05-15,9.42,9.54,9.38,9.45,335900,6558280.50
2012-05-16,9.45,9.54,9.35,9.35,378410,7375120.50
2012-05-17,9.40,9.50,9.36,9.49,121500,2376898.00
2012-05-18,9.48,9.48,9.28,9.40,234617,4555296.00
2012-05-21,9.40,9.49,9.32,9.34,162025,3153583.25
2012-05-22,9.41,9.51,9.35,9.47,324592,6342623.50
2012-05-23,9.43,9.70,9.39,9.68,324021,6411289.00
2012-05-24,9.68,9.75,9.58,9.60,152200,3037537.75
2012-05-25,9.65,9.65,9.40,9.45,185300,3667321.75
2012-05-28,9.40,9.54,9.36,9.47,220750,4325063.50
2012-05-29,9.40,9.65,9.32,9.54,312533,6168827.00
2012-05-30,9.53,9.59,9.43,9.46,214750,4234905.00
2012-05-31,9.33,9.56,9.33,9.54,208064,4085266.75
2012-06-01,9.59,9.70,9.50,9.67,342491,6834904.00
2012-06-04,9.44,9.75,9.44,9.50,581405,11652253.00
2012-06-05,9.55,9.55,9.09,9.20,425546,8206009.50
2012-06-06,9.20,9.40,9.15,9.22,145672,2793185.25
2012-06-07,9.34,9.34,9.15,9.32,129701,2486050.00
2012-06-08,9.32,9.40,9.21,9.35,139529,2704451.75
2012-06-11,9.40,9.64,9.34,9.62,448148,8875648.00
2012-06-12,9.69,10.62,9.63,10.20,2192771,46475652.00
2012-06-13,10.08,10.65,10.01,10.49,2099830,45118892.00
2012-06-14,10.67,11.18,10.26,10.29,2765941,60918028.00
2012-06-15,10.20,11.28,10.16,10.90,3857529,86385680.00
2012-06-18,10.96,11.23,10.80,11.13,2890524,65613952.00
2012-06-19,10.99,11.05,10.75,10.78,1569400,35074676.00
2012-06-20,10.90,10.90,10.55,10.60,1284414,28308690.00
2012-06-21,10.55,10.82,10.45,10.65,1180362,25865534.00
2012-06-25,10.60,10.69,10.15,10.24,995500,21365362.00
2012-06-26,10.16,10.40,10.06,10.31,708536,14961092.00
2012-06-27,10.33,10.39,10.16,10.32,596981,12711629.00
2012-06-28,10.32,10.45,10.09,10.23,771326,16294016.00
2012-06-29,10.16,10.45,10.01,10.37,771102,16307284.00
2012-07-02,10.37,10.80,10.34,10.67,1026379,22539328.00
2012-07-03,10.63,10.88,10.49,10.60,894028,19684386.00
2012-07-04,10.95,11.70,10.85,10.93,3071304,70771672.00
2012-07-05,10.88,10.88,10.50,10.51,1560164,34332308.00
2012-07-06,10.51,10.79,10.26,10.60,1035561,22429714.00
2012-07-09,10.55,11.13,10.40,10.71,1214095,27073628.00
2012-07-10,10.60,10.90,10.30,10.40,752579,16293814.00
2012-07-11,10.35,10.57,10.33,10.55,569819,12311822.00
2012-07-12,10.50,10.60,10.30,10.53,1182063,25554358.00
2012-07-13,10.34,10.52,9.90,9.97,1770984,37047932.00
2012-07-16,9.91,9.91,9.55,9.58,1192177,23900144.00
2012-07-17,9.60,9.75,9.43,9.68,581388,11595107.00
2012-07-18,9.71,9.84,9.54,9.75,671516,13428810.00
2012-07-19,9.68,9.85,9.60,9.65,803892,16146380.00
2012-07-20,9.66,9.71,9.35,9.41,628187,12401321.00
2012-07-23,9.45,9.45,9.09,9.31,614400,11745232.00
2012-07-24,9.21,9.55,9.20,9.30,844828,16389760.00
2012-07-25,9.29,9.55,9.25,9.44,776455,15244458.00
2012-07-26,9.44,9.63,9.38,9.39,250607,4932021.50
2012-07-27,9.43,9.50,9.28,9.33,262767,5101210.50
2012-07-30,9.33,9.38,9.06,9.11,461124,8798739.00
2012-07-31,9.08,9.24,9.08,9.12,584253,11080427.00
2012-08-01,9.05,9.43,9.05,9.30,469581,9038708.00
2012-08-02,9.35,9.40,9.15,9.18,173868,3344467.50
2012-08-03,9.15,9.59,9.15,9.56,731165,14212701.00
2012-08-06,9.56,9.80,9.46,9.65,812840,16233246.00
2012-08-07,9.65,9.80,9.62,9.67,749043,15015701.00
2012-08-08,9.70,9.78,9.44,9.49,927511,18437190.00
2012-08-09,9.50,9.73,9.46,9.71,888769,17757282.00
2012-08-10,9.90,9.90,9.53,9.71,1156140,23132862.00
2012-08-13,9.90,9.90,9.58,9.73,1204658,24193444.00
2012-08-14,9.72,9.89,9.53,9.85,873843,17608398.00
2012-08-15,9.71,10.04,9.71,9.80,527999,10831101.00
2012-08-16,9.86,9.86,9.39,9.40,691120,13751981.00
2012-08-17,9.33,9.50,9.33,9.48,179297,3504703.75
2012-08-20,9.35,9.48,9.15,9.37,379269,7268698.00
2012-08-21,9.31,9.83,9.31,9.70,584625,11661296.00
2012-08-22,9.84,9.87,9.65,9.69,319646,6470833.50
2012-08-23,9.68,9.76,9.63,9.69,328859,6599479.50
2012-08-24,9.63,9.70,9.38,9.50,232042,4575622.50
2012-08-27,9.55,9.55,9.25,9.25,249276,4814472.50
2012-08-28,9.20,9.35,9.18,9.28,305859,5864818.50
2012-08-29,9.10,9.43,9.10,9.29,216801,4174781.00
2012-08-30,9.26,9.29,8.59,9.07,801936,14882542.00
2012-08-31,9.07,9.07,8.81,8.88,130031,2410051.75
2012-09-03,8.88,9.05,8.81,9.01,194326,3630528.25
2012-09-04,9.05,9.05,8.83,8.87,171000,3184429.00
2012-09-05,8.90,9.09,8.90,9.00,260139,4824028.50
2012-09-06,9.00,9.08,8.95,9.05,232637,4336559.50
2012-09-07,9.08,9.43,9.08,9.34,523887,10076640.00
2012-09-10,9.26,9.37,9.24,9.33,320760,6162966.00
2012-09-11,9.33,9.53,9.30,9.41,611043,11879987.00
2012-09-12,9.41,9.55,9.24,9.37,252584,4860904.50
2012-09-13,9.44,9.45,9.27,9.31,299192,5769131.50
2012-09-14,9.31,9.34,9.20,9.20,529120,10137906.00
2012-09-17,9.22,9.39,8.93,9.14,579221,11044481.00
2012-09-18,9.01,9.17,8.92,9.08,457032,8592497.00
2012-09-19,9.05,9.16,8.97,9.07,149458,2812280.75
2012-09-20,9.07,9.07,8.68,8.75,311245,5715279.00
2012-09-21,8.70,8.95,8.46,8.60,264564,4740596.00
2012-09-24,8.48,8.60,8.36,8.45,257655,4517337.00
2012-09-25,8.50,8.54,8.10,8.20,709714,12175984.00
2012-09-26,8.20,8.21,7.95,7.99,374680,6282913.00
2012-09-27,8.19,8.29,8.07,8.23,410071,6966586.00
2012-09-28,8.28,8.47,8.11,8.45,360633,6221957.00
2012-10-08,8.50,8.50,8.22,8.24,404595,6932221.00
2012-10-09,8.35,8.80,8.35,8.68,512785,9151176.00
2012-10-10,8.68,8.93,8.68,8.92,641480,11719180.00
2012-10-11,8.74,8.94,8.74,8.90,290751,5324532.00
2012-10-12,8.95,9.10,8.70,8.82,482302,8768168.00
2012-10-15,8.92,8.92,8.61,8.70,498422,8951243.00
2012-10-16,8.70,8.85,8.66,8.69,102585,1854289.88
2012-10-17,8.70,8.88,8.70,8.85,176254,3207854.25
2012-10-18,9.05,9.05,8.80,8.88,263673,4837649.00
2012-10-19,8.93,8.93,8.66,8.74,227534,4106995.00
2012-10-22,8.41,8.75,8.41,8.70,199410,3582005.50
2012-10-23,8.79,8.79,8.63,8.73,282899,5081824.00
2012-10-24,8.78,8.85,8.50,8.70,298942,5335974.50
2012-10-25,8.56,8.71,8.56,8.65,286813,5124424.00
2012-10-26,8.65,8.67,8.45,8.50,275826,4860089.50
2012-10-29,8.51,8.59,8.46,8.49,240626,4230002.50
2012-10-30,8.54,8.69,8.47,8.68,300385,5349791.00
2012-10-31,8.61,8.70,8.51,8.67,439728,7810196.00
2012-11-01,8.79,8.95,8.44,8.52,1088800,19333830.00
2012-11-02,8.45,8.52,8.23,8.30,736072,12742390.00
2012-11-05,8.28,8.39,8.28,8.38,277386,4793099.00
2012-11-06,8.37,8.37,8.18,8.19,265358,4519968.00
2012-11-07,8.16,8.33,8.16,8.29,114010,1953126.25
2012-11-08,8.22,8.27,8.15,8.18,172005,2926969.25
2012-11-09,8.22,8.38,8.20,8.37,332760,5751036.50
2012-11-12,8.39,8.57,8.29,8.31,113700,1979228.00
2012-11-13,7.95,8.39,7.93,8.20,429901,7271847.00
2012-11-14,8.04,8.29,8.03,8.22,166807,2835807.25
2012-11-15,8.22,8.29,8.13,8.17,177331,3002298.50
2012-11-16,8.20,8.20,8.10,8.13,106749,1802443.13
2012-11-19,8.10,8.62,8.00,8.58,962615,16777764.00
2012-11-20,8.68,8.70,8.27,8.28,842318,14762350.00
2012-11-21,8.16,8.27,7.95,8.18,567472,9536832.00
2012-11-22,8.20,8.70,8.14,8.30,985415,17103626.00
2012-11-23,8.30,8.30,7.96,8.15,761453,12843861.00
2012-11-26,8.13,8.38,8.12,8.38,546758,9406898.00
2012-11-27,8.35,8.43,8.23,8.33,590335,10159294.00
2012-11-28,8.00,8.32,8.00,8.12,389665,6582932.00
2012-11-29,8.05,8.15,8.05,8.10,295240,4968414.00
2012-11-30,8.11,8.20,8.01,8.10,263339,4421315.50
2012-12-03,8.10,8.10,7.86,7.89,269450,4445103.50
2012-12-04,7.81,8.05,7.81,8.00,156417,2578220.25
2012-12-05,8.00,8.29,7.74,8.24,459979,7748023.50
2012-12-06,8.18,8.21,8.06,8.11,308808,5207402.00
2012-12-07,8.10,8.18,8.03,8.15,522129,8811177.00
2012-12-10,8.17,8.49,8.15,8.43,683574,11830435.00
2012-12-11,8.43,8.45,8.28,8.38,339666,5902096.50
2012-12-12,8.38,8.38,8.20,8.30,332070,5684781.50
2012-12-13,8.32,8.52,8.18,8.52,633489,11009635.00
2012-12-14,8.41,8.85,8.40,8.76,689742,12354450.00
2012-12-17,8.73,8.73,8.57,8.68,390717,6983733.00
2012-12-18,8.71,8.71,8.58,8.61,236943,4228874.50
2012-12-19,8.61,8.70,8.59,8.60,286342,5108998.00
2012-12-20,8.60,8.64,8.51,8.63,341576,6060742.50
2012-12-21,8.64,8.77,8.63,8.71,571358,10308500.00
2012-12-24,8.78,9.61,8.76,9.18,1995090,38375508.00
2012-12-25,8.99,9.42,8.88,9.24,1666948,31328458.00
2012-12-26,9.21,9.32,9.04,9.25,1103698,20927166.00
2012-12-27,9.24,9.25,9.06,9.17,552909,10432937.00
2012-12-28,9.16,9.16,8.91,9.00,736899,13678944.00
2012-12-31,9.01,9.06,8.94,9.05,525764,9789736.00
2013-01-04,9.09,9.14,8.92,9.03,360879,6714965.00
2013-01-07,8.95,9.45,8.95,9.45,1135607,21745866.00
2013-01-08,9.41,9.59,9.23,9.45,1009779,19614616.00
2013-01-09,9.39,9.65,9.32,9.55,1006133,19663032.00
2013-01-10,9.55,9.68,9.42,9.48,758730,14912484.00
2013-01-11,9.44,9.60,9.35,9.38,331073,6450506.00
2013-01-14,10.33,10.33,9.61,9.70,2048483,41224424.00
2013-01-15,9.70,10.60,9.62,10.13,2877357,60038488.00
2013-01-16,9.98,10.12,9.75,9.95,1224822,25034646.00
2013-01-17,10.00,10.25,9.86,9.95,1310899,27291096.00
2013-01-18,9.98,10.32,9.97,10.23,883678,18548122.00
2013-01-21,10.34,10.34,9.85,9.99,1475023,30436280.00
2013-01-22,9.99,10.13,9.85,9.85,1139890,23451038.00
2013-01-23,9.88,10.15,9.79,10.15,753724,15460106.00
2013-01-24,10.01,10.14,9.84,9.91,672630,13847480.00
2013-01-25,10.09,10.33,9.98,10.02,484213,10138342.00
2013-01-28,9.95,10.43,9.86,10.40,914276,19275416.00
2013-01-29,10.44,10.90,10.44,10.59,1016525,22300806.00
2013-01-30,10.60,10.80,10.35,10.37,692784,14877718.00
2013-01-31,10.35,10.45,10.27,10.39,451425,9605214.00
2013-02-01,10.35,10.35,10.08,10.18,765646,16031286.00
2013-02-04,10.18,10.18,9.79,9.89,513476,10497889.00
2013-02-05,9.83,10.02,9.79,9.99,253761,5205550.00
2013-02-06,10.05,10.08,9.90,9.92,527900,10869393.00
2013-02-07,9.96,10.07,9.88,10.04,280857,5761296.50
2013-02-08,10.06,10.81,10.06,10.51,1037403,22410706.00
2013-02-18,10.60,10.79,10.41,10.63,725256,15845002.00
2013-02-19,10.68,10.70,10.38,10.60,562155,12104847.00
2013-02-20,10.56,10.95,10.56,10.95,1239394,27663576.00
2013-02-21,10.84,10.98,10.59,10.60,1311364,28870902.00
2013-02-22,10.46,10.70,10.46,10.68,845113,18427590.00
2013-02-25,10.98,11.49,10.98,11.23,1906345,43822348.00
2013-02-26,11.04,11.65,11.04,11.20,1492129,34747692.00
2013-02-27,11.63,11.80,11.24,11.32,1288246,30393384.00
2013-02-28,11.21,11.78,11.10,11.75,1672722,39277376.00
2013-03-01,11.65,12.07,11.56,12.04,2380535,57984208.00
2013-03-04,12.33,12.80,11.70,11.89,3892128,97785048.00
2013-03-05,11.80,12.19,11.46,12.01,1680763,40948232.00
2013-03-06,12.00,12.37,11.82,11.84,1677259,41606676.00
2013-03-07,11.84,11.84,11.14,11.34,2223470,52285428.00
2013-03-08,11.45,11.54,11.18,11.30,812256,18877910.00
2013-03-11,11.45,11.45,11.16,11.21,982970,22741052.00
2013-03-12,11.22,11.30,10.58,10.77,1765059,39242544.00
2013-03-13,10.61,10.90,10.61,10.90,856493,18931106.00
2013-03-14,10.90,11.00,10.63,10.98,1351845,29837554.00
2013-03-15,10.91,11.11,10.65,10.91,2582275,57625712.00
2013-03-18,10.70,10.90,10.40,10.48,1837337,40242500.00
2013-03-19,10.48,10.73,10.26,10.37,875963,18835078.00
2013-03-20,10.44,10.78,10.37,10.76,1169462,25590870.00
2013-03-21,10.80,11.15,10.72,10.97,1458751,32832602.00
2013-03-22,10.97,11.25,10.85,11.14,1514805,34483640.00
2013-03-25,11.06,11.23,10.90,11.13,1115847,25353554.00
2013-03-26,11.10,11.26,10.90,11.26,838860,19094058.00
2013-03-27,11.31,11.53,11.09,11.20,1093857,25427330.00
2013-03-28,11.30,11.53,11.07,11.07,2083251,48379408.00
2013-03-29,11.08,11.41,10.91,10.95,1717845,39466324.00
2013-04-01,10.99,11.30,10.96,11.10,1376439,31499816.00
2013-04-02,11.11,11.44,10.95,11.05,1200061,27583476.00
2013-04-03,11.10,11.19,10.64,10.73,807042,17892520.00
2013-04-08,10.53,11.02,10.30,11.00,959974,21309648.00
2013-04-09,11.05,11.18,10.83,11.02,929051,20968146.00
2013-04-10,11.03,11.10,10.70,10.88,508112,11360164.00
2013-04-11,10.93,11.04,10.81,10.93,398872,8966677.00
2013-04-12,10.72,10.89,10.53,10.57,610386,13432562.00
2013-04-15,10.51,10.67,10.26,10.40,370687,7944598.50
2013-04-16,10.38,10.66,10.20,10.65,351047,7587233.00
2013-04-17,10.62,10.79,10.53,10.77,560427,12302160.00
2013-04-18,10.84,10.95,10.70,10.84,482823,10763188.00
2013-04-19,10.95,11.29,10.93,11.18,1248939,28554906.00
2013-04-22,11.11,11.79,11.11,11.77,1916701,45617040.00
2013-04-23,11.77,11.93,11.56,11.60,1478544,35425604.00
2013-04-24,11.54,12.53,11.54,12.42,2581456,64164460.00
2013-04-25,12.41,12.41,11.80,12.05,1745920,43354096.00
2013-04-26,12.05,12.13,11.38,11.46,1188500,28298114.00
2013-05-02,11.46,11.66,11.02,11.57,1445497,16692366.00
2013-05-03,11.50,12.19,11.49,12.14,2804705,33830204.00
2013-05-06,12.15,13.10,12.15,12.54,6870083,88579256.00
2013-05-07,12.55,12.55,11.78,11.90,5784012,71116176.00
2013-05-08,11.91,12.32,11.76,11.80,5944120,72580288.00
2013-05-09,11.75,13.00,11.60,13.00,10733527,134092232.00
2013-05-10,12.90,14.04,12.60,13.60,14410999,196829200.00
2013-05-13,13.37,13.60,13.03,13.46,5734619,77565576.00
2013-05-14,13.39,14.20,13.05,13.20,7725439,106241016.00
2013-05-15,13.13,13.48,12.80,13.40,5823714,77909992.00
2013-05-16,13.40,13.75,13.06,13.09,8113962,110413152.00
2013-05-17,13.03,13.60,12.93,13.19,5726487,77282072.00
2013-05-20,13.22,13.26,12.47,12.90,10559289,137683808.00
2013-05-21,12.90,14.00,12.68,13.91,11083773,151082976.00
2013-05-22,13.76,13.76,13.15,13.32,7498013,101667544.00
2013-05-23,13.19,13.78,12.92,13.73,7188847,98213928.00
2013-05-24,13.45,14.15,13.30,13.92,12527920,173170144.00
2013-05-27,13.91,14.48,13.83,14.33,10346642,148595920.00
2013-05-28,14.16,14.37,13.10,13.46,9056971,125090616.00
2013-05-29,13.30,13.75,13.18,13.50,4465771,61106980.00
2013-05-30,13.48,13.48,13.18,13.31,3743690,50532516.00
2013-05-31,13.31,13.46,13.12,13.38,4348507,58637384.00
2013-06-03,13.30,13.35,12.80,12.85,3861193,51629476.00
2013-06-04,12.77,12.78,12.12,12.34,6043675,76097976.00
2013-06-05,12.29,12.47,12.12,12.31,1916743,23954472.00
2013-06-06,12.29,12.45,12.00,12.37,1844051,22891400.00
2013-06-07,12.39,12.40,12.04,12.11,1558133,19307750.00
2013-06-13,11.80,12.78,11.30,12.19,3593634,44252888.00
2013-06-14,12.19,12.78,12.12,12.63,3744976,47715232.00
2013-06-17,12.68,12.98,12.55,12.88,3958691,51456292.00
2013-06-18,12.84,12.85,12.46,12.63,2533351,32554530.00
2013-06-19,12.48,12.54,12.30,12.46,1701569,21461786.00
2013-06-20,12.45,12.45,11.40,11.50,2846015,34550464.00
2013-06-21,11.23,11.74,10.73,11.67,3582727,41061768.00
2013-06-24,11.55,11.74,10.48,10.89,3807693,42522240.00
2013-06-25,10.68,11.05,10.19,10.92,3697484,40310052.00
2013-06-26,11.04,11.91,10.89,11.81,4690526,54637620.00
2013-06-27,11.81,12.01,11.45,11.56,3608338,42960508.00
2013-06-28,11.48,11.80,11.29,11.36,1634385,19172302.00
2013-07-01,11.32,11.80,11.01,11.78,1880297,22332284.00
2013-07-02,11.88,12.22,11.50,12.19,3740844,45662072.00
2013-07-03,12.13,12.20,11.75,11.91,2694635,32662240.00
2013-07-04,11.86,12.15,11.77,11.92,2483915,30170056.00
2013-07-05,11.92,12.30,11.82,11.92,2761845,33952524.00
2013-07-08,11.82,11.82,11.03,11.47,2645139,31085738.00
2013-07-09,11.45,11.65,11.42,11.58,1906814,22356860.00
2013-07-10,11.50,11.95,11.50,11.92,2019392,24178396.00
2013-07-11,11.99,12.14,11.66,12.07,2388948,29011494.00
2013-07-12,12.10,12.62,12.02,12.31,3624607,45615780.00
2013-07-15,12.32,13.02,12.32,12.99,4762889,62019404.00
2013-07-16,12.99,13.26,12.71,13.02,4028001,53048476.00
2013-07-17,13.02,13.20,12.64,12.79,3350231,43956664.00
2013-07-18,12.61,13.25,12.61,13.14,3609176,47573908.00
2013-07-19,13.10,13.97,13.08,13.30,6771355,93439784.00
2013-07-22,13.18,14.30,13.00,14.25,9582939,136462784.00
2013-07-23,14.63,14.88,13.80,14.40,11096085,161925968.00
2013-07-24,14.09,15.80,14.09,15.25,10294169,158173888.00
2013-07-25,15.07,15.55,14.25,14.55,7956656,119577288.00
2013-07-26,14.40,14.56,13.51,14.18,5821740,82845096.00
2013-07-29,14.00,14.02,13.25,13.32,4271996,59188288.00
2013-07-30,13.30,14.28,12.87,13.98,5487578,76101784.00
2013-07-31,14.09,14.60,13.85,14.55,6303171,91829232.00
2013-08-01,14.69,15.30,14.40,15.26,5798356,87464408.00
2013-08-02,15.76,15.98,15.16,15.36,8319845,130786464.00
2013-08-05,15.42,16.92,15.42,16.11,9505045,158013440.00
2013-08-06,15.59,16.44,15.51,16.10,7206516,117251856.00
2013-08-07,15.95,16.14,15.26,15.29,5975229,93980760.00
2013-08-08,15.16,16.09,14.92,15.67,4462433,70773176.00
2013-08-09,15.80,15.89,15.05,15.19,3432266,53492160.00
2013-08-12,15.23,15.56,14.72,14.91,3442974,52452220.00
2013-08-13,15.00,16.10,14.70,16.02,6266323,98581096.00
2013-08-14,15.80,16.15,15.51,15.78,3068601,49108164.00
2013-08-15,15.60,16.00,15.38,15.38,2228393,35501060.00
2013-08-16,15.39,15.58,14.30,14.55,3700654,56281308.00
2013-08-19,14.30,15.18,14.24,15.16,3086651,46863688.00
2013-08-20,15.20,15.70,15.06,15.37,2435556,38130656.00
2013-08-21,15.45,16.20,15.26,15.80,3459315,55383212.00
2013-08-22,15.66,16.20,15.48,15.90,2673639,43079712.00
2013-08-23,15.90,17.10,15.60,17.02,6731254,112010224.00
2013-08-26,16.87,17.79,16.64,17.65,5317722,92365040.00
2013-08-27,17.60,17.90,17.10,17.48,3432900,60505340.00
2013-08-28,17.40,18.75,17.18,17.60,5310660,96710888.00
2013-08-29,17.40,17.40,16.54,16.92,4208695,72113688.00
2013-08-30,16.92,16.99,15.70,16.28,3752794,62597480.00
2013-09-02,16.38,17.35,15.98,17.16,2680593,45933400.00
2013-09-03,17.10,17.44,16.87,16.97,3620857,62924676.00
2013-09-04,16.86,17.49,16.85,17.09,3820513,66427064.00
2013-09-05,17.09,17.98,16.97,17.67,5574813,99531600.00
2013-09-06,17.70,17.93,17.14,17.67,4025032,71397920.00
2013-09-09,17.72,17.72,16.77,16.95,6152589,105992920.00
2013-09-10,16.86,17.15,16.81,16.99,5831061,100582104.00
2013-09-11,18.50,18.50,16.80,17.65,10836982,191853904.00
2013-09-12,17.39,17.59,16.81,17.19,4396585,76257808.00
2013-09-13,16.93,17.42,16.93,17.22,2931351,50932672.00
2013-09-16,17.28,18.12,16.88,18.04,6019624,106981664.00
2013-09-17,18.00,18.00,16.98,17.00,9124052,159451760.00
2013-09-18,16.94,17.20,16.35,16.94,5983047,101265528.00
2013-09-23,16.81,17.38,16.41,17.10,5824812,99704984.00
2013-09-24,16.95,17.26,16.64,16.80,3540886,60380048.00
2013-09-25,16.65,16.76,16.00,16.00,4281306,71002168.00
2013-09-26,16.09,16.29,15.92,15.98,2049476,33371346.00
2013-09-27,15.98,16.42,15.75,16.30,2294088,37531892.00
2013-09-30,16.34,16.95,16.28,16.93,3390198,57565744.00
2013-10-08,17.05,17.38,16.00,16.98,3253117,56167484.00
2013-10-09,16.90,17.16,16.71,16.79,2722732,46528220.00
2013-10-10,16.79,16.86,16.25,16.38,2781117,46420032.00
2013-10-11,16.39,16.54,15.83,16.13,3554966,57936424.00
2013-10-14,16.00,16.64,15.86,16.60,3866856,63804820.00
2013-10-15,17.13,17.42,16.75,16.87,6716038,115391744.00
2013-10-16,16.85,16.85,16.02,16.28,3900055,64246180.00
2013-10-17,16.39,17.08,16.20,16.70,5058239,85913808.00
2013-10-18,16.70,16.70,16.15,16.50,2631945,43703988.00
2013-10-21,16.57,17.99,16.52,17.66,8128989,143986960.00
2013-10-22,17.80,18.48,16.94,17.12,7958841,143487280.00
2013-10-23,16.90,17.65,16.40,17.47,5870069,100965032.00
2013-10-24,17.15,18.34,16.91,18.14,8435118,152921360.00
2013-10-25,18.20,19.18,17.62,17.80,7684678,143284640.00
2013-10-28,17.36,18.20,16.72,17.43,5212601,92522632.00
2013-10-29,17.48,18.12,16.18,17.18,5357419,92855096.00
2013-10-30,16.90,17.40,16.33,17.14,3537021,60640624.00
2013-10-31,17.33,17.33,16.53,16.55,2271745,38538776.00
2013-11-01,16.55,16.55,15.79,16.37,3930489,64165152.00
2013-11-04,16.60,17.18,16.45,16.80,2812041,48059600.00
2013-11-05,16.61,17.13,16.44,17.07,2430246,41236680.00
2013-11-06,17.07,17.79,16.84,17.63,4408903,77897552.00
2013-11-07,17.60,17.62,16.81,16.83,4768003,82763936.00
2013-11-08,16.68,16.97,15.92,16.43,5672980,93679208.00
2013-11-11,16.15,16.76,15.97,16.34,2152950,35659536.00
2013-11-12,16.49,16.55,16.15,16.25,1563637,25745042.00
2013-11-13,16.33,16.33,15.57,15.67,2137604,34497616.00
2013-11-14,15.74,16.09,15.61,15.95,1911693,30768092.00
2014-01-23,17.57,17.57,17.57,17.57,105581,1876174.38
2014-01-24,19.35,19.35,19.35,19.35,347417,6792002.50
2014-01-27,20.30,21.30,19.55,20.45,14311828,297322368.00
2014-01-28,20.45,22.52,20.31,22.52,11466218,250562656.00
2014-01-29,23.08,24.79,22.35,24.79,12998871,313020704.00
2014-01-30,25.17,25.24,23.60,24.00,8654726,210316848.00
2014-02-07,24.00,24.38,23.40,24.32,8655205,209580896.00
2014-02-10,24.58,24.58,23.16,23.98,13906797,336136320.00
2014-02-11,23.75,23.79,22.64,23.14,10462855,245415824.00
2014-02-12,23.20,25.36,22.90,25.20,13001006,316687168.00
2014-02-13,24.89,24.89,23.34,23.45,7613290,185712432.00
2014-02-14,23.35,24.12,23.20,23.79,4745569,113297648.00
2014-02-17,23.45,24.26,23.07,23.71,6498986,154335024.00
2014-02-18,23.80,24.45,23.62,24.25,5587482,135616064.00
2014-02-19,24.45,24.45,23.40,24.00,3818197,92021384.00
2014-02-20,23.60,23.98,22.46,23.22,5709012,133263904.00
2014-02-21,23.06,24.09,23.06,23.72,4132611,98503512.00
2014-02-24,23.71,24.56,23.00,24.38,5649554,136759968.00
2014-02-25,24.15,24.99,23.40,23.55,6523273,158354544.00
2014-02-26,22.80,24.46,21.19,24.40,6180486,146785344.00
2014-02-27,24.20,25.29,22.68,22.77,5448749,132955408.00
2014-02-28,21.80,22.98,21.50,22.78,4137337,92694784.00
2014-03-03,22.77,24.45,22.33,24.10,3198109,75598520.00
2014-03-04,24.00,24.30,23.58,24.16,2573063,61981196.00
2014-03-05,24.34,24.43,23.21,23.50,3593118,85940184.00
2014-03-06,23.69,23.69,22.25,22.58,2670497,60887812.00
2014-03-07,22.59,22.59,21.68,21.85,2945135,65552404.00
2014-03-10,21.70,21.98,20.81,21.16,1687493,36345148.00
2014-03-11,21.08,21.33,20.11,20.90,4516032,94164512.00
2014-03-12,21.18,21.98,20.90,21.49,3464141,75382048.00
2014-03-13,21.72,22.73,21.40,22.30,3880009,86341112.00
2014-03-14,22.20,22.20,21.60,21.72,1896534,41779544.00
2014-03-17,21.70,22.35,21.20,21.98,2567313,57047516.00
2014-03-18,22.19,22.35,21.70,21.96,3125503,69356392.00
2014-03-19,22.02,22.16,21.70,21.91,1741511,38460288.00
2014-03-20,22.09,22.15,20.97,21.66,1886123,41524496.00
2014-03-21,21.28,22.56,21.28,22.07,2596854,57966240.00
2014-03-24,21.98,22.27,21.78,22.08,1922362,42773336.00
2014-03-25,22.08,22.08,21.04,21.52,1832902,40018816.00
2014-03-26,21.52,22.06,21.31,21.86,3146440,68952088.00
2014-03-27,22.05,22.05,21.10,21.11,1131675,24456504.00
2014-03-28,20.89,21.30,19.52,20.30,4199854,85333984.00
2014-03-31,20.08,20.30,19.15,19.62,1643328,32725602.00
2014-04-01,19.54,20.05,19.54,19.69,1479295,29616792.00
2014-04-02,19.73,19.80,18.30,18.64,5123440,97232632.00
2014-04-03,18.40,18.76,18.00,18.28,2833253,52474212.00
2014-04-04,18.11,18.90,18.11,18.88,1510224,28393130.00
2014-04-08,18.56,18.71,18.33,18.58,1576248,29593788.00
2014-04-09,18.60,19.25,18.59,19.12,2053333,39509352.00
2014-04-10,18.80,20.58,18.63,19.95,4519929,90846768.00
2014-04-11,19.60,20.27,19.48,20.02,1936645,38950732.00
2014-04-14,20.05,20.30,19.70,20.02,1673909,33823284.00
2014-04-15,20.00,20.00,19.40,19.56,1152229,22789498.00
2014-04-16,19.56,19.71,19.16,19.30,1007704,19686076.00
2014-04-17,19.49,19.49,18.93,19.02,1102094,21376334.00
2014-04-18,19.03,19.25,18.96,19.24,1014679,19539520.00
2014-04-21,19.00,19.29,18.82,19.10,963060,18650104.00
2014-04-22,19.00,19.25,18.35,18.93,1537863,29142780.00
2014-04-23,19.13,19.13,18.50,18.52,1018441,19269110.00
2014-04-24,18.65,18.65,18.22,18.30,1085223,20116062.00
2014-04-25,18.20,18.65,17.76,18.10,1276256,23496228.00
2014-04-28,17.83,18.10,17.30,17.69,983497,17562004.00
2014-04-29,17.61,18.63,17.61,18.19,1038701,19156522.00
2014-04-30,18.12,18.49,18.10,18.35,962186,17743154.00
2014-05-05,18.31,18.65,18.25,18.60,1109833,20679724.00
2014-05-06,18.50,18.83,18.43,18.57,1380456,25943104.00
2014-05-07,18.50,18.50,17.90,17.97,1076210,19682894.00
2014-05-08,17.97,18.18,17.81,17.82,721281,13116572.00
2014-05-09,17.73,17.88,16.97,17.26,1162585,20305374.00
2014-05-12,17.85,17.94,17.36,17.70,1232170,21945714.00
2014-05-13,17.88,19.48,17.71,19.48,4909009,92992928.00
2014-05-14,18.90,19.75,18.66,19.40,5049469,98271312.00
2014-05-15,19.38,19.54,18.52,18.85,4953885,94766392.00
2014-05-16,19.02,19.20,18.52,18.78,2808006,53273300.00
2014-05-19,18.11,18.69,17.40,18.25,2344488,42495820.00
2014-05-20,18.25,18.79,18.20,18.38,1609683,30013514.00
2014-05-21,18.40,18.65,17.95,18.62,1274739,23615390.00
2014-05-22,18.40,19.00,18.24,18.24,2187303,41055752.00
2014-05-23,19.10,19.10,18.50,18.89,3250826,61679224.00
2014-05-26,18.80,19.38,18.79,19.21,2903303,55850760.00
2014-05-27,19.28,19.28,18.39,18.56,3979824,74594384.00
2014-05-28,18.60,19.00,18.27,18.91,3959384,74392648.00
2014-05-29,18.81,18.82,18.08,18.40,2553887,47419452.00
2014-05-30,18.25,18.40,17.90,18.03,2474756,44878920.00
2014-06-03,18.03,18.24,18.00,18.11,1461152,26649474.00
2014-06-04,18.13,18.36,17.84,18.32,1987382,36131720.00
2014-06-05,18.29,18.80,18.20,18.74,2088402,38835616.00
2014-06-06,18.51,18.70,17.99,18.35,5073826,93136568.00
2014-06-09,18.21,18.47,17.98,18.30,1687409,30947168.00
2014-06-10,18.49,19.36,18.24,19.09,3755474,70863248.00
2014-06-11,18.90,19.69,18.73,19.25,7955732,153854736.00
2014-06-12,19.25,20.60,18.93,20.13,7649001,151820928.00
2014-06-13,19.88,21.10,19.81,20.53,5277503,108178392.00
2014-06-16,20.63,21.36,20.05,20.40,8170489,166704432.00
2014-06-17,20.48,20.48,19.72,19.74,3529507,71043512.00
2014-06-18,19.84,19.96,19.06,19.11,3608881,70357240.00
2014-06-19,19.00,19.30,18.32,18.67,3854131,73190440.00
2014-06-20,18.67,19.37,18.48,19.18,2997490,57246048.00
2014-06-23,19.16,20.07,19.16,19.87,4156725,82479360.00
2014-06-24,19.70,20.13,19.50,19.99,2965066,59304720.00
2014-06-25,19.99,20.03,19.48,19.54,1784977,35261088.00
2014-06-26,19.53,19.90,19.33,19.56,2149143,42547684.00
2014-06-27,19.55,19.73,19.22,19.54,2254511,44007448.00
2014-06-30,19.50,19.64,19.30,19.49,2364371,46135768.00
2014-07-01,19.49,19.49,19.10,19.22,2814554,54467852.00
2014-07-02,19.22,20.23,19.19,20.20,7477502,148968752.00
2014-07-03,20.20,20.55,20.00,20.43,5344343,109505136.00
2014-07-04,20.39,20.60,19.80,20.23,2935146,59411820.00
2014-07-07,20.24,20.43,19.62,19.93,2472873,49485768.00
2014-07-08,19.93,20.36,19.61,20.33,2274966,45770268.00
2014-07-09,20.26,20.37,19.40,19.54,3117979,62363496.00
2014-07-10,19.60,19.76,19.18,19.26,1971436,38444240.00
2014-07-11,19.29,19.43,18.98,19.03,2276784,43926408.00
2014-07-14,19.03,19.03,17.28,18.38,7878509,143015168.00
2014-07-15,18.00,18.36,17.74,17.90,3786167,68216568.00
2014-07-16,18.09,18.12,17.75,18.08,3730803,67408128.00
2014-07-25,17.45,17.88,16.89,17.59,3744793,65465372.00
2014-07-28,17.61,18.18,17.60,18.04,2789049,50282536.00
2014-07-29,18.04,18.59,18.04,18.33,2812144,51756144.00
2014-07-30,18.40,18.56,18.12,18.17,2051327,37687684.00
2014-07-31,18.17,18.42,18.04,18.13,2139663,39080560.00
2014-08-01,18.10,18.38,17.88,18.07,2132136,38889264.00
2014-08-04,18.34,18.39,17.90,18.02,3183948,57722736.00
2014-08-05,18.00,18.20,17.76,18.20,4577635,83054952.00
2014-08-06,18.20,18.24,17.92,17.99,3637232,66037032.00
2014-08-07,18.09,18.62,18.09,18.17,6199913,114469144.00
2014-08-08,18.15,18.41,18.03,18.34,2593848,47548700.00
2014-08-11,18.36,18.70,18.21,18.64,3859458,71867736.00
2014-08-12,18.79,19.34,18.64,19.22,5832861,111897704.00
2014-08-13,19.12,19.53,18.79,19.49,4833840,93306768.00
2014-08-14,19.47,19.59,18.90,18.92,3705748,71508040.00
2014-08-15,18.98,19.00,18.66,18.83,2409201,45424388.00
2014-08-18,18.88,19.55,18.88,19.50,4759191,92475800.00
2014-08-19,19.65,19.65,19.31,19.50,2793527,54680832.00
2014-08-20,19.40,19.40,19.03,19.28,3342890,64570520.00
2014-08-21,19.05,19.18,18.55,19.01,4608147,87058192.00
2014-08-22,18.99,19.14,18.80,18.96,3920698,74664360.00
2014-08-25,18.80,19.15,18.80,19.07,2650953,50603932.00
2014-08-26,19.03,19.30,18.60,18.60,2961291,56464508.00
2014-08-27,18.41,18.58,18.01,18.09,3964405,72811032.00
2014-08-28,18.09,18.17,17.70,17.80,2874443,51812028.00
2014-08-29,17.88,18.02,17.75,18.02,2120865,38150544.00
2014-09-01,18.25,18.27,18.06,18.22,2752063,50270664.00
2014-09-02,18.25,18.56,18.24,18.43,3865678,71501032.00
2014-09-03,18.67,18.69,18.29,18.47,4181097,77536608.00
2014-09-04,18.47,18.92,18.33,18.87,5949028,111378240.00
2014-09-05,18.79,18.83,18.53,18.72,4723677,88541384.00
2014-09-09,19.26,19.88,19.06,19.28,9869310,191798304.00
2014-09-10,19.28,19.86,19.24,19.70,9840040,194658256.00
2014-09-11,19.49,20.36,19.49,19.96,9233251,185316688.00
2014-09-12,19.90,20.00,19.51,19.84,5479009,108456728.00
2014-09-15,19.69,20.30,19.51,20.19,6534883,131612872.00
2014-09-16,20.20,20.75,19.08,19.25,8168283,164917136.00
2014-09-17,19.27,19.50,18.90,19.28,3913537,75367664.00
2014-09-18,19.17,19.66,19.14,19.55,3454422,67488952.00
2014-09-19,19.55,19.59,19.08,19.42,5458926,105613320.00
2014-09-22,19.26,19.33,19.03,19.16,2954235,56860636.00
2014-09-23,19.15,19.34,19.02,19.24,2520500,48749204.00
2014-09-24,19.23,19.49,19.14,19.45,4961632,96300576.00
2014-09-25,19.45,19.45,19.15,19.19,5334410,103217264.00
2014-09-26,19.20,19.39,19.15,19.37,3137027,60855116.00
2014-09-29,19.65,20.17,19.44,20.04,7430634,148273120.00
2014-09-30,20.05,20.16,19.80,19.88,4404301,88154696.00
2014-10-08,19.90,20.58,19.72,20.43,6732528,136866544.00
2014-10-09,21.00,21.26,20.30,21.16,12598786,264024400.00
2014-10-10,21.08,21.08,20.60,20.67,6775765,141714176.00
2014-10-13,20.68,20.68,19.91,20.09,8179867,165620560.00
2014-10-14,19.97,20.57,19.93,20.57,5951876,121309560.00
2014-10-15,20.20,20.38,19.98,20.21,3709101,75290824.00
2014-10-16,20.23,20.24,19.46,19.50,5025799,100618872.00
2014-10-17,19.40,19.48,18.65,18.96,4752181,90952432.00
2014-10-20,19.15,19.70,19.08,19.55,4451161,87344056.00
2014-10-21,19.49,19.71,19.33,19.37,2717915,53249232.00
2014-10-22,19.38,19.54,18.97,18.99,3791587,73061760.00
2014-10-23,18.96,19.13,18.28,18.68,2851834,53602712.00
2014-10-24,18.85,19.50,18.78,19.08,3167596,60936468.00
2014-10-27,18.96,19.03,18.60,19.02,2428318,45971932.00
2014-10-28,19.10,19.41,19.08,19.34,4993151,96723176.00
2014-10-29,19.67,19.89,19.43,19.59,7452117,146852096.00
2014-10-30,19.49,19.57,19.22,19.29,5155616,100443672.00
2014-10-31,19.25,19.40,18.81,19.03,3852799,73592336.00
2014-11-03,19.03,19.19,18.93,19.06,3153320,60408072.00
2014-11-04,19.11,19.11,18.50,18.50,5095876,95910616.00
2014-11-05,18.46,18.96,18.05,18.75,4137431,76993576.00
2014-11-06,18.65,19.15,18.61,18.94,4156556,79388648.00
2014-11-07,18.94,19.14,18.51,18.59,4044225,76490312.00
2014-11-10,18.43,18.65,18.28,18.48,2634806,48808700.00
2014-11-11,18.52,18.63,17.80,18.05,4715447,85622952.00
2014-11-12,18.02,18.28,17.92,18.21,1915428,34923668.00
2014-11-13,18.10,18.20,17.55,17.78,3325515,59377108.00
2014-11-14,17.78,17.98,17.66,17.88,1983460,35564544.00
2014-11-17,17.88,18.29,17.72,18.05,2802809,51132428.00
2014-11-18,18.15,18.24,18.02,18.22,2060882,37606640.00
2014-11-19,18.12,18.27,18.05,18.15,1616735,29505914.00
2014-11-20,18.16,18.35,18.06,18.34,2257293,41318956.00
2014-11-21,18.35,18.56,18.35,18.48,2350229,43635224.00
2014-11-24,18.48,18.58,18.21,18.30,2873470,52872056.00
2014-11-25,18.29,18.39,18.23,18.34,3605759,66338708.00
2014-11-26,18.35,18.40,18.18,18.37,4140199,76042648.00
2014-11-27,18.42,18.78,18.42,18.70,5505813,103112104.00
2014-11-28,18.76,18.76,18.26,18.40,3804129,70494168.00
2014-12-01,18.30,18.30,17.86,17.90,6267622,113170232.00
2014-12-02,17.90,18.34,17.71,18.18,2844301,51971452.00
2014-12-03,18.18,18.26,17.79,18.17,6169792,111546808.00
2014-12-04,18.20,18.30,18.12,18.18,6315002,115464352.00
2014-12-05,18.16,18.16,17.29,17.55,7065408,125194440.00
2014-12-08,17.58,17.60,17.20,17.29,5006880,87308280.00
2014-12-09,17.29,17.68,16.92,17.08,5975664,104111800.00
2014-12-10,17.25,17.84,17.15,17.77,4355321,77171752.00
2014-12-11,17.78,17.97,17.60,17.68,3573057,63802128.00
2014-12-12,17.71,18.07,17.49,17.96,5928204,105557664.00
2014-12-15,17.91,18.17,17.76,18.12,4292104,77837768.00
2014-12-16,18.11,18.12,17.59,17.60,4862764,87044584.00
2014-12-17,17.76,18.12,17.61,17.78,6212927,111687752.00
2014-12-18,17.78,17.85,17.40,17.48,3402092,60286152.00
2014-12-19,17.44,17.44,16.87,17.04,3970228,68151752.00
2014-12-22,17.00,17.00,15.62,15.80,4982074,80781232.00
2014-12-23,15.88,16.13,15.45,15.54,3468939,55100044.00
2014-12-24,15.47,15.85,15.41,15.84,3132687,49216852.00
2014-12-25,15.86,15.89,15.40,15.63,4025388,63174224.00
2014-12-26,15.59,15.73,15.43,15.53,3337970,52266608.00
2014-12-29,15.59,15.62,14.14,14.60,7452314,109812632.00
2014-12-30,14.20,14.94,14.20,14.69,3952989,58254456.00
2014-12-31,14.76,15.03,14.61,14.85,2963894,44258004.00
2015-01-05,14.70,14.80,14.27,14.65,3898818,57172004.00
2015-01-06,14.58,15.56,14.39,15.51,6416287,97814272.00
2015-01-07,15.28,15.69,15.24,15.47,3627493,56257100.00
2015-01-08,15.42,15.92,15.35,15.75,5231570,83113368.00
2015-01-09,15.70,16.53,15.66,15.79,7901231,128150688.00
2015-01-12,15.75,16.45,15.75,16.14,5841278,95049600.00
2015-01-13,16.14,16.35,15.90,16.23,3985611,64957328.00
2015-01-14,16.20,16.20,15.54,15.84,5574401,88406544.00
2015-01-15,15.82,15.88,15.34,15.47,3645499,57144140.00
2015-01-16,15.44,15.68,15.40,15.48,4009257,62562564.00
2015-01-19,15.33,15.65,14.70,14.83,4985529,76526704.00
2015-01-20,14.90,16.32,14.90,16.32,10143522,162256544.00
2015-01-21,16.76,16.95,16.31,16.61,11956809,199405008.00
2015-01-22,16.55,17.39,16.33,17.27,9720540,164573360.00
2015-01-23,17.16,17.27,16.63,17.08,5584538,95476224.00
2015-01-26,16.96,17.32,16.83,17.08,9628521,165040272.00
2015-01-27,17.00,17.00,16.51,16.78,6610140,110966216.00
2015-01-28,16.72,16.84,16.52,16.72,3602190,60517420.00
2015-01-29,16.64,16.79,16.42,16.68,5811312,97199136.00
2015-01-30,16.63,16.83,16.42,16.74,4760345,79821920.00
2015-02-02,16.75,17.57,16.51,16.90,7685545,131923192.00
2015-02-03,16.92,17.72,16.92,17.60,11170429,195975056.00
2015-02-04,17.51,17.78,17.31,17.47,6271979,110429296.00
2015-02-05,17.51,17.52,17.22,17.25,4826414,84195840.00
2015-02-06,17.16,17.25,16.74,16.79,3565944,60712584.00
2015-02-09,16.75,17.10,16.62,17.04,2138682,36271800.00
2015-02-10,16.98,17.46,16.68,17.05,4911436,83871280.00
2015-02-11,17.07,17.16,16.75,16.85,4717046,80043920.00
2015-02-12,16.85,16.98,16.50,16.51,4508436,75769128.00
2015-02-13,16.52,17.09,16.52,17.02,7881453,134164536.00
2015-02-16,17.07,17.37,16.92,17.34,6478539,112060888.00
2015-02-17,17.34,17.44,17.06,17.26,4410180,76335776.00
2015-02-25,17.29,17.32,16.94,17.00,5371760,92269504.00
2015-02-26,17.00,17.29,16.98,17.24,4159534,71800888.00
2015-02-27,17.26,17.99,17.09,17.94,9379003,166161312.00
2015-03-02,18.79,19.74,18.47,19.74,22358228,433918528.00
2015-03-03,19.78,20.39,19.38,19.72,15430966,307860992.00
2015-03-04,19.73,19.80,19.26,19.77,8367465,164235776.00
2015-03-05,19.60,19.85,19.36,19.55,6506153,127855440.00
2015-03-06,19.50,19.61,18.80,18.83,9221783,177815200.00
2015-03-09,18.75,19.27,18.58,19.19,4211678,80448024.00
2015-03-10,19.19,19.47,18.96,19.31,4820638,93461456.00
2015-03-11,19.32,21.25,19.28,21.25,16699963,342958624.00
2015-03-12,21.10,21.24,19.95,20.52,10251841,212315520.00
2015-03-13,20.20,22.28,20.20,21.70,12809682,275128224.00
2015-03-16,21.80,23.85,21.19,22.80,13914991,313179328.00
2015-03-17,22.70,22.98,22.30,22.64,6790027,154025072.00
2015-03-18,22.58,22.90,22.13,22.80,6533299,147205856.00
2015-03-19,23.00,23.58,22.71,23.53,7939283,184226064.00
2015-03-20,23.03,23.48,22.43,22.96,7634260,175686496.00
2015-03-23,22.96,23.05,22.25,22.91,9722977,220639616.00
2015-03-24,22.70,23.50,21.46,22.47,12328829,279658592.00
2015-03-25,22.47,24.68,22.06,23.70,14342931,337205888.00
2015-03-26,23.29,23.29,21.87,22.26,7417080,168472960.00
2015-03-27,22.20,22.69,21.76,22.09,8237020,183109104.00
2015-03-30,22.05,22.29,20.92,20.95,10742355,230834928.00
2015-03-31,21.10,22.06,21.10,21.58,9042658,196760656.00
2015-04-01,21.58,22.26,21.46,22.04,11684596,256629824.00
2015-04-02,22.12,22.62,21.79,22.38,11046176,246512144.00
2015-04-03,22.20,22.68,21.99,22.67,16002557,359147456.00
2015-04-07,22.87,23.02,22.20,22.69,16704927,379224576.00
2015-04-08,22.65,23.89,22.39,23.37,26252915,612199296.00
2015-04-09,23.39,23.78,21.56,23.52,21689743,498991520.00
2015-04-10,22.72,25.88,22.43,25.88,31327222,776121216.00
2015-04-13,26.05,27.76,25.28,26.73,26322466,701002240.00
2015-04-14,26.46,27.73,25.84,26.92,19857623,536775040.00
2015-04-15,26.90,27.40,25.40,25.70,11121902,295780896.00
2015-04-16,24.90,26.57,24.76,25.25,11008020,282787904.00
2015-04-17,25.25,25.54,24.38,24.58,11460912,286122432.00
2015-04-20,24.48,25.14,23.11,23.31,13266336,321132416.00
2015-04-21,23.32,24.55,23.32,24.55,9492800,230166976.00
2015-04-22,24.87,26.00,24.71,24.85,10624000,269232224.00
2015-04-23,24.92,25.52,24.50,25.39,10252440,258600560.00
2015-04-24,24.83,25.05,23.85,24.55,11308575,277803616.00
2015-04-27,24.89,25.08,23.65,24.03,10118168,246852992.00
2015-04-28,24.05,24.50,22.35,22.77,11603046,270943424.00
2015-04-29,22.81,23.41,22.38,23.21,6155871,142854688.00
2015-04-30,23.23,25.54,23.23,25.54,14155568,352708480.00
2015-05-04,25.56,25.99,24.65,25.20,9763373,248561760.00
2015-05-05,24.91,26.80,24.60,26.49,16660754,431618016.00
2015-05-06,26.08,29.15,25.91,28.50,18979628,536501088.00
2015-05-07,27.91,29.33,27.05,28.66,12671095,362498592.00
2015-05-08,28.60,31.46,27.98,31.23,13346170,409267808.00
2015-05-11,32.13,34.36,31.23,32.41,15430174,513000896.00
2015-05-12,32.51,33.79,31.12,32.79,9115931,296192896.00
2015-05-13,31.53,32.63,31.12,31.27,9673814,306283648.00
2015-05-14,31.09,34.40,30.00,34.40,12110790,394488288.00
2015-05-15,34.11,35.00,32.30,34.23,8221130,276289664.00
2015-05-18,33.65,35.90,32.66,33.04,9070213,305672128.00
2015-05-19,33.40,35.38,31.95,34.62,7872785,261272576.00
2015-05-20,34.63,37.74,34.62,36.62,13163123,479577184.00
2015-05-21,36.50,40.28,36.20,40.15,13105159,518208896.00
2015-05-22,40.15,42.22,37.00,38.48,12928665,503648544.00
2015-05-25,37.30,39.98,36.02,39.03,10090179,387186272.00
2015-05-26,38.50,39.60,37.96,39.20,15156425,591484096.00
2015-05-27,39.19,43.00,37.51,42.06,11714276,472536448.00
2015-05-28,42.05,44.44,39.30,39.30,8943716,371932480.00
2015-05-29,39.00,42.06,37.25,40.00,12018046,482321472.00
2015-06-01,40.90,43.87,40.90,43.58,8079049,345131936.00
2015-06-02,43.68,46.50,42.51,46.00,8253234,372327840.00
2015-06-03,45.58,46.94,41.40,44.15,10304764,454848768.00
2015-06-04,43.48,45.00,39.74,42.34,11488240,476945280.00
2015-06-05,42.70,43.00,40.40,41.18,13331709,549157184.00
2015-06-08,39.90,40.91,37.06,37.80,13604290,517601472.00
2015-06-09,37.00,38.80,36.00,38.50,8213428,311359232.00
2015-06-10,38.48,39.74,37.66,39.30,7860086,307544928.00
2015-06-11,39.30,41.18,39.29,40.61,9131980,368343520.00
2015-06-12,44.00,44.00,41.56,43.07,14586225,621179328.00
2015-07-27,38.76,38.76,38.76,38.76,180900,7011684.00
2015-07-28,34.88,34.88,34.88,34.88,86600,3020608.00
2015-07-29,31.39,31.39,31.39,31.39,680700,21367172.00
2015-07-30,28.25,28.25,28.25,28.25,9658000,272838496.00
2015-07-31,25.43,25.43,25.43,25.43,9033300,229716816.00
2015-08-03,22.89,24.66,22.89,23.10,55426181,1287464576.00
2015-08-04,22.70,25.41,21.69,25.40,46749346,1091522176.00
2015-08-05,24.30,25.59,23.19,23.49,35564431,868191424.00
2015-08-06,22.22,23.28,22.00,22.30,20063150,453809792.00
2015-08-07,22.98,23.85,22.35,23.58,24171221,562649600.00
2015-08-10,24.20,25.26,23.70,24.80,30727074,749605568.00
2015-08-11,24.84,26.80,24.50,25.60,30612481,788236224.00
2015-08-12,24.98,25.48,24.21,24.29,19628923,487951936.00
2015-08-13,24.60,25.21,23.95,25.08,17048982,420169856.00
2015-08-14,25.48,25.69,24.58,24.68,20409007,510943392.00
2015-08-17,24.70,25.63,24.65,25.53,22682644,571006208.00
2015-08-18,25.70,26.00,22.98,22.98,20875646,511022144.00
2015-08-19,21.87,23.03,20.68,22.56,29510413,636078848.00
2015-08-20,21.90,22.15,21.01,21.19,19996051,430527072.00
2015-08-21,20.49,20.90,19.07,19.07,18279563,361331168.00
2015-08-24,18.06,18.06,17.16,17.16,19783555,343555904.00
2015-08-25,15.51,16.19,15.44,15.44,18855474,294036832.00
2015-08-26,15.43,16.19,13.91,13.98,22600167,343324928.00
2015-08-27,14.85,15.07,13.82,15.07,22902213,333077728.00
2015-08-28,15.38,16.58,15.33,16.58,25773695,407290080.00
2015-08-31,16.73,16.73,15.41,15.42,20368548,324944096.00
2015-09-01,15.10,15.10,13.88,13.88,16755990,240391936.00
2015-09-02,12.91,15.27,12.85,14.30,27215891,393663488.00
2015-09-07,14.50,15.55,14.50,15.15,20277027,305526272.00
2015-09-08,15.00,16.64,14.81,16.50,20868660,326130848.00
2015-09-09,16.62,17.50,16.41,17.17,29782466,507695616.00
2015-09-10,16.80,17.07,16.25,16.32,13908584,232096144.00
2015-09-11,16.29,16.79,16.06,16.68,10535986,173712304.00
2015-09-14,16.80,16.90,15.01,15.01,10926302,172011328.00
2015-09-15,14.05,14.47,13.51,13.51,14463457,199812624.00
2015-09-16,13.63,14.86,13.43,14.86,15218354,214426432.00
2015-09-17,14.50,15.89,14.50,14.80,19172405,291965632.00
2015-09-22,16.36,16.36,16.36,16.36,0,0.00
数据来源:通达信
