300355 蒙草抗旱 日线 前复权
      日期	    开盘	    最高	    最低	    收盘	    成交量	    成交额
2012-09-27,7.51,8.16,7.06,7.36,28899463,658121856.00
2012-09-28,7.34,8.12,7.18,8.12,16812316,398625792.00
2012-10-08,8.61,8.94,8.35,8.41,22122225,582800512.00
2012-10-09,8.63,9.24,8.52,8.89,16384771,442321792.00
2012-10-10,8.68,8.91,8.55,8.77,10590461,282280928.00
2012-10-11,8.70,9.17,8.35,8.40,12561236,335565632.00
2012-10-12,8.35,8.84,8.22,8.79,9641525,252720272.00
2012-10-15,8.70,8.77,7.96,8.18,10779888,273758912.00
2012-10-16,8.05,8.24,7.87,8.23,7637528,188623296.00
2012-10-17,8.30,9.05,8.21,8.82,10933152,288261248.00
2012-10-18,8.84,9.23,8.70,9.14,8987014,244897136.00
2012-10-19,9.04,9.17,8.75,8.95,6157188,168170320.00
2012-10-22,9.05,9.41,8.91,8.95,6501199,180618304.00
2012-10-23,8.93,9.15,8.72,8.90,6135686,166603760.00
2012-10-24,8.81,9.06,8.54,8.63,5425890,145859904.00
2012-10-25,8.52,8.76,8.39,8.51,4390853,114983096.00
2012-10-26,8.61,9.18,8.53,8.97,8174600,221489632.00
2012-10-29,8.88,9.03,8.65,8.84,5453622,146945088.00
2012-10-30,8.83,8.91,8.30,8.36,6745043,175354960.00
2012-10-31,8.32,8.54,8.25,8.47,3319111,85279584.00
2012-11-01,8.52,8.65,8.36,8.54,3648230,94941120.00
2012-11-02,8.50,8.84,8.45,8.61,4135890,109498072.00
2012-11-05,8.61,8.68,8.27,8.32,3903387,100081744.00
2012-11-06,8.25,8.43,8.12,8.37,3535713,89432528.00
2012-11-07,8.35,8.36,8.18,8.19,1988237,50106096.00
2012-11-08,8.12,8.38,8.01,8.18,3094295,77952976.00
2012-11-09,8.38,9.01,8.38,9.01,6116368,164734432.00
2012-11-12,9.93,9.93,9.93,9.93,1014698,30694614.00
2012-11-13,10.94,10.94,10.70,10.81,19059547,632474368.00
2012-11-14,11.02,11.33,10.47,10.88,16413544,546461952.00
2012-11-15,10.63,11.04,10.18,10.38,12383600,398352128.00
2012-11-16,10.52,10.64,9.88,10.01,8449167,265061136.00
2012-11-19,9.93,10.77,9.93,10.45,10295616,324350144.00
2012-11-20,10.27,10.41,9.81,10.04,9552663,292695520.00
2012-11-21,10.28,10.70,10.08,10.21,9183496,289297376.00
2012-11-22,10.09,10.13,9.72,9.82,7190617,216182544.00
2012-11-23,9.85,10.01,9.76,9.96,5914201,178052320.00
2012-11-26,9.88,10.28,9.69,9.96,6565574,199689808.00
2012-11-27,9.58,9.64,8.95,8.95,7235524,204676688.00
2012-11-28,8.76,8.91,8.64,8.64,4364879,116618968.00
2012-11-29,8.78,8.95,8.38,8.38,6724494,179185104.00
2012-11-30,8.21,8.59,8.20,8.43,5119018,132101520.00
2012-12-03,8.38,8.78,8.23,8.33,6852689,179478832.00
2012-12-04,8.19,8.28,7.65,8.16,7771775,189816752.00
2012-12-05,8.32,8.99,8.32,8.99,11396301,305390496.00
2012-12-06,8.85,9.04,8.77,8.94,6952709,188681808.00
2012-12-07,8.91,9.43,8.78,9.24,8524023,237156784.00
2012-12-10,9.18,9.43,9.09,9.31,7299862,206765712.00
2012-12-11,9.19,9.22,8.91,8.91,5466056,151123120.00
2012-12-12,8.86,9.79,8.86,9.33,8659122,247859744.00
2012-12-13,9.37,9.84,9.30,9.64,7315968,212751600.00
2012-12-14,9.75,9.97,9.51,9.83,7311202,218221872.00
2012-12-17,9.76,9.96,9.52,9.72,5169708,152914128.00
2012-12-18,9.67,9.91,9.53,9.62,4728547,139805056.00
2012-12-19,9.72,9.85,9.47,9.71,4587608,135252336.00
2012-12-20,9.60,10.34,9.55,10.00,7872545,239821280.00
2012-12-21,9.95,10.88,9.85,10.48,8284800,260974080.00
2012-12-24,10.48,10.58,10.35,10.55,4964047,158102208.00
2012-12-25,10.44,10.96,10.38,10.65,6497624,210707808.00
2012-12-26,10.60,11.73,10.52,11.72,11340936,392631296.00
2012-12-27,11.51,11.58,10.65,10.75,10299949,347061248.00
2012-12-28,10.70,11.08,10.62,10.75,5345434,176191296.00
2012-12-31,10.78,10.84,10.35,10.64,4140041,133209464.00
2013-01-04,10.58,11.14,10.47,10.94,4965932,163644240.00
2013-01-07,10.84,11.04,10.61,10.88,4266807,140425312.00
2013-01-08,10.85,11.10,10.61,10.85,4405958,145790320.00
2013-01-09,10.71,10.71,10.25,10.37,5247707,167253168.00
2013-01-10,10.36,10.61,10.31,10.48,3419087,109122360.00
2013-01-11,10.58,10.94,10.47,10.58,5605774,182800880.00
2013-01-14,10.78,11.11,10.71,11.03,5747583,190526304.00
2013-01-15,11.04,11.72,10.93,11.15,7510163,257630656.00
2013-01-16,11.05,11.05,10.62,10.77,4514256,147859104.00
2013-01-17,10.75,10.84,10.48,10.51,2519277,81743000.00
2013-01-18,10.61,10.76,10.52,10.66,2195396,71133736.00
2013-01-21,10.69,10.76,10.46,10.54,3166715,101777144.00
2013-01-22,10.58,10.78,10.15,10.24,3887151,124502224.00
2013-01-23,10.15,11.18,9.96,11.01,6385606,204446304.00
2013-01-24,10.85,11.04,10.25,10.41,4703635,152357408.00
2013-01-25,10.32,10.58,10.18,10.37,2093089,66465580.00
2013-01-28,10.35,10.68,10.31,10.60,2596072,83068720.00
2013-01-29,10.85,11.41,10.76,11.02,7206466,244387456.00
2013-01-30,11.30,11.51,11.11,11.29,6716078,231069456.00
2013-01-31,11.57,12.43,11.38,12.43,11423581,418489504.00
2013-02-01,12.18,13.60,12.03,12.76,11935596,462735712.00
2013-02-04,12.95,13.67,12.77,12.90,6711552,267352096.00
2013-02-05,12.71,12.71,12.18,12.36,5973796,224927216.00
2013-02-06,12.37,12.70,12.33,12.51,4313115,163556288.00
2013-02-07,12.52,12.81,12.18,12.66,3911185,149156496.00
2013-02-08,12.72,13.51,12.62,13.18,5273505,209915696.00
2013-02-18,13.35,13.57,13.01,13.09,4783192,192213760.00
2013-02-19,13.01,13.74,12.98,13.48,5486677,224131792.00
2013-02-20,13.39,14.13,13.21,13.55,5517705,228877504.00
2013-02-21,13.42,13.73,12.88,13.04,4365584,176360944.00
2013-02-22,13.05,13.38,12.74,13.14,3671334,145533408.00
2013-02-25,13.15,13.88,13.14,13.75,4544800,187883024.00
2013-02-26,13.75,13.93,13.08,13.21,4552585,186799248.00
2013-02-27,13.26,13.47,12.88,13.45,4151570,166095120.00
2013-02-28,13.61,14.81,13.24,14.50,8048469,341599104.00
2013-03-01,14.35,15.35,14.30,15.03,7562970,338829152.00
2013-03-04,14.89,16.10,14.78,15.21,7495430,349302048.00
2013-03-05,15.01,15.51,14.71,15.34,4097935,188262672.00
2013-03-06,15.34,15.63,15.07,15.19,3728256,172332720.00
2013-03-07,15.26,15.33,14.30,14.58,4837587,215775072.00
2013-03-08,14.51,14.97,14.49,14.81,3330283,148580608.00
2013-03-11,14.81,15.37,14.71,14.72,4197115,191480432.00
2013-03-12,14.50,14.50,13.30,13.76,5546103,234296880.00
2013-03-13,13.63,14.14,13.38,13.93,2906327,121208928.00
2013-03-14,13.77,14.04,13.51,13.65,2294556,96253672.00
2013-03-15,13.70,14.33,13.41,13.82,3964543,168180208.00
2013-03-18,13.82,14.25,13.72,14.04,2708226,114988256.00
2013-03-19,14.18,14.92,14.06,14.78,5442530,240622352.00
2013-03-20,14.80,14.98,14.55,14.96,3999514,179402400.00
2013-03-21,14.95,15.58,14.78,14.90,5296167,243921200.00
2013-03-22,14.81,15.16,14.57,15.08,3404106,153395152.00
2013-03-25,15.11,15.21,14.68,14.68,2994831,136120480.00
2013-03-26,14.51,14.76,14.11,14.38,2838548,123360464.00
2013-03-27,14.27,14.63,14.22,14.47,2127959,93300072.00
2013-03-28,14.40,14.91,13.98,14.41,3628466,159741008.00
2013-03-29,14.39,14.76,14.38,14.47,2137837,94353672.00
2013-04-01,14.48,14.58,13.91,14.20,3006867,129129888.00
2013-04-02,14.17,14.38,13.67,13.67,2548810,107924792.00
2013-04-03,13.53,14.02,13.28,13.38,2915665,120604016.00
2013-04-08,13.01,13.58,12.92,13.51,2041777,82424656.00
2013-04-09,13.51,13.79,13.42,13.62,1935217,79866256.00
2013-04-10,13.61,13.67,13.25,13.33,1741217,70806952.00
2013-04-11,13.46,13.80,13.44,13.51,1982710,81963064.00
2013-04-12,13.50,13.50,13.17,13.19,1695610,68297800.00
2013-04-15,13.12,13.34,13.07,13.08,908933,36372204.00
2013-04-16,12.91,13.14,12.26,13.14,1891586,73028200.00
2013-04-17,12.94,13.37,12.85,13.20,1791904,71579224.00
2013-04-18,13.08,13.66,13.04,13.59,2146810,87171024.00
2013-04-19,13.60,13.99,13.52,13.81,2948012,123132080.00
2013-04-22,13.75,13.94,13.51,13.71,2449050,101802792.00
2013-04-23,13.71,13.85,13.08,13.20,2378564,96770240.00
2013-04-24,13.18,13.61,13.02,13.51,1762497,71388000.00
2013-04-25,13.43,13.51,12.72,12.74,2644932,105029560.00
2013-04-26,12.62,12.83,11.90,12.02,2292742,85588040.00
2013-05-02,12.03,12.46,12.00,12.39,1633487,61115032.00
2013-05-03,12.40,13.07,12.32,12.65,1294314,49995408.00
2013-05-06,12.54,12.94,12.54,12.90,1367749,53304936.00
2013-05-07,12.85,13.45,12.80,13.17,2000841,79946560.00
2013-05-08,13.15,13.28,12.93,13.20,1437889,57337848.00
2013-05-09,13.46,13.77,13.32,13.69,2914493,119906424.00
2013-05-10,13.71,14.05,13.41,13.41,2222368,92207888.00
2013-05-13,13.47,13.60,13.21,13.35,1433842,58046412.00
2013-05-14,13.41,13.41,12.97,13.00,1319888,52733288.00
2013-05-15,13.15,14.31,13.03,14.31,4116284,173486864.00
2013-05-16,14.53,14.81,14.00,14.17,4679218,203484032.00
2013-05-17,14.04,14.61,13.86,14.39,3008937,130494480.00
2013-05-20,14.36,15.68,14.36,15.45,4152365,188581872.00
2013-05-21,15.26,15.97,14.85,15.46,4115935,192266096.00
2013-05-22,15.45,15.79,14.55,14.69,5576236,168977008.00
2013-05-23,14.45,15.50,14.41,14.94,5323474,161856432.00
2013-05-24,14.70,16.44,14.70,16.29,7890460,251399568.00
2013-05-27,16.35,16.74,16.01,16.30,5348746,175419440.00
2013-05-28,16.25,16.32,15.09,15.33,6511350,203253296.00
2013-05-29,15.33,16.01,15.33,15.60,4886039,154549200.00
2013-05-30,15.54,15.70,15.12,15.33,3425379,106298816.00
2013-05-31,15.30,15.89,15.00,15.39,4329112,134566336.00
2013-06-03,15.35,15.97,15.25,15.48,3169073,99160960.00
2013-06-04,15.53,16.10,15.34,15.82,4850283,153513008.00
2013-06-05,16.00,16.05,14.75,15.09,5616766,173312032.00
2013-06-06,14.90,14.98,14.25,14.34,4148405,120879184.00
2013-06-07,14.48,14.59,14.00,14.38,2760217,79943816.00
2013-06-13,14.22,14.22,13.15,13.85,2514267,69293128.00
2013-06-14,13.89,14.64,13.80,14.49,3057143,88403904.00
2013-06-17,14.65,15.08,14.23,14.73,3807876,113009600.00
2013-06-18,14.54,14.65,14.10,14.30,2260945,65224536.00
2013-06-19,14.32,15.22,14.20,15.03,3932939,116544968.00
2013-06-20,14.80,15.49,14.60,14.67,5545420,168608736.00
2013-06-21,14.45,14.60,13.50,14.33,2805882,80140616.00
2013-06-24,14.15,14.20,12.88,13.50,4007502,108812680.00
2013-06-25,13.28,13.80,12.49,13.57,3196110,85810000.00
2013-06-26,13.41,14.12,13.39,14.05,3451648,96004344.00
2013-06-27,14.08,14.53,13.60,13.65,4042034,115202520.00
2013-06-28,13.38,13.88,13.05,13.19,2441544,65766920.00
2013-07-01,13.18,13.69,12.93,13.64,2547780,68590376.00
2013-07-02,13.64,14.08,13.45,13.93,3061216,85298936.00
2013-07-03,14.06,14.63,14.06,14.50,5192767,150380752.00
2013-07-04,14.29,14.39,13.94,13.94,3806743,108649600.00
2013-07-05,14.09,14.14,13.41,13.42,3492820,96643840.00
2013-07-08,12.97,13.37,12.77,12.81,2979109,78512896.00
2013-07-09,12.90,13.09,12.82,12.98,1641746,42905140.00
2013-07-10,12.90,13.60,12.75,13.44,3116997,83448872.00
2013-07-11,13.25,13.80,13.09,13.64,3922165,106558408.00
2013-07-12,13.85,14.09,13.55,13.61,4872946,136026464.00
2013-07-15,13.74,14.12,13.57,14.05,4928061,138240816.00
2013-07-16,14.10,14.38,13.72,14.38,5240243,148003776.00
2013-07-17,14.31,14.72,14.04,14.24,6208181,180848848.00
2013-07-18,14.04,14.17,13.80,14.09,2993982,84306664.00
2013-07-19,14.29,14.54,13.59,13.59,4593695,131579352.00
2013-07-22,13.55,14.03,13.40,13.99,3545584,98032416.00
2013-07-23,14.00,14.39,13.85,14.37,5488552,156090656.00
2013-07-24,14.30,14.89,13.99,14.70,6924489,201644768.00
2013-07-25,14.67,14.75,13.74,13.75,5317222,152114656.00
2013-07-26,13.55,13.84,13.11,13.29,4388481,118595240.00
2013-07-29,13.30,13.96,13.15,13.70,5165822,142624928.00
2013-10-23,15.08,15.08,15.08,15.08,2605812,79138512.00
2013-10-24,15.88,16.59,15.44,16.26,12984671,423911360.00
2013-10-25,15.90,16.30,15.40,15.50,6684528,212188448.00
2013-10-28,15.32,15.42,14.10,14.44,5892980,174101136.00
2013-10-29,14.20,15.05,13.71,14.67,6222360,179931792.00
2013-10-30,14.15,14.49,13.84,13.96,5012381,142195456.00
2013-10-31,13.80,13.80,12.84,12.88,4801755,127656424.00
2013-11-01,12.63,13.50,12.58,13.41,4145785,110193264.00
2013-11-04,13.31,13.94,13.31,13.49,3777665,104051328.00
2013-11-05,13.39,13.42,13.03,13.41,5212767,139198720.00
2013-11-06,13.88,14.65,13.80,13.84,8417552,239973760.00
2013-11-07,13.62,13.84,13.30,13.65,3081138,84539584.00
2013-11-08,13.63,13.75,13.40,13.47,2455192,66808308.00
2013-11-11,13.42,13.63,13.01,13.56,2427727,65418368.00
2013-11-12,13.37,13.82,13.30,13.75,2609529,71707560.00
2013-11-13,14.15,14.38,13.65,13.65,5118098,144710480.00
2013-11-14,13.57,14.27,13.25,14.22,5732327,159226016.00
2013-11-15,14.40,15.60,14.26,15.30,10729144,320746048.00
2013-11-18,15.25,15.64,15.06,15.42,9136180,282874656.00
2013-11-19,15.45,15.64,14.95,15.60,10630997,327403008.00
2013-11-20,15.61,15.80,15.31,15.45,7883508,246210640.00
2013-11-21,15.55,16.02,15.17,15.31,8531385,267648720.00
2013-11-22,15.10,15.30,14.85,14.87,5166139,156059424.00
2013-11-25,14.75,15.15,14.55,14.59,4495222,134418496.00
2013-11-26,14.59,14.84,14.54,14.62,2949579,87298024.00
2013-11-27,14.62,15.09,14.57,14.98,4383607,131270456.00
2013-11-28,14.90,15.10,14.82,14.85,4506591,135630656.00
2013-11-29,14.81,15.19,14.80,15.00,4986219,150391232.00
2013-12-02,13.57,14.26,13.49,13.49,7274209,200992096.00
2013-12-03,13.19,13.40,12.65,13.26,5178139,136003232.00
2013-12-04,13.27,13.84,13.27,13.33,4938625,135109360.00
2013-12-05,13.30,13.66,13.09,13.42,3178575,86167016.00
2013-12-06,13.55,14.36,13.42,13.96,7135163,200844912.00
2013-12-09,14.00,14.32,13.76,14.19,5061279,143602016.00
2013-12-10,14.32,14.32,13.81,13.98,3708006,104287600.00
2013-12-11,13.99,14.15,13.66,14.01,3505925,98388696.00
2013-12-12,14.04,14.26,14.00,14.05,4614579,131325696.00
2013-12-13,14.11,15.12,14.00,14.81,8753259,255576432.00
2013-12-16,14.75,14.75,14.21,14.54,6975002,203064832.00
2013-12-17,14.50,14.77,14.24,14.34,6162381,180548848.00
2013-12-18,14.20,14.49,13.67,14.34,5650752,160288896.00
2013-12-26,14.14,14.77,13.80,14.20,8403712,242597184.00
2013-12-27,13.95,14.21,13.80,13.95,5188385,146197808.00
2013-12-30,14.03,14.05,13.45,13.53,4940907,136782304.00
2013-12-31,13.52,13.72,13.45,13.61,2995927,82139840.00
2014-01-02,13.55,13.78,13.51,13.72,2775973,76520320.00
2014-01-03,13.74,13.89,13.67,13.86,3332602,92700400.00
2014-01-06,13.85,13.85,13.39,13.39,3120547,85526064.00
2014-01-07,13.30,13.45,13.18,13.44,2792521,74933536.00
2014-01-08,13.52,13.77,13.49,13.65,4539936,124757720.00
2014-01-09,13.58,13.69,12.95,12.97,4728643,127654840.00
2014-01-10,13.00,13.10,12.50,12.54,3219946,82925344.00
2014-01-13,12.56,12.83,12.56,12.67,2260684,57885652.00
2014-01-14,12.73,12.89,12.59,12.89,2164148,55751736.00
2014-01-15,12.87,13.15,12.85,12.97,3118535,81618656.00
2014-01-16,13.02,13.02,12.54,12.54,4989083,127537680.00
2014-01-17,12.54,12.54,12.05,12.08,4552623,111697048.00
2014-01-20,12.10,12.32,12.08,12.16,2475452,60838700.00
2014-01-21,12.17,12.27,12.10,12.18,2541489,62410300.00
2014-01-22,12.20,12.63,12.14,12.59,4275234,107142672.00
2014-01-23,12.55,13.04,12.55,12.83,5309318,137577952.00
2014-01-24,12.78,13.16,12.72,13.09,5410203,142275584.00
2014-01-27,13.05,13.18,12.90,12.96,3576370,93876464.00
2014-01-28,12.96,13.06,12.63,12.92,2468538,63890500.00
2014-01-29,13.30,13.50,13.03,13.10,4279289,114119576.00
2014-01-30,13.40,13.50,13.14,13.20,4292342,115006592.00
2014-02-07,12.91,13.35,12.88,13.26,2901409,76884144.00
2014-02-10,13.30,13.65,13.29,13.59,5398908,146766480.00
2014-02-11,13.60,13.99,13.55,13.60,6474961,179337712.00
2014-02-12,13.75,14.07,13.65,13.92,5740293,160941984.00
2014-02-13,13.97,14.14,13.45,13.50,4995847,139162640.00
2014-02-14,13.41,13.70,13.30,13.68,3523854,96090056.00
2014-02-17,13.60,13.98,13.60,13.95,4541103,127178024.00
2014-02-18,13.99,14.28,13.80,14.22,7112099,201784240.00
2014-02-19,14.25,14.33,13.90,14.03,4297754,121733616.00
2014-02-20,14.07,14.18,13.67,13.77,3671024,102441816.00
2014-02-21,13.77,13.85,13.41,13.63,3026594,83157168.00
2014-02-24,13.63,13.85,13.52,13.84,3106654,85697776.00
2014-02-25,13.84,14.04,12.90,12.99,5802874,160062000.00
2014-02-26,12.82,12.95,12.41,12.94,3484138,89128976.00
2014-02-27,12.97,13.09,12.45,12.48,2985917,76988504.00
2014-02-28,12.36,12.64,12.17,12.63,2078649,51982116.00
2014-03-03,12.69,13.22,12.60,13.22,3116514,81415208.00
2014-03-04,13.05,13.21,12.80,12.96,2717394,71147288.00
2014-03-05,13.09,13.15,12.82,12.90,1772965,46375384.00
2014-03-06,12.84,12.84,12.52,12.73,2249797,57449668.00
2014-03-07,12.75,12.81,12.40,12.50,2724904,69194264.00
2014-03-10,12.38,12.63,12.33,12.33,2067406,51963848.00
2014-03-11,12.30,12.55,12.23,12.48,1421993,35543952.00
2014-03-12,12.50,12.55,12.30,12.42,1679346,42138012.00
2014-03-13,12.52,12.55,12.38,12.53,1493736,37580924.00
2014-03-14,12.41,12.53,12.33,12.36,1597905,40006124.00
2014-03-17,12.38,12.63,12.32,12.60,1612369,40740876.00
2014-03-18,12.60,12.96,12.57,12.75,3536991,91096968.00
2014-03-19,12.75,12.94,12.68,12.81,2803441,72533680.00
2014-03-20,12.82,13.03,12.67,12.67,3894506,101235168.00
2014-03-21,12.62,12.85,12.35,12.81,2228660,56604388.00
2014-03-24,12.77,12.80,12.55,12.59,1985616,50683008.00
2014-03-25,12.48,12.58,12.40,12.47,1294972,32604918.00
2014-03-26,12.49,12.62,12.47,12.50,1450683,36680728.00
2014-03-27,12.49,12.51,12.00,12.00,2462302,60839316.00
2014-03-28,12.00,12.08,10.90,11.09,3881929,88510872.00
2014-03-31,11.02,11.07,10.87,10.90,1806791,39927332.00
2014-04-01,10.90,11.13,10.90,11.05,1244490,27774224.00
2014-04-02,11.15,11.18,10.89,11.11,1946273,43160924.00
2014-04-03,11.09,11.23,11.01,11.10,1589797,35743884.00
2014-04-04,11.08,11.35,10.96,11.30,1298306,29406654.00
2014-04-08,11.26,11.35,11.16,11.32,1477843,33625264.00
2014-04-09,11.35,11.51,11.33,11.49,1474652,34056104.00
2014-04-10,12.31,12.48,12.05,12.14,6480698,160032560.00
2014-04-11,11.80,12.20,11.75,12.00,2287890,55650536.00
2014-04-14,12.00,12.20,11.90,12.15,1605829,39265196.00
2014-04-15,12.15,12.20,11.90,11.92,1470067,35635436.00
2014-04-16,11.84,12.09,11.84,11.97,943513,22829230.00
2014-04-17,12.02,12.07,11.91,11.94,860733,20793118.00
2014-04-18,11.94,12.02,11.84,11.95,908122,21898054.00
2014-04-21,11.86,11.94,11.65,11.65,1478927,35245684.00
2014-04-22,11.60,11.66,11.31,11.42,1531330,35401728.00
2014-04-23,11.56,11.56,11.35,11.48,913992,21067942.00
2014-04-24,11.54,11.82,11.40,11.80,1786415,41951524.00
2014-04-25,11.76,11.85,11.31,11.31,1546268,36016112.00
2014-04-28,11.32,11.40,10.82,10.90,1527362,33867112.00
2014-04-29,10.90,11.25,10.80,11.22,1275671,28548198.00
2014-04-30,11.63,12.34,11.62,11.97,4689607,113589280.00
2014-05-05,11.77,12.06,11.72,12.05,2575240,61847800.00
2014-05-06,12.04,12.13,11.90,12.04,2260097,54757716.00
2014-05-07,11.92,12.19,11.91,12.01,2384988,58153468.00
2014-05-08,11.93,12.26,11.93,12.06,2544596,62341320.00
2014-05-09,12.08,12.16,11.73,11.79,1901224,45418692.00
2014-05-12,11.95,12.08,11.91,12.03,1668327,40394140.00
2014-05-13,12.04,12.22,11.94,12.20,2196506,53661988.00
2014-05-14,12.19,12.22,11.99,12.15,1711432,41772256.00
2014-05-15,12.05,12.14,11.70,11.70,1839574,44237420.00
2014-05-16,11.62,11.94,11.60,11.90,1428681,34124404.00
2014-05-19,11.85,11.85,11.40,11.46,1594614,37270236.00
2014-05-20,11.55,11.85,11.55,11.60,1433248,33762352.00
2014-05-21,11.68,12.37,11.46,12.16,4088144,99625240.00
2014-05-22,12.11,12.47,12.06,12.20,3877966,96190248.00
2014-05-23,12.20,12.37,12.05,12.35,2540061,62701140.00
2014-05-26,12.35,12.59,12.20,12.48,3263854,81861592.00
2014-05-27,12.47,12.47,12.24,12.27,2264653,56231036.00
2014-05-28,12.25,12.53,12.22,12.47,3402717,85464592.00
2014-05-29,12.47,12.82,12.42,12.48,4595222,116760768.00
2014-05-30,12.45,12.66,12.41,12.52,2753338,69651776.00
2014-06-03,12.52,12.52,12.20,12.20,3729651,92797168.00
2014-06-04,12.14,12.32,12.03,12.11,2781629,68004336.00
2014-06-05,12.13,12.49,12.10,12.49,2955054,73387520.00
2014-06-06,12.40,12.51,12.23,12.40,3643360,90739760.00
2014-06-09,12.33,12.46,12.26,12.37,1954942,48749216.00
2014-06-10,12.45,12.74,12.35,12.64,4248034,107759528.00
2014-06-11,12.59,13.02,12.53,12.94,5889149,152618368.00
2014-06-12,12.85,12.92,12.72,12.80,4112559,106239056.00
2014-06-13,12.80,12.93,12.80,12.85,3140904,81462976.00
2014-06-16,12.97,13.09,12.84,12.92,2740576,71597032.00
2014-06-17,12.92,12.92,12.73,12.76,2596405,67024984.00
2014-06-18,12.75,12.84,12.49,12.58,2677178,68078928.00
2014-06-19,12.55,12.70,11.90,11.99,2883916,71556544.00
2014-06-20,12.12,12.20,11.94,12.14,1475020,35980828.00
2014-06-23,12.24,12.40,12.07,12.39,3923293,96514368.00
2014-06-24,12.30,12.47,12.30,12.39,1936953,48341080.00
2014-06-25,12.39,12.39,12.12,12.19,2262936,55711624.00
2014-06-26,12.19,12.74,12.19,12.66,4246441,107815272.00
2014-06-27,12.69,12.88,12.53,12.75,2533810,64911548.00
2014-06-30,12.77,12.89,12.70,12.81,2629190,67759248.00
2014-07-01,12.82,12.85,12.60,12.75,2992318,76606120.00
2014-07-02,12.80,12.98,12.77,12.92,4041258,104939352.00
2014-07-03,12.92,12.94,12.78,12.81,2554040,66065536.00
2014-07-04,12.92,13.17,12.81,12.82,3877753,101207864.00
2014-07-07,12.89,12.93,12.55,12.65,2999149,76922408.00
2014-07-08,12.66,12.88,12.58,12.87,2835958,72965944.00
2014-07-09,12.85,12.90,12.49,12.49,2948017,75400896.00
2014-07-10,12.54,12.89,12.24,12.60,5404403,68506784.00
2014-07-11,12.56,12.89,12.36,12.86,6480981,83163976.00
2014-07-14,12.90,13.63,12.82,13.36,12598852,169183392.00
2014-07-15,13.52,13.64,13.09,13.44,10877463,146200416.00
2014-07-16,13.31,13.63,13.24,13.37,7917243,107110168.00
2014-07-17,13.37,13.43,12.99,13.06,4926456,65055640.00
2014-07-18,13.06,13.49,12.99,13.16,5084026,67959088.00
2014-07-28,13.09,14.02,12.49,13.98,16529968,220846304.00
2014-07-29,13.94,14.42,13.72,14.02,15492003,219664384.00
2014-07-30,13.99,15.42,13.81,15.12,26318997,391638496.00
2014-07-31,14.85,15.28,14.71,14.96,13506887,202623072.00
2014-08-01,14.84,15.24,14.51,14.56,11571708,172656800.00
2014-08-04,14.57,15.16,14.57,14.94,11642415,174614928.00
2014-08-05,14.74,15.66,14.56,15.33,18414459,280947328.00
2014-08-06,15.22,15.50,14.95,15.14,12208491,186421552.00
2014-08-07,15.15,15.39,14.84,14.85,9802157,148540176.00
2014-08-08,14.78,15.10,14.74,14.86,7386601,110687920.00
2014-08-11,14.89,15.28,14.75,14.92,11628003,174855584.00
2014-08-12,14.93,14.93,14.54,14.66,10242137,151093056.00
2014-08-13,14.74,15.02,14.58,14.99,11279656,168404336.00
2014-08-14,14.95,15.32,14.89,14.90,14458553,219723728.00
2014-08-15,15.07,15.12,14.78,14.84,7985110,119632280.00
2014-08-18,14.89,15.18,14.89,15.14,10879698,164488816.00
2014-08-19,15.17,15.61,15.00,15.57,19609937,302971808.00
2014-08-20,15.51,15.83,15.34,15.44,13264930,207267696.00
2014-08-21,15.41,15.88,15.36,15.64,13960414,218950192.00
2014-08-22,15.84,15.91,15.59,15.77,14619776,231426896.00
2014-08-25,15.79,15.84,15.05,15.18,13467164,206743200.00
2014-08-26,15.24,15.41,14.49,14.69,10179914,152520320.00
2014-08-27,14.69,14.88,14.62,14.77,5212709,77216080.00
2014-08-28,14.87,14.92,13.97,14.54,6028207,88449208.00
2014-08-29,14.48,14.87,14.48,14.80,4375104,64820592.00
2014-09-01,14.89,15.16,14.80,15.14,5861594,88334928.00
2014-09-02,15.22,15.34,15.01,15.32,10011742,152558240.00
2014-09-03,15.32,15.35,15.11,15.22,8148349,124545176.00
2014-09-04,15.22,15.49,15.17,15.37,12549575,193479088.00
2014-09-05,15.37,15.45,15.15,15.30,8603316,131808664.00
2014-09-09,15.31,15.43,15.21,15.30,9595243,147578944.00
2014-09-10,15.26,15.82,15.26,15.72,17865461,279008032.00
2014-09-11,15.79,16.50,15.63,16.24,25938783,420089792.00
2014-09-12,16.22,16.32,15.93,16.17,10740919,173458560.00
2014-09-15,16.16,16.41,16.00,16.28,10923520,177386752.00
2014-09-16,16.29,16.42,15.26,15.28,14241183,225435008.00
2014-09-17,15.29,15.47,14.96,15.30,7110888,108690672.00
2014-09-18,15.30,15.37,15.04,15.22,4699545,71852216.00
2014-09-19,15.26,15.45,15.20,15.38,5804244,89515432.00
2014-09-22,15.34,15.34,14.75,14.96,6605691,99435712.00
2014-09-23,14.99,15.30,14.92,15.22,4718395,71903192.00
2014-09-24,15.22,15.59,15.19,15.49,6905298,106704664.00
2014-09-25,15.49,15.59,15.26,15.38,7896887,122192768.00
2014-09-26,15.34,15.44,15.24,15.30,5283771,81279320.00
2014-09-29,15.30,16.28,15.30,16.02,12788404,202072384.00
2014-09-30,15.86,16.37,15.74,15.91,13157571,211095104.00
2014-10-08,16.29,17.51,16.06,17.51,19503532,330995744.00
2014-10-09,17.94,18.48,17.59,17.76,41002036,737157376.00
2014-10-10,17.79,18.42,17.45,17.82,24489436,439872992.00
2014-10-13,17.55,17.74,16.99,17.55,13958144,242869248.00
2014-10-14,17.42,18.08,17.29,17.72,14190125,252479152.00
2014-10-15,17.98,18.36,17.54,18.09,18366752,331008864.00
2014-10-16,17.80,18.12,17.54,17.54,12289809,219570480.00
2014-10-17,17.44,17.69,16.69,16.90,11559888,197736896.00
2014-10-20,16.99,17.51,16.90,17.27,7198988,124500648.00
2014-10-21,17.29,17.63,17.11,17.32,7924323,138006240.00
2014-10-22,17.32,17.40,16.74,16.79,6145804,105439632.00
2014-10-23,16.65,16.89,16.24,16.29,5952126,98587480.00
2014-10-24,16.36,16.84,16.33,16.53,5373485,89556376.00
2014-10-27,16.53,17.09,16.42,16.99,6181405,104477984.00
2014-10-28,17.05,17.54,17.05,17.42,8076908,140242896.00
2014-10-29,17.50,17.69,17.27,17.48,9262446,162419312.00
2014-10-30,17.50,17.73,17.21,17.56,7996015,140025184.00
2014-10-31,17.49,17.68,17.14,17.34,6479884,112955632.00
2014-11-03,17.34,17.52,17.27,17.35,5933706,103396272.00
2014-11-04,17.29,17.52,16.84,16.88,6677218,114938728.00
2014-11-05,16.82,17.69,16.71,17.69,10727435,186403120.00
2014-11-06,17.69,17.91,17.35,17.74,7195762,127320840.00
2014-11-07,17.84,18.00,17.05,17.44,10098733,178787216.00
2014-11-10,17.39,17.41,17.06,17.28,4917364,85061392.00
2014-11-11,17.32,17.39,16.16,16.26,10265869,170835760.00
2014-11-12,16.25,16.50,16.11,16.31,6239680,102058424.00
2014-11-13,16.31,16.36,15.30,15.70,9513190,149974592.00
2014-11-14,15.64,15.85,15.50,15.63,4043952,63551836.00
2014-11-17,15.69,16.04,15.52,15.86,4028133,64133784.00
2014-11-18,15.84,16.09,15.74,15.87,3572283,57083984.00
2014-11-19,15.79,16.22,15.77,16.00,4432902,71352912.00
2014-11-20,15.90,15.99,15.58,15.60,5641288,88771672.00
2014-11-21,15.44,15.77,15.44,15.69,4568855,71916368.00
2014-11-24,15.84,16.18,15.69,16.02,7309638,117097768.00
2014-11-25,16.01,16.53,15.95,16.41,7621795,124602400.00
2014-11-26,16.51,17.11,16.43,16.68,9583134,161154672.00
2014-11-27,16.85,17.09,16.37,16.58,8668097,145433344.00
2014-11-28,16.63,17.35,16.63,17.04,15398551,262767120.00
2014-12-01,16.88,17.11,16.45,16.58,7112047,119193688.00
2014-12-02,16.54,17.09,16.51,16.94,9208518,156508096.00
2014-12-03,16.90,17.46,16.54,17.46,15000601,255586112.00
2014-12-04,17.49,17.57,17.14,17.34,12795992,222190144.00
2014-12-05,17.34,17.34,16.22,16.46,11526656,192760000.00
2014-12-08,16.20,16.42,15.94,16.18,10062393,163213040.00
2014-12-09,16.28,16.49,15.38,15.39,11764873,188965232.00
2014-12-10,15.49,16.94,15.44,16.94,19050472,315155072.00
2014-12-11,17.26,18.29,17.12,17.60,29013651,515002816.00
2014-12-12,17.49,18.04,16.96,17.72,16608753,291847392.00
2014-12-15,17.75,18.04,17.44,17.96,15720771,281339424.00
2014-12-16,18.03,18.09,17.43,17.69,15192623,270989472.00
2014-12-17,17.55,17.55,16.99,17.00,11776407,202727264.00
2014-12-18,16.96,17.72,16.84,17.19,12182932,212302624.00
2014-12-19,17.14,17.14,16.10,16.74,11552851,191999552.00
2014-12-22,16.75,16.75,15.64,16.00,8956026,143956944.00
2014-12-23,16.06,16.27,15.89,16.07,5827898,94047032.00
2014-12-24,16.13,16.44,16.11,16.42,6693831,109367816.00
2014-12-25,16.44,16.49,16.14,16.21,6508629,106147976.00
2014-12-26,16.29,16.46,16.16,16.26,5314088,86776032.00
2014-12-29,16.22,16.23,15.71,15.88,6209769,98994520.00
2014-12-30,15.88,15.96,15.40,15.60,6265001,98216040.00
2014-12-31,15.71,15.89,15.44,15.72,5364246,84534016.00
2015-01-05,15.78,16.21,15.45,16.02,7227960,114861096.00
2015-01-06,15.84,16.75,15.74,16.68,9925718,162637536.00
2015-01-07,16.64,16.68,16.26,16.33,6168228,101470216.00
2015-01-08,16.29,16.52,16.21,16.24,5491057,90108096.00
2015-01-09,16.24,16.43,15.82,15.94,7053580,114987880.00
2015-01-12,15.87,15.90,15.42,15.50,5282535,82877176.00
2015-01-13,15.52,15.78,15.50,15.76,3281153,51584888.00
2015-01-14,15.74,15.74,15.14,15.42,4230998,65841516.00
2015-01-15,15.44,15.80,15.36,15.54,4710119,73603024.00
2015-01-16,15.53,15.81,15.44,15.76,4917044,77345568.00
2015-01-19,15.51,16.19,15.19,15.43,7750900,122404352.00
2015-01-20,15.52,16.14,15.52,16.05,10880511,173926704.00
2015-01-21,16.21,16.43,16.07,16.38,11164102,182618896.00
2015-01-22,16.40,16.69,16.28,16.52,11045353,182879920.00
2015-01-23,16.53,16.62,16.08,16.20,8950048,146061536.00
2015-01-26,16.22,16.49,16.22,16.47,11988272,196286640.00
2015-01-27,16.44,17.21,16.16,17.07,17557682,294071360.00
2015-01-28,16.91,17.13,16.76,16.92,12329469,209402640.00
2015-01-29,16.79,17.07,16.52,16.53,7323218,123481032.00
2015-01-30,16.53,16.82,16.29,16.34,6765049,112452896.00
2015-02-02,16.19,16.52,16.07,16.13,6121506,100123928.00
2015-02-03,16.16,16.47,16.16,16.41,7802012,128058160.00
2015-02-04,16.43,16.50,16.18,16.18,7098349,116268632.00
2015-02-05,16.32,16.40,15.93,15.93,8327682,135666080.00
2015-02-06,15.94,15.94,15.42,15.44,6789907,106334440.00
2015-02-09,15.44,15.63,15.32,15.45,4377617,68026272.00
2015-02-10,15.53,15.72,15.37,15.70,3697031,57745716.00
2015-02-11,15.70,15.88,15.64,15.79,3679767,58291076.00
2015-02-12,15.79,16.01,15.79,15.80,4448055,70976744.00
2015-02-13,15.95,16.21,15.84,16.02,7356640,118753496.00
2015-02-16,16.14,16.52,16.14,16.39,8244753,135315888.00
2015-02-17,16.34,16.46,16.21,16.34,5476601,89799208.00
2015-02-25,16.40,16.83,16.39,16.49,8865902,147731312.00
2015-02-26,16.62,17.11,16.58,16.80,15195635,256785760.00
2015-02-27,16.87,16.93,16.64,16.90,10567956,178064656.00
2015-03-02,17.24,17.88,17.22,17.38,21370538,373534592.00
2015-03-03,17.34,19.12,17.04,18.48,40911445,753678848.00
2015-03-04,18.23,18.59,18.04,18.38,22282830,408844480.00
2015-03-05,18.32,19.03,18.01,18.67,23751300,443005728.00
2015-03-06,18.56,18.65,17.52,17.64,19173045,346189184.00
2015-03-09,17.63,18.10,17.54,17.91,12979025,233145104.00
2015-03-10,17.93,18.31,17.81,18.14,12571290,228097856.00
2015-03-11,18.03,18.05,17.40,17.60,14080300,249182480.00
2015-03-12,17.54,17.72,17.00,17.27,13130135,227974144.00
2015-03-13,17.33,17.59,17.25,17.55,10537324,184436048.00
2015-03-16,17.74,18.14,17.67,17.97,15487229,279132224.00
2015-03-17,18.10,18.28,17.76,17.95,19212138,348118272.00
2015-03-18,17.96,18.54,17.96,18.45,21556821,396255552.00
2015-03-19,18.38,18.91,18.17,18.38,19074694,353660032.00
2015-03-20,18.45,20.03,18.31,19.54,31552424,599491840.00
2015-03-23,19.45,20.33,19.20,20.22,30222605,595426432.00
2015-03-24,20.09,20.92,19.35,20.74,36720141,745720704.00
2015-03-25,20.67,20.67,19.90,20.06,27277158,553426816.00
2015-03-26,19.79,19.92,19.03,19.29,20804562,406253088.00
2015-03-27,19.14,19.76,19.14,19.55,11779956,230191424.00
2015-03-30,19.54,20.16,19.45,19.67,16409333,326302624.00
2015-03-31,19.67,20.31,19.45,19.94,19760663,394499936.00
2015-04-01,20.19,20.34,19.89,20.29,17463829,353592928.00
2015-04-02,20.88,22.29,20.55,21.54,29098635,622796736.00
2015-04-03,21.25,21.70,21.06,21.55,19801422,425115296.00
2015-04-07,21.93,22.24,21.24,21.46,20264226,438352704.00
2015-04-08,21.41,21.89,20.41,20.75,22058221,464626656.00
2015-04-09,20.64,20.91,19.36,20.47,21177261,427329472.00
2015-04-10,20.42,20.90,19.99,20.79,13073895,270217088.00
2015-04-13,20.81,21.27,20.66,20.94,16048131,337392864.00
2015-04-14,21.04,21.23,20.14,20.44,15070891,312737664.00
2015-04-15,20.58,20.64,19.23,19.24,14840204,294519520.00
2015-04-16,19.79,21.12,19.74,20.26,19729177,401860128.00
2015-04-17,19.84,20.18,19.72,19.98,18592543,371477216.00
2015-04-20,19.84,20.37,19.41,19.94,17184089,343768032.00
2015-04-21,19.63,20.88,19.63,20.67,16816700,344031840.00
2015-04-22,20.77,21.07,20.66,21.00,19687900,412198720.00
2015-04-23,21.07,21.39,20.74,20.88,19052616,401672800.00
2015-04-24,20.54,20.59,19.94,20.27,17975344,365697184.00
2015-04-27,20.46,20.71,20.06,20.43,15553751,319069920.00
2015-04-28,20.35,20.58,19.31,19.44,16042044,316987968.00
2015-04-29,19.38,19.94,19.24,19.72,10849583,214306768.00
2015-04-30,19.76,20.13,19.69,19.87,12023888,240126832.00
2015-05-04,20.04,20.13,19.49,19.94,7662975,152866240.00
2015-05-05,19.95,20.49,19.77,20.34,17919946,362501600.00
2015-05-06,20.79,21.04,19.89,20.04,23519400,488283776.00
2015-05-07,19.54,19.87,18.76,18.76,14439760,278735712.00
2015-05-08,19.20,19.64,18.93,19.55,12220871,236356240.00
2015-05-11,19.64,20.44,19.64,20.36,16075086,322548704.00
2015-05-12,20.42,20.72,19.87,20.31,17439259,354643040.00
2015-05-13,20.04,21.31,19.76,21.22,30166645,628996352.00
2015-05-14,20.94,21.62,20.89,20.97,18622741,395531840.00
2015-05-15,21.23,22.87,20.94,22.12,30100578,654617472.00
2015-05-18,21.98,22.73,21.74,22.03,27162484,606577920.00
2015-05-19,22.24,22.44,21.64,22.25,20848888,460551328.00
2015-05-20,22.35,23.24,22.02,22.04,26816260,609737536.00
2015-05-21,22.06,23.17,21.54,23.17,23910690,541219008.00
2015-05-22,23.53,23.83,22.16,22.49,27631401,629155584.00
2015-05-25,22.12,23.26,21.84,22.91,24133386,550492736.00
2015-05-26,22.79,24.09,22.79,23.85,25315684,599606400.00
2015-05-27,23.74,25.73,23.19,24.98,30058241,735663872.00
2015-05-28,25.00,25.69,22.62,22.73,29850932,733646080.00
2015-05-29,22.73,24.11,21.96,23.37,27052335,627200128.00
2015-06-01,23.39,24.73,23.10,24.65,23861652,577025536.00
2015-06-02,24.84,26.49,24.45,26.13,30870739,785001600.00
2015-06-03,26.49,26.62,24.44,25.33,27812300,715359296.00
2015-06-04,26.34,27.44,24.14,27.05,31165370,819996288.00
2015-06-05,27.43,27.54,25.99,26.63,27518038,737514112.00
2015-06-08,26.74,26.83,25.04,25.94,21382274,551414976.00
2015-06-09,25.64,26.41,24.95,25.37,17358442,446355968.00
2015-06-10,25.24,26.09,25.06,25.64,16519934,424151072.00
2015-06-11,25.44,26.44,25.32,26.14,17636705,456967040.00
2015-06-12,26.15,26.43,25.66,25.82,16102259,419957280.00
2015-06-15,25.88,25.90,24.37,24.84,18839598,472926752.00
2015-06-16,24.92,25.31,23.71,23.95,14737429,362958304.00
2015-06-17,23.95,24.62,23.30,24.45,12003552,289793536.00
2015-06-18,24.36,24.60,22.67,22.84,13264809,316011936.00
2015-06-19,22.14,22.74,20.56,20.64,12609252,277043104.00
2015-06-23,20.92,21.24,18.95,21.15,11279415,232362736.00
2015-06-24,21.34,22.89,21.15,22.39,14143635,309924704.00
2015-06-25,22.37,22.93,20.19,20.66,11509794,254570224.00
2015-06-26,19.94,20.34,18.59,18.59,11565811,224611488.00
2015-06-29,19.24,19.27,16.73,16.73,13413851,237727584.00
2015-06-30,16.34,17.99,15.05,17.85,16461184,270550176.00
2015-07-01,17.38,18.24,16.09,16.24,14053121,247398976.00
2015-07-02,16.46,16.62,14.61,14.61,14443977,223834384.00
2015-07-03,14.24,15.10,13.14,13.14,16616373,229689920.00
2015-07-06,14.46,14.46,11.82,11.83,27488899,350300128.00
2015-07-13,13.01,13.01,13.01,13.01,1053453,13705424.00
2015-07-14,14.31,14.31,14.31,14.31,1366112,19549062.00
2015-07-15,15.74,15.74,13.75,14.58,42005738,622540352.00
2015-07-16,14.26,15.28,13.50,14.88,23251509,340504128.00
2015-07-17,15.00,16.25,14.88,15.89,22612656,350659584.00
2015-07-20,15.89,16.48,15.25,16.20,25873059,412778624.00
2015-07-21,15.80,16.32,15.56,16.03,18538337,296203648.00
2015-07-22,16.45,17.63,16.08,17.22,43085105,730893568.00
2015-07-23,16.88,18.10,16.72,17.84,30014841,521848608.00
2015-07-24,17.69,18.47,17.00,17.05,35643069,637452736.00
2015-07-27,16.40,17.46,15.35,15.35,19223733,318075232.00
2015-07-28,13.82,15.49,13.82,14.35,21792374,313241600.00
2015-07-29,14.92,15.79,14.43,15.79,19639871,297124608.00
2015-07-30,15.68,16.60,15.49,15.63,19056614,308041728.00
2015-07-31,15.60,16.06,14.90,15.14,11479610,179038960.00
2015-08-03,15.20,15.50,13.70,14.23,12490157,182171264.00
2015-08-04,14.40,15.65,14.32,15.65,13832943,207660656.00
2015-08-05,15.60,15.97,15.18,15.49,11687070,182070288.00
2015-08-06,15.10,15.61,14.90,15.26,8314277,126795408.00
2015-08-07,15.50,16.50,15.50,16.23,14323880,229594256.00
2015-08-10,16.46,17.24,16.10,16.94,18671075,311972896.00
2015-08-11,16.73,17.53,16.50,16.90,20309227,344621664.00
2015-08-12,16.75,17.07,16.23,16.29,13080772,217235184.00
2015-08-13,16.18,17.05,16.18,16.95,13799838,229238656.00
2015-08-14,17.38,17.49,16.66,16.93,13329843,226936032.00
2015-08-17,17.10,18.11,16.93,18.08,25457123,448193376.00
2015-08-18,18.15,18.29,16.27,16.27,19409968,334044704.00
2015-08-19,15.60,16.56,14.68,16.38,19794109,306675712.00
2015-08-20,16.00,16.19,15.35,15.48,12587680,199000864.00
2015-08-21,15.11,15.38,14.08,14.17,10687130,158231664.00
2015-08-24,13.46,13.50,12.75,12.75,8917162,115204616.00
2015-08-25,11.48,11.95,11.48,11.48,10780660,124637752.00
2015-08-26,11.46,12.20,10.40,12.00,20990216,237349088.00
2015-08-27,11.94,12.38,11.52,12.32,14174280,171083344.00
2015-08-28,12.47,13.45,12.31,13.09,20827746,263920368.00
2015-08-31,13.08,13.08,12.04,12.04,15815000,198219328.00
2015-09-01,11.99,11.99,10.85,10.85,12570712,141597616.00
2015-09-02,10.32,11.47,10.20,10.66,14815884,161497280.00
2015-09-07,11.02,11.50,10.85,11.05,13103075,146674144.00
2015-09-08,11.06,11.86,11.02,11.77,11126305,126850624.00
2015-09-09,11.80,12.38,11.80,12.20,17969936,217176480.00
2015-09-10,11.92,12.60,11.85,12.14,14416591,176034976.00
2015-09-11,12.10,12.41,11.96,12.21,10165459,123858048.00
2015-09-14,12.90,13.30,11.20,11.40,24617454,306392096.00
2015-09-15,11.05,11.47,10.39,10.45,17262688,188910320.00
2015-09-16,10.65,11.50,10.50,11.50,13989098,153342032.00
2015-09-17,11.51,12.21,11.35,11.41,18639342,219611344.00
2015-09-22,12.45,12.45,12.45,12.45,0,0.00
数据来源:通达信
