300027 华谊兄弟 日线 前复权
      日期	    开盘	    最高	    最低	    收盘	    成交量	    成交额
2009-10-30,8.39,12.30,8.38,9.39,29611563,2082842880.00
2009-11-02,8.40,8.89,8.40,8.40,8726860,560748352.00
2009-11-03,8.09,8.30,7.57,7.62,9208565,543886208.00
2009-11-04,7.89,7.92,7.58,7.68,4735342,278163840.00
2009-11-05,7.71,7.88,7.36,7.68,6820572,399111904.00
2009-11-06,7.58,7.72,7.46,7.50,4269036,245397456.00
2009-11-09,7.47,7.49,7.22,7.24,3518248,196025872.00
2009-11-10,7.27,7.38,7.20,7.20,3469680,192728992.00
2009-11-11,7.22,7.23,6.97,7.12,3132168,169470848.00
2009-11-12,7.13,7.31,7.06,7.24,2934894,161928800.00
2009-11-13,7.25,7.75,7.23,7.60,5925791,341956320.00
2009-11-16,7.48,7.54,7.29,7.47,3560172,201451232.00
2009-11-17,7.48,7.56,7.33,7.39,2624595,148821584.00
2009-11-18,7.39,7.58,7.32,7.51,3765042,214594320.00
2009-11-19,7.50,8.30,7.44,8.03,8367243,505634528.00
2009-11-20,7.90,8.14,7.82,7.89,3788371,228666832.00
2009-11-23,7.83,8.11,7.83,7.94,3055843,184702208.00
2009-11-24,7.92,8.02,7.26,7.33,4695566,273012800.00
2009-11-25,7.28,7.61,7.12,7.56,3962329,224934240.00
2009-11-26,7.53,7.66,7.33,7.34,3443595,196042736.00
2009-11-30,7.61,7.82,7.47,7.74,4812787,281510080.00
2009-12-01,7.62,7.73,7.54,7.65,2899116,168489360.00
2009-12-02,7.66,8.46,7.66,8.46,8503245,532340416.00
2009-12-03,8.73,9.35,8.73,9.19,12144833,831944704.00
2009-12-04,8.72,8.96,8.23,8.28,8460245,543864576.00
2009-12-07,8.12,8.51,8.12,8.41,3179318,201481344.00
2009-12-08,8.39,8.58,8.17,8.45,3622612,230429904.00
2009-12-09,8.44,8.86,8.31,8.53,4889337,317008544.00
2009-12-10,8.49,8.63,8.31,8.39,2389012,152450128.00
2009-12-11,8.37,8.47,8.00,8.03,3160423,195636800.00
2009-12-14,8.04,8.14,7.67,7.90,2287871,136990128.00
2009-12-15,7.91,8.08,7.82,7.91,1604442,96911760.00
2009-12-16,7.89,7.89,7.61,7.65,2026150,118958760.00
2009-12-17,7.72,7.78,7.24,7.25,2265235,128132096.00
2009-12-18,7.12,7.50,6.92,7.26,3138355,171574448.00
2009-12-21,7.27,7.40,7.11,7.31,1534205,85555008.00
2009-12-22,7.40,7.40,6.94,7.00,1535217,83740632.00
2009-12-23,6.99,7.19,6.98,7.15,1445175,78834416.00
2009-12-24,7.15,7.32,7.03,7.30,1849175,102082568.00
2009-12-25,7.26,7.26,7.05,7.09,1694176,92230400.00
2009-12-28,7.04,7.22,7.04,7.10,1072854,58572400.00
2009-12-29,7.11,7.19,6.98,7.07,1271625,68861088.00
2009-12-30,7.09,7.48,7.08,7.28,2423978,135503504.00
2009-12-31,7.30,7.33,7.14,7.25,1181365,65148864.00
2010-01-04,7.25,7.40,7.23,7.27,1416147,78845232.00
2010-01-05,7.26,7.30,7.03,7.20,1183973,64928556.00
2010-01-06,7.19,7.19,7.09,7.11,1097187,59796952.00
2010-01-07,7.08,7.11,6.96,7.00,1284376,69200424.00
2010-01-08,6.99,7.01,6.78,6.86,1631043,85934728.00
2010-01-11,6.86,6.94,6.64,6.78,1533518,80137680.00
2010-01-12,6.80,6.91,6.78,6.90,1154722,60771460.00
2010-01-13,6.78,7.19,6.74,7.11,2919956,156894144.00
2010-01-14,7.15,7.44,7.15,7.31,3007469,168743728.00
2010-01-15,7.32,7.40,7.19,7.22,1508973,83654112.00
2010-01-18,7.17,7.33,7.07,7.08,1656488,90761240.00
2010-01-19,7.16,7.16,6.93,6.97,1279406,68577160.00
2010-01-20,6.97,6.98,6.71,6.71,1648153,86086776.00
2010-01-21,6.78,6.86,6.66,6.76,921179,47707652.00
2010-01-22,6.71,6.71,6.29,6.34,2281248,112722304.00
2010-01-25,6.19,6.91,6.09,6.66,2957737,149155968.00
2010-01-26,6.65,6.78,6.31,6.41,2232724,112428472.00
2010-01-27,6.48,6.48,6.08,6.12,1495490,71558864.00
2010-01-28,6.11,6.28,5.94,6.12,1809937,84765088.00
2010-01-29,6.08,6.28,6.02,6.15,1612154,77102464.00
2010-02-01,5.56,5.93,5.56,5.61,5703790,251277664.00
2010-02-02,5.64,5.83,5.51,5.72,3238341,143644688.00
2010-02-04,5.74,5.83,5.60,5.70,1986190,88059832.00
2010-02-05,5.61,5.77,5.59,5.66,1787751,78955992.00
2010-02-08,5.66,5.78,5.64,5.73,1325770,58876472.00
2010-02-09,5.69,5.81,5.63,5.76,1113520,49513604.00
2010-02-10,5.81,6.01,5.76,5.97,1984470,90456752.00
2010-02-11,5.93,6.25,5.88,6.12,2314043,109067128.00
2010-02-12,6.11,6.52,6.08,6.50,3194487,157575152.00
2010-02-22,6.40,6.48,6.29,6.36,2343829,114905952.00
2010-02-23,6.36,6.46,6.26,6.46,1296505,63626468.00
2010-02-24,6.46,6.76,6.40,6.66,1627816,83441360.00
2010-02-25,6.62,6.72,6.50,6.57,1645567,83714000.00
2010-02-26,6.47,6.57,6.40,6.43,1707885,84779008.00
2010-03-01,6.44,6.68,6.43,6.61,1250453,63518812.00
2010-03-02,6.73,6.94,6.72,6.76,1709147,89163920.00
2010-03-03,6.66,6.91,6.66,6.84,1856693,97025760.00
2010-03-04,6.85,6.90,6.47,6.53,1644981,85228376.00
2010-03-05,6.53,6.64,6.43,6.49,892173,44727152.00
2010-03-08,6.51,6.61,6.50,6.57,501080,25237064.00
2010-03-09,6.53,6.57,6.37,6.56,878373,43719924.00
2010-03-10,6.57,6.64,6.45,6.49,754595,37992524.00
2010-03-11,6.49,6.81,6.45,6.63,1406687,72096816.00
2010-03-12,6.64,6.94,6.64,6.81,2834332,148459616.00
2010-03-15,6.83,6.87,6.66,6.83,1290607,66935572.00
2010-03-16,7.19,7.46,6.96,6.98,4326459,236969664.00
2010-03-17,6.99,7.24,6.89,7.18,2382325,129385040.00
2010-03-18,7.18,7.37,7.11,7.19,1591129,87973736.00
2010-03-19,7.19,7.72,7.14,7.59,3211113,184080688.00
2010-03-22,7.65,7.69,7.47,7.67,2061417,119279608.00
2010-03-23,7.61,8.11,7.54,7.84,2787415,166703088.00
2010-03-24,7.82,8.12,7.82,7.90,2520458,153558560.00
2010-03-25,8.09,8.53,8.08,8.53,4504484,286365824.00
2010-03-26,8.37,8.38,8.03,8.30,2809179,175534496.00
2010-03-29,8.23,8.54,7.96,8.16,2627231,163043536.00
2010-03-30,8.16,8.37,8.05,8.22,1915306,120286392.00
2010-03-31,8.22,8.51,8.16,8.45,2775076,176538720.00
2010-04-01,8.44,8.86,8.33,8.41,2792079,182994144.00
2010-04-02,8.30,8.30,8.08,8.10,3473280,215308336.00
2010-04-06,8.10,8.28,8.10,8.23,1461675,90894320.00
2010-04-07,8.18,8.61,8.18,8.53,2625987,167548608.00
2010-04-08,8.46,8.60,8.23,8.24,2379449,152483360.00
2010-04-09,8.35,9.01,8.35,9.00,4619332,307086656.00
2010-04-12,8.99,9.18,8.93,9.16,2902283,198641136.00
2010-04-13,9.03,9.33,8.20,8.30,4807204,312087424.00
2010-04-14,8.19,8.44,8.03,8.23,2040474,127253784.00
2010-04-15,8.22,8.25,7.60,7.80,3529541,211502656.00
2010-04-16,7.68,8.36,7.68,8.20,2654746,164189680.00
2010-04-20,7.58,8.62,7.58,8.34,3973084,245554768.00
2010-04-21,8.25,8.85,8.16,8.73,2289126,148812224.00
2010-04-22,8.80,9.25,8.66,8.98,2967301,202188192.00
2010-04-23,9.11,9.12,8.57,8.81,2118727,141359024.00
2010-04-26,8.78,9.11,8.51,8.68,1287846,85268128.00
2010-04-27,8.53,8.64,8.07,8.48,1852804,117341944.00
2010-04-28,8.23,8.62,7.76,8.09,3155383,98544096.00
2010-04-29,8.21,8.30,7.64,7.67,2861051,87317984.00
2010-04-30,7.68,7.72,7.25,7.66,2337832,66211468.00
2010-05-04,7.51,8.07,7.36,7.76,2854720,84853128.00
2010-05-05,7.71,8.18,7.65,8.16,2603408,79205160.00
2010-05-06,8.15,8.51,8.01,8.17,2790431,87519928.00
2010-05-07,7.90,8.43,7.79,8.34,2996853,93263536.00
2010-05-10,8.29,8.43,7.63,8.03,2975844,89137920.00
2010-05-11,8.23,8.23,7.58,7.65,2296979,68350520.00
2010-05-12,7.53,8.11,7.44,7.84,4478793,133396488.00
2010-05-13,7.84,8.15,7.27,8.06,3077508,89644336.00
2010-05-14,8.04,8.04,7.78,7.92,1358670,40707788.00
2010-05-17,7.79,8.21,7.69,7.87,2431021,73573256.00
2010-05-18,7.79,7.87,7.38,7.73,2039273,59098836.00
2010-05-19,7.72,8.16,7.39,7.96,2587947,76675448.00
2010-05-20,7.91,8.15,7.65,7.73,1807684,54227900.00
2010-05-21,7.46,8.03,7.40,7.92,2289205,67065292.00
2010-05-24,8.04,8.46,7.98,8.43,4880839,152018032.00
2010-05-25,8.29,8.76,8.29,8.51,5729467,184323968.00
2010-05-26,8.54,8.63,8.26,8.48,2544795,81093664.00
2010-05-27,8.48,9.08,8.38,9.00,4236419,140477136.00
2010-05-28,9.04,9.66,8.96,9.58,6670452,236316784.00
2010-05-31,9.60,9.98,9.26,9.26,6280505,226392320.00
2010-06-01,9.12,9.54,8.65,9.04,6336530,215672976.00
2010-06-02,8.90,9.98,8.82,9.98,5642988,198233088.00
2010-06-03,10.15,10.45,9.87,9.89,7656409,290400544.00
2010-06-04,9.82,10.06,9.51,10.01,4899026,179859296.00
2010-06-07,9.77,10.51,9.62,10.44,6583358,250987232.00
2010-06-08,10.39,10.84,10.13,10.34,5610406,218572384.00
2010-06-09,10.53,10.70,9.98,10.17,6077997,235160784.00
2010-06-10,10.18,10.42,10.15,10.36,3969632,153009152.00
2010-06-11,10.43,10.47,10.04,10.11,3849777,146757984.00
2010-06-17,10.12,10.23,9.49,9.51,4293266,156625968.00
2010-06-18,9.37,9.65,9.23,9.47,4317999,153654320.00
2010-06-21,9.40,9.81,9.26,9.72,2742775,98932432.00
2010-06-22,9.72,10.11,9.72,9.85,3861699,143664160.00
2010-06-24,9.87,10.29,9.87,10.12,3512217,133011520.00
2010-06-25,10.19,10.28,9.51,9.89,4697745,173285664.00
2010-06-28,9.76,9.96,9.39,9.54,2751495,99372152.00
2010-06-29,9.56,9.70,8.55,8.55,4335625,146855152.00
2010-06-30,8.29,8.45,7.81,8.34,4525487,138798912.00
2010-07-01,8.20,8.28,7.90,7.90,2592391,78832912.00
2010-07-02,7.87,7.96,7.24,7.76,4091547,117974792.00
2010-07-05,7.62,7.92,7.43,7.79,2571830,75276512.00
2010-07-06,7.76,8.17,7.69,8.06,2296385,69651712.00
2010-07-07,8.14,8.28,8.04,8.19,2165714,66875972.00
2010-07-08,8.23,8.31,8.04,8.15,2265577,70051424.00
2010-07-09,8.15,8.98,8.12,8.76,3950770,128270504.00
2010-07-12,8.84,9.07,8.70,8.91,3287151,110215824.00
2010-07-13,8.80,9.23,8.77,9.14,3489874,119364184.00
2010-07-14,9.14,9.38,8.93,9.01,2925478,100029904.00
2010-07-15,8.98,9.26,8.90,8.96,2264588,77432296.00
2010-07-16,8.83,9.16,8.49,8.96,2582327,86692504.00
2010-07-19,8.90,9.18,8.83,9.09,4311473,146634400.00
2010-07-20,9.06,9.32,8.95,9.19,5166249,177033072.00
2010-07-21,9.29,9.46,9.01,9.41,7685580,266451184.00
2010-07-22,9.46,9.46,9.12,9.23,6466393,224605456.00
2010-07-23,9.25,9.31,9.04,9.11,3592445,123366528.00
2010-07-26,9.26,9.37,8.93,9.04,5535893,189322880.00
2010-07-27,9.03,9.03,8.87,8.92,3541975,119073040.00
2010-07-28,8.91,9.23,8.89,9.17,5885992,202234768.00
2010-07-29,9.22,9.25,8.93,9.01,5632943,191661376.00
2010-07-30,8.98,9.07,8.88,9.02,3016054,101782016.00
2010-08-02,9.05,9.18,8.96,9.16,4925228,167784304.00
2010-08-03,9.22,9.67,9.21,9.44,10619659,378891776.00
2010-08-04,9.43,9.56,9.14,9.35,5586309,195324240.00
2010-08-05,9.39,9.59,9.26,9.44,4758884,168879904.00
2010-08-06,9.43,9.49,9.16,9.46,4751239,167155440.00
2010-08-09,9.51,9.91,9.51,9.90,8181824,300798528.00
2010-08-10,9.90,9.98,9.45,9.45,5705069,206635536.00
2010-08-11,9.43,9.53,9.26,9.45,3640160,128255216.00
2010-08-12,9.28,9.41,9.14,9.16,3054086,106301296.00
2010-08-13,9.15,9.28,9.11,9.27,2212472,76622392.00
2010-08-16,9.23,9.55,9.22,9.50,3512456,124773280.00
2010-08-17,9.50,9.58,9.38,9.47,2743388,97558504.00
2010-08-18,9.50,9.50,9.21,9.31,3216113,112618400.00
2010-08-19,9.34,9.41,9.07,9.21,4898515,169535360.00
2010-08-20,9.18,9.21,8.83,8.85,3971881,134183024.00
2010-08-23,8.85,9.01,8.81,8.85,2273665,76025240.00
2010-08-24,8.86,8.96,8.73,8.95,2590034,86383640.00
2010-08-25,8.90,8.90,8.57,8.57,2877803,94186448.00
2010-08-26,8.57,8.65,8.44,8.50,1939223,62416500.00
2010-08-27,8.50,8.62,8.45,8.62,2076732,67048880.00
2010-08-30,8.67,8.88,8.67,8.83,2393837,79641440.00
2010-08-31,8.82,8.82,8.58,8.65,2388865,78017288.00
2010-09-01,8.65,8.71,8.29,8.36,2974086,95120296.00
2010-09-02,8.54,8.60,8.43,8.57,2510301,80834456.00
2010-09-03,8.58,9.21,8.48,8.95,6495470,219105776.00
2010-09-06,8.96,8.99,8.71,8.72,3344017,110559864.00
2010-09-07,8.73,8.86,8.71,8.81,1821155,60339340.00
2010-09-08,8.79,8.89,8.73,8.81,2245778,74385728.00
2010-09-09,8.82,8.88,8.64,8.66,2532136,83426264.00
2010-09-10,8.66,8.79,8.54,8.62,2727070,88798616.00
2010-09-13,8.59,8.76,8.54,8.73,1939854,63384844.00
2010-09-14,8.73,8.73,8.52,8.58,2157005,69931080.00
2010-09-15,8.56,8.56,8.04,8.17,3702046,116054240.00
2010-09-16,8.16,8.16,7.73,7.81,3081431,91845848.00
2010-09-17,7.81,7.97,7.70,7.82,2012388,59370032.00
2010-09-20,7.81,7.82,7.47,7.63,1935759,56278136.00
2010-09-21,7.72,7.72,7.39,7.43,1644820,46937708.00
2010-09-27,7.43,7.65,7.37,7.62,1543733,43987312.00
2010-09-28,7.62,7.82,7.51,7.76,1955144,57169288.00
2010-09-29,7.79,7.98,7.65,7.84,1858704,55438492.00
2010-09-30,7.80,7.89,7.79,7.85,1140957,33858652.00
2010-10-08,7.85,8.12,7.84,8.01,1880979,56724380.00
2010-10-11,7.93,8.01,7.73,7.85,2731626,81001976.00
2010-10-12,7.76,8.06,7.76,7.89,1979383,59392340.00
2010-10-13,7.91,8.13,7.86,8.08,2701582,81750632.00
2010-10-14,8.13,8.32,7.96,8.05,3084961,94877024.00
2010-10-15,8.06,8.07,7.65,7.73,3102375,92184192.00
2010-10-18,7.87,8.01,7.73,7.85,2684061,79974744.00
2010-10-19,7.89,8.64,7.77,8.45,5979844,188750528.00
2010-10-20,8.34,8.75,8.21,8.48,5873512,188509168.00
2010-10-21,8.44,8.45,8.21,8.29,2889396,90035304.00
2010-10-22,8.29,8.61,8.26,8.43,3728449,119280264.00
2010-10-25,8.37,8.58,8.29,8.45,4347874,137898784.00
2010-10-26,8.48,8.58,8.29,8.39,2976399,94383856.00
2010-10-27,8.40,8.54,8.18,8.18,3716358,117216832.00
2010-10-28,8.12,8.15,7.93,7.98,2657125,80541536.00
2010-10-29,7.98,8.34,7.98,8.14,3601099,111353992.00
2010-11-01,7.93,8.55,7.93,8.46,8369410,265035808.00
2010-11-02,8.40,8.40,7.88,8.02,11159049,338559264.00
2010-11-03,7.93,7.93,7.65,7.76,5089485,150211472.00
2010-11-04,7.73,7.87,7.71,7.82,3501479,103356080.00
2010-11-05,7.92,7.98,7.84,7.90,3869738,115981472.00
2010-11-08,7.97,8.07,7.89,8.03,4590487,138897280.00
2010-11-09,8.04,8.07,7.92,7.98,3897278,117390704.00
2010-11-10,7.98,8.29,7.92,8.20,6706477,206832208.00
2010-11-11,8.20,8.39,8.12,8.21,6945294,217007008.00
2010-11-12,8.18,8.20,7.71,7.74,6405438,192498368.00
2010-11-15,7.68,8.13,7.68,8.03,5231305,157827808.00
2010-11-16,8.05,8.31,7.86,7.88,9245906,283827392.00
2010-11-17,7.79,8.07,7.72,7.83,3362184,100416736.00
2010-11-18,7.68,7.89,7.68,7.75,3013534,88647632.00
2010-11-19,7.76,8.04,7.73,8.01,4133773,124074976.00
2010-11-22,8.00,8.54,7.96,8.27,10543323,330148160.00
2010-11-23,8.21,8.26,7.90,8.02,5308810,161125120.00
2010-11-24,7.96,8.26,7.96,8.26,5058739,156111760.00
2010-11-25,8.27,8.46,8.13,8.29,6817999,214077776.00
2010-11-26,8.26,8.48,8.23,8.38,7038299,222142336.00
2010-11-29,8.38,8.38,8.04,8.09,7526152,231018656.00
2010-11-30,8.11,8.11,7.54,7.68,9350846,274367040.00
2010-12-01,7.64,7.93,7.59,7.86,4191764,123739608.00
2010-12-02,7.96,8.01,7.81,7.90,3311438,99003816.00
2010-12-03,7.96,8.08,7.90,7.92,2850063,85875576.00
2010-12-06,7.91,8.01,7.64,7.70,3087688,90824040.00
2010-12-07,7.71,7.81,7.68,7.77,1663304,48827964.00
2010-12-08,7.96,8.18,7.96,8.10,5721306,174922528.00
2010-12-09,8.10,8.14,7.93,8.03,3214583,97880472.00
2010-12-10,7.93,8.21,7.91,8.11,4992802,153034752.00
2010-12-13,8.12,8.30,8.09,8.24,7092760,220476240.00
2010-12-14,8.21,8.39,8.11,8.33,7334438,229263360.00
2010-12-15,8.34,9.20,8.33,9.05,20858423,698836992.00
2010-12-16,8.87,9.04,8.76,8.81,9224515,309215040.00
2010-12-17,8.82,8.84,8.52,8.73,9520969,310906688.00
2010-12-20,8.76,9.09,8.40,8.93,10358934,344965312.00
2010-12-21,9.01,9.11,8.79,8.95,5637743,189422144.00
2010-12-22,9.04,9.04,8.61,8.66,5855717,192758624.00
2010-12-23,8.53,8.63,8.26,8.27,4828982,153328096.00
2010-12-24,8.22,8.43,7.98,8.23,2997509,92835160.00
2010-12-27,8.25,8.34,7.76,7.76,6283050,189156528.00
2010-12-28,7.74,7.74,7.50,7.57,3167638,91200920.00
2010-12-29,7.58,7.76,7.57,7.66,2925669,85071384.00
2010-12-30,7.68,7.68,7.48,7.61,2964177,84983840.00
2010-12-31,7.61,7.75,7.61,7.74,2537822,73938912.00
2011-01-04,7.76,7.90,7.66,7.87,4064105,119626456.00
2011-01-05,7.87,7.88,7.61,7.67,5144006,150511584.00
2011-01-06,7.64,7.73,7.40,7.44,6274367,178897488.00
2011-01-07,7.46,7.57,7.45,7.55,3343565,95325256.00
2011-01-10,7.56,7.56,7.26,7.34,3404846,95886408.00
2011-01-11,7.34,7.37,7.21,7.36,2470385,68335688.00
2011-01-12,7.39,7.48,7.19,7.36,3103637,86285240.00
2011-01-13,7.36,7.62,7.29,7.53,4399069,124920272.00
2011-01-14,7.52,7.52,7.19,7.27,3341288,92532256.00
2011-01-17,7.18,7.18,6.81,6.82,3590656,94867112.00
2011-01-18,6.79,6.87,6.71,6.77,1308052,33872340.00
2011-01-19,6.78,6.95,6.78,6.91,1436575,37632500.00
2011-01-20,6.91,6.91,6.68,6.69,1970411,50837276.00
2011-01-21,6.68,6.78,6.56,6.72,2238548,57149896.00
2011-01-24,6.72,6.76,6.58,6.59,1824338,46521480.00
2011-01-25,6.64,6.64,6.54,6.59,1297013,32697560.00
2011-01-26,6.60,6.74,6.60,6.70,1135377,29001082.00
2011-01-27,6.66,6.84,6.64,6.82,1618181,41771172.00
2011-01-28,6.82,6.89,6.78,6.87,1434671,37583588.00
2011-01-31,6.87,6.89,6.76,6.88,1527737,39897224.00
2011-02-01,6.88,7.10,6.84,6.98,1849986,49395076.00
2011-02-09,6.90,6.98,6.82,6.83,1177055,30843020.00
2011-02-10,6.83,7.04,6.82,7.02,1651820,43799448.00
2011-02-11,7.06,7.14,7.00,7.03,1879589,50580132.00
2011-02-14,7.04,7.16,7.03,7.14,2396726,64774028.00
2011-02-15,7.18,7.20,7.11,7.11,2770701,75280288.00
2011-02-16,7.09,7.17,7.01,7.15,2496193,67302184.00
2011-02-17,7.17,7.26,7.07,7.19,2935147,80069576.00
2011-02-18,7.23,7.23,7.08,7.11,1678902,45440268.00
2011-02-21,7.08,7.14,7.03,7.13,2038276,55018048.00
2011-02-22,7.13,7.39,7.12,7.14,4627432,127315744.00
2011-02-23,7.12,7.29,7.11,7.18,2785218,76230064.00
2011-02-24,7.15,7.47,7.12,7.44,5513265,153318400.00
2011-02-25,7.46,7.51,7.33,7.39,3971426,111950168.00
2011-02-28,7.51,7.51,7.34,7.41,2861726,80287048.00
2011-03-01,7.41,7.46,7.15,7.21,4301013,119398648.00
2011-03-02,7.21,7.28,7.17,7.24,2176550,59797552.00
2011-03-03,7.26,7.26,7.08,7.12,2339945,63881296.00
2011-03-04,7.13,7.21,7.09,7.21,1511070,41086732.00
2011-03-07,7.22,7.24,7.15,7.20,2425453,66310152.00
2011-03-08,7.20,7.29,7.20,7.24,2174705,59928768.00
2011-03-09,7.26,7.31,7.23,7.23,2258607,62259560.00
2011-03-10,7.23,7.50,7.23,7.47,5728777,161417872.00
2011-03-11,7.71,7.87,7.62,7.68,11765524,344832160.00
2011-03-14,7.69,7.71,7.48,7.51,5258650,150943888.00
2011-03-15,7.54,7.62,7.24,7.29,4618787,129280728.00
2011-03-16,7.29,7.41,7.29,7.35,2571771,71819928.00
2011-03-17,7.29,7.33,7.18,7.21,2150310,59264484.00
2011-03-18,7.29,7.34,7.17,7.19,1911838,52566960.00
2011-03-21,7.17,7.20,6.98,7.01,3299233,88749048.00
2011-03-22,7.03,7.09,6.94,7.07,1587702,42488568.00
2011-03-23,7.08,7.24,7.01,7.20,1995028,54365420.00
2011-03-24,7.23,7.25,7.14,7.14,1179708,32191414.00
2011-03-25,7.14,7.18,7.06,7.09,2647328,71560936.00
2011-03-28,7.12,7.15,6.95,6.99,2873951,76537896.00
2011-03-29,6.96,7.01,6.78,6.90,3268126,85182496.00
2011-03-30,6.87,6.93,6.82,6.86,1285196,33615868.00
2011-04-01,6.82,6.92,6.80,6.90,1140093,29832812.00
2011-04-06,6.90,6.90,6.73,6.73,2624318,67848688.00
2011-04-07,6.73,6.81,6.73,6.81,1861035,48191372.00
2011-04-08,6.86,7.12,6.84,7.10,3913357,104814632.00
2011-04-11,7.09,7.09,6.95,7.00,2264727,60485404.00
2011-04-12,7.01,7.06,6.97,7.01,1440756,38409256.00
2011-04-13,7.01,7.17,7.01,7.11,2566262,69308520.00
2011-04-14,7.12,7.18,7.03,7.07,2640629,71263504.00
2011-04-15,7.05,7.07,6.91,6.95,3289663,48017348.00
2011-04-18,6.95,7.13,6.93,7.01,3906747,57437340.00
2011-04-19,7.00,7.00,6.85,6.86,3618350,52326972.00
2011-04-20,6.91,6.96,6.85,6.93,3270374,47460708.00
2011-04-21,7.00,7.43,7.00,7.15,11915649,180264624.00
2011-04-22,7.14,7.19,7.00,7.10,4426711,65853572.00
2011-04-25,7.11,7.35,7.11,7.16,9085984,138164048.00
2011-04-26,7.16,7.20,6.82,6.95,5055117,74289648.00
2011-04-27,6.96,7.14,6.87,6.90,3291971,48297988.00
2011-04-28,6.88,6.99,6.55,6.58,5387492,76224848.00
2011-04-29,6.58,6.70,6.46,6.61,3447118,47675024.00
2011-05-03,6.62,6.68,6.51,6.64,1786223,24836000.00
2011-05-04,6.65,6.78,6.56,6.58,2477029,34755032.00
2011-05-05,6.55,7.12,6.55,7.05,9603604,140876240.00
2011-05-06,6.95,7.04,6.85,6.93,4965444,72096384.00
2011-05-09,7.20,7.64,7.20,7.55,21840117,339410912.00
2011-05-10,7.60,7.60,7.40,7.48,12257193,192155280.00
2011-05-11,7.44,7.57,7.37,7.43,8581256,134384000.00
2011-05-12,7.40,7.48,7.18,7.38,6698095,102794328.00
2011-05-13,7.36,7.57,7.19,7.41,8955557,138838592.00
2011-05-16,7.50,7.59,7.36,7.41,7545434,118253320.00
2011-05-17,7.40,7.59,7.24,7.28,7613026,118471800.00
2011-05-18,7.24,7.30,7.14,7.19,4761057,71927832.00
2011-05-19,7.26,7.40,7.20,7.22,3299494,50264544.00
2011-05-20,7.25,7.28,7.03,7.04,4580012,68575064.00
2011-05-23,7.00,7.06,6.68,6.71,5876146,83814592.00
2011-05-24,6.69,7.05,6.65,6.95,6454943,93093440.00
2011-05-25,6.94,6.96,6.76,6.78,3236827,46625928.00
2011-05-26,6.84,7.04,6.78,6.89,4617599,67253792.00
2011-05-27,6.89,7.09,6.86,6.95,4849308,71061176.00
2011-05-30,6.95,7.49,6.91,7.25,10201764,155256672.00
2011-05-31,7.26,7.43,7.16,7.35,7535132,115224184.00
2011-06-01,7.39,7.39,7.25,7.27,4870214,74637464.00
2011-06-03,7.18,7.44,7.18,7.38,8098694,124879072.00
2011-06-07,7.37,7.40,7.20,7.33,4691624,71693832.00
2011-06-08,7.36,7.36,7.08,7.17,5469373,82257728.00
2011-06-09,7.17,7.18,6.82,6.85,6245193,91212368.00
2011-06-10,6.85,6.99,6.84,6.94,3017715,43801296.00
2011-06-13,6.93,7.07,6.81,6.96,2665183,38973084.00
2011-06-14,6.98,7.11,6.98,7.04,2639691,39042568.00
2011-06-15,6.99,7.02,6.84,6.84,3015194,43885824.00
2011-06-16,6.80,6.80,6.70,6.73,2576826,36550076.00
2011-06-17,6.73,6.80,6.70,6.78,2447227,34731312.00
2011-06-20,6.74,6.87,6.71,6.87,3172300,45404792.00
2011-06-21,6.89,6.99,6.84,6.92,2029180,29474196.00
2011-06-22,6.93,6.94,6.73,6.78,1998622,28594326.00
2011-06-23,6.80,6.95,6.70,6.88,3500260,50541556.00
2011-06-24,6.90,7.07,6.83,6.99,5850203,85381344.00
2011-06-27,6.99,7.05,6.92,6.98,4647188,68146648.00
2011-06-28,7.00,7.00,6.88,6.94,3036754,44166944.00
2011-06-29,6.94,6.94,6.81,6.81,4074360,58809040.00
2011-06-30,6.81,6.91,6.80,6.85,2681502,38722904.00
2011-07-01,6.85,7.09,6.85,6.98,5696090,83983608.00
2011-07-04,6.98,7.15,6.98,7.14,5454009,81136192.00
2011-07-05,7.19,7.19,7.07,7.11,3953702,58995716.00
2011-07-06,7.08,7.32,7.07,7.27,7195313,109089696.00
2011-07-07,7.26,7.38,7.20,7.32,9348269,143031536.00
2011-07-08,7.30,7.42,7.20,7.23,5641852,86456432.00
2011-07-11,7.18,7.25,7.08,7.23,3714355,55835828.00
2011-07-12,7.15,7.34,7.09,7.33,5331395,80907168.00
2011-07-13,7.28,7.40,7.25,7.39,5772794,88927936.00
2011-07-14,7.41,7.47,7.31,7.43,5975961,92547816.00
2011-07-15,7.55,7.83,7.54,7.66,17954233,288689920.00
2011-07-18,7.63,7.71,7.49,7.53,8553465,135812880.00
2011-07-19,7.51,7.51,7.34,7.36,5197373,80626448.00
2011-07-20,7.38,7.55,7.34,7.52,5232856,81802808.00
2011-07-21,7.50,7.57,7.40,7.40,3851993,60266064.00
2011-07-22,7.40,7.46,7.31,7.33,3063829,47234192.00
2011-07-25,7.34,7.48,7.11,7.14,4328442,65916996.00
2011-07-26,7.16,7.23,7.06,7.16,2474957,37058764.00
2011-07-27,7.13,7.38,7.10,7.29,4509018,68801096.00
2011-07-28,7.27,7.34,7.14,7.25,3324470,50392916.00
2011-07-29,7.21,7.45,7.19,7.37,4755121,72928064.00
2011-08-01,7.36,7.52,7.34,7.41,4107854,63989032.00
2011-08-02,7.39,7.48,7.17,7.45,4799895,73553232.00
2011-08-03,7.36,7.62,7.36,7.54,6768449,106703768.00
2011-08-04,7.58,7.60,7.45,7.48,5815866,91340984.00
2011-08-05,7.22,7.51,7.15,7.48,6902050,106583960.00
2011-08-08,7.35,7.44,7.06,7.22,7381182,111863904.00
2011-08-09,6.91,7.35,6.91,7.20,5944014,89126728.00
2011-08-10,7.30,7.39,7.23,7.23,4428731,67778280.00
2011-08-11,7.15,7.61,7.13,7.57,14240283,223703312.00
2011-08-12,7.58,8.14,7.57,7.91,20150951,331983296.00
2011-08-15,7.92,8.05,7.83,7.94,9273957,153966976.00
2011-08-16,7.94,7.99,7.78,7.89,5757502,94609128.00
2011-08-17,7.86,8.19,7.84,7.97,10047223,168132256.00
2011-08-18,8.00,8.03,7.70,7.75,6443194,105692888.00
2011-08-19,7.65,8.08,7.60,7.90,7331845,120013960.00
2011-08-22,7.95,8.02,7.75,7.83,5312091,87348360.00
2011-08-23,7.86,8.20,7.86,8.19,13496677,227892560.00
2011-08-24,8.15,8.24,8.05,8.19,8692702,147795520.00
2011-08-25,8.30,8.30,8.02,8.18,7664329,130069520.00
2011-08-29,8.24,8.89,8.20,8.52,12731721,226206800.00
2011-08-30,8.50,8.62,8.34,8.34,6745104,118974648.00
2011-08-31,8.34,8.43,8.15,8.33,6864643,118228176.00
2011-09-01,8.34,8.39,8.10,8.12,5028043,86049168.00
2011-09-02,8.09,8.33,7.96,8.25,5393137,91679872.00
2011-09-05,8.13,8.22,8.03,8.05,3934534,66607336.00
2011-09-06,7.95,8.18,7.92,8.08,4448535,75092256.00
2011-09-07,8.14,8.28,8.06,8.26,4547641,77547336.00
2011-09-08,8.28,8.43,8.11,8.15,4456294,76803192.00
2011-09-09,8.10,8.35,8.04,8.18,3867259,65939708.00
2011-09-13,8.08,8.08,7.76,7.80,6761014,111478024.00
2011-09-14,7.79,7.94,7.64,7.91,4919461,79654344.00
2011-09-15,7.91,8.00,7.80,7.89,2976784,49031032.00
2011-09-16,7.93,7.98,7.81,7.89,1758887,28992906.00
2011-09-19,7.85,7.88,7.69,7.75,1994312,32398100.00
2011-09-20,7.69,7.84,7.69,7.76,1921034,31212984.00
2011-09-21,7.75,7.98,7.75,7.95,2976660,49113196.00
2011-09-22,7.88,8.00,7.77,7.78,2165915,35662264.00
2011-09-23,7.68,7.80,7.63,7.74,2629488,42357556.00
2011-09-26,7.72,7.82,7.55,7.59,2620515,42204892.00
2011-09-27,7.63,7.72,7.58,7.71,2162046,34665504.00
2011-09-28,7.73,7.79,7.43,7.48,2780312,44051092.00
2011-09-29,7.42,7.45,7.19,7.20,2956416,45438060.00
2011-09-30,7.23,7.34,7.16,7.27,2140426,32460928.00
2011-10-10,7.27,7.43,7.25,7.40,1710555,26364694.00
2011-10-11,7.64,7.70,7.15,7.43,3317227,51631072.00
2011-10-12,7.33,7.77,7.24,7.75,7958913,126285608.00
2011-10-13,7.73,8.09,7.69,8.01,7268013,120681248.00
2011-10-14,7.91,8.03,7.78,7.98,3918661,64452548.00
2011-10-17,7.98,8.20,7.75,7.85,7356501,121715464.00
2011-10-18,7.70,7.83,7.66,7.82,4191323,67781536.00
2011-10-19,7.83,8.09,7.78,7.89,8514624,141134192.00
2011-10-20,7.80,7.84,7.50,7.57,4601783,73450736.00
2011-10-21,7.44,7.58,7.20,7.24,6539423,100165704.00
2011-10-24,7.24,7.60,6.88,7.55,7072274,107299736.00
2011-10-25,7.53,8.08,7.41,7.96,10560585,172772592.00
2011-10-26,7.90,8.40,7.84,8.20,19387703,332062624.00
2011-10-27,8.15,8.15,7.93,8.01,10379425,173800176.00
2011-10-28,8.12,8.52,8.02,8.25,14779915,254734272.00
2011-10-31,8.24,8.50,8.11,8.39,15074537,262442704.00
2011-11-01,8.27,8.45,8.13,8.16,10759855,185289424.00
2011-11-02,7.98,8.77,7.98,8.67,25162464,444940544.00
2011-11-03,8.72,9.12,8.59,8.79,38491684,706068608.00
2011-11-04,8.79,8.93,8.46,8.56,15353134,277038720.00
2011-11-08,8.62,8.66,8.37,8.39,9665090,170953136.00
2011-11-09,8.47,9.15,8.45,9.07,28217525,516672416.00
2011-11-10,8.91,8.96,8.65,8.66,26016971,477844960.00
2011-11-11,8.65,8.98,8.55,8.72,15807659,287528928.00
2011-11-14,8.79,9.16,8.73,8.88,12876514,239947696.00
2011-11-15,8.88,9.01,8.76,8.95,7351553,135795040.00
2011-11-16,8.95,8.99,8.50,8.60,10807616,195773984.00
2011-11-17,8.57,8.76,8.42,8.54,7750106,138447472.00
2011-11-18,8.46,8.57,8.23,8.26,10244343,177754656.00
2011-11-21,8.26,8.45,8.21,8.36,9188456,160153792.00
2011-11-22,8.30,8.58,8.25,8.49,9589401,168329648.00
2011-11-23,8.51,8.80,8.45,8.65,11114331,200064512.00
2011-11-24,8.51,8.78,8.46,8.66,5153630,92931720.00
2011-11-25,8.64,8.95,8.55,8.79,9700267,177690208.00
2011-11-28,8.70,9.07,8.70,8.89,9321715,173037520.00
2011-11-29,8.86,8.90,8.50,8.70,11394398,204961312.00
2011-11-30,8.63,8.70,8.10,8.30,11271821,197310832.00
2011-12-01,8.56,8.80,8.30,8.30,8132413,145244336.00
2011-12-02,8.30,8.38,8.11,8.21,5886926,100926960.00
2011-12-05,8.21,8.21,7.83,7.84,6896084,114702440.00
2011-12-06,7.76,8.10,7.76,8.03,4498872,74632088.00
2011-12-07,8.03,8.27,7.96,8.16,5156524,87637952.00
2011-12-08,8.15,8.56,7.91,8.30,8859905,153581152.00
2011-12-09,8.16,8.40,8.03,8.15,4722015,80864048.00
2011-12-12,8.19,8.35,8.07,8.08,3045406,52113680.00
2011-12-13,8.03,8.15,7.65,7.90,6486176,106392640.00
2011-12-14,7.84,7.90,7.60,7.62,5427896,88084120.00
2011-12-15,7.51,7.75,7.45,7.58,4815616,76599632.00
2011-12-16,7.61,7.99,7.59,7.97,7187042,116417272.00
2011-12-19,7.85,8.23,7.78,8.16,6986976,117250104.00
2011-12-20,8.15,8.33,7.84,7.95,5867743,98767768.00
2011-12-21,8.06,8.18,7.76,7.76,4945846,82667264.00
2011-12-22,7.66,7.91,7.36,7.77,6275420,100297728.00
2011-12-23,7.75,8.03,7.65,7.82,6059088,99250040.00
2011-12-26,7.74,7.95,7.67,7.83,4187987,68745240.00
2011-12-27,7.83,7.93,7.53,7.55,4345635,70637304.00
2011-12-28,7.45,7.65,7.24,7.58,5615361,87467960.00
2011-12-29,7.55,7.72,7.48,7.56,3402374,54253716.00
2012-01-04,7.77,7.83,7.49,7.52,5534952,88453664.00
2012-01-05,7.40,7.48,7.07,7.14,5460372,83174928.00
2012-01-06,7.15,7.25,6.66,7.14,6974339,101326096.00
2012-01-09,7.12,7.32,6.96,7.32,6551405,98833912.00
2012-01-10,7.33,7.55,7.25,7.51,7203149,111840632.00
2012-01-11,7.50,7.68,7.39,7.49,5981936,94543856.00
2012-01-12,7.50,7.60,7.38,7.48,5212376,81621944.00
2012-01-13,7.48,7.48,7.01,7.08,3419535,51575900.00
2012-01-16,6.98,7.08,6.39,6.60,8770982,123885104.00
2012-01-17,6.63,6.92,6.16,6.77,7399265,102708608.00
2012-01-18,6.74,6.74,6.15,6.30,8776601,118054240.00
2012-01-19,6.20,6.45,6.12,6.31,6650471,88029288.00
2012-01-20,6.34,6.47,6.34,6.44,4156033,56339980.00
2012-01-30,6.64,6.72,6.48,6.53,4207991,58515416.00
2012-01-31,6.55,6.60,6.39,6.53,4130184,56061312.00
2012-02-01,6.46,6.64,6.43,6.46,3047476,41838884.00
2012-02-02,6.46,6.59,6.39,6.58,3030974,41638872.00
2012-02-03,6.58,6.77,6.55,6.75,6222783,87383656.00
2012-02-06,6.75,6.99,6.70,6.87,6738070,97485680.00
2012-02-07,6.83,6.90,6.67,6.72,4010033,57138124.00
2012-02-08,6.70,6.82,6.63,6.82,6488939,91890184.00
2012-02-09,6.82,6.92,6.65,6.74,14085431,200067920.00
2012-02-10,6.69,6.79,6.64,6.70,8928780,126201432.00
2012-02-13,6.70,6.83,6.66,6.79,6726274,95880472.00
2012-02-14,6.81,6.98,6.81,6.91,7753129,112435640.00
2012-02-15,6.91,7.17,6.91,7.16,9079135,134711728.00
2012-02-16,7.17,7.49,7.09,7.24,11996866,183534352.00
2012-02-17,7.32,7.32,7.08,7.19,4484583,67608232.00
2012-02-20,7.30,7.30,7.13,7.14,6465963,97646072.00
2012-02-21,7.13,7.45,7.07,7.43,8019078,122509544.00
2012-02-22,7.40,7.74,7.35,7.69,11044639,176130528.00
2012-02-23,7.69,7.70,7.47,7.55,5763590,91324600.00
2012-02-24,7.60,7.73,7.50,7.52,6413573,101975016.00
2012-02-27,7.56,7.72,7.50,7.50,8107729,128967800.00
2012-02-28,7.50,7.51,7.20,7.27,9466299,145210608.00
2012-02-29,7.35,7.51,7.12,7.16,7759012,118824440.00
2012-03-01,7.18,7.32,7.12,7.25,3983937,60454456.00
2012-03-02,7.29,7.34,7.23,7.32,7226852,110290144.00
2012-03-05,7.35,7.42,7.23,7.24,6524446,100097200.00
2012-03-06,7.25,7.35,7.16,7.23,4426008,67129312.00
2012-03-07,7.20,7.30,7.08,7.22,4569102,68958640.00
2012-03-08,7.22,7.40,7.22,7.33,4707081,72120136.00
2012-03-09,7.35,7.45,7.31,7.43,6126048,94818224.00
2012-03-12,7.43,7.53,7.30,7.49,7068237,110267816.00
2012-03-13,7.52,7.60,7.48,7.53,5751915,90766264.00
2012-03-14,7.59,7.60,7.15,7.20,8377554,129050008.00
2012-03-15,7.16,7.25,7.03,7.07,5476773,81863152.00
2012-03-16,7.09,7.16,7.03,7.14,4434902,65980308.00
2012-03-19,7.10,7.22,7.07,7.20,4436030,66426064.00
2012-03-20,7.20,7.20,6.95,6.95,3749297,55747120.00
2012-03-21,6.98,7.01,6.64,6.76,9857225,139520032.00
2012-03-22,6.74,6.80,6.68,6.73,3622445,51349796.00
2012-03-23,6.73,6.90,6.65,6.70,6458899,91491784.00
2012-03-26,6.67,6.77,6.66,6.75,3109842,44030820.00
2012-03-27,6.80,6.90,6.73,6.75,3605589,51517500.00
2012-03-28,6.75,6.75,6.44,6.44,5207813,72453968.00
2012-03-29,6.39,6.74,6.37,6.48,5007388,68917648.00
2012-03-30,6.50,6.64,6.45,6.55,1912925,26285468.00
2012-04-05,6.55,6.78,6.53,6.75,2978528,41916548.00
2012-04-06,6.74,6.93,6.71,6.81,3734184,53600956.00
2012-04-09,6.82,6.84,6.60,6.60,2979480,41989168.00
2012-04-10,6.60,6.68,6.44,6.68,2519238,34746076.00
2012-04-11,6.60,6.76,6.56,6.75,2297707,32312656.00
2012-04-12,6.75,6.88,6.71,6.85,3576495,51208876.00
2012-04-13,6.84,7.06,6.82,6.95,3614890,52617372.00
2012-04-16,6.95,7.00,6.85,6.96,1703486,24866922.00
2012-04-18,6.84,7.13,6.82,7.06,4044453,59443404.00
2012-04-19,7.01,7.06,6.97,6.97,1427853,20997498.00
2012-04-20,6.94,7.03,6.90,7.01,2443810,35770748.00
2012-04-23,7.09,7.13,6.82,6.82,3401920,49513420.00
2012-04-24,6.83,6.91,6.56,6.80,4606772,64956216.00
2012-04-25,6.80,6.80,6.64,6.72,2899993,40835016.00
2012-04-26,6.78,6.80,6.60,6.76,2833719,40032060.00
2012-04-27,6.77,6.78,6.60,6.65,2856495,40038276.00
2012-05-02,6.74,6.78,6.60,6.69,5798526,81552856.00
2012-05-03,6.68,6.73,6.62,6.72,2977055,41813408.00
2012-05-04,6.71,6.77,6.66,6.72,5612647,79216360.00
2012-05-07,6.70,7.04,6.69,7.02,7966723,115751112.00
2012-05-08,7.03,7.15,6.96,6.99,4467970,66137560.00
2012-05-09,7.00,7.00,6.82,6.84,3287233,47624548.00
2012-05-10,6.84,6.96,6.84,6.87,2082738,30141038.00
2012-05-11,7.00,7.08,6.83,6.83,2695542,39187596.00
2012-05-14,6.86,6.94,6.70,6.78,4500457,64357704.00
2012-05-15,6.74,6.92,6.70,6.85,3409266,49041580.00
2012-05-16,6.84,6.84,6.68,6.68,1732683,24572958.00
2012-05-17,6.64,6.81,6.62,6.74,2608799,36771796.00
2012-05-18,6.68,6.77,6.66,6.67,2082357,29413798.00
2012-05-21,6.72,6.82,6.66,6.78,1643472,23295908.00
2012-05-22,6.79,6.82,6.72,6.79,2070513,29484374.00
2012-05-23,6.82,6.82,6.65,6.72,2109685,29802094.00
2012-05-24,6.70,6.75,6.61,6.62,3320015,46480364.00
2012-05-25,6.62,6.64,6.41,6.61,4596776,63072920.00
2012-05-28,6.59,6.63,6.45,6.61,3342612,45928556.00
2012-05-29,6.62,6.75,6.59,6.67,4043912,56806436.00
2012-05-30,6.73,6.73,6.62,6.63,2295648,31891856.00
2012-05-31,6.62,6.81,6.57,6.72,3144813,43972692.00
2012-06-01,6.72,6.86,6.70,6.80,2547822,36084676.00
2012-06-04,6.72,6.95,6.68,6.83,4426482,63073596.00
2012-06-05,6.82,6.91,6.79,6.87,2652603,37779908.00
2012-06-06,6.89,6.92,6.81,6.89,2380653,33927400.00
2012-06-07,6.91,6.92,6.69,6.75,2612603,36896928.00
2012-06-08,6.78,6.82,6.67,6.71,1929974,27075532.00
2012-06-11,6.77,6.85,6.66,6.78,2990129,42136152.00
2012-06-12,6.83,7.22,6.81,7.15,11928547,174714640.00
2012-06-13,7.08,7.35,7.04,7.29,8193992,123018840.00
2012-06-14,7.28,7.28,7.13,7.18,4462428,66604500.00
2012-06-15,7.18,7.25,7.12,7.14,3010644,44760820.00
2012-06-18,7.20,7.41,7.14,7.33,5550761,84491192.00
2012-06-19,7.33,7.51,7.25,7.33,6079512,93044592.00
2012-06-20,7.29,7.36,7.23,7.26,3420985,51718348.00
2012-06-21,7.27,7.39,7.18,7.26,5238781,79130400.00
2012-06-25,7.22,7.26,7.03,7.15,4237727,62703680.00
2012-06-26,7.16,7.38,7.15,7.18,4945731,74319760.00
2012-06-27,7.22,7.40,7.19,7.32,5918142,90002336.00
2012-06-28,7.31,7.57,7.28,7.40,8516964,131617600.00
2012-06-29,7.40,7.69,7.40,7.64,11482633,180378432.00
2012-07-02,7.72,7.91,7.64,7.71,8180142,131476792.00
2012-07-03,7.83,7.86,7.63,7.65,7553114,120473888.00
2012-07-04,7.73,7.80,7.48,7.58,4314182,68097312.00
2012-07-05,7.49,7.53,7.18,7.32,7588450,115088552.00
2012-07-06,7.32,7.47,7.15,7.44,5532699,83836208.00
2012-07-09,7.38,7.50,7.28,7.40,3854549,59161144.00
2012-07-10,7.37,7.57,7.28,7.54,9097626,139743360.00
2012-07-11,7.53,7.57,7.36,7.46,4339885,67085516.00
2012-07-12,7.42,7.62,7.28,7.54,5651904,87378944.00
2012-07-13,7.65,7.71,7.31,7.39,6535719,101226080.00
2012-07-16,7.42,7.57,7.30,7.43,5366185,82729640.00
2012-07-17,7.32,7.43,7.28,7.39,2202910,33632136.00
2012-07-18,7.36,7.61,7.36,7.55,4033418,62847420.00
2012-07-19,7.61,7.76,7.49,7.68,6748923,107110568.00
2012-07-20,7.65,7.74,7.60,7.65,3339792,52953324.00
2012-07-23,7.65,7.87,7.58,7.82,6122347,98405064.00
2012-07-24,7.76,7.86,7.71,7.78,3807529,61310872.00
2012-07-25,7.78,7.91,7.73,7.73,3401656,55044756.00
2012-07-26,7.66,7.70,7.51,7.62,4173027,65894912.00
2012-07-27,7.68,7.83,7.57,7.64,2532518,40322780.00
2012-07-30,7.60,7.74,7.41,7.54,2580148,40516640.00
2012-07-31,7.53,7.62,7.42,7.55,2787367,43576188.00
2012-08-01,7.47,7.80,7.46,7.77,4221496,67400720.00
2012-08-02,7.74,7.78,7.63,7.70,1705190,27202398.00
2012-08-03,7.70,7.94,7.68,7.94,4702200,76085824.00
2012-08-06,7.93,8.20,7.85,8.10,7187791,119663072.00
2012-08-07,8.11,8.27,7.99,8.09,6152398,103763608.00
2012-08-08,8.08,8.17,7.98,8.12,2453187,40906732.00
2012-08-09,8.10,8.26,7.97,8.23,4135074,69434088.00
2012-08-10,8.21,8.31,8.03,8.18,3325421,56067740.00
2012-08-13,8.17,8.17,7.97,8.03,2879891,47818200.00
2012-08-14,8.03,8.12,7.75,8.07,4770796,78095192.00
2012-08-15,8.02,8.06,7.93,7.97,1354122,22365092.00
2012-08-16,8.03,8.06,7.88,7.89,1511477,24831828.00
2012-08-17,7.97,8.05,7.78,7.87,2142124,35052216.00
2012-08-20,7.85,8.16,7.83,8.13,6133700,102012264.00
2012-08-21,8.13,8.41,8.09,8.35,8298541,142666944.00
2012-08-22,8.35,8.53,8.22,8.27,5469984,94778016.00
2012-08-23,8.27,8.39,8.24,8.32,2623379,45123384.00
2012-08-24,8.33,8.37,8.13,8.14,2006595,34045328.00
2012-08-27,8.11,8.11,7.91,8.03,4255440,70292432.00
2012-08-28,7.99,8.28,7.99,8.25,2858274,48185764.00
2012-08-29,8.24,8.37,8.10,8.20,2637906,44724012.00
2012-08-30,8.13,8.20,7.68,7.98,4176974,68540824.00
2012-08-31,7.96,8.00,7.68,7.92,3901194,63271216.00
2012-09-03,7.83,8.24,7.78,8.18,5444652,91224792.00
2012-09-04,8.22,8.22,8.08,8.13,2143048,36110484.00
2012-09-05,8.13,8.19,7.98,8.14,1910067,31980314.00
2012-09-06,8.16,8.25,8.09,8.18,1448981,24428760.00
2012-09-07,8.20,8.39,8.12,8.23,4532338,77605072.00
2012-09-10,8.23,8.30,8.05,8.17,6555602,110328440.00
2012-09-11,8.13,8.28,8.03,8.13,4040997,68287080.00
2012-09-12,8.13,8.41,8.13,8.25,3818841,64994736.00
2012-09-13,8.25,8.34,8.20,8.21,3387255,57759136.00
2012-09-14,8.21,8.22,7.98,8.04,5115453,85552592.00
2012-09-17,8.00,8.12,7.85,7.95,7420879,122253088.00
2012-09-18,7.95,8.19,7.87,8.05,5518474,91824248.00
2012-09-19,8.10,8.20,8.07,8.15,2948787,49646496.00
2012-09-20,8.13,8.19,7.88,7.98,3432266,56555860.00
2012-09-21,7.98,8.07,7.73,7.85,3408128,55884556.00
2012-09-24,7.83,7.95,7.75,7.85,2041412,33180996.00
2012-09-25,7.81,7.85,7.63,7.73,3449673,55231436.00
2012-09-26,7.72,7.74,7.24,7.30,4152524,64773296.00
2012-09-27,7.38,7.61,7.34,7.49,4396892,68099528.00
2012-09-28,7.42,7.63,7.38,7.46,4614946,71789760.00
2012-10-08,7.43,7.43,7.08,7.17,7096174,105828464.00
2012-10-09,7.23,7.40,7.19,7.33,4638773,70401208.00
2012-10-10,7.33,7.54,7.31,7.50,5240002,80776056.00
2012-10-11,7.52,7.67,7.40,7.42,2431698,37841088.00
2012-10-12,7.23,7.70,7.23,7.32,4805666,73842088.00
2012-10-15,7.26,7.36,7.18,7.32,3289205,49633472.00
2012-10-16,7.29,7.49,7.28,7.41,2318865,35752268.00
2012-10-17,7.43,7.48,7.35,7.38,1691007,25942034.00
2012-10-18,7.45,7.47,7.34,7.46,2435934,37444532.00
2012-10-19,7.47,7.58,7.45,7.51,1977865,30780212.00
2012-10-22,7.51,7.55,7.42,7.50,2118604,32783336.00
2012-10-23,7.52,7.73,7.46,7.48,5212927,82198448.00
2012-10-24,7.46,7.48,7.33,7.38,2799442,42886812.00
2012-10-25,7.31,7.42,7.15,7.20,2025604,30578318.00
2012-10-26,7.20,7.27,7.02,7.07,4123978,60820364.00
2012-10-29,7.07,7.24,7.01,7.22,2951571,43642252.00
2012-10-30,7.17,7.38,7.17,7.24,1586338,24016816.00
2012-10-31,7.24,7.30,7.06,7.19,2115004,31380082.00
2012-11-01,7.18,7.33,7.18,7.26,3470826,52192220.00
2012-11-02,7.29,7.52,7.29,7.49,5331367,82448960.00
2012-11-05,7.49,7.56,7.44,7.51,2650067,41169180.00
2012-11-06,7.47,7.63,7.32,7.61,3153448,48986080.00
2012-11-07,7.53,7.69,7.51,7.53,4591973,72456120.00
2012-11-08,7.54,7.54,7.38,7.42,2587942,40050600.00
2012-11-09,7.42,7.43,7.19,7.25,1849462,28092802.00
2012-11-12,7.27,7.38,7.23,7.26,809191,12256364.00
2012-11-13,7.31,7.32,7.14,7.22,1622264,24310608.00
2012-11-14,7.22,7.28,7.12,7.25,1804005,26973008.00
2012-11-15,7.15,7.27,7.05,7.06,2688128,39986992.00
2012-11-16,7.07,7.22,6.93,7.17,2402508,35405996.00
2012-11-19,7.17,7.19,7.00,7.11,1266758,18636318.00
2012-11-20,7.13,7.27,7.03,7.05,1930036,28829838.00
2012-11-21,7.06,7.22,7.04,7.05,2249291,33209014.00
2012-11-22,7.11,7.24,6.97,7.20,3755033,55747884.00
2012-11-23,7.25,7.42,7.22,7.34,4254931,64805356.00
2012-11-26,7.45,7.46,7.12,7.24,3842930,57738748.00
2012-11-27,7.23,7.23,6.84,6.86,5516868,79819592.00
2012-11-28,6.73,6.98,6.64,6.98,2723637,38500640.00
2012-11-29,6.97,7.00,6.70,6.92,2688070,38241924.00
2012-11-30,6.90,6.90,6.20,6.20,17645386,230578720.00
2012-12-03,6.05,6.07,5.80,5.81,10470292,129485112.00
2012-12-04,5.82,5.98,5.82,5.88,6135884,75571392.00
2012-12-05,5.88,6.14,5.80,6.03,4730517,59528720.00
2012-12-06,5.99,6.07,5.87,5.98,3729894,46551992.00
2012-12-11,6.18,6.24,6.07,6.11,7612534,97484680.00
2012-12-12,6.07,6.10,5.84,5.98,9213747,114218096.00
2012-12-13,5.92,5.97,5.88,5.90,3876861,47943896.00
2012-12-14,5.90,6.11,5.88,6.08,8214639,103356520.00
2012-12-17,6.04,6.19,6.01,6.16,8250444,105221664.00
2012-12-18,6.13,6.17,6.08,6.12,4949856,63427800.00
2012-12-19,6.10,6.28,6.10,6.15,6199436,79964512.00
2012-12-20,6.18,6.21,6.13,6.18,3851263,49558668.00
2012-12-21,6.18,6.32,6.18,6.31,8525964,111384640.00
2012-12-24,6.40,6.52,6.37,6.51,9274894,124771200.00
2012-12-25,6.53,6.76,6.53,6.67,7199307,99858688.00
2012-12-26,6.71,6.72,6.58,6.65,5521205,76057744.00
2012-12-27,6.65,6.77,6.43,6.73,9010788,124132264.00
2012-12-28,6.71,6.80,6.67,6.73,4605449,64435992.00
2012-12-31,6.78,6.95,6.67,6.85,7836136,110961288.00
2013-01-04,7.13,7.15,6.89,7.00,9810796,142819936.00
2013-01-07,7.01,7.30,7.00,7.21,11079046,165454080.00
2013-01-08,7.14,7.28,7.08,7.21,5533007,82457352.00
2013-01-09,7.23,7.23,6.85,6.95,9116744,132984376.00
2013-01-10,6.93,7.00,6.86,6.90,6253033,89740296.00
2013-01-11,6.93,6.94,6.72,6.76,5439536,76803808.00
2013-01-14,6.77,7.03,6.71,7.01,6629860,94975352.00
2013-01-15,7.13,7.50,7.13,7.37,12359922,188290608.00
2013-01-16,7.43,7.57,7.28,7.41,9792561,150440192.00
2013-01-17,7.41,7.41,7.20,7.23,7624777,115031408.00
2013-01-18,7.20,7.39,7.20,7.22,5927466,89512088.00
2013-01-21,7.23,7.45,7.14,7.24,5574055,84706624.00
2013-01-22,7.24,7.27,7.00,7.06,4895213,72441408.00
2013-01-23,7.05,7.12,6.98,7.07,3822658,55948576.00
2013-01-24,7.07,7.11,6.79,6.85,4237633,61356788.00
2013-01-25,6.88,7.04,6.84,6.91,2989419,43183100.00
2013-01-28,6.94,7.21,6.93,7.19,5548471,82147424.00
2013-01-29,7.16,7.38,7.16,7.30,5810395,87957976.00
2013-01-30,7.37,7.50,7.30,7.35,7491851,114720432.00
2013-01-31,7.37,7.50,7.27,7.28,8944549,137256528.00
2013-02-01,7.34,7.78,7.32,7.71,15322637,241512832.00
2013-02-04,7.96,8.51,7.96,8.47,31983779,548000576.00
2013-02-05,8.50,8.71,8.18,8.58,24381271,426858112.00
2013-02-06,8.63,8.68,8.37,8.54,15330726,269475904.00
2013-02-07,8.63,9.30,8.54,8.93,26330402,483898400.00
2013-02-08,9.05,9.25,8.84,9.23,22481960,419857792.00
2013-02-18,10.17,10.18,9.66,10.04,39908368,814706496.00
2013-02-19,9.98,10.04,9.69,9.72,17045250,343338912.00
2013-02-20,9.70,10.12,9.68,9.95,15335983,313286112.00
2013-02-21,9.88,9.95,9.12,9.30,22244148,430502016.00
2013-02-22,9.38,9.50,9.24,9.36,13206838,254728720.00
2013-02-25,9.36,9.43,8.68,9.06,21468132,397113888.00
2013-02-27,9.06,9.30,8.57,9.08,17581707,324434944.00
2013-02-28,9.14,9.18,8.88,9.14,11189029,208853584.00
2013-03-01,9.10,9.21,8.91,9.00,11996972,223716848.00
2013-03-04,8.86,9.02,8.46,8.51,11282757,202928528.00
2013-03-05,8.50,8.94,8.47,8.91,10277061,186368656.00
2013-03-06,9.00,9.13,8.83,9.09,12448912,231485104.00
2013-03-07,9.12,9.22,8.48,8.69,10987685,201720176.00
2013-03-08,8.73,9.07,8.69,8.79,10371010,190083792.00
2013-03-11,8.85,9.03,8.78,8.89,5449806,100181544.00
2013-03-12,8.90,8.97,8.43,8.59,7983217,142349872.00
2013-03-13,8.64,8.70,8.42,8.68,5643577,99857936.00
2013-03-14,8.67,9.01,8.59,8.98,10255872,188121600.00
2013-03-15,9.03,9.29,8.93,9.24,16544371,311516512.00
2013-03-18,9.31,9.51,9.13,9.22,12937962,248486960.00
2013-03-19,9.18,9.18,8.44,8.59,20896916,377107776.00
2013-03-20,8.59,8.80,8.48,8.75,11054246,197962784.00
2013-03-21,8.76,8.81,8.61,8.70,10633189,190912432.00
2013-03-22,8.67,8.75,8.59,8.67,6101839,109155304.00
2013-03-25,8.67,8.85,8.65,8.76,7740092,140107296.00
2013-03-26,8.78,8.85,8.53,8.73,8466074,151374448.00
2013-03-27,8.77,8.98,8.70,8.92,10064084,184216224.00
2013-03-28,8.93,9.02,8.65,8.73,8125167,147904368.00
2013-03-29,8.75,8.75,8.44,8.48,7839337,138589408.00
2013-04-01,8.53,8.62,8.23,8.28,8146487,141300256.00
2013-04-02,8.31,8.43,7.90,8.00,9887480,166367696.00
2013-04-03,8.01,8.05,7.81,7.91,5774220,94517016.00
2013-04-08,7.76,8.14,7.67,8.04,8527313,140944000.00
2013-04-09,8.10,8.26,8.01,8.15,5536730,93260728.00
2013-04-10,8.12,8.18,7.93,8.11,4838105,80473496.00
2013-04-11,8.19,8.42,8.15,8.32,8379148,144119216.00
2013-04-12,8.29,8.68,8.21,8.58,12538614,219066032.00
2013-04-15,8.48,8.65,8.42,8.55,5530336,97573168.00
2013-04-16,8.42,8.85,8.36,8.82,7600613,136163536.00
2013-04-17,8.80,9.04,8.78,9.02,10353285,191217328.00
2013-04-18,8.95,9.25,8.95,9.21,10187257,191478592.00
2013-04-19,9.41,9.70,9.14,9.19,21705029,420520192.00
2013-04-22,9.09,9.78,9.05,9.72,27742529,543715264.00
2013-04-23,9.73,10.38,9.73,9.97,32180157,666178816.00
2013-04-24,10.04,10.94,10.04,10.83,24219178,521613376.00
2013-04-25,10.91,11.24,10.05,10.27,28540706,622969408.00
2013-04-26,10.20,10.68,9.75,10.43,17355905,361097472.00
2013-05-02,10.28,11.49,10.09,11.48,23181152,509691008.00
2013-05-03,11.53,12.35,11.41,12.13,25950133,629320064.00
2013-05-06,12.23,12.80,11.80,12.00,21189508,534656416.00
2013-05-07,11.94,12.75,11.81,12.50,18349946,456831232.00
2013-05-08,12.74,13.77,12.73,13.77,29806642,803365376.00
2013-05-09,13.80,14.49,13.38,14.12,27015667,766684032.00
2013-05-10,13.81,13.94,13.07,13.22,27213838,741644160.00
2013-05-13,13.25,13.70,12.90,13.50,23828473,648516224.00
2013-05-14,13.44,13.78,12.66,13.12,24002617,644269184.00
2013-05-15,13.21,14.45,12.95,14.45,26884687,749786816.00
2013-05-16,14.29,15.46,13.82,14.25,39749014,1183898880.00
2013-05-17,14.53,15.26,14.30,14.76,25282258,757269312.00
2013-05-20,14.83,16.10,14.45,15.53,30832242,955382592.00
2013-05-21,15.33,15.99,15.00,15.67,27527825,863514048.00
2013-05-22,15.20,15.20,14.45,14.66,25511064,768683008.00
2013-05-23,14.65,15.05,14.35,14.43,17572281,524098272.00
2013-05-24,14.79,15.75,14.79,15.21,25613325,791233984.00
2013-05-27,15.08,15.43,14.83,15.22,18332429,563022784.00
2013-05-28,15.25,15.25,14.20,14.21,23553228,698986560.00
2013-05-29,14.05,14.67,13.93,14.51,15732853,456316224.00
2013-05-30,14.36,15.58,14.35,15.28,22904125,702041088.00
2013-05-31,15.20,15.99,14.98,15.04,17450808,544625280.00
2013-06-03,15.04,16.19,14.78,15.59,20478159,645755648.00
2013-06-04,15.40,15.41,14.01,14.08,27608690,814365696.00
2013-07-24,15.51,15.51,15.51,15.51,407609,12802999.00
2013-07-25,17.08,17.08,17.08,17.08,484079,16724929.00
2013-07-26,18.81,18.81,18.81,18.81,1974105,75035728.00
2013-07-29,20.35,20.71,19.82,20.53,49527258,2042437248.00
2013-07-30,19.98,21.06,19.31,20.55,38381965,1569987968.00
2013-07-31,20.45,20.54,19.67,19.80,24286984,981147456.00
2013-08-01,19.80,21.11,19.60,20.90,30550269,1259357056.00
2013-08-02,20.80,20.95,20.00,20.13,22443263,930598784.00
2013-08-05,20.08,20.45,19.85,20.30,10512786,427822176.00
2013-08-06,20.66,22.35,20.66,21.72,27047721,1187746688.00
2013-08-07,21.44,21.68,20.63,21.05,19632576,835425728.00
2013-08-08,20.80,21.89,20.72,21.26,13316712,576740608.00
2013-08-09,21.28,21.69,20.26,20.72,12702846,533196288.00
2013-08-12,20.57,20.99,19.34,19.81,16544321,666721344.00
2013-08-13,19.80,20.55,19.36,19.85,17110104,690726592.00
2013-08-14,19.95,20.38,19.34,20.21,15933083,639026752.00
2013-08-15,20.30,20.82,19.70,19.85,19564270,799187328.00
2013-08-16,19.45,20.23,18.81,18.85,17736442,696180608.00
2013-08-19,18.45,19.75,18.33,19.69,18180290,706672000.00
2013-08-20,19.58,19.89,19.20,19.44,15603045,617874816.00
2013-08-21,19.30,19.90,19.24,19.67,14680917,582268800.00
2013-08-22,19.58,20.87,19.47,20.65,21993459,908357248.00
2013-08-23,20.68,22.69,20.52,22.64,35546033,1557550336.00
2013-08-26,22.50,23.63,22.31,22.85,23019849,1069882432.00
2013-08-27,22.70,25.06,22.30,24.66,23377346,1112214144.00
2013-08-28,24.10,25.00,23.50,23.50,21602551,1056911552.00
2013-08-29,23.31,24.50,23.31,23.88,15044091,729727552.00
2013-08-30,23.49,23.65,22.11,22.37,16517917,759961984.00
2013-09-02,22.25,24.13,22.10,24.01,15843112,746924288.00
2013-09-03,26.25,26.25,24.79,25.45,29752374,1526604032.00
2013-09-04,25.40,27.24,24.41,26.00,30541225,1608246912.00
2013-09-05,25.81,28.62,25.75,28.62,39993489,2225838080.00
2013-09-06,29.35,30.80,28.55,30.23,35495455,2116595840.00
2013-09-09,30.00,31.05,29.24,30.10,25572970,1548900608.00
2013-09-10,30.80,31.73,28.94,29.47,26833350,1624805760.00
2013-09-11,28.80,29.62,27.04,27.45,28868833,1632367744.00
2013-09-12,27.44,28.58,27.20,27.95,18415909,1036889024.00
2013-09-13,27.89,30.77,27.10,30.77,26790223,1587168256.00
2013-09-16,30.95,33.86,30.61,32.35,36846336,2380754176.00
2013-09-17,32.55,33.28,31.63,32.35,24610637,1608454016.00
2013-09-18,32.63,34.99,32.15,34.50,27943251,1899585536.00
2013-09-23,34.80,35.69,33.73,35.26,26398091,1846980352.00
2013-09-24,35.05,35.29,32.30,32.65,34490247,2329416192.00
2013-09-25,32.80,35.49,32.32,34.24,32530231,2219176704.00
2013-09-26,33.90,34.91,31.64,33.24,29216951,1951296896.00
2013-09-27,33.21,36.08,31.69,35.20,38176341,2630488320.00
2013-09-30,36.05,38.74,35.80,38.74,26182063,1997418240.00
2013-10-08,39.30,40.70,36.55,38.30,41144186,3161485056.00
2013-10-09,38.30,39.64,37.34,39.45,32824765,2546576896.00
2013-10-10,39.57,40.05,35.49,35.49,90085402,3418196992.00
2013-10-11,34.39,34.94,31.92,33.64,100264740,3353550592.00
2013-10-14,32.88,34.18,32.41,33.54,56959279,1911474304.00
2013-10-15,32.88,35.85,32.68,35.22,86608690,3017230080.00
2013-10-16,35.95,36.08,31.68,31.68,93432025,3071321344.00
2013-10-17,31.15,31.50,28.70,29.11,107792983,3254197760.00
2013-10-18,29.69,30.01,28.81,28.90,67126295,1995578752.00
2013-10-21,28.95,29.98,28.58,29.54,67910174,2014764032.00
2013-10-22,29.39,29.39,26.57,26.57,114381249,3168604672.00
2013-10-23,26.20,27.08,25.33,27.05,81489788,2170759936.00
2013-10-24,27.15,27.26,25.68,26.00,60679450,1613453056.00
2013-10-25,25.80,26.75,24.80,26.30,78530918,2036598272.00
2013-10-28,25.90,26.65,25.50,25.92,55784232,1471162496.00
2013-10-29,25.10,25.69,23.31,24.39,94425082,2312254208.00
2013-10-30,24.00,24.58,23.11,23.38,72642387,1742676992.00
2013-10-31,23.06,24.00,22.91,23.19,60882234,1445778944.00
2013-11-01,22.79,23.22,21.42,22.30,86792151,1964044672.00
2013-11-04,22.16,23.23,22.02,22.42,63902607,1460588928.00
2013-11-05,22.33,24.05,22.18,23.90,87527642,2052901888.00
2013-11-06,23.60,23.88,22.68,22.70,73197214,1723606656.00
2013-11-07,22.48,23.47,21.98,22.80,50948188,1168072320.00
2013-11-08,22.40,23.53,22.28,22.82,48672677,1126865152.00
2013-11-11,22.70,22.90,21.31,21.96,55847685,1248013056.00
2013-11-12,21.86,23.70,21.77,23.30,81134558,1870225920.00
2013-11-13,23.06,24.18,22.93,22.99,73629853,1745150720.00
2013-11-14,22.80,25.31,22.70,25.24,111278101,2739637248.00
2013-11-15,24.85,26.22,24.85,25.44,96536780,2477722368.00
2013-11-18,25.65,26.33,25.18,25.83,69860582,1815196160.00
2013-11-19,25.94,26.91,25.70,26.27,66029343,1756676096.00
2013-11-20,26.36,27.18,25.83,27.10,60808099,1622480640.00
2013-11-21,26.60,29.40,26.50,28.70,98423219,2815376640.00
2013-11-22,28.63,29.50,27.88,29.24,68205861,1968616960.00
2013-11-25,28.69,29.35,28.40,28.51,53584937,1551889408.00
2013-11-26,28.51,29.00,26.99,27.36,59812618,1674200960.00
2013-11-27,27.30,30.12,27.00,30.12,110403680,3270452736.00
2013-11-28,30.15,30.40,29.68,30.32,77210418,2342204672.00
2013-11-29,29.90,32.74,29.70,31.42,86951975,2749513728.00
2013-12-02,29.20,30.58,28.26,28.26,98383355,2896130048.00
2013-12-03,27.30,28.78,25.80,28.28,88427604,2416310528.00
2013-12-04,27.82,28.90,27.11,27.17,66713084,1885551104.00
2013-12-05,26.80,27.38,26.07,26.07,56834630,1517932544.00
2013-12-06,25.70,28.45,25.55,27.77,66610666,1817276800.00
2013-12-09,28.40,30.57,27.98,30.57,96135948,2877524736.00
2013-12-10,31.20,31.68,30.30,31.35,88979828,2776611584.00
2013-12-11,31.10,33.34,30.92,32.45,105202948,3416520960.00
2013-12-12,32.35,34.25,31.90,33.77,97238780,3280765696.00
2013-12-13,33.60,34.18,32.57,32.83,73364444,2440896000.00
2013-12-16,33.40,34.70,33.00,34.60,87767297,3003321088.00
2013-12-17,34.79,34.90,32.61,34.00,82516630,2803887616.00
2013-12-18,32.75,32.75,30.58,30.58,115697964,3607560448.00
2013-12-19,29.21,31.66,28.60,28.80,111625344,3396393472.00
2013-12-20,29.30,30.27,28.86,30.23,80898001,2406546176.00
2013-12-23,29.80,30.17,27.19,27.21,91864293,2597503744.00
2013-12-24,27.00,28.44,26.23,28.21,87010962,2395064064.00
2013-12-25,27.80,29.06,27.58,28.58,64215598,1841906944.00
2013-12-26,28.44,28.48,26.91,27.09,56569606,1578272000.00
2013-12-27,26.80,27.58,26.65,27.21,46463232,1272621952.00
2013-12-30,26.80,28.46,26.51,27.78,66812504,1859717632.00
2013-12-31,27.78,28.19,27.03,27.62,43789967,1223586688.00
2014-01-02,27.61,28.27,27.61,27.92,44875217,1265442688.00
2014-01-03,27.92,29.14,27.40,28.80,74836949,2137376768.00
2014-01-06,28.68,28.99,27.59,27.60,54527554,1551287296.00
2014-01-07,27.10,28.16,26.79,27.86,38161521,1064672000.00
2014-01-08,28.23,30.36,28.00,29.71,91268063,2683113984.00
2014-01-09,29.71,31.39,29.07,29.18,103932135,3168963840.00
2014-01-17,29.60,31.18,29.30,30.34,62724616,1929297664.00
2014-01-20,30.34,30.93,28.78,29.10,46340187,1383966336.00
2014-01-21,29.03,30.78,29.00,30.55,57921525,1762816512.00
2014-01-22,30.70,30.80,29.65,30.23,61421482,1866983424.00
2014-01-23,30.35,31.45,30.26,30.71,84997665,2644771328.00
2014-01-24,30.36,31.20,30.22,30.47,59663790,1837364736.00
2014-01-27,30.48,31.08,29.66,30.17,52920943,1621247104.00
2014-01-28,30.57,31.08,30.01,30.41,42250220,1295143040.00
2014-01-29,30.37,30.68,29.81,29.92,42489256,1287564800.00
2014-01-30,29.88,30.96,29.65,30.51,52406404,1607384064.00
2014-02-07,30.19,30.25,29.59,30.08,46506027,1401221248.00
2014-02-10,30.12,30.46,29.39,30.04,60247534,1812775040.00
2014-02-11,30.00,30.02,28.16,28.64,67609561,1973433344.00
2014-02-12,28.59,29.15,28.30,28.81,39600445,1146222720.00
2014-02-13,28.80,28.81,27.12,27.30,62082406,1741983488.00
2014-02-14,27.10,27.67,26.92,27.50,32954412,908750784.00
2014-02-17,27.68,28.05,27.27,28.03,38380950,1069161344.00
2014-02-18,28.09,28.14,27.30,27.36,31953880,888226368.00
2014-02-19,27.30,27.96,26.60,27.76,47630345,1304553600.00
2014-02-20,27.75,28.03,26.91,27.38,33183216,920919744.00
2014-02-21,27.35,27.52,26.73,26.82,29524956,805742336.00
2014-02-24,26.87,27.15,26.51,26.80,29273301,792524160.00
2014-02-25,26.99,28.66,26.86,27.40,74397925,2083266944.00
2014-02-26,27.00,27.00,24.64,25.66,56019696,1442678400.00
2014-02-27,25.90,26.30,24.04,24.24,46762135,1187508608.00
2014-02-28,24.30,24.36,23.01,24.15,31347800,750262592.00
2014-03-03,24.10,24.77,23.84,24.46,24342068,600839168.00
2014-03-04,24.60,25.08,24.20,24.83,26477232,661699584.00
2014-03-05,24.83,25.29,24.68,24.78,18220439,457457696.00
2014-03-06,24.77,26.09,24.21,25.89,26028218,661369216.00
2014-03-07,27.19,28.48,26.62,27.17,63973133,1784838912.00
2014-03-10,26.65,26.65,25.46,25.48,29980981,783240256.00
2014-03-11,25.00,25.39,24.46,24.80,21814512,546785984.00
2014-03-12,24.78,25.42,24.60,25.27,21883849,553428352.00
2014-03-13,25.30,25.47,24.80,25.06,19530980,493933184.00
2014-03-14,25.19,25.78,25.03,25.19,21273200,543949824.00
2014-03-17,25.09,25.67,25.08,25.49,19265958,494535872.00
2014-03-18,25.77,27.15,25.70,26.85,46206152,1233843584.00
2014-03-19,26.69,26.69,25.73,25.99,26835221,707406720.00
2014-03-20,26.00,26.28,24.70,24.72,28012411,717590720.00
2014-03-21,24.36,25.17,24.12,25.08,20317386,504220192.00
2014-03-24,24.83,25.18,24.60,24.71,16663699,416934272.00
2014-03-25,24.63,25.02,24.20,24.92,16787118,417652352.00
2014-03-26,24.75,26.00,24.60,25.91,34091860,878951360.00
2014-03-27,25.80,25.83,24.50,24.53,34184010,860702208.00
2014-03-28,24.44,24.79,23.28,23.58,26419260,637394688.00
2014-03-31,23.58,23.95,23.18,23.58,14457252,344095392.00
2014-04-01,23.46,24.05,23.46,23.87,13927992,335421312.00
2014-04-02,24.04,24.18,23.34,23.58,15948515,379854944.00
2014-04-03,23.51,24.00,23.33,23.77,17303080,414055360.00
2014-04-04,23.69,24.25,23.48,23.99,17701914,426392992.00
2014-04-08,23.66,23.90,23.35,23.81,19580219,467470496.00
2014-04-09,23.95,24.59,23.95,24.23,23374631,573540992.00
2014-04-10,24.36,24.69,24.12,24.25,25185892,619158528.00
2014-04-11,24.09,24.15,23.60,23.84,19178959,460915168.00
2014-04-14,23.95,24.25,23.90,24.18,15611403,378976736.00
2014-04-15,24.19,24.27,23.81,23.86,13653912,330194752.00
2014-04-16,23.70,24.03,23.63,23.86,11095463,266902128.00
2014-04-17,23.95,24.17,23.85,23.87,11931406,288626144.00
2014-04-18,23.80,23.96,23.63,23.79,10773709,258420784.00
2014-04-21,23.60,23.95,23.47,23.50,12872971,307264192.00
2014-04-22,23.43,23.63,22.45,22.80,22690339,524180128.00
2014-04-23,22.81,22.88,22.20,22.37,18353524,415349056.00
2014-04-24,22.38,23.05,22.30,22.86,20827097,476451328.00
2014-04-25,22.80,22.80,22.21,22.26,13455693,305444320.00
2014-04-28,22.07,22.09,21.03,21.07,17575328,376897248.00
2014-04-29,21.05,21.55,20.91,21.27,11624328,247888384.00
2014-04-30,21.31,21.94,21.26,21.69,16725972,364317280.00
2014-05-05,21.60,21.90,21.44,21.83,11078089,241278800.00
2014-05-06,21.82,22.58,21.72,22.22,17749929,395435936.00
2014-05-07,22.00,22.05,21.40,21.40,13743378,300029760.00
2014-05-08,21.35,21.86,21.31,21.40,10169278,220768416.00
2014-05-09,21.80,21.95,21.33,21.65,12593563,273263776.00
2014-05-12,21.72,22.26,21.46,22.06,16590887,364534688.00
2014-05-13,21.95,22.50,21.95,22.06,14608885,325615712.00
2014-05-14,21.99,22.08,21.65,21.78,11113615,243761248.00
2014-05-15,21.78,22.00,21.10,21.19,15200169,327811520.00
2014-05-16,21.02,21.25,20.35,20.55,17867898,371250560.00
2014-05-19,20.54,20.89,20.41,20.68,11994394,248890256.00
2014-05-20,20.90,21.13,20.70,20.83,13557557,285297760.00
2014-05-21,20.80,21.01,20.41,20.95,10896350,227357648.00
2014-05-22,20.98,21.48,20.93,20.96,19544351,416378016.00
2014-05-23,20.79,21.38,20.61,21.38,20230768,427872096.00
2014-05-26,21.51,22.02,21.38,22.00,32934025,720985536.00
2014-05-27,21.90,21.90,21.33,21.35,20940601,454321632.00
2014-05-28,21.35,22.00,21.31,21.79,20552995,447830496.00
2014-05-29,21.75,21.98,21.21,21.22,18304305,395883712.00
2014-05-30,21.23,21.36,20.78,21.00,14226420,300585504.00
2014-06-03,21.00,22.48,21.00,22.14,47513310,1049475904.00
2014-06-04,22.08,22.85,21.75,22.85,47857629,1072995776.00
2014-06-05,22.80,24.20,22.65,24.06,64139778,1505613952.00
2014-06-06,23.90,24.15,23.12,23.53,42129981,999851136.00
2014-06-09,23.53,24.00,23.20,23.34,28752906,679769216.00
2014-06-10,23.52,25.55,22.98,25.00,68498238,1670746624.00
2014-06-11,24.58,25.54,24.51,24.83,49390148,1238724096.00
2014-06-12,24.76,25.53,24.50,24.63,50008545,1255906048.00
2014-06-13,24.63,25.17,24.35,25.01,40684306,1013983360.00
2014-06-16,25.01,25.88,24.91,25.65,48215802,1238724736.00
2014-06-17,25.65,25.65,24.80,24.90,37058771,938610176.00
2014-06-18,24.77,25.07,24.36,24.40,26858155,665086144.00
2014-06-19,24.18,24.89,23.48,23.87,30302665,735243456.00
2014-06-20,23.90,24.40,23.75,24.13,21468967,519338560.00
2014-06-23,24.10,24.56,23.80,23.87,25043223,608216960.00
2014-06-24,23.70,24.35,23.58,24.26,22836281,548936576.00
2014-06-25,24.26,24.27,23.58,23.71,21477546,513360064.00
2014-06-26,23.67,24.11,23.58,23.78,21833505,523492992.00
2014-06-27,23.78,24.45,23.78,24.08,25677743,622678784.00
2014-06-30,24.08,24.22,23.49,23.82,23348644,556471744.00
2014-07-01,23.85,24.34,23.59,24.17,28260510,681103616.00
2014-07-02,24.17,24.45,23.84,24.08,23081607,558741568.00
2014-07-03,24.06,24.06,23.68,23.75,19178295,458812512.00
2014-07-04,23.75,23.87,23.15,23.27,24193980,568041600.00
2014-07-07,23.27,23.48,23.01,23.34,14569811,339966976.00
2014-07-08,23.22,23.41,23.04,23.27,14627031,341030144.00
2014-07-09,23.14,23.42,22.61,22.63,22111558,511218048.00
2014-07-10,22.63,22.79,21.76,21.93,30453664,677328448.00
2014-07-11,21.58,22.16,21.58,21.86,18135631,398255904.00
2014-07-14,21.95,22.00,21.46,21.88,19110081,417171936.00
2014-07-15,21.75,21.89,21.36,21.60,17961899,390053952.00
2014-07-16,21.63,22.58,21.49,22.42,30362884,674090368.00
2014-07-17,22.29,22.29,21.75,21.95,18470408,408399840.00
2014-07-18,21.94,22.14,21.71,21.85,12232309,269315200.00
2014-07-21,21.74,21.79,21.32,21.56,15557072,336360704.00
2014-07-22,21.54,21.78,21.47,21.64,11280672,245512320.00
2014-07-23,21.68,21.70,21.28,21.39,14562521,313777760.00
2014-07-24,21.33,21.41,20.80,21.00,18653536,394608032.00
2014-07-25,21.00,21.54,20.93,21.33,13529556,289675744.00
2014-07-28,21.34,22.24,21.34,21.98,25514049,560103040.00
2014-07-29,21.97,22.32,21.75,22.15,23634977,524256160.00
2014-07-30,21.98,22.26,21.91,22.03,17062324,377667200.00
2014-07-31,22.04,22.54,21.86,22.33,24099849,538314496.00
2014-08-01,22.31,22.31,21.83,21.84,17803984,394537920.00
2014-08-04,21.78,22.20,21.75,22.02,13432582,297172480.00
2014-08-05,22.05,23.61,21.91,23.30,56779183,1307367296.00
2014-08-06,23.11,23.29,22.82,23.04,31796194,735241920.00
2014-08-07,22.92,23.39,22.79,22.80,26299348,610155200.00
2014-08-08,22.92,23.19,22.81,23.01,16426302,379432992.00
2014-08-11,23.05,23.22,22.86,23.11,18083891,419435840.00
2014-08-12,23.12,23.25,22.97,23.02,15702318,363937664.00
2014-08-13,23.08,23.12,22.38,22.56,22907822,521991584.00
2014-08-14,22.79,23.17,22.62,22.72,20877924,480748160.00
2014-08-15,22.80,23.05,22.52,22.81,14391338,329572448.00
2014-08-18,22.90,23.61,22.90,23.54,44247674,1038695680.00
2014-08-19,23.80,24.48,23.56,23.66,57362113,1382600448.00
2014-08-20,23.52,24.08,23.17,23.81,38637344,918159424.00
2014-08-21,23.68,24.40,23.52,24.40,47511209,1143525120.00
2014-08-22,24.19,24.36,23.84,23.89,38204882,922760640.00
2014-08-25,23.90,23.98,23.40,23.40,21683519,513666816.00
2014-08-26,23.32,23.57,22.64,22.72,23468322,542735168.00
2014-08-27,22.72,23.17,22.72,22.80,18202517,419082848.00
2014-08-28,23.05,23.13,22.22,22.36,22227978,504524416.00
2014-08-29,22.30,22.46,22.12,22.45,12165515,272910592.00
2014-09-01,22.48,23.03,22.41,22.90,16858562,385408672.00
2014-09-02,22.91,23.22,22.61,23.06,22347107,517308288.00
2014-09-03,23.08,23.78,22.94,23.39,35328661,828876928.00
2014-09-04,23.38,24.40,23.12,24.02,56004684,1341560064.00
2014-09-05,24.04,24.13,23.55,23.72,33595813,800872704.00
2014-09-09,23.79,24.04,23.45,23.78,25549073,608405056.00
2014-09-10,23.72,23.97,23.57,23.69,21739941,518315552.00
2014-09-11,23.70,24.21,23.65,23.78,37092744,890549952.00
2014-09-12,23.78,23.88,23.50,23.67,21588830,512942752.00
2014-09-15,23.59,23.87,23.56,23.70,20174710,479768480.00
2014-09-16,23.90,24.18,23.01,23.06,31337866,744749568.00
2014-09-17,22.98,23.74,22.90,23.40,23123892,542210880.00
2014-11-19,25.75,25.75,25.75,25.75,3346399,86504416.00
2014-11-20,28.33,28.33,26.51,26.63,128733128,3527765504.00
2014-11-21,26.40,27.40,26.39,26.75,55913756,1512394624.00
2014-11-24,26.98,27.15,25.88,26.30,56419781,1491570560.00
2014-11-25,26.31,27.19,26.09,26.86,56347137,1506323968.00
2014-11-26,26.74,26.86,26.25,26.42,36626174,974506496.00
2014-11-27,26.50,27.04,26.32,26.47,35603808,951984384.00
2014-11-28,26.54,26.99,26.11,26.65,45110400,1207110144.00
2014-12-01,26.55,26.99,26.29,26.62,36573339,980327680.00
2014-12-02,26.69,26.90,26.56,26.77,36192971,970561408.00
2014-12-03,27.00,29.46,26.85,29.40,122079406,3494397440.00
2014-12-04,29.56,30.61,28.93,29.99,104002251,3098825216.00
2014-12-05,29.68,29.90,27.90,28.55,80120957,2320826880.00
2014-12-08,28.07,30.59,27.71,29.16,77032847,2268683776.00
2014-12-09,28.42,30.41,28.24,28.54,93762046,2780058112.00
2014-12-10,28.90,31.10,28.62,30.84,113622093,3454000128.00
2014-12-11,31.23,31.23,29.80,30.06,71196053,2168508928.00
2014-12-12,29.83,30.39,29.55,30.03,45201957,1358287104.00
2014-12-15,30.00,30.38,29.60,29.86,37384791,1124979072.00
2014-12-16,29.79,30.15,28.90,29.08,53212562,1562746624.00
2014-12-17,28.80,29.50,28.34,28.84,51655575,1493314176.00
2014-12-18,28.52,29.35,28.51,28.51,32992987,955275712.00
2014-12-19,28.49,28.49,27.08,27.38,44807234,1241263872.00
2014-12-22,27.17,28.38,25.90,27.58,44205347,1210275968.00
2014-12-23,27.12,28.33,26.90,27.81,32748744,910467392.00
2014-12-24,27.58,28.04,27.32,27.50,24717281,686107456.00
2014-12-25,27.50,27.68,26.92,27.10,26418971,721336512.00
2014-12-26,27.13,27.65,27.02,27.41,28739755,789811264.00
2014-12-29,26.90,28.15,26.58,27.51,45831970,1257959936.00
2014-12-30,27.00,27.46,26.20,26.20,36664337,982270464.00
2014-12-31,25.90,26.59,25.81,26.27,22355463,588362624.00
2015-01-05,26.26,27.25,25.96,26.76,34848949,937750208.00
2015-01-06,26.71,29.45,26.60,29.06,96774459,2752695040.00
2015-01-07,28.60,28.90,27.87,27.96,59042067,1669129856.00
2015-01-08,27.80,28.51,27.72,27.81,42661847,1202592256.00
2015-01-09,27.51,28.36,27.38,27.38,38812951,1086028800.00
2015-01-12,27.38,27.88,27.05,27.34,24881404,685969408.00
2015-01-13,27.35,27.88,27.10,27.57,25879423,714580480.00
2015-01-14,27.50,27.67,26.50,26.65,28720839,778140544.00
2015-01-15,26.60,26.97,26.35,26.73,18491802,494606464.00
2015-01-16,26.74,28.08,26.56,27.52,36035604,990501376.00
2015-01-19,26.79,28.42,26.34,26.88,48794423,1342864256.00
2015-01-20,26.75,27.90,26.75,27.55,36522307,1005532864.00
2015-01-21,27.75,29.50,27.75,28.74,83702784,2412590080.00
2015-01-22,28.60,29.01,28.31,28.69,47640159,1370922496.00
2015-01-23,28.70,29.00,28.05,28.20,37583968,1072280000.00
2015-01-26,28.32,28.90,28.12,28.57,28752359,823538112.00
2015-01-27,29.05,29.30,28.45,28.76,41119895,1191041664.00
2015-01-28,28.70,29.90,28.65,29.02,58281122,1717921280.00
2015-01-29,28.60,28.85,28.00,28.18,29787252,846257280.00
2015-01-30,28.18,28.47,27.57,27.59,22075557,619499136.00
2015-02-02,27.40,28.06,27.08,27.51,15864643,439656576.00
2015-02-03,27.80,28.14,27.62,27.92,22013704,617144448.00
2015-02-04,28.00,28.14,27.47,27.52,20184638,561099904.00
2015-02-05,27.59,28.70,27.43,28.26,45513472,1289077376.00
2015-02-06,28.23,28.60,27.15,27.25,26395420,737875584.00
2015-02-09,27.15,27.18,26.14,26.17,31850971,847307328.00
2015-02-10,26.05,26.88,26.05,26.85,15934224,425084576.00
2015-02-11,26.98,27.10,26.70,26.92,16007387,432209760.00
2015-02-12,27.10,28.08,27.05,27.70,29223848,814021952.00
2015-02-13,28.10,29.07,27.79,28.58,47942517,1369378816.00
2015-02-16,29.90,30.31,29.14,29.58,74227597,2216588288.00
2015-02-17,29.90,30.16,28.92,29.07,44541925,1309633280.00
2015-02-25,29.20,29.84,28.50,28.51,37029295,1084282496.00
2015-02-26,28.58,29.00,28.10,28.76,28780787,824256704.00
2015-02-27,29.21,31.61,29.00,30.49,94430563,2880688128.00
2015-03-02,30.20,30.80,29.99,30.66,57550590,1754916480.00
2015-03-03,30.65,31.27,29.41,29.50,57816031,1763464832.00
2015-03-04,29.25,31.16,29.24,30.59,59434309,1814300288.00
2015-03-05,30.60,31.60,29.88,30.17,54768281,1685540736.00
2015-03-06,30.03,30.16,28.92,28.95,35998877,1060495104.00
2015-03-09,28.80,29.50,28.55,29.20,26769862,782028544.00
2015-03-10,29.40,30.22,29.26,29.62,40906567,1224442624.00
2015-03-11,29.60,30.23,28.98,29.89,39609804,1183071616.00
2015-03-12,29.97,30.20,28.90,29.27,32871878,972123712.00
2015-03-13,29.28,30.18,29.20,30.18,40363175,1208124544.00
2015-03-16,30.53,30.87,29.90,30.48,59063913,1802199424.00
2015-03-17,30.93,32.02,30.49,31.04,77743373,2439721216.00
2015-03-18,30.85,31.65,30.48,31.48,57659882,1801672320.00
2015-03-19,31.49,31.74,30.79,31.27,45710849,1430769792.00
2015-03-20,31.27,32.11,31.18,31.50,57517677,1825192320.00
2015-03-23,31.80,32.90,31.51,32.38,60604453,1960952576.00
2015-03-24,32.41,32.74,31.03,31.85,68707641,2191733760.00
2015-03-25,31.79,32.47,31.20,31.95,53568153,1716782848.00
2015-03-26,31.50,31.69,30.73,31.10,45691913,1428822784.00
2015-03-27,30.86,31.35,30.60,30.86,33805117,1049967552.00
2015-03-30,30.80,31.32,30.40,31.06,44857498,1386951552.00
2015-03-31,31.06,31.85,30.90,31.18,44287353,1393518720.00
2015-04-01,31.25,32.04,31.05,31.73,52968925,1677058560.00
2015-04-02,32.10,33.90,31.50,33.90,86537472,2807809536.00
2015-04-03,34.45,36.70,34.45,35.21,100761741,3577259264.00
2015-04-07,35.21,37.26,34.50,35.92,67644907,2447850496.00
2015-04-08,36.05,36.40,34.41,34.78,59606020,2098658816.00
2015-04-09,34.75,34.75,32.56,33.95,56786549,1913388160.00
2015-04-10,33.47,34.69,33.31,34.24,44879742,1539725952.00
2015-04-13,34.28,34.84,33.68,34.38,42674057,1468933760.00
2015-04-14,34.37,34.37,32.94,33.18,48443440,1627430912.00
2015-04-15,33.09,33.45,31.90,31.90,41090035,1348867328.00
2015-04-16,31.88,33.03,31.81,32.33,32973876,1074057984.00
2015-04-17,32.76,35.28,32.41,33.90,58094031,1971988608.00
2015-04-20,33.62,33.87,32.56,32.90,44935837,1494967040.00
2015-04-21,32.90,35.04,32.90,34.92,59485700,2046670464.00
2015-04-22,35.90,36.19,34.93,35.02,58919500,2088409984.00
2015-04-23,35.15,36.19,35.03,35.54,56660446,2019052160.00
2015-04-24,34.91,35.26,33.91,34.53,47094491,1633433600.00
2015-04-27,34.87,35.53,34.10,34.51,42744363,1490503552.00
2015-04-28,34.51,34.65,32.78,33.12,43819291,1474433408.00
2015-04-29,33.28,34.45,33.22,34.36,36285093,1233616256.00
2015-04-30,34.89,35.71,34.50,34.99,53109016,1867855232.00
2015-05-04,35.41,37.30,34.70,36.50,58150201,2112732416.00
2015-05-05,35.88,36.33,34.35,34.55,42090639,1486651136.00
2015-05-06,34.90,36.85,34.56,35.19,56617277,2019006592.00
2015-05-07,34.90,35.78,33.80,34.45,38531660,1339333120.00
2015-05-08,34.76,37.90,34.44,37.90,90619883,3280169984.00
2015-05-11,38.70,39.18,37.09,38.56,113100297,4313640960.00
2015-05-12,38.50,42.37,38.17,41.00,107682128,4319383040.00
2015-05-13,40.00,44.38,39.50,42.00,95805539,3975316992.00
2015-05-14,41.70,44.80,41.32,42.50,78551685,3387295232.00
2015-05-15,41.81,42.40,40.06,41.09,56937624,2349873408.00
2015-05-18,41.28,43.28,41.20,41.93,49874605,2105329792.00
2015-05-19,41.90,42.78,40.43,42.34,53945364,2254792192.00
2015-05-20,42.80,44.20,41.80,41.99,53194528,2297323008.00
2015-05-21,42.15,43.25,41.68,42.58,46764042,1982656896.00
2015-05-22,43.90,43.93,41.79,43.50,61657073,2654881536.00
2015-05-25,42.50,44.66,42.10,44.15,50578472,2201881856.00
2015-05-26,44.30,47.66,43.85,46.90,56909649,2629146880.00
2015-05-27,46.88,48.00,46.20,46.79,45955302,2159984128.00
2015-05-28,46.60,47.62,42.11,42.11,66709549,3017023744.00
2015-05-29,42.22,43.63,40.00,42.14,53181249,2249851904.00
2015-06-01,42.75,44.18,42.57,43.95,47008828,2038668416.00
2015-06-02,44.18,48.35,43.97,48.35,81204805,3795457024.00
2015-06-03,49.50,49.75,45.80,47.42,69828564,3338429184.00
2015-06-04,47.70,49.60,43.00,47.00,61197219,2864112128.00
2015-06-05,47.86,48.30,44.80,46.50,48486925,2265819648.00
2015-06-08,47.00,49.57,45.03,48.61,66596195,3145500416.00
2015-06-09,50.00,53.47,50.00,52.98,100367678,5287830528.00
2015-06-10,51.84,58.28,51.08,58.28,99473439,5468821504.00
2015-06-11,60.10,62.15,57.33,58.85,94653419,5685574656.00
2015-06-12,59.00,64.45,57.81,63.58,79733701,4909592064.00
2015-06-15,63.00,63.44,57.22,57.43,75326773,4539780608.00
2015-06-16,56.00,57.30,52.40,54.52,69126165,3790746624.00
2015-06-17,54.88,57.25,52.50,56.46,52698471,2906957568.00
2015-06-18,55.98,56.30,50.81,50.81,54367583,2890974464.00
2015-06-19,50.81,50.81,46.51,46.82,52135740,2543352832.00
2015-06-23,47.12,49.47,44.80,49.00,50121780,2388893696.00
2015-06-24,49.25,49.40,46.66,48.28,53021548,2557088768.00
2015-06-25,48.18,48.28,43.45,44.05,59082379,2709028864.00
2015-06-26,42.20,42.49,39.65,39.65,58865317,2390957056.00
2015-06-29,39.50,40.24,35.69,35.69,71812664,2661925888.00
2015-06-30,34.62,39.00,32.21,38.14,85211185,3067788544.00
2015-07-01,37.00,39.80,35.01,35.20,81544408,3127442944.00
2015-07-02,34.39,38.65,34.02,35.81,94811127,3453187328.00
2015-07-03,35.70,39.39,32.60,37.70,119136393,4384396800.00
2015-07-06,41.47,41.47,33.93,37.84,123692955,4677857792.00
2015-07-07,35.00,36.22,34.06,34.06,72733500,2506545408.00
2015-07-14,37.47,37.47,37.47,37.47,3105272,116354544.00
2015-07-15,41.22,41.22,36.40,36.41,104762620,4105745664.00
2015-07-16,36.41,38.50,33.00,37.12,60981754,2237735680.00
2015-07-17,37.20,40.69,37.20,40.11,75015385,2956144384.00
2015-07-20,41.40,44.01,41.00,43.95,98292727,4195250176.00
2015-07-21,42.90,45.28,42.10,44.00,83339910,3694638336.00
2015-07-22,43.00,45.29,42.02,43.20,66913555,2926573824.00
2015-07-23,42.99,44.20,42.21,43.99,53632574,2329861632.00
2015-07-24,44.05,46.00,43.00,43.98,73610668,3271767296.00
2015-07-27,41.05,46.23,39.58,39.58,107287839,4652870656.00
2015-09-22,39.58,39.58,39.58,39.58,0,0.00
数据来源:通达信
