300464 星徽精密 日线 前复权
      日期	    开盘	    最高	    最低	    收盘	    成交量	    成交额
2015-06-10,13.46,14.69,13.46,14.69,5200,75773.00
2015-06-11,16.16,16.16,16.16,16.16,1000,16160.00
2015-06-12,17.78,17.78,17.78,17.78,2000,35560.00
2015-06-15,19.56,19.56,19.56,19.56,1800,35208.00
2015-06-16,21.52,21.52,21.52,21.52,4800,103296.00
2015-06-17,23.67,23.67,23.67,23.67,26638,630521.44
2015-06-18,26.04,26.04,26.04,26.04,6000,156240.00
2015-06-19,28.64,28.64,28.64,28.64,43938,1258384.38
2015-06-23,31.50,31.50,31.50,31.50,11800,371700.00
2015-06-24,34.65,34.65,34.65,34.65,4500,155925.00
2015-06-25,38.12,38.12,38.12,38.12,10600,404072.00
2015-06-26,41.93,41.93,39.01,41.93,5186731,216438208.00
2015-06-29,37.74,40.89,37.74,37.74,2665826,101609104.00
2015-06-30,33.97,39.92,33.97,36.44,8454554,299917056.00
2015-07-01,36.57,40.08,35.66,37.40,9834444,377345056.00
2015-07-02,36.20,39.13,33.80,34.27,7949334,292509504.00
2015-07-03,30.99,35.20,30.84,30.84,4851553,155588512.00
2015-07-06,33.92,33.92,27.76,29.60,5801840,184675504.00
2015-07-07,27.58,27.80,26.64,26.64,3656035,98710280.00
2015-07-08,23.98,24.93,23.98,23.98,3290550,79105512.00
2015-07-09,22.88,26.38,22.68,26.38,3258802,83773936.00
2015-07-10,27.88,29.02,27.70,29.02,1614478,46059992.00
2015-07-13,31.50,31.92,30.53,31.92,5308681,168845552.00
2015-07-14,32.50,35.11,31.50,35.11,10145832,347631808.00
2015-07-15,32.98,33.60,31.60,31.60,3616110,116164984.00
2015-07-16,28.44,32.50,28.44,29.62,5945040,178875312.00
2015-07-17,29.65,31.98,29.50,31.46,3798933,116783872.00
2015-07-20,31.00,32.06,30.10,30.86,3534900,110317632.00
2015-07-21,30.00,33.25,29.82,32.80,4261552,136695216.00
2015-07-22,32.40,34.83,31.83,33.97,4704385,155753696.00
2015-07-23,33.51,37.37,33.51,37.37,4729841,169453856.00
2015-07-24,38.48,41.00,35.30,38.60,7408870,290846592.00
2015-07-27,36.90,41.00,34.74,34.74,5911556,227142688.00
2015-07-28,31.45,35.99,31.27,33.28,5064566,167325248.00
2015-07-29,34.70,36.61,31.60,36.61,4087912,139633120.00
2015-07-30,37.00,40.27,36.10,37.04,7641868,296733728.00
2015-07-31,35.53,40.74,35.20,40.74,10187092,399782304.00
2015-08-03,41.00,44.81,40.01,44.81,10344988,448565440.00
2015-08-04,45.20,49.29,40.33,41.70,10924606,481379200.00
2015-08-05,40.01,45.87,39.72,45.87,7816404,340438784.00
2015-08-06,43.41,45.90,41.28,42.93,8353476,358174304.00
2015-08-07,41.38,43.50,41.04,42.10,5267038,223352608.00
2015-08-10,42.05,44.04,41.70,43.20,5644530,242871680.00
2015-08-11,43.50,47.50,42.71,45.89,7687320,352069376.00
2015-08-12,45.20,45.77,42.30,42.35,5289894,231900688.00
2015-08-13,41.50,42.98,40.25,42.03,3638663,150907712.00
2015-08-14,42.50,42.51,41.28,41.58,2837395,118647584.00
2015-08-17,41.40,41.60,38.47,38.80,2949939,116414184.00
2015-08-18,38.75,40.35,34.92,34.92,2987757,113018952.00
2015-08-19,34.25,35.78,31.90,35.45,3202677,109533000.00
2015-08-20,35.20,35.50,33.12,33.85,2317202,80192616.00
2015-08-21,32.80,36.97,32.80,35.60,4874408,172368496.00
2015-08-24,35.31,35.31,32.04,33.82,4918758,162708944.00
2015-08-25,33.00,37.20,32.20,37.20,5731683,208968960.00
2015-08-26,38.99,40.92,38.33,40.92,7860101,319649344.00
2015-08-27,45.01,45.01,38.50,42.80,13914027,605267648.00
2015-08-28,41.65,47.08,40.50,47.08,11714910,514234976.00
2015-08-31,46.00,46.00,42.37,42.37,9486893,414320960.00
2015-09-01,38.13,39.30,38.13,38.13,1266000,48297352.00
2015-09-02,34.32,39.98,34.32,34.32,6764536,238105984.00
2015-09-07,32.70,35.36,30.89,30.89,7287408,241756592.00
2015-09-08,29.70,33.00,29.03,33.00,6728956,212269984.00
2015-09-09,34.26,36.30,33.30,36.30,6671149,232850800.00
2015-09-10,36.88,38.30,35.00,35.35,8942235,329037408.00
2015-09-11,33.40,36.80,33.05,34.75,6546642,225052608.00
2015-09-14,34.00,34.50,31.28,31.28,2922596,95849744.00
2015-09-15,29.08,29.97,28.15,28.15,4313560,123183256.00
2015-09-16,27.90,30.97,27.90,30.97,4985274,148004320.00
2015-09-17,31.38,31.99,28.88,29.00,4782834,147418704.00
2015-09-22,32.01,32.01,32.01,32.01,0,0.00
数据来源:通达信
