300428 四通新材 日线 前复权
      日期	    开盘	    最高	    最低	    收盘	    成交量	    成交额
2015-03-19,17.65,21.18,17.65,21.18,19632,414219.75
2015-03-20,23.30,23.30,23.30,23.30,5700,132810.00
2015-03-23,25.63,25.63,25.63,25.63,5200,133276.00
2015-03-24,28.19,28.19,28.19,28.19,10768,303549.91
2015-03-25,31.01,31.01,31.01,31.01,25300,784553.00
2015-03-26,34.11,34.11,34.11,34.11,69150,2358706.50
2015-03-27,37.52,37.52,36.00,37.52,6513555,242458928.00
2015-03-30,39.58,41.27,39.15,39.99,12179720,490901184.00
2015-03-31,37.56,39.48,37.40,39.48,7190594,276361696.00
2015-04-01,39.03,40.88,38.80,39.58,5196312,206229008.00
2015-04-02,39.12,42.58,39.08,40.95,6459089,262031392.00
2015-04-03,39.94,43.57,39.70,42.70,6665862,274311456.00
2015-04-07,42.49,44.70,42.08,42.91,5220766,225500000.00
2015-04-08,42.91,43.05,40.00,41.52,3987481,165816096.00
2015-04-09,41.28,42.78,39.50,42.07,3958581,162502208.00
2015-04-10,41.75,44.55,41.63,43.72,4696946,203898752.00
2015-04-13,43.73,45.49,43.19,44.49,3823496,170030336.00
2015-04-14,44.49,45.55,42.78,43.59,3575530,157228784.00
2015-04-15,42.93,42.93,40.50,40.51,2820651,116881760.00
2015-04-16,40.29,42.11,39.53,40.86,2429490,100123760.00
2015-04-17,41.10,41.37,40.30,40.50,2224469,90954328.00
2015-04-20,40.15,40.50,38.85,39.03,2420708,96269784.00
2015-04-21,38.70,40.78,38.70,40.65,1663000,66616976.00
2015-04-22,41.00,41.65,41.00,41.12,2268500,93526408.00
2015-04-23,41.34,42.75,40.83,42.36,3600120,150477584.00
2015-04-24,41.63,44.98,41.33,43.70,3951269,171683344.00
2015-04-27,45.12,45.60,43.20,43.70,3653319,161491936.00
2015-04-28,43.50,44.00,40.76,41.30,2692071,113212528.00
2015-04-29,41.15,45.00,41.00,44.55,3484360,151279552.00
2015-04-30,45.00,45.80,43.80,44.00,3663770,164126576.00
2015-05-04,43.74,46.95,42.50,46.53,3380826,150898976.00
2015-05-05,45.95,48.36,44.91,46.78,4527940,211186544.00
2015-05-06,47.00,49.58,44.00,45.03,4353345,208700832.00
2015-05-07,43.61,44.97,43.20,43.30,2421741,106031568.00
2015-05-08,44.20,47.08,43.83,46.85,3166167,143177120.00
2015-05-11,47.45,50.99,47.03,50.28,4834092,238305488.00
2015-05-12,50.22,54.39,49.02,53.80,5780410,299454176.00
2015-05-13,51.00,54.80,50.09,52.30,3842802,201161392.00
2015-05-14,51.78,57.53,51.21,57.53,4143800,228193408.00
2015-05-15,57.53,62.99,54.53,60.70,4630682,269931392.00
2015-05-18,59.99,66.77,59.01,66.77,3610030,232660032.00
2015-05-19,69.55,71.50,63.01,67.19,4740645,314650016.00
2015-05-20,65.89,69.99,65.20,68.95,3980011,271350016.00
2015-05-21,68.50,69.96,66.00,68.30,3450292,234110064.00
2015-05-22,69.98,70.70,64.05,66.50,3503768,234623904.00
2015-05-25,64.45,70.45,64.00,68.53,3267450,221441328.00
2015-05-26,68.50,75.38,68.50,75.38,2525720,185375344.00
2015-05-27,78.00,82.92,77.65,82.92,4989238,402071936.00
2015-05-28,86.00,91.21,78.50,78.50,6104012,543501952.00
2015-05-29,75.10,82.99,70.65,76.20,4585098,349538016.00
2015-06-01,77.00,77.30,71.30,74.78,3235403,240409856.00
2015-06-02,73.99,75.98,72.00,74.46,2957974,218666736.00
2015-06-03,74.75,77.00,72.66,75.37,2404735,181560096.00
2015-06-04,75.98,75.98,67.83,68.50,3134469,218728448.00
2015-06-05,69.99,70.49,65.88,67.60,3430137,232716640.00
2015-06-08,67.10,67.10,61.98,63.10,3044422,194239552.00
2015-06-09,63.05,65.90,62.38,64.50,2056960,132306744.00
2015-06-10,64.00,69.28,61.77,67.30,3050003,203957168.00
2015-06-11,67.36,70.28,66.77,70.03,2782823,191592304.00
2015-06-12,71.04,75.43,68.05,68.50,3371473,242116688.00
2015-06-15,67.00,67.49,61.65,61.66,3026407,194629248.00
2015-06-16,59.00,63.65,57.55,61.76,2259732,136312032.00
2015-06-17,61.19,64.46,60.11,63.91,2040721,127625368.00
2015-06-18,63.31,63.66,58.50,58.99,1786649,110096192.00
2015-06-19,56.98,60.87,56.00,57.45,1588398,93324264.00
2015-06-23,58.35,62.50,57.00,62.42,2115419,126525968.00
2015-06-24,63.68,64.00,61.60,63.49,2498686,157215424.00
2015-06-25,63.23,64.00,59.51,59.69,1579424,97716016.00
2015-06-26,57.20,60.00,53.72,53.97,2407390,134930064.00
2015-06-29,56.00,56.79,48.57,48.57,1964687,100291848.00
2015-06-30,48.57,52.36,43.71,51.70,2465885,116675232.00
2015-07-01,49.58,53.80,46.93,47.65,2254809,116088192.00
2015-07-02,46.99,49.88,44.00,44.88,1536890,72161768.00
2015-07-03,44.80,47.40,41.00,43.33,1510919,66487852.00
2015-07-06,47.66,47.66,39.18,42.40,2181917,95687288.00
2015-07-07,40.28,41.02,38.16,38.16,973791,38151852.00
2015-07-08,34.34,35.88,34.34,34.41,2304580,79444704.00
2015-07-09,33.00,37.85,33.00,37.85,1577825,57811956.00
2015-07-10,40.00,41.64,38.56,41.64,873322,35945376.00
2015-07-13,45.80,45.80,44.02,45.80,2045842,93155424.00
2015-07-14,47.21,49.90,45.80,47.80,3948184,188739424.00
2015-07-15,46.00,46.57,43.02,43.02,1911771,84566112.00
2015-07-16,39.00,45.45,38.81,44.13,2067471,88953216.00
2015-07-17,44.13,48.10,44.00,47.05,2189728,101061672.00
2015-07-20,47.10,48.35,45.82,46.73,2144748,101267816.00
2015-07-21,45.87,47.99,44.50,47.43,1854307,86238080.00
2015-07-22,47.00,48.50,46.00,48.08,1935980,92405568.00
2015-07-23,47.98,52.50,47.60,52.28,2971861,149798032.00
2015-07-24,51.85,53.99,50.00,50.21,3408431,177640992.00
2015-07-27,48.05,50.50,45.19,45.19,2507723,120196912.00
2015-07-28,42.58,45.60,41.00,42.81,1776475,76639520.00
2015-07-29,44.00,47.09,42.80,47.09,1931990,86474960.00
2015-07-30,47.95,50.60,47.00,47.65,2637014,129156152.00
2015-07-31,43.50,48.51,43.00,45.45,3228902,145318928.00
2015-08-03,44.00,45.28,41.10,42.00,1839630,79106688.00
2015-08-04,42.76,45.16,42.02,45.16,1863247,81577240.00
2015-08-05,44.58,48.60,44.50,47.50,2889945,134891968.00
2015-08-06,46.11,47.90,46.01,46.80,1743769,81896848.00
2015-08-07,47.30,49.75,47.30,49.17,2608914,127088096.00
2015-08-10,49.33,52.36,49.00,52.01,2836305,142975968.00
2015-08-11,51.49,53.50,50.56,52.60,2771338,143371264.00
2015-08-12,54.00,57.86,53.65,57.86,7315792,417613440.00
2015-08-13,57.70,63.65,55.97,63.65,7836592,463543232.00
2015-08-14,64.50,68.59,61.81,65.00,4813994,308600192.00
2015-08-17,62.00,62.99,58.50,58.50,3639338,215803984.00
2015-08-18,57.00,59.03,52.65,52.65,4204157,234438368.00
2015-08-19,50.10,53.75,47.51,52.81,3301914,168095568.00
2015-08-20,51.99,54.18,50.25,50.25,2244134,116440048.00
2015-08-21,48.51,49.50,45.23,45.23,2273956,107150640.00
2015-08-24,42.00,42.40,40.71,40.71,1870400,76354392.00
2015-08-25,36.64,38.75,36.64,36.64,3381075,124575728.00
2015-08-26,37.00,39.48,35.41,37.07,3608464,135743712.00
2015-08-27,38.56,39.50,36.00,38.74,2513101,96155256.00
2015-08-28,39.45,42.00,38.18,41.26,3091024,121920872.00
2015-08-31,40.47,40.47,37.29,37.29,1923680,75373928.00
2015-09-01,37.00,37.00,33.56,33.56,2011150,69967944.00
2015-09-02,31.01,35.25,31.00,31.90,1673709,55374108.00
2015-09-07,32.60,34.69,32.50,33.50,1389055,46692560.00
2015-09-08,33.25,36.50,32.88,36.35,1530910,53133412.00
2015-09-09,36.83,38.54,36.41,38.25,2113023,79654080.00
2015-09-10,37.20,38.05,36.50,36.69,1639656,60960796.00
2015-09-11,36.60,37.58,36.30,37.45,1067825,39597804.00
2015-09-14,37.45,37.74,33.71,33.71,1542523,54247220.00
2015-09-15,32.01,32.85,30.50,30.54,1247488,39472932.00
2015-09-16,30.70,33.59,30.70,33.59,1519663,48469416.00
2015-09-17,33.61,34.98,32.72,32.80,1732348,58955952.00
2015-09-22,35.55,35.55,35.55,35.55,0,0.00
数据来源:通达信
