300067 安诺其 日线 前复权
      日期	    开盘	    最高	    最低	    收盘	    成交量	    成交额
2010-04-21,5.65,6.01,5.65,5.83,13679152,391903872.00
2010-04-22,5.72,6.17,5.65,5.86,8656971,252383968.00
2010-04-23,5.76,5.81,5.54,5.54,5017037,140819696.00
2010-04-26,5.47,5.54,5.24,5.29,2871818,76248096.00
2010-04-27,5.21,5.23,4.85,4.94,2866207,71109008.00
2010-04-28,4.89,5.10,4.89,4.99,1655019,41164772.00
2010-04-29,5.00,5.06,4.86,4.86,1370858,33959548.00
2010-04-30,4.87,4.90,4.51,4.61,1847894,42788052.00
2010-05-04,4.53,4.66,4.45,4.58,1017289,23274994.00
2010-05-05,4.52,4.74,4.49,4.74,1288559,29971930.00
2010-05-06,4.74,4.74,4.51,4.51,1312485,30269244.00
2010-05-07,4.40,4.57,4.39,4.44,916131,20492978.00
2010-05-10,4.44,4.52,4.10,4.24,1324476,28381354.00
2010-05-11,4.36,4.39,4.07,4.08,1024440,21644256.00
2010-05-12,3.99,4.11,3.92,4.01,941280,18939988.00
2010-05-13,4.04,4.10,3.94,4.10,805280,16288325.00
2010-05-14,4.08,4.11,4.01,4.06,811007,16549591.00
2010-05-17,4.00,4.04,3.80,3.83,819526,16193023.00
2010-05-18,3.76,3.84,3.59,3.79,1039078,19494394.00
2010-05-19,3.73,3.93,3.69,3.85,1127470,21725342.00
2010-05-20,3.80,3.86,3.68,3.69,861814,16316334.00
2010-05-21,3.55,3.79,3.51,3.78,1234624,22797482.00
2010-05-24,3.80,4.02,3.80,3.99,1707002,33701504.00
2010-05-25,3.93,4.00,3.88,3.96,1290079,25491488.00
2010-05-26,3.96,4.01,3.91,3.96,882242,17558118.00
2010-05-27,3.97,4.17,3.87,4.12,1492039,30301364.00
2010-05-28,4.15,4.23,4.09,4.12,1210445,25151404.00
2010-05-31,4.04,4.15,3.95,3.95,950298,19260426.00
2010-06-01,3.91,3.91,3.71,3.75,793403,15127447.00
2010-06-02,3.71,3.83,3.70,3.82,439233,8307545.50
2010-06-03,3.83,3.92,3.78,3.78,749998,14520062.00
2010-06-04,3.79,3.88,3.74,3.88,620303,11868999.00
2010-06-07,3.78,4.06,3.75,4.02,1529997,30509286.00
2010-06-08,4.00,4.09,3.99,4.07,1208350,24478602.00
2010-06-09,4.10,4.19,4.02,4.07,2026142,41791936.00
2010-06-10,4.07,4.18,4.05,4.18,1523635,31627068.00
2010-06-11,4.20,4.38,4.18,4.32,2412332,51452396.00
2010-06-17,4.39,4.46,4.11,4.13,2227572,48077572.00
2010-06-18,4.06,4.13,3.76,3.85,1201693,23930516.00
2010-06-21,3.88,4.02,3.76,3.99,809492,15967724.00
2010-06-22,3.99,4.23,3.95,4.13,1247821,25829502.00
2010-06-23,4.07,4.22,4.03,4.20,1156292,24029672.00
2010-06-24,4.24,4.25,4.11,4.17,879678,18469736.00
2010-06-25,4.09,4.17,3.95,4.03,832724,16901994.00
2010-06-28,4.09,4.09,3.93,3.98,643381,12886914.00
2010-06-29,3.96,4.01,3.69,3.70,975263,18656530.00
2010-06-30,3.65,3.69,3.52,3.68,529551,9628458.00
2010-07-01,3.63,3.75,3.56,3.56,570207,10479333.00
2010-07-02,3.55,3.62,3.38,3.60,715322,12739624.00
2010-07-05,3.55,3.60,3.47,3.58,338277,6062125.50
2010-07-06,3.57,3.70,3.53,3.68,587188,10854449.00
2010-07-07,3.69,3.73,3.65,3.70,406428,7557920.50
2010-07-08,3.71,3.71,3.60,3.65,466677,8612198.00
2010-07-09,3.68,3.75,3.58,3.74,661559,12356423.00
2010-07-13,3.77,3.77,3.63,3.73,647361,12034403.00
2010-07-14,3.71,3.79,3.70,3.74,527465,9945263.00
2010-07-15,3.71,3.76,3.57,3.60,453120,8372822.50
2010-07-16,3.63,3.63,3.53,3.62,376720,6793820.00
2010-07-19,3.57,3.69,3.57,3.68,381536,6977195.00
2010-07-20,3.67,3.77,3.67,3.76,632533,11911133.00
2010-07-21,3.75,3.85,3.75,3.78,861663,16526176.00
2010-07-22,3.75,3.84,3.74,3.81,628252,11991632.00
2010-07-23,3.78,3.84,3.69,3.80,2193636,41615240.00
2010-07-26,3.79,3.86,3.76,3.86,1561456,29922546.00
2010-07-27,3.85,3.85,3.77,3.78,1034194,19779452.00
2010-07-28,3.76,3.84,3.76,3.84,1143935,21948718.00
2010-07-29,3.85,3.94,3.83,3.93,2124499,41685724.00
2010-07-30,3.92,3.92,3.81,3.88,1167804,22710902.00
2010-08-02,3.88,3.98,3.87,3.97,1490367,29410344.00
2010-08-03,3.98,4.09,3.91,3.91,2105835,42539288.00
2010-08-04,3.88,4.02,3.87,4.01,1369750,27069618.00
2010-08-05,4.02,4.11,3.80,3.99,2178911,43960412.00
2010-08-06,3.96,4.08,3.93,4.08,1702707,34315212.00
2010-08-09,4.08,4.28,4.08,4.26,2471593,52113404.00
2010-08-10,4.29,4.69,4.28,4.41,4985192,111942328.00
2010-08-11,4.40,4.61,4.36,4.49,3491042,78682984.00
2010-08-12,4.41,4.51,4.34,4.34,1924727,42424356.00
2010-08-13,4.37,4.42,4.24,4.36,1477067,31879022.00
2010-08-16,4.33,4.44,4.33,4.42,1514539,33297520.00
2010-08-17,4.44,4.46,4.33,4.38,1098278,24099336.00
2010-08-18,4.37,4.42,4.34,4.34,1078403,23557348.00
2010-08-19,4.39,4.39,4.20,4.23,1867297,39778240.00
2010-08-20,4.21,4.21,4.05,4.06,1792387,36974104.00
2010-08-23,4.05,4.05,3.94,4.01,2521591,50369256.00
2010-08-24,3.99,4.07,3.97,4.05,1485110,29986096.00
2010-08-25,4.01,4.01,3.84,3.85,1769968,34914164.00
2010-08-26,3.85,3.91,3.84,3.87,1337517,26020588.00
2010-08-27,3.87,3.98,3.85,3.97,1370184,26981450.00
2010-08-30,3.99,4.05,3.97,4.03,1638681,33030316.00
2010-08-31,4.03,4.07,3.94,3.97,1584361,31611542.00
2010-09-01,3.97,4.00,3.80,3.85,1413568,27708848.00
2010-09-02,3.85,3.93,3.85,3.90,1200389,23478330.00
2010-09-03,3.91,4.02,3.89,4.00,1988821,39670528.00
2010-09-06,4.04,4.05,3.90,3.95,1138114,22608864.00
2010-09-07,3.99,4.00,3.93,4.00,919557,18281978.00
2010-09-08,3.99,4.04,3.95,4.04,1136760,22860220.00
2010-09-09,4.04,4.05,3.94,3.95,1327522,26635938.00
2010-09-10,3.99,4.03,3.92,4.03,1133424,22614574.00
2010-09-13,4.03,4.11,4.03,4.11,1788782,36575944.00
2010-09-14,4.05,4.15,4.05,4.06,1298598,26519004.00
2010-09-15,3.98,4.06,3.93,3.99,1523479,30299946.00
2010-09-16,3.99,4.02,3.89,3.90,1475825,29234698.00
2010-09-17,3.93,3.96,3.85,3.85,688444,13419321.00
2010-09-20,3.87,3.87,3.68,3.71,774043,14704823.00
2010-09-21,3.73,3.84,3.67,3.77,640578,12098143.00
2010-09-27,3.78,3.80,3.71,3.79,305508,5795867.00
2010-09-28,3.79,3.79,3.69,3.71,633274,11869176.00
2010-09-29,3.69,3.74,3.57,3.58,594105,10932505.00
2010-09-30,3.58,3.65,3.57,3.63,387787,7071786.00
2010-10-08,3.65,3.74,3.63,3.71,591481,11004232.00
2010-10-11,3.73,3.73,3.68,3.71,644046,11997989.00
2010-10-12,3.71,3.78,3.70,3.75,612518,11556290.00
2010-10-13,3.75,3.80,3.74,3.80,744233,14069373.00
2010-10-14,3.80,3.80,3.69,3.69,899623,16899926.00
2010-10-15,3.70,3.71,3.61,3.65,943992,17331188.00
2010-10-18,3.64,3.64,3.54,3.55,992127,17827500.00
2010-10-19,3.59,3.85,3.56,3.78,1919253,36229316.00
2010-10-20,3.71,3.89,3.69,3.75,1638636,31209106.00
2010-10-21,3.75,3.77,3.70,3.76,768964,14448467.00
2010-10-22,3.76,3.85,3.74,3.80,1170113,22423104.00
2010-10-25,3.82,3.89,3.78,3.88,1438279,27892238.00
2010-10-26,3.89,3.91,3.80,3.83,1174692,22651868.00
2010-10-27,3.81,3.86,3.75,3.78,1066336,20397916.00
2010-10-28,3.78,3.80,3.75,3.80,734376,13953860.00
2010-10-29,3.80,3.88,3.79,3.86,1152540,22284530.00
2010-11-01,3.90,4.01,3.86,3.98,2001303,39734132.00
2010-11-02,4.02,4.02,3.85,3.86,1576824,31059378.00
2010-11-03,3.86,3.86,3.78,3.79,885955,16947098.00
2010-11-04,3.78,3.83,3.78,3.83,655564,12545957.00
2010-11-05,3.84,3.88,3.80,3.86,751679,14515586.00
2010-11-08,3.86,3.98,3.86,3.97,1373272,27048306.00
2010-11-09,3.99,3.99,3.91,3.96,1395682,27693788.00
2010-11-10,3.96,4.05,3.95,4.04,2120951,42796336.00
2010-11-11,4.03,4.14,3.99,4.00,2144508,43761836.00
2010-11-12,4.00,4.03,3.77,3.77,1837842,35943896.00
2010-11-15,3.78,3.92,3.78,3.92,1339662,26061802.00
2010-11-16,3.98,4.05,3.82,3.86,2060079,40806160.00
2010-11-17,3.83,3.93,3.78,3.81,1194923,23278048.00
2010-11-18,3.84,3.96,3.82,3.95,1219570,23875578.00
2010-11-19,3.98,4.06,3.93,4.06,2513696,50450316.00
2010-11-22,4.03,4.19,4.02,4.13,3594707,74451392.00
2010-11-23,4.13,4.13,3.94,4.07,1701400,34409860.00
2010-11-24,4.09,4.38,4.09,4.27,3365236,71977648.00
2010-11-25,4.25,4.36,4.13,4.17,3504162,74088368.00
2010-11-26,4.16,4.21,4.11,4.17,1726982,35947976.00
2010-11-29,4.18,4.25,4.14,4.23,1640623,34493636.00
2010-11-30,4.20,4.21,3.96,4.04,1940104,39578492.00
2010-12-01,4.02,4.08,3.99,4.05,600032,12169140.00
2010-12-02,4.09,4.14,4.05,4.10,1136005,23330684.00
2010-12-03,4.11,4.11,3.98,4.04,880566,17782548.00
2010-12-06,4.01,4.04,3.93,3.95,781089,15588914.00
2010-12-07,3.94,4.02,3.90,4.02,649680,12914328.00
2010-12-08,4.05,4.11,4.02,4.07,1254277,25595246.00
2010-12-09,4.08,4.19,4.07,4.07,2098845,43546164.00
2010-12-10,4.07,4.09,3.95,4.08,1052478,21297246.00
2010-12-13,4.11,4.19,4.04,4.17,1640625,34137820.00
2010-12-14,4.18,4.23,4.13,4.19,1237809,25851780.00
2010-12-15,4.19,4.25,4.15,4.17,1449617,30484956.00
2010-12-16,4.17,4.23,4.16,4.18,1028576,21611242.00
2010-12-17,4.17,4.21,4.15,4.18,821510,17167748.00
2010-12-20,4.19,4.24,4.00,4.09,1400778,28898222.00
2010-12-21,4.09,4.13,4.03,4.10,852897,17459730.00
2010-12-22,4.10,4.12,4.04,4.06,713582,14570493.00
2010-12-23,4.06,4.09,4.00,4.00,613545,12428735.00
2010-12-24,3.99,4.03,3.94,4.01,690996,13843893.00
2010-12-27,4.00,4.06,3.89,3.89,660411,13171416.00
2010-12-28,3.88,3.88,3.75,3.75,633741,12154977.00
2010-12-29,3.76,3.81,3.74,3.80,356007,6771515.00
2010-12-30,3.80,3.85,3.78,3.83,248615,4769574.00
2010-12-31,3.85,3.87,3.83,3.87,338933,6557814.50
2011-01-04,3.88,3.91,3.85,3.90,433786,8455327.00
2011-01-05,3.89,3.94,3.87,3.87,370055,7232155.00
2011-01-06,3.90,3.90,3.81,3.82,451904,8709965.00
2011-01-07,3.80,3.85,3.79,3.81,381309,7330386.00
2011-01-10,3.84,3.84,3.75,3.75,286249,5461297.00
2011-01-11,3.75,3.77,3.71,3.75,317046,5954890.50
2011-01-12,3.75,3.79,3.71,3.78,243781,4602926.50
2011-01-13,3.78,3.80,3.76,3.78,212102,4037927.25
2011-01-14,3.74,3.79,3.70,3.70,330290,6193030.00
2011-01-17,3.69,3.69,3.53,3.53,568662,10276232.00
2011-01-18,3.53,3.59,3.51,3.55,206541,3707229.50
2011-01-19,3.58,3.61,3.55,3.60,304204,5488618.00
2011-01-20,3.60,3.60,3.47,3.47,276330,4918669.00
2011-01-21,3.46,3.53,3.44,3.49,202320,3556985.00
2011-01-24,3.49,3.51,3.38,3.39,297600,5155280.00
2011-01-25,3.40,3.40,3.36,3.38,167899,2861164.00
2011-01-26,3.40,3.43,3.38,3.42,213700,3682805.00
2011-01-27,3.38,3.48,3.38,3.45,214941,3737557.00
2011-01-28,3.46,3.48,3.44,3.47,139566,2436083.50
2011-01-31,3.47,3.50,3.44,3.49,204508,3590268.00
2011-02-01,3.49,3.51,3.49,3.51,182004,3217057.25
2011-02-09,3.47,3.52,3.46,3.47,173882,3063502.00
2011-02-10,3.47,3.57,3.47,3.57,376220,6718712.50
2011-02-11,3.57,3.63,3.53,3.63,343684,6219946.50
2011-02-14,3.61,3.68,3.61,3.68,494464,9073361.00
2011-02-15,3.68,3.68,3.64,3.67,411558,7607379.50
2011-02-16,3.67,3.70,3.65,3.70,407080,7533584.50
2011-02-17,3.71,3.71,3.63,3.64,636160,11725660.00
2011-02-18,3.64,3.64,3.59,3.64,466774,8527559.00
2011-02-21,3.64,3.69,3.62,3.68,573214,10542758.00
2011-02-22,3.68,3.69,3.54,3.55,588171,10684920.00
2011-02-23,3.54,3.59,3.53,3.56,380477,6829314.50
2011-02-24,3.56,3.60,3.54,3.60,495601,8924387.00
2011-02-25,3.59,3.61,3.55,3.60,372714,6739489.50
2011-02-28,3.58,3.61,3.55,3.61,536983,9688353.00
2011-03-01,3.61,3.63,3.59,3.62,623233,11350013.00
2011-03-02,3.62,3.67,3.62,3.66,895424,16450825.00
2011-03-03,3.67,3.68,3.62,3.62,611982,11236371.00
2011-03-04,3.62,3.67,3.60,3.66,653209,11955477.00
2011-03-07,3.67,3.73,3.65,3.65,543065,10042138.00
2011-03-08,3.65,3.69,3.64,3.68,599585,11089407.00
2011-03-09,3.70,3.70,3.66,3.68,475710,8796692.00
2011-03-10,3.69,3.70,3.65,3.65,410218,7598604.50
2011-03-11,3.64,3.94,3.63,3.75,1217102,23115384.00
2011-03-14,3.78,3.80,3.74,3.77,744796,14136812.00
2011-03-15,3.76,3.76,3.62,3.68,478701,8899874.00
2011-03-16,3.70,3.75,3.69,3.75,336955,6310027.50
2011-03-17,3.71,3.74,3.65,3.67,415270,7718408.00
2011-03-18,3.67,3.70,3.66,3.67,234929,4345653.00
2011-03-21,3.63,3.69,3.63,3.69,343080,6324171.00
2011-03-22,3.71,3.71,3.66,3.69,244240,4523735.00
2011-03-23,3.66,3.72,3.66,3.71,270475,5048890.00
2011-03-24,3.71,3.78,3.69,3.76,489664,9245660.00
2011-03-25,3.76,3.79,3.71,3.76,347516,6552257.00
2011-03-28,3.76,3.79,3.71,3.74,533896,10065626.00
2011-03-29,3.75,3.77,3.68,3.68,445529,8299990.00
2011-03-30,3.74,3.78,3.70,3.71,548944,10341052.00
2011-03-31,3.75,3.78,3.71,3.78,680285,12850005.00
2011-04-01,3.78,3.81,3.73,3.76,504199,9555446.00
2011-04-06,3.76,3.76,3.64,3.66,575844,10682901.00
2011-04-07,3.71,3.72,3.65,3.71,206327,3843204.50
2011-04-08,3.71,3.72,3.69,3.72,321590,6010268.00
2011-04-11,3.72,3.73,3.67,3.67,308922,5731503.00
2011-04-12,3.65,3.69,3.65,3.68,284476,5263035.00
2011-04-13,3.67,3.70,3.66,3.70,282130,5239757.50
2011-04-14,3.71,3.71,3.68,3.70,206975,3857931.75
2011-04-15,3.71,3.71,3.67,3.70,218410,4060845.75
2011-04-18,3.68,3.71,3.67,3.68,284995,5280334.50
2011-04-19,3.68,3.68,3.61,3.62,317031,5804654.50
2011-04-20,3.65,3.67,3.62,3.65,237375,4360970.00
2011-04-21,3.64,3.75,3.64,3.73,409988,7662024.50
2011-04-22,3.74,3.74,3.68,3.71,300275,5591554.00
2011-04-25,3.68,3.73,3.68,3.69,329022,6129780.00
2011-04-26,3.71,3.71,3.58,3.65,251254,4605945.00
2011-04-27,3.66,3.78,3.65,3.74,961263,18050368.00
2011-04-28,3.75,3.85,3.73,3.81,1558130,29933776.00
2011-04-29,3.81,4.10,3.81,4.04,2607655,52392300.00
2011-05-03,3.99,4.16,3.90,4.02,1528307,30765214.00
2011-05-04,3.99,4.01,3.88,3.89,964820,19043702.00
2011-05-05,3.89,3.89,3.80,3.86,832934,16046145.00
2011-05-06,3.82,4.03,3.80,3.99,1230830,24429166.00
2011-05-09,3.99,4.05,3.90,3.91,961592,19021256.00
2011-05-11,3.92,3.96,3.83,3.92,699238,13647340.00
2011-05-12,3.91,3.91,3.85,3.85,419591,8171901.00
2011-05-13,3.82,3.95,3.81,3.92,506937,9836900.00
2011-05-16,3.90,3.94,3.87,3.87,392915,7705016.00
2011-05-17,3.85,3.95,3.83,3.94,575578,11261561.00
2011-05-18,3.94,4.01,3.87,3.88,648480,12853025.00
2011-05-19,3.88,3.89,3.80,3.82,652468,12579684.00
2011-05-20,3.84,3.84,3.64,3.66,656538,8016188.00
2011-05-23,3.63,3.63,3.28,3.29,1367348,15210578.00
2011-05-24,3.27,3.41,3.16,3.33,734147,8010024.50
2011-05-25,3.32,3.37,3.22,3.24,446493,4854348.50
2011-05-26,3.27,3.30,3.13,3.14,487071,5162347.00
2011-05-27,3.14,3.22,3.12,3.14,378219,3958608.50
2011-05-30,3.11,3.18,3.09,3.15,414875,4343416.50
2011-05-31,3.14,3.20,3.12,3.19,441441,4634606.00
2011-06-01,3.19,3.21,3.16,3.19,299906,3174506.00
2011-06-02,3.17,3.17,3.05,3.10,451664,4662987.00
2011-06-03,3.11,3.16,3.07,3.12,653210,6762788.50
2011-06-07,3.12,3.13,3.07,3.12,323679,3341775.75
2011-06-08,3.10,3.13,3.04,3.09,543683,5538522.00
2011-06-09,3.09,3.09,3.01,3.02,306963,3117882.00
2011-06-10,3.02,3.08,3.01,3.07,371073,3752525.50
2011-06-13,3.02,3.11,3.01,3.08,332898,3389753.50
2011-06-14,3.08,3.10,3.05,3.09,269891,2768979.50
2011-06-15,3.09,3.10,3.03,3.06,249538,2554952.00
2011-06-16,3.04,3.08,3.02,3.03,220714,2231091.50
2011-06-17,3.03,3.05,2.98,2.98,175867,1762363.00
2011-06-20,2.97,2.98,2.69,2.83,462530,4361683.50
2011-06-21,2.80,2.83,2.77,2.83,287850,2696561.25
2011-06-22,2.82,2.85,2.82,2.83,176598,1671449.38
2011-06-23,2.87,2.96,2.80,2.93,698833,6678583.50
2011-06-24,2.90,3.00,2.88,2.98,743944,7315533.50
2011-06-27,2.99,3.03,2.97,2.99,510686,5094457.50
2011-06-28,3.01,3.01,2.97,2.99,343659,3419243.75
2011-06-29,2.98,3.15,2.98,3.07,1193121,12194761.00
2011-06-30,3.13,3.18,3.06,3.12,841503,8706628.00
2011-07-01,3.27,3.27,3.11,3.16,719512,7505553.50
2011-07-04,3.19,3.19,3.12,3.18,847979,8877111.00
2011-07-05,3.25,3.25,3.14,3.16,1011463,10687265.00
2011-07-06,3.13,3.21,3.12,3.18,759279,7913388.00
2011-07-07,3.18,3.21,3.13,3.16,850440,8950616.00
2011-07-08,3.18,3.18,3.11,3.12,519436,5392664.00
2011-07-11,3.12,3.12,3.07,3.10,695539,7146149.00
2011-07-12,3.13,3.13,3.01,3.03,733859,7472495.00
2011-07-13,3.05,3.09,3.03,3.08,492388,5018773.50
2011-07-14,3.09,3.19,3.08,3.19,1437573,15007696.00
2011-07-15,3.18,3.31,3.17,3.31,2174335,23468464.00
2011-07-18,3.31,3.32,3.23,3.24,1145295,12388133.00
2011-07-19,3.23,3.23,3.12,3.15,773961,8126821.50
2011-07-20,3.18,3.19,3.12,3.16,728209,7651871.00
2011-07-21,3.18,3.18,3.08,3.08,635926,6589604.00
2011-07-22,3.11,3.15,3.09,3.13,426169,4403407.50
2011-07-25,3.13,3.13,2.97,2.97,803349,8116709.00
2011-07-26,2.98,3.02,2.94,2.98,384012,3798678.25
2011-07-27,2.98,3.04,2.94,3.03,453621,4543196.50
2011-07-28,3.01,3.01,2.96,2.99,411509,4083450.75
2011-07-29,2.99,3.04,2.99,3.00,480143,4802344.50
2011-08-01,2.98,3.05,2.98,3.04,398245,4007255.00
2011-08-02,3.04,3.05,2.94,3.05,683628,6809362.00
2011-08-04,3.27,3.37,3.17,3.21,3613019,39165124.00
2011-08-05,2.92,3.08,2.92,3.01,2038255,20468768.00
2011-08-08,2.95,2.97,2.73,2.75,1222371,11563359.00
2011-08-09,2.70,2.77,2.60,2.73,821311,7356157.00
2011-08-10,2.79,2.83,2.76,2.76,642650,5978502.00
2011-08-11,2.70,2.95,2.69,2.92,1530949,14643882.00
2011-08-12,2.93,2.98,2.89,2.94,1122592,10971288.00
2011-08-15,2.95,3.03,2.94,3.03,922206,9192728.00
2011-08-16,3.06,3.09,3.01,3.06,1119138,11379289.00
2011-08-17,3.03,3.07,2.98,3.05,774992,7803968.00
2011-08-18,3.01,3.03,2.95,2.95,578870,5744401.50
2011-08-19,2.92,2.96,2.85,2.95,617598,5963353.00
2011-08-22,2.93,3.04,2.93,3.00,627217,6262185.00
2011-08-23,3.01,3.11,3.00,3.11,1345085,13716318.00
2011-08-24,3.15,3.15,3.06,3.06,1226787,12652435.00
2011-08-25,3.10,3.10,3.02,3.08,1071082,10884481.00
2011-08-26,3.05,3.16,3.05,3.15,1431020,14831373.00
2011-08-29,3.13,3.21,3.11,3.13,1287393,13498639.00
2011-08-30,3.13,3.16,3.04,3.04,1013410,10434746.00
2011-08-31,3.03,3.07,2.97,3.03,662935,6652781.00
2011-09-01,3.02,3.06,2.99,3.02,640556,6456400.00
2011-09-02,2.98,3.05,2.94,2.97,591330,5843771.00
2011-09-05,2.93,2.97,2.81,2.82,828637,7854728.50
2011-09-06,2.80,2.83,2.78,2.79,457155,4274333.50
2011-09-07,2.83,2.89,2.81,2.89,560241,5337932.50
2011-09-08,2.90,2.93,2.86,2.86,534789,5166982.00
2011-09-09,2.86,2.90,2.84,2.84,246718,2351672.50
2011-09-13,2.80,2.80,2.75,2.78,310336,2869942.50
2011-09-14,2.81,2.83,2.75,2.83,244415,2275774.50
2011-09-15,2.83,2.86,2.81,2.83,379500,3590474.75
2011-09-16,2.85,2.86,2.81,2.82,386165,3652250.25
2011-09-19,2.83,2.83,2.73,2.73,350488,3218045.50
2011-09-20,2.73,2.76,2.72,2.75,261066,2387380.25
2011-09-21,2.74,2.85,2.73,2.83,572901,5366411.00
2011-09-22,2.82,2.82,2.73,2.73,490550,4555123.00
2011-09-23,2.70,2.73,2.66,2.72,349878,3157784.00
2011-09-26,2.70,2.73,2.69,2.70,163963,1485608.50
2011-09-27,2.73,2.74,2.69,2.73,260253,2361186.00
2011-09-28,2.74,2.74,2.69,2.69,191480,1734055.50
2011-09-29,2.65,2.67,2.57,2.57,416685,3643599.75
2011-09-30,2.58,2.61,2.54,2.59,288488,2486637.75
2011-10-10,2.59,2.62,2.56,2.60,197558,1717524.75
2011-10-11,2.66,2.68,2.59,2.62,249576,2205869.00
2011-10-12,2.59,2.71,2.58,2.70,351477,3138824.75
2011-10-13,2.72,2.77,2.70,2.75,498569,4557119.50
2011-10-14,2.73,2.75,2.70,2.72,297115,2701593.00
2011-10-17,2.72,2.75,2.71,2.73,171796,1565688.25
2011-10-18,2.70,2.72,2.65,2.65,252212,2261513.75
2011-10-19,2.67,2.68,2.64,2.68,172194,1532241.38
2011-10-20,2.66,2.66,2.56,2.58,307137,2664788.00
2011-10-21,2.58,2.61,2.57,2.59,132200,1144174.00
2011-10-24,2.62,2.63,2.51,2.63,267689,2317561.00
2011-10-25,2.62,2.70,2.60,2.70,286754,2554408.25
2011-10-26,2.69,2.77,2.66,2.74,646653,5906110.00
2011-10-27,2.76,2.77,2.73,2.74,418828,3838049.75
2011-10-28,2.75,2.83,2.74,2.83,594383,5496828.50
2011-10-31,2.80,2.84,2.78,2.83,525680,4934377.00
2011-11-01,2.79,2.83,2.78,2.81,473588,4430037.50
2011-11-02,2.77,2.89,2.74,2.88,1046039,9906373.00
2011-11-03,2.89,2.94,2.89,2.89,1079805,10467720.00
2011-11-04,2.90,2.91,2.85,2.89,743720,7122397.50
2011-11-07,2.88,2.91,2.87,2.91,620160,5976816.50
2011-11-08,2.93,3.10,2.89,2.97,2316307,23261902.00
2011-11-09,2.97,3.05,2.93,3.04,1505846,14927601.00
2011-11-10,3.01,3.28,2.97,3.16,4019110,41995828.00
2011-11-11,3.13,3.49,3.12,3.38,6608485,73903752.00
2011-11-14,3.39,3.43,3.33,3.43,3759136,42044844.00
2011-11-15,3.38,3.40,3.32,3.34,2493127,27634826.00
2011-11-16,3.33,3.37,3.19,3.24,2387016,25824964.00
2011-11-17,3.23,3.31,3.22,3.25,1680572,18124662.00
2011-11-18,3.21,3.23,3.10,3.10,1658616,17300848.00
2011-11-21,3.12,3.17,3.08,3.17,1021614,10596413.00
2011-11-22,3.11,3.15,3.03,3.12,1377716,14135690.00
2011-11-23,3.12,3.14,3.04,3.05,915810,9342277.00
2011-11-24,3.03,3.06,2.97,3.02,870031,8706022.00
2011-11-25,3.15,3.15,3.01,3.01,1333972,13648424.00
2011-11-28,3.01,3.04,2.94,2.97,624358,6180625.50
2011-11-29,2.99,3.03,2.94,3.03,850216,8463587.00
2011-11-30,3.02,3.04,2.71,2.71,2065010,19304880.00
2011-12-01,2.81,2.83,2.74,2.74,2012141,18650298.00
2011-12-02,2.75,2.75,2.64,2.66,807750,7201344.00
2011-12-05,2.66,2.66,2.57,2.59,590708,5144692.00
2011-12-06,2.55,2.67,2.55,2.65,645723,5672589.00
2011-12-07,2.66,2.67,2.63,2.66,327647,2908319.00
2011-12-08,2.64,2.72,2.63,2.69,657329,5902777.50
2011-12-09,2.66,2.70,2.63,2.64,448705,3983542.75
2011-12-12,2.61,2.69,2.61,2.63,296399,2626036.25
2011-12-13,2.59,2.63,2.50,2.52,614877,5229869.00
2011-12-14,2.50,2.54,2.48,2.48,301200,2533882.50
2011-12-15,2.47,2.51,2.43,2.45,593656,4908044.50
2011-12-16,2.44,2.55,2.44,2.54,430339,3598517.75
2011-12-19,2.51,2.59,2.49,2.59,693844,5917807.00
2011-12-20,2.59,2.64,2.54,2.54,619952,5386804.50
2011-12-21,2.56,2.60,2.45,2.45,563466,4780409.50
2011-12-22,2.43,2.45,2.25,2.38,658868,5196569.00
2011-12-23,2.35,2.44,2.35,2.40,359862,2900837.00
2011-12-26,2.35,2.42,2.28,2.35,254783,2047941.38
2011-12-27,2.38,2.38,2.29,2.29,400600,3133319.00
2011-12-28,2.33,2.33,2.23,2.30,484107,3712963.75
2011-12-29,2.30,2.33,2.28,2.31,282199,2195032.75
2011-12-30,2.32,2.36,2.31,2.34,346699,2728283.25
2012-01-04,2.34,2.38,2.28,2.28,353284,2774020.75
2012-01-05,2.28,2.28,2.13,2.15,486899,3582569.75
2012-01-06,2.13,2.18,2.07,2.18,211624,1518756.50
2012-01-09,2.17,2.28,2.15,2.27,500199,3766759.50
2012-01-10,2.28,2.37,2.25,2.36,649738,5070836.50
2012-01-11,2.37,2.38,2.33,2.36,414280,3283635.25
2012-01-12,2.33,2.38,2.33,2.34,398199,3151303.50
2012-01-13,2.33,2.34,2.20,2.23,425172,3245755.50
2012-01-16,2.21,2.21,2.13,2.13,305715,2237198.00
2012-01-17,2.13,2.28,2.13,2.27,423417,3155429.25
2012-01-18,2.26,2.31,2.24,2.27,764075,5843907.50
2012-01-19,2.27,2.37,2.23,2.35,650884,5078432.50
2012-01-20,2.35,2.52,2.35,2.47,1036335,8538476.00
2012-01-30,2.45,2.51,2.40,2.46,465835,3839244.25
2012-01-31,2.43,2.46,2.41,2.43,287701,2345834.25
2012-03-02,2.68,2.68,2.68,2.68,84985,760615.75
2012-03-05,2.96,2.96,2.96,2.96,164576,1621073.63
2012-03-06,3.27,3.27,3.27,3.27,3638360,39439824.00
2012-03-07,3.46,3.61,3.38,3.61,13678484,158034864.00
2012-03-08,3.60,3.63,3.49,3.60,8732609,102744088.00
2012-03-09,3.57,3.68,3.53,3.66,6823216,80991336.00
2012-03-12,3.61,3.78,3.58,3.77,7780642,94598064.00
2012-03-13,3.76,4.16,3.72,4.16,8709167,114102952.00
2012-03-14,4.37,4.57,4.13,4.17,16654194,240349440.00
2012-03-15,4.09,4.35,3.92,3.96,12567323,168713168.00
2012-03-16,3.90,4.00,3.82,3.97,8440670,109036720.00
2012-03-19,3.89,3.99,3.82,3.92,6280817,80731256.00
2012-03-20,3.91,3.91,3.63,3.68,9383564,115500256.00
2012-03-21,3.69,3.76,3.54,3.72,7135159,86138560.00
2012-03-22,3.66,3.74,3.60,3.66,4006908,48539224.00
2012-03-23,3.61,3.75,3.49,3.57,4689035,56098992.00
2012-03-26,3.53,3.61,3.50,3.59,2732863,32085332.00
2012-03-27,3.61,3.65,3.36,3.45,4816696,56444472.00
2012-03-28,3.41,3.53,3.32,3.38,5472510,61877328.00
2012-03-29,3.38,3.50,3.29,3.39,5001829,56419292.00
2012-03-30,3.38,3.40,3.04,3.04,6102110,64818044.00
2012-04-05,2.94,3.11,2.91,3.09,5876858,58899056.00
2012-04-06,3.04,3.26,3.01,3.13,7492691,78478312.00
2012-04-09,3.10,3.22,3.03,3.14,4452660,46208352.00
2012-04-10,3.13,3.16,2.95,3.16,4603519,46694856.00
2012-04-11,3.09,3.26,3.07,3.22,5106494,53962808.00
2012-04-12,3.18,3.24,3.07,3.24,5387210,56527076.00
2012-04-13,3.22,3.22,3.14,3.15,3796885,39986764.00
2012-04-16,3.11,3.21,3.06,3.08,2772827,28777474.00
2012-04-17,3.06,3.15,3.01,3.10,3007404,30799338.00
2012-04-18,3.07,3.27,3.04,3.22,5051422,53416716.00
2012-04-19,3.18,3.38,3.10,3.33,8080850,87398864.00
2012-04-20,3.28,3.34,3.24,3.32,5622325,61496316.00
2012-04-23,3.28,3.29,2.98,2.98,3968128,40190636.00
2012-04-24,2.76,2.81,2.67,2.72,7894775,71107920.00
2012-04-25,2.67,2.73,2.65,2.70,3929792,35421912.00
2012-04-26,2.68,2.74,2.61,2.63,3440143,30587674.00
2012-04-27,2.64,2.73,2.61,2.67,3057995,27445250.00
2012-05-02,2.72,2.72,2.65,2.68,2205881,19759390.00
2012-05-03,2.65,2.71,2.65,2.69,2374473,21299268.00
2012-05-04,2.69,2.75,2.68,2.73,2919298,26526972.00
2012-05-07,2.73,2.80,2.69,2.80,3077651,28179850.00
2012-05-08,2.80,2.94,2.79,2.84,5278101,50150532.00
2012-05-09,2.81,2.81,2.70,2.70,3151178,28806842.00
2012-05-10,2.68,2.77,2.68,2.75,2232870,20380874.00
2012-05-11,2.76,2.79,2.70,2.71,1876029,17122510.00
2012-05-14,2.75,2.75,2.62,2.66,2725018,24410518.00
2012-05-15,2.61,2.65,2.58,2.63,2264940,19784882.00
2012-05-16,2.65,2.91,2.63,2.91,3291965,31313318.00
2012-05-17,2.98,3.21,2.95,3.21,15067387,153908880.00
2012-05-18,3.31,3.52,3.08,3.10,13983840,152935056.00
2012-05-21,3.02,3.16,2.92,2.94,7022707,70159680.00
2012-05-22,2.93,2.99,2.88,2.98,5516343,53932320.00
2012-05-23,2.95,2.96,2.83,2.85,4042247,38801692.00
2012-05-24,2.84,2.94,2.83,2.86,3942922,37883804.00
2012-05-25,2.85,2.90,2.80,2.83,2769472,26283038.00
2012-05-28,2.82,2.83,2.68,2.78,3206535,29227598.00
2012-05-29,2.76,2.88,2.74,2.88,3837141,35970456.00
2012-05-30,2.90,2.90,2.82,2.86,3064012,29033528.00
2012-05-31,2.83,2.92,2.81,2.89,3328107,31900750.00
2012-06-01,2.91,2.93,2.77,2.81,2923086,27820856.00
2012-06-04,2.75,2.75,2.62,2.63,2950913,26509544.00
2012-06-05,2.62,2.68,2.60,2.68,1899455,16794670.00
2012-06-06,2.69,2.71,2.63,2.66,1428801,12737259.00
2012-06-07,2.70,2.72,2.62,2.62,1479749,13160089.00
2012-06-08,2.65,2.68,2.60,2.63,1650587,14557295.00
2012-06-11,2.68,2.91,2.65,2.83,5193296,49281128.00
2012-06-12,2.76,2.77,2.69,2.74,3252629,29366292.00
2012-06-13,2.78,2.81,2.73,2.79,2214493,20267812.00
2012-06-14,2.76,2.81,2.73,2.74,1574963,14392206.00
2012-06-15,2.79,2.79,2.71,2.74,1265184,11489828.00
2012-06-18,2.77,2.80,2.74,2.79,1812463,16610772.00
2012-06-19,2.79,2.79,2.74,2.75,1336816,12211187.00
2012-06-20,2.75,2.83,2.75,2.79,2688773,24856488.00
2012-06-21,2.78,2.93,2.76,2.82,4214355,39635064.00
2012-06-25,2.80,2.80,2.63,2.64,2886060,25494318.00
2012-06-26,2.61,2.67,2.61,2.65,1138606,9917578.00
2012-06-27,2.66,2.72,2.64,2.65,1387184,12286617.00
2012-06-28,2.65,2.68,2.54,2.54,1230570,10649015.00
2012-06-29,2.52,2.60,2.51,2.58,920095,7770955.50
2012-07-02,2.59,2.63,2.58,2.58,1267995,10905697.00
2012-07-03,2.61,2.63,2.56,2.58,1527994,13107931.00
2012-07-04,2.61,2.66,2.57,2.64,1738985,15085086.00
2012-07-05,2.63,2.65,2.52,2.55,1248702,10564966.00
2012-07-06,2.59,2.61,2.48,2.58,1089202,9161745.00
2012-07-09,2.57,2.57,2.42,2.42,1261328,10376676.00
2012-07-10,2.41,2.44,2.40,2.41,576534,4628434.00
2012-07-11,2.43,2.45,2.38,2.45,749800,6038680.50
2012-07-12,2.45,2.45,2.38,2.45,1596640,12795536.00
2012-07-13,2.42,2.43,2.38,2.39,1157098,9221857.00
2012-07-16,2.38,2.38,2.14,2.14,1760247,13084709.00
2012-07-17,2.11,2.20,2.11,2.18,1234637,8919339.00
2012-07-18,2.16,2.23,2.15,2.23,927385,6759106.00
2012-07-19,2.21,2.46,2.18,2.46,3141588,25108848.00
2012-07-20,2.51,2.57,2.38,2.43,4970429,40984808.00
2012-07-23,2.33,2.40,2.31,2.33,1948121,15120352.00
2012-07-24,2.32,2.39,2.27,2.36,1457396,11342071.00
2012-07-25,2.31,2.35,2.29,2.35,1355130,10437128.00
2012-07-26,2.34,2.36,2.23,2.24,1368144,10407763.00
2012-07-27,2.24,2.26,2.20,2.24,1050850,7803045.50
2012-07-30,2.25,2.28,2.14,2.18,916771,6712891.50
2012-07-31,2.13,2.23,2.13,2.20,709825,5168468.50
2012-08-01,2.20,2.29,2.18,2.26,1440040,10728543.00
2012-08-02,2.24,2.28,2.20,2.23,832560,6232931.50
2012-08-03,2.25,2.30,2.23,2.30,1128040,8519156.00
2012-08-06,2.28,2.43,2.27,2.36,2047695,16036783.00
2012-08-07,2.33,2.42,2.33,2.39,1644271,12941754.00
2012-08-08,2.37,2.41,2.30,2.37,1348930,10549080.00
2012-08-09,2.36,2.44,2.32,2.43,1952986,15527749.00
2012-08-10,2.44,2.55,2.37,2.52,3053048,24854216.00
2012-08-13,2.50,2.75,2.45,2.59,5656991,48334508.00
2012-08-14,2.57,2.72,2.56,2.64,4263653,37212864.00
2012-08-15,2.57,2.61,2.43,2.44,3127279,25894186.00
2012-08-16,2.43,2.48,2.38,2.47,1980336,15942587.00
2012-08-17,2.44,2.50,2.39,2.43,1234081,9950515.00
2012-08-20,2.39,2.44,2.35,2.42,1036224,8221506.50
2012-08-21,2.42,2.49,2.41,2.47,1693529,13800417.00
2012-08-22,2.47,2.50,2.44,2.46,1272022,10395335.00
2012-08-23,2.48,2.56,2.43,2.53,2228826,18469334.00
2012-08-24,2.52,2.52,2.40,2.42,1392608,11323210.00
2012-08-27,2.41,2.41,2.29,2.29,1339499,10384450.00
2012-08-28,2.28,2.35,2.28,2.33,752328,5781480.00
2012-08-29,2.32,2.36,2.29,2.31,883320,6826395.50
2012-08-30,2.21,2.21,2.08,2.12,3433580,24444076.00
2012-08-31,2.10,2.14,2.10,2.13,1149799,8113276.50
2012-09-03,2.10,2.18,2.09,2.18,997606,7159690.50
2012-09-04,2.18,2.20,2.13,2.14,978601,7065334.50
2012-09-05,2.13,2.26,2.11,2.21,1369892,10032184.00
2012-09-06,2.23,2.26,2.19,2.25,1018084,7542045.50
2012-09-07,2.28,2.35,2.26,2.29,2495157,19100908.00
2012-09-10,2.29,2.36,2.26,2.32,2350207,18017492.00
2012-09-11,2.31,2.31,2.26,2.29,1747507,13253991.00
2012-09-12,2.29,2.36,2.29,2.35,3104635,23897778.00
2012-09-13,2.36,2.36,2.26,2.26,2175319,16716938.00
2012-09-14,2.29,2.32,2.23,2.28,1343390,10185747.00
2012-09-17,2.28,2.30,2.18,2.19,1373196,10187789.00
2012-09-18,2.18,2.24,2.17,2.21,966231,7126667.50
2012-09-19,2.28,2.44,2.27,2.29,3097236,23820350.00
2012-09-20,2.25,2.28,2.13,2.19,2004804,14673497.00
2012-09-21,2.13,2.19,2.12,2.13,942291,6765972.50
2012-09-24,2.12,2.16,2.10,2.15,584233,4168195.00
2012-09-25,2.15,2.17,2.12,2.15,499113,3560519.75
2012-09-26,2.13,2.16,2.07,2.08,650784,4572981.50
2012-09-27,2.09,2.16,2.08,2.14,955532,6784534.00
2012-09-28,2.13,2.18,2.13,2.17,797804,5719065.50
2012-10-08,2.17,2.20,2.14,2.15,483828,3484446.25
2012-10-09,2.16,2.22,2.16,2.22,1060846,7765271.50
2012-10-10,2.22,2.35,2.20,2.30,2926042,22168068.00
2012-10-11,2.29,2.30,2.24,2.26,1344336,10135506.00
2012-10-12,2.27,2.32,2.25,2.29,1641054,12480862.00
2012-10-15,2.26,2.28,2.11,2.15,1448097,10437495.00
2012-10-16,2.15,2.18,2.14,2.16,550179,3965390.75
2012-10-17,2.17,2.21,2.16,2.20,833943,6089789.50
2012-10-18,2.22,2.27,2.19,2.23,1097230,8168003.50
2012-10-19,2.23,2.25,2.20,2.21,616760,4551456.50
2012-10-22,2.21,2.28,2.19,2.26,791911,5872227.50
2012-10-23,2.26,2.30,2.23,2.26,1375648,10335928.00
2012-10-24,2.25,2.28,2.23,2.27,750162,5634521.00
2012-10-25,2.24,2.28,2.22,2.26,707986,5296337.50
2012-10-26,2.26,2.26,2.18,2.19,701838,5141898.00
2012-10-29,2.16,2.19,2.12,2.13,625935,4496364.00
2012-10-30,2.19,2.31,2.15,2.16,1246251,9128908.00
2012-10-31,2.11,2.19,2.09,2.16,1214099,8575477.00
2012-11-01,2.15,2.21,2.15,2.18,701642,5091537.50
2012-11-02,2.18,2.22,2.17,2.18,670342,4882807.00
2012-11-05,2.19,2.19,2.16,2.17,533239,3857148.25
2012-11-06,2.17,2.18,2.10,2.15,491894,3506383.00
2012-11-07,2.13,2.17,2.13,2.16,319132,2283770.25
2012-11-08,2.12,2.15,2.10,2.10,615445,4341168.50
2012-11-09,2.10,2.12,2.08,2.11,419294,2941522.75
2012-11-12,2.12,2.13,2.10,2.10,568517,4000839.00
2012-11-13,2.11,2.13,2.08,2.09,882432,6177876.00
2012-11-14,2.10,2.13,2.06,2.10,642525,4470333.50
2012-11-15,2.09,2.09,2.00,2.00,805803,5488419.50
2012-11-16,2.01,2.01,1.93,1.96,865027,5656911.50
2012-11-19,1.96,2.00,1.94,1.98,373238,2459045.50
2012-11-20,1.98,2.02,1.97,1.98,304206,2024544.88
2012-11-21,2.01,2.09,1.95,2.08,1069916,7301160.50
2012-11-22,2.12,2.24,2.08,2.09,2493916,17848156.00
2012-11-23,2.01,2.06,1.99,2.01,1565321,10551700.00
2012-11-26,2.01,2.01,1.96,1.97,608488,4037563.50
2012-11-27,1.97,1.98,1.88,1.89,824800,5307584.00
2012-11-28,1.89,1.89,1.82,1.83,466346,2861077.00
2012-11-29,1.82,1.86,1.79,1.81,358181,2197229.50
2012-11-30,1.81,1.84,1.81,1.83,196253,1203547.00
2012-12-03,1.84,1.84,1.76,1.76,374800,2256875.00
2012-12-04,1.75,1.83,1.74,1.82,508850,3039348.75
2012-12-05,1.80,1.89,1.80,1.88,750341,4694754.00
2012-12-06,1.86,1.90,1.86,1.87,341575,2143082.25
2012-12-07,1.87,1.91,1.86,1.91,681313,4323989.50
2012-12-10,1.91,1.95,1.89,1.94,819117,5284194.50
2012-12-11,1.93,1.95,1.92,1.92,649519,4193335.75
2012-12-12,1.92,1.94,1.88,1.91,529659,3376088.25
2012-12-13,1.89,1.96,1.88,1.91,787929,5070301.00
2012-12-14,1.89,1.99,1.88,1.98,1100806,7205159.50
2012-12-17,1.98,2.02,1.94,1.98,1449718,9533541.00
2012-12-18,1.98,2.01,1.95,1.99,1350005,8967592.00
2012-12-19,1.97,2.02,1.96,2.00,976599,6523198.00
2012-12-20,1.98,2.00,1.95,2.00,968000,6402911.00
2012-12-21,2.00,2.03,1.96,2.00,1374484,9150864.00
2012-12-24,1.99,2.01,1.97,2.00,1773280,11752278.00
2012-12-25,2.00,2.05,1.97,2.03,3503675,23625576.00
2012-12-26,2.03,2.09,2.02,2.09,3033633,20818192.00
2012-12-27,2.10,2.12,2.03,2.03,2231496,15344515.00
2012-12-28,2.03,2.06,2.01,2.04,1325412,8980588.00
2012-12-31,2.04,2.04,1.99,2.01,2679929,18043756.00
2013-01-04,2.02,2.03,1.96,1.98,2337379,15571860.00
2013-01-07,1.99,2.04,1.98,2.04,2236336,15021856.00
2013-01-08,2.03,2.09,2.03,2.07,3310059,22767444.00
2013-01-09,2.07,2.15,2.05,2.09,4017410,28157324.00
2013-01-10,2.09,2.16,2.07,2.13,3856472,27249832.00
2013-01-11,2.11,2.13,2.03,2.06,2989424,20842592.00
2013-01-14,2.04,2.14,2.03,2.13,3127572,21969452.00
2013-01-15,2.15,2.21,2.13,2.17,3633348,26213158.00
2013-01-16,2.17,2.21,2.11,2.15,2767685,19886110.00
2013-01-17,2.17,2.20,2.13,2.16,3417032,24654210.00
2013-01-18,2.17,2.19,2.13,2.18,2739521,19731062.00
2013-01-21,2.19,2.24,2.16,2.22,2769423,20250088.00
2013-01-22,2.22,2.22,2.13,2.14,2412781,17373474.00
2013-01-23,2.13,2.16,2.08,2.13,1604110,11317252.00
2013-01-24,2.12,2.15,2.04,2.04,2086291,14597783.00
2013-01-25,2.04,2.07,2.01,2.07,1269621,8660785.00
2013-01-28,2.06,2.11,2.05,2.10,1217988,8455843.00
2013-01-29,2.09,2.13,2.09,2.11,1218425,8556944.00
2013-01-30,2.10,2.11,2.05,2.11,1301743,9057152.00
2013-01-31,2.09,2.11,2.06,2.07,786430,5429661.50
2013-02-01,2.07,2.16,2.03,2.16,2263981,15940328.00
2013-02-04,2.19,2.28,2.13,2.13,4163771,30385496.00
2013-02-05,2.09,2.14,2.07,2.13,1893037,13261321.00
2013-02-06,2.12,2.15,2.11,2.13,1189925,8431808.00
2013-02-07,2.13,2.14,2.10,2.13,1162582,8217807.50
2013-02-08,2.13,2.17,2.13,2.16,1487641,10679956.00
2013-02-18,2.16,2.18,2.14,2.17,1615850,11646653.00
2013-02-19,2.17,2.20,2.14,2.17,1880735,13528606.00
2013-02-20,2.17,2.28,2.16,2.25,4704619,34911764.00
2013-02-21,2.26,2.29,2.19,2.23,3843187,28695426.00
2013-02-22,2.24,2.27,2.20,2.21,2106961,15623374.00
2013-02-25,2.18,2.26,2.18,2.26,1652777,12293291.00
2013-02-26,2.33,2.33,2.17,2.17,2521046,18838240.00
2013-02-27,2.19,2.20,2.13,2.14,1799749,12901400.00
2013-02-28,2.14,2.22,2.14,2.19,1591089,11557524.00
2013-03-01,2.19,2.25,2.19,2.23,1727939,12795592.00
2013-03-04,2.23,2.23,2.12,2.14,1957946,14123428.00
2013-03-05,2.13,2.20,2.13,2.18,1156661,8340926.50
2013-03-06,2.19,2.27,2.18,2.25,2532842,18845164.00
2013-03-07,2.24,2.28,2.21,2.24,1489637,11095804.00
2013-03-08,2.23,2.25,2.22,2.23,807336,6008926.50
2013-03-11,2.23,2.23,2.19,2.22,982953,7244922.50
2013-03-12,2.22,2.25,2.10,2.13,2578180,18593880.00
2013-03-13,2.13,2.13,2.06,2.10,915778,6386010.00
2013-03-14,2.10,2.12,2.07,2.08,910122,6351938.50
2013-03-15,2.08,2.13,2.05,2.11,837283,5854738.00
2013-03-18,2.10,2.12,2.05,2.06,722223,5006645.50
2013-03-19,2.08,2.08,2.01,2.05,580120,3960900.75
2013-03-20,2.05,2.10,2.04,2.10,677906,4706013.00
2013-03-21,2.11,2.14,2.10,2.13,1084337,7674550.00
2013-03-22,2.11,2.14,2.11,2.13,720297,5100043.50
2013-03-25,2.13,2.15,2.12,2.13,560864,3984988.25
2013-03-26,2.13,2.13,2.06,2.10,946305,6580944.50
2013-03-27,2.10,2.13,2.09,2.09,592401,4161110.00
2013-03-28,2.09,2.09,2.05,2.05,750420,5154386.50
2013-03-29,2.05,2.15,2.05,2.13,1401358,9851367.00
2013-04-01,2.12,2.20,2.10,2.16,1578728,11344254.00
2013-04-02,2.14,2.19,2.09,2.09,1056293,7501300.50
2013-04-03,2.08,2.13,2.07,2.13,838060,5835833.50
2013-04-08,2.23,2.23,2.10,2.18,3445581,24936700.00
2013-04-09,2.17,2.38,2.15,2.35,7896407,59626828.00
2013-04-10,2.33,2.33,2.19,2.24,6040395,45091840.00
2013-04-11,2.23,2.24,2.18,2.22,2448053,17950552.00
2013-04-12,2.21,2.21,2.14,2.15,2036953,14721442.00
2013-04-15,2.11,2.14,2.08,2.08,1622352,11392068.00
2013-04-16,2.06,2.10,2.04,2.09,1130387,7809902.50
2013-04-17,2.09,2.16,2.06,2.13,1799313,12578780.00
2013-04-18,2.13,2.13,2.09,2.11,1372629,9649043.00
2013-04-19,2.09,2.15,2.09,2.12,1954991,13823663.00
2013-04-22,2.11,2.17,2.11,2.16,1659379,11820354.00
2013-04-23,2.17,2.17,2.09,2.10,1603570,11326594.00
2013-04-24,2.10,2.14,2.09,2.13,1466083,10348321.00
2013-04-25,2.10,2.13,2.07,2.07,1285068,9006505.00
2013-04-26,2.08,2.08,2.02,2.02,901229,6175109.00
2013-05-02,2.02,2.06,2.02,2.04,924941,6283305.50
2013-05-03,2.04,2.10,2.03,2.08,999202,6929698.00
2013-05-06,2.08,2.13,2.08,2.13,1250852,8799350.00
2013-05-07,2.16,2.22,2.14,2.16,3196452,23135294.00
2013-05-08,2.14,2.16,2.12,2.16,1659660,11818273.00
2013-05-09,2.16,2.16,2.11,2.13,2098390,14911186.00
2013-05-10,2.13,2.16,2.12,2.16,1975211,14092445.00
2013-05-13,2.16,2.20,2.15,2.19,2377521,17248402.00
2013-05-14,2.19,2.19,2.13,2.17,1423588,10203902.00
2013-05-15,2.17,2.21,2.15,2.21,1571249,11449700.00
2013-05-16,2.21,2.23,2.19,2.19,2846660,20907692.00
2013-05-17,2.18,2.24,2.18,2.23,2084069,15329904.00
2013-05-20,2.21,2.28,2.21,2.27,2455336,18357124.00
2013-05-21,2.28,2.30,2.23,2.28,2577122,19236164.00
2013-05-22,2.28,2.34,2.25,2.28,2950069,22241468.00
2013-05-23,2.28,2.31,2.23,2.28,1956680,14643440.00
2013-05-24,2.28,2.34,2.27,2.33,2058748,15673231.00
2013-05-27,2.33,2.36,2.30,2.35,2356410,17968098.00
2013-05-28,2.34,2.35,2.28,2.30,2396725,18148828.00
2013-05-29,2.29,2.33,2.29,2.33,1889653,14381904.00
2013-05-30,2.33,2.33,2.26,2.28,2996939,22535676.00
2013-05-31,2.28,2.29,2.25,2.25,1874216,14025352.00
2013-06-03,2.27,2.33,2.24,2.32,3451712,26053790.00
2013-06-04,2.31,2.34,2.24,2.26,3051602,23002492.00
2013-06-05,2.25,2.32,2.22,2.31,2224385,16690243.00
2013-06-06,2.30,2.32,2.24,2.25,1386547,10372769.00
2013-06-07,2.25,2.28,2.19,2.20,1285419,9422396.00
2013-06-13,2.18,2.18,2.09,2.11,1249767,8710088.00
2013-06-14,2.10,2.14,2.10,2.14,830381,5819460.00
2013-06-17,2.14,2.16,2.09,2.10,1336708,9378253.00
2013-06-18,2.11,2.13,2.09,2.12,943226,6547589.50
2013-06-19,2.12,2.14,2.05,2.14,1067554,7355288.00
2013-06-20,2.13,2.16,2.08,2.08,831972,5827208.50
2013-06-21,2.07,2.15,2.00,2.12,1025835,7069590.50
2013-06-24,2.15,2.15,1.93,1.99,1525647,10378440.00
2013-06-25,1.99,2.04,1.83,1.97,1455169,9389840.00
2013-06-26,1.99,2.02,1.92,2.01,992869,6526405.50
2013-06-27,2.04,2.05,1.96,1.96,717627,4744167.50
2013-06-28,1.91,1.98,1.91,1.93,591481,3797605.50
2013-07-01,1.89,1.95,1.89,1.94,602484,3853044.50
2013-07-02,1.94,1.98,1.93,1.98,845409,5459663.50
2013-07-03,1.96,1.98,1.92,1.97,562990,3630947.75
2013-07-04,1.94,2.06,1.94,2.02,1243368,8300686.00
2013-07-05,2.01,2.07,2.00,2.03,942842,6375745.00
2013-07-08,1.99,2.02,1.93,1.95,964020,6296254.50
2013-07-09,1.97,1.98,1.92,1.97,454326,2928079.00
2013-07-10,1.93,2.03,1.93,2.03,782342,5150524.50
2013-07-11,2.03,2.09,2.01,2.09,1599412,10868279.00
2013-07-12,2.11,2.13,2.05,2.05,1684109,11562779.00
2013-07-15,2.09,2.12,2.03,2.10,1299595,8946152.00
2013-07-16,2.09,2.15,2.08,2.15,1383969,9644894.00
2013-07-17,2.14,2.17,2.09,2.11,1228243,8613954.00
2013-07-18,2.09,2.15,2.08,2.11,709176,4948961.00
2013-07-19,2.11,2.15,2.06,2.06,851080,5922164.50
2013-07-22,2.06,2.16,2.03,2.16,1185011,8205415.50
2013-07-23,2.16,2.22,2.14,2.19,2284209,16433232.00
2013-07-24,2.19,2.22,2.16,2.21,1519668,10978058.00
2013-07-25,2.21,2.21,2.13,2.13,1796240,12692034.00
2013-07-26,2.15,2.24,2.10,2.23,2624057,18798934.00
2013-07-29,2.22,2.26,2.19,2.19,2259443,16510965.00
2013-07-30,2.22,2.24,2.16,2.22,1588805,11566139.00
2013-07-31,2.26,2.27,2.18,2.18,3030988,22004200.00
2013-08-01,2.18,2.39,2.18,2.30,4442979,33553882.00
2013-08-02,2.29,2.33,2.26,2.26,2897621,21882966.00
2013-08-05,2.32,2.49,2.32,2.49,4172025,33463332.00
2013-08-06,2.58,2.75,2.57,2.74,15111865,131771512.00
2013-08-07,2.68,2.81,2.64,2.72,10847293,96230032.00
2013-08-08,2.69,2.87,2.64,2.86,10803659,99127024.00
2013-08-09,2.86,3.15,2.86,3.15,11002433,111865208.00
2013-08-12,3.37,3.48,3.31,3.48,21368784,237977632.00
2013-08-13,3.47,3.83,3.42,3.83,18166942,214482352.00
2013-08-14,3.85,4.05,3.69,3.90,18696065,233968720.00
2013-08-15,3.81,3.98,3.76,3.85,13334074,166734368.00
2013-08-16,3.78,3.98,3.65,3.70,13528277,167459872.00
2013-08-19,3.81,4.04,3.72,3.94,15407839,192686032.00
2013-08-20,3.90,3.99,3.74,3.87,12932884,162081552.00
2013-08-21,3.82,4.19,3.79,3.86,17249821,221980640.00
2013-08-22,3.80,4.25,3.78,4.25,14833146,191663152.00
2013-08-23,4.33,4.42,3.95,4.03,17448416,234840752.00
2013-08-26,3.94,4.09,3.91,4.01,8682216,112782800.00
2013-08-27,3.99,4.22,3.98,4.15,11434768,152785424.00
2013-08-28,4.09,4.18,3.91,3.96,10180341,134768320.00
2013-08-29,3.91,3.92,3.77,3.81,8946755,111399448.00
2013-08-30,3.83,3.89,3.61,3.67,9031195,110237896.00
2013-09-02,3.64,3.84,3.64,3.78,6735153,81946080.00
2013-09-03,3.73,3.84,3.63,3.79,7144313,87061832.00
2013-09-04,3.77,3.84,3.67,3.75,6588072,80455240.00
2013-09-05,3.74,3.81,3.57,3.81,8294209,99350808.00
2013-09-06,3.81,3.82,3.62,3.66,8554622,102844216.00
2013-09-09,3.59,3.84,3.53,3.71,10426144,124203504.00
2013-09-10,3.69,3.90,3.63,3.80,11636776,142791216.00
2013-09-11,3.73,3.73,3.41,3.58,15187199,172643184.00
2013-09-12,3.47,3.50,3.38,3.39,6480495,72673496.00
2013-09-13,3.35,3.49,3.35,3.43,4752520,53182276.00
2013-09-16,3.44,3.62,3.42,3.49,7542945,86397472.00
2013-09-18,3.47,3.62,3.38,3.43,6532125,74365160.00
2013-09-23,3.38,3.52,3.32,3.50,5638545,63131268.00
2013-09-24,3.48,3.53,3.39,3.47,5176821,58285352.00
2013-09-25,3.44,3.57,3.40,3.53,6853760,77877896.00
2013-09-26,3.52,3.52,3.28,3.29,5823827,64052792.00
2013-09-27,3.28,3.32,3.21,3.23,2945250,31127586.00
2013-09-30,3.22,3.31,3.22,3.28,2083570,22212492.00
2013-10-08,3.27,3.42,3.25,3.38,4098831,44924876.00
2013-10-09,3.38,3.55,3.35,3.44,5554708,62554548.00
2013-10-10,3.42,3.50,3.34,3.35,4184303,46451080.00
2013-10-11,3.35,3.68,3.35,3.65,12495182,145327552.00
2013-10-14,3.65,3.73,3.58,3.69,10444260,123777416.00
2013-10-15,3.67,3.79,3.59,3.66,7175040,86315488.00
2013-10-16,3.64,3.66,3.29,3.31,6973196,76585096.00
2013-10-17,3.30,3.31,3.09,3.10,5697269,59334724.00
2013-10-18,3.10,3.19,3.08,3.18,2881153,29358576.00
2013-10-21,3.20,3.25,3.15,3.23,3721207,38967700.00
2013-10-22,3.24,3.24,3.06,3.07,4687395,47779328.00
2013-10-23,3.06,3.08,2.92,2.94,3786154,37041112.00
2013-10-24,2.95,3.04,2.95,2.97,2752444,26984782.00
2013-10-25,2.96,3.01,2.91,2.97,2238858,21695548.00
2013-10-28,2.95,3.03,2.94,3.03,1956446,19204914.00
2013-10-29,3.05,3.08,2.81,2.92,2772901,26512488.00
2013-10-30,2.91,2.98,2.88,2.98,1777579,16980812.00
2013-10-31,2.97,2.97,2.89,2.94,1362264,13045373.00
2013-11-01,2.93,3.20,2.89,3.10,4597586,46052852.00
2013-11-04,3.04,3.14,3.04,3.09,3016466,30468386.00
2013-11-05,3.06,3.14,3.05,3.14,2638828,26741714.00
2013-11-06,3.11,3.16,3.06,3.07,2260907,22983948.00
2013-11-07,3.07,3.08,2.94,2.97,1452116,14350777.00
2013-11-08,2.97,3.05,2.91,2.99,1271134,12406919.00
2013-11-11,3.03,3.08,2.94,3.06,1360848,13430284.00
2013-11-12,3.06,3.14,3.05,3.12,1933497,19637288.00
2013-11-13,3.10,3.15,3.05,3.07,2308120,23397132.00
2013-11-14,3.06,3.14,3.00,3.14,2546840,25679124.00
2013-11-15,3.11,3.24,3.11,3.17,4150374,43253284.00
2013-11-18,3.18,3.30,3.14,3.25,2855675,30164698.00
2013-11-19,3.28,3.31,3.20,3.23,2456378,25962830.00
2013-11-20,3.22,3.27,3.19,3.23,1691796,17727058.00
2013-11-21,3.22,3.22,3.14,3.18,1849412,19094708.00
2013-11-22,3.18,3.30,3.16,3.30,3464516,36718204.00
2013-11-25,3.27,3.37,3.22,3.23,3185868,34292536.00
2013-11-26,3.22,3.26,3.19,3.21,1669999,17527388.00
2013-11-27,3.19,3.33,3.19,3.31,2765279,29632770.00
2013-11-28,3.30,3.65,3.30,3.65,4782509,55373996.00
2013-11-29,3.82,4.02,3.81,3.95,15685814,199967984.00
2013-12-02,3.58,3.93,3.58,3.69,11799201,144034800.00
2013-12-03,3.62,3.89,3.53,3.85,9427698,115558048.00
2013-12-04,3.85,3.99,3.74,3.74,10042748,126639144.00
2013-12-05,3.63,3.68,3.36,3.38,9865558,113207232.00
2013-12-06,3.34,3.44,3.34,3.37,4530009,50039380.00
2013-12-09,3.35,3.44,3.33,3.41,4054956,44820624.00
2013-12-10,3.41,3.43,3.30,3.39,3396524,37079504.00
2013-12-11,3.36,3.39,3.25,3.30,2684029,29145974.00
2013-12-12,3.31,3.39,3.30,3.33,2140753,23329234.00
2013-12-13,3.31,3.53,3.29,3.49,5365450,59638100.00
2013-12-16,3.44,3.47,3.29,3.29,4497200,49293480.00
2013-12-17,3.33,3.33,3.17,3.22,3028998,31900080.00
2013-12-18,3.20,3.23,3.16,3.23,1364191,14283965.00
2013-12-19,3.23,3.26,3.14,3.14,2132639,22204140.00
2013-12-20,3.14,3.16,3.08,3.09,1941581,19745108.00
2013-12-23,3.10,3.11,2.98,3.03,1579251,15582719.00
2013-12-24,3.03,3.09,2.98,3.05,1499595,14912237.00
2013-12-25,3.07,3.24,3.07,3.22,3526495,36444892.00
2013-12-26,3.22,3.22,3.09,3.10,2649619,27175158.00
2013-12-27,3.08,3.22,3.06,3.20,2574568,26564998.00
2013-12-30,3.22,3.27,3.19,3.23,2470749,26034238.00
2013-12-31,3.25,3.25,3.13,3.18,1719232,17884636.00
2014-01-02,3.16,3.32,3.16,3.29,3226943,34448012.00
2014-01-03,3.28,3.40,3.24,3.40,4665411,50489420.00
2014-01-06,3.41,3.42,3.26,3.31,3110382,33710352.00
2014-01-07,3.34,3.65,3.27,3.65,7138590,82069920.00
2014-01-08,3.79,3.89,3.67,3.77,15159975,185691072.00
2014-01-09,3.73,3.88,3.38,3.41,13460293,160232560.00
2014-01-10,3.34,3.37,3.15,3.18,7381039,78398880.00
2014-01-13,3.19,3.27,3.16,3.17,4025982,41934976.00
2014-01-14,3.17,3.31,3.17,3.30,4516722,47803944.00
2014-01-15,3.26,3.43,3.25,3.43,5336047,58420116.00
2014-01-16,3.43,3.52,3.34,3.45,4756401,53016776.00
2014-01-17,3.42,3.52,3.39,3.45,4039485,45683768.00
2014-01-20,3.42,3.47,3.28,3.31,2769558,30332084.00
2014-01-21,3.28,3.49,3.28,3.48,3556481,39617924.00
2014-01-22,3.47,3.65,3.44,3.54,5958585,68899576.00
2014-01-23,3.54,3.64,3.49,3.62,5473980,63916288.00
2014-01-24,3.59,3.65,3.55,3.60,4310081,50533104.00
2014-01-27,3.55,3.63,3.49,3.52,3348532,38889000.00
2014-01-28,3.52,3.58,3.41,3.45,2941729,33179980.00
2014-01-29,3.45,3.66,3.44,3.64,4534902,52657636.00
2014-01-30,3.67,3.67,3.51,3.53,2812383,32718208.00
2014-02-07,3.49,3.72,3.48,3.69,5194909,61683884.00
2014-02-10,3.69,3.85,3.69,3.77,6655646,81734296.00
2014-02-11,3.77,3.80,3.65,3.68,5627830,68014832.00
2014-02-12,3.69,3.84,3.68,3.81,5118194,62719180.00
2014-02-13,3.82,4.03,3.72,3.76,8711435,110311792.00
2014-02-14,3.74,3.88,3.71,3.88,6981754,85930168.00
2014-02-17,3.94,4.00,3.85,3.93,6516571,83078296.00
2014-02-18,3.90,3.92,3.82,3.85,5575201,70189720.00
2014-02-19,3.95,4.05,3.88,3.98,9012557,115781240.00
2014-02-20,4.03,4.09,3.87,3.97,9398028,121457608.00
2014-02-21,3.93,3.96,3.74,3.82,5519160,69243504.00
2014-02-24,3.79,3.84,3.66,3.83,3435279,41651588.00
2014-02-25,4.21,4.21,4.06,4.21,15731877,214258880.00
2014-02-26,4.24,4.40,4.10,4.40,18805580,261100224.00
2014-02-27,4.36,4.36,3.95,4.00,12010709,163660192.00
2014-02-28,3.86,3.98,3.83,3.93,6479324,81941056.00
2014-03-03,3.89,4.09,3.86,4.09,4658467,60890556.00
2014-03-04,4.06,4.06,3.97,4.02,3672832,47841872.00
2014-03-05,4.06,4.08,3.96,3.97,3499464,45526012.00
2014-03-06,3.94,4.22,3.92,4.22,7034958,93832680.00
2014-03-07,4.14,4.36,4.13,4.20,6452234,89030016.00
2014-03-10,4.19,4.34,4.06,4.11,5998263,82466264.00
2014-03-11,4.06,4.33,4.05,4.33,6466202,88399408.00
2014-03-12,4.34,4.75,4.25,4.55,12688953,187083008.00
2014-03-13,4.51,4.64,4.46,4.63,6918157,102345848.00
2014-03-14,4.59,4.94,4.53,4.82,9325664,145428144.00
2014-03-17,4.83,5.30,4.83,5.30,9091560,152806048.00
2014-03-18,5.56,5.78,5.32,5.52,21876536,389792576.00
2014-03-19,5.40,5.48,5.22,5.33,14583127,251362672.00
2014-03-20,5.25,5.39,4.83,4.90,16104477,268610656.00
2014-03-21,4.90,4.94,4.67,4.88,10375217,161628656.00
2014-03-24,4.80,5.04,4.80,4.94,8236369,131350120.00
2014-03-25,4.89,5.01,4.67,5.01,8539654,134310816.00
2014-03-26,5.06,5.33,4.91,5.25,13487967,223421952.00
2014-03-27,5.19,5.20,4.72,4.72,8980340,144197984.00
2014-03-28,4.62,4.83,4.48,4.58,5967057,89789592.00
2014-03-31,4.69,4.90,4.58,4.82,6423495,99852640.00
2014-04-01,4.84,5.01,4.74,4.86,5976795,94835712.00
2014-04-02,4.82,5.01,4.80,4.91,5498221,87682464.00
2014-04-03,4.89,5.08,4.85,5.00,6247146,101197176.00
2014-04-04,5.03,5.13,4.95,5.09,5225590,85482056.00
2014-04-08,5.06,5.20,4.99,5.16,5746761,94874888.00
2014-04-09,5.13,5.68,5.11,5.59,12696395,222819536.00
2014-04-10,5.51,5.67,5.37,5.40,9736815,174899456.00
2014-04-11,5.34,5.62,5.34,5.51,6457862,115176584.00
2014-04-14,5.50,5.67,5.38,5.59,5184711,92849880.00
2014-04-15,5.60,5.62,5.43,5.45,4592693,81689088.00
2014-04-16,5.39,5.45,5.17,5.22,5725437,97756176.00
2014-04-17,5.23,5.34,5.22,5.27,3626588,62152416.00
2014-04-18,5.24,5.61,5.20,5.61,7718261,137681712.00
2014-04-21,5.57,5.83,5.48,5.55,7449689,136121776.00
2014-04-22,5.58,5.59,5.15,5.45,5925732,102892192.00
2014-04-23,5.45,5.45,5.25,5.30,2701454,46601336.00
2014-04-24,5.31,5.43,5.16,5.34,4337283,74655672.00
2014-04-25,5.34,5.55,5.28,5.32,4497646,79056440.00
2014-04-28,5.21,5.21,4.84,4.88,5319814,85443520.00
2014-04-29,4.82,5.03,4.82,5.03,2418120,38724544.00
2014-04-30,5.02,5.07,4.90,4.96,2614915,42101308.00
2014-05-05,4.98,5.28,4.95,5.28,4361771,72623032.00
2014-05-06,5.31,5.39,5.23,5.34,4066781,69996048.00
2014-05-07,5.38,5.55,5.25,5.26,5171145,90600544.00
2014-05-08,5.18,5.33,5.09,5.17,3205701,54258812.00
2014-05-09,5.16,5.22,4.93,5.12,3768857,61794304.00
2014-05-12,5.16,5.63,5.03,5.47,8219642,143895808.00
2014-05-13,5.43,5.49,5.13,5.14,12754886,108657176.00
2014-05-14,5.16,5.66,5.08,5.66,15410545,137897648.00
2014-05-15,5.70,5.97,5.50,5.58,37546652,349049248.00
2014-05-16,5.41,5.49,5.17,5.35,20051775,172298224.00
2014-05-19,5.31,5.56,5.25,5.43,13969413,121930040.00
2014-05-20,5.48,5.66,5.34,5.47,12379095,109472536.00
2014-05-21,5.41,5.52,5.19,5.48,9036726,78179936.00
2014-05-22,5.42,5.66,5.38,5.40,13727733,122048976.00
2014-05-23,5.34,5.46,5.23,5.44,11394451,97860224.00
2014-05-26,5.43,5.50,5.38,5.44,8425110,73456344.00
2014-05-27,5.44,5.68,5.41,5.64,17074190,152744880.00
2014-05-28,5.61,5.66,5.48,5.64,12531028,112300520.00
2014-05-29,5.59,5.63,5.38,5.39,10835895,95558184.00
2014-05-30,5.39,5.49,5.31,5.32,8259152,71754480.00
2014-06-03,5.34,5.41,5.27,5.31,6022693,51740696.00
2014-06-04,5.29,5.29,5.12,5.21,7112979,59386508.00
2014-06-05,5.21,5.34,5.17,5.33,5702869,48330616.00
2014-06-06,5.34,5.49,5.29,5.43,8835430,76806480.00
2014-06-09,5.41,5.45,5.28,5.29,5476496,47071560.00
2014-06-10,5.29,5.39,5.19,5.39,5856841,50068540.00
2014-06-11,5.38,5.38,5.21,5.26,8180117,69359144.00
2014-06-12,5.23,5.26,5.17,5.19,5527652,46293344.00
2014-06-13,5.18,5.28,5.18,5.25,5493171,46428296.00
2014-06-16,5.24,5.40,5.21,5.36,8643206,73700992.00
2014-06-17,5.33,5.33,5.23,5.24,5304210,45019176.00
2014-06-18,5.24,5.27,5.05,5.06,5969644,49509604.00
2014-06-19,5.09,5.10,4.77,4.90,6536367,51844892.00
2014-06-20,4.91,4.99,4.87,4.97,3928351,31297534.00
2014-06-23,5.01,5.06,4.95,4.98,3598025,28937904.00
2014-06-24,4.98,4.99,4.94,4.98,2636426,21095682.00
2014-06-25,4.98,5.08,4.98,5.02,3264939,26335388.00
2014-06-26,5.07,5.18,5.01,5.16,10529713,86660856.00
2014-06-27,5.10,5.18,5.04,5.09,6784936,55698316.00
2014-06-30,5.09,5.13,5.04,5.12,4435738,36317036.00
2014-07-01,5.11,5.12,5.06,5.10,4271302,34927316.00
2014-07-02,5.10,5.13,5.05,5.11,4760720,39013012.00
2014-07-03,5.09,5.14,5.07,5.09,4526780,37155740.00
2014-07-04,5.09,5.11,5.01,5.03,5098041,41459780.00
2014-07-07,5.34,5.54,5.21,5.54,26325531,230139472.00
2014-07-08,5.60,6.09,5.53,5.99,48339238,452732800.00
2014-07-09,5.85,5.96,5.69,5.73,24166012,225919712.00
2014-07-10,5.72,5.93,5.66,5.75,14905499,139107952.00
2014-07-11,5.75,5.81,5.63,5.71,9685438,89209176.00
2014-07-14,5.73,5.74,5.54,5.69,9744328,88166728.00
2014-07-15,5.67,5.67,5.56,5.66,7994775,72178584.00
2014-07-16,5.65,5.72,5.58,5.72,7812660,71137096.00
2014-07-17,5.73,5.81,5.56,5.59,5911639,53744380.00
2014-07-18,5.54,5.61,5.54,5.54,3900625,34881596.00
2014-07-21,5.54,5.57,5.36,5.49,4624856,40762284.00
2014-07-22,5.49,5.54,5.44,5.51,3972399,35185828.00
2014-07-23,5.48,5.52,5.20,5.26,7917578,68059296.00
2014-07-24,5.24,5.27,5.09,5.12,6326227,52314528.00
2014-07-25,5.13,5.22,5.11,5.16,3434941,28500918.00
2014-07-28,5.16,5.60,5.16,5.59,9239203,80246560.00
2014-07-29,5.59,5.64,5.51,5.57,7224246,64783880.00
2014-07-30,5.51,5.72,5.51,5.58,7669494,69560872.00
2014-07-31,5.64,5.71,5.55,5.69,7698058,70169576.00
2014-08-01,5.68,5.75,5.58,5.64,8078030,73688024.00
2014-08-04,5.78,5.93,5.68,5.71,12978497,120610648.00
2014-08-05,5.75,5.77,5.56,5.71,8935539,81407312.00
2014-08-06,5.66,5.78,5.66,5.72,7660434,70521080.00
2014-08-07,5.72,5.72,5.60,5.60,7045408,64114184.00
2014-08-08,5.59,5.64,5.59,5.63,4376517,39502796.00
2014-08-11,5.64,5.67,5.61,5.64,5202774,47244568.00
2014-08-12,5.64,5.70,5.62,5.67,5690410,51834544.00
2014-08-13,5.67,5.70,5.61,5.68,5553405,50567380.00
2014-08-14,5.68,5.70,5.63,5.64,5523088,50350416.00
2014-08-15,5.64,5.74,5.63,5.73,7191780,65935928.00
2014-08-18,5.73,5.92,5.73,5.89,11910338,112015184.00
2014-08-19,5.85,5.91,5.79,5.87,9133400,85840912.00
2014-08-20,5.86,6.09,5.81,5.96,14352840,137866032.00
2014-08-21,5.94,5.94,5.81,5.91,7186749,67828200.00
2014-08-22,5.91,6.02,5.88,6.00,8344492,79972576.00
2014-08-25,6.00,6.12,5.97,6.09,10532242,102689304.00
2014-08-26,6.06,6.06,5.69,5.76,10125345,95577688.00
2014-08-27,5.76,5.84,5.71,5.79,5427093,50303352.00
2014-08-28,5.79,5.79,5.61,5.63,5560479,50861488.00
2014-08-29,5.63,5.72,5.63,5.69,2710590,24790278.00
2014-09-01,5.70,5.83,5.69,5.83,4110050,38269616.00
2014-09-02,5.89,5.91,5.83,5.90,6123429,57801560.00
2014-09-03,5.91,5.93,5.82,5.90,7328533,69230408.00
2014-09-04,5.89,5.99,5.85,5.99,8501367,81283296.00
2014-09-05,6.03,6.06,5.89,5.98,8188649,78592376.00
2014-09-09,5.99,6.01,5.86,5.98,8001770,76388864.00
2014-09-10,5.96,6.22,5.91,6.22,15129858,147962432.00
2014-09-11,6.22,6.53,6.19,6.33,20357659,209201392.00
2014-09-12,6.25,6.44,6.23,6.43,9685246,98866024.00
2014-09-15,6.43,6.54,6.31,6.47,9924045,102440288.00
2014-09-16,6.47,6.47,6.08,6.09,12140206,122612192.00
2014-09-17,6.09,6.19,5.99,6.14,6234853,61114808.00
2014-09-18,6.13,6.18,6.07,6.08,5001045,49181172.00
2014-09-19,6.09,6.38,6.05,6.35,8424356,84433640.00
2014-09-22,6.34,6.51,6.28,6.32,10577918,108984944.00
2014-09-23,6.34,6.48,6.29,6.47,7301405,74940520.00
2014-09-24,6.43,6.50,6.39,6.47,8449386,87723328.00
2014-09-25,6.51,6.58,6.31,6.34,8326452,86111120.00
2014-09-26,6.35,6.53,6.35,6.40,5986562,61988444.00
2014-09-29,6.41,6.51,6.36,6.43,7161993,73901696.00
2014-09-30,6.46,6.47,6.36,6.44,5919542,61013688.00
2014-10-08,6.45,6.89,6.43,6.81,14828631,158776080.00
2014-10-09,6.80,6.83,6.61,6.80,11096726,120059784.00
2014-10-10,6.72,7.00,6.68,6.88,11662826,128896408.00
2014-10-13,7.03,7.49,6.86,7.26,18991152,219376240.00
2014-10-14,7.26,7.27,7.02,7.08,12163516,139572016.00
2014-10-15,7.06,7.19,6.97,7.11,7590729,86260512.00
2014-10-16,7.01,7.03,6.78,6.80,9276549,103425288.00
2014-10-17,6.78,6.78,6.38,6.63,8209595,86864200.00
2014-10-20,6.61,6.83,6.58,6.78,4562064,49487340.00
2014-10-21,6.78,6.90,6.72,6.79,5038792,55046840.00
2014-10-22,6.77,6.77,6.45,6.49,6013839,63880988.00
2014-10-23,6.46,6.47,6.25,6.31,5268383,53795400.00
2014-10-24,6.29,6.49,6.28,6.35,3264109,33568756.00
2014-10-27,6.32,6.49,6.29,6.41,3612308,37239508.00
2014-10-28,6.43,6.62,6.43,6.60,4675563,49154228.00
2014-10-29,6.61,6.77,6.61,6.68,5707127,61286056.00
2014-10-30,6.68,6.71,6.55,6.58,5662804,60325328.00
2014-10-31,6.61,6.70,6.53,6.64,5496793,58451124.00
2014-11-03,6.64,6.72,6.61,6.66,4686797,50189904.00
2014-11-04,6.59,6.64,6.46,6.46,5366044,56254504.00
2014-11-05,6.46,6.48,6.36,6.41,3430603,35437512.00
2014-11-06,6.41,6.49,6.37,6.49,3529230,36497076.00
2014-11-07,6.48,6.59,6.33,6.38,5136635,53590660.00
2014-11-10,6.37,6.43,6.34,6.39,3237165,33218762.00
2014-11-11,6.41,6.42,6.00,6.05,6935159,68864432.00
2014-11-12,6.04,6.13,5.98,6.13,3510827,34193600.00
2014-11-13,6.11,6.11,5.88,5.91,4729737,45144564.00
2014-11-14,5.91,6.02,5.78,5.98,3734544,35492312.00
2014-11-17,5.97,6.11,5.87,6.09,3243618,31631992.00
2014-11-18,6.09,6.14,6.01,6.06,2402770,23455860.00
2014-11-19,6.05,6.14,6.03,6.08,2933340,28765010.00
2014-11-20,6.09,6.13,6.00,6.06,2364712,22953656.00
2014-11-21,6.03,6.13,6.03,6.11,2176647,21327700.00
2014-11-24,6.14,6.19,6.09,6.11,4178234,41107712.00
2014-11-25,6.11,6.25,6.10,6.24,4625793,46126068.00
2014-11-26,6.26,6.46,6.26,6.44,7587467,77964096.00
2014-11-27,6.48,6.62,6.29,6.41,7707203,79981336.00
2014-11-28,6.43,6.43,6.29,6.32,5395028,55039468.00
2014-12-01,6.32,6.34,6.19,6.22,4178682,41971924.00
2014-12-02,6.28,6.39,6.25,6.36,4249602,43322516.00
2014-12-03,6.38,6.59,6.38,6.59,12086380,126320056.00
2014-12-04,6.64,6.73,6.52,6.63,9625785,102612896.00
2014-12-05,6.59,6.62,6.16,6.29,9161399,93763816.00
2014-12-08,6.33,6.56,6.29,6.38,6836183,70819728.00
2014-12-09,6.34,6.34,5.99,5.99,10241085,102313176.00
2014-12-10,5.97,6.22,5.95,6.19,3813863,37603168.00
2014-12-11,6.19,6.29,6.13,6.23,3795070,37930352.00
2014-12-12,6.24,6.52,6.24,6.48,7294354,74757304.00
2014-12-15,6.51,6.62,6.43,6.59,8298186,87701488.00
2014-12-16,6.59,6.63,6.46,6.51,4305610,45071740.00
2014-12-17,6.47,6.51,6.28,6.33,4385327,44711564.00
2014-12-18,6.30,6.46,6.29,6.32,3148327,32221688.00
2014-12-19,6.32,6.34,6.03,6.11,5406923,53178904.00
2014-12-22,6.11,6.11,5.67,5.69,5525696,51550544.00
2014-12-23,5.69,5.94,5.69,5.83,3671853,34486596.00
2014-12-24,5.84,6.13,5.83,6.06,4274933,41438712.00
2014-12-25,6.03,6.08,5.93,5.99,3246918,31233248.00
2014-12-26,5.99,6.03,5.94,5.96,2661275,25529380.00
2014-12-29,5.97,6.11,5.78,5.96,3866384,37118088.00
2014-12-30,5.96,6.00,5.81,5.83,2584896,24443748.00
2014-12-31,5.76,5.89,5.76,5.88,2430249,22816862.00
2015-01-05,5.88,6.08,5.82,5.99,3876197,37123592.00
2015-01-06,5.96,6.14,5.91,6.12,5281539,51526944.00
2015-01-07,6.17,6.17,6.04,6.06,3707546,36321760.00
2015-01-08,6.09,6.64,6.04,6.51,11770759,120548680.00
2015-01-09,6.38,6.69,6.34,6.40,14820322,155997344.00
2015-01-12,6.54,6.96,6.53,6.95,21678272,234993664.00
2015-01-13,6.91,6.97,6.72,6.76,13918825,152675872.00
2015-01-14,6.78,6.83,6.45,6.49,9575872,101694824.00
2015-01-15,6.39,6.63,6.28,6.34,9035281,93578280.00
2015-01-16,6.35,6.82,6.35,6.66,13767587,145538720.00
2015-01-19,6.49,6.84,6.38,6.58,13802504,147568720.00
2015-01-20,6.71,7.24,6.70,7.24,11745096,135134432.00
2015-01-21,7.70,7.96,7.54,7.96,33554194,421438912.00
2015-01-22,8.33,8.47,7.84,8.16,32841714,428495712.00
2015-01-23,8.13,8.84,8.04,8.35,27319525,369641056.00
2015-01-26,8.37,8.88,8.24,8.54,21959556,304531072.00
2015-01-27,8.46,9.13,8.36,8.95,22956510,318399008.00
2015-01-28,8.84,8.93,8.59,8.59,13295920,186093120.00
2015-01-29,8.44,8.69,8.36,8.64,8706218,119513800.00
2015-01-30,8.75,8.98,8.38,8.40,10755170,151065584.00
2015-02-02,8.20,8.63,8.04,8.24,13453213,178604048.00
2015-02-03,8.28,8.58,8.19,8.53,11433137,153533984.00
2015-02-04,8.57,8.95,8.38,8.39,12260037,170844640.00
2015-02-05,8.44,9.23,8.39,9.18,22829880,325080256.00
2015-02-06,9.03,9.57,8.77,9.16,16837814,247898128.00
2015-02-09,9.17,9.44,8.91,8.99,8090171,119292616.00
2015-02-10,8.85,9.06,8.61,9.06,6408279,91566048.00
2015-02-11,9.46,9.46,9.10,9.12,13936631,207725424.00
2015-02-12,9.08,10.03,8.83,10.03,20120572,310988064.00
2015-02-13,10.09,10.39,9.84,10.22,16964783,276324672.00
2015-02-16,10.23,11.09,10.03,10.53,12679565,214058816.00
2015-02-17,10.46,10.59,10.22,10.34,6730318,112126848.00
2015-02-25,10.38,10.55,9.89,9.93,6800799,110775720.00
2015-02-26,10.03,10.32,9.88,10.09,6025896,98124024.00
2015-02-27,10.09,10.18,9.76,9.96,6962842,111197024.00
2015-03-02,9.94,10.35,9.94,10.35,8641690,140972752.00
2015-03-03,10.28,10.66,10.09,10.11,9849184,164541952.00
2015-03-04,10.28,10.68,10.17,10.31,7951865,132833616.00
2015-03-05,10.28,10.28,9.92,10.11,8269063,133188200.00
2015-03-06,10.34,10.53,9.89,9.94,8383808,136907328.00
2015-03-09,9.72,9.81,9.28,9.65,8995734,137883776.00
2015-03-10,9.64,10.13,9.54,10.11,7939948,124676648.00
2015-03-11,9.96,10.10,9.70,9.72,5116265,80857456.00
2015-03-12,9.61,9.77,9.45,9.54,6664910,102094680.00
2015-03-13,9.54,9.88,9.43,9.81,7073322,109598064.00
2015-03-16,10.25,10.28,9.89,10.14,12263866,199005088.00
2015-03-17,10.28,11.16,10.13,10.96,19193921,325853184.00
2015-03-18,11.03,11.04,10.73,10.98,11572421,202350848.00
2015-03-19,10.91,11.86,10.81,11.56,16744077,300468640.00
2015-03-20,11.38,11.55,11.27,11.33,9281880,169081088.00
2015-03-23,11.40,11.50,11.27,11.36,9846565,179383424.00
2015-03-24,11.38,11.81,10.78,11.15,16397458,296169856.00
2015-03-25,10.99,11.21,10.80,11.08,12655646,222001312.00
2015-03-26,10.90,11.16,10.45,10.58,14023284,241790736.00
2015-03-27,10.53,10.74,10.39,10.58,8781874,149234432.00
2015-03-30,10.64,10.84,10.54,10.71,9205042,157735968.00
2015-03-31,10.78,10.90,10.60,10.78,11408610,196993024.00
2015-04-01,10.78,11.08,10.78,11.01,10190503,179113648.00
2015-04-02,11.09,11.29,10.86,11.07,13446065,239280560.00
2015-04-03,11.04,11.51,10.92,11.48,16950024,306862592.00
2015-04-07,11.58,11.84,11.52,11.77,14274706,266737600.00
2015-04-08,11.86,11.97,11.34,11.96,18002178,338412800.00
2015-04-09,12.15,12.52,11.28,12.41,24793305,480846912.00
2015-04-10,12.23,13.01,12.05,12.56,16090122,327701024.00
2015-04-13,12.46,12.78,12.24,12.34,13516785,268609376.00
2015-04-14,12.38,12.44,11.73,11.88,13300804,255870272.00
2015-04-15,11.89,11.99,10.96,10.97,12175896,222061872.00
2015-04-16,10.96,11.19,10.61,10.95,9442095,166985312.00
2015-04-17,11.01,11.28,10.97,11.06,8199701,145743200.00
2015-04-20,11.21,11.38,10.84,10.88,12580462,224655264.00
2015-04-21,10.91,11.39,10.89,11.38,9183800,164787488.00
2015-04-22,11.52,11.70,11.39,11.56,10373000,192108640.00
2015-04-23,11.57,11.65,11.22,11.34,11283814,206195552.00
2015-04-24,11.25,11.25,10.88,11.15,9073884,161005312.00
2015-04-27,11.22,11.59,11.12,11.57,15347701,280453216.00
2015-04-28,11.63,11.73,11.06,11.21,9998659,182417920.00
2015-04-29,11.25,11.97,11.25,11.90,17177487,321821696.00
2015-04-30,12.15,12.66,11.97,12.09,20168825,398672160.00
2015-05-04,12.09,12.64,11.72,12.43,14762345,290614176.00
2015-05-05,12.23,12.38,11.53,11.66,11696064,223437840.00
2015-05-06,11.83,12.04,11.37,11.43,8288143,156568912.00
2015-05-07,11.38,11.39,10.75,10.93,6734352,119452936.00
2015-05-08,11.33,11.50,11.11,11.49,7685334,139183424.00
2015-05-11,11.63,12.12,11.63,12.08,8686990,166014320.00
2015-05-12,12.25,12.46,12.00,12.19,11276447,220772736.00
2015-05-13,11.97,12.58,11.66,12.50,12900331,252392064.00
2015-05-14,12.66,12.84,12.34,12.51,11993061,242173264.00
2015-05-15,12.51,12.80,11.90,12.18,15278716,187121920.00
2015-05-18,12.13,13.40,12.06,13.40,32498268,421272064.00
2015-05-19,13.78,14.69,13.41,14.29,37901982,530497696.00
2015-05-20,14.20,15.17,13.85,14.49,29135411,429143328.00
2015-05-21,14.48,15.89,14.25,15.56,27916716,420863744.00
2015-05-22,15.88,16.00,14.57,14.92,34893641,528071040.00
2015-05-25,14.51,15.30,14.21,15.00,26398164,388707488.00
2015-05-26,14.99,15.80,14.90,15.57,26333596,406402464.00
2015-05-27,15.50,15.79,14.90,15.65,23233035,355984096.00
2015-05-28,15.61,16.65,14.90,14.90,30486423,483609440.00
2015-05-29,14.59,15.27,13.70,14.80,22043487,324057216.00
2015-06-01,14.91,16.28,14.91,16.28,20864667,326718528.00
2015-06-02,17.00,17.91,16.70,17.91,45949503,809500096.00
2015-06-03,18.08,18.26,17.20,17.72,29058058,512930880.00
2015-06-04,17.65,17.65,15.99,17.34,23769765,402227424.00
2015-06-05,17.56,17.85,16.70,17.30,24224791,420112992.00
2015-06-08,17.05,17.05,16.30,16.60,19993499,331289760.00
2015-06-09,16.40,16.90,16.23,16.73,17881687,297401696.00
2015-06-10,16.79,17.88,16.60,17.39,18517677,323064128.00
2015-06-11,17.50,17.69,17.09,17.43,13986234,243464272.00
2015-06-12,17.45,18.28,17.31,17.93,19446430,348517344.00
2015-06-15,17.80,18.18,17.00,17.00,16239869,284574592.00
2015-06-16,16.60,16.72,15.78,15.98,14382620,233204096.00
2015-06-17,15.64,16.44,15.33,16.38,11802708,188036304.00
2015-06-18,16.45,16.49,15.35,15.46,10460316,167084208.00
2015-06-19,14.96,15.30,13.91,13.91,10567357,152382960.00
2015-06-23,13.91,14.27,12.59,13.98,11393133,153826432.00
2015-06-24,14.27,14.60,13.59,14.13,10906421,154215312.00
2015-06-25,14.04,14.15,12.88,13.14,10833146,147484752.00
2015-06-26,12.65,12.65,11.83,11.83,12143416,146417840.00
2015-06-29,12.02,12.30,10.65,10.65,13787802,153238576.00
2015-06-30,10.17,11.37,9.59,11.32,19034884,197671248.00
2015-07-01,11.07,11.96,10.21,10.47,16852365,191645824.00
2015-07-02,10.60,10.88,9.50,9.82,15117960,154017136.00
2015-07-03,9.80,10.37,8.88,9.29,15026564,144146496.00
2015-07-06,10.22,10.22,8.36,8.88,19462408,182742096.00
2015-07-07,8.54,8.54,7.99,7.99,7715715,62959860.00
2015-07-08,7.19,8.35,7.19,7.91,27471129,207704624.00
2015-07-09,7.50,8.70,7.48,8.70,18312445,155037024.00
2015-07-10,9.40,9.57,9.05,9.57,7919715,74760824.00
2015-07-13,10.52,10.53,10.02,10.53,20196097,211051216.00
2015-07-14,10.95,11.58,10.50,11.22,28604279,320099200.00
2015-07-15,10.90,11.10,10.10,10.10,19337413,202442784.00
2015-07-16,10.10,10.98,9.45,10.81,17561885,183941440.00
2015-07-17,10.94,11.79,10.94,11.65,15617555,178972672.00
2015-07-20,11.70,12.26,11.35,11.88,18637426,221855792.00
2015-07-21,11.63,12.06,11.46,11.73,12365308,145938960.00
2015-07-22,11.74,12.20,11.57,12.14,17614313,209229232.00
2015-07-23,12.09,12.46,11.88,12.30,16927401,206543840.00
2015-07-24,12.27,12.74,11.70,11.90,16029075,197633728.00
2015-07-27,11.51,12.47,10.71,10.74,19506972,229752528.00
2015-07-28,10.19,11.42,9.86,10.91,16821098,179687024.00
2015-07-29,11.30,11.65,10.60,11.62,12978043,143567824.00
2015-07-30,11.58,11.85,11.00,11.07,13643153,157882000.00
2015-07-31,10.74,11.11,10.38,10.58,10053783,108510040.00
2015-08-03,10.33,10.60,9.52,9.54,11634535,114555024.00
2015-08-04,9.68,10.49,9.61,10.48,11174347,112418480.00
2015-08-05,10.27,10.82,10.10,10.22,12688502,132364296.00
2015-08-06,9.89,10.35,9.70,10.07,6809399,68609880.00
2015-08-07,10.18,10.67,10.18,10.49,9201814,96144704.00
2015-08-10,10.65,11.45,10.49,11.35,12649364,138711344.00
2015-08-11,11.37,11.79,11.04,11.58,18132490,205520992.00
2015-08-12,11.31,11.50,11.07,11.08,11748721,132813984.00
2015-08-13,11.00,12.19,10.92,12.19,26312742,311343552.00
2015-08-14,12.30,12.66,11.97,12.25,29075320,360422528.00
2015-08-17,12.05,12.31,11.85,12.27,14662783,177144176.00
2015-08-18,12.36,12.46,11.04,11.04,17197488,202621616.00
2015-08-19,10.63,12.14,10.20,12.14,18549108,213236128.00
2015-08-20,13.35,13.35,13.05,13.35,49181030,655881408.00
2015-08-21,12.66,13.15,12.02,12.02,46003166,569994368.00
2015-08-24,10.95,11.30,10.82,10.82,8319928,90403320.00
2015-08-25,9.74,9.74,9.74,9.74,3526500,34348112.00
2015-08-26,9.30,9.89,8.77,8.77,29145626,266233072.00
2015-08-27,8.90,9.16,7.93,8.86,18084593,157095472.00
2015-08-28,9.10,9.70,8.83,9.67,18646565,172582144.00
2015-08-31,9.60,9.60,8.92,8.95,14113955,129915376.00
2015-09-01,8.84,8.84,8.06,8.06,10021752,82989360.00
2015-09-02,7.50,8.54,7.28,7.60,11778728,93461568.00
2015-09-07,7.96,8.31,7.89,8.02,10814318,87838848.00
2015-09-08,8.03,8.80,7.80,8.64,10636383,88287592.00
2015-09-09,8.74,9.15,8.64,9.00,13812776,123738680.00
2015-09-10,8.78,9.01,8.72,8.75,7417238,65724012.00
2015-09-11,8.97,9.04,8.76,8.96,7710548,68844848.00
2015-09-14,8.98,9.05,8.06,8.06,10033113,84456640.00
2015-09-15,7.62,8.09,7.30,7.39,8055764,61991652.00
2015-09-16,7.40,8.13,7.40,8.13,8766313,67849136.00
2015-09-17,8.15,8.43,7.91,7.96,11270152,92054824.00
2015-09-22,8.48,8.48,8.48,8.48,0,0.00
数据来源:通达信
