300235 方直科技 日线 前复权
      日期	    开盘	    最高	    最低	    收盘	    成交量	    成交额
2011-06-29,7.29,8.06,7.29,7.63,8049948,227036720.00
2011-06-30,7.52,8.09,7.37,7.75,4715926,135721936.00
2011-07-01,7.62,8.08,7.61,7.79,3177722,92283864.00
2011-07-04,7.86,7.95,7.71,7.89,2295235,66754468.00
2011-07-05,7.91,8.64,7.89,8.28,2390725,73029656.00
2011-07-06,8.12,8.62,8.06,8.40,2293637,71228232.00
2011-07-07,8.45,9.26,8.45,9.26,2034299,67100000.00
2011-07-08,9.26,9.45,8.89,9.00,2955246,99947456.00
2011-07-11,8.98,9.17,8.89,9.11,1583939,52999024.00
2011-07-12,8.98,9.01,8.66,8.68,1881010,61097260.00
2011-07-13,8.68,9.19,8.62,9.17,1887394,62191364.00
2011-07-14,9.17,9.33,8.77,9.03,2092957,69701256.00
2011-07-15,8.92,9.48,8.87,9.03,2151026,72987032.00
2011-07-18,8.99,9.25,8.93,9.07,1376800,46152072.00
2011-07-19,8.92,9.07,8.65,8.68,1093789,35378056.00
2011-07-20,8.74,8.81,8.40,8.56,1145972,36547572.00
2011-07-21,8.56,8.68,8.38,8.56,721073,22717036.00
2011-07-22,8.59,8.80,8.56,8.64,855656,27489216.00
2011-07-25,8.62,8.62,8.12,8.15,855904,26437946.00
2011-07-26,8.16,8.31,8.09,8.29,579268,17582204.00
2011-07-27,8.20,8.78,8.19,8.69,1299414,41408592.00
2011-07-28,8.61,9.06,8.56,9.00,1368597,44743456.00
2011-07-29,8.94,9.01,8.68,8.68,948774,31033362.00
2011-08-01,8.69,9.44,8.57,9.13,1454984,48736056.00
2011-08-02,9.03,9.37,8.74,9.34,1807257,60456504.00
2011-08-03,8.59,8.91,8.38,8.76,3448450,110488992.00
2011-08-04,8.64,8.71,8.37,8.39,1528839,48236236.00
2011-08-05,8.03,8.08,7.81,7.94,1468905,43487148.00
2011-08-08,7.76,7.84,7.14,7.35,1600560,44503008.00
2011-08-09,7.17,7.56,6.98,7.40,1152617,31133434.00
2011-08-10,7.53,7.69,7.45,7.46,1194837,33557968.00
2011-08-11,7.20,7.69,7.15,7.67,1175324,32880826.00
2011-08-12,7.71,7.94,7.69,7.83,993664,28830870.00
2011-08-15,7.88,7.95,7.76,7.91,938063,27377414.00
2011-08-16,7.91,8.18,7.91,8.06,1328657,39648392.00
2011-08-17,7.99,8.08,7.91,8.00,752211,22315854.00
2011-08-18,7.96,8.16,7.86,7.88,717020,21299812.00
2011-08-19,7.67,7.67,7.36,7.63,831651,23305952.00
2011-08-22,7.59,7.85,7.59,7.76,904614,26040634.00
2011-08-23,7.80,8.44,7.78,8.35,1728353,52115684.00
2011-08-24,8.31,8.64,8.19,8.21,1581870,49392696.00
2011-08-25,8.23,8.31,7.94,8.15,986237,29617374.00
2011-08-26,8.15,8.77,8.04,8.59,2026274,64315200.00
2011-08-29,8.56,8.72,8.45,8.59,1183476,37808388.00
2011-08-30,8.59,8.70,8.39,8.45,883636,27901994.00
2011-08-31,8.45,8.50,8.06,8.35,757833,23210094.00
2011-09-01,8.35,8.50,8.08,8.14,811468,24871266.00
2011-09-02,8.09,8.32,7.96,8.25,772827,23156200.00
2011-09-06,7.68,8.00,7.64,7.70,693526,20063328.00
2011-09-07,7.70,7.94,7.70,7.90,419308,12192994.00
2011-09-08,7.90,7.94,7.62,7.62,516190,14969118.00
2011-09-09,7.58,7.75,7.42,7.53,300459,8477962.00
2011-09-13,7.46,7.46,7.29,7.38,229981,6292245.00
2011-09-14,7.52,7.56,7.31,7.56,302276,8394471.00
2011-09-15,7.61,7.68,7.54,7.61,216159,6118411.50
2011-09-16,7.70,7.70,7.40,7.45,240100,6695323.50
2011-09-19,7.35,7.45,7.17,7.17,372764,10061705.00
2011-09-20,7.09,7.34,7.09,7.26,145995,3932145.00
2011-09-21,7.27,7.55,7.18,7.49,303017,8356473.50
2011-09-22,7.46,7.53,7.18,7.19,313151,8488054.00
2011-09-23,7.06,7.28,7.03,7.19,278506,7342521.00
2011-09-26,7.17,7.26,7.06,7.09,149100,3937598.75
2011-09-27,7.22,7.26,6.98,7.13,215959,5684415.50
2011-09-28,7.15,7.18,6.84,6.85,233138,6054772.50
2011-09-29,6.86,6.86,6.30,6.30,1366434,32634452.00
2011-09-30,6.31,6.38,6.24,6.36,371120,8688128.00
2011-10-10,6.37,6.40,6.28,6.37,225361,5291874.00
2011-10-11,6.54,6.61,6.23,6.31,338811,8134571.50
2011-10-12,6.24,6.61,6.21,6.60,432300,10369497.00
2011-10-13,6.59,6.92,6.56,6.79,654098,16418500.00
2011-10-14,6.80,7.09,6.74,6.99,1034000,26599516.00
2011-10-17,7.03,7.44,7.03,7.28,1049801,28087734.00
2011-10-18,7.20,7.23,6.76,6.78,784958,20432454.00
2011-10-19,6.84,7.06,6.83,6.85,569613,14604937.00
2011-10-20,6.79,6.88,6.67,6.82,461149,11509160.00
2011-10-21,6.85,6.85,6.56,6.58,546662,13422414.00
2011-10-24,6.48,7.09,6.37,7.09,736490,18377792.00
2011-10-25,6.68,7.28,6.59,7.08,2408361,61728980.00
2011-10-26,6.99,7.58,6.94,7.30,2570207,69751232.00
2011-10-27,7.29,7.36,7.15,7.21,1189901,31815534.00
2011-10-28,7.31,7.64,7.23,7.38,1919085,52556056.00
2011-10-31,7.49,7.69,7.36,7.52,1599164,44380380.00
2011-11-01,7.43,7.56,7.19,7.42,1273669,34893432.00
2011-11-02,7.20,8.18,7.20,8.18,2388492,68495168.00
2011-11-03,8.42,8.78,8.06,8.08,3301250,102403496.00
2011-11-04,8.08,8.19,7.84,7.94,1714386,50487520.00
2011-11-07,7.90,8.10,7.83,7.98,814392,23948248.00
2011-11-08,8.03,8.14,7.78,7.79,992651,29121054.00
2011-11-09,7.82,8.19,7.65,8.12,1427324,41729916.00
2011-11-10,8.03,8.26,7.83,7.84,1668268,49269068.00
2011-11-11,7.84,8.04,7.60,7.68,1152131,33152070.00
2011-11-14,7.81,8.00,7.71,7.94,964853,28043744.00
2011-11-15,7.92,8.14,7.90,7.99,945962,27893160.00
2011-11-16,7.95,7.99,7.61,7.70,1044328,29997242.00
2011-11-17,7.70,8.06,7.68,7.89,1043619,30334076.00
2011-11-18,7.81,8.13,7.75,8.09,2200777,65092496.00
2011-11-21,8.23,8.49,8.06,8.16,2568547,77871912.00
2011-11-22,7.84,8.28,7.81,8.28,1609944,47725576.00
2011-11-23,8.26,8.50,8.09,8.09,1477593,45186196.00
2011-11-24,7.98,8.03,7.74,7.90,1305294,38042424.00
2011-11-25,7.81,7.95,7.64,7.64,950664,27254334.00
2011-11-28,7.68,7.70,7.40,7.42,862304,23954732.00
2011-11-29,7.49,7.51,7.32,7.46,951682,25985006.00
2011-11-30,7.43,7.46,6.70,6.79,1104958,28780468.00
2011-12-01,7.03,7.26,6.92,6.96,950265,24751896.00
2011-12-02,6.94,7.02,6.76,6.80,521114,13239750.00
2011-12-05,6.78,6.80,6.20,6.47,440400,10787280.00
2011-12-06,6.46,6.72,6.35,6.63,543978,13243526.00
2011-12-07,6.56,6.81,6.56,6.73,436755,10853181.00
2011-12-08,6.72,7.08,6.67,6.91,753165,19213952.00
2011-12-09,6.75,6.91,6.70,6.71,461369,11573798.00
2011-12-12,6.70,6.77,6.65,6.65,210604,5236476.50
2011-12-13,6.68,6.68,6.20,6.45,392549,9342535.00
2011-12-14,6.41,6.65,6.29,6.48,370683,8876108.00
2011-12-15,6.44,6.71,6.38,6.56,629614,15310583.00
2011-12-16,6.51,6.83,6.45,6.83,735747,18011484.00
2011-12-19,6.76,7.00,6.59,6.94,771324,19338090.00
2011-12-20,6.87,7.00,6.71,6.72,648747,16404939.00
2011-12-21,6.78,6.84,6.48,6.48,457833,11361300.00
2011-12-22,6.42,6.48,6.11,6.32,608149,14145810.00
2011-12-23,6.28,6.45,6.26,6.41,371460,8763102.00
2011-12-26,6.36,6.44,6.27,6.27,231940,5470501.00
2011-12-27,6.19,6.26,5.87,5.87,431033,9639783.00
2011-12-28,5.83,5.83,5.51,5.75,473234,9973856.00
2011-12-29,5.78,5.80,5.69,5.70,189492,4045247.25
2011-12-30,5.78,5.89,5.72,5.83,207600,4494510.00
2012-01-04,5.85,5.92,5.38,5.38,317260,6721115.50
2012-01-05,5.42,5.42,4.82,4.82,847203,15922252.00
2012-01-06,4.78,4.98,4.78,4.91,484017,8836354.00
2012-01-09,4.87,5.15,4.53,5.11,738773,13622692.00
2012-01-10,5.03,5.33,5.03,5.29,805731,15602914.00
2012-01-11,5.26,5.47,5.24,5.34,656917,13131084.00
2012-01-12,5.29,5.41,5.20,5.24,457219,9002184.00
2012-01-13,5.22,5.22,4.82,4.84,468799,8688182.00
2012-01-16,4.78,4.81,4.52,4.52,315674,5522242.00
2012-01-17,4.50,4.93,4.50,4.93,562495,9989662.00
2012-01-18,4.97,5.03,4.65,4.67,500959,9081241.00
2012-01-19,4.68,4.88,4.67,4.81,333849,5999578.50
2012-01-20,4.84,4.96,4.84,4.92,428005,7870351.50
2012-01-30,4.90,5.08,4.76,4.94,468799,8685366.00
2012-01-31,4.81,4.81,4.64,4.71,863293,15185408.00
2012-02-01,4.68,4.81,4.65,4.77,605032,10738048.00
2012-02-02,4.77,4.87,4.73,4.86,382640,6860918.00
2012-02-03,4.84,5.01,4.82,4.98,613319,11289127.00
2012-02-06,5.02,5.13,4.96,4.99,792791,14904617.00
2012-02-07,5.00,5.51,4.99,5.51,3226075,65285560.00
2012-02-08,5.42,5.63,5.36,5.57,2639545,54105284.00
2012-02-09,5.55,5.69,5.48,5.52,1880063,38919804.00
2012-02-10,5.48,5.63,5.37,5.55,1252712,25832674.00
2012-02-13,5.48,5.71,5.44,5.64,1544910,32193066.00
2012-02-14,5.64,5.64,5.51,5.56,896226,18524428.00
2012-02-15,5.51,5.74,5.51,5.67,1152636,24183028.00
2012-02-16,5.68,5.92,5.65,5.71,1319157,28356284.00
2012-02-17,5.71,5.78,5.59,5.63,596631,12509053.00
2012-02-20,5.65,5.81,5.64,5.66,886341,18824290.00
2012-02-21,5.69,5.97,5.62,5.86,1269444,27358388.00
2012-02-22,5.91,6.11,5.88,6.04,1638319,36607296.00
2012-02-23,6.02,6.07,5.84,5.96,1122744,24877762.00
2012-02-24,5.93,6.14,5.90,6.08,1070361,23895716.00
2012-02-27,6.09,6.11,5.97,6.00,1032596,23143038.00
2012-02-28,5.94,6.04,5.92,5.99,670051,14889236.00
2012-02-29,5.89,6.11,5.81,5.82,688598,15303368.00
2012-03-01,5.81,5.85,5.70,5.77,751508,16100154.00
2012-03-02,5.77,5.90,5.77,5.90,533743,11573157.00
2012-03-05,5.91,5.98,5.84,5.85,600501,13154131.00
2012-03-06,5.92,6.44,5.88,6.25,2359947,54389764.00
2012-03-07,6.16,6.19,6.01,6.14,1323904,29911404.00
2012-03-08,6.14,6.23,6.08,6.19,863508,19702042.00
2012-03-09,6.83,6.83,6.83,6.83,581056,14683285.00
2012-03-12,7.06,7.45,6.98,7.36,3381010,89902680.00
2012-03-13,7.25,7.31,7.12,7.28,1803260,48052440.00
2012-03-14,7.49,8.03,7.49,7.95,5773134,169007840.00
2012-03-15,7.59,7.86,7.44,7.70,2842724,80434088.00
2012-03-16,7.69,7.69,7.35,7.57,2265239,62716720.00
2012-03-19,7.43,7.56,7.34,7.48,1360371,37335572.00
2012-03-20,7.39,7.44,7.03,7.03,1478488,39503076.00
2012-03-21,7.05,7.11,6.81,6.98,1175124,30269302.00
2012-03-22,6.90,7.11,6.90,6.94,953103,24779978.00
2012-03-23,6.88,7.08,6.82,6.86,775757,19974954.00
2012-03-26,6.88,7.14,6.88,7.06,997743,25958334.00
2012-03-27,7.09,7.19,6.90,6.91,804666,20773290.00
2012-03-28,6.76,6.83,6.20,6.22,1329199,31456370.00
2012-03-29,6.11,6.25,6.04,6.15,721747,16495051.00
2012-03-30,6.14,6.17,5.89,5.97,554286,12419880.00
2012-04-05,5.97,6.25,5.93,6.24,670914,15273277.00
2012-04-06,6.20,6.30,6.14,6.21,617242,14211742.00
2012-04-09,6.15,6.30,6.09,6.24,550000,12702169.00
2012-04-10,6.21,6.26,6.01,6.26,428749,9806296.00
2012-04-11,6.22,6.44,6.15,6.37,665548,15576096.00
2012-04-12,6.36,6.48,6.29,6.44,700791,16649035.00
2012-04-13,6.44,6.57,6.39,6.44,560341,13436075.00
2012-04-16,6.44,6.44,6.23,6.28,557141,13058175.00
2012-04-17,6.23,6.30,6.07,6.12,409919,9447588.00
2012-04-18,6.15,6.48,6.15,6.46,914327,21638170.00
2012-04-19,6.46,6.56,6.35,6.42,493018,11689263.00
2012-04-20,6.42,6.75,6.38,6.74,1060399,26159554.00
2012-04-23,6.73,6.73,6.05,6.09,1381292,32296428.00
2012-04-24,5.98,6.06,5.59,5.77,806865,17370934.00
2012-04-25,5.76,6.06,5.71,5.85,448978,9801958.00
2012-04-26,5.87,5.89,5.70,5.77,300087,6479394.00
2012-04-27,5.83,6.20,5.83,6.03,774830,17477588.00
2012-05-02,6.06,6.16,5.98,6.12,426114,9583752.00
2012-05-03,6.01,6.15,5.93,6.14,298270,6741956.50
2012-05-04,6.15,6.31,6.07,6.28,588256,13612698.00
2012-05-07,6.25,6.56,6.21,6.54,846841,20255066.00
2012-05-08,6.54,6.75,6.49,6.49,1006280,24671470.00
2012-05-09,6.42,6.54,6.38,6.44,614616,14696514.00
2012-05-10,6.44,6.58,6.43,6.51,392734,9473130.00
2012-05-11,6.56,6.75,6.56,6.57,888457,21929454.00
2012-05-14,6.63,6.63,6.36,6.36,672204,16017377.00
2012-05-15,6.36,6.36,6.25,6.31,270969,6310268.50
2012-05-16,6.27,6.31,6.12,6.14,242401,5582362.50
2012-05-17,6.14,6.27,6.13,6.23,305502,7014495.00
2012-05-18,6.20,6.20,5.93,5.96,391355,8815864.00
2012-05-21,5.93,6.08,5.93,6.01,230430,5149414.50
2012-05-22,6.10,6.19,6.04,6.17,271302,6166240.50
2012-05-23,6.13,6.14,5.98,6.03,245639,5533218.50
2012-05-24,6.01,6.13,6.01,6.11,198793,4492371.00
2012-05-25,6.09,6.13,5.94,5.98,194311,4359854.50
2012-05-28,5.95,6.11,5.82,6.09,266245,5909632.50
2012-05-29,6.01,6.24,6.01,6.23,311952,7133294.00
2012-05-30,6.20,6.31,6.16,6.25,267039,6188814.00
2012-05-31,6.27,6.44,6.17,6.35,419872,9834931.00
2012-06-01,6.36,6.42,6.26,6.30,301199,7065258.50
2012-06-04,6.22,6.22,5.92,5.97,387437,8708845.00
2012-06-05,5.98,6.03,5.94,5.96,200010,4443603.50
2012-06-06,5.94,6.04,5.89,5.95,173850,3848609.50
2012-06-07,6.00,6.05,5.93,5.95,160340,3565262.75
2012-06-08,5.99,6.50,5.95,6.42,1098177,25624824.00
2012-06-11,6.39,6.71,6.31,6.62,1580631,38437424.00
2012-06-12,6.53,6.66,6.46,6.53,790007,19143146.00
2012-06-13,6.63,6.63,6.50,6.59,687979,16760798.00
2012-06-14,6.54,6.61,6.45,6.48,500789,12096678.00
2012-06-15,6.53,6.55,6.37,6.49,416706,10003294.00
2012-06-18,6.47,6.98,6.47,6.83,1124710,28125894.00
2012-06-19,6.78,6.95,6.71,6.90,919835,23224796.00
2012-06-20,6.88,7.09,6.82,6.86,995464,25631344.00
2012-06-21,6.81,6.94,6.76,6.92,709272,17968318.00
2012-06-25,6.86,7.02,6.78,6.81,595387,15126337.00
2012-06-26,6.79,6.79,6.37,6.51,648859,15708018.00
2012-06-27,6.48,6.56,6.35,6.43,521726,12498507.00
2012-06-28,6.42,6.51,6.41,6.42,289970,6942408.50
2012-06-29,6.36,6.74,6.36,6.73,603587,14682329.00
2012-07-02,6.88,7.08,6.83,6.96,893539,22950518.00
2012-07-03,6.89,6.95,6.78,6.85,812896,20609532.00
2012-07-04,6.83,6.99,6.80,6.88,529724,13466437.00
2012-07-05,6.82,6.86,6.51,6.58,673004,16449119.00
2012-07-06,6.65,6.66,6.15,6.48,872013,20685130.00
2012-07-09,6.37,6.64,6.11,6.17,1356986,15967346.00
2012-07-10,6.25,6.25,5.54,5.70,2962901,31201488.00
2012-07-11,5.63,5.74,5.54,5.63,1016231,10545567.00
2012-07-12,5.57,5.74,5.52,5.69,1162383,12073039.00
2012-07-13,5.67,5.74,5.43,5.46,716679,7375374.50
2012-07-16,5.52,5.52,4.89,4.92,2172311,20220106.00
2012-07-17,4.96,5.00,4.82,4.95,774588,7047178.00
2012-07-18,4.96,5.03,4.88,5.03,600600,5510416.50
2012-07-19,5.03,5.18,4.98,5.12,928065,8754418.00
2012-07-20,5.03,5.15,5.00,5.02,547457,5133260.00
2012-07-23,4.98,5.02,4.87,4.99,397816,3652655.25
2012-07-24,4.97,5.09,4.94,5.06,473631,4385162.00
2012-07-25,5.04,5.57,4.99,5.48,3305331,33346780.00
2012-07-26,5.38,5.38,5.23,5.31,1776782,17362660.00
2012-07-27,5.27,5.39,5.22,5.24,815682,7954857.00
2012-07-30,5.23,5.28,4.98,4.98,807648,7646493.50
2012-07-31,4.98,5.04,4.76,4.91,564367,5090898.00
2012-08-01,4.95,5.08,4.88,5.03,572856,5285609.50
2012-08-02,5.03,5.03,4.87,4.91,567041,5170254.50
2012-08-03,4.93,5.20,4.88,5.12,595314,5514664.50
2012-08-06,5.05,5.31,5.01,5.24,912432,8705030.00
2012-08-07,5.20,5.41,5.18,5.26,1052132,10313982.00
2012-08-08,5.26,5.31,5.17,5.27,688269,6639126.50
2012-08-09,5.27,5.46,5.27,5.41,1273049,12660377.00
2012-08-10,5.37,5.40,5.20,5.23,1311230,12763717.00
2012-08-13,5.22,5.60,5.19,5.23,1036852,10204781.00
2012-08-14,5.21,5.24,5.00,5.21,796732,7549089.00
2012-08-15,5.17,5.20,5.02,5.07,603108,5660489.00
2012-08-16,4.99,5.08,4.92,5.01,333342,3087606.00
2012-08-17,5.00,5.07,4.92,5.04,630954,5822774.50
2012-08-20,4.99,5.05,4.92,5.05,381007,3509674.00
2012-08-21,5.06,5.36,5.04,5.23,951767,9140186.00
2012-08-22,5.29,5.30,5.12,5.16,704683,6771759.00
2012-08-23,5.14,5.36,5.13,5.31,1077233,10436491.00
2012-08-24,5.26,5.33,5.10,5.13,822090,7899479.00
2012-08-27,5.04,5.08,4.93,4.96,571059,5254437.00
2012-08-28,4.96,5.09,4.91,5.03,540720,5010353.50
2012-08-29,5.02,5.31,5.02,5.18,1670363,16003164.00
2012-08-30,5.13,5.19,4.79,4.88,1889681,17334476.00
2012-08-31,4.78,5.02,4.78,4.88,638035,5762826.50
2012-09-03,4.86,5.02,4.82,4.96,555323,5073524.00
2012-09-04,4.96,5.13,4.96,4.99,930939,8650289.00
2012-09-05,4.99,5.50,4.96,5.50,4524564,44898768.00
2012-09-06,5.48,5.53,5.30,5.47,4227429,42144428.00
2012-09-07,5.44,5.67,5.39,5.59,3613492,36856712.00
2012-09-10,5.62,5.93,5.46,5.87,4193455,43935760.00
2012-09-11,5.79,5.86,5.67,5.67,2303446,24386206.00
2012-09-12,5.65,5.73,5.49,5.58,2795663,28780450.00
2012-09-13,5.57,5.76,5.49,5.49,1773299,18386574.00
2012-09-14,5.53,5.57,5.36,5.42,2311134,23230638.00
2012-09-17,5.51,5.59,5.29,5.32,1597595,16121925.00
2012-09-18,5.28,5.39,5.24,5.36,928373,9135021.00
2012-09-19,5.37,5.61,5.37,5.46,1466819,14839610.00
2012-09-20,5.46,5.47,5.10,5.13,1401609,13633883.00
2012-09-21,5.12,5.17,4.87,4.89,1088421,10112354.00
2012-09-24,4.86,5.03,4.81,4.98,840976,7708025.50
2012-09-25,4.93,4.99,4.84,4.85,641851,5807391.50
2012-09-26,4.86,4.87,4.50,4.61,1342137,11519252.00
2012-09-27,4.59,4.78,4.53,4.74,852068,7381732.50
2012-09-28,4.71,4.83,4.67,4.82,719814,6340289.50
2012-10-08,4.79,4.86,4.77,4.80,630977,5606230.00
2012-10-09,4.80,4.98,4.80,4.96,769709,7017927.00
2012-10-10,4.93,5.07,4.93,5.06,842877,7805538.50
2012-10-11,5.06,5.06,4.82,4.83,797568,7271330.50
2012-10-12,5.03,5.31,4.91,4.94,2407798,22611042.00
2012-10-15,4.84,4.87,4.59,4.69,1400866,12136684.00
2012-10-16,4.69,4.84,4.67,4.73,802392,7065766.00
2012-10-17,4.74,4.81,4.67,4.76,515442,4517606.50
2012-10-18,4.77,4.87,4.74,4.85,854105,7610905.00
2012-10-19,4.87,4.97,4.85,4.88,905288,8227844.00
2012-10-22,4.87,4.94,4.78,4.92,696744,6233769.00
2012-10-23,4.88,4.92,4.80,4.80,683633,6135950.00
2012-10-24,4.80,4.91,4.78,4.81,663118,5942909.00
2012-10-25,4.76,4.86,4.73,4.74,574016,5085451.50
2012-10-26,4.72,4.79,4.62,4.65,593140,5159410.50
2012-10-29,4.64,4.68,4.61,4.64,196572,1691528.63
2012-10-30,4.64,4.71,4.61,4.68,251738,2178354.50
2012-10-31,4.73,4.73,4.63,4.71,432154,3736187.25
2012-11-01,4.68,4.83,4.68,4.81,516955,4569513.50
2012-11-02,4.83,4.83,4.77,4.82,464209,4129136.00
2012-11-05,4.79,4.83,4.71,4.74,511366,4501228.50
2012-11-06,4.78,4.78,4.61,4.68,516267,4449154.50
2012-11-07,4.70,4.84,4.67,4.81,1079009,9540632.00
2012-11-08,4.76,4.81,4.69,4.70,733921,6427589.00
2012-11-09,4.72,4.92,4.67,4.87,1288079,11452928.00
2012-11-12,4.86,5.37,4.82,5.11,3566696,33794272.00
2012-11-13,5.01,5.06,4.87,4.88,1782677,16289713.00
2012-11-14,4.80,4.90,4.68,4.83,1081813,9585343.00
2012-11-15,4.74,4.78,4.62,4.64,847600,7392163.50
2012-11-16,4.60,4.67,4.60,4.65,501474,4302258.50
2012-11-19,4.65,4.66,4.51,4.62,632994,5374998.00
2012-11-20,4.64,5.03,4.63,4.83,2739300,24869650.00
2012-11-21,4.80,4.98,4.70,4.96,1694670,15250343.00
2012-11-22,4.88,5.22,4.88,5.07,3081835,29086402.00
2012-11-23,5.02,5.17,4.99,5.14,1940482,18200222.00
2012-11-26,5.14,5.14,4.95,4.98,1033787,9593181.00
2012-11-27,4.93,5.00,4.65,4.73,1270595,11215302.00
2012-11-28,4.68,4.68,4.55,4.64,640132,5466804.50
2012-11-29,4.66,4.81,4.55,4.63,905412,7876017.00
2012-11-30,4.64,4.64,4.39,4.59,1011177,8435450.00
2012-12-03,4.53,4.58,4.43,4.46,671769,5618967.00
2012-12-04,4.46,4.57,4.33,4.53,643694,5295821.50
2012-12-05,4.48,4.73,4.48,4.68,1082466,9322578.00
2012-12-06,4.64,4.75,4.62,4.65,2027801,17512442.00
2012-12-07,4.65,4.77,4.57,4.76,2249322,19526400.00
2012-12-10,4.78,4.94,4.71,4.91,2302349,20569420.00
2012-12-11,4.86,4.86,4.73,4.76,1674045,14836600.00
2012-12-12,4.76,4.83,4.69,4.81,1442010,12689646.00
2012-12-13,4.78,4.85,4.73,4.75,1140526,10083525.00
2012-12-14,4.73,5.01,4.72,4.99,2281089,20668552.00
2012-12-17,4.99,4.99,4.85,4.92,1880705,17080532.00
2012-12-18,4.89,5.01,4.84,4.92,1433323,13077599.00
2012-12-19,4.92,5.12,4.89,5.03,1819879,16875852.00
2012-12-20,4.98,5.00,4.88,4.96,1460783,13317555.00
2012-12-21,4.95,5.09,4.92,4.99,1932974,17898324.00
2012-12-24,4.96,5.05,4.96,5.03,1132571,10505322.00
2012-12-25,5.01,5.28,4.99,5.28,2934568,28053246.00
2012-12-26,5.27,5.52,5.19,5.52,3580339,35231696.00
2012-12-27,5.46,5.56,5.24,5.25,2762302,27480722.00
2012-12-28,5.26,5.39,5.18,5.30,2334770,22802788.00
2012-12-31,5.27,5.33,5.20,5.23,1450793,14044974.00
2013-01-04,5.27,5.32,5.12,5.19,1120088,10739121.00
2013-01-07,5.19,5.34,5.15,5.30,1265607,12284699.00
2013-01-08,5.29,5.46,5.24,5.42,2367648,23471012.00
2013-01-09,5.42,5.54,5.32,5.37,2313582,23152080.00
2013-01-10,5.37,5.53,5.32,5.47,1675811,16796954.00
2013-01-11,5.47,5.53,5.24,5.27,1448791,14426354.00
2013-01-14,5.25,5.48,5.21,5.47,1701515,16924526.00
2013-01-15,5.47,5.64,5.45,5.64,3190817,32732690.00
2013-01-16,5.62,5.73,5.45,5.51,2591496,26674756.00
2013-01-17,5.52,5.59,5.43,5.47,1618595,16405378.00
2013-01-18,5.47,5.57,5.43,5.53,1427248,14511270.00
2013-01-21,5.54,5.57,5.42,5.48,2088302,21057230.00
2013-01-22,5.48,5.53,5.24,5.26,2248211,22316428.00
2013-01-23,5.26,5.31,5.14,5.26,1274598,12320237.00
2013-01-24,5.26,5.36,5.06,5.07,1722284,16549263.00
2013-01-25,5.11,5.16,5.04,5.09,750279,7069470.50
2013-01-28,5.08,5.24,5.08,5.23,996023,9519272.00
2013-01-29,5.23,5.39,5.23,5.34,1446345,14210546.00
2013-01-30,5.36,5.36,5.19,5.26,1116152,10826015.00
2013-01-31,5.21,5.23,5.08,5.14,1077082,10235851.00
2013-02-01,5.11,5.21,5.11,5.20,930894,8894128.00
2013-02-04,5.23,5.24,5.13,5.13,835082,7963186.00
2013-02-05,5.12,5.22,5.09,5.22,739594,7073749.50
2013-02-06,5.23,5.40,5.20,5.36,1779455,17510730.00
2013-02-07,5.37,5.48,5.33,5.45,1904191,19033486.00
2013-02-08,5.57,5.57,5.44,5.49,2390642,24221776.00
2013-02-18,5.48,5.51,5.40,5.48,1209145,12178292.00
2013-02-19,5.48,5.48,5.32,5.37,1187833,11787967.00
2013-02-20,5.37,5.53,5.37,5.53,1898854,19201856.00
2013-02-21,5.56,5.56,5.37,5.41,1702039,17092212.00
2013-02-22,5.38,5.81,5.38,5.58,4109192,42680052.00
2013-02-25,5.54,5.61,5.46,5.51,2949850,29977382.00
2013-02-26,5.47,5.77,5.43,5.54,3630299,37701800.00
2013-02-27,5.54,5.64,5.41,5.46,2015096,20491070.00
2013-02-28,5.47,5.62,5.45,5.58,2040489,20844884.00
2013-03-01,5.57,5.87,5.55,5.84,4045604,42781040.00
2013-03-04,5.79,6.08,5.66,5.75,4901002,52815416.00
2013-03-05,5.77,5.97,5.69,5.94,2980284,32167050.00
2013-03-06,5.98,6.09,5.88,6.04,3011409,33183258.00
2013-03-07,6.01,6.08,5.68,5.74,3052841,32872184.00
2013-03-08,5.79,5.80,5.62,5.63,1537311,16158641.00
2013-03-11,5.62,5.71,5.60,5.65,850681,8850490.00
2013-03-12,5.66,5.69,5.32,5.36,1813009,18343842.00
2013-03-13,5.37,5.41,5.30,5.37,846437,8347502.00
2013-03-14,5.37,5.43,5.34,5.34,562200,5573248.50
2013-03-15,5.31,5.44,5.25,5.33,888402,8795347.00
2013-03-18,5.31,5.31,5.12,5.14,1087706,10434146.00
2013-03-19,5.18,5.19,5.09,5.18,636790,6040589.00
2013-03-20,5.14,5.38,5.14,5.34,1291591,12585901.00
2013-03-21,5.34,5.41,5.27,5.37,1257218,12410817.00
2013-03-22,5.37,5.37,5.26,5.34,880791,8631262.00
2013-03-25,5.27,5.39,5.24,5.33,786177,7689437.00
2013-03-26,5.30,5.38,5.26,5.32,900320,8833045.00
2013-03-27,5.31,5.37,5.27,5.32,843960,8281710.00
2013-03-28,5.26,5.27,5.04,5.04,1369727,13009010.00
2013-03-29,5.03,5.17,5.01,5.10,738315,6941492.00
2013-04-01,5.07,5.15,5.07,5.14,510429,4821302.50
2013-04-02,5.14,5.20,4.97,4.98,683179,6413595.50
2013-04-03,4.98,5.03,4.88,4.92,481744,4417807.00
2013-04-08,4.88,4.94,4.77,4.92,529857,4758838.00
2013-04-09,4.95,4.99,4.93,4.96,379904,3484391.25
2013-04-10,4.96,5.01,4.86,4.97,709704,6468793.00
2013-04-11,4.98,5.07,4.88,4.88,1140028,10377865.00
2013-04-12,4.88,4.91,4.80,4.81,604599,5418422.00
2013-04-15,4.81,4.81,4.69,4.72,479765,4194560.50
2013-04-16,4.70,4.78,4.66,4.77,449239,3928244.50
2013-04-17,4.77,4.84,4.74,4.84,477582,4235589.00
2013-04-18,4.76,4.99,4.76,4.98,1486482,13577364.00
2013-04-19,5.03,5.09,4.96,5.03,964419,8945885.00
2013-04-22,4.94,5.02,4.93,5.01,1365617,12542180.00
2013-04-23,5.06,5.12,4.92,4.95,1535896,14220609.00
2013-04-24,4.96,5.16,4.90,5.13,1649832,15477014.00
2013-04-25,5.11,5.18,5.01,5.02,1086401,10247723.00
2013-04-26,5.02,5.07,4.85,4.85,1030800,9398358.00
2013-05-02,4.84,4.98,4.82,4.97,716930,6483277.00
2013-05-03,4.96,5.17,4.96,5.13,1315234,12409306.00
2013-05-06,5.13,5.38,5.12,5.37,2814174,27605610.00
2013-05-07,5.41,5.46,5.27,5.36,2580690,25442052.00
2013-05-08,5.33,5.52,5.30,5.51,2924475,29271914.00
2013-05-09,5.47,5.48,5.36,5.48,2086152,20873232.00
2013-05-10,5.48,5.51,5.33,5.41,2063339,20626822.00
2013-05-13,5.79,5.91,5.44,5.57,2819630,28706866.00
2013-05-14,5.54,5.57,5.40,5.41,1776827,17918862.00
2013-05-15,5.43,5.54,5.39,5.54,1569006,15888406.00
2013-05-16,5.54,5.67,5.44,5.46,2482630,25506898.00
2013-05-17,5.46,5.65,5.46,5.62,2183154,22492028.00
2013-05-20,5.62,6.03,5.62,5.97,3694460,40042048.00
2013-05-21,5.97,6.58,5.88,6.58,6269321,72330128.00
2013-05-22,6.76,6.76,6.29,6.37,6261551,75183928.00
2013-05-23,6.28,6.88,6.26,6.53,5138826,62076488.00
2013-05-24,6.47,6.81,6.47,6.66,3835956,46961328.00
2013-05-27,6.68,6.71,6.53,6.62,2574721,31274374.00
2013-05-28,6.62,6.62,6.18,6.25,3284740,38125224.00
2013-05-29,6.25,6.36,6.22,6.29,2020579,23383692.00
2013-05-30,6.28,6.38,6.15,6.31,1965410,22731216.00
2013-05-31,6.38,6.43,6.21,6.28,2124966,24617944.00
2013-06-03,6.28,6.31,6.08,6.10,1523246,17267730.00
2013-06-04,6.07,6.09,5.82,5.89,2202034,24012296.00
2013-06-05,5.89,5.99,5.86,5.92,1084507,11816961.00
2013-06-06,5.91,5.91,5.68,5.71,1159405,12359115.00
2013-06-07,5.68,5.80,5.53,5.73,1069132,11169684.00
2013-06-13,5.64,5.96,5.43,5.91,1940857,20618024.00
2013-06-14,5.92,6.18,5.87,6.10,2939557,32719602.00
2013-06-17,6.04,6.37,5.98,6.15,3210379,36627996.00
2013-06-18,6.10,6.13,5.91,6.10,1668366,18526570.00
2013-06-19,6.07,6.07,5.81,5.98,1344802,14698803.00
2013-06-20,6.02,6.36,5.92,5.94,4224696,48293832.00
2013-06-21,5.60,5.94,5.55,5.86,2369957,24930920.00
2013-06-24,5.76,5.81,5.36,5.36,2129013,21885122.00
2013-06-25,5.33,5.46,4.87,5.36,2377033,22797276.00
2013-06-26,5.38,5.84,5.29,5.74,3233805,33336824.00
2013-06-27,5.74,6.30,5.73,5.86,4018270,44330828.00
2013-06-28,5.71,6.21,5.61,5.99,3620857,39899712.00
2013-07-01,5.93,6.61,5.87,6.51,6850063,80980032.00
2013-07-02,6.39,6.60,6.37,6.50,5558260,66103828.00
2013-07-03,6.41,7.03,6.33,6.78,6935262,85560192.00
2013-07-04,6.70,6.74,6.54,6.66,4290681,52360996.00
2013-07-05,6.62,6.87,6.31,6.31,4074670,49540848.00
2013-07-08,6.16,6.96,5.87,6.84,7132816,85158896.00
2013-07-09,6.85,7.53,6.72,7.22,10022476,132843800.00
2013-07-10,7.03,7.96,6.99,7.74,10990426,153143136.00
2013-07-11,7.59,8.11,7.42,8.08,8008521,112878272.00
2013-07-12,7.97,8.90,7.91,8.80,8930116,138350464.00
2013-07-15,8.77,9.12,8.64,8.93,8071647,131394944.00
2013-07-16,8.85,9.03,8.57,8.86,5826518,93484384.00
2013-07-17,8.73,8.97,8.43,8.61,6291163,99534984.00
2013-07-18,8.58,9.47,8.43,9.06,9422977,153920624.00
2013-07-19,9.03,9.09,8.58,8.62,6056508,98101968.00
2013-07-22,8.48,8.98,8.43,8.83,4745941,75900480.00
2013-07-23,8.81,9.08,8.58,8.94,5120080,82479912.00
2013-07-24,8.92,9.84,8.77,9.84,9556903,165965600.00
2013-07-25,9.86,9.95,8.84,8.84,10798454,181262288.00
2013-07-26,8.59,8.97,8.21,8.61,6692173,105596728.00
2013-07-29,8.47,8.56,8.15,8.19,3915780,59564648.00
2013-07-30,8.24,8.34,7.53,7.76,4004825,57600088.00
2013-07-31,7.84,8.13,7.69,7.96,2874601,41701620.00
2013-08-01,8.00,8.69,7.89,8.60,4731080,72538912.00
2013-08-02,8.59,9.13,8.51,8.59,5140059,83011456.00
2013-08-05,8.42,8.78,8.37,8.68,2466804,38968188.00
2013-08-06,8.62,8.86,8.53,8.78,3783990,60398004.00
2013-08-07,8.76,8.76,7.95,8.04,5236688,79033232.00
2013-08-08,8.02,8.24,7.80,8.01,2577016,38039572.00
2013-08-09,8.00,8.12,7.53,7.81,3321624,47646704.00
2013-08-12,7.76,8.13,7.69,8.04,2786668,40384492.00
2013-08-13,7.93,8.19,7.86,8.03,2875249,42389492.00
2013-08-14,8.02,8.16,7.77,8.04,3479050,50815860.00
2013-08-15,8.00,8.72,7.90,8.57,6189582,94759896.00
2013-08-16,8.38,8.56,7.76,7.89,4144173,62680728.00
2013-08-19,8.26,8.70,8.14,8.70,4510802,70338344.00
2013-08-20,9.03,9.58,9.01,9.58,4595324,78635688.00
2013-08-21,10.01,10.29,9.32,9.92,14320913,256163936.00
2013-08-22,9.59,9.77,9.43,9.64,8621876,151217024.00
2013-08-23,9.87,10.53,9.72,10.34,13008147,240183552.00
2013-08-26,10.14,10.86,9.98,10.36,9713606,184197360.00
2013-08-27,10.76,11.41,10.54,11.41,9171844,183473792.00
2013-08-28,11.42,12.56,11.06,12.15,13310268,287342048.00
2013-08-29,11.92,12.47,11.73,11.97,8338971,183882784.00
2013-08-30,11.68,11.81,10.76,10.76,8141743,163977712.00
2013-09-02,10.28,11.23,10.06,10.59,6287811,122355448.00
2013-09-03,10.62,11.66,10.62,11.26,8164040,166894752.00
2013-09-04,11.03,11.19,10.66,10.93,6805896,134708624.00
2013-09-05,10.73,11.52,10.63,11.08,7358689,149251344.00
2013-09-06,10.99,12.21,10.87,12.21,12821316,278632576.00
2013-09-09,12.70,13.00,12.03,12.31,11634107,264878160.00
2013-09-10,12.17,12.89,11.82,12.01,7723856,171467360.00
2013-09-11,11.70,11.75,10.79,10.79,7408402,148085392.00
2013-09-12,10.62,11.14,10.53,10.61,4247040,83816304.00
2013-09-13,10.70,10.97,9.99,10.81,5804933,111640248.00
2013-09-16,10.75,11.64,10.56,11.17,6625614,134967648.00
2013-09-17,11.09,11.50,10.92,11.31,4667910,95545784.00
2013-09-18,11.16,11.64,10.84,11.49,4581223,94134752.00
2013-09-23,11.49,12.09,11.22,11.91,6085203,129079592.00
2013-09-24,11.90,12.17,11.59,11.72,4318682,92969624.00
2013-09-25,11.58,12.09,11.54,11.67,3469168,74662928.00
2013-09-26,11.64,11.64,10.87,10.88,3542634,71772568.00
2013-09-27,10.87,11.14,10.59,10.94,2838916,55850396.00
2013-09-30,11.01,11.52,10.78,11.26,4602983,93053672.00
2013-10-08,11.20,11.20,10.42,10.84,4056609,80568872.00
2013-10-09,10.76,11.87,10.71,11.87,6565096,136215728.00
2013-10-10,11.70,11.82,10.98,11.04,5300558,109972096.00
2013-10-11,11.24,11.64,11.06,11.16,4637291,95491544.00
2013-10-14,11.37,12.28,11.28,12.28,8215733,178054336.00
2013-10-15,12.71,13.26,12.47,13.24,10454435,244688400.00
2013-10-16,12.76,12.76,11.91,11.91,6642730,146216208.00
2013-10-17,11.71,12.09,11.02,11.12,5280787,111184904.00
2013-10-18,10.92,11.57,10.75,11.43,3315781,67707224.00
2013-10-21,11.53,12.59,11.48,12.59,5410876,121000680.00
2013-10-22,12.83,12.83,11.40,11.42,6182464,134441392.00
2013-10-23,11.19,11.88,10.81,11.34,4444657,92272904.00
2013-10-24,11.20,12.08,11.16,11.81,4717112,100769640.00
2013-10-25,11.69,12.02,10.98,11.39,3389017,70093008.00
2013-10-28,11.42,12.31,11.28,12.00,5332890,115772288.00
2013-10-29,12.09,12.16,10.79,11.96,5941754,124703536.00
2013-10-30,11.73,12.03,11.43,11.84,3613404,77166480.00
2013-10-31,11.74,11.74,10.99,11.16,3117510,63973812.00
2013-11-01,11.02,11.26,10.03,10.03,5521740,103321344.00
2013-11-04,9.76,9.80,9.32,9.46,3689205,64271436.00
2013-11-05,9.34,9.72,9.31,9.71,2909122,50847888.00
2013-11-06,9.71,9.86,9.37,9.39,2948080,51909884.00
2013-11-07,9.34,9.57,8.98,9.00,3688788,61660304.00
2013-11-08,8.89,9.20,8.89,9.06,2374982,39300596.00
2013-11-11,9.03,9.23,8.93,9.12,1742789,28985884.00
2013-11-12,9.09,9.58,9.02,9.49,3416380,57927764.00
2013-11-13,9.39,9.45,9.04,9.04,3003653,50912260.00
2013-11-14,8.91,9.46,8.80,9.26,3667716,61602436.00
2013-11-15,9.31,10.06,9.21,9.61,4506318,79932424.00
2013-11-18,9.84,10.58,9.70,10.53,6679043,125013600.00
2013-11-19,10.31,10.56,10.16,10.36,4498509,84693472.00
2013-11-20,10.30,10.37,10.02,10.27,3248946,60296512.00
2013-11-21,10.22,10.22,9.93,10.06,2288634,41963220.00
2013-11-22,10.06,10.36,10.03,10.16,2461891,45815456.00
2013-11-25,10.11,10.66,10.00,10.42,3525709,66880100.00
2013-11-26,10.48,10.61,10.26,10.34,2573537,48861208.00
2013-11-27,10.39,10.73,10.34,10.60,2770892,53374772.00
2013-11-28,10.60,10.88,10.46,10.54,3355632,65071776.00
2013-11-29,10.54,11.31,10.47,10.97,4864468,96867184.00
2013-12-02,9.94,10.27,9.86,9.86,3684302,67257624.00
2013-12-03,9.12,9.46,8.86,9.33,4723568,78649712.00
2013-12-04,9.17,9.52,9.06,9.11,3049649,52039884.00
2013-12-05,9.15,9.41,9.04,9.20,2229274,37548536.00
2013-12-06,9.06,9.24,8.96,9.09,1404295,23353382.00
2013-12-09,9.06,9.29,9.06,9.27,1708522,28775130.00
2013-12-10,9.31,9.31,8.98,9.14,2022184,33563776.00
2013-12-11,9.07,9.31,8.96,9.04,1577511,26360688.00
2013-12-12,9.01,9.46,8.98,9.32,2678457,45527120.00
2013-12-13,9.31,9.42,9.12,9.27,1754198,29682246.00
2013-12-16,9.29,9.42,9.12,9.23,1341891,22682022.00
2013-12-17,9.23,9.28,8.81,8.96,1288463,21211454.00
2013-12-18,8.92,9.01,8.81,8.83,1139710,18507766.00
2013-12-19,8.84,9.17,8.83,8.97,1540984,25439564.00
2013-12-20,8.94,9.01,8.76,8.83,801800,13001155.00
2013-12-23,8.85,8.91,8.11,8.22,2518664,38277360.00
2013-12-24,8.31,8.48,8.23,8.39,1404035,21495462.00
2013-12-25,8.42,9.24,8.41,9.24,4763797,79111648.00
2013-12-26,9.31,9.39,9.09,9.31,4293318,72629416.00
2013-12-27,9.20,9.48,9.09,9.39,4171996,71106456.00
2013-12-30,9.47,9.78,9.32,9.59,3880037,68101992.00
2013-12-31,9.53,9.92,9.36,9.36,2794445,48873836.00
2014-01-02,9.31,9.84,9.27,9.77,3687963,64935296.00
2014-01-03,9.67,10.69,9.67,10.33,6906894,129288144.00
2014-01-06,10.16,10.68,9.68,9.98,5896862,110185896.00
2014-01-07,9.87,10.30,9.76,10.12,3511108,64609988.00
2014-01-08,10.19,11.06,10.12,10.82,6484380,125602040.00
2014-01-09,10.75,10.84,10.33,10.36,4347204,83885840.00
2014-01-10,10.26,10.36,9.81,10.07,3359694,61697348.00
2014-01-13,10.18,10.31,9.81,10.02,2328529,42698492.00
2014-01-14,9.98,10.51,9.87,10.45,3111865,58161300.00
2014-01-15,10.42,10.52,10.24,10.44,2986942,56502752.00
2014-01-16,10.53,10.74,9.98,10.03,3913272,73582208.00
2014-01-17,10.03,10.41,9.99,10.06,2373271,44071128.00
2014-01-20,10.25,10.77,10.20,10.50,4225747,80472928.00
2014-01-21,10.41,10.97,10.21,10.96,5511858,106438464.00
2014-01-22,10.71,11.51,10.61,11.21,7795863,158409200.00
2014-01-23,10.98,11.71,10.92,11.41,6788588,140346048.00
2014-01-24,11.43,12.57,11.43,12.57,8411449,185443072.00
2014-01-27,12.47,12.47,11.84,12.10,7549545,167592384.00
2014-01-28,12.15,12.81,12.07,12.19,7093249,159549072.00
2014-01-29,12.18,12.82,11.53,12.79,6408086,142880800.00
2014-01-30,12.69,14.03,12.46,13.36,7597641,182607024.00
2014-02-07,13.09,13.96,12.76,13.59,6070316,148147312.00
2014-02-10,13.46,14.08,13.10,13.76,6030038,149974032.00
2014-02-11,13.56,13.89,13.04,13.24,5653340,138137344.00
2014-02-12,13.30,13.41,12.81,13.01,4352946,103492968.00
2014-02-13,12.97,13.17,12.52,12.57,3838275,90190920.00
2014-02-14,12.47,12.74,12.30,12.69,3294083,75101464.00
2014-02-17,13.10,13.97,12.87,13.97,5183893,127704792.00
2014-02-18,14.82,15.14,14.13,14.53,8921631,237310880.00
2014-02-19,14.53,14.76,13.87,14.08,4253758,110031360.00
2014-02-20,14.09,15.50,13.70,15.50,6866290,185535600.00
2014-02-21,14.76,15.13,13.94,15.02,6062650,161800880.00
2014-02-24,14.73,15.96,14.39,15.38,6136919,171000976.00
2014-02-25,15.34,16.64,14.34,15.61,8456732,241870576.00
2014-02-26,15.17,15.40,14.31,15.34,4813729,130227816.00
2014-02-27,15.61,16.41,13.87,14.16,6672261,184724224.00
2014-02-28,13.87,14.26,12.92,14.20,5037411,124685456.00
2014-03-03,13.98,14.81,13.81,14.73,3977750,103865992.00
2014-03-04,14.42,14.71,13.95,14.30,2946497,76326416.00
2014-03-05,14.36,15.25,14.36,14.87,3951785,106811312.00
2014-03-06,14.98,16.37,14.98,16.37,9679111,281091840.00
2014-03-07,16.26,16.26,15.53,15.69,6471213,185680848.00
2014-03-10,15.29,15.36,14.63,15.00,3575501,97288528.00
2014-03-11,14.87,15.36,14.26,15.27,3202659,85709888.00
2014-03-12,15.01,15.42,14.20,14.48,2557633,68498512.00
2014-03-13,14.62,14.90,14.32,14.74,1862371,49508108.00
2014-03-14,14.58,15.63,14.51,15.07,2588396,71237008.00
2014-03-17,14.81,16.49,14.76,16.04,4080068,116986424.00
2014-03-18,16.09,17.37,15.87,16.78,5669774,173945616.00
2014-03-19,16.51,16.74,16.26,16.49,3026359,90595792.00
2014-03-20,16.37,16.78,15.59,15.59,3345746,97785344.00
2014-03-21,15.43,16.14,14.97,16.08,2795513,79339440.00
2014-03-24,16.08,16.71,15.39,15.43,3280765,95671056.00
2014-03-25,15.02,15.51,14.61,14.62,2461650,67067252.00
2014-03-26,14.76,15.14,14.71,14.92,1600931,43366512.00
2014-03-27,14.98,15.10,13.44,13.48,3109114,79556768.00
2014-03-28,13.37,13.47,12.12,13.07,3793592,88664608.00
2014-03-31,12.78,13.68,12.54,13.42,2156804,52110120.00
2014-04-01,13.41,13.73,13.14,13.66,1239793,30673960.00
2014-04-02,13.66,13.91,12.92,13.19,1417299,34248112.00
2014-04-03,13.13,13.52,12.67,13.01,1113509,26698012.00
2014-04-04,12.89,13.26,12.89,13.09,1095445,25982186.00
2014-04-08,12.69,13.14,12.68,13.08,1340079,31358750.00
2014-04-09,13.35,14.13,13.34,13.76,2005772,50348856.00
2014-04-10,13.78,14.40,13.59,14.02,2951531,75920584.00
2014-04-11,13.59,14.31,13.48,13.74,1240261,31075768.00
2014-04-14,13.64,14.20,13.64,13.89,965733,24473286.00
2014-04-15,13.93,14.03,13.67,14.03,1186975,29978588.00
2014-04-16,14.02,14.02,13.48,13.58,1181550,29325204.00
2014-04-17,13.58,14.41,13.56,14.07,2111501,54276548.00
2014-04-18,14.07,14.86,13.98,14.80,3433061,90613992.00
2014-04-21,14.52,15.23,14.39,14.42,2643821,71255552.00
2014-04-22,14.26,14.70,13.69,14.07,1738685,44483884.00
2014-04-23,13.87,14.87,13.87,14.32,1721405,45120168.00
2014-04-24,14.31,14.31,13.64,13.87,1447642,36384496.00
2014-04-25,13.87,13.89,12.98,13.06,1580229,38492372.00
2014-04-28,12.87,13.22,12.67,12.73,1105056,25981264.00
2014-04-29,12.77,13.20,12.77,13.13,870522,20675502.00
2014-04-30,12.96,13.47,12.96,13.41,794576,19254084.00
2014-05-05,13.47,13.67,13.32,13.67,807416,19882584.00
2014-05-06,13.60,13.95,13.53,13.69,1245499,30989618.00
2014-05-07,13.64,13.64,12.93,12.98,1160412,28060622.00
2014-05-08,12.88,13.26,12.88,12.95,736437,17509248.00
2014-05-09,12.87,12.98,12.37,12.53,971014,22201048.00
2014-05-12,12.62,13.09,12.62,13.06,911013,21300584.00
2014-05-13,13.02,13.47,13.01,13.18,788052,18981894.00
2014-05-14,13.18,13.37,13.05,13.14,719330,17274358.00
2014-05-15,13.08,13.24,12.37,12.62,946519,22166254.00
2014-05-16,12.66,12.73,12.27,12.33,916008,20757766.00
2014-05-19,12.27,12.44,12.19,12.40,611622,13726866.00
2014-05-20,12.59,12.92,12.46,12.56,1110456,25718630.00
2014-05-21,12.40,12.70,12.26,12.70,1080892,24647674.00
2014-05-22,12.64,13.18,12.57,13.02,2316279,54798724.00
2014-05-23,12.92,13.46,12.77,13.43,1953896,46812348.00
2014-05-26,13.48,13.81,13.29,13.60,2326888,57350160.00
2014-05-27,13.57,13.63,13.37,13.39,1572158,38596680.00
2014-05-28,13.48,13.81,13.40,13.64,2650792,65815448.00
2014-05-29,13.67,14.14,13.56,13.56,3195234,80510832.00
2014-05-30,13.57,13.89,13.57,13.77,1688736,42223128.00
2014-06-03,13.73,14.48,13.72,14.11,4799815,123598248.00
2014-06-04,13.94,14.06,13.62,13.81,1905174,47723284.00
2014-06-05,13.76,14.12,13.62,14.09,2058309,52121536.00
2014-06-06,14.26,14.76,14.01,14.28,4603911,119970792.00
2014-06-09,14.21,14.42,13.86,13.91,2617692,66821048.00
2014-06-10,13.81,14.12,13.51,14.03,2779814,69822176.00
2014-06-11,14.01,14.24,13.87,14.07,2323016,59382648.00
2014-06-12,13.97,14.12,13.74,13.97,2154237,54501628.00
2014-06-13,14.02,14.85,13.95,14.85,7273648,191652656.00
2014-06-16,14.76,15.48,14.76,15.14,6225402,170459904.00
2014-06-17,15.10,15.29,14.83,14.87,3395075,92628552.00
2014-06-18,14.86,15.15,14.38,14.47,3212963,86350480.00
2014-06-19,14.31,14.63,13.34,13.51,3446998,87967240.00
2014-06-20,13.48,14.06,13.45,14.06,2148390,53919856.00
2014-06-23,14.13,15.48,13.98,15.48,3769320,103556072.00
2014-06-24,16.20,16.52,15.82,16.26,11389175,334283872.00
2014-06-25,15.90,17.23,15.58,17.06,10881555,322830080.00
2014-06-26,17.09,18.78,16.78,18.78,11156950,363052768.00
2014-06-27,18.76,20.62,18.28,19.34,12307045,427068224.00
2014-06-30,19.14,19.86,18.64,19.33,7604143,264026096.00
2014-07-01,19.04,19.87,18.92,18.99,6813377,238139440.00
2014-07-02,19.37,20.91,18.98,20.91,9110043,328395680.00
2014-07-03,20.76,21.48,19.98,20.39,8250176,308540192.00
2014-07-04,20.21,20.28,19.49,19.91,4932277,177187376.00
2014-07-07,19.87,20.42,19.59,19.98,5764751,209610304.00
2014-07-08,19.54,19.80,18.36,19.63,13277809,253151456.00
2014-07-09,19.25,20.79,19.06,20.10,14263833,286055840.00
2014-07-10,19.77,21.60,19.74,20.43,15190387,315192064.00
2014-07-11,20.01,20.15,19.49,19.60,9482495,188337600.00
2014-07-14,19.58,19.60,18.70,19.33,6630236,127233048.00
2014-07-15,19.36,19.54,18.30,18.62,7378387,138839648.00
2014-07-16,18.69,18.89,17.40,17.73,6932403,126022720.00
2014-07-17,17.64,18.18,17.38,18.00,3817390,68558560.00
2014-07-18,17.90,18.16,17.56,17.56,3349586,60045332.00
2014-07-21,17.47,17.68,16.69,17.10,6848747,117123560.00
2014-07-22,17.18,17.50,16.91,17.38,4646863,80619816.00
2014-07-23,17.26,17.35,16.20,16.23,6832074,114332896.00
2014-07-24,16.21,17.22,15.92,16.59,5750683,95360288.00
2014-07-25,16.59,16.86,16.26,16.55,4464494,74170384.00
2014-07-28,16.72,17.96,16.38,17.45,7380861,127387312.00
2014-07-29,17.35,18.28,17.28,17.76,7887576,141762512.00
2014-07-30,17.80,18.33,17.45,18.12,7388382,133530176.00
2014-07-31,18.06,18.26,17.72,17.81,4684202,84096944.00
2014-08-01,17.71,17.90,17.16,17.22,5047837,88610728.00
2014-08-04,17.05,17.59,17.01,17.46,4093317,70863192.00
2014-08-05,17.71,18.38,17.42,18.20,9941843,180651008.00
2014-08-06,18.08,18.16,17.70,17.88,5009365,90214920.00
2014-08-07,17.80,18.32,17.76,17.86,5772351,104458000.00
2014-08-08,17.80,18.10,17.79,17.87,3755476,67633576.00
2014-08-11,17.88,18.28,17.70,18.10,5279867,95434520.00
2014-08-12,18.07,18.60,17.93,18.52,7881796,145764624.00
2014-08-13,18.34,18.50,17.70,17.97,5525229,100422616.00
2014-08-14,17.98,18.08,17.58,17.59,4330040,77588120.00
2014-08-15,17.64,17.86,17.60,17.78,2783787,49612176.00
2014-08-18,17.87,18.78,17.87,18.73,9122086,168407952.00
2014-08-19,19.05,20.61,18.84,20.50,24177405,490107872.00
2014-08-20,20.00,20.06,19.32,19.57,13976808,275283744.00
2014-08-21,19.47,20.58,19.28,20.32,16510918,334320000.00
2014-08-22,20.15,21.45,19.90,21.01,17259044,361487808.00
2014-08-25,20.70,20.86,19.90,20.01,9762068,198892640.00
2014-08-26,19.78,20.33,19.10,19.37,6959639,138056928.00
2014-08-27,19.30,19.95,19.27,19.52,4475407,88278072.00
2014-08-28,19.40,19.65,18.91,19.08,4652890,89816648.00
2014-08-29,19.10,19.75,19.08,19.68,3538089,69256440.00
2014-09-01,19.68,20.60,19.68,20.49,6089047,124046656.00
2014-09-02,20.55,20.60,20.05,20.43,7576864,154625600.00
2014-09-03,20.40,20.84,20.11,20.64,8781957,181373840.00
2014-09-04,20.88,21.48,20.88,21.30,12147008,258922112.00
2014-09-05,21.21,21.41,20.72,21.12,6936549,146283392.00
2014-09-09,21.00,21.30,20.76,21.03,5386512,113724632.00
2014-09-10,20.90,21.25,20.70,20.99,4775581,100651744.00
2014-09-11,20.99,21.36,20.41,20.57,6238987,130944888.00
2014-09-12,20.40,20.60,20.21,20.53,4185144,85727736.00
2014-09-15,20.50,20.84,20.45,20.65,3967335,82443232.00
2014-09-16,20.75,20.89,19.50,19.57,5786854,117813800.00
2014-09-17,19.58,19.69,18.90,19.40,3828454,73957336.00
2014-09-18,19.21,19.89,19.17,19.70,3118626,61419032.00
2014-09-19,19.68,19.85,19.52,19.84,2498823,49482688.00
2014-09-22,19.77,19.77,19.04,19.16,2634572,51113616.00
2014-09-23,19.06,19.62,19.06,19.43,2668858,51900720.00
2014-09-24,19.43,21.28,19.43,20.78,8011710,165302352.00
2014-09-25,20.60,20.80,20.33,20.44,5202671,107286960.00
2014-09-26,20.30,21.57,20.28,21.22,13556701,288057344.00
2014-09-29,21.25,21.75,20.92,21.50,8753297,187519552.00
2014-09-30,21.48,22.45,21.33,21.76,8215803,181400960.00
2014-10-08,21.65,21.95,20.78,21.38,7995689,170214960.00
2014-10-09,21.25,21.30,20.69,21.10,5557390,117154792.00
2014-10-10,20.99,21.28,20.62,21.07,4661170,97952136.00
2014-10-13,20.80,21.06,20.46,20.79,3287112,68326096.00
2014-10-14,20.75,21.02,20.45,20.51,3519056,73275872.00
2014-10-15,20.47,20.69,20.08,20.29,3380008,68963032.00
2014-10-16,20.19,20.87,19.91,20.24,3713807,76598320.00
2014-10-17,20.26,20.53,19.60,19.97,2931779,59053492.00
2014-10-20,20.04,20.42,20.04,20.34,2010030,40899560.00
2014-10-21,20.35,20.40,19.61,20.26,3497647,70446552.00
2014-10-22,20.45,21.17,20.41,20.64,6689622,139934112.00
2014-10-23,20.20,20.44,19.78,19.81,3261302,65519368.00
2014-10-24,19.70,19.95,19.07,19.12,3603265,70380912.00
2014-10-27,19.15,19.20,18.41,18.77,3144549,59127372.00
2014-10-28,18.96,19.75,18.85,19.70,3323867,64717208.00
2014-10-29,19.70,19.85,19.52,19.78,3527740,69815032.00
2014-10-30,20.00,20.36,19.80,19.82,3600626,72501712.00
2014-10-31,19.79,19.80,19.05,19.29,3635590,70629288.00
2014-11-03,19.28,19.60,19.27,19.59,1914962,37424264.00
2014-11-04,19.58,19.70,18.96,18.98,3247793,62904924.00
2014-11-05,18.98,19.08,18.64,18.78,2446391,46088200.00
2014-11-06,18.81,19.21,18.78,19.20,2496717,47766988.00
2014-11-07,19.19,19.42,18.77,18.98,2516595,48491524.00
2014-11-10,18.99,19.09,18.63,18.75,2197575,41480020.00
2014-11-11,18.75,18.87,17.70,17.85,4133018,75107008.00
2014-11-12,17.87,18.41,17.72,18.15,1983498,36070416.00
2014-11-13,18.05,18.13,17.30,17.45,3297642,58140384.00
2014-11-14,17.39,17.65,17.09,17.43,1427309,24905368.00
2014-11-17,17.43,18.30,17.30,18.04,2461228,44373592.00
2014-11-18,17.93,18.28,17.92,18.03,1569643,28492376.00
2014-11-19,18.13,18.78,18.00,18.45,3788831,70265920.00
2014-11-20,18.18,18.28,17.91,18.00,2305033,41820072.00
2014-11-21,18.00,19.55,18.00,19.18,7271029,138541440.00
2014-11-24,19.10,19.33,18.78,19.29,5074866,96899656.00
2014-11-25,19.24,19.90,19.06,19.45,6137468,120594280.00
2014-11-26,19.57,19.83,19.31,19.50,4403281,86588016.00
2014-11-27,19.50,19.67,18.90,19.47,5294833,101869120.00
2014-11-28,19.25,19.75,19.10,19.15,3659345,71089928.00
2014-12-01,19.08,19.24,18.66,18.77,3316450,62747004.00
2014-12-02,18.59,19.41,18.59,19.23,3200243,61524620.00
2014-12-03,19.00,19.15,18.35,18.89,5238039,98626856.00
2014-12-04,18.86,19.12,18.74,18.95,4756706,90605512.00
2014-12-05,18.94,18.97,17.51,17.87,5531371,101043472.00
2014-12-08,17.83,17.83,17.07,17.18,6056011,105006240.00
2014-12-09,17.10,17.11,16.16,16.18,5128090,86162224.00
2014-12-10,16.18,17.00,16.18,16.88,3262940,55026520.00
2014-12-11,16.72,17.30,16.72,17.02,2822247,48324688.00
2014-12-12,17.80,18.08,17.41,17.49,4438364,78846272.00
2014-12-15,17.27,18.07,17.15,18.02,4954460,88641776.00
2014-12-16,17.84,17.99,17.43,17.65,3201500,56819472.00
2014-12-17,17.53,17.53,16.85,16.98,3145313,54029964.00
2014-12-18,17.01,17.53,16.96,17.03,2512409,43557040.00
2014-12-19,16.90,16.90,16.10,16.48,3546132,58432928.00
2014-12-22,16.38,16.39,14.82,14.88,3789657,58414608.00
2014-12-23,14.90,15.34,14.80,14.90,1889613,28613224.00
2014-12-24,15.26,15.41,15.05,15.35,1999450,30643238.00
2014-12-25,15.50,15.68,15.29,15.38,1745316,27098288.00
2014-12-26,15.38,15.59,15.06,15.11,2155857,32992368.00
2014-12-29,15.15,15.30,14.10,14.63,2336815,34123576.00
2014-12-30,14.65,14.72,13.93,14.12,1671499,23983978.00
2014-12-31,14.12,14.50,14.10,14.38,1384519,19977096.00
2015-01-05,14.38,14.50,13.32,13.83,2639516,36489192.00
2015-01-06,13.74,15.21,13.61,15.15,4660551,68550144.00
2015-01-07,15.07,15.40,14.78,15.12,3104077,46831616.00
2015-01-08,15.50,15.95,15.16,15.27,5214067,81959136.00
2015-01-09,14.90,15.53,14.78,15.00,3491070,53041532.00
2015-01-12,14.75,14.98,14.50,14.55,2015245,29882760.00
2015-01-13,14.54,15.70,14.34,15.44,4544898,69420960.00
2015-01-14,15.44,15.55,14.97,15.26,2501207,38377680.00
2015-01-15,15.34,15.54,15.10,15.21,1763476,27112918.00
2015-01-16,15.20,16.15,15.03,15.80,4926742,77842576.00
2015-01-19,15.37,16.50,15.16,15.78,6284304,100979648.00
2015-01-20,15.80,16.74,15.80,16.69,6631540,108977328.00
2015-01-21,16.63,16.85,16.32,16.72,6792967,113241480.00
2015-01-22,16.60,16.96,16.59,16.93,4842460,81821528.00
2015-01-23,16.90,16.93,16.10,16.20,5324093,87940368.00
2015-01-26,16.25,16.56,16.20,16.52,2770615,45788452.00
2015-01-27,16.46,17.10,16.32,17.10,6369603,107616696.00
2015-01-28,17.40,18.26,17.38,17.45,9976827,178314304.00
2015-01-29,17.02,17.35,16.70,16.85,4680037,79864496.00
2015-01-30,16.92,17.15,16.15,16.18,3784358,62699592.00
2015-02-02,15.90,16.54,15.80,16.39,2294706,37638112.00
2015-02-03,16.39,17.32,16.21,17.10,5321999,90966960.00
2015-02-04,16.90,18.40,16.80,18.04,10757622,192320656.00
2015-02-05,17.80,19.85,17.61,19.85,16686413,322715840.00
2015-02-06,20.23,20.79,18.70,18.95,18463153,366008544.00
2015-02-09,18.60,19.48,17.73,18.00,10621144,197825328.00
2015-02-10,17.92,18.99,17.35,18.90,9313660,169526560.00
2015-02-11,18.70,19.40,18.55,18.98,8399100,160146272.00
2015-02-12,18.82,19.49,18.35,18.60,8932318,170502080.00
2015-02-13,18.60,19.69,18.55,19.18,8567195,165312480.00
2015-02-16,19.23,20.57,19.21,20.23,10646223,213302320.00
2015-02-17,20.10,20.52,19.50,20.05,8505453,170817328.00
2015-02-25,19.80,21.28,19.70,20.68,11114988,231236816.00
2015-02-26,20.50,20.93,19.11,20.00,7930351,160061024.00
2015-02-27,19.70,20.25,19.30,20.16,7304414,145704128.00
2015-03-02,19.90,20.48,19.68,20.25,7499080,151334736.00
2015-03-03,20.05,20.86,19.75,20.10,9184430,187532624.00
2015-03-04,19.93,22.12,19.79,22.12,11714699,250597424.00
2015-03-05,21.90,22.10,21.01,21.33,13964190,301612192.00
2015-03-06,21.03,21.51,20.28,20.31,8673678,181190704.00
2015-03-09,20.09,21.10,19.81,20.76,7226597,150046800.00
2015-03-10,20.66,21.37,20.48,21.16,10281009,216820288.00
2015-03-11,20.75,21.85,20.22,21.23,10638663,224698272.00
2015-03-12,20.90,22.00,20.55,21.65,10807070,232170592.00
2015-03-13,21.80,23.83,21.42,23.83,15418859,359633088.00
2015-03-16,25.78,26.22,25.15,26.22,6789695,176487824.00
2015-03-17,28.85,28.85,27.54,28.85,34700276,994897920.00
2015-03-18,28.85,30.75,27.69,29.10,32582576,951857344.00
2015-03-19,29.22,30.39,27.75,29.15,21436978,619608384.00
2015-03-20,28.68,31.90,28.50,30.08,22903835,696068288.00
2015-03-23,29.32,33.10,28.92,33.10,19266459,605772416.00
2015-03-24,34.40,36.42,32.08,34.65,26101129,907070848.00
2015-03-25,34.60,36.33,32.90,33.92,21323018,736179712.00
2015-03-26,31.90,32.47,30.52,30.52,19250469,601516352.00
2015-03-27,29.75,30.39,28.40,29.87,11182597,330749376.00
2015-03-30,29.87,30.70,29.30,30.56,10661489,319391040.00
2015-03-31,30.46,32.40,29.79,31.46,13318369,420772672.00
2015-04-01,31.05,33.37,30.90,32.42,13664995,441975744.00
2015-04-02,31.91,32.37,31.10,31.43,11884795,376506528.00
2015-04-03,31.23,31.23,30.59,30.71,9073273,280517824.00
2015-04-07,30.70,31.43,30.10,31.28,8804014,273827424.00
2015-04-08,31.23,31.23,29.48,29.91,9406056,284973152.00
2015-04-09,29.63,29.80,26.96,29.35,7500290,216287360.00
2015-04-10,28.95,29.85,28.95,29.48,6123143,181502016.00
2015-04-13,29.80,31.80,29.50,31.35,13061351,405723712.00
2015-04-14,31.51,31.69,30.27,30.93,8065416,250104880.00
2015-04-15,30.46,30.53,27.89,27.90,7659165,223639744.00
2015-04-16,26.91,29.99,26.56,28.25,5449719,154797696.00
2015-04-17,28.10,28.80,27.51,27.79,4822908,135545776.00
2015-04-20,27.75,27.78,25.00,25.62,9270145,245513248.00
2015-04-21,25.50,27.33,25.50,27.20,6997500,187941872.00
2015-04-22,27.22,29.24,27.22,28.20,8863100,250907632.00
2015-04-23,27.90,29.47,27.71,28.53,10366345,299165792.00
2015-04-24,27.90,29.45,27.62,29.08,9241710,265220880.00
2015-04-27,29.08,30.02,28.41,28.61,9177648,268191424.00
2015-04-28,28.47,28.84,26.48,26.87,6501357,179694896.00
2015-04-29,26.50,29.57,26.50,29.57,8802770,254249008.00
2015-04-30,30.80,31.90,29.57,30.38,17370099,537649152.00
2015-05-04,29.98,30.35,27.90,29.08,8269483,241575056.00
2015-05-05,28.86,31.78,28.18,30.97,12450387,372592288.00
2015-05-06,30.80,33.67,30.41,31.56,16204816,524448032.00
2015-05-07,30.40,32.45,29.38,29.90,10279324,321060096.00
2015-05-08,30.29,32.90,30.11,32.90,18403741,593747904.00
2015-05-11,34.50,34.94,32.90,33.95,17855606,610248064.00
2015-05-12,34.28,37.30,33.65,36.90,18334826,643274880.00
2015-05-13,34.95,38.78,34.71,35.90,16161292,588256320.00
2015-05-14,35.58,37.04,34.30,34.30,11510730,409744352.00
2015-05-15,33.02,34.68,31.40,33.90,9856326,327169248.00
2015-05-18,33.89,37.25,33.56,37.20,12223725,438638016.00
2015-05-19,37.29,38.71,35.15,36.94,12633036,466844096.00
2015-05-20,36.78,39.88,36.40,37.78,11724282,453299648.00
2015-05-21,38.25,41.57,37.80,41.57,9899639,402402144.00
2015-05-22,45.73,45.74,44.55,45.74,7799893,357131776.00
2015-05-25,48.90,50.32,44.40,48.48,22306371,1068887552.00
2015-05-26,50.18,53.34,50.10,53.34,9783964,505301472.00
2015-05-27,55.40,57.58,51.00,52.89,13411690,728952128.00
2015-05-28,50.91,53.21,47.59,47.59,10412993,527314016.00
2015-05-29,47.59,52.28,44.91,50.68,9537014,470268704.00
2015-06-01,49.93,53.89,49.40,52.79,7976740,418672288.00
2015-06-02,51.41,58.08,51.41,58.08,9078377,496534304.00
2015-06-03,58.90,59.48,52.90,54.72,7609546,425759072.00
2015-06-04,54.40,54.40,49.24,50.90,6509656,332958752.00
2015-06-05,52.87,53.47,47.70,49.15,7072218,359551680.00
2015-06-08,47.93,48.80,45.20,45.77,7773828,360334688.00
2015-06-09,45.66,48.41,44.60,46.93,7990073,374216800.00
2015-06-10,46.93,50.79,45.91,49.47,7263524,351828256.00
2015-06-11,48.85,50.22,48.01,49.01,5237171,256381632.00
2015-06-12,49.16,53.40,48.90,51.52,6890552,351485664.00
2015-06-15,51.40,51.50,46.36,46.36,8407687,404811520.00
2015-06-16,45.00,45.00,41.72,41.72,6666422,285249920.00
2015-06-17,41.06,45.20,41.06,45.05,5914813,253653584.00
2015-06-18,45.01,45.01,40.55,40.55,5850648,248924336.00
2015-06-19,39.00,41.84,37.55,38.80,5688135,226109392.00
2015-06-23,39.90,41.10,37.53,41.05,5646474,224854000.00
2015-06-24,41.88,42.35,38.01,40.25,5136737,209290016.00
2015-06-25,40.83,40.83,36.23,36.75,6008118,229630976.00
2015-06-26,34.44,35.60,33.08,33.08,5307216,178773040.00
2015-06-29,33.11,33.76,29.77,29.77,5865003,181253216.00
2015-06-30,28.30,32.50,26.79,31.67,7158147,211357824.00
2015-07-01,31.60,32.98,28.50,28.50,8994099,278260672.00
2015-07-02,27.50,28.50,25.65,25.65,5723867,151793184.00
2015-07-03,24.00,26.80,23.09,23.09,6620042,159765296.00
2015-07-20,25.40,25.40,25.40,25.40,88421,2245893.50
2015-07-21,27.94,27.94,27.94,27.94,280275,7830883.50
2015-07-22,30.73,30.73,30.73,30.73,719099,22097912.00
2015-07-23,33.80,33.80,33.20,33.80,10206235,344817824.00
2015-07-24,34.13,36.29,33.55,35.00,22018974,759240064.00
2015-07-27,33.22,34.00,31.50,31.50,10933911,359365056.00
2015-07-28,28.36,31.38,28.35,28.35,11805151,342975616.00
2015-07-29,29.20,29.81,26.00,29.81,10494633,293636064.00
2015-07-30,29.70,29.88,26.89,26.90,8907189,258422000.00
2015-07-31,25.41,26.98,24.55,25.46,7162163,185121216.00
2015-08-03,24.80,25.00,22.91,22.91,6440071,153544112.00
2015-08-04,23.10,25.20,23.01,25.20,6585795,158668432.00
2015-08-05,26.16,26.90,24.94,25.54,9844989,256218080.00
2015-08-06,24.55,26.60,24.10,26.16,6950355,178232192.00
2015-08-07,26.50,28.24,26.50,27.88,9716574,267168912.00
2015-08-10,27.96,29.98,27.51,29.48,10260366,294057696.00
2015-08-11,29.16,30.36,28.70,29.00,8674665,256091696.00
2015-08-12,28.24,28.94,27.03,27.15,8124824,227826928.00
2015-08-13,27.24,29.46,27.10,29.32,7756347,217923472.00
2015-08-14,29.52,30.06,28.72,29.07,8449199,248198752.00
2015-08-17,28.20,30.38,28.00,30.16,9002142,262473952.00
2015-08-18,30.26,32.00,27.14,27.40,12631558,382122880.00
2015-08-19,25.56,28.77,25.56,28.30,8882370,239968048.00
2015-08-20,27.89,30.15,27.51,28.31,10504973,305343264.00
2015-08-21,27.12,29.58,26.02,26.80,7777456,214872112.00
2015-08-24,24.91,25.80,24.12,24.12,4138639,100703264.00
2015-08-25,21.71,22.50,21.71,21.71,3718156,81126920.00
2015-08-26,20.90,22.35,19.54,19.54,6958605,143292000.00
2015-08-27,20.00,21.08,17.70,20.45,6490178,126211888.00
2015-08-28,20.70,22.49,19.84,22.35,11021414,229079392.00
2015-08-31,21.50,21.90,20.12,20.12,6813792,142292992.00
2015-09-01,19.27,19.75,18.11,18.11,4557974,83859312.00
2015-09-02,16.35,18.99,16.30,16.30,6314588,107574168.00
2015-09-07,16.68,17.63,16.40,17.13,6251955,106878312.00
2015-09-08,16.81,18.84,16.81,18.84,6180527,109344480.00
2015-09-09,19.30,20.54,19.01,20.05,9194339,182156320.00
2015-09-10,19.70,20.10,19.07,19.27,5437615,106436488.00
2015-09-11,19.55,20.33,19.33,19.95,6519164,129600656.00
2015-09-14,20.18,20.18,17.96,17.96,5928932,110822848.00
2015-09-15,16.60,17.35,16.16,16.16,7108562,117354656.00
2015-09-16,16.40,17.78,16.01,17.78,7503080,127205360.00
2015-09-17,18.20,19.15,17.78,17.80,9218663,170345936.00
2015-09-22,19.84,19.84,19.84,19.84,0,0.00
数据来源:通达信
