300035 中科电气 日线 前复权
      日期	    开盘	    最高	    最低	    收盘	    成交量	    成交额
2009-12-25,12.40,13.94,12.20,12.21,8781202,445752832.00
2009-12-28,12.00,12.79,12.00,12.35,2979187,146507792.00
2009-12-29,12.36,12.74,12.14,12.66,2723935,134795232.00
2009-12-30,12.53,12.72,12.27,12.30,2334837,114597968.00
2009-12-31,12.34,12.40,12.16,12.25,1070374,51854880.00
2010-01-04,12.30,12.49,12.23,12.36,1137264,55586528.00
2010-01-05,12.31,12.37,11.96,12.11,1432740,68554840.00
2010-01-06,12.14,12.15,12.01,12.08,1005291,48028080.00
2010-01-07,12.08,12.26,11.98,12.08,1471581,70710720.00
2010-01-08,12.10,12.10,11.24,11.52,1779777,81486024.00
2010-01-11,11.53,11.55,11.09,11.34,926269,41620252.00
2010-01-12,11.37,11.62,11.31,11.55,919335,42083472.00
2010-01-13,11.35,11.52,11.30,11.43,816101,36926436.00
2010-01-14,11.39,11.87,11.39,11.81,1174139,54691660.00
2010-01-15,11.85,11.97,11.74,11.85,722150,33859312.00
2010-01-18,11.87,11.94,11.65,11.70,709464,32955776.00
2010-01-19,11.70,11.71,11.43,11.47,774599,35330596.00
2010-01-20,11.48,11.48,10.62,10.82,1202940,52733224.00
2010-01-21,10.72,11.00,10.72,10.82,396644,17062586.00
2010-01-22,10.64,10.71,10.09,10.26,831423,34255444.00
2010-01-25,10.19,10.21,9.92,9.94,550570,22051112.00
2010-01-26,10.06,10.18,9.80,10.02,476066,19030868.00
2010-01-27,10.11,10.14,9.82,9.95,378379,15078366.00
2010-01-28,9.95,9.95,9.68,9.82,516825,20259590.00
2010-01-29,9.67,9.96,9.66,9.76,440934,17294392.00
2010-02-01,9.52,9.60,9.30,9.37,565924,21252604.00
2010-02-02,9.37,9.53,9.37,9.45,441557,16718664.00
2010-02-03,9.46,9.52,8.98,9.41,486806,18012124.00
2010-02-04,9.40,9.54,9.25,9.39,318240,12014275.00
2010-02-05,9.30,9.65,9.17,9.43,426760,16059796.00
2010-02-08,9.43,9.60,9.39,9.57,414221,15780784.00
2010-02-09,9.57,9.57,9.45,9.55,277152,10542558.00
2010-02-10,9.63,9.91,9.56,9.88,592795,23094404.00
2010-02-11,9.87,9.98,9.72,9.87,470614,18542654.00
2010-02-12,9.87,10.01,9.84,9.99,376240,14913493.00
2010-02-22,9.93,10.02,9.83,9.84,325250,12866869.00
2010-02-23,9.83,9.84,9.58,9.80,394787,15273495.00
2010-02-24,9.77,10.28,9.77,10.27,846987,34228720.00
2010-02-25,10.31,10.67,10.31,10.47,833913,34851716.00
2010-02-26,10.64,10.69,10.30,10.49,691189,29075912.00
2010-03-01,10.60,10.81,10.60,10.68,834804,35587356.00
2010-03-02,10.68,10.74,10.56,10.66,581493,24620102.00
2010-03-03,10.68,10.68,10.43,10.48,675759,28310872.00
2010-03-04,10.47,10.62,9.98,10.00,561655,22938498.00
2010-03-05,10.03,10.21,10.03,10.12,380639,15374220.00
2010-03-08,10.13,10.50,10.08,10.42,476548,19614648.00
2010-03-09,10.47,10.62,10.29,10.59,642054,26799362.00
2010-03-10,10.61,10.66,10.45,10.48,454835,19054086.00
2010-03-11,10.40,10.79,10.35,10.75,720198,30390284.00
2010-03-12,10.82,11.27,10.82,10.90,1483630,65230992.00
2010-03-15,10.81,11.21,10.79,11.06,722301,31552416.00
2010-03-16,11.03,11.12,10.72,10.86,592446,25664410.00
2010-03-17,10.85,11.13,10.85,11.13,640949,28027502.00
2010-03-18,11.13,11.19,11.01,11.09,529067,23303324.00
2010-03-19,11.08,11.15,10.92,11.01,571320,24929796.00
2010-03-22,10.91,10.95,10.75,10.91,632710,27265612.00
2010-03-23,10.83,10.98,10.76,10.91,670975,28975994.00
2010-03-24,10.85,11.35,10.81,11.21,1295627,57562884.00
2010-03-25,11.16,11.68,11.15,11.59,3512788,159842544.00
2010-03-26,11.42,11.60,10.95,11.53,1548271,69707048.00
2010-03-29,11.64,11.96,11.41,11.59,1808947,83625288.00
2010-03-30,11.48,12.00,11.32,11.92,2333439,108225608.00
2010-03-31,11.61,11.95,11.50,11.79,2747693,127665872.00
2010-04-01,11.86,12.29,11.72,11.85,3288383,156153792.00
2010-04-02,11.72,11.78,11.45,11.61,1620570,74710360.00
2010-04-06,11.65,11.93,11.65,11.90,1138996,53198928.00
2010-04-07,11.90,12.12,11.80,12.10,1612829,76704592.00
2010-04-08,12.10,12.33,11.71,11.73,1777193,84961392.00
2010-04-09,11.71,12.13,11.71,12.08,1257809,59381480.00
2010-04-12,12.21,12.42,12.09,12.41,2045629,99185336.00
2010-04-13,12.41,12.48,11.22,11.52,2303443,107180632.00
2010-04-14,11.43,11.67,11.19,11.32,967643,43675440.00
2010-04-15,11.36,11.42,10.53,10.71,1417813,61218912.00
2010-04-16,10.68,11.06,10.61,10.91,778520,33643068.00
2010-04-19,10.82,11.08,10.56,10.56,843882,36333932.00
2010-04-20,10.64,10.67,10.03,10.40,811305,33224808.00
2010-04-22,10.79,11.49,10.72,11.30,1984865,87645592.00
2010-04-23,11.16,11.32,10.90,10.91,1049985,46099816.00
2010-04-26,10.79,10.79,10.07,10.13,1265842,51706740.00
2010-04-27,10.03,10.14,9.51,9.82,863159,33481676.00
2010-04-28,9.67,10.00,9.61,9.77,570712,22296160.00
2010-04-29,9.80,9.92,9.51,9.53,493695,19216942.00
2010-04-30,9.62,9.64,9.16,9.40,501686,18698716.00
2010-05-04,9.32,9.56,9.06,9.40,456853,17144612.00
2010-05-05,9.29,10.00,9.24,9.86,629077,24232708.00
2010-05-06,9.91,9.98,9.37,9.38,739875,28736502.00
2010-05-07,9.18,9.56,9.11,9.45,576210,21718066.00
2010-05-10,9.24,9.53,8.85,8.96,712243,26074456.00
2010-05-11,9.14,9.20,8.69,8.72,646522,23256212.00
2010-05-12,8.72,8.77,8.06,8.26,717220,24204654.00
2010-05-13,8.28,8.34,7.68,8.20,921486,19807998.00
2010-05-14,8.16,8.20,7.92,8.09,600176,12916779.00
2010-05-17,7.97,7.98,7.29,7.34,701564,14310724.00
2010-05-18,7.34,7.41,6.96,7.38,864281,16722080.00
2010-05-19,7.33,7.59,7.26,7.48,740385,14788519.00
2010-05-20,7.38,7.53,7.19,7.20,617997,12231066.00
2010-05-21,7.05,7.46,6.86,7.45,1136433,22019102.00
2010-05-24,7.45,7.85,7.45,7.83,1146909,23715066.00
2010-05-25,7.72,7.80,7.54,7.62,1107289,22718316.00
2010-05-26,7.55,7.73,7.53,7.66,657454,13453566.00
2010-05-27,7.65,8.05,7.50,7.99,1276915,26708360.00
2010-05-28,8.03,8.15,7.99,8.13,1427172,30815970.00
2010-05-31,8.14,8.16,7.69,7.69,979911,20904892.00
2010-06-01,7.69,7.73,7.29,7.40,1022187,20435372.00
2010-06-02,7.40,7.57,7.28,7.56,543329,10838282.00
2010-06-03,7.60,7.84,7.49,7.57,1202534,24798546.00
2010-06-04,7.54,8.35,7.41,8.24,1886396,40221856.00
2010-06-07,7.99,8.85,7.93,8.75,3004388,68593584.00
2010-06-08,8.57,8.89,8.56,8.87,2007469,46566952.00
2010-06-09,8.91,9.11,8.63,8.70,2367352,55679772.00
2010-06-10,8.70,9.02,8.64,8.97,1638132,38792316.00
2010-06-11,8.97,9.10,8.83,8.93,1241983,29481236.00
2010-06-17,8.91,9.02,8.35,8.35,1260416,29090788.00
2010-06-18,8.32,8.44,7.65,7.75,1107072,23645576.00
2010-06-21,7.73,8.12,7.48,8.12,1000238,21139234.00
2010-06-22,8.12,8.41,8.07,8.22,895059,19647754.00
2010-06-23,8.03,8.37,8.03,8.29,813217,17827464.00
2010-06-24,8.20,8.39,8.16,8.28,671190,14851616.00
2010-06-25,8.28,8.28,7.88,7.93,652359,13997627.00
2010-06-28,7.94,8.12,7.73,7.82,498024,10547505.00
2010-06-29,7.70,7.92,7.13,7.13,750290,14928476.00
2010-06-30,7.06,7.36,6.74,7.27,908107,17322248.00
2010-07-01,7.18,7.32,6.87,7.01,553778,10552712.00
2010-07-02,6.98,7.13,6.61,7.07,862062,15996590.00
2010-07-05,6.93,7.13,6.86,7.02,438924,8260384.50
2010-07-06,7.06,7.32,6.87,7.27,821312,15930083.00
2010-07-07,7.26,7.45,7.26,7.40,683504,13507168.00
2010-07-08,7.44,7.51,7.15,7.26,511666,10016929.00
2010-07-09,7.27,7.50,7.18,7.47,758971,15080436.00
2010-07-12,7.47,7.53,7.40,7.42,677131,13538988.00
2010-07-14,7.43,7.61,7.41,7.44,673441,13545944.00
2010-07-15,7.38,7.45,7.06,7.07,550335,10728941.00
2010-07-16,7.07,7.09,6.90,7.06,422833,7968628.00
2010-07-19,7.06,7.24,6.91,7.21,357011,6833851.50
2010-07-20,7.18,7.52,7.11,7.48,1180886,23293086.00
2010-07-21,7.47,7.60,7.41,7.45,1066067,21469622.00
2010-07-22,7.44,7.62,7.41,7.59,959209,19328544.00
2010-07-23,7.57,7.77,7.50,7.71,1154759,23607234.00
2010-07-26,7.71,7.71,7.56,7.69,803665,16470224.00
2010-07-27,7.65,7.81,7.58,7.65,1079920,22235388.00
2010-07-28,7.65,7.84,7.58,7.84,1092776,22635016.00
2010-07-29,7.83,7.99,7.75,7.93,1090823,22935032.00
2010-07-30,7.78,7.99,7.78,7.89,869675,18341736.00
2010-08-02,7.91,8.06,7.83,8.04,1457708,31032798.00
2010-08-03,8.08,8.08,7.78,7.81,1157262,24534634.00
2010-08-04,7.76,7.83,7.58,7.78,898099,18537280.00
2010-08-05,7.78,7.95,7.72,7.81,1015116,21341504.00
2010-08-06,7.81,8.08,7.74,8.06,1199514,25450918.00
2010-08-09,8.05,8.27,8.01,8.26,1648662,35984736.00
2010-08-10,8.27,8.28,7.89,7.90,1369248,29638830.00
2010-08-11,7.85,8.05,7.85,7.96,833399,17708510.00
2010-08-12,7.84,8.17,7.77,8.02,966761,20693960.00
2010-08-13,8.03,8.42,8.03,8.40,1804186,39754408.00
2010-08-16,8.39,8.47,8.29,8.46,1920582,43082048.00
2010-08-17,8.44,8.51,8.26,8.37,1735239,38794084.00
2010-08-18,8.39,8.39,8.15,8.22,1146880,25239810.00
2010-08-19,8.19,8.32,8.17,8.26,683752,15062557.00
2010-08-20,8.25,8.25,7.88,7.92,1149965,24605212.00
2010-08-23,7.85,8.01,7.85,7.89,492652,10436535.00
2010-08-24,7.89,8.04,7.85,7.97,509585,10848272.00
2010-08-25,7.95,7.95,7.53,7.53,1107720,22805796.00
2010-08-26,7.57,7.67,7.50,7.53,564596,11454151.00
2010-08-27,7.57,7.72,7.50,7.72,653622,13359011.00
2010-08-30,7.72,7.96,7.64,7.95,1080032,22697334.00
2010-08-31,7.86,8.03,7.85,7.93,917769,19472592.00
2010-09-01,7.95,7.97,7.49,7.60,1148181,23781760.00
2010-09-02,7.62,7.73,7.56,7.68,856560,17537074.00
2010-09-03,7.70,8.03,7.68,7.99,1311328,27709608.00
2010-09-06,8.04,8.12,7.86,7.90,1252837,26634282.00
2010-09-07,7.91,8.03,7.87,8.03,985668,20906630.00
2010-09-08,8.37,8.87,8.37,8.87,2242284,52058084.00
2010-09-09,9.27,9.77,9.23,9.54,8169602,205192288.00
2010-09-10,9.34,10.40,9.14,9.84,6158109,159430688.00
2010-09-13,9.68,9.94,9.63,9.68,3718106,95988808.00
2010-09-14,9.71,9.73,9.34,9.41,2775886,69819152.00
2010-09-15,9.32,9.46,8.99,9.01,2322108,56445384.00
2010-09-16,9.01,9.15,8.72,8.92,1629829,38707776.00
2010-09-17,8.94,8.99,8.77,8.80,1027246,24198850.00
2010-09-20,8.83,8.87,8.28,8.32,1559557,35458256.00
2010-09-21,8.33,8.39,8.11,8.15,1070375,23498640.00
2010-09-27,8.16,8.44,8.13,8.42,810757,17993878.00
2010-09-28,8.42,8.42,8.05,8.07,1222966,26688110.00
2010-09-29,8.07,8.11,7.99,8.05,852501,18323576.00
2010-09-30,8.01,8.29,8.01,8.20,1053517,23027508.00
2010-10-08,8.21,8.45,8.21,8.36,1046871,23282464.00
2010-10-11,8.33,8.36,8.11,8.24,1513784,33126188.00
2010-10-12,8.25,8.98,8.24,8.90,2853413,66153284.00
2010-10-13,8.91,8.98,8.64,8.82,1558644,36406364.00
2010-10-14,8.89,8.97,8.45,8.47,1583627,36768928.00
2010-10-15,8.44,8.72,8.26,8.44,1444725,32596314.00
2010-10-18,8.44,8.48,7.85,8.11,1412967,30648688.00
2010-10-19,8.13,8.97,8.13,8.97,2206043,51289280.00
2010-10-20,9.08,9.58,8.83,8.93,3985269,97627384.00
2010-10-21,8.70,9.41,8.70,9.28,2095644,50264616.00
2010-10-22,9.27,9.60,9.15,9.19,1956643,48644700.00
2010-10-25,9.19,9.41,9.19,9.38,1949851,48332392.00
2010-10-26,9.40,9.40,8.99,9.13,1927936,46623096.00
2010-10-27,9.15,9.17,8.76,8.78,1637064,38936828.00
2010-10-28,8.76,8.93,8.72,8.87,974656,22912442.00
2010-10-29,8.83,9.23,8.83,9.11,1495995,36177576.00
2010-11-01,9.27,9.60,9.23,9.39,2669217,66878844.00
2010-11-02,9.35,9.54,9.04,9.11,2403840,59140728.00
2010-11-03,8.99,8.99,8.77,8.77,1242196,29336898.00
2010-11-04,8.80,8.97,8.78,8.95,744756,17561774.00
2010-11-05,8.99,9.23,8.89,9.23,1308741,31436688.00
2010-11-08,9.21,9.58,9.13,9.58,2085122,51923740.00
2010-11-09,9.60,9.62,9.27,9.41,1516695,37798432.00
2010-11-10,9.60,9.80,9.47,9.51,2316066,59081356.00
2010-11-11,9.50,9.73,9.35,9.36,2178236,55451276.00
2010-11-12,9.28,9.38,8.65,8.68,1931713,45980616.00
2010-11-15,8.76,9.17,8.65,9.16,1318222,31470066.00
2010-11-16,9.24,9.41,8.92,9.24,2578798,63154584.00
2010-11-17,9.29,9.73,9.23,9.39,3405989,85841240.00
2010-11-18,9.31,9.43,8.95,9.27,1848632,44888236.00
2010-11-19,9.27,9.61,9.20,9.60,2474369,61818132.00
2010-11-22,9.53,9.96,9.45,9.70,2919459,75328976.00
2010-11-23,9.77,9.80,9.27,9.53,1453704,36476056.00
2010-11-24,9.43,9.88,9.39,9.81,1822987,46645580.00
2010-11-25,9.88,9.94,9.46,9.60,1641447,41920032.00
2010-11-26,9.59,9.73,9.43,9.54,1164835,29570970.00
2010-11-29,9.54,9.66,9.34,9.58,1127417,28437530.00
2010-11-30,9.53,9.58,8.93,9.12,1427330,34826336.00
2010-12-01,9.11,9.20,9.04,9.08,685184,16595540.00
2010-12-02,9.15,9.33,9.10,9.10,608995,14855857.00
2010-12-03,9.04,9.19,9.03,9.17,591271,14303779.00
2010-12-06,9.19,9.23,8.64,8.87,810071,19127100.00
2010-12-07,8.87,8.99,8.67,8.98,498846,11774724.00
2010-12-08,8.98,9.10,8.78,8.85,415603,9905198.00
2010-12-09,8.82,8.83,8.57,8.57,670570,15454292.00
2010-12-10,8.57,8.72,8.45,8.68,408033,9344033.00
2010-12-13,8.72,9.02,8.68,8.99,636446,15066482.00
2010-12-14,9.03,9.05,8.92,8.99,528587,12617616.00
2010-12-15,8.99,9.08,8.91,8.96,548573,13108978.00
2010-12-16,9.06,9.23,8.96,9.10,844922,20480120.00
2010-12-17,9.19,9.39,9.04,9.31,872476,21468350.00
2010-12-20,9.41,9.43,8.87,9.05,1004406,24236656.00
2010-12-21,9.13,9.34,9.13,9.25,943832,23215696.00
2010-12-22,9.25,9.27,9.08,9.15,483018,11748814.00
2010-12-23,9.11,9.18,8.87,8.89,752918,18058336.00
2010-12-24,8.89,8.89,8.51,8.56,846806,19502328.00
2010-12-27,8.59,8.78,8.20,8.24,559710,12772458.00
2010-12-28,8.20,8.38,7.89,8.01,583450,12538388.00
2010-12-29,8.03,8.17,8.01,8.12,290607,6285126.00
2010-12-30,8.13,8.15,7.93,8.12,296868,6406448.00
2010-12-31,8.16,8.32,8.13,8.28,266464,5864473.50
2011-01-04,8.28,8.43,8.20,8.33,476981,10617998.00
2011-01-05,8.29,8.38,8.29,8.35,400545,8916240.00
2011-01-06,8.36,8.52,8.36,8.37,497673,11186452.00
2011-01-07,8.39,8.39,8.17,8.20,433164,9575196.00
2011-01-10,8.13,8.25,7.92,7.92,444565,9574456.00
2011-01-11,7.89,7.93,7.57,7.75,542416,11235296.00
2011-01-12,7.75,7.85,7.69,7.85,309451,6445511.00
2011-01-13,7.85,7.94,7.77,7.83,193778,4078303.50
2011-01-14,7.73,7.84,7.57,7.57,343395,7027463.50
2011-01-17,7.57,7.57,7.12,7.12,494483,9669484.00
2011-01-18,7.12,7.21,7.06,7.18,154149,2959727.50
2011-01-19,7.18,7.49,7.10,7.38,321052,6340521.00
2011-01-20,7.30,7.41,6.67,7.01,339100,6531502.50
2011-01-21,6.88,7.26,6.88,7.21,269770,5156505.00
2011-01-24,7.11,7.30,7.06,7.22,230650,4447856.50
2011-01-25,7.10,7.14,7.04,7.10,150959,2880749.75
2011-01-26,7.08,7.25,7.07,7.24,149380,2888953.75
2011-01-27,7.25,7.61,7.17,7.49,333785,6646396.50
2011-01-28,7.45,7.55,7.34,7.53,168510,3374429.75
2011-01-31,7.53,7.57,7.42,7.50,249684,5005584.00
2011-02-01,7.55,7.55,7.39,7.43,205749,4120421.75
2011-02-09,7.35,7.47,7.18,7.44,190357,3769193.50
2011-02-10,7.38,7.64,7.34,7.64,387765,7848133.00
2011-02-11,7.65,7.67,7.45,7.62,528472,10748255.00
2011-02-14,7.62,7.75,7.57,7.75,831217,17059084.00
2011-02-15,7.69,8.03,7.69,7.72,592245,12321830.00
2011-02-16,7.71,7.83,7.65,7.80,519726,10794751.00
2011-02-17,7.81,7.91,7.65,7.90,872172,18219436.00
2011-02-18,7.89,7.90,7.68,7.69,481065,9995914.00
2011-02-21,7.65,7.80,7.49,7.80,547719,11305174.00
2011-02-22,7.77,7.80,7.56,7.56,513098,10506265.00
2011-02-23,7.60,7.72,7.60,7.69,475987,9774349.00
2011-02-24,7.66,7.79,7.66,7.73,334771,6930434.00
2011-02-25,7.73,7.94,7.73,7.90,852111,17913760.00
2011-02-28,7.90,7.92,7.75,7.92,822058,17237046.00
2011-03-01,7.98,8.00,7.77,7.81,1325236,27857306.00
2011-03-02,7.81,7.84,7.68,7.72,545847,11296105.00
2011-03-03,7.73,7.74,7.49,7.51,895030,18277512.00
2011-03-04,7.47,7.62,7.47,7.60,361965,7295521.50
2011-03-07,7.60,7.64,7.55,7.63,620641,12635369.00
2011-03-08,7.63,7.73,7.62,7.71,496876,10230390.00
2011-03-09,7.67,7.73,7.55,7.60,547667,11174104.00
2011-03-10,7.59,7.70,7.53,7.60,531551,10869335.00
2011-03-11,7.60,7.64,7.54,7.55,1229975,24989710.00
2011-03-14,7.50,7.65,7.45,7.64,989357,20073702.00
2011-03-15,7.62,7.95,7.60,7.95,2791073,57958680.00
2011-03-16,7.88,8.04,7.88,7.97,1660078,35425172.00
2011-03-17,7.96,7.96,7.65,7.71,1312146,27424296.00
2011-03-18,7.70,7.82,7.70,7.73,407879,8461727.00
2011-03-21,7.84,7.84,7.55,7.59,382105,7834619.50
2011-03-22,7.62,7.64,7.52,7.58,327936,6660854.50
2011-03-23,7.62,7.89,7.61,7.85,1209452,25200650.00
2011-03-24,7.89,8.01,7.83,7.94,1284837,27211450.00
2011-03-25,7.92,8.11,7.85,8.07,1529057,32788110.00
2011-03-28,8.07,8.82,8.07,8.41,2870034,65197848.00
2011-03-29,8.50,8.71,8.36,8.54,2871676,65614688.00
2011-03-30,8.56,8.87,8.40,8.81,2175294,50223552.00
2011-03-31,8.87,8.87,8.51,8.52,1734244,40000872.00
2011-04-01,8.51,8.72,8.46,8.60,1136513,26178854.00
2011-04-06,8.60,8.70,8.24,8.48,919957,20737016.00
2011-04-07,8.50,8.50,8.27,8.40,667228,14892289.00
2011-04-08,8.40,8.82,8.33,8.76,934688,21360210.00
2011-04-11,8.75,8.78,8.25,8.31,1145049,25819184.00
2011-04-12,8.24,8.29,8.01,8.13,562725,12298726.00
2011-04-13,8.09,8.43,8.05,8.36,453558,10005395.00
2011-04-14,8.32,8.40,8.20,8.38,354333,7876062.50
2011-04-15,8.40,8.40,8.16,8.31,236289,5211416.50
2011-04-18,8.24,8.44,8.12,8.13,317175,6984774.00
2011-04-19,8.13,8.33,8.11,8.24,354509,7789116.50
2011-04-20,8.16,8.78,8.16,8.56,786128,17888544.00
2011-04-21,8.55,9.02,8.49,8.85,1909867,45089748.00
2011-04-22,8.64,8.85,8.51,8.55,735494,16858478.00
2011-04-25,8.60,8.74,8.14,8.24,793288,17721248.00
2011-04-26,8.31,8.31,7.56,7.69,907954,18970286.00
2011-04-27,7.73,7.80,7.53,7.56,300230,6147595.00
2011-04-28,7.61,7.65,7.05,7.45,677569,13400067.00
2011-04-29,7.36,7.49,7.29,7.38,275075,5463289.00
2011-05-03,7.34,7.49,7.21,7.43,186673,3684576.00
2011-05-04,7.30,7.42,7.14,7.17,318228,6184844.50
2011-05-05,7.18,7.36,7.18,7.23,401819,7820511.00
2011-05-06,7.18,7.26,6.91,7.20,286240,5478808.50
2011-05-09,7.28,7.46,7.14,7.43,440691,8749033.00
2011-05-10,7.43,7.49,7.34,7.45,348877,6916429.00
2011-05-11,7.43,7.55,7.39,7.50,245250,4922254.00
2011-05-12,7.43,7.52,7.33,7.37,205320,4106005.25
2011-05-13,7.41,7.45,7.09,7.45,270319,5269147.50
2011-05-16,7.30,7.49,7.30,7.41,761207,15043436.00
2011-05-17,7.39,7.39,7.17,7.22,545195,10592651.00
2011-05-18,7.22,7.30,7.18,7.26,210498,4104254.00
2011-05-19,7.23,7.37,7.14,7.37,615563,11928099.00
2011-05-23,7.18,7.33,7.15,7.30,384845,7485548.00
2011-05-24,7.26,7.67,7.10,7.64,689171,13899439.00
2011-05-25,7.64,7.65,7.38,7.41,217732,4362656.50
2011-05-26,7.42,7.55,7.14,7.32,378760,7418280.00
2011-05-27,7.32,7.36,7.06,7.09,294643,5694902.00
2011-05-30,6.93,7.11,6.75,6.94,315680,5920983.00
2011-05-31,6.86,7.06,6.76,7.06,391266,7233713.00
2011-06-01,7.02,7.10,6.93,7.00,134704,2544667.00
2011-06-02,6.94,6.97,6.78,6.82,230085,4229641.50
2011-06-03,6.83,6.92,6.80,6.90,168261,3117171.75
2011-06-07,6.90,6.96,6.83,6.93,111950,2088695.50
2011-06-08,6.96,6.96,6.76,6.84,228499,4189411.75
2011-06-09,6.82,6.85,6.74,6.74,124801,2283904.25
2011-06-10,6.70,6.82,6.70,6.80,204415,3726275.75
2011-06-13,6.77,6.89,6.77,6.82,155850,2866738.00
2011-06-14,6.85,6.98,6.85,6.98,189874,3545752.50
2011-06-15,6.98,7.00,6.94,6.99,141724,2664113.25
2011-06-16,6.98,6.98,6.85,6.89,122805,2286533.25
2011-06-17,6.88,6.97,6.72,6.85,180263,2527969.25
2011-06-20,6.74,6.79,6.44,6.44,274748,3697066.00
2011-06-21,6.47,6.70,6.36,6.57,337439,4543283.00
2011-06-22,6.52,6.70,6.43,6.54,232754,3129305.75
2011-06-23,6.46,6.77,6.45,6.75,412272,5629064.00
2011-06-24,6.68,7.01,6.61,6.90,476096,6678015.50
2011-06-27,6.90,7.00,6.73,6.93,311872,4430591.50
2011-06-28,6.91,6.91,6.81,6.88,194039,2728113.50
2011-06-29,6.97,6.97,6.80,6.80,174080,2448588.00
2011-06-30,6.90,6.90,6.71,6.88,159569,2246564.00
2011-07-01,6.88,7.07,6.85,6.98,338155,4834689.00
2011-07-04,7.04,7.09,6.98,7.08,242431,3500055.25
2011-07-05,7.14,7.14,7.03,7.12,497868,7205364.50
2011-07-06,7.10,7.11,7.00,7.11,248241,3589403.00
2011-07-07,7.11,7.23,7.00,7.14,442235,6450220.00
2011-07-08,7.08,7.12,6.99,7.07,225111,3245603.25
2011-07-11,7.03,7.07,6.94,7.07,315193,4521073.00
2011-07-12,6.99,6.99,6.84,6.84,299570,4233769.50
2011-07-13,6.88,7.07,6.85,7.07,426155,6069923.50
2011-07-14,7.07,7.44,7.07,7.34,1012572,15051586.00
2011-07-15,7.27,7.53,7.24,7.51,905614,13708160.00
2011-07-18,7.51,7.58,7.35,7.49,794335,12054369.00
2011-07-19,7.38,7.46,7.26,7.38,653625,9782462.00
2011-07-20,7.39,7.42,7.22,7.32,522441,7817610.50
2011-07-21,7.35,7.35,7.14,7.22,413380,6090346.00
2011-07-22,7.16,7.23,7.08,7.21,1023579,14974342.00
2011-07-25,7.18,7.18,6.93,7.05,927998,13304776.00
2011-07-26,6.95,7.02,6.76,6.97,1075551,15151216.00
2011-07-27,6.94,7.47,6.82,7.24,3661862,52800396.00
2011-07-28,7.13,7.18,6.99,7.08,1155968,16750146.00
2011-07-29,6.99,7.08,6.90,7.03,1035553,14784551.00
2011-08-01,6.96,7.03,6.89,6.98,648731,9264422.00
2011-08-02,6.91,6.91,6.72,6.89,796436,11124154.00
2011-08-03,6.82,7.11,6.73,6.93,1415812,20160534.00
2011-08-04,6.97,7.05,6.82,6.83,872398,12329809.00
2011-08-05,6.59,6.61,6.47,6.58,906358,12216187.00
2011-08-08,6.47,6.48,6.00,6.05,973896,12495975.00
2011-08-09,5.85,5.95,5.60,5.89,1552582,18684972.00
2011-08-10,6.02,6.04,5.90,5.94,1498536,18483008.00
2011-08-11,5.66,6.08,5.65,6.05,1212335,14752391.00
2011-08-12,6.05,6.41,6.01,6.18,1390127,17880480.00
2011-08-15,6.19,6.31,6.16,6.25,714152,9188544.00
2011-08-16,6.26,6.32,6.19,6.22,809525,10425616.00
2011-08-17,6.20,6.28,6.14,6.23,581404,7449342.50
2011-08-18,6.05,6.21,6.05,6.12,473554,5999116.50
2011-08-19,5.90,6.02,5.87,6.00,462847,5702673.50
2011-08-22,6.00,6.14,5.98,6.07,657473,8242829.50
2011-08-23,6.07,6.55,6.07,6.49,2291933,29991500.00
2011-08-24,6.55,6.69,6.45,6.55,2316113,31227956.00
2011-08-25,6.55,6.84,6.52,6.76,2735359,37685808.00
2011-08-26,6.76,6.99,6.67,6.94,1517792,21439116.00
2011-08-29,6.83,7.66,6.82,7.51,5426186,82556912.00
2011-08-30,7.49,8.25,7.35,7.87,5080378,81024520.00
2011-08-31,7.83,7.83,7.51,7.71,2290262,35938912.00
2011-09-01,7.80,7.87,7.64,7.85,1703763,27031402.00
2011-09-02,7.81,7.93,7.24,7.25,2926101,45113236.00
2011-09-05,7.23,7.60,7.13,7.22,1288689,19403376.00
2011-09-06,7.09,7.54,7.00,7.37,1012925,15051523.00
2011-09-07,7.37,7.74,7.18,7.63,1132035,17301318.00
2011-09-08,7.64,7.69,7.49,7.55,904140,13976378.00
2011-09-09,7.58,7.63,7.37,7.39,705040,10801537.00
2011-09-13,7.23,7.23,7.02,7.06,579957,8426178.00
2011-09-14,7.06,7.15,6.82,7.00,1064910,15185423.00
2011-09-15,7.12,7.27,7.02,7.08,613220,8955234.00
2011-09-16,7.04,7.17,6.83,6.90,603992,8628528.00
2011-09-19,6.93,7.03,6.84,6.96,407054,5793744.00
2011-09-20,6.95,7.13,6.81,7.13,474562,6756479.00
2011-09-21,7.13,7.41,7.03,7.40,1238567,18448756.00
2011-09-22,7.37,7.40,7.03,7.03,708976,10514655.00
2011-09-23,6.93,7.07,6.73,7.02,451304,6412629.50
2011-09-26,6.90,7.02,6.75,6.77,544429,7631014.00
2011-09-27,6.77,6.85,6.42,6.57,851660,11488564.00
2011-09-28,6.58,6.64,6.26,6.27,423134,5585654.50
2011-09-29,6.27,6.30,6.12,6.17,356997,4551415.00
2011-09-30,6.30,6.37,6.16,6.37,293590,3790631.75
2011-10-10,6.39,6.55,6.37,6.37,279675,3725204.75
2011-10-11,6.55,6.56,6.20,6.24,215714,2844049.75
2011-10-12,6.07,6.49,6.05,6.40,651260,8589631.00
2011-10-13,6.37,6.72,6.36,6.63,855224,11635009.00
2011-10-14,6.55,6.64,6.46,6.62,300878,4047852.25
2011-10-17,6.65,6.75,6.52,6.63,300032,4080745.25
2011-10-18,6.61,6.61,6.34,6.35,446538,5925354.00
2011-10-19,6.39,6.39,6.26,6.35,213445,2778331.00
2011-10-20,6.31,6.36,6.11,6.23,239852,3044818.50
2011-10-21,6.27,6.27,5.93,5.99,194220,2431082.00
2011-10-24,6.09,6.09,5.74,5.95,481276,5844771.50
2011-10-25,5.99,6.19,5.84,6.14,397273,4963732.50
2011-10-26,6.14,6.27,6.01,6.24,783753,10003408.00
2011-10-27,6.25,6.29,6.05,6.13,537986,6864980.50
2011-10-28,6.24,6.34,6.13,6.31,790754,10141046.00
2011-10-31,6.31,6.43,6.27,6.41,621342,8150707.00
2011-11-01,6.31,6.37,6.23,6.35,951696,12354187.00
2011-11-02,6.22,6.56,6.08,6.53,834413,10882089.00
2011-11-03,6.52,7.08,6.52,6.66,1799554,24978292.00
2011-11-04,6.66,6.82,6.57,6.65,1028925,14105208.00
2011-11-07,6.65,6.73,6.57,6.63,499718,6833179.00
2011-11-08,6.73,6.77,6.50,6.50,664425,9041130.00
2011-11-09,6.55,6.75,6.46,6.75,679646,9213520.00
2011-11-10,6.66,7.06,6.64,6.84,1558549,22068248.00
2011-11-11,6.87,7.10,6.77,6.91,1269170,18072176.00
2011-11-14,7.05,7.08,6.93,7.01,1070340,15378192.00
2011-11-15,6.99,7.07,6.88,7.00,716370,10211097.00
2011-11-16,6.96,6.98,6.62,6.67,720865,10058754.00
2011-11-17,6.67,6.81,6.64,6.65,430152,5940824.50
2011-11-18,6.58,6.71,6.37,6.41,436255,5857746.00
2011-11-21,6.40,6.40,6.23,6.37,354183,4607101.50
2011-11-22,6.21,6.49,6.21,6.37,273698,3570549.75
2011-11-23,6.43,6.43,6.29,6.34,307400,4021659.75
2011-11-24,6.11,6.34,6.11,6.25,315270,4065409.00
2011-11-28,6.17,6.31,6.12,6.16,335445,4277513.50
2011-11-29,6.21,6.29,6.16,6.28,468065,6021025.50
2011-11-30,6.27,6.34,5.83,5.95,581419,7302026.00
2011-12-01,6.06,6.17,6.03,6.05,638383,8047990.00
2011-12-02,5.97,6.00,5.84,5.85,370104,4508956.00
2011-12-05,5.85,5.88,5.66,5.75,256924,3065012.75
2011-12-06,5.65,5.75,5.65,5.72,298701,3529492.75
2011-12-07,5.72,5.79,5.67,5.75,170514,2027824.00
2011-12-08,5.70,5.84,5.61,5.80,273181,3242374.00
2011-12-09,5.72,5.77,5.68,5.69,233280,2759963.00
2011-12-12,5.69,5.72,5.62,5.69,119125,1400831.75
2011-12-13,5.63,5.64,5.33,5.41,364174,4117010.75
2011-12-14,5.34,5.43,5.17,5.23,364653,4007249.75
2011-12-15,5.23,5.23,4.93,4.96,710465,7436394.50
2011-12-16,4.97,5.08,4.76,5.05,2130681,21604410.00
2011-12-19,4.93,5.04,4.79,4.98,1358792,13846041.00
2011-12-20,4.98,5.05,4.89,4.91,771896,8034006.00
2011-12-21,5.02,5.02,4.76,4.77,707735,7264859.00
2011-12-22,4.73,4.73,4.40,4.60,708186,6769168.50
2011-12-23,4.49,4.70,4.49,4.58,523801,5081134.50
2011-12-26,4.55,4.65,4.49,4.54,585996,5626066.00
2011-12-27,4.47,4.53,4.32,4.43,526732,4884936.00
2011-12-28,4.35,4.44,4.26,4.40,347945,3173723.00
2011-12-29,4.34,4.49,4.34,4.42,373882,3489587.25
2011-12-30,4.44,4.53,4.43,4.48,429941,4064372.50
2012-01-04,4.76,4.82,4.48,4.48,771174,7445477.00
2012-01-05,4.49,4.49,4.16,4.24,501571,4553787.00
2012-01-06,4.28,4.43,4.17,4.38,371185,3375325.25
2012-01-09,4.34,4.57,4.30,4.57,725815,6841106.50
2012-01-10,4.54,4.77,4.51,4.72,962887,9393993.00
2012-01-11,4.72,4.80,4.61,4.72,798053,7878248.00
2012-01-12,4.67,4.77,4.63,4.64,542426,5346061.50
2012-01-13,4.63,4.65,4.31,4.35,570929,5328852.00
2012-01-16,4.35,4.35,4.20,4.20,356577,3207686.75
2012-01-17,4.16,4.49,4.16,4.46,510380,4702170.00
2012-01-18,4.46,4.52,4.28,4.28,484484,4500568.00
2012-01-19,4.21,4.41,4.21,4.38,315232,2892430.25
2012-01-20,4.37,4.54,4.37,4.49,472097,4431237.00
2012-01-30,4.52,4.57,4.42,4.44,352172,3330105.00
2012-01-31,4.43,4.43,4.15,4.23,2276515,20345538.00
2012-02-01,4.20,4.29,4.17,4.22,907276,8131750.50
2012-02-02,4.23,4.33,4.21,4.32,731222,6588583.50
2012-02-03,4.28,4.55,4.28,4.51,1451249,13542286.00
2012-02-06,4.51,4.58,4.46,4.53,895683,8507009.00
2012-02-07,4.51,4.51,4.38,4.43,978455,9118693.00
2012-02-08,4.43,4.75,4.39,4.67,1677547,16222903.00
2012-02-09,4.67,4.77,4.65,4.66,1382025,13619720.00
2012-02-10,4.68,4.89,4.65,4.77,2001399,19990638.00
2012-02-13,4.74,4.82,4.68,4.77,1294776,12969524.00
2012-02-14,4.77,4.82,4.69,4.74,754283,7493278.50
2012-02-15,4.72,4.87,4.72,4.84,1009429,10170924.00
2012-02-16,4.84,4.89,4.78,4.85,815522,8249897.50
2012-02-17,4.85,4.87,4.76,4.78,650870,6557489.00
2012-02-20,4.82,4.88,4.79,4.84,783750,7941632.50
2012-02-21,4.83,5.13,4.82,5.00,1815603,18917496.00
2012-02-22,4.98,5.27,4.95,5.26,2599442,27655904.00
2012-02-23,5.20,5.22,5.11,5.19,1540450,16599489.00
2012-02-24,5.19,5.36,5.14,5.26,1395593,15241068.00
2012-02-27,5.23,5.37,5.17,5.18,1476409,16202083.00
2012-02-28,5.17,5.17,5.00,5.06,1515038,16003563.00
2012-02-29,4.98,5.08,4.96,5.00,988918,10367959.00
2012-03-01,4.97,5.06,4.97,5.02,728689,7623295.00
2012-03-02,5.02,5.31,5.02,5.21,1712466,18560684.00
2012-03-05,5.25,5.77,5.25,5.77,5812288,68578616.00
2012-03-06,5.79,6.02,5.68,5.91,6601816,80045392.00
2012-03-07,5.80,6.02,5.76,5.84,3150202,38454928.00
2012-03-08,5.78,6.14,5.78,6.05,3915126,48608072.00
2012-03-09,6.06,6.45,6.06,6.29,3700868,47559292.00
2012-03-12,6.22,6.35,6.15,6.30,1766762,22762412.00
2012-03-13,6.29,6.44,6.08,6.27,2354380,30207596.00
2012-03-14,6.25,6.39,5.81,6.06,2441995,31053430.00
2012-03-15,5.94,6.10,5.80,6.01,2290786,28096176.00
2012-03-16,6.05,6.64,6.05,6.64,5881893,78853960.00
2012-03-19,6.57,6.65,6.36,6.65,1918329,25672350.00
2012-03-20,6.53,6.60,6.32,6.34,1577181,20840948.00
2012-03-21,6.34,6.45,6.11,6.31,1095544,14169344.00
2012-03-22,6.33,6.37,6.11,6.18,821364,10486444.00
2012-03-23,6.20,6.22,5.95,6.13,1031377,12978882.00
2012-03-26,6.13,6.34,6.05,6.33,1399018,18072296.00
2012-03-27,6.33,6.46,6.18,6.31,709905,9249852.00
2012-03-28,6.21,6.27,5.84,5.84,824804,10287224.00
2012-03-29,5.85,5.85,5.28,5.48,1097373,12720102.00
2012-03-30,5.45,5.53,5.24,5.42,1569734,17553534.00
2012-04-05,5.47,5.98,5.41,5.89,1032966,12243441.00
2012-04-06,5.84,5.88,5.71,5.77,882623,10580601.00
2012-04-09,5.71,5.77,5.66,5.69,446324,5277235.00
2012-04-10,5.73,5.78,5.53,5.73,374536,4383521.50
2012-04-11,5.68,5.75,5.59,5.67,313459,3675776.50
2012-04-12,5.69,5.84,5.67,5.81,699905,8313893.00
2012-04-13,5.83,5.84,5.69,5.75,695497,8282871.00
2012-04-16,5.57,5.78,5.57,5.63,539030,6295785.50
2012-04-17,5.63,5.65,5.34,5.43,840171,9519190.00
2012-04-18,5.38,5.59,5.36,5.57,734744,8365444.50
2012-04-19,5.57,5.57,5.44,5.46,623990,7111238.50
2012-04-20,5.40,5.71,5.40,5.65,921736,10714680.00
2012-04-23,5.65,5.72,5.05,5.11,2077352,22946680.00
2012-04-24,5.06,5.06,4.60,4.80,1980852,19793622.00
2012-04-26,4.75,4.99,4.75,4.80,772348,7871321.50
2012-04-27,4.83,4.96,4.73,4.88,513589,5219590.00
2012-05-02,4.92,5.11,4.87,5.07,912379,9515726.00
2012-05-03,5.06,5.27,4.99,5.17,844832,9004431.00
2012-05-04,5.18,5.23,5.08,5.16,497618,5332922.50
2012-05-07,5.09,5.16,4.98,5.09,1173984,12392378.00
2012-05-08,5.09,5.33,5.06,5.21,1274642,13777648.00
2012-05-09,5.18,5.18,5.09,5.09,579849,6184752.00
2012-05-10,5.05,5.27,5.05,5.11,594654,6404901.50
2012-05-11,5.09,5.24,5.09,5.12,498269,5373940.00
2012-05-14,5.18,5.22,5.13,5.15,392760,4229932.00
2012-05-15,5.08,5.11,4.89,5.01,543760,5657288.00
2012-05-16,4.93,5.03,4.93,4.96,393162,4090101.25
2012-05-17,5.18,5.44,5.15,5.23,1819974,19987902.00
2012-05-18,5.18,5.22,5.04,5.07,892552,9503908.00
2012-05-21,5.07,5.09,4.94,5.02,469940,4896208.00
2012-05-22,5.02,5.14,4.99,5.13,433130,4574603.50
2012-05-23,5.13,5.13,5.02,5.07,359990,3803474.00
2012-05-24,4.79,5.01,4.61,4.70,3603499,35665896.00
2012-05-25,4.63,4.64,4.36,4.38,2612280,24657102.00
2012-05-28,4.33,4.47,4.23,4.47,1485775,13633604.00
2012-05-29,4.43,4.62,4.43,4.55,1116861,10614377.00
2012-05-30,4.55,4.65,4.49,4.59,894870,8576279.00
2012-05-31,4.64,4.64,4.54,4.60,912324,8812921.00
2012-06-01,4.66,4.68,4.52,4.55,872575,8445759.00
2012-06-04,4.48,4.48,4.33,4.36,642066,5952671.00
2012-06-05,4.33,4.40,4.33,4.38,443841,4091139.00
2012-06-06,4.45,4.46,4.38,4.39,503226,4663331.50
2012-06-07,4.46,4.46,4.31,4.37,576139,5346428.50
2012-06-08,4.37,4.45,4.36,4.39,775572,7184812.00
2012-06-11,4.44,4.51,4.38,4.51,1065554,9998740.00
2012-06-12,4.49,4.60,4.46,4.55,1540797,14750026.00
2012-06-13,4.55,4.60,4.51,4.58,1459613,13689758.00
2012-06-14,4.57,4.62,4.56,4.59,1169479,11023738.00
2012-06-15,4.69,5.03,4.62,4.82,3403601,33841916.00
2012-06-18,4.81,4.93,4.66,4.84,2552492,25113732.00
2012-06-19,4.79,4.85,4.72,4.80,1279889,12583196.00
2012-06-20,4.82,4.95,4.81,4.86,1421840,14230160.00
2012-06-21,4.87,4.87,4.72,4.75,920196,8983918.00
2012-06-25,4.73,4.73,4.48,4.50,791075,7509152.00
2012-06-26,4.60,4.60,4.46,4.52,665849,6211717.50
2012-06-27,4.56,4.63,4.53,4.57,586487,5528846.00
2012-06-28,4.59,4.59,4.44,4.44,553000,5143910.00
2012-06-29,4.37,4.57,4.37,4.53,645694,5982869.50
2012-07-02,4.61,4.62,4.53,4.60,607522,5728189.50
2012-07-03,4.57,4.68,4.56,4.58,634639,6039191.50
2012-07-04,4.62,4.64,4.52,4.55,658300,6195717.00
2012-07-05,4.51,4.52,4.41,4.42,519453,4753110.00
2012-07-06,4.43,4.54,4.39,4.51,512344,4699339.00
2012-07-09,4.47,4.53,4.42,4.42,398648,3665765.75
2012-07-10,4.36,4.42,4.30,4.32,316489,2848739.50
2012-07-11,4.32,4.38,4.26,4.36,213487,1906602.13
2012-07-12,4.33,4.44,4.26,4.38,744805,6675887.50
2012-07-13,4.35,4.35,4.18,4.18,973488,8554098.00
2012-07-16,4.19,4.21,3.83,3.90,740389,6130584.50
2012-07-17,3.86,3.97,3.84,3.95,310250,2513310.50
2012-07-18,3.94,4.00,3.86,3.99,540120,4412055.00
2012-07-19,3.99,4.09,3.95,4.07,938027,7839470.50
2012-07-20,4.05,4.08,4.02,4.03,386427,3239679.50
2012-07-23,3.98,4.01,3.90,3.98,223116,1835993.50
2012-07-24,3.98,4.07,3.98,4.03,319675,2665173.75
2012-07-25,4.01,4.08,3.97,4.04,500121,4181739.25
2012-07-26,4.04,4.07,3.94,3.95,354000,2950027.50
2012-07-27,3.99,4.02,3.89,3.94,387678,3160996.50
2012-07-30,4.00,4.00,3.84,3.85,363260,2937589.00
2012-07-31,3.83,3.85,3.73,3.76,331047,2596493.25
2012-08-01,3.75,3.85,3.74,3.81,567764,4495266.00
2012-08-02,3.82,3.83,3.75,3.81,640892,5078914.50
2012-08-03,3.83,3.88,3.79,3.87,644841,5142789.00
2012-08-06,3.85,3.97,3.83,3.94,1064679,8657787.00
2012-08-07,3.98,4.03,3.94,4.00,1079514,8905558.00
2012-08-08,4.00,4.01,3.90,3.96,1243242,10199070.00
2012-08-09,3.95,4.05,3.91,4.04,1268197,10524238.00
2012-08-10,4.03,4.27,4.01,4.15,2518499,21719614.00
2012-08-13,4.12,4.16,3.99,3.99,1035700,8720716.00
2012-08-14,4.01,4.19,3.95,4.18,1787656,15126892.00
2012-08-15,4.17,4.27,4.12,4.15,1201111,10401979.00
2012-08-16,4.08,4.19,4.07,4.08,674900,5735960.50
2012-08-17,4.08,4.13,4.02,4.04,627417,5292330.50
2012-08-20,4.06,4.12,3.98,4.11,586615,4906228.50
2012-08-21,4.12,4.22,4.07,4.17,840983,7256309.50
2012-08-22,4.18,4.29,4.17,4.21,1176184,10299800.00
2012-08-23,4.20,4.23,4.12,4.21,736939,6367495.00
2012-08-24,4.22,4.23,4.05,4.05,724252,6180491.00
2012-08-27,4.07,4.08,3.94,3.95,643476,5327825.50
2012-08-28,3.94,4.12,3.94,4.05,669272,5611373.00
2012-08-29,4.02,4.17,4.02,4.09,1011244,8631758.00
2012-08-30,4.12,4.15,3.95,4.05,596207,5023373.50
2012-08-31,4.06,4.14,4.02,4.14,518504,4395282.00
2012-09-03,4.14,4.23,4.14,4.21,690942,5977724.50
2012-09-04,4.36,4.66,4.30,4.66,5240663,49922108.00
2012-09-05,4.59,4.71,4.54,4.65,3873147,36892792.00
2012-09-06,4.62,4.68,4.57,4.59,1969830,18705278.00
2012-09-07,4.62,5.00,4.55,4.79,3956721,38600340.00
2012-09-10,4.75,4.89,4.71,4.81,1849020,18148782.00
2012-09-11,4.77,4.78,4.64,4.75,1429448,13811783.00
2012-09-12,4.75,4.81,4.61,4.69,1303114,12563321.00
2012-09-13,4.77,4.77,4.68,4.70,931533,9034251.00
2012-09-14,4.75,5.06,4.71,4.90,2420676,24549226.00
2012-09-17,4.85,4.91,4.65,4.67,1275162,12534617.00
2012-09-18,4.61,4.75,4.52,4.71,885419,8419097.00
2012-09-19,4.69,4.87,4.67,4.85,697181,6838516.00
2012-09-20,4.81,4.85,4.52,4.54,850600,8223528.00
2012-09-21,4.53,4.66,4.40,4.46,755126,7049026.50
2012-09-24,4.46,4.93,4.46,4.86,2036655,20014626.00
2012-09-25,4.87,4.88,4.67,4.75,1214783,11875419.00
2012-09-26,4.75,4.80,4.52,4.54,753305,7175894.00
2012-09-27,4.51,4.77,4.49,4.67,498162,4779308.00
2012-09-28,4.67,4.77,4.62,4.73,546378,5290946.00
2012-10-08,4.79,4.88,4.68,4.72,385730,3757493.75
2012-10-09,4.73,4.85,4.73,4.85,807435,7977562.50
2012-10-10,4.92,5.36,4.83,5.36,3959830,42460204.00
2012-10-11,5.36,5.56,5.25,5.33,2791831,30735592.00
2012-10-12,5.28,5.41,5.14,5.33,1719696,18491776.00
2012-10-15,5.33,5.56,5.24,5.38,2592978,28703590.00
2012-10-16,5.37,5.42,5.17,5.39,1066300,11532997.00
2012-10-17,5.33,5.46,5.24,5.26,746228,8073234.50
2012-10-18,5.26,5.46,5.19,5.43,1055773,11520892.00
2012-10-19,5.40,5.49,5.33,5.34,888579,9814767.00
2012-10-22,5.47,5.62,5.34,5.38,1771629,19716616.00
2012-10-23,5.29,5.35,5.04,5.08,1456065,15447671.00
2012-10-24,5.03,5.10,4.98,5.06,726579,7506307.00
2012-10-25,5.03,5.15,4.97,4.99,670761,6914741.50
2012-10-26,4.95,5.01,4.68,4.73,1009057,9947363.00
2012-10-29,4.73,4.80,4.68,4.74,566870,5522983.50
2012-10-30,4.69,4.80,4.68,4.76,403370,3949778.00
2012-10-31,4.73,4.84,4.73,4.80,295244,2889486.50
2012-11-01,4.86,4.94,4.81,4.84,483507,4833772.50
2012-11-02,4.84,4.87,4.79,4.83,320898,3180349.25
2012-11-05,4.84,4.84,4.67,4.75,636976,6203128.00
2012-11-06,4.73,4.75,4.66,4.75,256384,2476765.75
2012-11-07,4.74,4.78,4.67,4.74,285889,2784543.50
2012-11-08,4.75,4.94,4.75,4.80,1771189,17562112.00
2012-11-09,4.78,4.78,4.58,4.69,735442,7093415.00
2012-11-12,4.67,4.74,4.62,4.72,309351,2966852.00
2012-11-13,4.66,4.72,4.53,4.55,286003,2705075.75
2012-11-14,4.55,4.59,4.46,4.53,179226,1671164.50
2012-11-15,4.53,4.53,4.26,4.28,481697,4361773.00
2012-11-16,4.30,4.30,4.12,4.23,283845,2462235.75
2012-11-19,4.23,4.27,4.15,4.27,115178,1008060.25
2012-11-20,4.27,4.31,4.21,4.26,339180,2981547.50
2012-11-21,4.34,4.34,4.12,4.22,1228582,10580711.00
2012-11-22,4.14,4.35,4.10,4.24,962606,8339841.00
2012-11-23,4.23,4.23,4.01,4.17,528538,4531722.50
2012-11-26,4.17,4.20,4.06,4.06,237843,2022359.13
2012-11-27,4.06,4.09,3.74,3.75,1038823,8283836.00
2012-11-28,3.77,3.77,3.69,3.69,424111,3288050.50
2012-11-29,3.68,3.82,3.67,3.70,247450,1924736.50
2012-11-30,3.70,3.79,3.68,3.73,350363,2717108.50
2012-12-03,3.74,3.83,3.64,3.67,185630,1446012.75
2012-12-04,3.65,3.81,3.65,3.80,410324,3215689.50
2012-12-05,3.79,3.99,3.79,3.95,721781,5877229.50
2012-12-06,3.90,4.03,3.90,3.99,386598,3181925.50
2012-12-07,4.01,4.08,3.96,4.06,404583,3369680.25
2012-12-10,4.02,4.09,4.01,4.09,438620,3690753.75
2012-12-11,4.10,4.11,4.03,4.03,353633,2977193.50
2012-12-12,4.03,4.06,3.91,3.96,534885,4424090.50
2012-12-13,3.96,4.01,3.92,3.97,343641,2823407.00
2012-12-14,3.97,4.18,3.97,4.12,670114,5680735.00
2012-12-17,4.09,4.21,4.06,4.21,992442,8495296.00
2012-12-18,4.34,4.34,4.13,4.25,845758,7374080.50
2012-12-19,4.62,4.62,4.25,4.32,616524,5521236.50
2012-12-20,4.28,4.29,4.17,4.21,521189,4532271.50
2012-12-21,4.20,4.27,4.19,4.22,596257,5206167.00
2012-12-24,4.18,4.28,4.18,4.26,637449,5578964.50
2012-12-25,4.25,4.39,4.25,4.39,1442200,12862675.00
2012-12-26,4.35,4.45,4.32,4.45,1181205,10693428.00
2012-12-27,4.49,4.49,4.40,4.40,863913,7907278.00
2012-12-28,4.36,4.44,4.29,4.39,630003,5682450.50
2012-12-31,4.33,4.44,4.32,4.40,691665,6262647.00
2013-01-04,4.53,4.61,4.46,4.57,1933473,18027078.00
2013-01-07,4.59,4.59,4.51,4.57,868151,8118524.00
2013-01-08,4.59,4.62,4.52,4.62,954785,9002016.00
2013-01-09,4.62,4.77,4.57,4.65,1416651,13625969.00
2013-01-10,4.57,4.77,4.57,4.77,1168851,11285326.00
2013-01-11,4.77,4.93,4.72,4.81,2319831,23059248.00
2013-01-14,4.75,4.97,4.75,4.88,1372892,13714855.00
2013-01-15,4.90,4.94,4.85,4.93,1166726,11711532.00
2013-01-16,4.93,4.94,4.75,4.80,880762,8734450.00
2013-01-17,4.78,4.84,4.68,4.82,1220965,11963831.00
2013-01-18,4.82,4.96,4.77,4.90,1274733,12675611.00
2013-01-21,4.93,4.95,4.88,4.92,798333,8042514.50
2013-01-22,4.91,4.96,4.78,4.80,855182,8477343.00
2013-01-23,4.77,4.86,4.77,4.80,480589,4741740.00
2013-01-24,4.77,4.94,4.73,4.77,789471,7793435.00
2013-01-25,4.72,5.27,4.71,5.04,2268210,23420314.00
2013-01-28,5.03,5.43,4.97,5.35,2704364,29185214.00
2013-01-29,5.23,5.57,5.23,5.41,1863374,20572016.00
2013-01-30,5.29,5.58,5.29,5.47,1282343,14214940.00
2013-01-31,5.46,5.54,5.39,5.48,1080039,12074499.00
2013-02-01,5.39,5.51,5.37,5.48,1535961,17011746.00
2013-02-04,5.44,6.03,5.41,5.89,3079487,36012796.00
2013-02-05,5.85,5.91,5.69,5.75,1784441,20944478.00
2013-02-06,5.78,5.86,5.67,5.76,808630,9461186.00
2013-02-07,5.73,5.87,5.73,5.80,617391,7277658.00
2013-02-08,5.75,5.99,5.73,5.91,972350,11632914.00
2013-02-18,5.87,5.98,5.80,5.80,817506,9776623.00
2013-02-19,5.80,5.80,5.44,5.56,1401602,15873631.00
2013-02-20,5.55,5.77,5.55,5.72,1055738,12214669.00
2013-02-21,5.72,5.73,5.49,5.51,1293588,14749838.00
2013-02-22,5.52,5.77,5.52,5.60,1965497,22619548.00
2013-02-25,5.55,5.84,5.55,5.81,1187826,13829391.00
2013-02-26,5.80,5.87,5.69,5.74,806654,9532308.00
2013-02-27,5.75,5.87,5.73,5.78,546677,6453261.50
2013-02-28,5.86,5.88,5.71,5.88,992002,11699130.00
2013-03-01,5.88,6.31,5.82,6.24,2108537,26062336.00
2013-03-04,6.23,6.38,6.03,6.11,1684517,21061896.00
2013-03-05,6.10,6.48,6.04,6.42,2035036,26125032.00
2013-03-06,6.44,6.67,6.37,6.55,1357336,17990422.00
2013-03-07,6.59,6.80,6.32,6.37,1957990,25936796.00
2013-03-08,6.44,6.56,6.13,6.20,1758516,22534422.00
2013-03-11,6.26,6.45,6.25,6.28,1435062,18411480.00
2013-03-12,6.34,6.46,6.06,6.19,1349319,17003322.00
2013-03-13,6.25,6.25,5.91,6.08,1097533,13432765.00
2013-03-14,6.08,6.13,6.04,6.12,811400,10047474.00
2013-03-15,6.15,6.59,6.05,6.41,2085518,26968260.00
2013-03-18,6.32,6.69,6.32,6.51,1416180,18703650.00
2013-03-19,6.44,6.71,6.44,6.64,1607362,21427746.00
2013-03-20,6.67,6.75,6.53,6.73,1044417,14072692.00
2013-03-21,6.72,6.97,6.72,6.79,1901691,26327094.00
2013-03-22,6.79,6.79,6.44,6.55,1576030,21064300.00
2013-03-25,6.56,6.76,6.55,6.71,1137124,15287021.00
2013-03-26,6.71,6.76,6.54,6.71,849119,11403040.00
2013-03-27,6.70,6.74,6.55,6.67,1055664,14117678.00
2013-03-28,7.08,7.08,6.62,6.63,4015712,55634684.00
2013-03-29,6.57,6.57,6.26,6.33,2978799,38486864.00
2013-04-01,6.33,6.49,6.27,6.42,863665,11197643.00
2013-04-02,6.44,6.53,6.33,6.34,1570279,20405846.00
2013-04-03,6.32,6.46,6.06,6.23,1291256,16436161.00
2013-04-08,6.15,6.29,5.95,6.29,1101623,13692832.00
2013-04-09,6.32,6.40,6.21,6.35,697849,8992496.00
2013-04-10,6.31,6.31,6.16,6.29,555262,7029387.00
2013-04-11,6.33,6.35,6.17,6.20,436234,5533570.00
2013-04-12,6.19,6.19,5.86,5.86,934458,11419733.00
2013-04-15,5.85,5.85,5.69,5.78,966637,11316847.00
2013-04-16,5.44,5.84,5.44,5.80,592389,6865661.50
2013-04-17,5.75,5.95,5.75,5.95,694687,8330394.00
2013-04-18,5.95,6.05,5.90,6.03,815881,9919616.00
2013-04-19,6.05,6.31,6.03,6.30,1221930,15301328.00
2013-04-22,6.33,6.33,6.05,6.08,2001750,24983686.00
2013-04-23,6.08,6.14,5.79,5.82,1062093,12822857.00
2013-04-24,5.89,6.42,5.81,6.36,2947398,37303108.00
2013-04-25,6.37,6.64,6.28,6.32,4291319,56234044.00
2013-04-26,6.25,6.31,5.96,6.05,1744342,21558956.00
2013-05-02,6.05,6.18,5.89,6.14,796545,9734465.00
2013-05-03,6.13,6.46,6.06,6.34,2095531,26945978.00
2013-05-06,6.36,6.69,6.31,6.64,2574835,34106960.00
2013-05-07,6.60,6.69,6.53,6.57,1626020,21773876.00
2013-05-08,6.55,6.76,6.46,6.64,1726495,23170868.00
2013-05-09,6.59,6.88,6.59,6.76,3159487,43320704.00
2013-05-10,6.73,6.77,6.47,6.58,2335745,31213140.00
2013-05-13,6.55,7.12,6.54,7.00,3608786,49759476.00
2013-05-14,7.05,7.05,6.77,6.82,1944827,27001252.00
2013-05-15,6.91,7.01,6.75,6.95,2130503,29524936.00
2013-05-16,6.93,6.93,6.68,6.76,2717356,37395188.00
2013-05-17,6.73,7.00,6.73,6.97,2482017,34508972.00
2013-05-20,7.03,7.23,7.00,7.11,3900443,56214168.00
2013-05-21,7.11,7.22,7.01,7.17,2470049,35453128.00
2013-05-22,7.17,7.17,6.92,7.04,2939787,41710168.00
2013-05-23,6.93,7.05,6.87,6.88,2686848,37748876.00
2013-05-24,6.86,7.08,6.83,7.07,2788952,39462308.00
2013-05-27,7.11,7.28,7.08,7.22,3531973,51442220.00
2013-05-28,7.20,7.25,6.96,7.00,2932007,41903580.00
2013-05-29,7.00,7.00,6.82,6.85,5714521,53033624.00
2013-05-30,6.84,7.08,6.77,6.93,3811562,35686424.00
2013-05-31,6.93,7.00,6.87,6.89,2256632,21045346.00
2013-06-03,6.90,6.94,6.73,6.75,2758248,25319456.00
2013-06-04,6.75,6.81,6.36,6.47,3468998,30749940.00
2013-06-05,6.52,6.61,6.41,6.55,2048944,18026740.00
2013-06-06,6.52,6.61,6.41,6.41,1309462,11506634.00
2013-06-07,6.42,6.48,6.13,6.28,2012958,17165116.00
2013-06-13,6.25,6.25,5.82,6.06,2168182,17704656.00
2013-06-14,6.07,6.24,6.02,6.18,2502702,20767342.00
2013-06-17,6.18,6.46,6.06,6.32,2978772,25276226.00
2013-06-18,6.33,6.35,6.12,6.26,1479907,12449359.00
2013-06-19,6.35,6.35,6.10,6.27,1334119,11193432.00
2013-06-20,6.21,6.31,5.95,5.95,1500866,12450812.00
2013-06-21,5.94,5.94,5.67,5.79,1839093,14473024.00
2013-06-24,5.82,5.82,5.25,5.32,1832931,13803753.00
2013-06-25,5.30,5.52,5.06,5.42,2354030,17005638.00
2013-06-26,5.58,5.62,5.32,5.62,3545555,26349624.00
2013-06-27,5.62,5.78,5.49,5.49,2805329,21562730.00
2013-06-28,5.49,5.65,5.33,5.48,1751275,13160911.00
2013-07-01,5.52,5.70,5.48,5.68,1789070,13667390.00
2013-07-02,5.70,6.27,5.65,6.27,4992862,40745664.00
2013-07-03,6.28,6.52,6.22,6.49,5713818,49192400.00
2013-07-04,6.42,6.43,6.18,6.28,4251377,36402800.00
2013-07-05,6.31,6.35,6.01,6.01,3576776,29891146.00
2013-07-08,5.90,5.90,5.57,5.72,2296053,17854424.00
2013-07-09,5.72,5.81,5.59,5.79,1745002,13531103.00
2013-07-10,5.82,6.05,5.73,6.05,2508346,20017662.00
2013-07-11,6.04,6.22,6.02,6.10,3211082,26600382.00
2013-07-12,6.13,6.33,6.04,6.20,3650063,30671274.00
2013-07-15,6.21,6.65,6.18,6.62,6812935,59415868.00
2013-07-16,6.50,6.78,6.46,6.58,5706288,51019360.00
2013-07-17,6.58,6.62,6.37,6.42,4206633,36774828.00
2013-07-18,6.41,6.58,6.25,6.48,3925084,34214704.00
2013-07-19,6.55,6.90,6.50,6.58,8876444,80354200.00
2013-07-22,6.44,7.02,6.32,6.98,7502690,68499760.00
2013-07-23,7.01,7.16,6.86,7.15,9342795,88812120.00
2013-07-24,7.12,7.30,6.93,7.24,7452876,71699944.00
2013-07-25,7.15,7.22,6.75,6.75,6978306,65155388.00
2013-07-26,6.67,6.82,6.44,6.73,5068633,45445804.00
2013-07-29,6.68,6.81,6.48,6.50,4268534,38170528.00
2013-07-30,6.56,6.61,6.21,6.38,3513313,30306762.00
2013-07-31,6.45,6.55,6.40,6.50,2180880,19116966.00
2013-08-01,6.55,6.84,6.48,6.84,4268249,38592780.00
2013-08-02,6.88,7.07,6.77,6.78,5554494,51905144.00
2013-08-05,6.78,6.99,6.73,6.95,4853652,44863040.00
2013-08-06,6.94,7.27,6.88,7.11,8576483,82224920.00
2013-08-07,7.09,7.13,6.80,6.82,6090549,56579444.00
2013-08-08,6.92,7.53,6.85,7.53,22078911,220640048.00
2013-08-09,7.58,8.31,7.44,8.31,21238520,228250080.00
2013-08-12,8.95,8.95,7.93,8.52,35435092,400214656.00
2013-08-13,8.13,8.23,7.91,8.08,20383284,220955136.00
2013-08-14,8.08,8.29,7.74,8.13,16764313,180400528.00
2013-08-15,8.02,8.11,7.76,7.78,10034946,106376024.00
2013-08-16,7.65,7.88,7.45,7.51,8973788,92451656.00
2013-08-19,7.48,7.74,7.44,7.74,6661768,68464280.00
2013-08-20,7.68,8.18,7.60,8.13,15284917,163406784.00
2013-08-21,8.01,8.18,7.98,8.18,9452704,102715040.00
2013-08-22,8.19,8.67,8.09,8.40,13484642,152042928.00
2013-08-23,8.32,8.32,7.75,8.13,11732848,127039056.00
2013-08-26,7.92,8.04,7.78,7.99,11888600,126305736.00
2013-08-27,7.92,8.02,7.68,7.87,9043048,95067352.00
2013-08-28,7.81,7.93,7.63,7.67,6528179,68442416.00
2013-08-29,7.52,7.72,7.52,7.59,4504994,45971952.00
2013-08-30,7.59,7.63,7.05,7.07,7481651,73793568.00
2013-09-02,6.95,7.40,6.92,7.35,3657826,35744480.00
2013-09-03,7.35,7.47,7.26,7.45,3160410,31371802.00
2013-09-04,7.44,7.57,7.18,7.25,5308814,52539948.00
2013-09-05,7.24,7.39,7.14,7.27,3287822,32250300.00
2013-09-06,7.28,7.60,7.15,7.57,5863807,58758064.00
2013-09-09,7.57,7.72,7.47,7.65,4800731,48966920.00
2013-09-10,7.73,7.73,7.39,7.43,6555644,65843788.00
2013-09-11,7.50,7.53,7.21,7.26,4852681,47527844.00
2013-09-12,7.26,7.35,7.19,7.23,2757555,26956502.00
2013-09-13,7.26,7.26,7.05,7.24,4333823,41751600.00
2013-09-16,7.27,7.27,7.15,7.24,2654831,25750096.00
2013-09-17,7.25,7.27,7.08,7.08,2185078,21030306.00
2013-09-18,7.08,7.12,6.96,7.05,2293520,21689374.00
2013-09-23,7.08,7.31,7.08,7.30,3734699,36266544.00
2013-09-24,7.29,7.53,7.29,7.48,5940902,59311600.00
2013-09-25,7.42,7.46,7.22,7.25,4428046,43499152.00
2013-09-26,7.26,7.28,7.04,7.04,2790650,26793268.00
2013-09-27,7.05,7.12,6.94,7.01,2046504,19351588.00
2013-09-30,7.01,7.15,6.99,7.08,1439376,13723666.00
2013-10-08,7.35,7.64,7.35,7.48,6795623,68401280.00
2013-10-09,7.41,7.59,7.40,7.59,6039314,60934588.00
2013-10-10,7.59,7.62,7.48,7.52,4914547,49785772.00
2013-10-11,7.56,7.89,7.56,7.68,6267972,65183472.00
2013-10-14,7.76,7.76,7.62,7.66,4061808,41845876.00
2013-10-15,7.67,7.72,7.43,7.52,4160143,42141732.00
2013-10-16,7.54,7.58,7.24,7.29,2978888,29448282.00
2013-10-17,7.31,7.48,7.30,7.35,2716882,26964770.00
2013-10-18,7.35,7.43,7.30,7.34,2297992,22715398.00
2013-10-21,7.34,7.63,7.31,7.62,4873717,49129036.00
2013-10-22,7.66,7.78,7.52,7.71,6668798,68636232.00
2013-10-23,7.59,7.63,7.37,7.40,4515288,45373476.00
2013-10-24,7.36,7.51,7.29,7.31,2879939,28584050.00
2013-10-25,7.32,7.40,6.96,6.99,3197598,30709362.00
2013-10-28,6.99,7.07,6.90,7.00,1409845,13246573.00
2013-10-29,7.00,7.05,6.32,6.48,4387817,38773808.00
2013-10-30,6.45,6.63,6.21,6.61,2068620,18229874.00
2013-10-31,6.52,6.63,6.40,6.44,1841034,16103418.00
2013-11-01,6.48,6.51,6.40,6.47,1190692,10386006.00
2013-11-04,6.48,6.67,6.43,6.59,1422464,12624102.00
2013-11-05,6.59,6.68,6.42,6.68,1811216,16089844.00
2013-11-06,6.67,6.77,6.60,6.65,1842945,16698426.00
2013-11-07,6.60,6.71,6.53,6.53,996890,8894182.00
2013-11-08,6.48,6.55,6.35,6.49,1295278,11306418.00
2013-11-11,6.44,6.64,6.43,6.61,853877,7551236.00
2013-11-12,6.59,6.82,6.59,6.78,1852461,16857958.00
2013-11-13,6.75,6.82,6.61,6.62,1372289,12479857.00
2013-11-14,6.62,6.78,6.50,6.77,1619928,14619762.00
2013-11-15,6.86,6.97,6.78,6.87,2507360,23285876.00
2013-11-18,6.96,7.22,6.91,7.07,3200474,30575008.00
2013-11-19,7.08,7.10,6.98,7.05,2199536,20914426.00
2013-11-20,7.05,7.07,6.94,7.05,2284201,21561312.00
2013-11-21,7.02,7.18,6.98,7.11,2184113,20856514.00
2013-11-22,7.10,7.15,6.98,7.05,1304253,12393013.00
2013-11-25,7.08,7.23,6.98,7.22,3081231,29588428.00
2013-11-26,7.19,7.24,7.12,7.17,1849457,17850342.00
2013-11-27,7.17,7.34,7.13,7.24,3114320,30464768.00
2013-11-28,7.21,7.35,7.18,7.32,2490815,24486996.00
2013-11-29,7.32,7.61,7.30,7.54,4138819,41722244.00
2013-12-02,7.25,7.34,6.76,6.76,5020836,47265236.00
2013-12-03,6.65,6.90,6.42,6.84,3308706,29652554.00
2013-12-04,6.82,7.02,6.72,6.85,3280788,30509336.00
2013-12-05,6.83,6.89,6.76,6.85,2003036,18391644.00
2013-12-06,6.79,6.94,6.79,6.87,1248844,11547148.00
2013-12-09,6.91,7.05,6.87,6.93,3087926,28968436.00
2013-12-10,7.04,7.04,6.84,6.90,1878506,17503720.00
2013-12-11,6.92,6.92,6.70,6.74,1960977,17942338.00
2013-12-12,7.44,7.44,7.44,7.44,2434615,24346150.00
2013-12-13,8.21,8.21,8.00,8.21,12574934,138108640.00
2013-12-16,8.67,9.05,8.44,8.88,41950305,493141824.00
2013-12-17,9.15,9.80,9.09,9.80,28653961,367717248.00
2013-12-18,10.22,10.28,9.03,9.42,35396187,457139552.00
2013-12-19,9.45,10.21,8.98,9.05,29767634,381142208.00
2013-12-20,8.88,8.96,8.53,8.73,24382192,285100128.00
2013-12-23,8.61,8.65,8.25,8.47,21090643,238075152.00
2013-12-24,8.47,8.69,8.32,8.45,20248998,230614816.00
2013-12-25,8.35,8.72,8.25,8.71,21052940,240461168.00
2013-12-26,8.61,8.61,8.05,8.08,19635726,220721616.00
2013-12-27,7.85,8.34,7.81,8.29,20998155,226766400.00
2013-12-30,8.24,8.96,8.12,8.67,23776136,272409472.00
2013-12-31,8.56,8.65,8.26,8.34,13289051,149849952.00
2014-01-02,8.37,9.07,8.24,8.77,19991566,233886848.00
2014-01-03,8.63,9.26,8.59,8.98,20827160,249924880.00
2014-01-06,8.85,8.90,8.14,8.21,19124543,218969952.00
2014-01-07,8.08,8.55,8.07,8.50,9161814,102736904.00
2014-01-08,8.58,8.86,8.45,8.53,12831729,148537248.00
2014-01-09,8.50,8.50,7.98,8.04,12765432,141320240.00
2014-01-10,8.06,8.28,7.83,7.90,7361549,79752256.00
2014-01-13,7.95,8.03,7.82,7.96,5820256,61993268.00
2014-01-14,7.96,8.39,7.88,8.38,9180207,100836488.00
2014-01-15,8.29,8.45,8.21,8.39,8799541,98214168.00
2014-01-16,8.48,8.82,8.45,8.50,15003008,172961600.00
2014-01-17,8.36,8.68,8.30,8.62,9382106,107243720.00
2014-01-20,8.52,8.71,8.49,8.69,8309020,95680864.00
2014-01-21,8.62,8.80,8.55,8.75,9813166,114088472.00
2014-01-22,8.71,9.02,8.65,8.93,12575866,147853840.00
2014-01-23,8.88,9.85,8.84,9.85,31022912,399701376.00
2014-01-24,9.74,9.90,9.58,9.82,18822618,244173312.00
2014-01-27,9.59,9.99,9.52,9.63,11497169,150207840.00
2014-01-28,9.63,9.81,9.15,9.38,10685000,134122840.00
2014-01-29,9.44,9.86,9.31,9.83,9974650,127983312.00
2014-01-30,9.75,9.78,9.48,9.49,6261915,80184832.00
2014-02-07,9.34,9.97,9.31,9.90,8839749,115221160.00
2014-02-10,9.98,10.19,9.75,10.04,12288391,163693616.00
2014-02-11,10.08,10.48,9.85,9.98,11729864,158596416.00
2014-02-12,9.98,10.08,9.77,10.01,7940071,105260984.00
2014-02-13,9.95,9.95,9.36,9.36,10847136,139523280.00
2014-02-14,9.29,9.56,9.29,9.46,7635249,96247712.00
2014-02-17,9.46,10.43,9.46,10.21,18568185,248418928.00
2014-02-18,10.05,10.38,9.92,10.12,17792962,240897600.00
2014-02-19,10.17,10.26,9.83,10.01,9852170,131541312.00
2014-02-20,10.01,10.08,9.52,9.61,9267108,120344000.00
2014-02-21,9.65,9.78,9.31,9.44,6985995,88604096.00
2014-02-24,9.38,9.63,9.32,9.61,5517165,69880224.00
2014-02-25,9.54,9.72,8.62,8.68,12478298,152574064.00
2014-02-26,8.62,8.68,8.25,8.65,5313274,60602968.00
2014-02-27,8.67,9.07,8.53,8.62,6075758,71678520.00
2014-02-28,8.61,8.78,8.37,8.75,3981078,45652096.00
2014-03-03,8.79,8.96,8.65,8.95,4756070,56135120.00
2014-03-04,8.82,8.89,8.55,8.75,4780006,55902052.00
2014-03-05,8.75,8.94,8.73,8.82,4072474,48080184.00
2014-03-06,8.83,8.83,8.52,8.72,3688329,42722780.00
2014-03-07,8.75,8.82,8.50,8.58,3939553,45642372.00
2014-03-10,8.44,8.57,8.19,8.19,4117302,45773028.00
2014-03-11,8.21,8.42,8.21,8.32,2699624,30045530.00
2014-03-12,8.39,8.42,8.12,8.38,3293245,36660648.00
2014-03-13,8.38,8.42,8.22,8.40,4932699,55141176.00
2014-03-14,8.32,8.38,8.25,8.33,2099212,23365824.00
2014-03-17,8.33,8.63,8.31,8.61,4484497,51077276.00
2014-03-18,8.55,8.72,8.55,8.60,3309517,38187808.00
2014-03-19,8.60,8.60,8.42,8.53,2283555,25995542.00
2014-03-20,8.54,8.67,8.42,8.67,4630106,53174496.00
2014-03-21,8.67,9.27,8.58,9.13,12497830,150667232.00
2014-03-24,8.96,9.08,8.78,8.91,6302997,75270800.00
2014-03-25,8.82,9.00,8.68,8.75,3914945,46144576.00
2014-03-26,8.71,8.85,8.68,8.76,2740092,32128526.00
2014-03-27,8.76,8.77,8.17,8.18,6549980,73524384.00
2014-03-28,8.11,8.21,7.68,7.75,4356114,46286692.00
2014-03-31,7.73,7.82,7.65,7.71,1910949,19871914.00
2014-04-01,7.73,7.88,7.69,7.85,1968566,20628530.00
2014-04-02,7.85,7.85,7.67,7.69,2470538,25614354.00
2014-04-03,7.69,7.83,7.69,7.76,1628105,16970096.00
2014-04-04,7.79,7.85,7.74,7.85,1488873,15593903.00
2014-04-08,7.83,7.94,7.72,7.90,2000717,21044606.00
2014-04-09,7.91,8.08,7.91,8.01,2375081,25463628.00
2014-04-10,8.08,8.12,7.99,8.01,2904994,31389648.00
2014-04-11,7.92,7.93,7.80,7.89,2455046,25898010.00
2014-04-14,7.89,7.99,7.85,7.99,1752823,18669742.00
2014-04-15,8.01,8.10,7.92,7.94,1776379,19079236.00
2014-04-16,7.93,8.41,7.84,8.22,5089008,55750316.00
2014-04-17,8.22,8.25,8.08,8.15,3481151,38102820.00
2014-04-18,8.13,8.14,8.04,8.09,2181705,23628208.00
2014-04-21,8.04,8.12,7.87,7.89,1749290,18817388.00
2014-04-22,7.85,7.95,7.67,7.76,1893186,19761684.00
2014-04-23,7.79,7.94,7.75,7.90,1428887,15051002.00
2014-04-24,7.89,7.95,7.76,7.78,965707,10123162.00
2014-04-25,7.67,7.67,7.14,7.15,4306936,42674340.00
2014-04-28,7.10,7.10,6.72,6.74,2345095,21562284.00
2014-04-29,6.74,6.91,6.74,6.90,1213049,11167401.00
2014-04-30,6.88,7.01,6.85,6.96,1137576,10651209.00
2014-05-05,6.95,7.19,6.91,7.15,1371498,13053742.00
2014-05-06,7.16,7.39,7.15,7.29,1848185,18127976.00
2014-05-07,7.28,7.28,7.09,7.09,1169197,11291884.00
2014-05-08,7.06,7.27,7.06,7.18,1258080,12177262.00
2014-05-09,7.17,7.21,6.98,7.15,1217864,11677146.00
2014-05-12,7.19,7.37,7.15,7.31,1389016,13555585.00
2014-05-13,7.25,7.42,7.25,7.42,1504862,14859912.00
2014-05-14,7.45,7.46,7.30,7.33,1016941,10069460.00
2014-05-15,7.28,7.32,7.14,7.17,1584586,15388688.00
2014-05-16,7.17,7.26,7.09,7.22,876724,8485636.00
2014-05-19,7.32,7.35,7.18,7.32,1500383,14695261.00
2014-05-20,7.32,7.40,7.28,7.30,1111938,10995913.00
2014-05-21,7.26,7.68,7.24,7.42,4956571,49397048.00
2014-05-22,7.38,7.42,7.24,7.28,2414721,23899950.00
2014-05-23,7.25,7.33,7.18,7.32,1359865,13268694.00
2014-05-26,7.38,7.54,7.35,7.48,2682426,26859670.00
2014-05-27,7.44,7.52,7.42,7.44,1346080,13493414.00
2014-05-28,7.40,7.64,7.40,7.59,2454989,24846900.00
2014-05-29,7.60,7.62,7.41,7.45,1548515,15592417.00
2014-05-30,7.45,7.55,7.37,7.49,1229782,12348091.00
2014-06-03,7.50,7.54,7.42,7.47,1029958,10337530.00
2014-06-04,7.45,7.46,7.36,7.45,1487169,14816338.00
2014-06-05,7.65,8.22,7.65,7.75,10390757,110124288.00
2014-06-06,7.63,8.05,7.61,7.87,7876374,82567616.00
2014-06-09,7.85,7.94,7.68,7.83,2792436,29352512.00
2014-06-10,7.92,7.97,7.77,7.96,4293735,45540076.00
2014-06-11,7.98,8.11,7.89,8.01,3821842,41160372.00
2014-06-12,8.01,8.05,7.87,7.89,3520954,28291250.00
2014-06-13,7.85,8.05,7.80,7.99,3200218,25798264.00
2014-06-16,8.00,8.28,7.90,7.98,9946454,80524984.00
2014-06-17,7.98,7.99,7.71,7.78,5027152,39945864.00
2014-06-18,7.71,7.78,7.54,7.56,3094518,24021868.00
2014-06-19,7.58,7.92,7.41,7.50,8958964,69834792.00
2014-06-20,7.50,7.58,7.35,7.58,3125491,23630726.00
2014-06-23,7.55,7.68,7.50,7.64,2239925,17329684.00
2014-06-24,7.66,8.08,7.66,7.81,10364724,82771640.00
2014-06-25,7.85,7.85,7.55,7.61,6007931,46552904.00
2014-06-26,7.57,7.81,7.57,7.71,5142646,40223212.00
2014-06-27,7.71,7.85,7.70,7.81,4792878,37762884.00
2014-06-30,7.78,7.92,7.76,7.87,3478921,27654802.00
2014-07-01,7.88,8.00,7.81,7.95,4664081,37272552.00
2014-07-02,7.97,8.15,7.86,8.08,8115473,65750200.00
2014-07-03,8.07,8.15,7.98,8.08,5203749,42510704.00
2014-07-04,8.06,8.12,7.94,7.97,4364184,35440768.00
2014-07-07,8.01,8.34,7.96,8.12,13175532,108985304.00
2014-07-08,8.07,8.60,7.96,8.42,13723469,114616816.00
2014-07-09,8.42,9.11,8.31,8.75,30982479,273175072.00
2014-07-10,8.62,9.18,8.48,8.82,20875641,186269504.00
2014-07-11,8.72,8.85,8.61,8.71,9800721,86294176.00
2014-07-14,8.65,8.90,8.44,8.69,10962044,95675200.00
2014-07-15,8.52,8.58,8.16,8.29,11599317,98250016.00
2014-07-16,8.27,8.35,8.12,8.14,4822062,40125500.00
2014-07-17,8.11,8.21,8.01,8.20,3698015,30494386.00
2014-07-18,8.16,8.28,8.10,8.13,3394097,28139992.00
2014-07-21,8.15,8.15,7.91,8.04,4098228,33263986.00
2014-07-22,8.04,8.25,8.02,8.24,3874074,31928824.00
2014-07-23,8.21,8.22,7.86,7.89,5135390,41775192.00
2014-07-24,7.92,7.96,7.73,7.75,4286922,33897260.00
2014-07-25,7.75,7.94,7.71,7.93,3077255,24458048.00
2014-07-28,7.94,8.08,7.92,8.03,4154961,33642700.00
2014-07-29,8.07,8.28,8.02,8.23,7969822,65863812.00
2014-07-30,8.24,8.24,8.07,8.15,5120807,42244240.00
2014-07-31,8.12,8.24,8.12,8.23,3655463,30324252.00
2014-08-01,8.21,8.22,8.05,8.07,4464509,36855280.00
2014-08-04,8.06,8.20,8.06,8.18,3320399,27387816.00
2014-08-05,8.18,8.34,8.10,8.29,6976283,58245936.00
2014-08-06,8.29,8.34,8.22,8.32,4781023,40134028.00
2014-08-07,8.30,8.37,8.20,8.24,4917249,41298980.00
2014-08-08,8.23,8.41,8.23,8.37,6296967,53161912.00
2014-08-11,8.40,8.50,8.33,8.48,5545827,47323552.00
2014-08-12,8.47,8.47,8.37,8.42,5272123,44863600.00
2014-08-13,8.41,8.49,8.24,8.32,8453020,71284736.00
2014-08-14,8.31,8.53,8.30,8.45,9028684,76993264.00
2014-08-15,8.46,8.89,8.46,8.86,18375027,162528448.00
2014-08-18,8.87,9.06,8.83,9.06,14782924,133845888.00
2014-08-19,9.80,9.98,9.44,9.53,43189911,422593632.00
2014-08-20,9.28,9.51,9.21,9.36,15178636,143362160.00
2014-08-21,9.32,9.67,9.29,9.57,15323688,147650400.00
2014-08-22,9.42,9.66,9.42,9.48,9401392,90502016.00
2014-08-25,9.39,9.39,9.11,9.12,10735362,99793544.00
2014-08-26,9.10,9.26,8.98,9.01,7442812,68497312.00
2014-08-27,9.05,9.21,9.04,9.05,5328104,49200516.00
2014-08-28,9.05,9.11,8.78,8.86,6796019,61222540.00
2014-08-29,8.82,9.05,8.82,9.04,4136886,37333588.00
2014-09-01,9.04,9.36,9.04,9.35,6323010,59146248.00
2014-09-02,9.45,9.51,9.30,9.44,12200965,115965728.00
2014-09-03,9.45,9.54,9.38,9.45,10080837,96358832.00
2014-09-04,9.42,9.62,9.42,9.57,10751871,103564344.00
2014-09-05,9.52,9.54,9.39,9.46,7298747,69664776.00
2014-09-09,9.48,9.48,9.30,9.43,5813551,55252892.00
2014-09-10,9.42,9.81,9.36,9.77,14976830,145988480.00
2014-09-11,9.76,9.86,9.52,9.59,11824260,115776840.00
2014-09-12,9.59,9.82,9.58,9.79,10872900,107184288.00
2014-09-15,9.80,9.85,9.71,9.81,9028278,89242608.00
2014-09-16,9.86,9.97,9.36,9.44,13992971,137958144.00
2014-09-17,9.46,9.53,9.21,9.40,7463606,70458008.00
2014-09-18,9.37,9.43,9.25,9.40,5635399,53198780.00
2014-09-19,9.45,9.45,9.29,9.44,6531254,61919376.00
2014-09-22,9.46,9.57,9.29,9.57,8251745,78781832.00
2014-09-23,9.55,9.97,9.52,9.91,18419689,183081472.00
2014-09-24,9.93,10.24,9.87,10.16,14509005,147665424.00
2014-09-25,10.20,10.32,10.01,10.07,9820060,100591640.00
2014-09-26,10.09,10.25,10.07,10.12,7187842,73712424.00
2014-09-29,10.20,10.55,10.14,10.41,10434355,109334128.00
2014-09-30,10.45,10.47,10.29,10.43,6621105,69364800.00
2014-10-08,10.39,10.43,10.16,10.35,7088963,73673176.00
2014-10-09,10.37,10.55,10.13,10.48,9251967,96923000.00
2014-10-10,10.37,10.41,10.21,10.24,5859169,60938768.00
2014-10-13,10.19,10.20,9.93,10.11,5669867,57604776.00
2014-10-14,10.09,10.34,10.02,10.14,5696876,58647092.00
2014-10-15,9.98,10.15,9.93,10.14,6263130,63466700.00
2014-10-16,10.07,10.41,10.01,10.09,6910865,71356336.00
2014-10-17,10.00,10.25,9.20,10.25,13693515,134888224.00
2014-10-20,10.28,10.40,10.04,10.36,11345660,116999192.00
2014-10-21,10.36,10.36,10.01,10.02,6610340,67905976.00
2014-10-22,9.93,10.08,9.58,9.60,7698716,76209832.00
2014-10-23,9.58,9.68,9.35,9.37,5009558,48120372.00
2014-10-24,9.39,9.52,9.35,9.39,3145923,29965700.00
2014-10-27,9.40,9.65,9.30,9.57,3171603,30440314.00
2014-10-28,9.53,9.83,9.53,9.78,4266812,42012436.00
2014-10-29,9.81,9.96,9.71,9.89,6724195,66960176.00
2014-10-30,9.94,10.02,9.78,9.81,5677852,56768760.00
2014-10-31,9.76,9.96,9.65,9.78,5069774,50262952.00
2014-11-03,9.82,9.93,9.75,9.91,4989727,49770828.00
2014-11-04,9.92,10.14,9.90,10.01,5385651,54526908.00
2014-11-05,9.92,9.98,9.78,9.80,5337623,53076792.00
2014-11-06,9.84,10.05,9.71,10.00,5942904,59240992.00
2014-11-07,10.03,10.16,9.93,9.98,9349601,94818328.00
2014-11-10,9.98,10.03,9.80,9.85,4843980,48308088.00
2014-11-11,9.87,9.89,9.26,9.37,7303575,70336040.00
2014-11-12,9.38,9.48,9.32,9.48,3168135,30086784.00
2014-11-13,9.48,9.48,9.13,9.16,5079677,47315196.00
2014-11-14,9.12,9.26,9.08,9.14,2801784,25893568.00
2014-11-17,9.08,9.35,9.07,9.26,3186702,29762780.00
2014-11-18,9.30,9.30,9.17,9.30,2183795,20401014.00
2014-11-19,9.30,9.38,9.25,9.31,2835429,26673146.00
2014-11-20,9.29,9.54,9.22,9.50,5016326,47747676.00
2014-11-21,9.48,9.52,9.36,9.50,3504898,33474980.00
2014-11-24,9.55,9.60,9.41,9.47,4500066,43085760.00
2014-11-25,9.50,9.81,9.42,9.78,7171906,70198248.00
2014-11-26,9.78,9.84,9.58,9.67,4850398,47467496.00
2014-11-27,9.70,10.00,9.65,9.95,10758913,107067536.00
2014-11-28,9.90,9.95,9.75,9.85,6588134,65469416.00
2014-12-01,9.85,9.85,9.38,9.47,6022115,58290588.00
2014-12-02,9.45,9.60,9.40,9.50,4925404,47407016.00
2014-12-03,9.51,9.55,9.25,9.55,7194688,68183280.00
2014-12-04,9.55,9.76,9.50,9.68,7304842,71186512.00
2014-12-05,9.75,9.78,9.11,9.29,6334548,60109200.00
2014-12-08,9.10,9.65,9.10,9.51,7988172,76195560.00
2014-12-09,9.51,9.51,8.95,8.96,7536674,69794368.00
2014-12-10,8.80,9.24,8.80,9.17,4474181,41137932.00
2014-12-11,9.17,9.31,9.08,9.21,4284396,39830456.00
2014-12-12,9.23,9.31,9.16,9.26,3788221,35329856.00
2014-12-15,9.21,9.42,9.13,9.36,4777973,45021364.00
2014-12-16,9.40,9.73,9.34,9.69,11435514,110946424.00
2014-12-17,9.65,9.69,9.33,9.40,5480022,52685352.00
2014-12-18,9.38,9.55,9.30,9.30,3155629,30029250.00
2014-12-19,9.26,9.28,8.88,9.03,5267957,48177240.00
2014-12-22,8.93,9.03,8.36,8.45,4750023,41111380.00
2014-12-23,8.44,8.61,8.26,8.29,2905022,24869322.00
2014-12-24,8.44,8.57,8.30,8.56,2349186,20135114.00
2014-12-25,8.53,8.66,8.49,8.62,2336565,20265804.00
2014-12-26,8.61,8.61,8.41,8.48,3643592,31303696.00
2014-12-29,8.48,8.48,8.11,8.21,4045284,33609080.00
2014-12-30,8.16,8.21,7.90,7.99,4344724,35343060.00
2014-12-31,8.00,8.24,7.97,8.21,4788315,39412932.00
2015-01-05,8.17,8.22,7.98,8.20,4017358,32890534.00
2015-01-06,8.19,8.57,8.09,8.52,5736305,48339596.00
2015-01-07,8.49,8.49,8.35,8.41,3467219,29485270.00
2015-01-08,8.41,8.61,8.33,8.50,4900650,41981420.00
2015-01-09,8.50,8.56,8.28,8.29,4303154,36811452.00
2015-01-12,8.17,8.25,8.02,8.06,2907999,23858080.00
2015-01-13,8.06,8.22,8.01,8.22,2101587,17340516.00
2015-01-14,8.22,8.25,8.10,8.23,2079281,17189096.00
2015-01-15,8.24,8.40,8.16,8.38,4573406,38365176.00
2015-01-16,8.39,8.44,8.26,8.44,4956431,41972520.00
2015-01-19,8.30,8.55,8.16,8.21,5680966,48039000.00
2015-01-20,8.20,8.57,8.20,8.55,5544708,47395472.00
2015-01-21,8.53,9.10,8.51,8.85,10397271,92718000.00
2015-01-22,8.80,9.01,8.77,8.98,4700966,42249384.00
2015-01-23,8.94,9.06,8.72,8.80,4816158,43016684.00
2015-01-26,8.84,9.01,8.71,8.99,4388787,39533480.00
2015-01-27,9.04,9.04,8.81,8.97,3283767,29669356.00
2015-01-28,8.94,9.06,8.85,8.94,2899502,26254032.00
2015-01-29,8.90,8.94,8.80,8.84,1987728,17818796.00
2015-01-30,8.87,8.90,8.66,8.67,2805960,24865340.00
2015-02-02,8.53,8.84,8.52,8.82,2921085,25834632.00
2015-02-03,8.82,8.90,8.79,8.86,3613542,32277030.00
2015-02-04,8.88,9.19,8.82,9.00,7245411,66353744.00
2015-02-05,9.01,9.30,8.92,9.12,7134334,66081408.00
2015-02-06,9.08,9.17,8.75,8.78,3547259,32052648.00
2015-02-09,8.73,9.05,8.67,8.82,2945956,26488516.00
2015-02-10,8.78,8.90,8.60,8.85,2926381,25889200.00
2015-02-11,8.80,9.04,8.78,8.97,3028922,27406128.00
2015-02-12,8.99,9.23,8.99,9.12,3901386,36037512.00
2015-02-13,9.12,9.25,9.05,9.17,5747258,53210828.00
2015-02-16,9.25,9.41,9.16,9.32,6018805,56572036.00
2015-02-17,9.40,9.42,9.20,9.29,5573804,52229696.00
2015-02-25,9.29,9.31,9.08,9.18,5230690,48438236.00
2015-02-26,9.15,9.29,9.12,9.27,3904659,36363740.00
2015-02-27,9.27,10.21,9.23,10.21,27152711,273988160.00
2015-03-02,10.20,11.20,10.11,10.89,30107641,316915712.00
2015-03-03,10.61,10.80,10.56,10.57,18841956,202478848.00
2015-03-04,10.60,10.77,10.37,10.61,12102322,129340856.00
2015-03-05,10.58,10.90,10.48,10.71,12505434,135008240.00
2015-03-06,10.67,10.67,10.15,10.25,10775764,112639000.00
2015-03-09,10.16,10.44,9.98,10.39,6741779,70075392.00
2015-03-10,10.31,11.18,10.31,10.97,14969512,163620640.00
2015-03-11,10.82,11.12,10.74,10.80,8067617,88243664.00
2015-03-12,10.82,10.92,10.36,10.53,7140521,76286240.00
2015-03-13,10.47,10.70,10.43,10.53,7459657,79317832.00
2015-03-16,10.59,11.00,10.59,10.90,10063255,110254784.00
2015-03-17,10.95,11.87,10.82,11.36,18782564,215661808.00
2015-03-18,11.16,11.77,11.16,11.65,12495877,145140928.00
2015-03-19,11.65,11.75,11.30,11.71,10311483,119694304.00
2015-03-20,11.60,12.18,11.48,11.78,11631831,138549296.00
2015-03-23,11.78,12.40,11.73,12.25,13791711,168445296.00
2015-03-24,12.35,12.57,11.32,11.95,15062557,180993760.00
2015-03-25,11.88,12.13,11.56,11.85,15826526,188469744.00
2015-03-26,11.78,12.03,11.51,11.59,13709611,161930080.00
2015-03-27,11.61,12.76,11.61,12.76,18343941,224561360.00
2015-03-30,12.78,12.78,12.15,12.42,20612450,258018720.00
2015-03-31,12.36,13.51,12.23,13.01,18362409,238012032.00
2015-04-01,13.00,13.59,12.83,13.28,13720090,183943168.00
2015-04-02,13.29,13.50,12.91,13.33,12926105,172445872.00
2015-04-03,13.13,14.17,13.07,13.86,15352450,211840080.00
2015-04-07,13.88,14.29,13.76,13.94,12509270,176389600.00
2015-04-08,13.94,13.95,13.08,13.39,14479564,197375008.00
2015-04-09,13.29,13.55,12.70,13.41,11245555,149310304.00
2015-04-10,13.20,14.11,13.10,13.73,11444899,157974672.00
2015-04-13,13.77,14.18,13.47,13.92,12682199,177210416.00
2015-04-14,13.96,14.59,13.71,14.35,13040606,186244656.00
2015-04-15,14.20,14.20,13.37,13.40,10340255,142539728.00
2015-04-16,13.14,13.60,12.70,13.19,8166080,109199728.00
2015-04-17,13.35,13.50,12.90,12.93,14590731,192171280.00
2015-04-20,12.93,12.93,12.28,12.30,12443494,158012640.00
2015-04-21,12.32,12.90,12.32,12.89,8860200,113491184.00
2015-04-22,12.93,13.52,12.93,13.40,11322800,152217120.00
2015-04-23,13.50,14.00,13.50,13.65,14154453,195783328.00
2015-04-24,13.47,13.61,13.15,13.50,9528794,128657056.00
2015-04-27,13.75,14.86,13.75,14.86,12319389,180613456.00
2015-04-28,15.40,15.67,14.10,14.39,22099738,330772320.00
2015-04-29,14.29,15.84,14.29,15.84,9912879,153947088.00
2015-04-30,16.90,17.43,15.90,15.90,28796011,483545024.00
2015-05-04,15.49,17.00,15.42,16.20,18274069,300519520.00
2015-05-05,16.57,17.80,16.22,17.26,26541184,454556320.00
2015-07-14,15.53,15.53,15.53,15.53,2686600,41722896.00
2015-07-15,13.98,13.98,13.98,13.98,254800,3562104.00
2015-07-16,12.58,13.97,12.58,12.58,50551422,647289408.00
2015-07-17,12.00,13.18,11.88,12.88,37209055,469738368.00
2015-07-20,12.60,13.35,12.36,12.96,27151052,349861440.00
2015-07-21,12.65,13.35,12.52,13.10,22904399,299203360.00
2015-07-22,13.05,13.20,12.60,12.99,20205962,261347840.00
2015-07-23,12.89,13.56,12.78,13.39,24167212,319366496.00
2015-07-24,13.37,14.50,13.13,13.87,31575201,431227136.00
2015-07-27,13.80,15.05,12.80,12.92,42075463,599430592.00
2015-07-28,12.08,12.98,11.63,11.63,24781005,298431840.00
2015-07-29,11.94,12.30,10.62,12.26,20964956,240989680.00
2015-07-30,12.01,12.27,11.18,11.23,16976646,201695456.00
2015-07-31,11.00,11.15,10.26,10.50,14121230,152850816.00
2015-08-03,10.16,10.49,9.54,9.76,13443190,133707504.00
2015-08-04,9.88,10.69,9.76,10.67,15298053,156405696.00
2015-08-05,10.51,11.05,10.40,10.61,14572459,156971472.00
2015-08-06,10.37,10.94,10.15,10.75,9911505,105375080.00
2015-08-07,10.85,11.30,10.85,11.28,13685860,151986752.00
2015-08-10,11.41,12.06,11.33,11.89,15796658,184123424.00
2015-08-11,11.80,12.09,11.70,11.80,15672907,186400016.00
2015-08-12,11.74,11.97,11.53,11.61,11469358,135030880.00
2015-08-13,11.63,11.98,11.40,11.97,12948422,152888976.00
2015-08-14,12.13,12.34,11.98,12.08,13841844,168404768.00
2015-08-17,12.09,12.78,12.00,12.60,14036284,174102880.00
2015-08-18,12.55,12.97,11.34,11.34,20948719,255397952.00
2015-08-19,10.90,11.79,10.48,11.64,17254810,192526880.00
2015-08-20,11.54,12.18,11.39,11.55,15018724,176595328.00
2015-08-21,11.21,11.53,10.63,10.70,11168857,123836544.00
2015-08-24,10.12,10.39,9.63,9.63,10013857,97974232.00
2015-08-25,8.69,9.15,8.67,8.67,10750949,94978312.00
2015-08-26,8.71,9.24,8.07,8.28,15543132,134621952.00
2015-08-27,8.56,8.80,8.15,8.75,10073996,86319344.00
2015-08-28,8.90,9.38,8.81,9.38,12053068,109260608.00
2015-08-31,9.20,9.30,8.81,8.82,9156194,82367648.00
2015-09-01,8.66,8.76,7.94,8.00,10248783,84578304.00
2015-09-02,7.66,8.28,7.52,7.70,8205925,64950520.00
2015-09-07,7.95,8.28,7.83,7.96,7951405,64125872.00
2015-09-08,7.90,8.57,7.82,8.55,9164015,75254920.00
2015-09-09,8.64,9.03,8.52,8.85,12621405,111281680.00
2015-09-10,8.74,8.98,8.60,8.78,7940569,69778576.00
2015-09-11,8.76,8.99,8.51,8.85,10583335,92862664.00
2015-09-14,8.86,8.93,7.97,7.97,12944533,108664080.00
2015-09-15,7.72,7.93,7.35,7.47,8890489,67930248.00
2015-09-16,7.53,8.22,7.50,8.22,9212971,72489624.00
2015-09-17,8.12,8.51,7.93,8.02,11702931,96658680.00
2015-09-22,8.67,8.67,8.67,8.67,0,0.00
数据来源:通达信
