300183 东软载波 日线 前复权
      日期	    开盘	    最高	    最低	    收盘	    成交量	    成交额
2011-02-22,9.36,9.57,8.94,9.18,13083296,581454144.00
2011-02-23,9.74,10.08,9.58,9.79,10147889,476404480.00
2011-02-24,9.66,9.91,9.57,9.79,5525480,258366400.00
2011-02-25,9.57,9.57,9.10,9.29,4436149,199059504.00
2011-02-28,9.15,9.43,9.13,9.31,2389166,106821632.00
2011-03-01,9.34,9.36,9.13,9.17,2219221,98708600.00
2011-03-02,9.01,9.27,8.98,9.24,2220828,97267328.00
2011-03-03,9.19,9.23,9.03,9.03,1663342,73046320.00
2011-03-04,9.02,9.30,9.01,9.26,1746484,77562832.00
2011-03-07,9.29,9.32,9.10,9.21,1483631,65862116.00
2011-03-08,9.25,9.41,9.20,9.30,1318999,58959968.00
2011-03-09,9.31,9.39,9.17,9.26,1217132,54272152.00
2011-03-10,9.26,9.30,9.12,9.15,1232538,54676688.00
2011-03-11,9.12,9.28,9.08,9.17,1341603,59442168.00
2011-03-14,9.13,9.26,9.10,9.25,1125917,49850092.00
2011-03-15,9.24,9.24,8.80,8.95,1930268,83835288.00
2011-03-16,8.96,9.09,8.95,9.02,1014732,44165096.00
2011-03-17,8.96,8.96,8.81,8.90,1524133,65348712.00
2011-03-18,8.97,9.03,8.94,9.01,926379,40202160.00
2011-03-21,9.10,9.48,9.09,9.35,2677201,120403576.00
2011-03-22,9.36,9.48,9.28,9.37,1492197,67260056.00
2011-03-23,9.35,9.50,9.33,9.43,1158484,52513224.00
2011-03-24,9.45,9.63,9.34,9.58,1579692,71890440.00
2011-03-25,9.53,9.71,9.42,9.47,1349354,61971728.00
2011-03-28,9.44,9.64,9.35,9.45,1332835,61151352.00
2011-03-29,9.40,9.60,9.26,9.35,1312890,59586936.00
2011-03-30,9.30,9.35,8.90,9.07,1376642,60093516.00
2011-03-31,8.91,9.16,8.91,9.10,594801,26073592.00
2011-04-01,9.10,9.39,9.07,9.35,723291,32323104.00
2011-04-06,9.33,9.74,9.33,9.48,1339900,61555808.00
2011-04-07,9.46,9.64,9.40,9.43,759018,34718668.00
2011-04-08,9.76,10.12,9.76,9.97,2515121,119950976.00
2011-04-11,9.92,10.46,9.90,10.23,2171651,106279808.00
2011-04-12,10.13,10.38,10.00,10.00,1163436,56523600.00
2011-04-13,9.96,10.78,9.96,10.62,2110682,105296392.00
2011-04-14,10.57,10.71,10.38,10.48,1068027,53504344.00
2011-04-15,10.48,10.57,9.96,10.36,1337449,65588204.00
2011-04-18,10.49,10.90,10.28,10.48,1113815,56438132.00
2011-04-19,10.28,10.62,10.19,10.21,960837,47471796.00
2011-04-20,10.19,10.58,10.17,10.51,1239508,61124668.00
2011-04-22,10.64,10.68,10.26,10.50,771607,38589588.00
2011-04-25,10.53,10.53,9.99,10.04,1064102,51727668.00
2011-04-26,9.96,10.21,9.96,10.03,978569,47194472.00
2011-04-27,10.08,10.16,9.72,9.79,890750,42317308.00
2011-04-28,9.84,9.92,9.66,9.71,765306,35829320.00
2011-04-29,9.77,10.05,9.75,9.95,701159,33261258.00
2011-05-03,9.95,9.95,9.71,9.88,613900,28946590.00
2011-05-04,9.85,9.86,9.49,9.58,922822,42522404.00
2011-05-05,9.51,9.72,9.51,9.62,435376,20160236.00
2011-05-06,9.62,10.03,9.58,9.91,692250,32735332.00
2011-05-09,9.98,10.12,9.80,9.87,796044,37839112.00
2011-05-10,9.88,10.00,9.80,10.00,447813,21204282.00
2011-05-11,10.01,10.06,9.85,9.93,469219,22364046.00
2011-05-12,9.93,9.93,9.51,9.51,779500,36169284.00
2011-05-13,9.53,9.58,9.21,9.42,858199,38748060.00
2011-05-16,9.35,9.55,9.30,9.34,445623,20178554.00
2011-05-17,9.30,9.49,9.30,9.40,415708,18832234.00
2011-05-18,9.46,9.50,9.34,9.45,353261,15986058.00
2011-05-19,9.46,9.47,9.15,9.17,490058,21976312.00
2011-05-20,9.16,9.31,9.16,9.30,511774,22766840.00
2011-05-23,9.28,9.30,8.85,8.87,1919584,83494976.00
2011-05-24,8.80,9.25,8.65,9.17,1972807,85334536.00
2011-05-25,9.10,9.10,8.69,8.70,1123129,48167420.00
2011-05-26,8.78,8.86,8.37,8.37,1083777,44980228.00
2011-05-27,8.50,8.54,8.24,8.35,1289765,52494528.00
2011-05-30,8.28,8.50,8.27,8.31,718563,29284912.00
2011-05-31,8.35,8.53,8.26,8.51,730353,29737870.00
2011-06-01,8.50,8.69,8.44,8.67,862014,35945700.00
2011-06-02,8.54,8.64,8.49,8.63,788875,32797734.00
2011-06-03,8.60,8.99,8.60,8.92,1066038,45924644.00
2011-06-07,8.85,8.94,8.84,8.92,303906,13063602.00
2011-06-08,9.01,9.08,8.81,8.92,1257140,54267352.00
2011-06-09,8.87,8.99,8.82,8.90,541462,23282548.00
2011-06-10,8.85,9.10,8.78,9.08,652269,28270632.00
2011-06-13,9.03,9.12,8.90,9.00,361874,15760528.00
2011-06-14,9.01,9.08,8.97,9.06,393785,17165388.00
2011-06-15,9.01,9.08,8.78,8.85,847848,36440580.00
2011-06-16,8.68,8.79,8.68,8.69,379929,16070162.00
2011-06-17,8.67,8.75,8.48,8.52,366379,15321369.00
2011-06-20,8.45,8.60,8.40,8.54,272386,11220689.00
2011-06-21,8.63,8.69,8.50,8.67,344256,14363351.00
2011-06-22,8.67,8.71,8.53,8.56,347145,14446276.00
2011-06-23,8.51,8.96,8.45,8.94,552287,23552542.00
2011-06-24,8.86,9.13,8.80,9.08,703350,30710998.00
2011-06-27,9.08,9.23,9.03,9.09,502890,22141110.00
2011-06-28,9.04,9.12,8.98,9.04,588624,25664416.00
2011-06-29,9.03,9.23,8.98,8.98,581987,25520850.00
2011-06-30,8.96,9.14,8.96,8.99,534504,23361180.00
2011-07-01,9.03,9.34,9.00,9.27,1001355,44480048.00
2011-07-04,9.34,9.63,9.20,9.58,982442,44644788.00
2011-07-05,9.85,10.28,9.85,9.88,1755938,83901640.00
2011-07-06,9.76,10.49,9.71,10.23,1461887,71180368.00
2011-07-07,10.22,10.48,10.10,10.20,1590669,78467992.00
2011-07-08,10.21,10.31,10.00,10.14,854826,41301952.00
2011-07-11,10.08,10.59,10.05,10.35,887296,43891480.00
2011-07-12,10.26,10.26,10.02,10.10,852580,41340748.00
2011-07-13,10.09,10.48,10.09,10.42,903487,44724680.00
2011-07-14,10.41,10.78,10.37,10.69,948794,47937424.00
2011-07-15,10.71,11.09,10.56,10.66,1214685,62440144.00
2011-07-18,10.61,10.94,10.61,10.70,983629,50357276.00
2011-07-19,10.59,10.59,10.07,10.11,1674776,82271040.00
2011-07-20,10.21,10.46,10.16,10.42,947831,46536164.00
2011-07-21,10.40,10.87,10.22,10.53,1340330,67863136.00
2011-07-22,10.58,11.03,10.58,10.91,1380543,71406088.00
2011-07-25,10.90,10.99,10.26,10.32,1298506,65245116.00
2011-07-26,10.33,10.49,10.23,10.26,666251,32818622.00
2011-07-27,10.26,10.82,10.15,10.76,934285,47218960.00
2011-07-28,10.70,11.17,10.63,11.11,1397387,72802792.00
2011-07-29,11.01,11.10,10.71,10.83,988657,51210332.00
2011-08-01,10.83,11.39,10.73,11.24,1087594,57795292.00
2011-08-02,11.17,11.34,10.83,11.20,1229190,64338820.00
2011-08-03,11.03,11.26,10.92,10.96,1158841,60842636.00
2011-08-04,11.05,11.05,10.68,10.76,960464,49291476.00
2011-08-05,10.37,10.73,10.26,10.57,1039835,52153364.00
2011-08-08,10.42,10.57,9.65,10.11,1259518,61170840.00
2011-08-09,9.87,10.37,9.71,10.25,1090014,52522108.00
2011-08-10,10.42,10.66,10.26,10.29,1187811,59397360.00
2011-08-11,10.11,10.67,10.10,10.57,1042898,51840888.00
2011-08-12,10.65,10.82,10.57,10.74,740389,37761296.00
2011-08-15,10.74,11.02,10.60,10.73,1316872,67835616.00
2011-08-16,10.78,10.99,10.60,10.91,994227,51168432.00
2011-08-17,10.89,11.03,10.77,10.96,510704,26482620.00
2011-08-18,10.90,11.24,10.83,10.90,955302,50030644.00
2011-08-19,10.66,10.98,10.61,10.94,661948,34065708.00
2011-08-22,10.95,11.08,10.49,10.52,1256587,64326724.00
2011-08-23,10.52,10.83,10.40,10.83,906674,45897500.00
2011-08-24,10.72,11.46,10.67,11.30,3195198,169139952.00
2011-08-25,11.23,11.29,10.77,10.96,1915001,99873792.00
2011-08-26,10.91,11.39,10.88,11.11,1332791,69929904.00
2011-08-29,11.12,11.51,11.06,11.37,1663354,89449552.00
2011-08-30,11.39,11.44,10.99,11.01,985234,52408892.00
2011-08-31,11.01,11.07,10.60,10.70,853216,43798352.00
2011-09-01,10.70,10.86,10.53,10.64,461367,23526618.00
2011-09-02,10.58,10.76,10.41,10.50,497338,25029090.00
2011-09-05,10.36,10.41,10.28,10.28,431526,21297306.00
2011-09-06,10.23,10.32,10.10,10.17,516852,25204206.00
2011-09-07,10.18,10.41,10.18,10.41,507786,25067448.00
2011-09-08,10.48,10.52,10.04,10.07,538412,26602394.00
2011-09-09,10.03,10.18,9.81,9.85,541769,25853754.00
2011-09-13,9.78,9.97,9.66,9.69,792088,37116628.00
2011-09-14,9.79,9.89,9.58,9.87,552584,25808720.00
2011-09-15,9.88,10.06,9.81,9.86,492148,23421806.00
2011-09-16,10.01,10.01,9.73,9.78,350457,16573210.00
2011-09-19,9.76,9.76,9.46,9.46,373411,17125170.00
2011-09-20,9.46,9.66,9.45,9.53,257495,11813951.00
2011-09-21,9.53,9.93,9.51,9.93,538445,25255920.00
2011-09-22,9.85,9.90,9.51,9.51,530540,24724392.00
2011-09-23,9.35,9.54,9.35,9.46,358448,16283094.00
2011-09-26,9.46,9.53,9.21,9.25,397237,17857722.00
2011-09-27,9.35,9.55,9.30,9.45,315343,14259454.00
2011-09-28,9.53,9.62,9.31,9.44,405478,18471352.00
2011-09-29,9.70,9.87,9.60,9.60,1626900,75930264.00
2011-09-30,9.58,9.89,9.45,9.86,1182259,54725396.00
2011-10-10,9.98,10.27,9.94,10.03,1206212,58443412.00
2011-10-11,10.26,10.33,9.77,9.89,1040552,49955940.00
2011-10-12,9.80,10.38,9.76,10.33,1071088,52146048.00
2011-10-13,10.30,10.64,10.24,10.44,1089739,54429920.00
2011-10-14,10.49,10.60,10.24,10.41,759606,37528096.00
2011-10-17,10.48,10.83,10.48,10.74,1192223,60706820.00
2011-10-18,10.65,10.73,10.15,10.22,1411829,69986216.00
2011-10-19,10.28,10.39,10.10,10.30,740959,36354148.00
2011-10-20,10.25,10.28,10.05,10.19,642007,31161356.00
2011-10-21,10.12,10.26,9.99,10.04,564868,27252138.00
2011-10-24,10.06,10.48,9.78,10.45,989002,47875068.00
2011-10-25,10.42,10.75,10.37,10.69,1085830,54754696.00
2011-10-26,10.62,10.71,10.51,10.59,854649,43291892.00
2011-10-27,10.58,10.90,10.47,10.51,929535,47230736.00
2011-10-28,10.67,10.78,10.46,10.65,874503,44168068.00
2011-10-31,10.67,10.92,10.60,10.86,1324604,68068440.00
2011-11-01,10.77,10.82,10.42,10.55,1247916,63151672.00
2011-11-02,10.37,11.06,10.34,11.05,1620798,82997344.00
2011-11-03,11.17,11.28,10.85,10.88,1578805,83020008.00
2011-11-04,10.94,11.24,10.87,10.89,1396524,73243304.00
2011-11-07,10.79,10.97,10.79,10.86,512630,26491056.00
2011-11-08,10.86,11.09,10.69,10.71,672174,34796528.00
2011-11-09,10.78,11.19,10.74,11.18,1635383,85218400.00
2011-11-10,11.06,11.16,10.94,10.96,1567088,82135264.00
2011-11-11,11.00,11.04,10.74,10.83,845285,43740664.00
2011-11-14,10.93,11.50,10.93,11.40,1845050,98842232.00
2011-11-15,11.37,11.66,11.35,11.53,1536567,83912520.00
2011-11-16,11.47,11.61,11.18,11.27,1340876,72165368.00
2011-11-17,11.34,12.48,11.32,12.23,3902373,223387184.00
2011-11-18,12.03,12.20,11.91,12.05,2130872,121084752.00
2011-11-21,11.96,12.53,11.93,12.28,2355958,135821040.00
2011-11-22,12.06,12.23,11.74,12.11,1427677,81102096.00
2011-11-23,12.08,12.52,12.08,12.15,1554671,90254520.00
2011-11-24,11.96,12.99,11.89,12.73,2288813,135137696.00
2011-11-25,12.62,12.87,12.50,12.78,1523531,90798664.00
2011-11-28,12.87,13.18,12.61,12.65,1556457,94019312.00
2011-11-29,12.72,12.85,12.51,12.76,1357521,81107344.00
2011-11-30,12.71,12.99,11.91,12.30,2246773,131779112.00
2011-12-01,12.78,13.50,12.24,12.27,3830792,230536160.00
2011-12-02,12.01,12.08,11.51,11.59,2948332,164112464.00
2011-12-05,11.51,11.70,11.23,11.40,1544905,84220272.00
2011-12-06,12.08,12.63,11.96,12.63,4959986,290440320.00
2011-12-07,12.46,13.10,12.38,12.89,3232332,193420320.00
2011-12-08,12.76,13.54,12.65,13.27,2838879,176129776.00
2011-12-09,13.19,13.54,13.08,13.46,1994888,124660824.00
2011-12-12,13.37,13.53,13.12,13.19,1497875,93565528.00
2011-12-13,13.08,13.32,12.90,13.20,1561018,96053904.00
2011-12-14,13.15,13.26,12.07,12.10,2879322,169556032.00
2011-12-15,11.96,12.49,11.81,12.08,1920000,110501952.00
2011-12-16,12.27,13.33,12.11,13.29,2491774,148243424.00
2011-12-19,13.21,13.74,13.00,13.70,2935279,185287072.00
2011-12-20,13.56,13.69,13.37,13.40,1570853,99428296.00
2011-12-21,13.49,14.14,13.44,13.64,2597962,167268688.00
2011-12-22,13.50,14.17,12.90,14.00,2898503,183770288.00
2011-12-23,13.80,14.00,13.48,13.82,1424922,92015912.00
2011-12-26,13.78,14.30,13.46,13.46,1697884,110727176.00
2011-12-27,13.24,13.78,12.91,13.05,1968077,122995904.00
2011-12-28,13.05,13.78,12.79,13.78,2136035,132139856.00
2011-12-29,13.63,14.68,13.63,14.40,2990601,198496848.00
2011-12-30,14.42,14.85,14.24,14.64,2281875,154425264.00
2012-01-04,14.12,14.46,13.35,13.40,3124593,203833520.00
2012-01-05,13.28,13.71,13.12,13.50,2847327,179138496.00
2012-01-06,13.33,13.41,12.24,13.16,3229295,193572512.00
2012-01-09,12.80,13.72,12.43,13.63,3280834,201760528.00
2012-01-10,13.44,13.98,13.33,13.67,3244909,207935264.00
2012-01-11,13.58,14.30,13.58,13.75,2784039,182027216.00
2012-01-12,13.62,13.71,12.95,13.19,3056702,190607872.00
2012-01-13,13.03,13.13,11.78,11.78,4045176,233673712.00
2012-01-16,11.42,11.72,11.14,11.21,2148452,116470640.00
2012-01-17,11.32,11.82,11.11,11.69,2248952,122901592.00
2012-01-18,11.71,11.71,10.43,10.43,3207660,165240176.00
2012-01-19,10.26,10.81,10.03,10.55,1744153,87178672.00
2012-01-20,10.54,10.88,10.44,10.53,1328288,67672968.00
2012-01-30,10.60,11.50,10.60,11.08,2193389,116023992.00
2012-01-31,10.99,11.27,10.84,11.15,1157868,60870868.00
2012-02-01,11.14,11.51,11.05,11.12,1410623,75726472.00
2012-02-02,11.19,11.28,10.96,11.25,1140766,60233500.00
2012-02-03,11.28,11.50,11.17,11.40,1299837,70030232.00
2012-02-06,11.40,11.83,11.35,11.62,1609064,88261120.00
2012-02-07,11.58,11.58,11.27,11.32,1188405,64123068.00
2012-02-08,11.27,11.55,11.21,11.53,1447440,78433744.00
2012-02-09,11.78,12.25,11.77,11.87,2414384,136725824.00
2012-02-10,11.75,11.97,11.60,11.73,1583271,88134424.00
2012-02-13,11.74,12.16,11.69,12.16,1800371,102316968.00
2012-02-14,12.14,12.14,11.85,12.00,1217338,68908896.00
2012-02-15,12.08,12.21,12.00,12.10,1345600,76888792.00
2012-02-16,12.08,12.16,11.93,12.01,1170865,66493508.00
2012-02-17,12.03,12.11,11.65,11.75,1288329,72037808.00
2012-02-20,11.89,12.23,11.82,11.97,1880297,106920120.00
2012-02-21,11.90,12.10,11.77,12.08,1054212,59543468.00
2012-02-22,12.08,12.71,12.08,12.62,2657767,156442864.00
2012-02-23,12.62,12.87,12.39,12.53,1628941,96453168.00
2012-02-24,12.51,12.73,12.36,12.68,1546736,91321400.00
2012-02-27,12.76,13.31,12.63,12.96,2248879,137004720.00
2012-02-28,12.96,13.55,12.83,13.36,2218487,137948288.00
2012-02-29,13.26,13.33,12.91,12.97,1740569,107049192.00
2012-03-01,12.87,13.07,12.67,12.76,1046951,63296264.00
2012-03-02,12.83,13.30,12.82,13.18,1217623,74972888.00
2012-03-05,13.21,13.28,12.95,13.05,1126360,69052488.00
2012-03-06,12.96,13.60,12.92,13.38,1982901,123592928.00
2012-03-07,13.20,13.55,13.05,13.06,1266118,78918888.00
2012-03-08,13.12,13.32,13.01,13.12,950850,58606760.00
2012-03-09,13.24,13.66,13.17,13.65,1399171,88377440.00
2012-03-12,13.65,13.88,13.51,13.55,1126476,71959784.00
2012-03-13,13.56,13.89,13.56,13.80,1250755,80636152.00
2012-03-14,13.95,13.95,12.53,12.93,2291853,142917872.00
2012-03-15,12.87,13.16,12.61,12.79,1590494,95993152.00
2012-03-16,12.96,13.15,12.73,13.14,1144679,69701552.00
2012-03-19,13.17,14.55,13.12,14.48,3087502,203574400.00
2012-03-20,14.46,14.76,14.20,14.31,2145609,144280880.00
2012-03-21,14.53,14.73,13.80,14.41,2434442,162699056.00
2012-03-22,14.35,15.33,14.21,15.05,2668991,184348432.00
2012-03-23,14.94,15.23,14.47,14.51,1952083,134497952.00
2012-03-26,14.35,14.86,14.13,14.71,1225397,83427848.00
2012-03-27,14.78,15.33,14.35,14.71,2244737,155749584.00
2012-03-28,14.55,14.76,14.24,14.29,1842761,124250536.00
2012-03-29,13.43,13.43,12.78,12.78,2622801,159529056.00
2012-03-30,12.21,12.71,12.21,12.47,1703509,99663264.00
2012-04-05,12.49,12.94,12.49,12.88,1273280,76533680.00
2012-04-06,12.85,12.85,12.60,12.78,1377122,82448248.00
2012-04-09,12.76,12.76,12.21,12.21,1422655,83143008.00
2012-04-10,12.12,12.46,11.71,12.44,1719972,97440576.00
2012-04-11,12.19,12.48,12.05,12.29,929822,53807124.00
2012-04-12,12.30,12.70,12.11,12.67,1603744,94076056.00
2012-04-13,12.67,12.77,12.48,12.48,1688192,100178272.00
2012-04-16,12.38,12.40,12.24,12.28,891395,51717920.00
2012-04-17,12.29,12.67,12.26,12.48,1039925,61133676.00
2012-04-18,12.52,12.79,12.42,12.73,1242165,73781472.00
2012-04-19,12.69,13.09,12.61,12.80,1268893,76711248.00
2012-04-23,12.80,13.17,12.08,12.08,1680800,98847704.00
2012-04-24,12.07,12.34,11.60,11.87,1416848,79693048.00
2012-04-25,11.85,12.03,11.62,11.94,817785,45824696.00
2012-04-26,11.88,12.07,11.82,11.85,613909,34606504.00
2012-04-27,11.87,12.42,11.85,12.28,953797,54878436.00
2012-05-02,12.51,12.64,12.19,12.58,976583,57256628.00
2012-05-03,12.58,12.95,12.51,12.80,826027,49709640.00
2012-05-04,12.98,14.16,12.98,14.16,4099200,265425696.00
2012-05-07,14.35,15.64,14.35,15.02,4205253,292095776.00
2012-05-08,15.16,15.49,14.73,15.30,2696295,189981648.00
2012-05-09,15.14,16.43,14.81,16.37,3901318,285316832.00
2012-05-10,16.18,16.74,15.94,16.50,3409532,257758112.00
2012-05-11,16.19,16.19,14.79,14.79,7119888,225939840.00
2012-05-14,14.19,14.74,13.65,13.99,8197351,241566064.00
2012-05-15,13.75,14.20,13.69,13.86,4119207,120122088.00
2012-05-16,13.91,14.06,13.29,13.38,5514431,156860928.00
2012-05-17,13.37,13.50,12.95,13.28,5050253,139992672.00
2012-05-18,13.15,13.66,13.07,13.35,5361894,150725792.00
2012-05-21,13.30,13.38,12.96,13.21,2741456,75673144.00
2012-05-22,13.33,13.65,13.28,13.40,3201672,90457024.00
2012-05-23,13.35,13.35,12.66,12.72,5080324,138271584.00
2012-05-24,12.77,13.08,12.51,12.80,3597793,96499624.00
2012-05-25,12.86,12.87,12.52,12.61,2552774,67783016.00
2012-05-28,12.50,12.64,12.06,12.55,3544970,91846656.00
2012-05-29,12.53,12.81,12.36,12.71,4567095,121037992.00
2012-05-30,12.69,12.89,12.48,12.65,3929864,104757712.00
2012-05-31,12.52,13.01,12.45,13.00,4560428,122437192.00
2012-06-01,12.95,13.84,12.94,13.55,7109433,201359936.00
2012-06-04,13.30,13.48,12.60,12.69,4667398,128337752.00
2012-06-05,12.75,12.83,12.37,12.54,2526620,66545972.00
2012-06-06,12.67,12.82,12.54,12.60,1799805,47818180.00
2012-06-07,12.78,13.00,12.43,12.53,1889687,50379200.00
2012-06-08,12.70,12.79,12.37,12.55,1670163,44170956.00
2012-06-11,12.57,13.24,12.48,13.13,2715062,73908520.00
2012-06-12,12.95,13.10,12.78,12.90,2215349,60167432.00
2012-06-13,12.97,13.34,12.91,13.26,2736604,75731032.00
2012-06-14,13.20,13.47,12.94,12.94,2900333,80303032.00
2012-06-15,13.02,13.07,12.56,12.73,2545352,68430080.00
2012-06-18,12.89,13.20,12.85,13.02,2283289,62621192.00
2012-06-19,13.00,13.35,12.91,13.21,2657003,73171632.00
2012-06-20,13.22,13.73,13.11,13.50,3810373,107879968.00
2012-06-21,13.45,13.83,13.21,13.79,4934265,140434256.00
2012-06-25,13.75,13.75,13.00,13.00,3370337,94549088.00
2012-06-26,12.78,12.98,12.43,12.74,2336082,62229836.00
2012-06-27,12.68,13.01,12.68,12.70,1819923,49072508.00
2012-06-28,12.78,12.85,12.30,12.33,2531751,66631832.00
2012-06-29,12.18,12.55,12.08,12.48,1727794,44817460.00
2012-07-02,12.63,12.95,12.63,12.83,1958686,52850080.00
2012-07-03,12.85,13.18,12.83,12.92,2436546,66493824.00
2012-07-04,12.90,13.18,12.88,13.10,2300425,63119408.00
2012-07-05,13.09,13.09,12.76,12.92,1956798,52934624.00
2012-07-06,13.21,13.55,13.05,13.42,3819509,106700576.00
2012-07-09,13.29,13.32,13.00,13.00,2395374,66150860.00
2012-07-10,12.87,13.02,12.53,12.58,2009165,53629988.00
2012-07-11,12.53,12.83,12.53,12.75,1010007,26987178.00
2012-07-12,12.80,13.30,12.63,13.17,2220984,60623140.00
2012-07-13,13.15,13.38,13.03,13.16,2153385,59686744.00
2012-07-16,13.13,13.16,12.43,12.43,2399482,63971896.00
2012-07-17,12.42,12.82,12.42,12.68,1305166,34620696.00
2012-07-18,12.61,12.67,12.40,12.66,1270889,33523512.00
2012-07-19,12.66,13.00,12.57,12.78,1563371,42168784.00
2012-07-20,12.72,13.00,12.70,12.92,1216662,32937830.00
2012-07-23,12.80,13.09,12.61,12.93,1168107,31544720.00
2012-07-24,12.67,12.80,12.52,12.62,1831472,48661696.00
2012-07-25,12.54,12.70,12.42,12.44,1254464,33102908.00
2012-07-26,12.36,12.50,12.20,12.20,1601398,41623788.00
2012-07-27,12.28,12.35,12.15,12.17,1044407,26860554.00
2012-07-30,12.16,12.27,11.65,11.69,1295439,32587436.00
2012-07-31,11.67,11.84,11.01,11.03,1627365,38743408.00
2012-08-01,10.90,11.30,10.89,11.07,1550416,36464096.00
2012-08-02,10.98,11.19,10.63,10.69,1364336,31512498.00
2012-08-03,10.79,11.05,10.60,11.05,1456691,33552032.00
2012-08-06,10.97,11.50,10.95,11.45,1664728,39758752.00
2012-08-07,11.53,12.03,11.45,11.72,2125316,52646664.00
2012-08-08,11.74,11.83,11.36,11.46,1365399,33230236.00
2012-08-09,11.48,11.74,11.47,11.65,1603761,39376832.00
2012-08-10,11.70,11.79,11.53,11.62,1178921,28988744.00
2012-08-13,11.59,11.59,11.12,11.13,1673242,39962140.00
2012-08-14,11.09,11.24,10.70,11.20,1976931,45654396.00
2012-08-15,11.06,11.17,10.81,10.83,1110869,25807446.00
2012-08-16,10.75,10.91,10.75,10.78,830688,19050822.00
2012-08-17,10.78,10.89,10.71,10.82,708618,16203713.00
2012-08-20,10.70,10.80,10.51,10.69,1101509,24775970.00
2012-08-21,10.69,11.08,10.68,11.01,1753090,40754576.00
2012-08-22,11.02,11.24,10.87,11.09,1992218,46770712.00
2012-08-23,11.01,11.65,11.01,11.60,2837762,68322240.00
2012-08-24,11.52,11.68,11.26,11.32,2235706,54283152.00
2012-08-27,11.21,11.21,10.81,10.91,1451022,33627612.00
2012-08-28,10.86,11.10,10.77,10.98,869443,20124780.00
2012-08-29,10.95,11.07,10.76,10.95,1206698,27871436.00
2012-08-30,10.92,11.44,10.86,11.09,2750297,65025148.00
2012-08-31,11.05,11.05,10.74,10.82,1313616,30200378.00
2012-09-03,10.74,11.04,10.72,11.03,1258434,29095108.00
2012-09-04,11.03,11.30,10.95,11.21,2306044,54506700.00
2012-09-05,11.10,11.52,11.05,11.43,2096681,50406720.00
2012-09-06,11.43,11.57,11.21,11.43,1932659,46495308.00
2012-09-07,11.50,11.89,11.43,11.69,2957583,72975736.00
2012-09-10,11.64,11.84,11.61,11.69,1740746,43024024.00
2012-09-11,11.63,11.63,11.41,11.51,1676898,40692660.00
2012-09-12,11.60,11.67,11.36,11.52,1224124,29705566.00
2012-09-13,11.50,11.64,11.35,11.35,1191705,28937740.00
2012-09-14,11.49,11.50,11.06,11.18,1259924,29950416.00
2012-09-17,11.20,11.20,10.74,10.74,1280176,29633390.00
2012-09-18,10.70,10.88,10.68,10.80,653536,14958858.00
2012-09-19,10.85,10.95,10.74,10.86,897687,20622130.00
2012-09-20,10.86,10.95,10.19,10.19,1612640,35967452.00
2012-09-21,10.11,10.23,9.55,9.71,1672265,35504120.00
2012-09-24,9.65,9.83,9.46,9.73,651202,13472139.00
2012-09-25,9.82,10.30,9.82,9.93,1323779,28342770.00
2012-09-26,9.77,9.87,9.50,9.53,800640,16488437.00
2012-09-27,9.48,9.89,9.48,9.75,989514,20577424.00
2012-09-28,9.70,10.03,9.66,10.03,910358,19222242.00
2012-10-08,10.10,10.10,9.95,9.99,559385,11902547.00
2012-10-09,10.06,10.33,10.03,10.28,1049154,22860712.00
2012-10-10,10.30,10.34,10.15,10.32,954309,20820904.00
2012-10-11,10.25,10.29,10.00,10.00,899996,19424096.00
2012-10-12,10.01,10.24,9.84,9.97,771875,16471140.00
2012-10-15,9.89,10.08,9.66,9.76,683443,14328525.00
2012-10-16,9.86,9.94,9.74,9.80,518253,10889769.00
2012-10-17,9.93,9.97,9.76,9.83,631959,13273847.00
2012-10-18,9.83,10.19,9.83,10.15,1130542,24262450.00
2012-10-19,10.19,10.21,10.07,10.14,614654,13257157.00
2012-10-22,10.09,10.51,10.09,10.38,1804691,39874840.00
2012-10-23,10.46,10.46,10.15,10.16,1333626,29058340.00
2012-10-24,10.08,10.20,10.00,10.07,590063,12661382.00
2012-10-25,10.03,10.21,9.90,9.92,674704,14451779.00
2012-10-26,9.99,9.99,9.62,9.63,913511,18927450.00
2012-10-29,9.62,9.73,9.33,9.38,1103155,22422406.00
2012-10-30,9.41,9.50,9.28,9.31,1201383,24072318.00
2012-10-31,9.34,9.40,9.25,9.40,823141,16423728.00
2012-11-01,9.40,9.57,9.35,9.54,1084324,21998466.00
2012-11-02,9.57,9.65,9.35,9.48,657048,13333342.00
2012-11-05,9.50,9.50,9.28,9.35,752805,15059889.00
2012-11-06,9.38,9.38,9.20,9.33,716171,14190556.00
2012-11-07,9.38,9.49,9.22,9.48,725778,14545278.00
2012-11-08,9.38,9.41,9.19,9.19,917316,18292042.00
2012-11-09,9.12,9.23,8.91,8.95,911276,17615388.00
2012-11-12,8.95,9.08,8.93,8.96,658851,12709801.00
2012-11-13,9.03,9.03,8.64,8.67,960417,18127348.00
2012-11-14,8.67,8.70,8.56,8.65,570466,10588057.00
2012-11-15,8.60,8.70,8.53,8.54,603257,11165674.00
2012-11-16,8.45,8.53,8.43,8.48,471680,8609211.00
2012-11-19,8.53,8.54,8.44,8.54,611166,11171823.00
2012-11-20,8.60,8.82,8.60,8.69,1068338,20008784.00
2012-11-21,8.70,8.89,8.62,8.87,979843,18490910.00
2012-11-22,8.85,8.88,8.75,8.81,639551,12101739.00
2012-11-23,8.71,8.93,8.71,8.89,624756,11913336.00
2013-01-09,9.84,9.84,9.84,9.84,81406,1707897.88
2013-01-10,10.89,10.89,10.89,10.89,746457,17228228.00
2013-01-11,12.04,12.04,11.38,11.79,13308062,328898368.00
2013-01-14,11.55,12.49,11.46,12.12,9457050,242709504.00
2013-01-15,11.95,12.48,11.73,12.09,6546348,165812512.00
2013-01-16,11.99,12.00,11.55,11.77,4145407,103150024.00
2013-01-17,11.68,11.72,11.47,11.50,2451031,59943232.00
2013-01-18,11.56,11.77,11.52,11.62,1791782,44023092.00
2013-01-21,11.70,11.99,11.55,11.80,2217306,55173424.00
2013-01-22,11.83,11.98,11.28,11.40,2743140,67425216.00
2013-01-23,11.30,11.35,10.88,11.10,2775032,64982784.00
2013-01-24,11.13,11.40,10.44,10.80,2771578,64575484.00
2013-01-25,10.78,10.97,10.65,10.81,1240688,28488386.00
2013-01-28,10.90,11.29,10.89,11.20,1737044,40973576.00
2013-01-29,11.25,11.42,11.19,11.22,1633831,39034052.00
2013-01-30,11.28,11.42,11.04,11.32,1709173,40485220.00
2013-01-31,11.58,11.94,11.45,11.81,4387401,108675320.00
2013-02-01,11.83,12.00,11.60,11.69,2060092,51134964.00
2013-02-04,11.70,11.72,11.13,11.19,2059093,49308144.00
2013-02-05,11.15,11.44,11.04,11.39,1120451,26688826.00
2013-02-06,11.36,11.74,11.35,11.53,1172826,28680944.00
2013-02-07,11.49,11.58,11.31,11.46,1189935,28696700.00
2013-02-08,11.43,11.74,11.42,11.51,1240670,30428380.00
2013-02-18,11.67,11.97,11.67,11.88,2654189,66563560.00
2013-02-19,11.89,12.25,11.84,11.85,2790659,70839872.00
2013-02-20,11.78,12.10,11.71,12.05,2301810,57818256.00
2013-02-21,11.99,12.00,11.63,11.68,1997005,49681772.00
2013-02-22,11.70,11.77,11.54,11.56,1175978,28857498.00
2013-02-25,11.66,11.74,11.53,11.65,1021902,25099526.00
2013-02-26,11.60,11.90,11.56,11.66,1790888,44447716.00
2013-02-27,11.73,11.88,11.57,11.81,1437112,35586824.00
2013-02-28,11.98,12.45,11.98,12.10,3880565,99890280.00
2013-03-01,12.20,12.99,12.16,12.86,6365446,169490448.00
2013-03-04,12.75,12.78,12.21,12.36,3889075,102274848.00
2013-03-05,12.36,12.78,12.22,12.72,2482187,65434936.00
2013-03-06,12.68,13.28,12.56,13.16,4024558,110238320.00
2013-03-07,13.16,13.23,12.35,12.47,3388694,91005352.00
2013-03-08,12.58,12.64,12.10,12.11,2107363,54741004.00
2013-03-11,12.18,12.35,12.01,12.19,1052530,26986080.00
2013-03-12,12.22,12.30,11.41,11.57,2170785,53810528.00
2013-03-13,11.51,11.54,11.13,11.33,1837623,43837636.00
2013-03-14,11.34,11.55,11.25,11.43,1212826,29323108.00
2013-03-15,11.49,11.75,11.25,11.45,1400440,34082348.00
2013-03-18,11.41,11.50,11.22,11.35,1117837,26824542.00
2013-03-19,11.35,11.50,10.96,11.47,1275399,30313072.00
2013-03-20,11.47,11.79,11.37,11.75,1513481,37214580.00
2013-03-21,11.77,11.98,11.66,11.85,1835072,45719920.00
2013-03-22,11.75,11.89,11.63,11.70,1345674,33318686.00
2013-03-25,11.76,11.78,11.53,11.60,1014931,24916082.00
2013-03-26,11.60,11.60,11.25,11.32,1362589,32699510.00
2013-03-27,11.29,11.64,11.29,11.50,901756,21872902.00
2013-03-28,11.39,11.39,11.05,11.06,1118977,26461162.00
2013-03-29,11.05,11.17,10.88,10.90,1031812,24008400.00
2013-04-01,10.86,11.10,10.86,11.01,827427,19210308.00
2013-04-02,11.05,11.30,10.86,10.92,1139018,26795886.00
2013-04-03,10.96,11.06,10.46,10.54,1305365,29576728.00
2013-04-08,10.35,10.65,10.17,10.59,975518,21522580.00
2013-04-09,10.60,11.13,10.53,11.05,1214802,27958556.00
2013-04-10,11.00,11.05,10.75,10.87,835252,19260458.00
2013-04-11,11.04,11.04,10.71,10.76,478962,11047745.00
2013-04-12,10.76,10.89,10.65,10.78,392087,8939523.00
2013-04-15,10.68,10.78,10.41,10.48,668342,14917207.00
2013-04-16,10.44,10.65,10.20,10.64,438786,9805325.00
2013-04-17,10.64,10.86,10.64,10.83,593373,13569802.00
2013-04-18,10.80,10.99,10.74,10.82,895066,20552388.00
2013-04-19,10.70,11.05,10.61,10.97,2109522,48547684.00
2013-04-22,10.94,11.14,10.80,11.14,1591358,36926172.00
2013-04-23,11.04,11.15,10.73,10.79,1483470,34186104.00
2013-04-24,10.79,11.09,10.69,11.02,1394249,32314694.00
2013-04-25,10.97,11.09,10.70,10.70,1474057,34018296.00
2013-04-26,10.65,10.75,10.28,10.28,1297530,28772768.00
2013-05-02,10.30,10.45,10.26,10.45,699797,15416267.00
2013-05-03,10.53,10.68,10.46,10.61,921757,20760656.00
2013-05-06,10.61,10.99,10.60,10.99,1592181,36834592.00
2013-05-07,10.99,11.24,10.93,11.03,1527565,35835872.00
2013-05-08,11.05,11.28,11.02,11.24,1907973,45036400.00
2013-05-09,11.30,11.58,11.15,11.55,2594113,62268848.00
2013-05-10,11.56,11.74,11.45,11.67,2704195,66370516.00
2013-05-13,11.68,11.78,11.48,11.76,1945565,47816584.00
2013-05-14,11.75,11.75,11.25,11.29,1924872,46470604.00
2013-05-15,11.26,12.48,11.26,12.37,4667267,117788888.00
2013-05-16,12.40,12.76,12.00,12.10,5568220,144766016.00
2013-05-17,12.10,12.53,11.90,12.26,3291975,85127096.00
2013-05-20,12.47,12.85,12.43,12.63,3045959,81026208.00
2013-05-21,12.62,12.99,12.51,12.79,2853121,76981216.00
2013-05-22,12.74,12.75,12.21,12.23,3335183,87116136.00
2013-05-23,12.23,12.67,12.18,12.34,2216795,57922948.00
2013-05-24,12.36,12.74,12.36,12.69,2258714,59699776.00
2013-05-27,12.68,13.05,12.62,12.75,2545594,68276536.00
2013-05-28,12.75,12.84,12.11,12.28,2906770,75921600.00
2013-05-29,12.28,12.35,11.93,12.19,2665294,68234400.00
2013-05-30,12.25,12.94,12.20,12.76,3280196,84908464.00
2013-05-31,13.01,14.07,12.88,14.07,10055232,286977312.00
2013-06-03,14.00,14.15,13.50,13.82,5024130,143145168.00
2013-06-04,13.57,13.74,12.47,12.64,5834327,156724320.00
2013-06-05,12.68,12.98,12.60,12.70,2854559,75239872.00
2013-06-06,12.70,13.30,12.63,12.93,3238255,87077840.00
2013-06-07,12.96,13.05,12.34,12.48,3206376,83322704.00
2013-06-13,12.15,12.45,11.71,12.30,2176820,54506980.00
2013-06-14,12.40,12.90,12.30,12.75,2872386,75254720.00
2013-06-17,12.65,13.18,12.51,12.93,3084998,81797544.00
2013-06-18,12.90,12.97,12.39,12.64,2249396,58576668.00
2013-06-19,12.49,12.69,12.20,12.55,1783482,45706944.00
2013-06-20,12.50,13.32,12.40,12.69,5189412,138857120.00
2013-06-21,12.10,13.75,12.00,13.50,4920968,133110160.00
2013-06-24,13.45,13.78,12.89,13.28,4961574,136006896.00
2013-06-25,12.90,13.53,11.95,13.46,5184234,137837408.00
2013-06-26,13.29,14.40,13.25,14.29,6886405,199350640.00
2013-06-27,14.30,14.59,13.74,13.83,5577693,161734064.00
2013-06-28,13.63,14.44,13.36,13.69,4475964,128993672.00
2013-07-01,13.50,14.60,13.41,14.60,4878328,142736096.00
2013-07-02,14.58,14.85,14.41,14.85,5926773,177983840.00
2013-07-03,14.75,14.95,14.34,14.63,4558688,137208624.00
2013-07-04,14.63,14.65,14.10,14.14,4479560,131695552.00
2013-07-05,14.04,14.48,13.47,13.50,3844938,110713936.00
2013-07-08,13.21,13.21,12.61,12.68,3662958,97449232.00
2013-07-09,12.67,12.94,12.62,12.90,1937726,51077292.00
2013-07-10,12.85,13.20,12.83,13.18,2312244,62179996.00
2013-07-11,13.18,13.42,12.92,13.20,2505243,68001936.00
2013-07-12,13.19,13.75,13.11,13.37,3406222,94896856.00
2013-07-15,13.31,13.84,13.20,13.78,3439405,95670232.00
2013-07-16,14.03,14.52,14.01,14.19,4408376,128890416.00
2013-07-17,13.93,14.19,13.74,13.84,2878061,82672616.00
2013-07-18,13.83,14.29,13.75,14.14,3063548,88618288.00
2013-07-19,14.12,14.68,13.76,13.76,4482084,132196952.00
2013-07-22,13.55,14.14,13.37,14.14,3064646,86098944.00
2013-07-23,14.29,14.65,14.03,14.47,3859545,113938216.00
2013-07-24,14.50,15.00,14.21,14.90,4462210,134470608.00
2013-07-25,15.10,15.10,13.65,13.66,4528393,132255520.00
2013-07-26,13.61,13.93,13.10,13.55,2710733,75590896.00
2013-07-29,13.46,13.74,13.21,13.22,1698974,46982400.00
2013-07-30,13.15,13.39,12.62,12.92,2363743,63069760.00
2013-07-31,13.05,13.21,12.88,13.04,1323060,35670104.00
2013-08-01,12.97,13.68,12.90,13.61,2337216,64889084.00
2013-08-02,13.73,14.02,13.63,13.70,2353352,66993720.00
2013-08-05,13.68,14.09,13.61,13.91,1555617,44416784.00
2013-08-06,13.84,14.07,13.73,13.99,1986327,56854440.00
2013-08-07,13.95,14.00,13.23,13.24,2589302,71823376.00
2013-08-08,13.18,13.42,13.00,13.34,1710096,46697068.00
2013-08-09,13.24,13.48,13.00,13.21,1572614,42839400.00
2013-08-12,13.17,13.34,12.95,13.14,1521051,41146188.00
2013-08-13,13.25,13.35,13.03,13.33,1206492,32960758.00
2013-08-14,13.33,13.39,13.04,13.29,1685913,45939528.00
2013-08-15,13.52,14.60,13.52,13.95,5823719,169241920.00
2013-08-16,13.80,14.13,13.35,13.36,2912691,81915968.00
2013-08-19,13.20,14.00,13.12,13.93,2202973,61909812.00
2013-08-20,13.94,14.33,13.81,14.31,3335930,96978592.00
2013-08-21,14.21,14.82,14.05,14.49,4413521,131844576.00
2013-08-22,14.50,14.70,14.19,14.23,2414241,71354496.00
2013-08-23,14.36,15.22,14.36,14.80,6363948,194440784.00
2013-08-26,15.56,16.32,15.28,16.32,9313483,304151104.00
2013-08-27,16.25,16.90,15.99,16.60,8204938,276719488.00
2013-08-28,16.32,18.14,16.19,17.01,8015998,283018656.00
2013-08-29,17.18,17.85,16.75,17.09,4195398,147834784.00
2013-08-30,17.11,17.34,15.85,16.19,4744327,159419472.00
2013-09-02,16.12,17.85,16.04,17.65,6753146,239674912.00
2013-09-03,17.50,17.83,17.19,17.44,4338369,155257792.00
2013-09-04,17.41,18.24,16.98,17.05,4445805,160236576.00
2013-09-05,16.85,17.47,16.78,17.47,2618402,92143208.00
2013-09-06,17.40,17.42,16.79,17.05,2140648,74415592.00
2013-09-09,17.19,17.55,16.39,16.60,3202407,110072000.00
2013-09-10,16.55,16.61,15.98,16.30,2956211,98223608.00
2013-09-11,16.19,16.40,15.68,15.80,2724801,88731480.00
2013-09-12,15.81,16.24,15.60,16.07,1968250,64474768.00
2013-09-13,16.06,16.28,15.71,16.10,2689725,88317376.00
2013-09-16,16.10,16.62,15.95,16.20,2380302,79673496.00
2013-09-17,16.20,16.71,16.20,16.40,2091176,70667848.00
2013-09-18,16.55,16.76,16.36,16.65,2167649,73655368.00
2013-09-23,16.73,17.35,16.73,17.16,2121980,74464752.00
2013-09-24,17.30,18.21,17.10,17.80,4161397,151955952.00
2013-09-25,17.86,18.10,17.36,17.80,2683512,97150744.00
2013-09-26,17.76,17.78,17.03,17.03,1868745,66206124.00
2013-09-27,17.00,17.20,16.54,16.67,2058925,70628200.00
2013-09-30,16.66,17.44,16.60,17.38,1685841,58769712.00
2013-10-08,17.60,17.80,17.10,17.50,2772527,99237152.00
2013-10-09,17.30,18.04,17.05,17.75,2412814,86735608.00
2013-10-10,17.65,17.98,17.12,17.14,2563109,92281616.00
2013-10-11,17.28,17.50,16.75,16.88,2141695,74407336.00
2013-10-14,17.09,18.61,16.79,18.50,5420576,200037600.00
2013-10-15,18.40,18.68,17.92,18.40,2783630,104239848.00
2013-10-16,18.17,18.39,17.11,17.32,2515221,89800032.00
2013-10-17,17.32,18.00,17.11,17.42,1942011,69840608.00
2013-10-18,17.34,18.60,17.30,18.45,3481554,129617408.00
2013-10-21,18.54,19.39,18.45,18.98,3787616,147699280.00
2013-10-22,18.96,19.30,17.86,18.05,3097263,116840856.00
2013-10-23,18.10,18.28,16.70,16.92,3988621,141053120.00
2013-10-24,16.98,17.17,16.61,16.70,1574042,54102920.00
2013-10-25,16.83,17.34,16.28,16.59,1774666,61352604.00
2013-10-28,16.63,17.20,16.63,17.10,1328163,46315668.00
2013-10-29,17.30,17.48,15.86,17.00,2424575,82726344.00
2013-10-30,17.10,18.74,17.10,18.62,6125502,228612928.00
2013-10-31,18.60,18.60,17.56,17.86,2919163,106953128.00
2013-11-01,17.85,18.24,17.14,17.34,2156790,77928576.00
2013-11-04,17.25,17.68,16.81,17.64,1299335,45754060.00
2013-11-05,17.40,17.79,17.14,17.65,1106930,39662816.00
2013-11-06,17.60,17.65,17.12,17.12,1280144,45499532.00
2013-11-07,16.85,17.07,16.54,16.69,1269433,43569100.00
2013-11-08,16.69,16.88,16.44,16.70,809342,27609246.00
2013-11-11,16.50,16.50,15.90,16.10,1722684,57013484.00
2013-11-12,16.10,16.38,15.95,16.21,1146150,38033240.00
2013-11-13,16.19,16.31,15.80,15.80,1076438,35390936.00
2013-11-14,15.99,16.27,15.22,16.20,2104424,68094656.00
2013-11-15,16.04,16.89,15.95,16.45,2623160,89191000.00
2013-11-18,16.56,16.93,16.51,16.92,1918593,65942084.00
2013-11-19,16.93,17.48,16.93,17.05,1849867,64896576.00
2013-11-20,16.82,17.22,16.78,17.11,1430030,49623664.00
2013-11-21,17.09,17.09,16.18,16.72,1975895,67227304.00
2013-11-22,16.59,16.80,16.17,16.20,1375461,46141228.00
2013-11-25,16.05,16.05,15.65,15.69,3019226,97960168.00
2013-11-26,15.58,16.39,15.58,16.33,2134983,70533520.00
2013-11-27,16.30,17.09,15.98,17.04,3037331,102745768.00
2013-11-28,17.05,17.05,16.76,16.80,1734129,59897732.00
2013-11-29,16.66,18.52,16.66,18.19,8008384,297164480.00
2013-12-02,17.10,17.10,16.33,16.33,5555492,188606848.00
2013-12-03,15.78,16.20,15.10,15.92,3492945,111888592.00
2013-12-04,15.78,16.29,15.60,15.74,2160631,70873520.00
2013-12-05,15.60,15.64,15.15,15.22,1772923,55974592.00
2013-12-06,15.28,15.47,15.21,15.42,1226633,38614588.00
2013-12-09,15.46,15.90,15.46,15.86,1298947,41945196.00
2013-12-10,15.95,16.39,15.75,15.96,1779928,58753792.00
2013-12-11,15.96,16.10,15.62,15.81,918589,29713504.00
2013-12-12,15.81,16.25,15.70,16.03,1164162,38338656.00
2013-12-13,15.90,16.22,15.75,16.13,1488810,48875152.00
2013-12-16,16.25,16.27,15.32,15.42,1811686,58127504.00
2013-12-17,15.42,15.53,14.25,14.45,3552249,107163296.00
2013-12-18,14.60,14.71,14.25,14.38,1739407,51839620.00
2013-12-19,14.49,14.74,14.11,14.25,1503258,44608068.00
2013-12-20,14.30,14.43,14.15,14.28,906110,26574534.00
2013-12-23,14.25,14.34,13.69,14.10,1359709,39068332.00
2013-12-24,14.10,14.83,13.91,14.55,1477444,44150912.00
2013-12-25,14.58,15.09,14.56,15.03,1973132,60422528.00
2013-12-26,15.03,15.20,14.57,14.59,1612346,49038580.00
2013-12-27,14.55,15.09,14.47,15.01,1396751,42720928.00
2013-12-30,15.01,15.42,14.90,15.02,1843526,57278628.00
2013-12-31,15.02,15.39,14.85,14.95,1845917,57209196.00
2014-01-02,14.85,16.04,14.71,15.89,3690887,118078456.00
2014-01-03,15.89,16.64,15.72,16.43,4528395,150140032.00
2014-01-06,16.19,16.35,15.45,15.46,2887828,93693936.00
2014-01-07,15.41,15.85,15.29,15.76,1781867,57144332.00
2014-01-08,15.85,16.55,15.85,16.23,3611221,120752288.00
2014-01-09,16.38,17.18,16.38,16.45,4801864,165532528.00
2014-01-10,16.59,17.09,16.05,16.23,3212469,109036816.00
2014-01-13,16.10,16.45,15.80,16.05,2331957,76762816.00
2014-01-14,16.20,17.60,16.20,17.36,5531330,193459136.00
2014-01-15,17.63,18.60,17.18,18.25,6688832,247183552.00
2014-01-16,18.20,18.54,17.85,18.00,3518250,130423520.00
2014-01-17,18.07,19.34,18.01,18.30,6146650,234875408.00
2014-01-20,18.13,18.94,17.81,18.80,4652352,175433824.00
2014-01-21,18.43,19.09,18.35,18.98,3218189,123160872.00
2014-01-22,18.99,20.27,18.79,19.84,6328896,254250336.00
2014-01-23,19.64,20.54,19.35,19.43,6424399,260879920.00
2014-01-24,19.10,20.35,19.10,20.31,6945092,279667520.00
2014-01-27,20.10,22.22,20.00,21.57,5379921,234040304.00
2014-01-28,21.35,22.54,20.95,21.83,4499312,200878928.00
2014-01-29,21.73,24.05,21.73,24.05,4110445,194719920.00
2014-01-30,23.90,24.57,23.09,23.50,3265420,157290416.00
2014-02-07,23.25,23.85,23.10,23.55,2884806,137663024.00
2014-02-10,23.70,23.83,21.85,22.84,6431752,294299392.00
2014-02-11,22.54,22.54,21.13,21.42,7207571,319756736.00
2014-02-12,21.51,21.99,21.25,21.97,4106569,181644256.00
2014-02-13,21.90,22.24,20.35,20.80,3933433,170864032.00
2014-02-14,20.80,21.72,20.53,21.67,3820699,166038000.00
2014-02-17,21.65,23.12,21.50,23.04,5034492,230979856.00
2014-02-18,23.30,24.04,22.60,23.26,4057589,191579200.00
2014-02-19,23.13,23.59,22.20,22.54,3877307,179159536.00
2014-02-20,22.11,22.45,21.38,21.88,2843824,126575272.00
2014-02-21,21.68,22.20,21.46,21.78,1438144,63799784.00
2014-02-24,21.55,22.80,21.48,22.45,2646921,119873608.00
2014-02-25,22.15,22.44,20.16,20.16,4898061,210741296.00
2014-02-26,19.86,20.05,19.04,19.69,2657223,105988448.00
2014-02-27,19.74,20.50,19.14,19.30,2830826,115120824.00
2014-02-28,19.30,20.02,19.04,19.93,1793452,71866256.00
2014-03-03,19.92,20.43,19.64,20.35,1720289,70617864.00
2014-03-04,20.10,20.33,19.40,19.68,1443745,58281660.00
2014-03-05,19.85,20.05,19.47,19.60,1042620,41973336.00
2014-03-06,19.55,21.22,19.05,20.67,2764004,113342520.00
2014-03-07,20.35,21.00,19.60,19.75,2937004,121151808.00
2014-03-10,19.37,19.58,18.04,18.10,2678876,102534784.00
2014-03-11,17.95,18.39,17.95,18.20,2017354,74847736.00
2014-03-12,18.24,18.70,17.86,18.40,1530424,57258052.00
2014-03-13,18.55,18.87,18.24,18.64,1118036,42441108.00
2014-03-14,18.59,20.35,18.59,19.48,3285718,131499488.00
2014-03-17,19.55,20.85,19.25,20.54,2678679,109980320.00
2014-03-18,20.69,21.04,20.40,20.74,2194977,92834096.00
2014-03-19,20.68,20.68,19.84,20.19,2151076,88584152.00
2014-03-20,19.94,20.45,19.30,19.30,1552001,62782300.00
2014-03-21,19.00,19.97,18.50,19.84,1989243,77895048.00
2014-03-24,19.75,19.85,18.75,18.98,1646117,64566924.00
2014-03-25,18.80,19.50,18.55,19.06,845867,33012144.00
2014-03-26,19.03,19.94,19.03,19.58,1226737,49046904.00
2014-03-27,19.10,19.56,18.60,18.78,1238997,47877872.00
2014-03-28,18.60,18.74,17.51,17.52,2467801,90939264.00
2014-03-31,17.60,17.83,17.40,17.54,937553,33833336.00
2014-04-01,17.41,18.47,17.41,18.46,1290219,47968452.00
2014-04-02,18.47,18.59,18.08,18.25,1198471,44690276.00
2014-04-03,18.09,19.05,17.93,18.84,2934753,110843504.00
2014-04-04,18.40,18.89,18.30,18.88,1487566,56896824.00
2014-04-08,18.68,19.28,18.38,19.25,1451098,56072360.00
2014-04-09,19.28,19.45,19.00,19.25,1134095,44520760.00
2014-04-10,18.77,19.26,18.63,18.84,3470682,134050280.00
2014-04-11,18.65,18.65,17.68,18.48,2840436,104860168.00
2014-04-14,18.01,18.76,17.99,18.40,1707964,64430908.00
2014-04-15,18.40,18.68,18.31,18.43,762314,28826590.00
2014-04-16,18.44,18.49,18.20,18.26,593639,22202542.00
2014-04-17,18.29,18.47,18.23,18.35,400281,14976522.00
2014-04-18,18.43,19.02,18.30,18.85,1473656,56555636.00
2014-04-21,18.74,18.98,18.41,18.55,1006277,38537212.00
2014-04-22,18.51,18.67,17.25,17.52,2103589,76070864.00
2014-04-23,17.50,17.52,16.96,17.21,1203907,42383300.00
2014-04-24,17.15,17.33,16.83,17.05,835631,29229454.00
2014-04-25,16.54,17.09,16.25,16.43,1792683,61563088.00
2014-04-28,16.11,16.41,15.43,16.05,1900805,61822252.00
2014-04-29,15.98,16.40,15.98,16.24,582192,19374378.00
2014-04-30,16.35,16.84,16.23,16.46,1005763,34223236.00
2014-05-05,16.51,16.89,16.46,16.75,915574,31359820.00
2014-05-06,16.89,17.00,16.45,16.54,1244988,42677880.00
2014-05-07,16.45,16.69,16.39,16.43,1106779,37527452.00
2014-05-08,16.43,16.53,15.91,16.42,1073314,35641812.00
2014-05-09,16.42,16.50,15.65,16.35,1521432,50135884.00
2014-05-12,16.30,16.84,16.12,16.74,739696,25066414.00
2014-05-13,16.70,16.93,16.39,16.55,654201,22360168.00
2014-05-14,16.56,16.85,16.40,16.83,621863,21189110.00
2014-05-15,16.83,16.91,16.46,16.52,566079,19272510.00
2014-05-16,16.37,16.46,15.45,16.10,2401694,77315616.00
2014-05-19,15.79,16.17,15.65,16.10,464898,15219095.00
2014-05-20,16.30,16.59,16.09,16.20,922678,30980132.00
2014-05-21,16.07,16.64,15.81,16.64,1883050,63145308.00
2014-05-22,16.65,17.18,16.65,16.73,1556099,54127276.00
2014-05-23,16.72,17.39,16.72,17.39,1282076,44866908.00
2014-05-26,17.39,17.70,17.32,17.52,1451681,51938956.00
2014-05-27,17.84,18.10,17.52,17.55,1343412,48124228.00
2014-05-28,17.70,18.60,17.20,18.55,3631340,133490840.00
2014-05-29,18.48,18.59,17.99,18.27,2538694,93742888.00
2014-05-30,18.23,18.51,18.08,18.29,2435841,89714768.00
2014-06-03,18.97,19.25,18.49,18.67,3145432,119510840.00
2014-06-04,18.75,18.75,18.10,18.20,1635188,60157328.00
2014-06-05,18.32,18.60,18.16,18.51,1525123,56374008.00
2014-06-06,18.55,18.59,17.80,18.00,1493236,54792460.00
2014-06-09,18.03,18.03,17.55,17.72,1445964,51616892.00
2014-06-10,17.74,17.93,17.49,17.89,1551019,55545140.00
2014-06-11,17.85,17.89,17.62,17.87,2011888,71939704.00
2014-06-12,17.87,17.90,17.37,17.60,1029108,36549724.00
2014-06-13,17.48,17.98,17.25,17.88,1913658,68372584.00
2014-06-16,17.90,18.14,17.72,17.80,2488171,90037144.00
2014-06-17,17.62,17.64,16.91,16.95,4637960,160320960.00
2014-06-18,16.93,17.05,16.74,16.74,1209525,41086644.00
2014-06-19,16.75,17.03,16.13,16.68,1594879,53526936.00
2014-06-20,16.52,17.03,16.37,16.95,839331,28328294.00
2014-06-23,17.08,17.45,17.00,17.22,2233752,77886184.00
2014-06-24,17.34,17.36,17.14,17.29,1051132,36622792.00
2014-06-25,17.32,17.32,16.65,16.82,1671917,56793892.00
2014-06-26,16.89,17.46,16.83,17.39,1630502,56824176.00
2014-06-27,17.40,17.72,17.28,17.67,2153512,76460920.00
2014-06-30,17.63,17.95,17.29,17.85,1873894,66648976.00
2014-07-01,17.78,17.85,17.56,17.74,1287105,45928956.00
2014-07-02,17.70,18.05,17.70,18.01,3714016,134385312.00
2014-07-03,18.06,19.82,18.05,19.60,10775801,418932704.00
2014-07-04,19.35,19.83,19.14,19.65,5485415,214895232.00
2014-07-07,19.63,20.19,19.30,19.65,4464106,177182704.00
2014-07-08,19.59,20.17,19.31,19.95,4546625,182026080.00
2014-07-09,20.15,20.18,19.33,19.35,2959082,117678216.00
2014-07-10,19.45,19.53,18.94,18.98,2184681,84286440.00
2014-07-11,18.86,19.26,18.49,18.91,2585617,97929144.00
2014-07-14,19.10,19.33,18.65,19.28,2243572,85977672.00
2014-07-15,19.14,19.46,18.79,18.96,1670700,64015892.00
2014-07-16,18.85,19.05,17.88,17.88,2812321,103497336.00
2014-07-17,17.85,18.11,17.70,17.94,1320439,47633824.00
2014-07-18,18.06,18.20,17.58,17.74,1511311,54417296.00
2014-07-21,17.60,17.94,16.96,17.91,1431824,50725180.00
2014-07-22,18.35,19.50,18.11,19.24,3357919,128179320.00
2014-07-23,19.20,19.33,18.63,18.83,2178827,82832528.00
2014-07-24,18.83,20.10,18.68,19.74,3618501,141656352.00
2014-07-25,19.85,20.69,19.76,19.85,3816616,155721712.00
2014-07-28,20.13,20.34,19.65,20.07,1994195,79986808.00
2014-07-29,20.50,21.20,20.07,21.09,3659472,153013200.00
2014-07-30,20.95,22.46,20.92,21.94,3666452,160972992.00
2014-07-31,21.85,22.20,21.58,21.84,1726463,75915704.00
2014-08-01,21.97,22.05,21.25,21.43,1943782,84642336.00
2014-08-04,21.40,21.72,20.71,21.11,2686503,113483240.00
2014-08-05,21.45,21.60,20.35,21.34,3052120,128878432.00
2014-08-06,21.18,21.98,20.60,21.70,1993152,85833832.00
2014-08-07,21.64,21.84,20.81,20.90,1904457,81635480.00
2014-08-08,21.30,21.34,20.62,21.04,2018384,85025928.00
2014-08-11,21.25,21.78,20.86,21.70,2260115,97085328.00
2014-08-12,22.15,22.15,20.60,21.00,4452197,189068912.00
2014-08-13,20.79,21.00,20.37,20.98,1845355,76699480.00
2014-08-14,21.03,21.10,20.67,20.68,869287,36545916.00
2014-08-15,20.68,21.18,20.50,20.64,2191431,91874776.00
2014-08-18,20.70,21.30,20.70,21.25,1297443,54858032.00
2014-08-19,21.25,21.41,21.01,21.40,1495615,63879724.00
2014-08-20,21.40,21.47,20.65,20.67,1601895,67846128.00
2014-08-21,20.76,21.04,20.30,20.83,2671478,111009776.00
2014-08-22,20.75,21.16,20.55,21.09,1854148,78076672.00
2014-08-25,21.10,21.14,20.76,21.04,1144389,48304288.00
2014-08-26,20.89,20.95,20.48,20.57,1624103,67521536.00
2014-08-27,20.72,21.54,20.56,21.29,2200099,93816272.00
2014-08-28,21.21,21.78,21.21,21.65,2222452,96700336.00
2014-08-29,21.77,22.75,21.64,22.57,2428785,108460984.00
2014-09-01,22.84,23.00,22.34,22.83,1882451,85861712.00
2014-09-02,22.80,23.03,22.61,22.98,1926292,88710568.00
2014-09-03,22.95,23.18,22.25,22.65,2291955,104514760.00
2014-09-04,22.51,22.91,22.20,22.70,1413039,64298360.00
2014-09-05,22.71,23.05,22.37,22.71,1506598,68708320.00
2014-09-09,22.80,23.12,22.70,22.80,1341578,61699612.00
2014-09-10,22.80,23.89,22.71,23.57,2192680,103641664.00
2014-09-11,23.41,23.90,23.37,23.60,1830040,86809320.00
2014-09-12,23.66,24.60,23.66,24.46,1365766,66382776.00
2014-09-15,24.48,26.52,24.46,25.75,2709540,138909760.00
2014-09-16,25.69,25.70,23.36,23.78,7430190,364643968.00
2014-09-17,23.65,24.43,23.55,24.23,2380499,114738456.00
2014-09-18,24.09,24.55,23.96,24.19,1135547,55327748.00
2014-09-19,24.19,24.55,24.00,24.35,1246225,60969012.00
2014-09-22,24.32,24.32,23.15,23.78,1490376,71265792.00
2014-09-23,23.83,24.29,23.36,24.20,1178983,56851624.00
2014-09-24,23.89,25.35,23.86,24.95,1782670,88563640.00
2014-09-25,24.95,26.18,24.78,25.78,2111331,109497200.00
2014-09-26,25.78,26.79,25.60,26.20,2043758,108331992.00
2015-01-05,23.56,23.56,23.56,23.56,2026300,96087144.00
2015-01-06,21.35,23.65,21.24,23.37,11692822,517874912.00
2015-01-07,22.58,22.95,22.10,22.15,5771357,260473584.00
2015-01-08,21.86,22.69,21.86,22.22,2962045,133370688.00
2015-01-09,22.42,24.00,22.42,23.31,4840256,228009232.00
2015-01-12,23.25,25.60,23.19,25.03,3499504,173002512.00
2015-01-13,24.95,26.15,24.16,25.09,3664584,184026832.00
2015-01-14,24.85,25.44,24.51,24.70,2256413,113027368.00
2015-01-15,24.38,25.14,24.08,24.35,1638392,80848968.00
2015-01-16,24.30,25.13,23.96,25.00,2807830,138283104.00
2015-01-19,24.33,25.54,23.41,23.96,3774517,187097488.00
2015-01-20,23.96,24.86,23.91,24.53,3047343,149921456.00
2015-01-21,24.50,25.74,24.50,25.00,5115202,259872384.00
2015-01-22,24.88,25.46,24.65,24.95,2760135,138645008.00
2015-01-23,25.24,25.24,23.90,24.03,3908540,191323472.00
2015-01-26,23.89,24.70,23.86,24.48,2483650,121874416.00
2015-01-27,24.30,26.94,24.30,26.94,7958763,416238848.00
2015-01-28,27.85,28.85,27.35,27.76,7258660,408293920.00
2015-01-29,27.37,27.75,26.83,27.44,3637933,199283984.00
2015-01-30,27.25,27.59,25.97,25.98,3288856,176157696.00
2015-02-02,25.64,27.70,25.54,27.63,3378097,182890416.00
2015-02-03,27.65,28.19,27.20,27.63,3420693,190718992.00
2015-02-04,27.36,27.63,26.85,26.97,2261670,123151584.00
2015-02-05,26.85,28.75,26.62,27.62,3891584,218917120.00
2015-02-06,27.34,27.85,26.38,26.70,1876469,101042424.00
2015-02-09,26.71,26.97,25.19,25.33,2603428,135853232.00
2015-02-10,25.21,26.20,24.86,25.95,1346687,69151488.00
2015-02-11,25.92,26.58,25.65,26.14,1773956,93353656.00
2015-02-12,25.86,26.50,25.30,25.49,3044815,156588608.00
2015-02-13,25.83,26.13,25.62,26.03,2897037,150618912.00
2015-02-16,26.07,28.04,26.06,27.47,3332501,182664560.00
2015-02-17,27.38,29.25,27.01,28.80,3987840,225636720.00
2015-02-25,28.86,30.29,28.36,28.80,3266509,191991200.00
2015-02-26,29.05,29.22,28.13,28.69,2512848,144313488.00
2015-02-27,29.29,30.39,29.29,29.75,3440918,205857360.00
2015-03-02,28.88,31.52,28.88,30.73,2887298,174790576.00
2015-03-03,30.20,31.25,29.79,29.91,1826438,111266144.00
2015-03-04,29.91,31.90,29.44,31.57,3347285,209009040.00
2015-03-05,31.44,32.26,30.69,31.00,2270814,142612928.00
2015-03-06,31.05,31.60,29.00,29.25,3287701,196228448.00
2015-03-09,30.70,30.85,29.56,29.86,3647011,220835984.00
2015-03-10,29.86,32.19,29.86,31.83,4768343,301858784.00
2015-03-11,31.79,32.18,30.96,31.68,1843673,116385424.00
2015-03-12,31.60,32.20,29.53,30.81,2666158,164775808.00
2015-03-13,30.69,31.10,30.30,30.81,3057003,188233968.00
2015-03-16,31.16,33.85,31.15,32.93,5954581,391309536.00
2015-03-17,33.01,33.85,32.30,32.53,4645735,307105536.00
2015-03-18,32.40,33.60,32.38,33.00,2566621,169791104.00
2015-03-19,33.00,33.00,32.44,32.74,2242886,147181024.00
2015-03-20,32.95,34.28,32.85,33.31,3809991,256417120.00
2015-03-23,33.45,34.60,32.96,34.30,4002313,272807392.00
2015-03-24,34.55,35.70,33.35,35.29,5144000,359131552.00
2015-04-09,38.84,38.84,37.25,38.84,8195049,636743552.00
2015-04-10,39.35,40.79,38.24,39.10,7944447,630802176.00
2015-04-13,38.60,39.85,37.01,37.15,7356415,559154816.00
2015-04-14,36.78,36.80,34.85,35.58,8074895,578362624.00
2015-04-15,35.25,35.25,32.25,32.25,6801120,456646240.00
2015-04-16,31.90,34.04,31.60,32.70,4866499,320837152.00
2015-04-17,33.14,33.65,32.30,32.60,5286186,349491040.00
2015-04-20,32.20,32.75,30.60,30.80,4999244,319530528.00
2015-04-21,30.60,33.60,30.60,33.20,5697600,367921472.00
2015-04-22,33.35,34.54,33.30,33.33,5804800,393478304.00
2015-04-23,33.35,34.25,32.63,34.13,5625366,378982816.00
2015-04-24,33.45,33.95,32.56,33.31,5931690,396521344.00
2015-04-27,33.60,33.80,32.05,32.50,5667156,373549248.00
2015-04-28,32.35,32.82,29.88,30.46,6540194,407189728.00
2015-04-29,30.45,32.34,30.45,31.94,5698698,362757088.00
2015-04-30,32.29,33.12,32.01,32.15,5921796,387824704.00
2015-05-04,31.90,32.83,31.86,32.45,3737132,244105520.00
2015-05-05,32.30,32.55,30.60,31.00,4582719,287997408.00
2015-05-06,31.24,32.15,31.05,31.18,4038814,256384144.00
2015-05-07,31.15,32.15,30.87,31.35,3106646,196711136.00
2015-05-08,31.69,34.34,31.69,34.00,6856486,455864000.00
2015-05-11,34.00,35.71,33.50,35.43,7580080,531011904.00
2015-05-12,35.43,35.55,33.90,35.06,8073454,563082880.00
2015-05-13,34.30,34.45,33.45,33.57,8057548,548051136.00
2015-05-14,33.55,35.20,33.35,34.85,6322416,432565792.00
2015-05-15,34.55,34.55,33.36,33.86,4802641,325934336.00
2015-05-18,33.95,37.26,33.95,37.00,10079252,728867968.00
2015-05-19,36.75,38.50,35.35,37.93,9676049,715268992.00
2015-05-20,37.85,40.70,37.85,38.27,7662474,604456768.00
2015-05-21,38.26,41.36,38.12,41.35,8598308,685352448.00
2015-05-22,41.38,42.25,39.38,41.09,7509414,613564544.00
2015-05-25,39.55,41.60,39.24,40.75,5776153,470130752.00
2015-05-26,41.05,42.64,41.05,42.20,5761878,485659712.00
2015-05-27,42.25,43.84,41.11,41.66,7166507,609275200.00
2015-05-28,41.35,45.50,40.96,41.35,8885470,772306048.00
2015-05-29,41.08,45.50,39.91,45.46,9481042,820989184.00
2015-06-01,46.60,47.75,45.79,46.96,6448215,603717248.00
2015-06-02,49.69,51.67,48.38,50.79,8879207,891936960.00
2015-06-03,50.85,52.35,48.85,49.80,6021537,607598976.00
2015-06-04,49.48,50.60,44.81,46.85,7331129,687937920.00
2015-06-05,47.70,49.10,44.80,46.78,6528848,615108544.00
2015-06-08,46.35,47.59,43.00,44.29,6649423,598164800.00
2015-06-09,44.32,45.60,43.68,44.80,4763737,426381280.00
2015-06-10,44.00,46.00,42.01,45.01,11779115,525539712.00
2015-06-11,44.68,44.86,43.68,44.15,9054656,399443808.00
2015-06-12,44.80,45.60,43.90,44.88,9320735,417580256.00
2015-06-15,44.89,45.55,40.45,40.74,13103483,554968320.00
2015-06-16,40.67,42.66,36.85,40.00,14147325,558904704.00
2015-06-17,40.23,41.60,38.62,40.91,8179041,330588480.00
2015-06-18,41.39,41.39,37.01,37.25,9904888,387709760.00
2015-06-19,36.30,36.40,33.53,33.70,12131319,420802336.00
2015-06-23,33.83,35.48,32.01,35.15,11761094,400339232.00
2015-06-24,35.50,35.98,33.12,34.45,12360857,428157600.00
2015-06-25,34.70,34.97,31.96,32.50,9218055,309018496.00
2015-06-26,31.46,31.46,29.25,29.25,8964858,268937472.00
2015-06-29,30.24,30.24,26.33,26.33,14860937,400776672.00
2015-06-30,25.18,28.96,23.70,28.50,23358633,605816704.00
2015-07-01,27.86,29.50,26.01,26.21,18374680,522839616.00
2015-07-02,25.90,27.50,23.80,25.05,16715157,432786368.00
2015-07-03,24.00,26.70,22.60,24.80,16880777,417187200.00
2015-07-06,27.28,27.28,22.32,23.42,21204842,519352512.00
2015-07-07,22.25,22.80,21.08,21.08,7791777,166748896.00
2015-07-08,18.97,22.80,18.97,21.79,42271186,866676224.00
2015-07-09,21.79,23.97,21.00,23.97,24694027,575429824.00
2015-07-10,25.68,26.37,25.50,26.37,7770063,202778784.00
2015-07-13,28.78,29.01,27.30,29.01,19819612,565892480.00
2015-07-14,29.48,31.60,28.50,29.74,32117960,967875648.00
2015-07-15,28.50,28.90,26.77,26.77,20123910,551444352.00
2015-07-16,24.40,28.46,24.35,27.40,14178816,377513472.00
2015-07-17,27.56,30.00,27.45,29.60,13580505,393597952.00
2015-07-20,30.00,30.68,28.18,29.43,16710845,495462848.00
2015-07-21,28.75,30.00,28.30,29.28,12536852,365399936.00
2015-07-22,29.35,30.37,28.88,30.02,15129079,450486752.00
2015-07-23,29.80,31.09,29.40,31.07,17832194,541561856.00
2015-07-24,31.28,31.83,29.41,29.65,17576665,543878144.00
2015-07-27,28.55,29.86,26.69,26.69,13001584,368427264.00
2015-07-28,24.31,26.70,24.02,24.60,13273479,330001952.00
2015-07-29,25.25,26.65,23.70,26.65,14964372,376742464.00
2015-07-30,26.00,27.00,25.00,25.18,11110607,292763648.00
2015-07-31,24.40,25.49,23.77,24.24,8786939,215879344.00
2015-08-03,23.35,23.79,21.83,22.00,9155412,207450592.00
2015-08-04,22.38,24.20,22.38,24.20,10743983,251792384.00
2015-08-05,24.15,25.75,23.99,24.65,12995586,322897984.00
2015-08-06,23.91,25.40,23.70,25.00,9019309,223713712.00
2015-08-07,25.20,26.97,25.20,26.80,11185801,292348032.00
2015-08-10,27.02,28.39,26.60,28.10,12720304,351647648.00
2015-08-11,27.80,28.20,27.13,27.37,13375027,370471104.00
2015-08-12,26.96,27.60,26.00,26.04,9837925,264193280.00
2015-08-13,26.00,27.14,25.80,27.12,8060897,213732224.00
2015-08-14,27.30,27.65,26.68,26.92,8735471,238074128.00
2015-08-17,26.51,26.85,25.45,26.40,8897546,232562864.00
2015-08-18,26.50,27.22,23.76,23.76,11399047,292339584.00
2015-08-19,22.89,24.80,21.77,24.41,10291939,239978176.00
2015-08-20,24.03,26.85,23.50,25.11,14015728,356211424.00
2015-08-21,24.28,24.60,22.80,22.86,9607317,226177024.00
2015-08-24,21.80,22.00,20.57,20.57,5991470,124935464.00
2015-08-25,18.52,19.45,18.51,18.51,7730486,144839760.00
2015-08-26,18.50,19.35,16.78,16.80,14134855,254543328.00
2015-08-27,17.30,17.95,16.63,17.89,9476119,165038832.00
2015-08-28,18.37,19.50,17.99,19.42,10096702,186609120.00
2015-08-31,19.00,19.17,18.00,18.05,8106952,150827600.00
2015-09-01,18.00,18.20,16.25,16.29,8338868,139978224.00
2015-09-02,15.39,17.29,15.12,15.90,8149706,131769592.00
2015-09-07,16.40,17.35,16.31,16.85,9183878,155421664.00
2015-09-08,16.80,18.38,16.61,18.36,9681297,168187200.00
2015-09-09,18.60,19.70,18.41,19.55,12653346,243026528.00
2015-09-10,19.02,19.56,18.73,18.92,8561957,163991808.00
2015-09-11,18.95,19.60,18.68,19.19,5984432,114460304.00
2015-09-14,19.30,19.41,17.27,17.27,7335426,132274304.00
2015-09-15,16.53,17.27,15.63,15.73,6640204,108841664.00
2015-09-16,16.15,17.30,15.93,17.30,6576915,108900776.00
2015-09-17,17.52,19.00,17.29,17.66,10994869,199953424.00
2015-09-22,20.16,20.16,20.16,20.16,0,0.00
数据来源:通达信
